SAMPLES:	14132
BITSPERSAMPLE:	16
CHANNELS:	1
SAMPLERATE:	16000
NORMALIZED:	FALSE
-67
-22
29
-67
-38
24
-61
-29
9
-59
-18
5
-48
-18
-6
-27
-13
-19
-16
-11
-18
-6
-14
-18
1
-10
-17
-1
-9
-7
-2
-9
0
4
-4
1
8
2
3
7
10
7
7
14
11
11
10
10
15
11
8
16
11
9
17
11
13
14
11
18
9
5
18
14
5
11
10
10
8
3
8
6
0
3
5
-5
-3
5
-4
-9
-5
-6
-8
-9
-14
-10
-15
-14
-11
-20
-17
-15
-23
-18
-20
-28
-17
-23
-31
-22
-22
-28
-26
-21
-23
-27
-22
-21
-24
-19
-22
-22
-14
-17
-19
-13
-13
-12
-11
-9
-5
-6
-5
-2
-1
1
3
5
7
8
11
14
13
15
19
21
20
20
25
26
23
29
27
22
32
31
22
32
30
21
31
28
20
27
26
15
19
22
11
10
19
6
-2
11
1
-8
6
-5
-15
1
-9
-17
-7
-15
-17
-11
-19
-15
-15
-17
-11
-22
-18
-7
-19
-14
-5
-14
-7
-3
-8
-3
2
0
3
3
7
9
8
11
11
14
15
12
18
16
13
21
14
16
25
12
15
24
10
14
22
9
14
17
9
12
10
8
8
4
6
1
-1
6
-6
-6
5
-11
-10
3
-11
-11
-3
-13
-10
-8
-13
-7
-11
-13
-5
-10
-14
-8
-6
-8
-13
-7
-2
-8
-4
-3
-6
0
-3
-6
5
-3
-5
7
2
-3
2
3
4
4
0
6
5
0
5
3
-1
1
0
-2
-2
-3
-3
-4
-4
-4
-8
-4
-2
-10
-8
-5
-12
-9
-8
-11
-9
-10
-12
-9
-8
-11
-9
-8
-9
-8
-6
-9
-8
-4
-5
-7
-4
-5
-4
-2
-3
-3
-1
0
-2
0
1
-3
1
4
-4
-1
4
-2
-2
3
0
1
2
3
1
-1
3
2
0
3
2
-1
6
5
-2
5
8
-4
4
13
-4
3
12
-1
4
7
-1
9
7
-4
5
6
-1
1
1
-1
2
1
-2
-2
3
-2
-5
2
-4
-5
2
-8
-7
2
-7
-6
2
-4
-3
1
-2
-2
2
2
-2
3
7
3
3
13
6
6
15
10
8
15
12
11
14
11
13
14
12
14
13
13
13
8
13
11
3
13
10
-1
7
6
-2
2
1
-2
1
-4
-5
-2
-7
-8
-6
-10
-10
-8
-10
-12
-11
-11
-11
-9
-12
-11
-8
-13
-11
-9
-11
-9
-7
-11
-6
-4
-7
-5
-3
-3
0
0
-3
0
3
1
2
6
4
6
11
6
8
15
11
9
14
14
13
15
13
13
14
12
15
12
11
15
12
10
12
9
7
11
6
3
6
2
-2
0
-2
-7
-4
-5
-10
-9
-12
-13
-12
-16
-16
-14
-18
-21
-17
-20
-19
-18
-22
-20
-15
-20
-19
-12
-17
-19
-10
-12
-15
-7
-9
-9
-7
-4
-7
-6
0
-3
-5
4
1
-3
8
4
2
10
5
6
13
7
8
13
10
12
15
15
14
15
17
15
13
18
17
15
16
14
16
15
12
15
15
12
12
12
12
10
9
7
7
4
3
2
0
-2
-1
-3
-8
-5
-6
-11
-12
-10
-13
-13
-11
-16
-12
-11
-17
-16
-12
-15
-14
-13
-13
-14
-13
-11
-13
-13
-8
-11
-12
-5
-9
-10
-2
-8
-7
-2
-8
-6
-3
-7
-5
-4
-4
-4
-5
-1
-2
-3
1
-1
-1
3
0
2
6
1
6
8
3
10
10
7
17
12
12
21
16
17
24
19
18
22
21
20
21
22
21
19
22
17
17
21
13
12
15
4
4
6
-3
-5
-4
-9
-14
-15
-18
-23
-25
-25
-29
-30
-29
-35
-34
-32
-40
-34
-31
-40
-33
-33
-34
-26
-28
-30
-19
-19
-22
-12
-9
-12
-4
-1
-5
5
10
4
12
18
13
21
24
18
26
28
23
26
30
27
28
29
27
24
23
21
17
22
18
11
18
13
5
12
5
0
4
0
-3
-1
-3
-6
-6
-5
-9
-9
-6
-11
-10
-2
-9
-11
-3
-8
-12
-3
-5
-7
-1
0
-5
1
5
-3
1
5
-1
4
8
3
5
10
7
8
10
9
9
10
10
10
11
10
8
11
8
5
8
7
4
8
6
5
9
7
5
8
7
3
6
8
5
5
9
5
5
10
5
3
7
3
3
5
2
2
4
-1
0
1
0
-2
-2
0
-1
-3
-2
-4
-6
-3
-8
-7
-3
-9
-7
-3
-9
-7
-3
-10
-6
-3
-10
-7
-3
-8
-6
-4
-6
-3
-5
-5
-5
-7
-6
-8
-8
-7
-9
-9
-8
-10
-9
-9
-11
-9
-11
-12
-10
-11
-12
-11
-9
-10
-8
-11
-10
-6
-9
-9
-6
-5
-7
-3
-4
-4
-2
-3
-4
-1
-3
-5
-1
-4
-4
-1
-3
-5
-3
-5
-5
-2
-4
-4
-5
-4
-3
-3
-2
-3
-1
0
-2
-1
3
-1
2
6
0
5
9
2
9
12
7
13
15
11
14
18
12
15
17
14
15
15
15
16
18
14
13
15
12
8
10
8
5
7
4
2
4
1
0
1
-3
-4
-3
-4
-6
-6
-6
-7
-7
-7
-7
-7
-6
-6
-5
-3
-2
-2
-1
1
-1
1
3
3
6
6
6
8
8
10
9
8
10
7
7
8
6
6
7
4
3
5
1
1
-1
-4
-4
-6
-7
-11
-13
-12
-17
-18
-18
-22
-22
-22
-26
-24
-25
-29
-27
-27
-29
-26
-24
-29
-27
-24
-27
-23
-20
-22
-20
-16
-18
-16
-12
-14
-12
-7
-8
-8
-4
-3
-3
0
1
1
4
6
5
8
11
11
13
15
16
16
19
19
19
22
23
21
25
25
24
25
25
24
24
24
22
22
22
19
17
18
15
12
13
11
6
7
5
3
4
1
-1
1
0
-3
-1
-1
-4
-3
-2
-5
-5
-6
-7
-7
-8
-8
-9
-10
-10
-10
-13
-13
-11
-15
-15
-13
-17
-16
-14
-18
-18
-15
-18
-17
-14
-15
-15
-14
-11
-13
-12
-6
-8
-8
-2
-5
-5
1
-1
0
5
4
3
7
8
5
9
12
9
10
12
9
10
12
9
10
11
8
10
9
7
7
7
5
5
4
4
4
2
3
1
1
2
1
4
3
-1
3
2
-3
1
0
-4
0
0
-5
-1
-2
-5
-1
-4
-6
-4
-8
-8
-9
-7
-6
-7
-9
-8
-11
-11
-9
-12
-12
-10
-13
-12
-11
-13
-12
-12
-13
-12
-12
-11
-10
-11
-8
-9
-10
-8
-7
-8
-5
-5
-4
-1
-1
0
3
3
5
7
5
7
7
8
8
8
9
11
10
10
10
8
9
8
8
8
8
6
7
6
6
7
5
5
6
6
7
9
8
10
12
10
12
13
13
14
16
15
16
18
16
16
18
18
17
18
17
16
17
16
13
14
15
10
11
10
5
6
5
1
2
2
-3
-3
-3
-6
-6
-6
-6
-9
-8
-8
-11
-9
-10
-12
-8
-9
-13
-10
-10
-13
-11
-12
-15
-13
-15
-18
-17
-19
-21
-23
-24
-25
-28
-27
-28
-32
-30
-31
-33
-30
-31
-33
-27
-28
-28
-23
-22
-23
-19
-16
-16
-13
-8
-8
-5
0
0
2
5
5
6
9
9
10
13
13
12
14
13
12
14
14
13
13
12
12
13
11
11
11
10
9
9
8
7
7
6
5
4
4
4
4
3
2
1
2
0
-1
-1
-2
-4
-4
-6
-7
-7
-8
-11
-12
-11
-15
-15
-14
-17
-15
-16
-17
-17
-17
-18
-19
-18
-18
-19
-17
-17
-18
-16
-15
-16
-13
-12
-11
-10
-9
-8
-5
-5
-4
-2
-2
0
1
2
3
5
6
6
8
10
9
11
12
12
12
13
11
13
15
13
16
15
14
16
16
14
15
16
15
15
16
15
15
15
14
13
15
14
14
14
14
14
15
15
15
14
15
14
14
13
13
11
11
11
9
9
9
6
4
5
4
1
0
-2
-3
-5
-7
-8
-8
-10
-12
-12
-13
-14
-14
-15
-16
-15
-14
-15
-16
-15
-15
-16
-16
-15
-14
-15
-13
-12
-13
-13
-12
-11
-10
-11
-11
-10
-12
-9
-9
-9
-8
-9
-9
-9
-9
-9
-7
-7
-8
-6
-7
-6
-7
-6
-6
-8
-6
-6
-8
-6
-5
-6
-5
-6
-7
-7
-5
-5
-6
-4
-5
-6
-5
-5
-6
-6
-5
-8
-4
-4
-7
-4
-3
-5
-3
0
-2
0
2
2
3
4
6
6
9
10
9
11
10
11
12
13
13
14
14
13
14
14
13
14
13
12
12
11
11
11
11
10
10
10
9
9
9
9
9
9
9
9
9
8
9
10
9
11
11
12
12
11
12
10
9
9
7
6
7
5
5
5
3
3
2
0
-1
-2
-4
-4
-5
-6
-7
-7
-8
-10
-11
-11
-13
-14
-14
-14
-15
-14
-16
-16
-17
-19
-19
-20
-21
-21
-19
-20
-18
-17
-17
-16
-15
-14
-13
-10
-10
-9
-6
-5
-3
-2
1
1
3
5
3
5
10
9
11
12
13
13
16
17
15
18
18
17
19
20
19
20
22
19
21
23
21
21
23
22
21
24
21
20
23
21
20
21
20
17
17
17
14
13
13
10
9
9
6
3
3
-2
-5
-5
-9
-12
-12
-15
-18
-18
-21
-24
-25
-26
-30
-31
-31
-34
-35
-35
-37
-37
-37
-37
-38
-37
-37
-37
-35
-34
-34
-32
-30
-28
-26
-24
-23
-21
-18
-16
-15
-12
-10
-9
-5
-3
-2
0
3
2
5
7
8
8
10
11
9
12
13
11
14
14
12
13
15
11
12
15
11
11
16
12
11
15
13
10
13
11
7
9
10
5
7
9
2
4
7
-2
-2
3
-5
-7
-4
-10
-14
-8
-10
-16
-12
-14
-22
-18
-16
-24
-18
-12
-19
-18
-11
-17
-19
-13
-18
-24
-19
-22
-27
-19
-16
-23
-21
-21
-32
-31
-30
-34
-36
-32
-34
-38
-33
-32
-34
-32
-28
-34
-33
-25
-27
-27
-17
-19
-25
-16
-13
-19
-8
-3
-11
-4
8
1
8
25
17
14
30
21
13
33
30
14
29
25
2
16
25
5
15
24
-5
-6
7
-18
-24
-4
-25
-37
-15
-25
-37
-10
-11
-34
-16
-14
-35
-12
6
-13
-1
14
-12
-10
9
-9
-12
11
-3
-9
22
22
18
47
47
33
56
69
68
104
135
138
164
192
189
206
236
233
241
268
264
268
293
291
281
285
267
238
234
224
207
206
201
177
159
145
113
89
69
31
-6
-29
-56
-78
-86
-105
-132
-157
-186
-219
-243
-257
-276
-295
-310
-332
-359
-374
-387
-407
-417
-432
-460
-474
-480
-488
-483
-474
-479
-485
-479
-478
-477
-460
-452
-458
-448
-437
-431
-399
-358
-334
-296
-254
-234
-193
-136
-97
-54
-5
23
54
107
152
200
251
275
289
312
327
348
388
410
426
440
438
439
452
459
468
475
466
453
448
448
450
456
456
440
424
422
413
404
397
362
323
296
259
235
229
204
182
168
128
96
78
47
32
19
-15
-36
-51
-71
-69
-66
-91
-117
-136
-171
-179
-162
-162
-159
-139
-146
-157
-137
-144
-160
-140
-139
-153
-127
-116
-130
-107
-93
-120
-120
-120
-152
-138
-112
-133
-122
-114
-161
-155
-146
-187
-163
-158
-197
-154
-139
-156
-92
-103
-128
-84
-134
-152
-96
-136
-101
-35
-103
-64
-42
-144
-82
-68
-168
-74
-57
-114
20
29
-21
78
43
-7
52
-4
-16
40
37
63
76
81
92
52
76
85
-3
20
16
-39
84
111
61
168
132
52
128
61
-15
82
64
22
116
105
50
114
93
-18
39
15
-101
1
18
-55
19
85
6
-27
62
5
-65
20
16
-111
-33
24
-121
24
109
-118
-15
16
-219
14
62
-212
51
31
-199
135
34
-157
138
-89
-188
110
-134
-142
69
-154
-31
116
-94
3
47
-81
53
65
-66
9
26
-13
52
143
60
-43
86
-41
-120
70
-34
-86
62
-46
-82
84
-13
-12
61
-111
-55
-37
-148
27
83
14
91
44
-88
11
58
-72
26
41
-84
47
89
14
87
62
-53
-53
-21
-75
-108
35
47
-96
10
50
-237
-65
93
-306
-21
96
-321
80
188
-152
164
154
-187
92
8
-192
151
-9
86
270
-165
154
82
-273
221
-66
-215
286
-167
-152
424
-170
-9
465
-415
-23
409
-445
114
338
-411
180
276
-264
143
144
-81
73
-48
22
-121
-196
304
-105
-132
366
-283
-118
352
-310
-99
359
-343
-104
214
-294
55
144
-121
43
-15
-97
-49
51
-55
-106
18
-36
-46
78
138
-140
90
129
-429
136
248
-422
380
203
-472
290
72
-316
242
141
-289
48
42
-129
172
-184
59
156
-230
200
-156
3
350
-208
113
164
-204
213
233
-115
160
133
-285
179
-19
-168
386
-181
-16
132
-261
142
-26
-124
85
-4
-90
-34
196
-173
-79
361
-147
84
335
-209
28
244
-62
106
293
-47
-16
179
-115
186
148
-78
114
-34
84
61
67
179
-180
76
162
-377
114
201
-387
71
248
-474
-80
86
-590
24
32
-669
176
-4
-798
326
-165
-697
353
-296
-544
153
-192
-318
208
-19
-66
-85
-136
297
-304
10
377
-619
336
238
-463
786
-62
-317
724
-612
-110
1001
-812
213
778
-835
735
366
-849
959
-34
-910
851
36
-517
845
50
-499
616
30
-106
390
-68
-70
-24
17
58
-10
416
240
-462
334
163
-573
371
-73
-442
247
-152
-12
40
78
-57
-149
52
-326
-337
69
156
-354
109
478
-792
157
504
-847
374
291
-691
315
210
-764
381
387
-397
21
140
-231
-80
152
-3
-120
28
427
-467
19
618
-400
135
508
-731
229
708
-723
257
451
-696
196
398
-426
148
459
-339
-141
163
-168
-306
197
301
-327
30
460
-619
-47
605
-655
51
604
-624
193
496
-622
303
140
-498
531
30
-522
415
-279
-284
667
-479
-23
401
-535
220
107
-403
228
47
-252
230
12
-414
209
193
-380
276
144
-471
455
179
-468
170
89
-318
208
160
-248
288
60
-81
138
-117
-108
159
-184
170
291
-276
302
250
-422
145
235
-424
16
251
-258
-154
536
-307
-335
713
-327
-463
619
-377
-479
586
-104
-463
487
2
-473
292
64
-405
144
107
-299
-103
122
-196
-110
261
-68
-235
143
-237
19
126
-333
303
-386
67
362
-408
360
93
-339
155
118
-301
64
126
-222
323
139
-372
406
98
-272
162
121
-469
214
329
-502
452
433
-445
264
91
-448
107
271
-188
131
280
-230
180
291
-244
-100
280
-265
29
261
-286
230
503
-467
217
181
-603
317
-84
-221
355
-234
-93
14
-300
177
13
-630
249
211
-659
256
396
-505
320
384
-608
14
620
-538
-251
954
-653
-146
960
-877
37
796
-812
8
627
-507
-14
378
-204
54
257
71
-42
89
52
17
-20
208
-26
-57
102
-19
-25
146
59
-111
311
-338
-58
282
-410
136
396
-392
182
173
-434
54
231
-142
-131
104
-160
-136
-153
119
-214
-116
164
-86
-341
24
41
-367
219
40
-307
67
234
-265
-157
98
75
-180
59
417
-459
70
547
-640
-37
628
-637
167
498
-448
202
312
-501
340
201
-365
608
-166
-431
906
-562
-440
968
-555
-429
849
-272
-514
731
-227
-649
669
-121
-538
458
152
-407
184
450
-466
71
654
-887
236
440
-759
401
363
-699
322
73
-364
32
232
83
-372
176
155
-483
131
398
-542
100
555
-445
-130
657
-279
-202
419
-347
-419
248
-53
-63
288
152
-97
180
-186
-97
165
-421
247
497
-487
416
401
-594
234
206
-402
189
286
-393
20
281
-265
30
571
-370
-155
455
-493
-206
541
-500
-64
829
-691
-24
809
-703
-114
859
-560
-258
736
-551
-231
549
-350
-142
366
-148
-205
427
-224
-53
304
-356
279
-213
-371
340
-35
-207
303
-25
-281
440
-10
-340
267
-250
-185
187
-132
180
-53
-35
453
-407
13
569
-578
97
429
-769
41
501
-554
328
420
-604
322
234
-427
108
18
-398
39
-18
21
180
-243
167
16
-200
331
29
-186
-29
-67
-81
-25
181
9
-116
192
-75
-20
398
-178
-53
267
-264
-48
281
-483
-44
466
-472
77
452
-385
138
325
-391
30
145
-281
105
-65
-227
154
-129
-80
199
-84
-30
148
-169
-66
211
-132
-113
41
-168
-141
33
109
-3
72
193
-75
-92
78
-106
-232
103
-36
-193
137
75
-100
138
137
-43
81
68
-146
9
99
-91
18
90
-71
22
128
3
-3
94
-69
-109
-9
-70
7
113
73
136
161
121
111
5
-23
-58
-82
-39
-57
-29
46
42
108
118
51
104
91
45
97
48
0
18
-3
-53
-7
-17
-47
56
55
15
115
59
-1
115
43
-33
37
-38
-101
-9
-84
-94
-50
-78
-64
-22
-13
-23
8
-4
-21
42
2
-11
18
-55
-76
-69
-86
-70
-48
-17
-47
-44
20
-44
8
42
-18
13
29
-12
21
11
-52
-18
-24
-32
-6
-33
-4
10
10
17
29
6
-11
-8
-7
-4
-24
27
0
-16
41
16
2
36
42
13
32
42
8
-11
25
-11
-14
31
-6
-34
20
1
-86
26
-3
-88
43
-1
-72
40
-26
-84
-1
-63
-57
2
-37
2
1
-27
21
-9
-34
11
-30
-36
-13
-15
-27
32
36
18
38
26
12
22
52
15
28
57
9
35
54
44
38
51
76
60
66
58
60
94
64
50
85
44
31
22
10
-39
3
-4
-31
-8
-17
-22
-7
10
-43
-45
-32
-71
-37
-51
-92
-22
-71
-61
16
-42
-28
3
-60
-23
-24
-69
-48
-72
-93
-47
-65
-67
-34
-21
-40
-8
26
1
18
18
-7
7
-10
-13
25
-2
19
7
12
28
25
49
35
16
61
54
61
100
54
37
66
13
26
24
-7
12
18
-2
39
36
-4
29
30
-4
37
0
-27
18
0
0
-14
-19
-18
-29
-18
-36
-36
-33
-35
-17
2
-24
14
18
-19
-4
10
-33
8
3
-53
-27
-4
-31
9
17
-32
26
27
-16
61
34
1
49
-22
-17
15
-16
14
-5
-11
-6
-11
25
-16
-7
11
-29
-14
-19
-28
-21
-20
18
-23
2
24
-36
14
-9
-31
0
-53
-19
0
-20
-11
14
7
6
18
10
-19
7
-8
-52
-3
19
-22
15
26
-7
31
45
-11
11
30
-5
30
75
50
21
81
42
-3
84
29
15
100
29
22
71
44
46
50
17
17
11
39
1
-4
31
-9
14
10
23
5
-6
8
-1
-14
12
-21
-13
19
-21
0
-4
-56
-47
-46
-58
-26
-21
-55
-17
-38
-60
-37
-46
-56
-59
-58
-47
-68
-47
-14
-61
-28
2
-51
-50
-7
-39
-50
-12
-24
-2
31
26
32
25
16
18
-7
27
-17
-28
25
-11
-20
37
-26
11
47
-28
12
39
-1
23
57
0
55
46
34
72
49
31
41
-7
7
9
-17
24
-11
-41
-7
-25
-26
0
-17
-8
7
2
12
-32
-24
-19
-21
9
-8
9
0
25
3
18
16
-5
13
-11
12
1
-7
43
6
7
41
-27
-3
4
-34
12
-5
-46
-3
-9
-41
-5
-16
-16
-6
-18
-6
-29
-20
-34
-25
-20
-35
-1
-3
-4
9
-32
8
16
-22
5
3
-30
-10
8
-5
18
3
-1
20
6
8
18
-6
27
-14
18
22
-64
17
-10
-54
35
-20
-24
44
-14
-6
33
13
-27
19
10
-7
18
16
22
18
28
37
-2
6
23
0
24
30
29
26
31
25
19
32
27
1
35
17
9
33
25
-21
11
39
-11
26
34
-26
37
17
-50
40
18
0
46
-11
-25
-3
-67
15
4
-22
20
-15
14
25
-17
5
17
-51
4
11
-56
-5
-19
-86
-8
-33
-56
-15
-20
-30
-15
19
-35
-29
13
-49
-41
-4
-28
-8
7
-9
7
16
17
-3
21
6
-33
17
-3
-26
14
-8
-13
-3
-11
-22
-21
-12
1
4
18
2
0
9
-2
-20
-23
3
-29
-8
36
-14
18
29
-6
7
34
-3
-9
30
0
0
35
10
20
8
3
5
-9
9
-2
31
21
11
27
13
19
17
5
20
8
-2
20
-25
-2
37
-14
1
40
-10
12
51
-17
-12
21
-12
-13
14
-5
-19
4
-24
-28
-17
-18
-17
-30
-19
-15
-20
-27
7
-55
-45
-13
-78
-49
-26
-60
-37
-7
-26
-41
-20
-23
-17
-1
-13
-24
-19
-11
-16
15
11
-20
19
-2
-6
32
11
19
31
38
19
51
53
32
42
40
31
54
41
50
49
16
52
42
16
27
38
10
29
47
0
33
43
-2
24
33
-11
18
43
12
22
31
-10
-20
-5
-28
-14
-9
-15
-33
-16
-25
-45
13
-16
-18
12
-30
-27
-14
-26
-32
-2
-37
-59
-12
-33
-39
16
-10
-25
-12
10
-15
-20
16
-37
-30
28
-13
-14
7
-24
-22
18
1
2
14
18
-2
7
13
7
3
29
13
-8
16
-3
-5
8
-6
-19
3
4
-2
6
-3
-14
-6
-19
-24
-22
-11
-18
-7
6
-7
11
-16
-15
-12
-27
1
-16
6
17
-17
12
3
3
4
4
2
3
19
13
24
37
5
36
29
8
34
3
2
27
11
13
51
0
32
48
22
10
28
19
13
38
-1
-10
5
1
0
7
19
-11
-10
3
-32
-10
5
-17
0
8
-23
-8
-13
-33
-12
-26
-30
-25
-34
-35
-21
-28
-34
-16
-57
-49
0
-58
-18
-9
-46
-10
-20
-45
-6
-11
-40
-8
-19
-44
-11
-20
-47
5
-18
-6
18
-10
-23
9
-9
-24
-25
-23
-43
-34
-15
-34
-22
9
-30
-4
15
-39
-14
6
-45
-19
18
-17
9
30
1
22
52
16
25
33
6
-5
22
0
-1
35
18
-12
20
20
-17
-10
-12
-17
-26
12
-17
-33
-11
-60
-49
-17
-32
-30
-1
-34
-45
-28
-38
-72
-47
-75
-75
-78
-114
-88
-101
-108
-70
-42
-54
-8
-19
-36
-24
-22
-53
-71
-70
-94
-81
-86
-101
-53
-47
-53
-14
-9
-11
41
44
52
69
58
63
94
112
99
120
161
149
157
152
165
192
206
270
340
362
668
1825
2274
1674
1347
310
-754
-1272
-1492
-1258
-730
-325
583
1688
1867
1516
822
-365
-1356
-1905
-1955
-1264
-364
444
1049
1128
514
-132
-789
-1394
-1332
-950
-460
266
782
896
797
354
-330
-702
-894
-921
-465
54
449
811
710
219
-171
-612
-902
-827
-524
-137
234
452
344
149
-169
-547
-636
-563
-432
-143
177
334
348
295
87
-125
-295
-428
-362
-102
107
343
571
405
221
85
-313
-362
-191
-180
116
217
158
283
49
-186
-125
-449
-366
-236
-291
-115
7
66
-53
-23
-235
-410
-301
-302
-307
22
225
17
125
13
-251
-144
-229
-204
-76
-380
371
775
-167
-101
-256
-463
-24
-22
277
787
809
577
594
520
307
283
-79
-329
-187
11
175
285
449
376
162
-269
-434
-284
-46
-60
52
-80
-23
143
-57
-72
-149
48
55
65
-22
-39
110
99
39
-38
-119
31
38
-103
-15
155
133
86
-209
-197
-205
233
914
620
425
616
149
86
138
2
357
236
-250
-214
-178
14
55
-415
-430
-521
-350
-231
-123
297
166
223
-61
-654
-261
-154
29
58
243
330
233
439
-13
182
88
-36
15
-276
-81
-63
311
-24
-233
-252
-446
-361
-293
-219
-121
147
-154
-187
-161
-226
-65
-39
-214
-131
-69
-157
61
43
-5
-62
-124
-201
-271
-43
25
36
87
-95
-142
-65
-89
-130
-169
-165
-20
85
17
90
127
96
52
-62
19
99
159
268
207
124
212
210
-61
37
127
-83
42
-40
-245
34
175
-46
33
82
-169
-76
38
-70
63
89
13
93
114
-26
1111
1331
112
546
406
20
107
13
-113
-112
-429
-691
-213
-71
-104
-184
-583
-394
419
347
146
400
328
56
87
-9
21
338
155
-64
33
147
223
175
-272
-532
-416
-505
-569
-328
-99
-37
-40
-294
-461
-294
-155
-244
-346
-272
-102
141
127
-41
-5
95
58
-48
-96
29
305
250
39
25
103
86
-6
-192
-303
-139
-70
-167
-230
-93
33
-68
-230
-326
-156
93
115
91
158
285
335
221
72
80
260
240
130
119
205
364
317
101
-33
45
53
-71
-146
-103
54
199
123
44
148
211
89
-89
-163
-59
146
167
72
114
236
229
91
-10
-29
62
18
-132
-131
-55
-8
-72
-251
-295
-147
-135
-239
-216
-136
-95
-81
-170
-290
-235
-159
-193
-256
-194
-136
-173
-216
-280
-303
-333
-358
-431
-426
-323
-267
-232
-227
-185
-183
-177
-274
-415
-431
-434
-471
-461
-462
-502
-460
-438
-538
-569
-507
-478
-389
-325
-218
-146
-81
-73
-135
-91
-30
58
109
63
71
89
95
129
153
180
246
321
325
381
485
542
614
663
685
711
696
614
576
597
639
745
750
743
766
744
687
603
574
558
598
660
656
718
756
753
757
638
519
441
418
363
325
352
337
339
337
285
188
123
57
-19
-40
-26
-16
-70
-73
-101
-144
-173
-232
-257
-322
-388
-433
-495
-572
-638
-640
-638
-677
-678
-700
-795
-882
-926
-1036
-1100
-1069
-1026
-1017
-995
-998
-1111
-1207
-1304
-1428
-1534
-1562
-1527
-1478
-1394
-1350
-1299
-1283
-1289
-1305
-1381
-1452
-1469
-1444
-1457
-1353
-1211
-1137
-1055
-947
-833
-748
-579
-426
-299
-81
457
1290
2091
2727
3094
3306
3154
2950
2757
2380
2405
2697
2720
2522
2355
2020
1620
1224
826
472
212
206
177
164
319
604
793
796
848
756
601
542
529
640
931
1202
1210
1086
885
660
608
413
203
247
330
328
274
239
132
142
104
-82
-229
-328
-314
-253
-255
-130
75
88
48
71
7
-29
49
55
-8
21
130
73
-57
-75
-85
-204
-278
-388
-530
-550
-527
-583
-680
-685
-654
-679
-761
-797
-815
-807
-771
-778
-823
-849
-845
-863
-865
-872
-830
-890
-1037
-1124
-1286
-1404
-1418
-1451
-1514
-1513
-1518
-1587
-1620
-1610
-1587
-1557
-1491
-1427
-1471
-1516
-1542
-1702
-1858
-1946
-2060
-2119
-2084
-2057
-2012
-1865
-1709
-1600
-1179
-188
1107
2287
3208
3864
4078
4009
3837
3508
3163
3177
3270
2912
2478
2313
2047
1544
1115
674
38
-336
-418
-544
-396
108
623
829
890
952
924
854
880
999
1069
1188
1218
1014
832
796
739
579
274
-12
-261
-536
-698
-701
-609
-464
-318
-285
-289
-266
-214
-211
-225
-180
-174
-267
-316
-224
-60
179
352
359
235
82
-41
-184
-249
-176
-38
40
122
291
364
368
324
117
-111
-221
-257
-289
-155
127
329
402
384
323
209
138
131
113
60
118
196
129
175
272
208
64
-83
-222
-429
-547
-595
-702
-766
-735
-776
-820
-764
-689
-597
-602
-611
-625
-664
-690
-657
-663
-770
-815
-932
-1178
-1348
-1417
-1451
-1455
-1450
-1461
-1500
-1536
-1485
-1429
-1346
-1231
-1189
-1183
-1245
-1230
-1262
-1346
-1382
-1488
-1722
-1916
-2003
-2130
-2188
-2100
-2038
-1793
-940
380
1771
2977
3961
4342
4214
4033
3749
3318
3064
3074
2734
2218
2047
1838
1413
1094
817
127
-604
-830
-840
-744
-223
497
838
1038
1372
1410
1206
1233
1280
1034
759
606
476
445
583
718
565
299
12
-408
-848
-1043
-1016
-976
-827
-604
-469
-330
-72
120
221
250
174
21
-76
-55
40
196
351
426
422
317
123
-34
-108
-177
-185
-174
-124
4
193
404
559
672
746
734
538
381
311
228
231
313
322
305
322
260
123
69
2
-103
-201
-246
-208
-164
-10
121
127
77
10
-118
-291
-370
-449
-523
-639
-715
-760
-780
-726
-653
-643
-679
-662
-689
-717
-700
-712
-785
-869
-978
-1104
-1231
-1304
-1353
-1410
-1466
-1498
-1560
-1600
-1573
-1504
-1439
-1370
-1297
-1282
-1233
-1172
-1169
-1236
-1344
-1463
-1663
-1858
-1967
-2032
-2023
-1952
-1961
-1919
-1471
-455
882
2134
3257
4031
4261
4235
4097
3707
3256
2891
2405
1763
1327
1187
1034
904
848
560
-46
-417
-480
-490
-244
194
537
810
1188
1503
1706
1912
2064
1899
1379
872
534
318
254
330
319
178
119
3
-192
-302
-358
-513
-682
-768
-761
-536
-163
201
419
498
438
290
168
86
33
1
52
56
63
173
291
380
348
202
-56
-316
-434
-420
-372
-145
170
324
400
484
488
466
513
347
182
157
118
200
281
295
296
193
-8
-134
-290
-369
-242
-233
-231
-144
-100
-43
85
75
27
-68
-289
-376
-503
-637
-602
-644
-728
-681
-676
-700
-557
-526
-612
-651
-777
-859
-880
-885
-780
-664
-700
-727
-826
-1037
-1130
-1219
-1397
-1483
-1507
-1525
-1443
-1324
-1162
-1020
-1008
-987
-1010
-1151
-1225
-1224
-1371
-1567
-1684
-1901
-2031
-1967
-1955
-2011
-2085
-2103
-1859
-1035
412
1985
3255
4284
4837
4842
4705
4387
3766
3103
2573
1833
1194
1018
1008
992
977
785
187
-356
-562
-595
-489
-173
241
514
837
1305
1659
1849
1990
1795
1206
682
322
69
2
105
59
-129
-231
-325
-479
-582
-646
-840
-1049
-1107
-997
-676
-198
335
590
650
707
639
518
406
275
95
18
-5
11
170
404
537
417
134
-165
-411
-577
-595
-508
-412
-264
-60
127
303
455
483
374
126
-112
-193
-161
-49
125
269
361
494
595
616
568
456
333
141
-60
-141
-131
-75
82
206
223
241
259
196
90
-7
-135
-267
-357
-360
-322
-285
-235
-190
-283
-394
-507
-686
-799
-855
-868
-830
-786
-733
-662
-651
-666
-704
-835
-983
-1118
-1284
-1471
-1587
-1674
-1743
-1726
-1650
-1504
-1347
-1219
-1138
-1139
-1217
-1334
-1462
-1611
-1696
-1688
-1723
-1789
-1909
-2081
-2258
-2411
-2315
-1656
-378
1255
2799
4052
4827
5049
5128
4883
4284
3617
2895
2124
1372
934
817
802
763
593
78
-518
-730
-746
-688
-430
-46
300
659
1097
1604
1989
2183
2199
1790
1167
666
342
24
-206
-391
-632
-789
-835
-741
-679
-647
-666
-767
-925
-916
-622
-268
114
434
665
774
836
934
865
628
376
100
-244
-435
-378
-281
-166
-32
4
-66
-58
38
84
69
57
67
60
171
396
574
699
746
610
370
222
175
207
260
302
391
488
553
628
626
519
413
193
-125
-344
-422
-444
-425
-385
-392
-357
-261
-153
-81
-41
-19
-61
-145
-141
-66
-1
36
-4
-123
-333
-509
-662
-873
-1017
-1081
-1112
-1075
-954
-808
-653
-526
-503
-547
-655
-774
-870
-996
-1061
-1047
-1065
-1103
-1073
-1049
-1046
-1001
-1007
-1053
-1077
-1074
-1009
-1011
-1053
-1094
-1260
-1532
-1802
-2105
-2459
-2642
-2577
-2469
-2380
-2233
-1890
-965
570
2284
3700
4658
5061
5092
4933
4448
3788
2927
2005
1102
298
-101
-21
202
243
150
-246
-638
-576
-357
-153
209
610
938
1362
1852
2341
2643
2539
2098
1361
519
-37
-317
-619
-801
-861
-957
-904
-679
-438
-290
-208
-281
-432
-458
-266
173
532
796
1052
1125
1083
1042
842
459
124
-246
-594
-746
-699
-481
-233
-73
32
134
139
159
200
123
75
132
185
264
460
628
718
707
572
385
224
103
-16
-126
-235
-203
-77
86
318
515
581
475
243
-55
-236
-292
-321
-309
-277
-199
-18
189
295
343
284
136
-15
-181
-259
-223
-167
-167
-195
-251
-296
-339
-453
-609
-821
-1014
-1178
-1241
-1167
-1040
-855
-740
-677
-667
-683
-723
-836
-984
-1166
-1300
-1361
-1361
-1227
-1037
-886
-799
-822
-944
-1120
-1260
-1438
-1627
-1713
-1821
-1945
-2031
-2076
-2080
-2139
-2128
-2183
-2343
-2421
-2374
-1900
-744
990
2631
3973
4945
5230
5272
5051
4368
3451
2426
1342
386
-137
-191
65
321
444
351
33
-93
31
50
122
348
468
779
1356
1953
2479
2754
2619
2062
1370
683
166
-272
-660
-836
-964
-858
-501
-127
138
248
111
-170
-305
-318
-161
87
287
432
564
730
845
870
718
404
-77
-539
-773
-791
-645
-438
-214
-119
51
304
472
568
537
396
147
-19
-33
70
222
342
381
241
93
45
-31
-158
-220
-326
-435
-309
-63
179
436
591
578
487
338
192
65
-139
-275
-345
-409
-278
-26
92
170
224
109
-10
-98
-203
-258
-260
-274
-241
-200
-203
-133
-163
-367
-565
-799
-1025
-1106
-1100
-1097
-1021
-901
-813
-678
-579
-546
-546
-654
-823
-968
-1130
-1264
-1279
-1320
-1336
-1219
-1105
-1007
-851
-757
-787
-848
-1004
-1197
-1380
-1590
-1843
-2120
-2330
-2430
-2452
-2504
-2514
-2538
-2682
-2529
-1646
-62
1767
3423
4652
5204
5368
5413
5043
4196
3166
2090
935
53
-194
-12
231
434
459
56
-292
-177
-61
-86
43
218
394
876
1571
2194
2604
2693
2356
1644
916
420
-6
-498
-835
-1056
-1198
-982
-564
-261
-54
20
-189
-435
-498
-413
-148
111
304
522
750
982
1167
1163
899
544
107
-361
-609
-608
-518
-376
-241
-163
-40
131
306
360
219
35
-105
-192
-176
20
180
227
312
278
186
208
249
168
72
42
45
157
361
590
692
709
703
576
396
239
50
-216
-435
-548
-534
-409
-205
0
68
112
182
174
117
139
130
75
92
67
51
42
-54
-218
-460
-757
-1006
-1172
-1340
-1367
-1320
-1275
-1112
-934
-820
-734
-714
-818
-922
-1000
-1053
-1041
-1066
-1094
-1043
-942
-828
-676
-666
-780
-864
-1059
-1241
-1365
-1513
-1659
-1793
-2013
-2190
-2226
-2388
-2532
-2568
-2641
-2690
-2687
-2755
-2615
-1748
-156
1720
3326
4613
5504
5775
5725
5402
4490
3291
2257
1109
-24
-490
-358
-128
31
128
-57
-382
-373
-177
-174
-22
489
930
1385
2098
2800
3181
3251
2951
2151
1242
568
8
-550
-915
-1038
-1073
-934
-607
-287
-70
125
122
-108
-212
-123
52
263
513
705
850
992
989
810
522
194
-230
-661
-885
-889
-730
-473
-199
-35
85
233
272
173
59
-44
-184
-290
-293
-194
-66
76
172
149
75
50
60
5
20
101
138
218
311
369
387
399
333
127
-121
-321
-445
-530
-519
-396
-219
-16
212
409
540
675
712
565
374
215
43
-46
-67
-129
-183
-303
-469
-646
-876
-1051
-1150
-1255
-1303
-1213
-1094
-939
-703
-596
-595
-586
-642
-709
-737
-767
-836
-906
-997
-1086
-1126
-1162
-1159
-1153
-1237
-1351
-1460
-1615
-1708
-1730
-1748
-1847
-2018
-2172
-2301
-2328
-2288
-2228
-2280
-2422
-2527
-2669
-2478
-1474
229
2007
3548
4806
5419
5622
5655
5135
4130
3067
1993
839
6
-213
-32
209
344
286
-97
-413
-289
-183
-231
60
469
793
1356
2079
2667
3050
3137
2656
1820
1028
436
-90
-680
-1005
-1156
-1226
-1046
-716
-463
-282
-136
-284
-514
-521
-309
18
348
664
902
1073
1190
1214
1049
735
343
-141
-614
-878
-841
-669
-440
-243
-67
106
230
383
444
384
268
208
91
33
232
335
319
237
60
-106
-152
-133
-143
-155
-158
-33
112
267
545
695
646
572
397
138
36
-45
-171
-210
-225
-216
-112
60
212
324
276
169
64
-63
-48
-11
-72
-154
-218
-339
-417
-433
-568
-730
-910
-1119
-1237
-1256
-1220
-1128
-1023
-994
-979
-932
-906
-891
-866
-915
-1050
-1255
-1489
-1612
-1613
-1536
-1416
-1309
-1294
-1304
-1238
-1193
-1112
-1038
-1094
-1301
-1560
-1769
-1967
-2093
-2221
-2384
-2556
-2734
-2861
-3015
-3229
-3025
-1747
203
2116
3809
4963
5528
5929
6030
5420
4505
3532
2353
1173
346
99
253
397
357
91
-455
-772
-600
-449
-276
146
557
972
1706
2481
3031
3407
3361
2777
1842
967
388
-91
-562
-876
-1084
-1212
-1022
-775
-675
-486
-381
-547
-659
-518
-215
283
762
1022
1192
1295
1294
1139
824
420
-20
-483
-824
-948
-908
-643
-380
-312
-256
-189
-185
-133
-68
-135
-174
-122
-52
48
183
294
259
98
-92
-232
-313
-222
-35
65
204
385
524
603
656
631
448
227
44
-110
-204
-138
-40
-47
-36
-14
-6
27
93
134
148
161
202
254
298
429
547
497
345
161
-108
-380
-567
-790
-1035
-1208
-1298
-1371
-1412
-1352
-1272
-1225
-1169
-1091
-1061
-1015
-909
-843
-855
-886
-912
-956
-966
-930
-945
-1072
-1246
-1482
-1766
-1911
-1865
-1781
-1752
-1756
-1851
-2014
-2125
-2158
-2175
-2237
-2379
-2590
-2768
-2808
-2739
-2602
-2013
-587
1316
3100
4600
5647
5994
5863
5352
4427
3444
2604
1752
897
423
462
613
552
410
76
-595
-1097
-1225
-1170
-698
147
869
1512
2244
2850
3163
3127
2777
2157
1301
463
-74
-401
-507
-399
-406
-503
-500
-525
-665
-744
-752
-771
-685
-471
-91
446
1016
1421
1507
1383
1127
740
261
-120
-407
-684
-797
-798
-745
-555
-292
-191
-219
-230
-302
-360
-263
-27
236
498
698
753
699
596
484
283
90
38
54
84
216
425
540
622
628
475
284
118
-24
-157
-197
-136
-49
24
135
282
336
365
365
258
165
128
101
84
102
129
138
73
-51
-184
-417
-689
-919
-1178
-1418
-1541
-1612
-1664
-1612
-1521
-1425
-1327
-1218
-1093
-1025
-980
-948
-953
-1047
-1161
-1284
-1445
-1495
-1513
-1546
-1562
-1534
-1529
-1606
-1641
-1690
-1760
-1798
-1829
-1929
-1990
-2008
-2233
-2434
-2431
-2439
-2644
-2844
-3062
-3252
-2578
-764
1569
3622
5319
6340
6346
6030
5514
4675
3757
3143
2365
1261
837
913
926
748
501
-114
-1125
-1659
-1835
-1718
-979
191
1123
1683
2397
2899
3017
3032
2833
2220
1408
759
147
-253
-131
88
-26
-275
-565
-985
-1333
-1406
-1325
-1187
-836
-431
-70
410
1005
1476
1531
1327
911
361
-36
-234
-249
-239
-210
-253
-448
-595
-622
-562
-622
-665
-560
-495
-301
133
633
1006
1250
1300
1000
629
387
148
-88
-182
-125
-95
-1
245
406
449
472
379
102
-89
-49
-7
86
296
408
369
287
199
60
-52
-111
-239
-353
-316
-180
-79
1
82
51
-45
-147
-265
-355
-408
-464
-584
-708
-812
-940
-1067
-1171
-1237
-1311
-1360
-1343
-1333
-1291
-1230
-1210
-1233
-1235
-1234
-1291
-1300
-1291
-1297
-1290
-1275
-1255
-1272
-1311
-1428
-1582
-1796
-2088
-2266
-2320
-2297
-2201
-2063
-2072
-2192
-2208
-2208
-2310
-2465
-2625
-2784
-2400
-922
1205
3175
4755
5800
5974
5620
5023
4153
3332
2891
2551
1924
1461
1322
1226
949
512
-77
-940
-1627
-2036
-2063
-1436
-303
841
1603
2212
2566
2687
2639
2347
1985
1578
1233
826
498
465
538
518
269
-90
-606
-1163
-1548
-1741
-1597
-1108
-469
41
400
699
905
997
977
855
645
406
165
26
61
218
321
244
21
-319
-590
-759
-867
-794
-524
-193
-6
205
441
560
639
588
444
273
195
104
-6
104
271
417
486
501
495
463
457
359
293
233
131
30
-88
-124
-143
-157
-218
-268
-258
-267
-213
-156
-89
27
155
229
233
267
242
140
18
-147
-333
-550
-780
-1039
-1290
-1463
-1623
-1716
-1717
-1613
-1436
-1292
-1210
-1262
-1381
-1517
-1608
-1630
-1642
-1581
-1483
-1386
-1332
-1309
-1302
-1293
-1292
-1380
-1515
-1623
-1680
-1774
-1862
-1972
-2118
-2278
-2446
-2486
-2506
-2491
-2566
-2692
-2786
-2630
-1677
-81
1864
3603
4782
5267
5241
5061
4406
3721
3385
3272
3090
2821
2685
2303
1886
1321
430
-400
-914
-1252
-1737
-1777
-1333
-757
-19
676
1172
1407
1585
1529
1322
1450
1727
1883
1898
1903
1755
1464
1220
798
261
-195
-590
-1004
-1263
-1194
-986
-738
-515
-360
-276
-219
-169
-179
-119
65
304
491
633
788
854
776
561
320
63
-181
-337
-445
-433
-312
-167
-62
15
86
53
-8
-21
-11
4
33
61
34
84
193
233
311
380
370
347
349
345
346
387
364
307
209
70
-63
-250
-366
-389
-369
-360
-372
-362
-347
-316
-350
-378
-380
-337
-265
-221
-113
-23
-5
-60
-183
-372
-603
-817
-1048
-1215
-1319
-1383
-1383
-1379
-1365
-1388
-1454
-1528
-1609
-1693
-1747
-1686
-1558
-1416
-1253
-1094
-925
-787
-711
-735
-834
-902
-994
-1148
-1292
-1318
-1256
-1225
-1279
-1421
-1532
-1591
-1631
-1688
-1717
-1644
-1430
-1007
-326
531
1300
1895
2271
2454
2520
2428
2299
2275
2403
2558
2662
2703
2719
2691
2385
1914
1384
871
471
65
-308
-553
-615
-639
-666
-633
-582
-521
-576
-625
-587
-419
-72
218
482
740
926
1005
995
979
1024
1049
786
617
682
710
748
629
461
551
742
697
648
767
881
999
911
738
708
702
667
575
459
347
201
-44
-210
-255
-269
-226
-282
-322
-329
-503
-653
-746
-887
-970
-1157
-1053
56
902
125
-1317
-2186
-1800
-326
387
-165
-489
-496
-654
-601
-487
-549
-708
-1108
-1307
-799
-180
-79
-560
-1112
-1127
-781
-341
131
271
-42
-459
-620
-143
649
960
760
335
24
48
141
159
214
79
-269
-386
-216
93
266
35
-307
-346
-111
56
49
-5
-49
-157
-188
37
285
408
254
-148
-382
-263
-65
-27
-79
-140
-235
-344
-365
-336
-299
-225
-275
-297
-90
31
-63
-188
-405
-544
-480
-549
-660
-733
-913
-1001
-985
-1033
-891
-727
-773
-675
-581
-522
-216
-76
-133
-54
-47
-58
23
-118
-304
-400
-590
-571
-437
-399
-303
-296
-360
-202
41
83
-19
-45
-38
29
186
237
232
370
491
453
436
336
193
217
239
227
234
302
411
459
468
436
444
540
557
428
481
588
574
661
672
715
936
962
858
912
967
986
1052
1025
1097
1221
1140
1012
869
740
611
380
176
139
157
186
191
159
237
269
194
191
143
73
73
-19
-123
-69
-54
-83
-10
-5
-44
-13
-81
-210
-244
-328
-384
-285
-241
-231
-190
-251
-227
-177
-402
-528
-495
-692
-748
-721
-955
-904
-791
-966
-849
-764
-951
-910
-920
-1071
-929
-820
-917
-834
-792
-827
-764
-721
-683
-678
-728
-820
-867
-753
-704
-871
-1050
-1103
-1056
-908
-863
-979
-1066
-1098
-1037
-937
-884
-813
-724
-766
-766
-608
-491
-307
-120
-37
224
599
806
983
1212
1362
1533
1775
2039
2304
2517
2612
2589
2528
2413
2212
1975
1787
1591
1364
1204
1076
1037
1027
910
752
613
515
374
184
30
-63
-132
-196
-239
-282
-340
-444
-588
-674
-688
-699
-735
-724
-633
-502
-382
-314
-231
-102
18
95
118
136
183
217
234
298
362
379
363
299
269
295
307
330
350
349
376
350
285
244
170
119
59
-54
-96
-123
-171
-155
-97
-79
-9
97
84
46
-42
-143
-155
-191
-260
-309
-307
-240
-212
-215
-188
-252
-321
-285
-349
-426
-432
-530
-560
-449
-424
-429
-439
-540
-541
-519
-638
-760
-875
-1024
-1216
-1319
-1270
-1242
-1265
-1351
-1449
-1368
-1234
-1263
-1315
-1345
-1357
-1265
-1175
-1080
-937
-855
-893
-1009
-1050
-998
-1029
-1245
-1516
-1650
-1620
-1417
-1051
-728
-559
-376
-90
275
648
857
964
1185
1465
1709
1887
2093
2402
2555
2557
2576
2605
2773
2817
2545
2390
2393
2338
2260
2057
1834
1801
1701
1411
1123
849
516
95
-350
-637
-771
-854
-1009
-1189
-1184
-1092
-1075
-1093
-1124
-1132
-1057
-974
-902
-726
-520
-413
-354
-245
-99
13
65
12
-24
61
151
188
220
272
324
376
417
436
471
470
371
291
274
227
171
121
60
14
-4
-17
-40
-32
6
34
55
131
183
179
220
230
183
160
130
79
72
102
118
184
293
359
376
381
339
277
270
209
137
128
93
15
-63
-128
-180
-166
-174
-241
-285
-374
-503
-618
-728
-798
-822
-872
-926
-922
-907
-888
-901
-960
-1010
-1086
-1150
-1188
-1262
-1281
-1262
-1267
-1205
-1134
-1129
-1089
-1080
-1119
-1093
-1113
-1147
-1098
-1116
-1190
-1214
-1245
-1312
-1405
-1554
-1701
-1771
-1806
-1784
-1626
-1315
-999
-775
-563
-227
258
686
900
1037
1311
1679
1971
2185
2411
2682
2893
2959
2937
2983
3057
2924
2632
2391
2263
2203
2093
1851
1647
1573
1450
1237
1019
774
464
82
-319
-610
-781
-954
-1166
-1322
-1341
-1290
-1267
-1272
-1291
-1321
-1315
-1260
-1179
-996
-749
-550
-327
-51
200
410
580
649
685
759
807
870
955
1020
1054
1053
1018
948
866
733
530
302
129
19
-70
-108
-172
-258
-289
-353
-439
-489
-513
-515
-478
-412
-305
-131
16
121
204
256
252
193
137
82
83
162
235
320
423
456
394
330
234
116
44
-9
-33
-4
42
42
35
12
-62
-122
-209
-355
-519
-695
-851
-949
-1007
-1030
-1009
-997
-1014
-1040
-1053
-1082
-1139
-1185
-1256
-1295
-1238
-1146
-1070
-992
-938
-933
-936
-922
-899
-877
-872
-908
-959
-935
-892
-901
-927
-979
-1077
-1165
-1229
-1285
-1324
-1389
-1498
-1600
-1609
-1475
-1208
-913
-698
-542
-331
48
548
961
1195
1314
1483
1830
2163
2353
2533
2671
2746
2841
2895
2903
2896
2727
2441
2315
2291
2202
2038
1788
1568
1437
1269
1013
731
402
40
-271
-539
-719
-855
-1033
-1181
-1260
-1251
-1213
-1265
-1350
-1393
-1411
-1348
-1178
-981
-742
-489
-295
-85
126
258
346
416
468
522
606
680
711
750
757
720
691
646
550
420
287
168
75
8
-42
-107
-187
-242
-312
-383
-409
-452
-460
-393
-317
-207
-75
17
108
177
180
185
198
191
220
297
360
397
446
487
482
454
411
323
232
164
62
-8
4
1
-45
-79
-140
-264
-356
-436
-557
-634
-688
-777
-829
-836
-865
-880
-875
-905
-927
-941
-965
-982
-1006
-1049
-1089
-1114
-1144
-1149
-1129
-1117
-1079
-1018
-967
-938
-941
-939
-897
-847
-831
-845
-850
-821
-818
-849
-884
-947
-993
-1026
-1128
-1236
-1286
-1341
-1366
-1341
-1258
-1015
-703
-489
-350
-148
190
573
849
981
1112
1379
1670
1890
2121
2343
2489
2566
2572
2551
2576
2557
2414
2278
2229
2202
2106
1950
1775
1584
1398
1173
888
621
382
125
-99
-244
-368
-504
-651
-806
-918
-972
-1047
-1131
-1146
-1120
-1045
-904
-767
-617
-435
-294
-170
-30
70
138
216
300
390
472
522
528
510
489
488
499
533
571
549
541
576
573
539
458
303
168
70
-30
-79
-117
-181
-197
-210
-207
-139
-92
-84
-67
-64
-33
19
37
77
128
165
199
197
164
122
35
-76
-144
-193
-243
-300
-380
-423
-420
-433
-483
-541
-627
-711
-739
-781
-840
-851
-834
-817
-788
-777
-803
-800
-798
-839
-901
-968
-1006
-1032
-1062
-1085
-1107
-1117
-1092
-1087
-1125
-1115
-1078
-1055
-1019
-1005
-1016
-1009
-997
-986
-936
-881
-863
-885
-908
-868
-843
-878
-903
-939
-999
-1047
-1116
-1037
-690
-366
-205
-99
31
331
722
909
960
1077
1248
1473
1736
1998
2261
2470
2543
2519
2562
2640
2530
2321
2179
2082
2052
1985
1752
1561
1455
1243
1014
828
611
376
106
-160
-299
-349
-431
-558
-669
-723
-757
-806
-863
-905
-915
-909
-887
-816
-691
-548
-424
-318
-205
-93
-6
45
81
147
212
272
349
407
442
466
474
498
542
551
541
568
599
605
586
520
424
349
262
124
19
-66
-177
-238
-264
-297
-278
-242
-245
-211
-136
-83
-36
20
67
124
191
233
249
265
265
238
184
100
20
-55
-159
-261
-346
-404
-426
-445
-490
-543
-616
-707
-774
-816
-852
-885
-922
-936
-924
-925
-944
-961
-968
-989
-1057
-1160
-1257
-1306
-1310
-1322
-1341
-1327
-1290
-1232
-1160
-1105
-1071
-1075
-1111
-1124
-1096
-1063
-1038
-998
-952
-931
-932
-938
-954
-953
-991
-1141
-1291
-1301
-1129
-781
-438
-308
-263
-65
307
700
935
977
1020
1244
1550
1811
2110
2448
2709
2831
2844
2868
2938
2898
2678
2450
2367
2362
2274
2042
1792
1628
1457
1180
846
541
275
12
-224
-357
-416
-485
-615
-775
-854
-858
-906
-1011
-1085
-1116
-1084
-1009
-937
-813
-642
-512
-420
-321
-224
-119
-31
46
181
329
438
526
586
614
612
578
521
483
456
406
365
374
437
476
461
440
391
304
219
127
35
-19
-102
-205
-227
-224
-236
-229
-226
-211
-164
-142
-146
-112
-52
7
56
103
155
186
200
193
182
192
165
71
-43
-137
-221
-301
-374
-435
-476
-542
-644
-743
-828
-906
-1001
-1102
-1160
-1162
-1157
-1150
-1133
-1127
-1091
-1031
-998
-989
-1000
-1039
-1065
-1047
-1030
-1031
-1033
-1030
-1008
-986
-983
-1004
-1049
-1081
-1083
-1091
-1095
-1079
-1077
-1069
-1036
-1024
-1001
-974
-1003
-1044
-1081
-1095
-948
-671
-407
-180
-36
88
366
687
885
1004
1117
1282
1525
1771
1992
2238
2488
2658
2713
2750
2800
2770
2671
2527
2369
2292
2205
1991
1776
1612
1403
1187
925
574
292
60
-212
-403
-496
-576
-644
-758
-922
-1023
-1085
-1165
-1227
-1257
-1216
-1134
-1061
-970
-849
-697
-533
-417
-338
-242
-159
-79
23
127
247
359
411
435
448
437
423
396
354
352
366
372
403
435
455
481
475
419
353
288
246
228
203
169
122
72
32
-17
-58
-77
-106
-120
-105
-100
-70
-14
16
56
97
93
108
138
132
144
176
176
179
160
73
-11
-83
-185
-269
-332
-410
-481
-561
-665
-742
-790
-860
-941
-1017
-1085
-1120
-1126
-1123
-1103
-1073
-1065
-1058
-1026
-996
-991
-1010
-1038
-1042
-1024
-1020
-1056
-1101
-1112
-1106
-1105
-1116
-1170
-1234
-1249
-1232
-1188
-1143
-1166
-1219
-1214
-1155
-1094
-1060
-1053
-1045
-990
-842
-607
-340
-126
-24
86
327
607
811
919
999
1186
1416
1548
1694
1902
2095
2252
2319
2352
2474
2533
2424
2316
2272
2276
2256
2090
1884
1760
1609
1381
1148
928
743
560
314
127
60
-18
-156
-316
-468
-583
-690
-823
-914
-939
-951
-956
-943
-886
-791
-723
-663
-560
-448
-361
-280
-201
-99
20
113
189
256
301
310
287
287
309
308
309
323
320
332
346
339
357
371
336
305
291
247
220
234
196
135
98
16
-60
-105
-161
-12
340
493
363
119
-82
-80
-42
-100
-65
29
14
-106
-270
-355
-317
-320
-390
-416
-394
-365
-348
-379
-472
-552
-575
-608
-670
-780
-915
-926
-836
-817
-878
-956
-992
-995
-1041
-1094
-1072
-984
-916
-921
-921
-878
-880
-948
-1051
-1137
-1158
-1212
-1342
-1407
-1383
-1347
-1321
-1385
-1509
-1556
-1560
-1601
-1585
-1478
-1329
-1134
-1007
-1033
-1075
-1075
-1043
-847
-450
85
690
1187
1526
1808
2004
2094
2157
2279
2549
2851
3016
3110
3177
3176
3069
2783
2403
2060
1666
1223
892
690
580
447
148
-204
-496
-794
-1060
-1196
-1211
-1114
-975
-879
-733
-511
-338
-222
-131
-68
36
169
308
520
764
960
1095
1110
1045
988
912
844
807
749
701
660
565
442
299
98
-138
-363
-559
-687
-732
-729
-687
-594
-481
-380
-280
-162
-34
91
227
386
579
811
1018
1123
1140
1079
940
799
656
493
377
296
200
64
-147
-375
-531
-609
-631
-688
-832
-935
-893
-748
-597
-515
-475
-445
-455
-505
-508
-408
-295
-256
-270
-332
-420
-484
-572
-682
-751
-839
-929
-947
-992
-1123
-1237
-1334
-1441
-1512
-1557
-1564
-1463
-1336
-1317
-1344
-1374
-1448
-1494
-1443
-1332
-1176
-1064
-1047
-993
-911
-952
-1059
-1093
-1040
-976
-1014
-1137
-1197
-1178
-1221
-1372
-1482
-1479
-1502
-1542
-1277
-467
696
1693
2156
2223
2169
2067
2033
2307
2994
3821
4233
4054
3658
3292
2913
2481
2005
1573
1243
890
525
317
198
-35
-479
-1074
-1570
-1770
-1689
-1344
-842
-427
-168
-57
-84
-67
116
414
799
1177
1433
1618
1745
1750
1636
1428
1187
976
764
575
494
472
410
257
1
-298
-543
-707
-777
-711
-545
-393
-297
-254
-285
-330
-306
-218
-50
184
404
613
793
849
812
740
621
526
516
533
549
513
338
79
-158
-366
-552
-670
-719
-734
-717
-694
-681
-625
-546
-517
-501
-444
-350
-209
-42
95
179
184
92
-23
-102
-156
-189
-233
-337
-475
-645
-863
-1091
-1322
-1526
-1645
-1702
-1724
-1713
-1715
-1718
-1694
-1664
-1625
-1575
-1507
-1355
-1131
-952
-873
-858
-905
-984
-1015
-977
-867
-677
-537
-590
-795
-1063
-1327
-1448
-1396
-1314
-1316
-1417
-1569
-1670
-1670
-1643
-1653
-1705
-1694
-1334
-422
844
2031
2766
2936
2801
2698
2723
2995
3601
4220
4472
4275
3753
3175
2715
2243
1702
1196
744
347
23
-234
-405
-569
-865
-1233
-1540
-1707
-1606
-1229
-744
-286
42
172
189
201
294
534
880
1216
1459
1538
1470
1331
1142
959
825
678
495
323
183
69
-58
-233
-431
-623
-784
-846
-781
-608
-397
-249
-172
-125
-83
-6
115
277
474
654
795
906
935
885
822
750
680
621
538
439
340
207
48
-108
-264
-402
-499
-550
-524
-439
-355
-298
-274
-285
-272
-193
-76
54
177
277
333
311
223
108
4
-75
-174
-302
-425
-561
-721
-854
-972
-1107
-1263
-1448
-1616
-1689
-1672
-1597
-1500
-1460
-1489
-1525
-1528
-1463
-1343
-1238
-1174
-1128
-1139
-1247
-1357
-1377
-1331
-1268
-1210
-1197
-1205
-1189
-1191
-1219
-1240
-1345
-1552
-1673
-1631
-1507
-1375
-1316
-1334
-1365
-1456
-1594
-1639
-1504
-1033
-31
1275
2382
2994
3097
2925
2799
2829
3080
3675
4372
4640
4314
3672
3001
2402
1819
1266
878
630
352
39
-238
-474
-691
-969
-1285
-1452
-1401
-1160
-696
-157
241
471
520
382
267
366
693
1141
1489
1616
1584
1423
1132
812
574
472
450
368
229
120
-19
-218
-412
-580
-701
-758
-787
-768
-633
-434
-252
-112
-44
-25
29
146
330
589
830
967
1001
932
813
764
767
750
737
707
587
418
224
4
-170
-283
-369
-392
-365
-349
-360
-401
-461
-488
-480
-435
-300
-122
8
67
51
-43
-159
-264
-352
-387
-370
-362
-404
-514
-693
-910
-1110
-1270
-1376
-1411
-1369
-1295
-1255
-1253
-1277
-1340
-1426
-1506
-1547
-1517
-1442
-1346
-1193
-1002
-907
-962
-1101
-1255
-1374
-1408
-1350
-1239
-1128
-1107
-1189
-1272
-1336
-1416
-1487
-1549
-1627
-1670
-1616
-1427
-1135
-916
-896
-1012
-1174
-1193
-706
375
1663
2673
3163
3179
2954
2711
2641
2948
3612
4235
4387
4021
3400
2709
2013
1446
1104
900
701
440
110
-205
-431
-628
-866
-1112
-1292
-1312
-1104
-713
-287
48
232
246
121
15
117
438
805
1111
1298
1282
1090
830
563
389
376
420
417
363
240
59
-119
-276
-403
-476
-483
-442
-392
-335
-235
-148
-146
-180
-174
-97
75
324
578
791
929
942
859
777
756
792
864
934
946
864
690
467
228
6
-158
-252
-291
-279
-236
-223
-271
-364
-468
-526
-485
-363
-216
-84
-16
-59
-194
-350
-451
-471
-437
-397
-386
-439
-560
-723
-922
-1118
-1263
-1346
-1392
-1416
-1404
-1364
-1335
-1337
-1383
-1477
-1584
-1683
-1738
-1676
-1479
-1242
-1087
-1077
-1207
-1425
-1626
-1668
-1522
-1334
-1209
-1170
-1262
-1424
-1519
-1550
-1540
-1459
-1389
-1417
-1481
-1550
-1638
-1676
-1595
-1334
-739
257
1390
2252
2680
2818
2838
2851
2982
3327
3872
4443
4751
4608
4103
3432
2687
1977
1509
1320
1199
1000
692
239
-300
-796
-1213
-1509
-1578
-1421
-1135
-787
-482
-328
-310
-328
-322
-253
-38
356
809
1163
1354
1359
1189
951
754
628
609
698
771
712
532
264
-70
-387
-605
-720
-725
-617
-503
-462
-443
-421
-432
-449
-399
-271
-80
159
410
628
785
887
933
934
939
981
1047
1137
1224
1226
1111
924
688
430
214
76
-6
-58
-97
-155
-274
-446
-612
-728
-747
-645
-480
-311
-174
-114
-141
-231
-350
-438
-453
-413
-364
-383
-500
-671
-869
-1076
-1247
-1367
-1442
-1488
-1522
-1560
-1609
-1667
-1725
-1786
-1862
-1924
-1914
-1816
-1640
-1430
-1251
-1155
-1177
-1327
-1563
-1769
-1826
-1701
-1471
-1215
-1041
-1071
-1304
-1622
-1908
-2026
-1875
-1549
-1271
-1178
-1251
-1329
-1124
-434
614
1666
2421
2750
2746
2679
2803
3205
3839
4527
4971
4961
4538
3896
3236
2715
2427
2313
2177
1860
1329
651
-21
-558
-972
-1285
-1464
-1532
-1533
-1444
-1270
-1076
-900
-776
-707
-632
-447
-101
358
828
1205
1380
1306
1088
855
704
717
855
988
1038
939
647
231
-186
-501
-641
-634
-588
-580
-614
-655
-676
-691
-703
-668
-559
-405
-217
11
255
489
679
781
816
853
908
986
1125
1271
1333
1301
1167
907
603
353
193
148
161
127
23
-131
-319
-478
-560
-566
-502
-400
-293
-193
-145
-185
-253
-310
-358
-365
-316
-257
-221
-231
-335
-534
-794
-1088
-1348
-1491
-1519
-1496
-1458
-1462
-1568
-1755
-1948
-2080
-2125
-2086
-1967
-1786
-1615
-1515
-1472
-1460
-1472
-1498
-1504
-1449
-1333
-1207
-1100
-1006
-977
-1059
-1211
-1371
-1521
-1648
-1708
-1668
-1575
-1494
-1319
-820
22
896
1480
1721
1779
1828
2020
2478
3192
3968
4537
4725
4552
4152
3630
3145
2904
2913
2949
2810
2438
1880
1243
638
135
-247
-534
-773
-961
-1076
-1136
-1183
-1241
-1276
-1275
-1259
-1191
-998
-668
-254
173
520
706
723
645
600
684
886
1101
1227
1208
1023
700
353
98
-32
-66
-74
-137
-270
-444
-616
-722
-726
-659
-556
-439
-335
-238
-122
29
214
402
537
616
664
702
760
849
939
1002
1015
958
839
702
576
466
375
292
183
44
-91
-194
-242
-237
-214
-217
-253
-305
-351
-367
-331
-258
-184
-151
-183
-273
-389
-476
-522
-555
-595
-677
-819
-1007
-1205
-1375
-1484
-1523
-1516
-1510
-1544
-1645
-1804
-1956
-2021
-1970
-1821
-1634
-1503
-1499
-1597
-1713
-1762
-1689
-1510
-1288
-1098
-1014
-1086
-1253
-1385
-1433
-1408
-1318
-1192
-1112
-1156
-1319
-1437
-1250
-631
278
1149
1701
1828
1666
1534
1720
2282
3050
3789
4271
4382
4157
3723
3260
2969
2938
3059
3131
2996
2596
2004
1379
841
406
45
-257
-509
-702
-833
-920
-1020
-1144
-1265
-1366
-1404
-1320
-1102
-781
-394
-24
223
315
304
281
330
497
753
1013
1188
1218
1094
868
631
435
294
214
167
91
-43
-200
-349
-475
-569
-633
-654
-628
-580
-519
-442
-348
-239
-137
-63
2
80
183
336
520
661
726
716
629
513
431
408
447
520
553
490
336
127
-74
-192
-191
-107
-14
30
3
-85
-192
-279
-337
-373
-396
-408
-434
-493
-578
-680
-779
-850
-905
-970
-1037
-1108
-1185
-1227
-1205
-1154
-1110
-1078
-1082
-1126
-1191
-1246
-1261
-1206
-1085
-957
-857
-803
-824
-935
-1066
-1137
-1121
-1016
-861
-721
-644
-632
-683
-774
-838
-823
-753
-673
-581
-498
-471
-495
-520
-474
-253
144
577
937
1184
1313
1376
1472
1649
1895
2177
2448
2662
2772
2760
2660
2520
2385
2283
2197
2106
1996
1822
1539
1196
869
588
352
158
-9
-166
-318
-466
-597
-695
-740
-745
-735
-724
-710
-693
-646
-548
-424
-308
-208
-133
-83
-28
47
138
223
281
290
254
199
165
164
191
216
220
195
140
61
-26
-93
-112
-83
-50
-41
-59
-110
-176
-216
-204
-152
-83
-42
-58
-117
-193
-257
-281
-253
-191
-126
-83
-64
-73
-107
-121
-86
-23
34
77
106
116
110
94
84
101
118
88
33
-12
-53
-116
-184
-249
-333
-445
-563
-646
-691
-722
-746
-748
-721
-672
-633
-606
-566
-515
-466
-398
-322
-290
-285
-260
-216
-183
-173
-175
-152
-107
-97
-133
-169
-160
-104
-53
-53
-89
-127
-137
-104
-52
-15
6
13
-9
-47
-71
-72
-55
-27
6
47
103
170
242
306
349
379
409
441
479
510
521
524
535
547
563
567
535
459
350
236
150
105
96
114
136
143
129
86
28
-2
20
81
171
269
345
382
380
355
338
341
363
393
429
458
466
447
411
376
340
313
318
341
351
345
335
321
303
282
248
200
146
95
53
30
19
-4
-54
-123
-192
-245
-268
-257
-242
-234
-227
-238
-286
-340
-362
-345
-295
-242
-215
-207
-221
-267
-321
-353
-348
-316
-282
-247
-219
-217
-244
-275
-298
-315
-311
-295
-275
-257
-259
-283
-307
-330
-364
-394
-395
-358
-300
-253
-231
-225
-221
-215
-204
-178
-135
-78
-15
36
66
76
69
57
55
67
98
129
137
124
99
77
73
86
104
133
162
168
158
141
125
131
160
190
212
219
204
167
129
113
134
174
195
188
169
151
146
153
179
221
267
297
299
280
252
229
220
224
220
197
153
93
27
-33
-81
-119
-153
-191
-236
-278
-306
-313
-299
-272
-237
-199
-155
-109
-76
-53
-20
29
85
132
159
174
193
213
233
257
276
280
264
234
208
194
183
164
131
82
25
-23
-56
-78
-99
-129
-175
-226
-273
-306
-304
-262
-204
-154
-122
-104
-93
-81
-56
-11
48
107
156
177
173
157
140
132
142
155
153
143
130
99
50
7
-15
-19
-30
-60
-104
-147
-180
-208
-232
-239
-235
-245
-258
-252
-225
-194
-157
-118
-79
-51
-39
-42
-43
-24
11
50
86
107
96
54
13
-15
-33
-34
-18
6
38
69
82
84
95
108
111
111
122
149
187
227
252
249
231
204
167
121
74
27
-11
-32
-47
-65
-83
-96
-105
-106
-88
-54
-18
16
50
86
116
125
114
103
113
150
180
193
187
157
94
9
-75
-137
-166
-175
-186
-210
-257
-330
-405
-461
-476
-441
-379
-303
-223
-158
-116
-91
-75
-54
-10
53
122
197
267
311
323
305
265
221
193
177
170
161
145
110
57
-6
-67
-117
-149
-163
-162
-149
-133
-128
-128
-119
-101
-74
-36
19
86
149
200
239
265
275
271
260
247
242
242
240
224
182
113
30
-43
-87
-101
-94
-88
-95
-121
-166
-221
-271
-294
-281
-242
-193
-148
-113
-84
-65
-53
-36
-5
39
90
132
157
161
142
104
58
24
8
6
2
-10
-34
-69
-116
-162
-186
-177
-147
-119
-94
-64
-32
3
42
85
130
172
208
242
277
301
309
304
289
255
208
159
117
82
46
10
-25
-60
-99
-144
-183
-200
-193
-166
-128
-89
-56
-36
-30
-22
-8
7
21
35
46
44
29
0
-31
-59
-89
-121
-151
-176
-197
-217
-236
-254
-266
-273
-263
-238
-208
-183
-169
-151
-121
-77
-21
44
109
158
189
200
199
194
192
205
220
218
194
158
121
83
47
16
-6
-24
-45
-70
-93
-106
-105
-88
-65
-40
-23
-7
15
42
77
128
186
233
260
278
303
331
343
332
300
260
217
166
113
66
23
-29
-88
-145
-203
-260
-311
-351
-381
-400
-404
-393
-369
-330
-289
-248
-209
-178
-153
-113
-53
15
73
114
139
147
136
116
95
78
69
59
42
13
-31
-85
-136
-163
-171
-165
-143
-110
-82
-65
-52
-34
-3
45
116
199
277
335
363
370
367
360
359
365
373
363
329
281
228
178
132
88
39
-17
-72
-124
-164
-190
-204
-207
-207
-214
-233
-244
-237
-218
-189
-152
-114
-86
-81
-95
-105
-96
-69
-43
-30
-32
-46
-70
-92
-103
-104
-92
-73
-61
-61
-66
-66
-58
-39
-8
23
52
78
93
103
115
121
118
111
109
104
95
88
80
66
42
8
-30
-61
-77
-83
-84
-83
-84
-81
-67
-39
-7
26
64
96
112
123
137
163
197
230
257
271
273
257
229
199
177
160
136
104
62
9
-46
-98
-145
-185
-215
-236
-250
-258
-269
-282
-297
-308
-313
-303
-274
-229
-177
-123
-70
-22
14
39
61
82
102
118
123
114
96
68
32
-3
-39
-73
-101
-122
-136
-142
-146
-150
-155
-163
-162
-149
-120
-75
-15
51
110
154
179
190
206
237
280
324
358
366
350
310
262
218
181
152
126
101
75
49
17
-25
-75
-130
-178
-206
-210
-199
-184
-175
-169
-161
-149
-138
-126
-113
-97
-81
-67
-54
-42
-31
-20
-3
16
28
29
20
10
11
23
35
46
58
71
84
96
105
108
100
82
62
44
35
31
23
10
-7
-30
-56
-77
-86
-82
-74
-72
-82
-100
-125
-146
-153
-141
-113
-77
-43
-14
13
35
55
81
117
157
195
228
248
257
258
260
265
270
264
238
194
142
87
34
-12
-50
-78
-104
-128
-148
-162
-171
-178
-189
-199
-204
-202
-190
-166
-136
-111
-98
-91
-84
-75
-65
-57
-46
-28
-6
16
35
49
42
19
-7
-24
-39
-56
-73
-91
-107
-129
-152
-178
-204
-230
-246
-237
-198
-146
-97
-57
-19
19
60
112
172
228
276
316
347
366
368
354
333
314
298
284
274
260
229
184
132
81
31
-18
-51
-62
-65
-76
-103
-140
-174
-201
-215
-214
-206
-199
-198
-200
-190
-175
-154
-126
-95
-67
-48
-34
-22
-12
-1
13
39
78
114
139
148
148
141
132
125
120
114
99
80
62
41
17
-9
-30
-41
-46
-49
-57
-69
-84
-105
-123
-136
-139
-132
-121
-110
-104
-96
-85
-65
-38
0
41
76
104
126
145
160
174
187
200
210
209
196
176
153
129
101
72
40
7
-19
-37
-46
-53
-63
-79
-100
-119
-129
-128
-117
-103
-95
-97
-107
-121
-129
-124
-107
-87
-71
-62
-59
-58
-57
-51
-40
-30
-25
-25
-27
-30
-30
-31
-29
-33
-44
-66
-94
-117
-131
-130
-116
-90
-60
-36
-20
-10
4
32
72
119
162
201
233
258
274
282
288
291
286
275
260
245
227
200
164
121
69
14
-31
-59
-72
-81
-98
-124
-154
-185
-216
-235
-233
-212
-182
-162
-160
-174
-194
-207
-205
-184
-148
-107
-74
-51
-33
-18
-1
25
57
92
126
153
168
169
159
141
122
105
90
80
73
58
33
0
-29
-48
-61
-67
-67
-62
-54
-50
-51
-56
-66
-78
-87
-88
-81
-71
-55
-38
-23
-11
-2
12
30
55
86
119
153
178
188
184
174
161
150
141
131
118
101
83
65
46
27
5
-16
-37
-57
-79
-100
-114
-123
-126
-122
-112
-102
-96
-91
-88
-86
-85
-89
-85
-74
-56
-30
-6
11
18
18
11
6
6
8
11
10
3
-13
-35
-63
-89
-114
-131
-141
-148
-151
-148
-138
-121
-101
-80
-60
-39
-9
29
70
110
145
171
192
211
228
242
252
256
255
248
234
213
185
158
134
109
86
58
31
3
-25
-51
-76
-103
-126
-152
-172
-184
-191
-192
-186
-181
-181
-184
-194
-201
-200
-185
-157
-119
-80
-46
-19
0
15
32
56
89
126
154
171
174
166
154
143
132
123
113
102
87
72
61
54
45
38
31
26
19
7
-9
-19
-27
-35
-44
-53
-57
-61
-60
-57
-52
-44
-36
-30
-22
-12
0
14
33
55
76
90
98
96
87
72
61
56
55
54
44
24
-1
-25
-46
-63
-73
-84
-93
-103
-116
-129
-141
-150
-152
-150
-141
-125
-106
-84
-63
-47
-35
-23
-11
6
28
53
77
90
94
87
77
67
61
58
56
51
38
18
-7
-29
-44
-57
-65
-69
-66
-59
-49
-35
-18
-1
15
31
44
58
73
93
118
140
152
150
138
125
117
112
112
110
99
75
39
0
-35
-59
-64
-58
-52
-56
-76
-109
-142
-168
-181
-180
-170
-160
-157
-164
-178
-192
-198
-188
-168
-141
-115
-92
-70
-53
-34
-17
1
21
43
64
87
113
138
156
163
162
157
153
154
157
163
167
166
157
139
117
95
76
65
59
55
47
32
11
-10
-26
-36
-38
-33
-24
-15
-7
-4
-6
-9
-9
-4
9
27
48
65
72
65
50
32
19
19
28
39
46
40
24
-4
-39
-73
-98
-108
-105
-95
-85
-82
-92
-112
-133
-147
-148
-133
-107
-73
-44
-27
-22
-24
-26
-20
-9
8
22
33
42
47
49
45
36
24
11
0
-5
-9
-11
-15
-20
-29
-38
-45
-45
-38
-25
-9
4
13
21
27
38
51
65
77
84
90
96
102
105
104
95
80
61
44
28
18
13
7
-2
-20
-42
-66
-84
-96
-99
-94
-87
-85
-94
-109
-130
-147
-155
-152
-136
-114
-93
-76
-69
-71
-75
-73
-61
-39
-8
25
50
62
62
52
44
41
46
61
80
102
118
124
121
117
114
117
126
139
149
152
149
134
113
89
70
56
47
42
38
35
27
17
7
-3
-7
-6
0
13
26
36
43
41
32
18
5
-7
-14
-16
-16
-17
-20
-29
-42
-59
-78
-95
-107
-114
-117
-116
-117
-121
-127
-133
-135
-137
-134
-130
-120
-106
-89
-75
-60
-47
-34
-14
7
30
52
72
86
94
92
84
77
76
80
86
90
83
68
42
16
-3
-13
-13
-2
12
20
19
7
-6
-12
-7
11
35
59
70
64
47
24
6
0
7
25
42
53
52
39
18
-2
-15
-19
-13
-3
6
10
3
-17
-44
-72
-93
-104
-105
-99
-88
-83
-88
-105
-128
-150
-159
-152
-132
-107
-90
-86
-92
-103
-110
-103
-83
-51
-17
9
27
36
44
59
82
112
142
164
174
175
175
174
179
184
186
184
172
154
135
122
113
108
102
92
75
56
40
31
29
30
30
26
17
3
-10
-17
-19
-17
-15
-18
-26
-39
-52
-63
-70
-71
-73
-78
-85
-95
-103
-107
-109
-107
-104
-104
-106
-110
-112
-108
-95
-77
-59
-43
-34
-30
-26
-21
-11
4
16
26
30
29
26
25
28
36
45
54
57
53
50
45
47
53
55
54
48
39
31
25
26
27
28
26
22
16
13
13
15
20
23
22
19
14
9
9
11
15
17
14
7
0
-7
-12
-17
-23
-30
-40
-50
-56
-60
-62
-62
-70
-84
-98
-110
-116
-113
-103
-92
-85
-85
-89
-94
-96
-87
-71
-50
-30
-17
-14
-16
-19
-17
-8
4
19
33
41
45
45
44
48
50
58
67
79
92
106
119
126
130
130
128
130
135
143
152
154
147
132
112
91
74
64
62
58
55
43
25
5
-13
-22
-22
-15
-7
-5
-11
-21
-31
-39
-45
-45
-44
-43
-48
-59
-72
-87
-101
-112
-121
-127
-132
-136
-135
-132
-127
-119
-108
-99
-87
-75
-62
-46
-25
-2
25
48
67
78
82
83
84
86
95
104
109
110
100
85
69
54
43
39
41
42
41
38
32
21
10
1
-3
-3
-1
1
2
0
-7
-17
-30
-40
-47
-47
-45
-40
-37
-39
-42
-47
-50
-49
-43
-37
-28
-20
-14
-7
0
4
8
9
7
3
1
-1
-2
-1
-3
-8
-18
-32
-47
-60
-69
-74
-76
-76
-79
-84
-91
-95
-93
-86
-70
-52
-35
-22
-16
-14
-15
-13
-1
15
36
56
67
71
68
64
63
70
83
100
116
123
120
108
93
80
71
70
72
72
72
63
50
34
13
-7
-24
-32
-34
-30
-23
-20
-23
-33
-47
-58
-63
-57
-43
-26
-13
-10
-17
-28
-39
-46
-42
-32
-19
-9
-7
-13
-25
-34
-39
-31
-18
-2
12
21
25
26
26
31
40
51
62
69
72
69
68
65
64
63
66
66
64
61
59
56
56
58
60
61
60
59
55
49
44
38
30
20
8
-7
-23
-40
-58
-74
-88
-101
-111
-123
-134
-143
-148
-149
-145
-136
-125
-110
-97
-89
-81
-74
-66
-53
-40
-23
-6
4
11
10
7
5
4
12
23
36
48
54
52
43
31
20
14
17
25
32
35
29
14
-4
-19
-29
-28
-21
-10
-2
0
-5
-15
-21
-24
-16
-3
12
27
36
40
41
43
46
53
62
72
81
86
86
85
84
79
75
72
68
68
65
65
59
48
35
16
-1
-14
-23
-27
-31
-35
-46
-63
-82
-98
-109
-113
-110
-103
-95
-90
-91
-93
-92
-92
-86
-77
-66
-58
-49
-34
-19
-7
3
12
20
22
27
39
57
76
93
94
87
80
71
64
71
76
74
73
66
50
31
19
10
-3
-4
-3
-5
-2
1
0
-3
-2
0
0
-4
2
16
19
10
-6
-19
-26
-41
-44
-46
-59
-66
-74
-107
-131
-132
-140
-149
-149
-145
-136
-140
-138
-125
-119
-106
-89
-68
-45
-20
1
8
9
10
15
23
30
45
48
35
26
0
-38
-66
-79
-65
-38
-7
33
45
41
34
3
32
91
251
704
929
661
509
488
318
220
231
289
385
307
130
17
-145
-296
-372
-406
-377
-345
-322
-268
-236
-266
-307
-307
-273
-194
-114
-66
-9
40
91
154
298
624
755
474
300
274
100
64
177
190
216
111
-134
-246
-374
-490
-492
-559
-575
-470
-425
-333
-181
-186
-213
-224
-322
-278
-129
-69
47
193
201
207
258
214
180
187
111
78
142
178
208
263
242
159
93
-11
-96
-79
-60
-62
-50
-23
-32
-63
-9
53
-28
-116
-118
-138
-126
-55
17
59
36
43
42
-75
-95
-31
-72
-44
41
18
52
99
2
-46
-45
-120
-138
-95
-115
-105
-55
-75
-71
-16
-43
-105
-125
-154
-129
-44
-12
35
91
60
14
-2
-31
-17
33
40
60
111
114
101
105
89
76
91
74
56
97
100
87
108
79
47
42
2
-19
-11
-46
-69
-77
-95
-64
-62
-83
-29
-9
-66
-86
-58
-58
-58
-23
3
18
37
42
37
48
36
7
-9
-9
28
52
63
78
44
12
12
-32
-50
4
9
2
49
42
10
14
1
-22
-29
-37
-39
-20
-5
15
36
36
41
47
29
11
4
3
17
43
54
64
81
70
38
17
7
13
44
65
78
108
119
106
90
72
63
53
31
23
22
11
18
21
-16
-46
-59
-75
-84
-82
-82
-67
-39
-39
-60
-72
-77
-89
-99
-97
-89
-74
-53
-47
-42
-17
-12
-26
-31
-38
-41
-41
-39
-15
3
-7
-24
-44
-68
-82
-83
-50
-14
-8
-2
3
-15
-22
-11
-1
19
28
29
46
45
36
59
84
103
118
98
75
82
77
82
97
77
56
62
56
36
22
-11
-50
-68
-68
-62
-59
-44
-31
-44
-71
-91
-106
-119
-123
-104
-71
-47
-42
-54
-72
-78
-65
-39
-10
26
52
47
28
13
-11
-27
-21
-8
0
-9
-31
-50
-65
-72
-65
-53
-31
-7
-4
-3
-1
-18
-34
-29
-19
-3
35
63
68
74
76
68
69
78
83
83
90
105
100
76
61
46
23
14
19
41
79
96
97
105
110
103
102
119
127
125
128
124
107
84
61
35
6
-21
-43
-64
-78
-84
-96
-104
-115
-145
-148
-127
-116
-101
-83
-81
-83
-59
-32
-26
-20
-13
-28
-36
-30
-27
-11
5
10
10
-2
-8
-7
-19
-29
-45
-70
-77
-74
-74
-67
-63
-64
-75
-82
-80
-79
-67
-33
4
31
62
74
62
65
76
68
77
115
149
174
179
167
143
97
68
60
38
34
38
7
-24
-45
-88
-118
-113
-117
-120
-104
-97
-99
-99
-104
-90
-60
-33
-5
8
13
30
32
30
48
48
52
73
76
67
56
35
17
-2
-22
-19
-6
-6
-13
-17
-27
-43
-55
-65
-75
-76
-60
-38
-21
-4
15
26
31
32
34
59
81
93
100
85
76
78
61
50
52
38
22
12
2
6
20
24
22
22
24
20
19
32
38
38
59
74
73
69
60
52
38
12
3
1
-16
-22
-36
-61
-68
-82
-105
-97
-85
-89
-74
-58
-47
-20
-1
3
9
16
12
12
16
6
-8
-14
-27
-51
-71
-85
-82
-77
-81
-82
-79
-71
-59
-54
-39
-21
-19
-3
14
15
39
61
51
54
61
51
61
81
84
88
78
51
37
19
1
13
16
3
-1
-13
-25
-23
-33
-30
-11
-20
-9
16
10
17
29
12
17
25
3
4
23
17
17
14
-22
-45
-53
-71
-81
-86
-87
-77
-68
-60
-47
-51
-57
-45
-32
-14
17
35
40
49
49
43
42
50
63
65
68
83
72
56
54
37
36
46
18
5
35
35
17
8
-6
-7
-10
-26
-11
-3
-29
-22
-18
-43
-29
-7
-22
2
36
37
57
77
61
52
45
30
32
25
4
-15
-37
-49
-46
-47
-35
-14
-9
-8
-11
-24
-22
-20
-22
-19
-29
-45
-53
-64
-70
-57
-42
-30
-18
-16
-13
-6
4
8
4
16
29
30
32
29
13
-1
-9
-5
11
35
56
50
32
23
8
-3
3
15
25
19
2
-2
-15
-45
-56
-42
-34
-26
-9
4
15
21
17
23
27
23
34
43
39
35
23
16
13
-1
2
9
-1
1
7
2
-9
-24
-33
-45
-64
-68
-74
-89
-85
-88
-100
-87
-77
-76
-62
-56
-42
-12
-7
-15
-11
-13
-20
-17
-16
-10
7
11
10
18
21
24
35
42
51
64
78
94
100
102
106
93
86
100
96
87
99
95
69
51
38
31
22
11
1
-9
-9
-6
-14
-8
-1
-16
-19
-18
-27
-22
-10
1
10
14
15
20
10
-10
-19
-24
-27
-27
-35
-46
-48
-60
-81
-85
-68
-50
-53
-50
-28
-40
-50
-15
-18
-25
5
-10
-28
-3
-9
-7
21
8
6
14
-13
-5
11
-13
-10
2
-5
11
13
2
29
33
9
17
19
8
16
19
21
33
28
22
28
29
35
43
41
48
50
36
29
17
9
7
-14
-22
-10
-26
-43
-31
-35
-42
-37
-35
-17
-2
-22
-32
-21
-26
-23
-8
-5
4
7
-18
-31
-24
-27
-27
-29
-38
-37
-38
-51
-42
-27
-21
-4
0
-6
2
2
2
12
10
9
24
38
44
51
48
36
25
33
45
53
69
82
74
64
56
44
46
43
28
28
37
36
37
37
23
10
-13
-41
-43
-40
-45
-33
-24
-34
-36
-44
-54
-49
-51
-57
-56
-62
-62
-41
-28
-28
-31
-33
-32
-37
-38
-21
-14
-16
-4
1
-6
-9
-16
-17
-7
-6
3
27
35
32
37
39
36
42
41
41
43
43
43
32
16
19
16
2
3
6
6
3
-8
-12
-10
-13
0
12
11
12
19
25
25
23
20
19
12
6
6
7
14
14
11
9
7
7
5
-2
-2
4
3
2
3
-8
-25
-29
-33
-42
-39
-32
-29
-32
-40
-46
-50
-54
-56
-62
-65
-64
-66
-65
-60
-57
-48
-40
-43
-44
-35
-22
-18
-16
-5
-1
-4
1
6
4
5
11
16
13
7
7
10
9
14
21
23
27
24
21
28
41
56
76
85
83
79
68
53
45
43
46
52
44
30
21
10
-3
-3
6
11
5
2
1
-13
-21
-12
-17
-25
-22
-23
-23
-11
-5
-4
-2
-7
-10
-14
-19
-16
-14
-16
-13
-15
-17
