SAMPLES:	16119
BITSPERSAMPLE:	16
CHANNELS:	1
SAMPLERATE:	16000
NORMALIZED:	FALSE
-1
-2
-4
-4
-10
-5
-13
-8
-14
-12
-12
-12
-12
-13
-12
-15
-11
-15
-12
-14
-9
-13
-7
-10
-8
-8
-10
-6
-11
-5
-9
-4
-5
-4
-3
-4
-2
-2
0
-3
3
-2
2
-1
2
0
5
2
2
6
4
9
9
12
9
14
11
17
13
17
16
18
18
18
18
14
18
12
15
7
13
5
7
3
-2
-1
-6
-4
-10
-11
-13
-14
-13
-14
-16
-16
-18
-16
-17
-19
-17
-19
-15
-16
-13
-14
-12
-12
-12
-10
-10
-6
-3
-1
-1
2
1
4
4
2
3
4
5
9
7
8
5
7
5
4
3
2
3
0
5
0
3
-2
4
-3
1
-2
1
3
1
4
0
6
3
5
4
7
4
12
9
13
12
13
15
11
14
9
14
10
13
11
9
7
6
4
1
1
-4
-1
-6
-4
-7
-9
-8
-9
-9
-11
-10
-9
-9
-10
-8
-11
-8
-11
-10
-10
-12
-10
-12
-11
-12
-12
-11
-13
-11
-11
-13
-10
-13
-11
-10
-12
-8
-10
-7
-10
-10
-10
-10
-7
-9
-6
-7
-5
-3
-3
-2
0
0
3
4
5
7
6
9
5
8
6
8
5
6
6
3
7
2
3
0
2
1
0
0
-2
-2
-3
-3
-2
-4
-2
-4
-3
-1
-3
3
-1
3
3
4
5
5
7
7
7
8
8
8
7
5
8
4
7
3
2
0
0
-4
-4
-8
-10
-10
-16
-13
-19
-16
-19
-18
-20
-22
-19
-20
-18
-19
-17
-16
-12
-12
-8
-9
-3
-4
0
4
4
8
7
10
10
11
13
15
13
17
13
15
16
13
19
13
18
15
17
17
15
18
17
18
19
17
19
19
20
22
23
26
26
27
29
30
31
33
31
34
32
32
33
30
29
27
23
22
18
15
13
7
7
-2
-2
-8
-10
-12
-19
-18
-24
-25
-28
-31
-31
-34
-35
-34
-36
-32
-32
-30
-28
-27
-26
-25
-22
-19
-17
-16
-12
-12
-7
-8
-5
-4
-4
0
-1
3
2
3
3
5
3
6
3
6
5
6
8
6
12
7
14
11
13
13
14
14
14
15
15
15
13
16
13
15
13
14
12
11
11
9
8
7
5
4
3
0
1
-6
-3
-8
-8
-9
-13
-9
-14
-12
-14
-16
-15
-17
-16
-16
-17
-14
-16
-12
-12
-11
-8
-10
-6
-8
-5
-3
-3
-1
0
0
-2
-1
-2
1
-1
0
1
0
2
-1
2
0
1
0
2
1
1
0
0
-2
-2
-1
-6
0
-8
-3
-8
-8
-7
-11
-8
-14
-12
-13
-14
-13
-15
-15
-12
-15
-10
-12
-11
-9
-10
-7
-6
-5
-2
-2
-1
5
1
8
4
11
10
11
15
13
17
17
17
17
17
15
21
15
19
16
16
18
12
17
11
14
11
11
11
10
9
9
11
10
11
8
10
10
9
10
8
11
7
7
8
5
6
5
6
3
0
0
0
-3
-1
-6
-2
-4
-6
-4
-8
-6
-12
-11
-10
-13
-11
-14
-11
-13
-16
-14
-15
-14
-16
-16
-17
-16
-17
-17
-16
-16
-16
-16
-14
-16
-17
-16
-18
-15
-20
-16
-19
-16
-20
-18
-21
-17
-20
-17
-16
-19
-13
-18
-9
-15
-9
-10
-8
-4
-7
-3
-2
0
-1
2
5
6
7
9
11
11
13
13
15
17
17
18
21
20
22
20
23
21
22
21
22
21
23
21
24
22
20
24
17
23
16
19
19
16
19
13
18
14
13
13
11
11
11
9
10
10
8
8
5
7
4
4
3
1
-1
-3
-5
-5
-8
-10
-9
-15
-12
-17
-15
-15
-18
-18
-18
-18
-17
-20
-19
-19
-21
-16
-23
-15
-19
-15
-13
-15
-9
-13
-10
-9
-8
-7
-3
-4
2
-2
3
3
0
7
1
8
4
7
9
8
9
8
10
11
11
11
15
11
17
14
16
18
15
20
17
19
21
18
22
19
20
21
17
18
16
15
14
12
11
12
9
9
6
4
5
-3
2
-7
-3
-8
-9
-9
-14
-11
-16
-14
-18
-16
-20
-19
-19
-18
-17
-20
-14
-18
-14
-13
-13
-9
-13
-5
-9
-7
-3
-8
1
-5
0
-3
-1
0
0
1
-1
1
-1
3
1
5
0
4
-1
0
0
-2
0
-5
0
-8
-3
-9
-7
-9
-10
-10
-11
-11
-14
-10
-14
-8
-13
-9
-11
-9
-11
-10
-13
-9
-12
-9
-9
-12
-7
-16
-8
-15
-11
-15
-14
-14
-14
-12
-14
-12
-16
-11
-17
-9
-16
-9
-12
-13
-9
-15
-10
-15
-11
-16
-10
-15
-7
-14
-6
-8
-9
0
-9
2
-5
4
2
5
7
7
10
11
11
13
15
12
17
11
17
14
17
18
18
20
21
22
23
26
23
28
23
29
27
26
29
25
28
26
23
24
20
21
19
15
16
8
12
6
5
5
1
0
-3
-3
-5
-6
-8
-8
-12
-10
-12
-12
-12
-15
-12
-13
-12
-11
-12
-10
-8
-8
-5
-6
-4
-3
-2
-1
-2
0
3
-1
4
1
2
4
-3
4
-3
0
-2
-3
0
-3
-2
-5
-4
-5
-4
-6
-3
-5
-3
0
-2
3
0
3
4
0
4
2
2
4
0
3
1
-2
3
-5
-1
-2
-5
-1
-7
-1
-2
-5
-1
-6
0
-1
-2
2
-1
2
3
1
3
3
4
7
3
7
7
6
7
4
4
6
2
5
2
1
4
-3
1
-4
-3
-2
-6
-5
-6
-8
-5
-10
-7
-8
-10
-5
-12
-5
-8
-5
-5
-5
-3
-1
-1
-1
1
0
6
0
6
2
5
5
3
4
3
4
2
4
-1
6
-2
4
-2
1
4
0
3
0
4
3
4
1
5
-2
7
0
3
1
0
6
-3
3
-2
1
1
-1
-1
0
-1
1
-2
1
2
0
3
-2
4
0
3
2
3
3
3
6
3
7
4
9
7
6
8
7
6
6
3
5
2
2
4
-1
6
0
5
2
3
9
2
11
8
11
12
10
15
12
16
15
15
16
16
15
14
10
12
6
9
5
3
4
-3
3
-9
-2
-10
-6
-8
-13
-7
-11
-8
-10
-9
-7
-8
-8
-3
-8
2
-5
3
-3
0
4
-1
4
-1
4
0
-1
0
-4
-7
-6
-13
-9
-19
-11
-20
-18
-20
-23
-20
-28
-19
-27
-20
-25
-18
-20
-16
-16
-11
-13
-6
-7
-4
2
-2
10
0
13
4
15
11
12
16
12
15
15
15
14
13
12
14
5
13
5
10
4
6
5
2
4
2
3
1
5
2
6
1
7
3
6
4
7
5
7
7
5
8
1
8
-2
3
0
-3
-1
-8
-6
-10
-11
-11
-15
-17
-15
-22
-17
-23
-21
-19
-26
-17
-25
-16
-20
-18
-12
-18
-7
-10
-7
-3
-3
3
3
5
9
9
14
12
16
18
18
21
21
23
22
23
24
22
26
22
27
24
25
27
21
28
21
24
22
19
25
17
23
20
19
24
14
20
13
14
15
5
13
4
7
5
0
7
-3
4
-2
-5
-1
-10
-2
-13
-6
-8
-12
-7
-14
-9
-12
-13
-10
-16
-10
-14
-14
-12
-18
-8
-19
-9
-16
-15
-11
-19
-9
-19
-10
-13
-14
-8
-16
-7
-10
-12
-4
-11
2
-5
-2
3
-5
8
-4
7
4
3
13
1
13
7
10
13
7
15
12
14
15
10
18
11
19
14
12
21
10
22
11
19
16
14
18
10
17
10
12
11
4
9
4
3
4
-6
3
-9
-4
-7
-13
-5
-18
-8
-19
-16
-16
-20
-16
-21
-16
-18
-19
-17
-18
-16
-14
-15
-11
-15
-10
-15
-14
-15
-14
-13
-18
-14
-19
-15
-17
-18
-17
-21
-19
-21
-22
-20
-22
-16
-21
-16
-15
-15
-8
-13
-4
-6
-1
3
0
11
5
14
11
12
17
12
21
14
19
17
16
18
13
14
11
9
9
6
4
7
0
8
-2
5
2
1
5
-1
7
1
9
6
7
11
9
14
12
13
15
12
15
12
15
12
12
11
8
9
7
6
3
2
0
-2
-5
-4
-10
-7
-11
-11
-10
-14
-8
-16
-7
-13
-7
-8
-9
-3
-7
1
-3
2
3
5
4
8
6
9
8
8
8
7
7
5
4
2
1
0
-2
-2
-3
-5
-3
-7
-2
-9
-5
-7
-6
-4
-8
-1
-6
-1
-6
-1
-3
-2
-1
-2
0
-2
1
-3
-1
-5
-2
-7
-6
-7
-11
-9
-13
-12
-16
-17
-16
-19
-16
-19
-15
-18
-18
-12
-16
-8
-8
-6
0
-1
4
7
6
14
9
18
13
20
19
13
24
12
22
17
14
20
10
14
11
9
10
3
8
0
3
1
-2
3
-6
2
-2
-2
2
-5
2
-3
2
-1
0
5
-3
9
0
7
11
4
15
10
14
18
13
23
17
22
23
21
28
14
31
15
24
21
15
23
10
16
8
9
1
0
-3
-10
-8
-16
-19
-17
-26
-23
-27
-31
-26
-34
-28
-31
-28
-27
-27
-21
-25
-16
-18
-13
-7
-9
-2
0
1
6
7
8
12
10
10
14
12
11
15
8
16
9
12
10
10
10
6
11
6
9
7
8
10
8
7
12
8
11
11
10
13
11
13
11
13
8
10
9
7
8
1
4
1
0
-3
-8
-5
-12
-7
-15
-14
-15
-20
-17
-24
-23
-25
-25
-26
-24
-28
-26
-26
-28
-27
-28
-26
-25
-25
-24
-23
-17
-19
-14
-14
-13
-8
-10
-5
-6
-3
-4
-2
-1
0
-1
0
-1
0
-2
-2
-3
-7
-2
-10
-5
-9
-7
-6
-11
-6
-9
-8
-5
-9
-4
-7
-2
-1
-4
1
-1
4
5
5
9
8
11
15
9
17
13
15
15
14
17
14
16
14
14
13
10
13
8
9
8
7
6
5
4
4
3
3
2
3
3
2
3
0
4
2
3
6
2
7
3
6
7
4
8
5
8
9
7
10
7
8
9
6
8
5
4
6
0
4
0
0
1
-5
-2
-7
-6
-7
-11
-10
-13
-13
-13
-16
-13
-13
-15
-11
-17
-11
-15
-12
-12
-12
-9
-10
-7
-7
-5
-3
-1
0
2
5
3
6
7
7
11
12
13
13
13
16
13
16
13
16
15
15
15
14
14
14
14
11
10
10
9
10
7
6
6
3
5
1
0
0
-3
0
-5
-2
-5
-6
-2
-10
0
-10
-4
-4
-10
-2
-9
-3
-7
-5
-5
-4
-5
-4
-5
-4
-2
-2
-1
-1
0
-2
3
-1
5
2
4
6
3
7
1
6
3
4
6
1
6
1
0
2
-3
0
-3
-3
-3
-6
-4
-5
-5
-6
-8
-7
-10
-7
-11
-10
-11
-12
-11
-13
-10
-13
-10
-12
-12
-6
-13
-8
-10
-11
-4
-13
-2
-8
-6
0
-7
3
-2
2
4
1
8
2
8
8
7
14
7
14
11
11
15
8
16
10
13
13
8
14
6
10
7
5
8
-1
8
-2
2
1
-4
3
-6
0
-5
-2
-1
-6
-1
-4
-3
1
-5
2
-2
-3
1
-5
3
-4
1
-1
0
2
-1
5
-1
5
2
2
6
0
6
1
4
4
5
6
7
7
8
9
9
9
11
12
12
15
14
17
17
19
19
19
21
18
21
20
21
21
21
20
20
17
18
16
14
15
9
11
7
8
3
2
2
-3
0
-6
-4
-7
-9
-7
-11
-11
-11
-12
-11
-12
-13
-9
-13
-8
-12
-8
-7
-9
-5
-9
-2
-9
-3
-9
-6
-7
-8
-6
-11
-7
-13
-11
-13
-14
-14
-18
-17
-18
-19
-18
-19
-20
-16
-22
-13
-19
-12
-15
-16
-7
-16
-3
-10
-3
-5
-2
2
1
5
3
4
5
5
5
5
5
6
2
5
0
3
1
-3
1
-9
-2
-10
-8
-8
-11
-7
-12
-7
-10
-8
-5
-5
-3
-3
0
3
1
6
6
7
11
8
15
9
15
10
12
13
8
12
3
8
1
5
0
1
1
-3
-3
-3
-4
-5
-4
-5
0
-4
2
-2
5
3
6
8
9
14
10
17
14
17
15
16
16
16
13
15
11
10
9
5
9
1
5
-4
-1
-3
-7
-4
-8
-5
-7
-7
-6
-6
-4
-4
-1
2
0
4
4
7
10
8
15
10
16
12
16
14
12
13
8
11
6
5
2
0
-2
-5
-7
-7
-11
-12
-12
-15
-10
-16
-11
-15
-11
-10
-12
-6
-10
-4
-5
-2
0
1
3
3
4
6
4
8
6
7
6
2
6
-1
3
-4
-4
-4
-10
-8
-12
-11
-12
-14
-12
-14
-13
-12
-14
-8
-12
-6
-5
-5
0
-1
3
4
6
4
8
6
8
8
10
7
8
3
4
5
3
4
-2
1
-7
-1
-5
-3
-4
-10
-8
-9
-8
-6
-5
-8
-3
-11
-1
-5
-1
1
1
8
4
7
4
7
9
16
11
14
7
8
11
17
21
15
15
1
4
12
14
15
12
-3
-1
4
4
17
10
1
-3
-7
-5
4
2
3
-5
-10
-9
-8
-1
-4
0
-8
-11
-8
-10
-4
0
-6
-4
-11
-14
-11
-11
-4
-7
-7
-16
-18
-16
-15
-12
-12
-17
-25
-23
-23
-15
-11
-14
-18
-22
-21
-16
-9
-5
-7
-8
-6
-8
3
1
5
8
0
9
3
10
11
11
10
10
9
8
9
10
7
8
7
0
9
2
7
5
7
3
5
5
3
14
5
13
7
10
13
13
16
13
12
13
12
15
17
13
14
5
12
5
9
5
1
0
-4
2
-5
1
-6
-5
-8
-7
-5
-5
1
-6
0
0
1
7
7
7
9
7
9
10
12
12
12
11
9
6
6
6
2
2
-3
-5
-8
-8
-7
-11
-8
-12
-15
-12
-14
-10
-9
-10
-7
-3
-3
5
4
9
10
5
15
9
19
16
19
20
15
20
15
18
13
12
8
5
1
2
-1
-1
-1
-8
-7
-9
-13
-10
-11
-12
-7
-14
-6
-9
-4
1
-3
4
-4
6
3
8
13
11
14
12
11
11
14
10
13
4
1
2
-3
2
-1
-2
-8
-15
-16
-17
-14
-12
-15
-17
-20
-17
-12
-10
-5
-10
-13
-14
-11
-3
3
1
-1
-3
-6
4
4
8
2
-5
-4
-7
-1
0
5
-3
-5
-10
-9
-6
-2
-3
-6
-7
-14
-1
-3
4
6
-3
-3
-4
-1
9
12
10
4
-3
0
2
12
10
9
-2
-6
-3
2
12
11
7
-4
-7
-5
6
10
10
3
-3
-5
3
7
13
12
-3
-4
-12
-5
0
-2
-6
-15
-23
-26
-25
-22
-21
-22
-28
-35
-33
-33
-25
-20
-16
-17
-18
-16
-13
-1
3
12
9
9
12
13
23
26
30
28
26
24
23
24
27
22
19
12
9
8
5
6
-3
-7
-11
-16
-13
-16
-17
-18
-22
-23
-22
-21
-17
-15
-16
-14
-13
-8
-5
-1
-2
-1
2
5
12
13
13
12
10
11
20
22
23
21
10
11
9
16
20
15
10
0
-1
0
5
6
2
-6
-9
-9
-2
3
4
2
-3
-2
1
11
11
13
7
8
8
15
19
15
14
6
8
9
13
12
7
1
-2
-2
2
2
-1
-9
-15
-13
-12
-4
-4
-9
-13
-16
-13
-4
1
3
-4
-7
-9
2
13
22
23
16
15
12
24
32
38
35
26
20
21
24
33
33
23
16
5
6
7
13
9
2
-8
-14
-16
-13
-12
-15
-18
-31
-32
-34
-30
-28
-28
-32
-36
-36
-38
-28
-27
-21
-20
-19
-16
-12
-2
-3
8
4
8
15
8
22
19
22
27
21
26
25
23
24
22
22
23
21
19
20
17
12
15
11
12
8
4
4
-1
2
-4
0
-6
-8
-5
-9
-3
-6
-8
-6
-11
-9
-5
-9
-3
-9
-11
-11
-15
-8
-16
-13
-22
-24
-20
-25
-14
-21
-25
-26
-28
-23
-17
-15
-18
-15
-23
-15
-9
-10
0
-7
-9
-4
-10
1
0
2
4
-5
0
-4
8
6
7
12
-1
6
5
10
17
15
14
8
6
7
15
15
15
14
4
9
9
11
18
11
8
6
4
11
13
13
7
2
4
3
13
6
9
7
-4
4
3
7
11
5
2
4
3
10
15
11
8
8
-3
3
6
3
8
-4
-9
-14
-17
-15
-15
-20
-24
-28
-32
-31
-28
-29
-20
-25
-27
-19
-22
-15
-12
-11
-4
-3
1
7
7
10
19
20
20
30
26
27
31
27
34
35
34
33
29
22
24
22
19
20
16
7
5
-4
-5
-1
-7
-3
-9
-16
-17
-15
-17
-13
-10
-17
-19
-29
-30
-21
-24
-20
-23
-34
-33
-35
-35
-29
-30
-33
-31
-39
-37
-25
-31
-27
-20
-27
-19
-13
-18
-11
-9
-3
6
9
7
15
9
10
26
23
34
39
27
26
26
31
38
40
38
31
25
13
17
26
26
31
13
4
-1
-4
13
16
8
3
-11
-24
-10
-1
0
9
-16
-29
-20
-25
-5
12
-13
-33
-24
-23
-18
-1
-2
-17
-30
-28
-3
-13
-4
11
-37
-38
-3
-9
3
21
-21
-43
-21
-2
4
28
31
-15
-33
-12
-6
33
71
23
-7
-1
-2
21
59
82
45
-16
-12
19
60
89
57
4
-18
14
53
49
52
42
-9
-12
6
20
64
31
-30
-9
-14
-22
35
47
-25
-54
-21
-11
8
23
1
-27
-66
-22
64
24
-25
-17
-39
-38
46
77
-11
-48
-8
-10
11
50
31
-17
-30
-2
-12
-3
25
27
25
-31
-79
-31
14
48
40
-40
-85
-56
5
22
2
9
-15
-66
-32
-6
10
20
-8
2
-19
-41
39
29
-20
5
-3
9
24
37
33
-45
-18
51
6
30
36
-11
1
-13
-1
40
2
-10
0
-26
-8
5
-7
-23
-24
-23
-28
-17
-55
-44
40
-1
-70
-74
-45
-7
-7
-15
-34
-56
-24
-14
-43
-33
-20
1
-15
-23
-16
-47
-21
30
6
-5
6
-30
-45
-23
44
76
29
-12
-52
-96
-7
107
68
14
-17
-60
-66
-13
65
60
-3
-7
-49
-82
-12
77
77
-36
-111
-52
-11
55
122
-53
-141
-45
1
83
43
-60
6
-37
-42
45
12
14
20
20
-22
-52
36
72
37
-1
-45
-22
45
107
47
-84
-46
82
70
-21
-10
16
17
15
15
32
-36
-29
76
20
-4
12
-26
0
32
51
-5
-2
47
-52
-31
91
59
16
-32
-31
19
24
51
28
15
-7
-54
-11
65
100
12
-87
-70
-57
89
149
-6
-108
-176
13
157
4
-49
-125
-75
86
32
22
-100
-144
47
59
23
-10
-85
-107
-11
117
20
-95
-38
-1
1
-20
34
57
-63
-46
35
9
1
6
21
46
-7
-54
-10
104
93
-65
-50
-3
18
99
18
-16
-10
-64
24
31
-12
-49
-114
-3
113
90
-27
-172
-112
53
89
89
5
-123
-72
52
95
119
66
-47
-104
-74
121
230
101
8
-50
-133
23
370
524
329
101
30
-104
-70
220
293
46
-179
-172
-69
-34
-36
-209
-429
-389
-242
-172
-148
-113
-129
-206
-160
-72
-133
-82
46
80
99
7
-48
30
91
189
164
29
20
-71
-127
-2
73
41
-58
-93
-29
-10
-16
-37
-70
-14
6
-69
-97
-5
128
153
99
75
27
4
42
127
177
112
39
-6
27
109
140
76
-1
-14
14
38
51
37
-19
-47
-31
24
50
-1
-46
-51
-36
23
16
-24
-17
-19
14
59
71
70
33
11
-16
-72
-3
89
57
-33
-87
-117
-90
-62
-72
-85
-139
-109
-16
11
9
24
-35
-85
-25
51
61
73
76
41
62
96
93
21
-43
-54
-63
-19
51
44
29
33
21
36
74
62
14
-4
-38
-26
31
55
38
-4
-39
-26
-1
2
-11
-32
-56
-10
65
77
82
49
6
-22
-5
-1
-29
-45
-73
-98
-86
-64
-43
-25
-55
-89
-94
-76
-36
2
-20
-8
2
-3
35
42
26
-13
-33
-31
-41
-24
10
11
0
-9
-1
6
-10
-39
-29
-7
1
23
23
17
-5
-14
7
14
0
-47
-69
-39
-2
49
49
45
9
-47
-31
-58
-74
-36
-8
-10
15
57
60
100
132
103
95
58
17
43
52
48
38
26
-22
-55
-49
-54
-68
-87
-63
-59
-64
-34
-10
30
70
77
54
30
16
9
7
-2
-18
-20
-3
43
75
73
105
103
82
104
121
114
123
111
77
44
5
-18
-40
-49
-76
-102
-124
-137
-135
-144
-133
-120
-132
-96
-35
14
62
65
44
-10
-61
-105
-142
-151
-141
-133
-116
-100
-102
-90
-88
-93
-83
-58
-27
-2
5
19
8
2
2
-42
-90
-118
-142
-146
-98
-90
-108
-98
-80
-43
-15
16
31
26
42
38
24
41
50
51
30
20
9
-49
-68
-69
-92
-58
-29
-46
-25
32
78
115
141
115
97
54
16
76
145
178
199
215
201
197
195
172
134
117
72
51
105
145
178
166
125
68
30
22
29
34
29
38
76
150
208
234
206
148
77
34
38
74
102
98
118
98
76
63
-4
-39
-82
-161
-203
-206
-182
-131
-110
-114
-136
-159
-145
-152
-134
-73
-35
-12
-6
1
31
32
2
-45
-116
-158
-197
-212
-176
-150
-162
-237
-325
-368
-386
-369
-327
-332
-335
-300
-268
-202
-127
-83
-80
-111
-134
-140
-99
-40
-34
-61
-91
-128
-160
-182
-177
-198
-212
-172
-135
-46
61
111
119
133
173
228
293
342
375
406
417
423
480
513
541
576
579
580
583
569
562
561
538
544
558
572
602
608
569
513
471
466
494
509
522
516
523
496
474
435
389
365
311
307
320
315
321
298
248
217
147
106
100
96
101
102
113
55
-18
-86
-158
-256
-319
-339
-366
-340
-316
-333
-334
-354
-428
-481
-535
-572
-592
-607
-621
-645
-674
-707
-712
-761
-797
-830
-856
-843
-871
-940
-988
-1046
-1119
-1120
-1104
-1114
-1111
-1104
-1103
-1046
-964
-948
-989
-1033
-1096
-1187
-1211
-1163
-1058
-902
-731
-582
-381
-176
-26
184
395
576
782
953
1141
1395
1740
2083
2278
2391
2322
2128
1981
1853
1770
1710
1630
1482
1303
1179
1081
945
792
642
486
384
422
520
647
780
858
897
859
833
844
898
981
1061
1120
1043
872
715
534
408
337
219
81
-42
-158
-247
-238
-216
-261
-319
-388
-425
-415
-344
-277
-248
-267
-337
-430
-488
-522
-565
-627
-679
-774
-833
-853
-892
-894
-930
-994
-1031
-1104
-1147
-1144
-1144
-1129
-1139
-1201
-1255
-1305
-1361
-1398
-1424
-1495
-1555
-1575
-1561
-1471
-1294
-1157
-1146
-1201
-1295
-1371
-1318
-1198
-1054
-891
-817
-883
-999
-1100
-1171
-1181
-1108
-1017
-995
-1008
-996
-950
-799
-354
405
1292
2097
2674
2871
2783
2694
2696
2765
2832
2851
2734
2466
2226
2050
1758
1332
817
233
-212
-315
-188
-13
220
345
277
161
135
221
389
582
723
807
886
989
1094
1151
1103
945
675
390
201
121
123
126
53
-42
-144
-240
-258
-238
-238
-245
-237
-196
-97
66
196
233
247
225
231
299
356
364
305
221
129
81
58
15
-28
-77
-123
-89
-52
-63
-102
-155
-137
-90
9
104
130
116
89
55
51
62
55
34
-2
-25
-36
-23
-42
-78
-144
-231
-309
-388
-420
-426
-405
-432
-525
-631
-752
-912
-1038
-1112
-1191
-1295
-1395
-1493
-1609
-1652
-1640
-1582
-1529
-1482
-1490
-1582
-1620
-1557
-1449
-1293
-1134
-1034
-1042
-1117
-1153
-1136
-1073
-988
-911
-846
-762
-626
-505
-461
-479
-544
-530
-199
551
1516
2315
2761
2784
2528
2282
2228
2324
2495
2618
2482
2189
1960
1825
1654
1342
883
407
16
-82
75
341
618
713
605
415
338
427
579
747
888
912
873
885
897
900
888
723
407
112
-115
-160
-90
-30
-22
-108
-269
-431
-493
-438
-324
-201
-118
-92
-10
118
234
314
314
244
142
38
-8
38
78
91
63
17
-68
-112
-142
-183
-147
-101
-85
-56
9
108
189
185
143
37
-53
-78
-82
-45
11
14
-81
-212
-320
-356
-331
-287
-256
-224
-257
-328
-396
-469
-532
-607
-700
-796
-843
-878
-937
-1050
-1232
-1490
-1761
-1950
-1988
-1925
-1773
-1666
-1694
-1717
-1744
-1730
-1638
-1531
-1444
-1334
-1209
-1073
-927
-802
-776
-824
-853
-878
-839
-695
-528
-413
-322
-288
-247
-28
517
1256
1953
2450
2599
2501
2345
2299
2330
2371
2407
2311
2048
1773
1543
1302
998
679
361
94
52
166
370
575
714
729
596
496
524
671
857
1004
1089
1050
937
805
643
524
360
176
-6
-194
-272
-313
-339
-377
-466
-564
-650
-643
-509
-303
-91
61
158
203
257
317
338
342
363
370
340
354
364
311
249
137
-15
-143
-189
-148
-80
56
176
204
187
141
117
117
183
263
297
313
286
231
178
159
109
-38
-204
-356
-455
-468
-431
-396
-440
-494
-556
-643
-683
-692
-701
-753
-821
-862
-914
-917
-909
-985
-1102
-1240
-1380
-1560
-1702
-1799
-1900
-1973
-2001
-1990
-2010
-2007
-1930
-1835
-1742
-1611
-1507
-1499
-1506
-1406
-1334
-1324
-1199
-1058
-935
-782
-591
-568
-624
-564
-524
-483
-378
-266
-91
406
1279
2184
2794
3052
2884
2525
2302
2307
2467
2628
2644
2381
2010
1670
1380
1107
739
357
103
36
181
465
801
1029
1041
975
865
822
967
1211
1406
1491
1514
1383
1158
967
768
512
235
-27
-276
-401
-378
-372
-400
-426
-553
-708
-787
-728
-553
-304
-57
96
198
223
182
142
121
115
120
121
133
153
161
100
-29
-195
-365
-433
-382
-244
-77
65
140
172
168
172
213
268
306
301
285
275
295
326
299
172
5
-205
-391
-467
-431
-360
-352
-408
-561
-737
-841
-889
-899
-866
-837
-848
-921
-974
-1011
-1050
-1050
-1072
-1152
-1299
-1437
-1575
-1682
-1712
-1742
-1810
-1866
-1861
-1800
-1680
-1508
-1342
-1265
-1259
-1299
-1324
-1327
-1282
-1191
-1105
-1034
-943
-781
-728
-713
-619
-556
-516
-480
-456
-470
-427
-91
567
1480
2392
2927
2995
2691
2330
2148
2181
2356
2529
2576
2356
1951
1624
1317
948
580
331
156
189
568
910
1137
1291
1254
1004
806
833
937
1083
1294
1367
1269
1041
757
480
154
-74
-287
-492
-584
-542
-443
-383
-329
-346
-473
-565
-540
-400
-180
68
296
361
356
341
260
126
29
-48
-152
-163
-121
-145
-166
-204
-314
-438
-507
-492
-421
-294
-156
-47
60
122
168
218
272
373
442
458
450
399
323
264
235
136
-33
-169
-306
-424
-412
-323
-285
-328
-370
-443
-569
-569
-527
-595
-646
-649
-693
-737
-715
-751
-868
-1013
-1149
-1327
-1477
-1534
-1615
-1682
-1692
-1680
-1687
-1667
-1637
-1591
-1530
-1425
-1319
-1244
-1131
-952
-825
-876
-969
-1022
-1090
-1157
-1078
-923
-771
-572
-382
-390
-492
-529
-622
-756
-742
-566
-271
356
1337
2255
2776
2935
2692
2183
1849
1889
2119
2358
2569
2483
2061
1666
1373
990
596
427
344
346
664
1126
1415
1495
1399
1051
654
555
695
871
1138
1348
1289
971
577
185
-179
-414
-560
-611
-553
-380
-186
-97
-117
-217
-392
-555
-561
-379
-117
177
399
439
334
130
-69
-234
-304
-276
-254
-243
-248
-249
-246
-237
-269
-311
-311
-277
-201
-44
146
311
416
434
356
263
302
337
385
451
395
267
116
-42
-201
-307
-357
-363
-332
-270
-226
-216
-212
-249
-319
-375
-381
-356
-280
-205
-185
-227
-332
-474
-654
-835
-1027
-1205
-1338
-1456
-1557
-1647
-1732
-1755
-1759
-1779
-1760
-1723
-1677
-1564
-1347
-1112
-945
-858
-945
-1127
-1204
-1119
-928
-749
-661
-721
-919
-1141
-1199
-1112
-1046
-985
-935
-1010
-1112
-1051
-834
-315
633
1640
2292
2650
2747
2586
2426
2464
2550
2553
2558
2398
2102
1894
1710
1373
918
536
283
229
454
808
1093
1254
1263
1124
951
929
999
1097
1218
1263
1187
1015
823
559
270
-9
-309
-536
-618
-554
-454
-368
-336
-421
-565
-672
-676
-563
-389
-190
-59
-14
9
-24
-107
-227
-317
-395
-492
-499
-430
-347
-298
-252
-242
-246
-182
-94
-8
102
246
338
378
450
485
467
467
444
378
298
260
242
237
288
295
239
148
62
15
-2
41
111
172
195
201
209
217
239
223
126
-21
-135
-214
-277
-326
-394
-564
-806
-1048
-1234
-1352
-1378
-1318
-1337
-1414
-1505
-1598
-1709
-1762
-1725
-1637
-1454
-1196
-1069
-1080
-1050
-1037
-1055
-1034
-1004
-1029
-1079
-1166
-1313
-1432
-1458
-1431
-1399
-1340
-1235
-1148
-1102
-1038
-987
-967
-912
-739
-341
416
1467
2374
2912
3067
2845
2487
2288
2281
2382
2563
2591
2305
1951
1650
1286
881
516
222
66
200
515
843
1125
1214
1036
739
576
616
809
1096
1336
1382
1225
936
590
253
-4
-170
-268
-281
-252
-213
-242
-361
-507
-680
-789
-752
-578
-346
-132
13
4
-103
-212
-318
-362
-325
-248
-165
-91
-32
-25
-24
-31
-69
-114
-147
-106
-7
129
276
363
395
364
319
205
84
83
121
182
251
286
254
227
228
204
202
298
406
476
582
683
707
663
606
459
289
213
153
77
36
-5
-154
-341
-488
-659
-813
-912
-990
-1060
-1071
-1009
-1002
-1034
-1089
-1208
-1359
-1479
-1516
-1541
-1494
-1393
-1347
-1287
-1217
-1234
-1321
-1346
-1359
-1404
-1360
-1291
-1323
-1393
-1454
-1555
-1651
-1632
-1610
-1681
-1641
-1448
-1276
-1131
-938
-795
-788
-658
-207
496
1428
2385
2974
3062
2950
2806
2596
2478
2520
2527
2316
2010
1695
1296
944
659
318
-2
-94
67
319
687
1072
1240
1215
1159
1152
1211
1402
1625
1708
1666
1522
1270
942
646
389
81
-168
-326
-442
-478
-429
-395
-450
-478
-493
-529
-430
-244
-92
15
91
83
1
-38
-83
-128
-147
-177
-199
-233
-242
-242
-279
-327
-377
-401
-415
-345
-182
-17
110
167
142
63
49
91
130
187
232
213
157
109
113
143
235
353
428
514
617
713
723
665
564
395
220
114
72
45
4
-106
-334
-563
-679
-737
-787
-808
-843
-942
-995
-969
-946
-905
-831
-781
-786
-783
-719
-706
-753
-827
-979
-1170
-1325
-1391
-1438
-1452
-1419
-1429
-1523
-1634
-1694
-1765
-1795
-1641
-1348
-1090
-923
-826
-848
-921
-909
-887
-812
-534
-238
-168
-201
-170
-177
-202
-124
84
614
1463
2223
2646
2818
2776
2546
2367
2226
2097
2121
2116
1876
1565
1341
1050
676
424
237
116
213
437
631
789
949
991
904
875
956
1063
1125
1170
1143
944
716
487
219
-30
-194
-315
-450
-511
-509
-533
-577
-626
-658
-672
-632
-498
-326
-145
27
157
193
180
174
151
111
97
76
64
35
-2
-42
-100
-127
-147
-154
-132
-78
-25
-11
24
44
62
129
187
223
279
360
439
543
668
767
845
896
900
868
783
686
616
533
408
261
90
-93
-208
-265
-368
-464
-523
-574
-601
-602
-593
-615
-621
-594
-578
-555
-511
-446
-446
-479
-508
-632
-818
-1004
-1246
-1520
-1662
-1673
-1705
-1731
-1776
-1939
-2082
-2084
-1960
-1716
-1371
-1116
-1059
-1096
-1142
-1188
-1185
-1117
-985
-826
-710
-669
-635
-582
-567
-655
-833
-908
-777
-602
-444
-231
167
875
1739
2402
2712
2794
2687
2510
2437
2457
2497
2535
2431
2051
1629
1316
1008
735
519
347
258
330
505
693
892
1034
1051
983
953
1031
1146
1230
1260
1204
1018
747
490
209
-36
-183
-340
-479
-543
-542
-542
-560
-562
-562
-537
-448
-266
-54
149
312
369
302
209
146
112
84
81
64
16
-47
-135
-213
-318
-410
-456
-471
-427
-283
-132
-19
83
154
185
237
327
437
550
623
653
664
690
700
713
711
629
517
397
280
201
156
75
-63
-204
-331
-435
-495
-505
-488
-454
-418
-415
-401
-363
-377
-395
-420
-482
-543
-579
-664
-828
-993
-1159
-1315
-1365
-1340
-1335
-1382
-1458
-1540
-1595
-1596
-1570
-1530
-1500
-1461
-1390
-1296
-1146
-937
-736
-604
-543
-551
-614
-680
-734
-772
-735
-620
-506
-432
-427
-492
-561
-570
-550
-544
-542
-477
-350
-58
616
1513
2233
2687
2868
2679
2415
2402
2462
2469
2591
2622
2270
1834
1578
1268
902
677
448
128
44
232
408
571
796
827
614
489
532
589
729
947
980
804
626
443
206
53
-33
-184
-345
-407
-436
-445
-375
-322
-387
-496
-564
-548
-435
-222
5
151
204
185
107
47
50
68
17
-29
-73
-107
-111
-81
-50
-59
-100
-136
-144
-81
52
218
376
478
532
530
514
496
535
577
635
736
823
813
721
587
433
288
211
181
140
117
109
53
-64
-141
-225
-325
-369
-383
-415
-438
-438
-475
-555
-627
-702
-789
-846
-879
-911
-948
-968
-1009
-1094
-1175
-1274
-1379
-1449
-1448
-1434
-1382
-1279
-1196
-1123
-1035
-972
-918
-830
-734
-680
-636
-585
-596
-642
-730
-853
-942
-922
-862
-843
-898
-1028
-1136
-1162
-1150
-1089
-977
-870
-783
-687
-572
-275
437
1447
2352
2970
3284
3221
2968
2825
2710
2591
2669
2743
2471
2041
1690
1256
766
373
-21
-433
-564
-387
-164
91
445
631
554
463
455
486
688
1044
1264
1289
1251
1111
834
599
417
198
-27
-169
-320
-428
-417
-384
-427
-502
-532
-550
-475
-271
-8
234
434
558
533
448
420
425
421
439
432
345
251
176
93
12
-38
-82
-162
-241
-249
-162
18
234
428
483
438
345
285
307
430
631
753
761
672
528
387
298
247
176
92
15
-94
-206
-296
-361
-433
-540
-661
-803
-890
-886
-845
-810
-812
-837
-912
-996
-1020
-995
-940
-850
-805
-833
-911
-964
-1029
-1112
-1159
-1212
-1257
-1252
-1193
-1142
-1098
-1028
-1029
-1070
-1081
-1102
-1112
-1070
-990
-944
-905
-852
-858
-890
-877
-845
-767
-645
-545
-552
-615
-647
-655
-616
-524
-382
-239
-124
116
539
1149
1867
2483
2848
2890
2795
2653
2476
2414
2457
2494
2403
2228
1978
1609
1251
911
536
186
-27
-105
-135
-47
152
313
418
465
423
330
324
417
530
670
826
875
809
702
536
358
208
105
5
-68
-91
-102
-97
-91
-84
-100
-136
-151
-121
-69
-3
73
100
54
7
-52
-105
-127
-94
-63
-35
0
20
49
89
153
202
234
248
280
324
398
489
535
533
497
456
417
412
445
448
427
370
254
135
65
51
50
78
97
57
3
-56
-143
-236
-293
-340
-395
-437
-461
-515
-564
-591
-668
-756
-858
-948
-1012
-1048
-1039
-1033
-1014
-1006
-1020
-1054
-1118
-1170
-1216
-1209
-1161
-1085
-1003
-956
-941
-966
-955
-928
-870
-800
-755
-719
-711
-734
-803
-890
-955
-957
-884
-809
-731
-619
-532
-486
-483
-520
-568
-562
-504
-470
-427
-319
-131
159
545
967
1359
1646
1846
1936
1954
1979
2026
2085
2116
2161
2188
2198
2212
2182
2080
1927
1738
1517
1266
1048
855
716
634
576
520
443
329
164
-24
-203
-343
-430
-443
-413
-338
-258
-198
-143
-97
-53
-8
43
102
168
264
356
426
493
510
475
395
301
188
68
-18
-112
-195
-231
-275
-331
-384
-424
-473
-494
-464
-434
-382
-326
-286
-247
-182
-93
-9
68
129
160
175
200
249
304
326
308
242
155
85
35
20
15
7
-24
-89
-166
-247
-310
-355
-377
-379
-387
-390
-377
-337
-288
-256
-230
-209
-179
-160
-143
-117
-97
-73
-83
-118
-152
-177
-185
-203
-220
-241
-267
-286
-313
-311
-288
-274
-259
-258
-278
-291
-300
-303
-314
-327
-355
-398
-405
-402
-381
-355
-352
-351
-364
-372
-365
-318
-233
-150
-71
-24
11
45
97
153
205
245
248
219
186
157
129
109
98
88
74
63
38
-25
-78
-115
-145
-153
-124
-72
-33
16
59
77
102
145
205
272
360
457
513
546
565
577
589
611
657
697
730
767
791
789
781
770
739
723
745
776
804
853
891
876
852
798
701
616
559
498
451
439
423
365
300
223
125
35
-32
-94
-127
-128
-109
-97
-95
-92
-93
-100
-104
-95
-89
-79
-73
-49
-36
-47
-64
-106
-158
-200
-224
-219
-214
-198
-208
-245
-263
-285
-300
-292
-295
-282
-256
-236
-223
-216
-207
-234
-256
-266
-293
-309
-310
-319
-338
-354
-366
-377
-371
-366
-356
-353
-346
-336
-320
-289
-255
-192
-140
-134
-128
-143
-177
-200
-214
-218
-237
-234
-231
-258
-266
-267
-278
-281
-284
-288
-291
-265
-212
-163
-131
-116
-121
-126
-123
-105
-71
-33
0
31
35
31
19
-12
-47
-93
-141
-183
-209
-231
-251
-272
-315
-357
-370
-366
-342
-276
-198
-140
-72
-15
50
134
244
355
451
543
618
679
733
780
802
810
802
801
804
804
807
794
776
767
766
770
794
844
879
900
906
880
848
810
770
705
666
640
606
588
560
504
436
352
261
172
102
52
15
-6
-18
-24
-29
-41
-59
-70
-107
-117
-121
-118
-116
-115
-110
-131
-152
-182
-209
-216
-194
-178
-171
-168
-161
-186
-221
-261
-298
-339
-358
-377
-393
-397
-413
-426
-452
-474
-502
-515
-525
-507
-476
-439
-406
-365
-313
-283
-243
-184
-136
-96
-66
-43
-19
7
21
-22
-76
-135
-201
-249
-279
-290
-295
-302
-333
-357
-381
-402
-432
-443
-440
-423
-398
-373
-324
-263
-204
-159
-130
-107
-87
-62
-37
-16
31
82
107
120
128
106
60
33
-5
-69
-126
-170
-200
-217
-221
-246
-295
-320
-323
-330
-306
-269
-208
-163
-121
-71
-26
45
119
193
272
343
403
469
513
558
585
611
622
649
699
735
773
817
842
851
845
823
812
802
821
827
842
839
834
819
787
758
720
704
697
701
704
687
664
621
552
474
400
348
302
269
245
200
162
102
19
-62
-123
-170
-205
-213
-206
-208
-214
-228
-259
-289
-308
-307
-305
-278
-259
-256
-271
-303
-333
-368
-382
-385
-373
-370
-386
-390
-394
-401
-390
-388
-389
-389
-376
-362
-359
-330
-310
-289
-269
-236
-203
-163
-125
-105
-115
-123
-125
-136
-133
-141
-152
-175
-179
-190
-193
-199
-220
-247
-251
-239
-224
-207
-199
-207
-227
-245
-265
-260
-248
-203
-176
-159
-152
-175
-216
-247
-262
-263
-252
-231
-206
-186
-159
-151
-162
-189
-220
-243
-261
-243
-207
-182
-151
-136
-132
-123
-130
-145
-152
-138
-127
-107
-71
-58
-34
0
24
41
67
94
122
168
244
317
390
465
521
568
603
662
718
784
858
894
913
932
940
934
914
889
853
826
826
821
832
836
823
801
785
784
795
815
834
829
800
755
688
612
538
458
380
319
255
185
118
57
-9
-80
-137
-195
-236
-257
-273
-291
-311
-342
-376
-417
-449
-468
-491
-510
-535
-560
-573
-568
-547
-524
-497
-479
-473
-462
-460
-447
-415
-389
-357
-324
-305
-304
-301
-304
-306
-296
-277
-257
-231
-197
-174
-164
-152
-143
-132
-107
-63
-19
19
65
78
69
63
57
35
16
14
-1
-14
-17
-26
-56
-80
-109
-146
-174
-181
-170
-164
-152
-143
-161
-198
-232
-266
-313
-347
-368
-387
-395
-389
-387
-398
-403
-404
-398
-373
-337
-277
-217
-174
-143
-130
-119
-94
-55
-26
-15
-6
3
-4
0
1
4
16
37
66
84
116
155
189
230
270
312
362
411
455
483
512
520
522
535
536
545
562
578
588
607
628
652
677
707
731
764
804
839
881
911
935
945
946
931
910
871
816
751
681
597
513
426
343
264
193
126
55
0
-54
-94
-128
-157
-198
-231
-259
-278
-288
-297
-314
-341
-372
-411
-444
-471
-484
-484
-483
-489
-479
-475
-469
-469
-468
-459
-455
-429
-416
-398
-368
-345
-321
-303
-276
-238
-200
-137
-86
-40
3
34
60
55
54
50
52
69
85
106
112
106
91
39
-16
-50
-86
-109
-129
-123
-129
-127
-128
-163
-187
-201
-201
-206
-202
-192
-207
-235
-274
-318
-338
-341
-329
-326
-324
-320
-346
-361
-375
-383
-377
-353
-327
-311
-293
-280
-286
-279
-263
-240
-208
-172
-128
-113
-89
-67
-52
-34
-9
22
44
83
140
184
222
259
273
282
293
324
348
374
383
379
385
384
385
379
374
362
368
382
406
437
480
521
549
579
629
686
737
793
844
884
939
1013
1056
1091
1113
1083
999
932
879
817
748
667
595
537
490
438
368
285
227
157
91
40
-4
-43
-93
-144
-184
-215
-253
-308
-370
-434
-479
-502
-526
-540
-556
-567
-582
-604
-621
-626
-626
-612
-586
-559
-518
-455
-390
-340
-305
-294
-292
-285
-280
-262
-206
-144
-91
-58
-72
-113
-146
-166
-175
-169
-181
-193
-215
-242
-251
-258
-277
-295
-318
-324
-305
-284
-262
-246
-240
-236
-230
-246
-271
-269
-265
-276
-289
-325
-382
-433
-467
-481
-480
-461
-459
-504
-576
-622
-648
-650
-605
-546
-503
-472
-439
-426
-402
-360
-315
-275
-235
-185
-109
-38
40
112
127
134
146
170
226
335
481
635
767
867
934
998
1063
1142
1243
1339
1440
1526
1573
1581
1577
1541
1479
1406
1335
1284
1243
1213
1171
1104
1005
887
744
584
450
341
245
183
127
69
12
-49
-90
-131
-156
-164
-179
-188
-170
-139
-92
-37
11
45
54
50
21
-10
-5
17
33
53
41
-5
-69
-149
-230
-302
-352
-395
-442
-489
-537
-585
-634
-679
-730
-789
-822
-824
-804
-751
-688
-636
-626
-618
-606
-587
-526
-451
-399
-354
-321
-312
-322
-340
-330
-313
-319
-341
-393
-487
-556
-606
-639
-643
-627
-639
-700
-765
-839
-898
-916
-898
-850
-791
-751
-752
-801
-854
-879
-860
-801
-728
-683
-710
-750
-794
-831
-788
-687
-582
-480
-407
-355
-248
-27
279
581
838
1030
1171
1279
1430
1659
1896
2100
2232
2262
2210
2166
2130
2081
2025
1948
1822
1646
1462
1303
1150
978
789
575
354
166
70
7
-36
-65
-146
-259
-357
-398
-353
-257
-142
-22
42
63
104
189
281
398
506
560
586
594
601
609
622
615
559
440
321
242
185
144
111
18
-139
-291
-448
-571
-593
-562
-539
-508
-502
-502
-469
-413
-326
-229
-136
-32
75
172
293
405
461
478
471
424
393
426
455
457
440
353
209
56
-87
-210
-305
-352
-411
-515
-631
-726
-808
-882
-930
-967
-997
-988
-954
-963
-992
-1029
-1094
-1166
-1189
-1149
-1099
-1085
-1108
-1162
-1229
-1263
-1222
-1138
-1078
-1019
-991
-1047
-1134
-1158
-1162
-1151
-1061
-954
-904
-882
-856
-849
-868
-893
-873
-849
-815
-700
-580
-536
-514
-464
-351
-44
413
841
1177
1420
1514
1561
1670
1857
2167
2515
2732
2772
2742
2674
2583
2456
2336
2220
2047
1869
1731
1548
1356
1191
898
513
232
61
-64
-71
-28
-64
-178
-333
-464
-492
-398
-195
22
152
241
287
286
310
408
493
561
631
651
661
653
590
490
355
162
2
-122
-211
-238
-246
-313
-466
-645
-796
-860
-834
-732
-590
-487
-446
-421
-433
-416
-285
-132
13
158
257
327
394
440
475
492
486
444
402
378
372
359
283
185
81
-50
-153
-196
-223
-238
-284
-397
-505
-556
-561
-543
-521
-527
-562
-628
-720
-774
-771
-751
-720
-729
-801
-863
-932
-1056
-1150
-1206
-1279
-1349
-1397
-1412
-1389
-1346
-1360
-1421
-1457
-1457
-1400
-1329
-1276
-1226
-1225
-1258
-1215
-1109
-1003
-867
-753
-728
-715
-647
-568
-481
-366
-283
-246
-169
66
474
906
1225
1397
1408
1376
1471
1694
1990
2333
2573
2563
2383
2218
2139
2137
2152
2106
1996
1820
1628
1464
1295
1111
905
648
382
234
218
242
232
150
-22
-220
-352
-352
-194
28
194
270
242
192
193
233
315
430
502
475
406
351
294
223
119
-30
-168
-256
-314
-339
-360
-416
-516
-644
-724
-696
-607
-501
-389
-324
-300
-257
-190
-97
54
192
239
270
341
403
465
526
519
457
393
339
311
337
371
330
206
59
-52
-115
-125
-71
-43
-100
-186
-291
-380
-384
-329
-301
-304
-312
-384
-494
-558
-596
-627
-645
-705
-797
-871
-910
-964
-1046
-1125
-1248
-1389
-1474
-1469
-1415
-1379
-1391
-1478
-1584
-1634
-1631
-1559
-1417
-1247
-1128
-1090
-1042
-963
-955
-1025
-1045
-991
-850
-636
-518
-540
-576
-670
-819
-814
-670
-518
-432
-451
-426
-153
290
671
949
1119
1192
1283
1471
1804
2264
2611
2691
2602
2483
2444
2504
2530
2508
2457
2258
1949
1713
1563
1396
1191
904
602
400
292
197
117
61
-62
-257
-423
-441
-326
-187
-76
-18
-7
-1
23
81
195
315
344
295
255
243
231
184
103
-5
-124
-236
-339
-396
-406
-462
-587
-689
-761
-778
-748
-699
-636
-579
-520
-447
-332
-184
-41
71
141
226
338
443
557
684
720
670
632
584
569
615
617
585
547
440
307
235
208
190
151
89
10
-56
-78
-115
-159
-205
-283
-383
-498
-574
-609
-659
-745
-852
-959
-1063
-1124
-1151
-1173
-1214
-1290
-1375
-1420
-1416
-1402
-1407
-1442
-1488
-1524
-1552
-1538
-1476
-1388
-1311
-1268
-1226
-1172
-1116
-1068
-1039
-1011
-931
-811
-698
-637
-619
-573
-508
-489
-464
-383
-295
-267
-281
-246
-152
-58
-5
55
231
543
831
1019
1179
1305
1401
1465
1589
1849
2085
2161
2129
2101
2104
2096
2034
1956
1883
1781
1620
1463
1396
1364
1235
1014
804
667
585
497
444
419
356
238
107
41
44
34
5
-8
4
4
-17
-28
-34
-40
-110
-216
-273
-286
-303
-319
-324
-350
-411
-514
-603
-631
-606
-584
-578
-565
-544
-533
-525
-497
-442
-370
-327
-279
-200
-116
-43
16
61
93
104
101
112
165
246
302
322
327
340
334
329
346
354
359
345
335
321
319
325
292
259
209
144
98
58
37
12
-47
-131
-223
-304
-382
-425
-462
-499
-523
-574
-635
-682
-715
-753
-800
-830
-848
-863
-881
-906
-903
-898
-925
-969
-1017
-1048
-1065
-1071
-1085
-1093
-1083
-1092
-1110
-1114
-1110
-1100
-1093
-1073
-1040
-989
-917
-859
-809
-775
-742
-692
-631
-559
-477
-377
-298
-227
-157
-95
-27
14
60
125
204
302
396
459
495
537
579
620
693
774
854
934
1010
1077
1129
1201
1288
1370
1455
1535
1592
1624
1654
1673
1664
1662
1643
1607
1573
1529
1477
1409
1332
1230
1112
1005
909
821
728
640
547
440
335
238
140
40
-46
-132
-212
-270
-338
-419
-493
-562
-627
-681
-719
-753
-790
-813
-841
-879
-897
-911
-911
-897
-872
-832
-770
-720
-679
-622
-579
-504
-399
-302
-201
-100
3
83
174
261
321
396
446
472
502
518
531
523
487
438
397
367
329
291
240
172
105
30
-45
-93
-128
-170
-214
-257
-321
-397
-474
-550
-608
-648
-687
-747
-813
-881
-974
-1066
-1155
-1231
-1292
-1351
-1397
-1432
-1457
-1473
-1499
-1536
-1558
-1554
-1558
-1547
-1518
-1481
-1414
-1350
-1308
-1278
-1228
-1189
-1140
-1038
-937
-843
-755
-697
-637
-544
-414
-252
-81
68
188
285
368
487
650
801
955
1099
1197
1302
1455
1602
1710
1822
1900
1942
2011
2090
2164
2238
2292
2276
2219
2180
2136
2093
2052
1980
1871
1736
1596
1453
1315
1199
1079
932
770
618
471
335
216
97
-37
-163
-258
-331
-404
-457
-519
-611
-677
-735
-788
-832
-875
-923
-999
-1056
-1074
-1089
-1088
-1077
-1085
-1096
-1084
-1060
-1029
-973
-895
-815
-729
-624
-516
-410
-285
-159
-48
45
133
228
328
435
539
611
648
673
677
683
710
732
737
722
680
628
564
507
459
396
318
236
154
85
11
-71
-173
-298
-418
-538
-637
-710
-784
-863
-970
-1088
-1196
-1303
-1391
-1459
-1534
-1596
-1638
-1682
-1711
-1714
-1729
-1740
-1737
-1728
-1716
-1698
-1657
-1625
-1589
-1547
-1501
-1434
-1377
-1299
-1214
-1162
-1099
-1035
-993
-930
-817
-711
-620
-496
-351
-189
-4
170
318
451
619
815
1013
1208
1389
1539
1655
1801
1969
2099
2219
2301
2314
2322
2349
2359
2355
2363
2327
2244
2155
2058
1955
1847
1753
1642
1524
1438
1341
1242
1149
1048
930
782
655
547
424
332
239
121
1
-110
-229
-358
-464
-568
-680
-782
-863
-936
-1002
-1045
-1116
-1202
-1255
-1308
-1338
-1341
-1324
-1282
-1237
-1199
-1162
-1108
-1035
-947
-845
-725
-601
-487
-367
-240
-112
10
114
215
306
399
499
567
642
710
736
764
788
805
815
807
781
726
662
609
555
499
437
363
273
192
117
32
-55
-143
-254
-384
-478
-562
-656
-737
-834
-942
-1046
-1160
-1280
-1402
-1506
-1584
-1654
-1710
-1739
-1762
-1790
-1803
-1813
-1836
-1852
-1843
-1811
-1749
-1650
-1582
-1560
-1521
-1465
-1394
-1278
-1177
-1124
-1087
-1052
-1004
-931
-819
-728
-675
-596
-473
-311
-95
110
255
363
481
643
850
1089
1326
1516
1657
1803
1954
2090
2208
2304
2351
2368
2403
2436
2457
2482
2472
2397
2300
2203
2099
1988
1895
1811
1710
1589
1471
1357
1254
1159
1041
881
724
591
457
338
240
131
-13
-160
-303
-442
-557
-664
-793
-922
-1027
-1106
-1163
-1213
-1263
-1328
-1385
-1432
-1456
-1451
-1432
-1397
-1339
-1264
-1164
-1058
-974
-895
-805
-706
-594
-459
-311
-175
-46
65
155
249
347
435
516
599
666
712
750
801
835
863
886
880
847
814
783
744
694
625
543
446
379
310
232
137
41
-62
-169
-268
-352
-444
-548
-630
-724
-813
-907
-1009
-1150
-1270
-1364
-1450
-1529
-1587
-1639
-1709
-1763
-1814
-1858
-1892
-1885
-1890
-1880
-1847
-1829
-1808
-1738
-1645
-1565
-1493
-1433
-1385
-1316
-1210
-1113
-1008
-925
-877
-841
-773
-675
-571
-455
-316
-148
43
240
397
519
628
771
951
1137
1316
1473
1596
1743
1912
2036
2133
2187
2182
2167
2200
2260
2299
2323
2327
2286
2225
2171
2087
1979
1892
1811
1731
1669
1587
1476
1366
1255
1136
994
843
705
566
429
299
154
12
-130
-277
-397
-518
-635
-751
-875
-988
-1088
-1179
-1243
-1296
-1334
-1345
-1348
-1337
-1337
-1338
-1326
-1298
-1244
-1156
-1057
-953
-836
-718
-622
-525
-421
-334
-237
-131
-5
115
230
352
454
516
561
619
696
754
787
834
875
903
898
881
964
1131
1144
922
666
538
459
364
263
187
139
16
-188
-365
-410
-433
-568
-750
-885
-972
-1028
-1095
-1176
-1259
-1363
-1510
-1654
-1731
-1779
-1832
-1880
-1889
-1909
-1954
-1988
-2027
-2053
-2043
-2022
-1995
-1942
-1850
-1740
-1620
-1473
-1368
-1306
-1231
-1133
-1020
-887
-755
-651
-513
-354
-225
-74
95
265
471
721
950
1115
1229
1259
1277
1421
1597
1706
1776
1820
1863
1972
2112
2167
2187
2185
2101
2011
2022
2075
2084
2059
2016
1922
1835
1772
1677
1585
1496
1382
1240
1144
1091
1012
905
801
683
530
368
221
99
-19
-130
-254
-382
-508
-614
-727
-851
-949
-1051
-1183
-1270
-1288
-1311
-1332
-1332
-1320
-1290
-1209
-1116
-1019
-895
-774
-679
-565
-411
-257
-128
-14
83
168
271
369
456
520
551
575
596
633
672
692
704
717
741
764
784
813
831
826
803
777
734
680
636
546
423
279
102
-74
-228
-351
-501
-661
-807
-952
-1088
-1215
-1340
-1436
-1527
-1634
-1750
-1844
-1920
-1989
-2018
-2051
-2045
-2014
-1998
-1979
-1922
-1871
-1860
-1859
-1864
-1884
-1853
-1730
-1595
-1451
-1325
-1237
-1192
-1112
-1032
-969
-892
-859
-856
-806
-688
-577
-472
-390
-344
-301
-132
221
722
1252
1667
1907
2010
2075
2150
2313
2514
2657
2680
2656
2683
2753
2765
2660
2486
2228
1934
1717
1652
1649
1646
1603
1531
1449
1377
1292
1200
1164
1113
1015
931
913
900
852
765
630
453
237
15
-186
-365
-536
-659
-754
-863
-1010
-1123
-1200
-1281
-1338
-1393
-1390
-1307
-1221
-1143
-1007
-849
-687
-547
-453
-370
-257
-124
4
125
229
326
379
457
554
612
644
621
572
580
638
693
759
815
825
795
782
791
810
827
857
875
873
884
855
804
741
625
458
290
126
-47
-234
-390
-527
-685
-884
-1084
-1270
-1472
-1630
-1773
-1899
-1992
-2054
-2097
-2094
-2059
-2059
-2146
-2255
-2339
-2393
-2372
-2275
-2124
-1983
-1869
-1842
-1843
-1835
-1862
-1919
-1928
-1854
-1736
-1582
-1405
-1247
-1121
-1028
-1019
-997
-907
-777
-666
-517
-334
-279
-332
-339
-269
-168
130
723
1418
2003
2475
2766
2817
2725
2623
2595
2656
2799
2858
2838
2872
2871
2639
2273
1944
1598
1229
1057
1135
1280
1423
1527
1574
1559
1512
1389
1237
1164
1129
1073
1066
1103
1041
840
564
249
-115
-443
-701
-856
-938
-1001
-1037
-1060
-1084
-1126
-1171
-1198
-1191
-1139
-1028
-859
-623
-418
-294
-226
-186
-174
-195
-186
-173
-147
-60
72
227
362
416
397
316
244
263
355
484
633
796
918
1001
1078
1087
1004
922
882
871
906
982
1024
983
915
803
657
527
421
316
197
107
35
-57
-169
-320
-527
-750
-942
-1076
-1174
-1223
-1265
-1364
-1479
-1591
-1701
-1838
-1978
-2103
-2255
-2357
-2364
-2326
-2277
-2276
-2353
-2455
-2484
-2415
-2332
-2189
-2004
-1886
-1851
-1783
-1626
-1554
-1589
-1605
-1588
-1496
-1303
-1066
-830
-650
-543
-622
-737
-682
-685
-822
-850
-691
-569
-380
270
1235
2080
2701
3073
3163
3020
2883
2864
2934
3145
3253
3099
2926
2858
2691
2289
1825
1421
1047
858
927
1195
1495
1646
1676
1667
1685
1648
1514
1436
1389
1326
1285
1227
1128
905
553
89
-379
-728
-1012
-1211
-1286
-1252
-1197
-1213
-1226
-1193
-1155
-1125
-1074
-944
-747
-529
-300
-97
33
66
-9
-128
-231
-291
-338
-366
-330
-277
-208
-97
1
87
118
130
209
329
522
733
933
1096
1179
1201
1162
1142
1138
1128
1136
1146
1177
1173
1115
994
807
634
462
317
248
231
196
140
68
-52
-206
-389
-568
-730
-900
-1051
-1163
-1255
-1349
-1430
-1502
-1596
-1700
-1807
-1895
-1985
-2101
-2196
-2252
-2232
-2171
-2116
-2058
-2014
-1996
-2018
-2006
-1955
-1883
-1813
-1771
-1736
-1656
-1525
-1482
-1528
-1575
-1632
-1639
-1504
-1214
-933
-782
-722
-726
-697
-627
-571
-573
-656
-795
-834
-445
460
1539
2469
3100
3349
3274
3053
2862
2727
2680
2673
2595
2560
2674
2729
2563
2171
1644
1125
741
641
808
1158
1511
1773
1960
2034
2010
1874
1642
1419
1247
1167
1147
1102
1007
783
406
-44
-487
-873
-1174
-1350
-1393
-1329
-1232
-1117
-991
-936
-938
-924
-898
-823
-667
-473
-303
-163
-43
-21
-84
-172
-276
-429
-556
-582
-531
-401
-242
-99
-9
66
197
353
510
685
853
969
1064
1164
1263
1383
1426
1376
1317
1224
1141
1117
1127
1149
1150
1097
1032
978
855
705
529
335
155
6
-79
-150
-216
-348
-496
-618
-767
-921
-1087
-1225
-1308
-1376
-1411
-1436
-1458
-1510
-1623
-1724
-1826
-1894
-1971
-2081
-2152
-2195
-2260
-2317
-2298
-2270
-2276
-2311
-2294
-2199
-2067
-1926
-1754
-1501
-1302
-1221
-1184
-1124
-1074
-1058
-993
-923
-934
-874
-805
-798
-771
-769
-889
-1116
-1248
-1282
-1071
-359
762
1914
2872
3535
3763
3606
3362
3108
2840
2722
2674
2592
2570
2651
2628
2321
1866
1354
775
440
423
613
1011
1484
1876
2136
2252
2184
1961
1674
1388
1180
1041
923
801
630
401
71
-353
-768
-1174
-1507
-1652
-1640
-1528
-1372
-1189
-1014
-901
-750
-604
-514
-420
-320
-221
-129
-8
59
61
20
-131
-304
-441
-562
-611
-575
-473
-384
-232
-65
53
222
434
648
828
986
1131
1266
1369
1455
1525
1517
1471
1413
1299
1189
1116
1015
852
744
677
582
526
500
449
392
343
188
63
47
-129
-228
-216
-323
-336
-388
-560
-635
-759
-970
-1058
-1120
-1253
-1261
-1305
-1412
-1386
-1470
-1641
-1725
-1818
-1912
-1920
-1898
-1882
-1870
-1930
-2020
-2039
-2008
-1998
-1945
-1792
-1710
-1634
-1460
-1378
-1348
-1224
-1107
-1130
-1103
-975
-933
-915
-907
-957
-1007
-1027
-1034
-1114
-1196
-1202
-1174
-1088
-789
-1
1144
2164
2902
3428
3638
3478
3160
2841
2597
2470
2352
2168
2073
2156
2094
1739
1312
906
529
277
287
559
1002
1429
1699
1973
2203
2190
1986
1788
1611
1379
1175
1003
845
724
567
242
-144
-448
-803
-1218
-1463
-1479
-1392
-1273
-1088
-866
-633
-433
-327
-239
-168
-127
-161
-208
-177
-146
-129
-153
-211
-260
-342
-468
-569
-564
-489
-399
-266
-79
138
310
460
615
783
980
1135
1245
1333
1422
1420
1357
1328
1254
1145
1005
839
649
563
544
454
441
455
388
346
333
292
237
189
97
-1
-45
-110
-183
-248
-303
-391
-530
-626
-756
-910
-1031
-1131
-1225
-1280
-1279
-1339
-1398
-1405
-1429
-1479
-1496
-1478
-1477
-1468
-1428
-1411
-1427
-1440
-1454
-1519
-1574
-1614
-1684
-1676
-1648
-1642
-1566
-1425
-1339
-1285
-1213
-1219
-1229
-1215
-1173
-1112
-1090
-1090
-1060
-976
-873
-804
-781
-819
-883
-901
-691
-40
905
1827
2500
2949
3109
2988
2773
2492
2198
1978
1779
1548
1471
1647
1739
1596
1380
1106
782
580
606
798
1182
1588
1866
2129
2376
2449
2305
2065
1798
1473
1165
925
730
584
455
227
-88
-301
-534
-834
-1014
-1060
-997
-864
-636
-366
-113
96
191
157
82
5
-159
-326
-378
-372
-364
-366
-411
-470
-536
-662
-799
-817
-731
-612
-410
-118
180
441
721
957
1129
1217
1239
1207
1142
1133
1115
1068
1035
1003
895
727
625
463
263
173
108
89
188
325
392
463
519
401
237
110
-89
-253
-322
-331
-328
-305
-331
-456
-591
-717
-901
-1084
-1160
-1221
-1264
-1275
-1281
-1264
-1244
-1246
-1280
-1302
-1349
-1413
-1433
-1480
-1484
-1471
-1527
-1595
-1674
-1733
-1784
-1787
-1697
-1639
-1579
-1480
-1350
-1264
-1178
-1005
-939
-962
-901
-807
-796
-757
-680
-687
-684
-609
-622
-702
-724
-801
-953
-803
-209
718
1688
2402
2854
3002
2811
2486
2267
2104
1947
1814
1563
1448
1585
1613
1491
1299
1011
696
506
497
671
1050
1384
1613
1882
2096
2160
2035
1795
1501
1197
936
739
616
557
519
385
195
52
-123
-351
-506
-554
-540
-488
-401
-253
-79
44
102
54
-48
-154
-319
-454
-501
-504
-461
-383
-364
-377
-328
-363
-433
-378
-316
-233
-43
201
443
699
928
1003
1003
974
858
718
628
625
620
673
753
731
698
638
491
334
248
209
219
303
414
504
566
562
480
333
132
-100
-293
-401
-447
-448
-417
-379
-402
-510
-692
-912
-1114
-1256
-1317
-1328
-1261
-1159
-1086
-1033
-1019
-1056
-1175
-1297
-1389
-1472
-1496
-1488
-1465
-1441
-1456
-1517
-1594
-1644
-1708
-1751
-1698
-1582
-1425
-1215
-989
-816
-682
-606
-585
-627
-692
-728
-726
-640
-539
-446
-340
-275
-399
-677
-769
-829
-920
-842
-724
-509
2
869
1741
2326
2800
2922
2692
2367
2058
1874
1757
1720
1552
1407
1472
1490
1412
1203
930
641
419
417
559
895
1286
1543
1768
1964
2064
1947
1728
1511
1263
1067
951
862
799
799
706
463
212
-63
-378
-638
-734
-699
-587
-449
-297
-103
43
118
108
11
-88
-164
-210
-210
-127
-45
-25
-13
-40
-90
-154
-259
-313
-258
-122
-4
124
300
427
515
582
594
574
580
547
462
519
647
675
724
787
776
772
756
646
550
523
400
270
242
186
68
-38
-154
-279
-379
-478
-584
-652
-636
-604
-601
-573
-547
-589
-691
-828
-980
-1104
-1185
-1262
-1274
-1238
-1244
-1254
-1294
-1370
-1436
-1528
-1644
-1721
-1764
-1801
-1790
-1716
-1629
-1519
-1446
-1392
-1305
-1192
-1097
-1002
-920
-867
-781
-649
-525
-443
-408
-399
-431
-491
-492
-454
-449
-521
-591
-637
-700
-740
-748
-706
-625
-529
-288
274
1147
1894
2360
2711
2816
2685
2491
2271
2021
1881
1757
1454
1305
1383
1367
1248
1055
813
568
454
454
574
904
1214
1437
1686
1907
1989
1918
1746
1484
1241
1041
811
620
552
533
414
238
122
-47
-252
-386
-456
-419
-298
-178
-54
109
291
398
386
313
200
50
-117
-236
-282
-274
-237
-238
-237
-202
-165
-143
-125
-96
-31
22
58
146
291
423
508
556
516
474
436
343
340
394
417
438
490
526
538
554
466
296
158
9
-147
-227
-206
-185
-197
-230
-314
-354
-393
-457
-486
-484
-496
-521
-546
-606
-646
-717
-855
-978
-1072
-1164
-1238
-1294
-1355
-1377
-1367
-1404
-1431
-1424
-1450
-1504
-1505
-1459
-1429
-1346
-1241
-1208
-1136
-1007
-888
-831
-825
-836
-796
-712
-672
-605
-551
-578
-648
-703
-706
-660
-530
-407
-357
-298
-186
-98
-155
-283
-357
-456
-538
-512
-417
-349
-171
238
813
1481
2011
2312
2407
2359
2223
1999
1824
1739
1662
1468
1280
1266
1294
1211
997
745
554
431
396
485
731
1025
1273
1514
1685
1792
1818
1685
1516
1355
1218
1059
872
760
712
654
525
370
239
81
-79
-185
-222
-199
-179
-135
-44
80
189
215
145
34
-20
-87
-153
-152
-117
-115
-109
-83
-33
-11
-36
-87
-200
-263
-253
-210
-130
12
164
220
266
334
336
315
313
289
290
316
330
350
398
421
370
265
134
1
-101
-145
-167
-155
-126
-120
-156
-195
-222
-277
-314
-347
-368
-391
-418
-445
-491
-533
-619
-724
-865
-1036
-1113
-1162
-1206
-1146
-1096
-1088
-1072
-1091
-1181
-1293
-1360
-1471
-1534
-1473
-1428
-1390
-1292
-1202
-1180
-1153
-1078
-1049
-1033
-962
-916
-869
-809
-687
-638
-668
-707
-767
-748
-680
-548
-428
-355
-303
-346
-398
-409
-403
-386
-401
-403
-407
-329
-19
605
1369
1932
2368
2668
2695
2605
2460
2217
1958
1816
1583
1291
1274
1335
1266
1149
950
697
533
493
499
655
956
1211
1477
1694
1820
1894
1817
1613
1388
1205
1002
805
694
650
641
567
442
304
123
-40
-154
-263
-316
-277
-211
-148
-10
141
213
204
127
12
-87
-160
-220
-232
-192
-125
-55
19
67
43
-16
-121
-236
-258
-222
-158
-48
71
127
181
244
210
195
221
179
163
198
218
260
336
339
282
253
168
89
65
12
-16
-30
-61
-101
-129
-152
-196
-223
-260
-287
-314
-395
-453
-524
-614
-646
-673
-726
-775
-805
-886
-959
-947
-995
-1100
-1155
-1197
-1312
-1413
-1418
-1445
-1506
-1557
-1618
-1641
-1587
-1472
-1344
-1185
-1017
-960
-1044
-1115
-1116
-1134
-1116
-1016
-881
-697
-506
-437
-475
-494
-538
-686
-797
-820
-790
-681
-538
-485
-418
-255
-204
-263
-165
221
829
1461
1971
2419
2757
2882
2884
2772
2560
2361
2107
1681
1365
1351
1325
1190
1104
978
809
698
639
586
672
894
1059
1231
1467
1688
1795
1769
1678
1533
1369
1140
831
624
528
423
276
166
72
-77
-213
-324
-421
-432
-421
-432
-414
-294
-128
-17
49
94
100
52
-42
-114
-136
-138
-159
-191
-165
-72
55
104
18
-53
-118
-211
-253
-191
-71
59
198
256
285
368
387
339
322
320
310
347
446
513
580
593
483
331
198
72
-58
-131
-150
-152
-139
-168
-212
-242
-264
-280
-322
-369
-393
-411
-458
-500
-520
-569
-659
-781
-908
-1008
-1071
-1107
-1155
-1224
-1312
-1400
-1491
-1557
-1583
-1611
-1645
-1660
-1639
-1620
-1603
-1531
-1450
-1354
-1254
-1198
-1152
-1045
-947
-948
-929
-884
-884
-825
-679
-621
-662
-634
-655
-745
-676
-521
-496
-482
-364
-298
-235
-93
29
230
734
1427
1972
2404
2803
2966
2933
2840
2679
2449
2277
2079
1699
1451
1429
1348
1181
1031
866
637
523
496
472
604
824
1018
1198
1426
1644
1691
1632
1530
1347
1134
922
694
465
321
192
40
-82
-195
-330
-473
-567
-617
-565
-453
-404
-334
-211
-91
-26
7
39
-4
-54
-86
-152
-190
-174
-161
-195
-199
-153
-75
24
42
14
-21
-67
-70
-1
132
288
449
520
488
501
532
485
456
494
472
458
525
559
564
613
562
413
265
118
-18
-95
-136
-148
-122
-127
-181
-230
-298
-360
-394
-438
-448
-432
-432
-454
-496
-539
-577
-653
-754
-869
-1018
-1173
-1294
-1392
-1448
-1485
-1548
-1611
-1631
-1653
-1701
-1695
-1686
-1696
-1664
-1632
-1573
-1455
-1340
-1235
-1149
-1084
-1068
-1097
-1106
-1021
-904
-808
-691
-658
-601
-469
-436
-475
-381
-267
-316
-291
-167
-98
45
209
218
342
891
1514
1933
2348
2681
2664
2594
2796
2456
2050
2488
2295
1681
1722
1519
1462
1457
903
784
793
443
448
562
501
782
946
834
1037
1138
1052
1101
1026
884
838
781
672
498
392
311
140
23
-124
-356
-411
-408
-528
-536
-379
-308
-332
-310
-259
-183
-118
-144
-148
-100
-71
-27
-40
-11
81
47
-48
-68
-41
11
149
252
274
336
331
263
278
310
336
410
481
471
477
527
503
470
473
441
430
453
442
445
474
470
389
280
174
74
-41
-117
-175
-231
-219
-246
-327
-362
-372
-428
-504
-590
-658
-698
-715
-715
-719
-749
-832
-957
-1105
-1246
-1312
-1319
-1335
-1330
-1307
-1314
-1335
-1306
-1306
-1371
-1438
-1512
-1589
-1611
-1576
-1483
-1343
-1166
-1023
-948
-875
-834
-842
-838
-786
-743
-696
-580
-480
-458
-412
-361
-346
-302
-262
-269
-249
-172
-100
-56
-16
-18
32
320
816
1460
2055
2509
2773
2773
2668
2508
2411
2396
2273
2066
1840
1653
1522
1384
1183
905
623
279
-9
-121
-74
130
305
434
559
682
801
905
997
1007
976
892
774
722
689
688
648
500
310
107
-82
-279
-421
-487
-503
-498
-484
-404
-320
-213
-122
-102
-87
-68
-47
-48
17
137
182
284
366
336
350
389
419
458
422
353
295
171
116
149
174
252
299
248
197
184
172
181
222
278
297
279
324
360
364
412
340
198
93
-14
-47
-69
-103
-143
-247
-358
-470
-573
-630
-643
-681
-735
-745
-764
-782
-811
-857
-912
-946
-930
-921
-881
-793
-781
-804
-810
-886
-976
-1069
-1182
-1264
-1324
-1356
-1382
-1399
-1402
-1393
-1365
-1331
-1215
-1070
-900
-731
-669
-607
-580
-576
-521
-466
-409
-399
-371
-306
-222
-56
41
67
32
-67
-151
-221
-174
-117
-53
-42
-77
-46
37
323
697
1158
1666
1991
2230
2319
2331
2301
2226
2152
2013
1925
1781
1633
1546
1420
1288
1012
700
384
79
-19
-43
33
166
253
295
302
386
457
545
629
651
660
607
617
636
671
750
713
622
486
343
208
85
1
-122
-219
-307
-354
-351
-321
-258
-233
-214
-184
-133
-32
99
236
294
340
372
344
348
370
375
377
377
309
230
203
122
42
-10
-56
-104
-181
-179
-169
-161
-144
-167
-189
-218
-206
-214
-215
-188
-201
-221
-254
-261
-291
-331
-335
-368
-406
-434
-457
-492
-546
-603
-649
-670
-679
-720
-785
-825
-861
-891
-899
-885
-893
-893
-853
-771
-682
-631
-617
-645
-646
-614
-599
-603
-585
-578
-625
-609
-512
-428
-365
-303
-243
-221
-204
-195
-170
-115
-92
-45
43
57
55
160
261
288
287
291
242
188
214
263
264
241
269
294
279
256
256
238
194
256
361
407
446
434
426
447
470
511
529
488
418
367
373
415
483
525
528
544
527
512
513
544
573
587
595
616
671
742
763
748
721
691
657
664
679
689
701
653
588
479
425
414
349
285
223
159
125
117
147
130
116
99
44
74
81
50
59
-4
-63
-34
-73
-88
-55
-89
-172
-289
-327
-237
-268
-370
-391
-416
-418
-418
-442
-417
-400
-483
-544
-569
-611
-614
-587
-580
-587
-560
-509
-526
-521
-492
-517
-528
-510
-505
-481
-412
-354
-295
-241
-175
-146
-151
-130
-138
-160
-161
-175
-212
-221
-193
-156
-58
31
62
101
89
45
53
57
81
132
138
143
166
153
159
166
107
91
97
89
109
151
178
187
194
174
169
149
116
140
126
122
145
131
147
146
123
114
119
101
71
43
29
10
-18
-9
-2
1
-4
1
5
7
26
27
9
14
0
-1
5
3
26
32
34
31
19
32
55
65
55
44
57
74
98
100
120
147
142
147
147
150
174
187
175
192
192
169
148
143
164
175
178
162
98
47
41
23
28
60
85
50
2
16
29
2
33
77
64
81
76
-12
-2
74
49
65
73
24
14
30
56
96
46
7
-11
-23
-6
-7
8
-5
-106
-127
-43
-84
-117
-41
-27
-55
-21
-30
-58
-76
-110
-121
-69
-47
-108
-106
-28
-23
37
165
32
-64
41
-37
-111
-2
-41
-84
-51
-115
-159
-88
-65
-136
-110
-76
-191
-267
-218
-201
-179
-98
-64
-184
-224
-140
-131
-125
-67
-34
4
37
48
-14
60
137
-70
-31
167
79
66
92
71
135
25
-39
87
62
-94
-132
-59
-99
-190
-69
122
103
-62
-104
-64
-82
23
138
176
118
-13
46
192
171
138
158
50
-98
-41
-23
-8
96
-43
-102
-5
-79
-39
145
94
50
77
108
272
410
483
465
314
256
159
90
109
84
130
94
67
24
-95
-118
-209
-377
-330
-181
-148
-136
-83
-105
-98
-49
-55
-14
56
25
-114
-26
145
107
138
245
172
131
137
74
63
104
103
59
-60
-49
59
30
9
17
12
-24
-94
-121
-7
76
57
70
106
94
106
173
257
250
164
54
-79
-79
-1
44
104
101
-17
-25
-1
-16
-50
-165
-238
-181
-195
-255
-183
-106
-96
-107
-125
-111
-122
-220
-273
-273
-166
-40
-59
-130
-127
-179
-283
-224
-143
-168
-162
-234
-273
-156
-117
-91
11
-9
-108
-155
-205
-133
26
104
134
120
75
101
159
208
267
266
186
87
7
30
90
87
109
42
-65
-79
-64
-22
68
77
-4
-58
-57
-42
61
180
206
142
42
13
39
77
115
134
102
63
-3
-56
-12
36
18
-8
-20
-23
-50
-94
-88
-47
-59
-87
-106
-129
-104
-110
-90
12
55
28
-11
-9
66
111
164
191
155
127
78
54
66
66
51
37
-4
-38
-32
-35
-23
15
15
-11
-95
-133
-72
11
92
170
203
226
275
311
290
290
272
212
207
199
211
257
265
206
137
86
34
-9
-65
-102
-93
-90
-121
-174
-169
-130
-108
-82
-112
-183
-217
-211
-175
-111
-81
-117
-167
-188
-227
-227
-187
-193
-219
-243
-259
-219
-191
-205
-176
-175
-173
-139
-149
-136
-123
-109
-53
-33
1
20
10
32
65
67
58
47
18
-7
30
83
114
124
111
108
137
137
154
212
209
167
161
168
160
137
132
137
130
127
103
87
95
75
54
68
43
1
-21
-46
-53
-22
30
38
-8
-55
-96
-114
-82
-37
-14
-12
-15
-43
-63
-43
29
82
69
14
-60
-108
-74
9
56
7
-55
-89
-128
-99
-28
-7
-60
-139
-200
-181
-99
-8
34
-14
-47
-37
-26
25
59
79
91
31
-16
-13
15
74
129
116
114
131
56
-15
13
25
-1
36
106
67
-35
-63
-36
25
37
20
-17
-87
-69
-34
-6
121
120
22
16
-2
59
220
236
153
66
-71
-101
18
80
82
52
-109
-252
-256
-202
-133
-80
-127
-276
-394
-376
-225
-94
-80
-144
-249
-340
-267
-62
15
-6
-38
-165
-160
-7
70
154
115
-32
-40
30
83
159
227
156
23
16
26
30
126
171
124
161
181
143
199
193
160
206
185
185
215
187
173
161
156
152
103
85
119
67
39
64
24
45
38
-23
-10
-59
-61
14
10
34
51
1
-35
-69
-98
-53
-40
-84
-53
-61
-174
-197
-100
-64
-126
-171
-174
-181
-150
-86
-87
-118
-117
-165
-155
-67
-44
-34
-60
-109
-90
-76
-63
7
22
18
54
49
55
90
71
79
47
3
55
62
62
83
18
20
65
39
59
61
29
70
66
61
142
141
88
103
76
73
133
91
56
88
32
-16
21
30
-9
-24
-47
-81
-56
-43
-67
-95
-87
-67
-59
-44
-72
-85
-64
-93
-67
-64
-111
-77
-86
-143
-141
-133
-136
-102
-109
-120
-85
-126
-141
-51
-48
-34
-8
-15
17
0
15
52
13
14
50
69
84
84
104
110
131
127
79
67
72
102
138
121
145
175
135
147
197
196
208
194
108
121
150
87
73
110
53
38
3
-89
-15
11
-38
42
34
-55
-57
-34
28
89
63
2
-31
-86
-56
-7
-9
-8
-108
-171
-144
-176
-103
-114
-226
-186
-234
-273
-188
-154
-116
-64
-66
-52
-80
-105
-51
3
-13
-25
9
-12
-77
-30
22
-5
-19
-74
-105
-83
-28
6
-25
-16
11
6
91
106
46
41
60
120
150
190
156
31
60
52
30
207
176
22
33
57
84
135
173
189
96
-13
46
124
92
114
122
5
-71
-18
98
97
94
33
-115
-107
-136
-146
-19
-47
-122
-159
-148
-40
-39
-87
-109
-118
-92
-164
-279
-220
-154
-173
-142
-112
-35
14
-116
-142
-45
-50
-42
-16
10
20
-14
77
243
191
50
-46
-80
33
88
49
184
256
106
47
45
58
130
128
122
184
138
85
126
166
206
201
117
107
117
43
-10
-4
40
42
-3
-17
-62
-130
-108
-67
-12
25
-35
-86
-120
-124
20
101
48
-19
-186
-299
-233
-118
21
84
-31
-117
-166
-234
-175
-62
-46
-32
-60
-136
-93
-62
-81
8
61
-8
-69
-68
-17
4
23
39
24
3
-41
-45
15
65
102
93
37
36
96
134
140
138
104
106
102
91
132
111
110
204
189
89
18
-50
-85
-68
-47
1
48
-14
-60
-8
14
32
82
83
42
-57
-116
-77
-23
75
169
146
39
-61
-122
-86
-12
-12
-79
-193
-286
-284
-203
-77
-7
-47
-138
-181
-145
-72
-29
-65
-119
-150
-155
-46
109
148
98
17
-40
-51
-21
8
33
66
40
12
31
42
40
26
29
28
-6
1
74
108
88
71
77
107
135
127
114
96
66
90
138
153
149
131
110
106
132
134
104
71
17
-16
-50
-49
31
64
49
39
-36
-108
-98
-37
31
41
1
-61
-75
-29
42
91
35
-56
-152
-219
-172
-87
-49
-83
-142
-155
-166
-128
-56
-31
-53
-113
-136
-86
-39
-2
24
13
-5
3
40
81
82
33
9
-26
-34
37
77
85
82
63
51
47
46
43
12
-28
-51
-33
32
94
110
93
89
101
90
100
111
56
-22
-64
-45
-1
44
95
91
20
-26
-41
-21
4
-21
-51
-104
-133
-80
-17
1
-23
-79
-111
-112
-104
-88
-79
-93
-107
-111
-99
-30
38
26
0
-15
-52
-71
-42
8
-2
-35
-63
-96
-75
-24
-29
-46
-67
-111
-115
-83
-36
7
27
0
-32
-28
10
36
25
17
9
-39
-22
71
140
182
189
161
133
77
58
136
157
107
62
32
23
57
111
166
166
103
37
15
45
92
106
81
43
18
28
55
92
112
89
35
-25
-48
-2
24
35
18
-46
-79
-79
-57
-7
29
22
-15
-62
-92
-73
-4
40
17
-34
-76
-84
-52
-18
-21
-44
-63
-121
-150
-135
-128
-95
-75
-110
-127
-128
-148
-103
-55
-50
-38
-37
-39
-12
-5
-4
-2
-34
-66
-81
-83
-48
-43
-67
-66
-71
-54
-32
-27
-48
-50
-26
-10
12
40
13
-11
9
44
91
124
121
94
48
24
54
104
116
91
56
2
-26
-24
-7
38
66
35
-18
-61
-83
-64
-12
43
51
24
-11
-38
-24
30
93
135
119
77
41
43
69
77
83
57
21
3
-19
-13
38
51
21
8
15
28
50
50
30
4
-33
-45
-22
-14
-9
33
52
24
18
7
-22
-28
-34
-46
-35
8
39
39
54
66
59
48
49
44
29
18
15
17
-14
-35
-32
-54
-33
6
13
20
20
11
10
40
52
48
62
48
49
76
83
88
54
4
-24
-58
-58
-43
-49
-63
-76
-89
-107
-108
-95
-96
-96
-100
-114
-105
-82
-78
-75
-78
-97
-76
-49
-32
-21
-41
-52
-60
-85
-78
-44
-25
-11
1
-3
-7
-18
-51
-59
-57
-61
-35
-12
9
35
44
40
25
16
9
15
29
55
93
102
104
122
123
122
118
106
96
70
48
36
31
44
59
74
74
51
24
-14
-24
-21
-32
-39
-33
-24
-14
6
17
8
13
19
21
37
29
11
0
-14
-8
5
3
-7
-31
-48
-58
-71
-77
-80
-87
-69
-49
-36
-8
19
45
59
60
52
37
30
32
21
8
-21
-49
-55
-64
-58
-46
-33
-26
-31
-12
16
35
55
57
50
68
77
69
81
77
54
35
26
41
35
18
9
-2
5
17
8
7
20
30
35
45
59
51
35
21
15
8
2
1
-10
-38
-57
-71
-88
-93
-84
-98
-111
-98
-106
-113
-86
-81
-105
-111
-122
-127
-106
-89
-78
-66
-82
-93
-101
-94
-77
-76
-57
-44
-44
-22
-7
-11
-3
-4
-4
-7
-31
-35
-9
4
26
49
53
62
78
73
71
56
18
-5
-26
-31
-18
-1
25
58
58
66
71
32
-19
-23
-22
-25
-1
16
10
35
55
66
68
47
33
18
-2
4
30
39
65
82
73
71
82
74
81
79
60
47
30
14
10
8
28
23
2
-4
-9
15
32
47
43
-5
-36
-30
-41
-23
-6
-19
-22
-31
-49
-46
-49
-51
-65
-79
-65
-60
-53
-25
-15
-37
-40
-46
-49
-17
14
35
55
47
46
54
59
59
40
5
-24
-28
-21
-13
27
52
47
57
42
32
54
67
76
97
94
75
58
31
4
-11
-19
-6
1
-9
-5
8
9
20
14
-23
-48
-57
-62
-54
-30
-20
-34
-55
-73
-82
-91
-91
-61
-69
-89
-84
-89
-90
-80
-79
-78
-84
-92
-97
-100
-88
-90
-92
-86
-83
-76
-72
-53
-18
3
35
53
56
62
63
56
59
48
26
12
7
25
44
56
79
71
56
69
48
37
38
12
-4
-2
-3
-1
1
11
-15
-41
-38
-26
-30
-43
-47
-47
-49
-39
-27
-33
-16
-7
-18
-7
3
-9
3
14
26
44
48
49
39
17
17
-4
-44
-57
-60
-53
-22
17
33
39
40
49
52
52
54
51
50
44
35
53
62
61
76
83
90
99
98
83
68
64
63
49
64
71
63
66
55
29
9
-9
-10
-6
17
59
74
84
85
65
58
32
-8
-4
5
25
43
20
-1
-27
-60
-51
-43
-67
-84
-95
-106
-96
-71
-53
-63
-74
-75
-87
-78
-56
-61
-89
-122
-137
-137
-117
-77
-53
-57
-69
-71
-84
-96
-87
-94
-97
-90
-99
-96
-68
-39
-13
8
17
11
14
35
39
31
17
-9
-30
-36
-30
-11
28
67
91
116
131
130
108
65
46
44
18
7
18
31
49
51
52
56
40
16
-6
5
43
75
114
147
144
124
104
77
37
-10
-51
-90
-113
-118
-109
-71
-13
25
60
101
125
130
114
91
60
27
6
-7
-14
7
40
62
77
84
66
23
-12
-20
-27
-32
-30
-41
-43
-12
18
37
67
76
41
5
-9
-17
-21
-20
-15
-29
-36
-24
-14
-1
17
3
-20
-41
-80
-121
-133
-119
-104
-88
-58
-17
17
46
60
46
31
21
-4
1
17
17
9
-24
-60
-85
-121
-130
-125
-132
-122
-92
-58
-23
5
8
6
-3
-3
5
3
-11
-22
-44
-63
-73
-84
-98
-110
-125
-123
-105
-85
-70
-75
-62
-34
-9
22
43
43
28
-7
-32
-41
-48
-40
-25
-16
-1
9
11
21
15
16
32
34
34
31
29
27
17
27
31
22
15
5
9
26
39
58
75
69
47
35
23
25
50
71
93
104
90
77
63
47
27
1
-10
-22
-35
-10
35
62
86
91
83
83
90
112
121
95
62
18
-14
-1
28
71
114
129
126
122
117
126
114
77
55
31
18
41
69
92
80
41
4
-15
-15
-10
-8
10
22
19
37
58
46
24
-8
-27
-6
12
21
34
25
4
-17
-34
-49
-75
-103
-110
-102
-86
-66
-60
-65
-76
-88
-91
-99
-107
-111
-119
-124
-130
-139
-128
-105
-86
-79
-78
-91
-111
-120
-114
-92
-61
-42
-41
-48
-35
-9
8
3
-29
-61
-85
-96
-82
-65
-55
-39
-21
3
42
79
96
94
65
29
-1
-28
-29
-24
-14
13
34
41
54
51
36
21
-8
-34
-47
-60
-69
-58
-47
-42
-41
-38
-24
-12
-3
12
10
-1
-12
-33
-42
-46
-41
-31
-36
-46
-54
-54
-29
-5
7
14
8
1
6
20
42
56
43
28
21
22
39
56
63
66
59
50
59
64
59
68
68
67
86
93
78
61
43
49
48
42
41
21
0
1
-7
-9
-2
1
27
64
83
92
83
45
14
-7
-16
-25
-63
-101
-121
-113
-72
-24
-19
-41
-72
-100
-97
-74
-54
-48
-54
-57
-45
-27
1
17
12
-4
-16
-17
-12
12
31
29
9
-3
-24
-26
-8
-5
-20
-28
-42
-34
3
46
89
88
71
48
21
20
36
26
10
-20
-50
-52
-24
20
58
81
83
86
85
86
75
52
10
-35
-72
-85
-75
-55
-24
11
41
54
64
66
62
56
53
37
18
-4
-27
-46
-55
-69
-81
-75
-62
-41
-14
3
-2
-21
-52
-70
-80
-70
-49
-48
-49
-57
-74
-83
-88
-80
-62
-53
-40
-15
12
37
57
63
49
29
1
-6
12
27
31
17
-18
-38
-36
-20
-3
5
-3
-1
34
68
80
70
52
24
2
2
23
31
21
11
8
15
37
60
67
64
48
23
9
9
0
-3
0
12
16
24
46
69
79
77
41
-23
-78
-117
-136
-131
-107
-88
-58
-18
24
48
53
46
25
-2
-18
-24
-25
-32
-56
-65
-67
-50
-30
-13
-1
4
-1
8
19
20
8
-11
-31
-45
-38
-23
3
23
31
30
35
49
68
75
75
62
57
66
73
75
52
11
-17
-21
-1
30
38
26
-6
-26
-28
-5
11
7
-10
-11
6
20
27
11
-30
-65
-72
-70
-46
-39
-40
-40
-33
-26
-21
-26
-29
-40
-46
-40
-50
-67
-91
-106
-109
-100
-96
-86
-84
-76
-59
-41
-25
0
12
24
42
40
27
10
-5
1
11
24
44
55
85
115
139
171
179
160
134
102
66
37
17
-2
-5
9
44
80
118
153
181
193
196
170
125
74
29
6
-17
-37
-47
-58
-64
-56
-50
-30
-21
-11
-6
-8
-13
-19
-31
-34
-36
-36
-30
-24
-14
-12
-13
-29
-49
-84
-111
-125
-125
-113
-92
-70
-48
-35
-23
-15
-13
-4
-7
-12
-26
-41
-53
-60
-61
-49
-40
-21
1
31
56
73
86
87
73
47
18
-4
-18
-28
-26
-20
-9
-6
-6
3
22
49
62
54
34
14
7
18
30
40
32
20
30
54
75
82
57
12
-23
-47
-44
-22
-8
4
15
12
7
-4
-20
-33
-49
-55
-55
-57
-57
-57
-62
-62
-68
-78
-78
-62
-34
-1
19
15
-5
-30
-57
-75
-77
-76
-61
-41
-10
25
46
44
38
28
25
37
48
51
46
43
49
65
69
72
67
61
59
61
65
73
71
54
34
11
-2
-11
-10
-6
3
5
2
1
14
30
45
51
39
23
4
-8
-16
-16
-20
-18
-18
-17
-16
-16
-24
-26
-32
-35
-28
-26
-13
-5
-1
-5
-16
-42
-56
-56
-41
-31
-26
-31
-34
-39
-32
-16
-11
-3
-9
-14
-11
0
-8
-17
-30
-36
-43
-41
-41
-44
-44
-39
-28
-25
-20
-24
-20
-14
-7
-10
-12
-28
-42
-41
-26
-8
3
7
4
9
26
42
41
36
18
3
-5
3
13
17
18
15
12
17
23
33
45
51
58
59
63
63
57
51
39
26
20
15
22
21
19
12
6
-1
-2
-3
-3
-5
-9
-16
-20
-21
-29
-36
-48
-46
-36
-19
-12
-14
-32
-53
-77
-83
-82
-72
-63
-63
-53
-41
-22
-5
11
11
8
6
18
28
50
66
71
65
56
47
47
59
62
63
56
45
31
30
25
38
38
36
28
18
15
18
21
29
31
21
9
-6
-11
-17
-8
-11
-15
-28
-32
-30
-19
-12
-8
-17
-25
-32
-37
-30
-26
-24
-27
-26
-27
-21
-19
-22
-25
-24
-28
-22
-20
-14
-8
-10
-4
-2
5
10
18
23
26
21
17
4
0
-6
-6
-5
-3
6
7
9
15
15
20
25
27
39
44
57
63
63
60
42
31
27
25
29
31
29
27
18
16
10
7
9
8
14
25
37
39
34
24
12
3
-1
-8
-7
-13
-9
-1
4
10
3
-5
-3
-3
-4
-2
-8
-16
-19
-14
-7
-3
-5
-10
-12
-7
4
17
18
11
2
-6
-1
4
1
-11
-22
-34
-35
-32
-31
-42
-55
-71
-78
-68
-54
-35
-24
-18
-10
-4
1
4
-7
-19
-31
-36
-33
-22
-13
-15
-22
-33
-43
-48
-48
-41
-36
-36
-31
-38
-47
-50
-59
-61
-61
-61
-57
-55
-48
-45
-53
-54
-62
-70
-74
-73
-62
-47
-32
-21
-14
-4
3
9
15
17
17
12
6
3
-6
-9
-10
-8
0
6
18
27
32
41
41
41
41
41
40
42
44
43
44
42
40
42
39
45
47
40
42
40
39
48
54
55
57
56
54
55
55
55
56
49
50
54
60
69
75
67
66
66
63
65
66
59
55
52
45
41
29
15
1
-12
-22
-18
-25
-24
-21
-23
-21
-14
-12
-7
-4
-3
-2
-1
1
-1
0
-5
0
0
2
6
7
5
11
5
4
3
-1
-7
-12
-19
-16
-6
7
21
23
17
9
7
0
-1
-10
-23
-29
-24
-16
3
16
21
17
7
1
1
2
0
-6
-23
-30
-31
-32
-27
-17
-22
-16
-17
-12
-6
-1
0
-2
-17
-27
-38
-43
-42
-40
-46
-50
-48
-48
-42
-35
-34
-35
-33
-34
-28
-26
-18
-11
-3
2
9
9
6
5
-4
-7
-5
-4
-4
1
5
22
36
51
56
52
44
45
42
45
47
45
34
31
23
16
20
16
12
9
1
6
10
15
11
-4
-20
-30
-27
-28
-19
-14
-20
-15
-10
-6
6
9
8
7
-1
-1
-5
-8
-18
-26
-36
-37
-33
-32
-29
-22
-19
-10
-8
-14
-19
-23
-24
-14
-11
-8
-2
-2
6
11
14
17
14
13
10
11
7
9
8
9
18
28
35
40
33
32
29
28
32
27
29
29
37
45
48
52
47
43
39
32
34
28
31
33
29
27
18
12
8
8
12
11
14
13
11
14
12
13
2
-11
-20
-27
-20
-17
-20
-19
-21
-14
-4
5
17
21
30
37
44
45
46
45
42
41
41
35
31
19
11
11
12
18
19
15
15
9
9
6
-8
-20
-35
-44
-41
-38
-31
-31
-33
-33
-36
-38
-38
-36
-36
-31
-26
-23
-13
-13
-19
-21
-30
-30
-25
-25
-19
-20
-20
-21
-28
-34
-38
-37
-27
-19
-6
2
11
15
14
15
10
9
9
8
11
12
12
10
5
1
-8
-9
-10
-5
2
-1
-5
-15
-30
-37
-43
-42
-44
-40
-36
-30
-19
-11
-7
-7
-13
-17
-13
-6
2
9
9
6
7
4
13
15
15
17
16
15
24
26
27
21
11
0
-11
-18
-19
-17
-21
-21
-21
-17
-9
1
5
11
8
7
2
-1
-6
-10
-14
-16
-21
-27
-34
-42
-50
-59
-62
-65
-64
-61
-59
-57
-44
-42
-34
-32
-35
-37
-33
-28
-18
-8
-1
9
18
24
34
35
33
33
26
27
28
26
24
21
12
13
14
16
19
21
26
34
38
41
34
24
16
10
12
15
17
16
11
9
14
17
24
23
19
19
18
20
23
19
11
4
-5
-12
-15
-18
-22
-21
-26
-24
-24
-26
-24
-24
-22
-15
-13
-9
-9
-10
-12
-14
-14
-17
-17
-11
-9
3
11
18
24
22
22
23
18
24
30
32
38
35
31
25
18
12
7
1
-4
-7
-11
-14
-17
-24
-28
-32
-37
-35
-36
-38
-32
-33
-27
-20
-21
-15
-14
-11
1
6
10
11
-1
-7
-17
-19
-20
-20
-18
-17
-17
-10
-10
-7
-8
-12
-16
-20
-23
-23
-22
-19
-15
-12
-9
-5
-2
-4
1
0
3
5
0
0
-5
-12
-3
-6
-2
1
-9
-6
-3
1
16
19
25
29
28
36
44
46
48
40
31
25
22
22
22
17
9
3
-4
-4
-6
-11
-9
-12
-13
-9
-10
-6
-3
-5
0
0
-2
3
-1
0
6
4
9
10
6
5
0
-6
-5
-8
-8
-7
-8
-7
-4
-5
1
4
6
2
-2
-11
-13
-19
-15
-16
-12
-13
-10
-10
-6
-5
-5
-2
0
3
5
7
8
11
5
6
1
-2
-4
1
3
13
21
27
32
38
40
43
45
45
48
46
46
46
42
40
42
38
41
41
35
32
21
17
11
3
-8
-16
-25
-28
-28
-27
-23
-25
-28
-30
-32
-35
-32
-37
-36
-37
-37
-34
-29
-28
-20
-19
-16
-11
-15
-13
-20
-21
-25
-19
-24
-19
-26
-26
-32
-29
-29
-26
-25
-26
-26
-28
-28
-28
-29
-32
-30
-30
-23
-18
-11
-6
-1
2
8
17
24
33
39
43
47
51
47
51
