SAMPLES:	13031
BITSPERSAMPLE:	16
CHANNELS:	1
SAMPLERATE:	16000
NORMALIZED:	FALSE
4
9
9
9
10
12
13
12
12
12
12
11
10
8
8
7
2
-1
-2
-5
-8
-10
-13
-15
-18
-20
-20
-21
-22
-24
-24
-23
-24
-24
-21
-21
-19
-19
-18
-15
-14
-12
-11
-8
-7
-5
-4
-3
-2
-2
-2
-2
-1
-2
-5
-4
-4
-6
-8
-9
-10
-11
-14
-15
-16
-16
-16
-19
-17
-16
-16
-15
-14
-13
-12
-11
-9
-7
-7
-6
-4
-3
-1
-1
-1
1
2
3
3
5
5
5
5
4
4
4
3
2
1
2
2
1
2
2
2
3
4
4
6
7
8
10
12
14
16
19
21
23
24
26
27
28
29
31
32
32
31
30
31
30
29
27
25
22
20
18
14
12
9
6
3
1
-2
-3
-5
-7
-8
-7
-7
-9
-9
-9
-9
-7
-7
-7
-6
-5
-4
-4
-3
-3
-2
-2
-1
-1
-1
-2
-3
-4
-6
-7
-10
-12
-15
-18
-20
-21
-23
-26
-27
-29
-30
-28
-30
-31
-30
-29
-26
-26
-24
-22
-19
-15
-12
-9
-5
-2
3
6
9
13
16
20
22
24
26
28
30
31
32
31
31
30
30
28
27
25
23
20
18
17
14
11
10
8
5
4
3
2
1
0
-2
-2
-2
-2
-2
-1
-2
0
0
0
1
2
2
3
3
3
4
4
4
4
1
2
3
1
1
1
1
1
2
3
2
1
4
4
5
6
6
7
8
10
13
14
14
16
16
17
17
16
16
16
15
12
12
11
9
5
3
1
-2
-5
-6
-9
-12
-15
-17
-20
-21
-23
-24
-25
-27
-26
-26
-26
-27
-26
-25
-24
-23
-21
-17
-16
-15
-13
-12
-11
-8
-8
-7
-6
-5
-4
-6
-5
-3
-5
-5
-5
-6
-7
-7
-8
-10
-9
-10
-11
-11
-11
-11
-11
-11
-12
-12
-12
-12
-11
-12
-11
-10
-11
-10
-12
-12
-12
-13
-14
-14
-15
-16
-17
-17
-18
-18
-19
-20
-20
-20
-20
-20
-18
-18
-16
-15
-14
-12
-10
-7
-5
-1
1
4
7
10
12
16
21
23
26
28
31
34
35
37
38
38
39
39
39
37
37
35
34
32
30
27
23
20
18
16
12
10
8
6
3
1
-2
-3
-6
-7
-8
-10
-10
-11
-11
-12
-12
-11
-11
-11
-10
-9
-9
-9
-9
-8
-9
-10
-9
-9
-9
-9
-9
-10
-9
-10
-11
-11
-12
-12
-13
-14
-14
-13
-13
-12
-13
-11
-13
-12
-11
-9
-8
-8
-6
-5
-4
-2
-1
2
4
6
8
9
11
13
14
14
16
17
18
18
19
20
19
18
16
14
13
11
9
7
5
2
1
-2
-4
-6
-9
-12
-15
-17
-18
-18
-18
-17
-17
-15
-14
-12
-9
-6
-3
0
4
7
11
14
17
22
25
27
31
34
35
38
40
41
43
44
43
43
42
40
39
37
36
34
31
30
27
25
23
22
20
18
17
13
12
10
9
7
6
5
4
2
2
1
0
-1
-3
-4
-6
-6
-8
-10
-12
-13
-15
-17
-18
-20
-20
-23
-25
-26
-28
-30
-30
-30
-30
-31
-31
-31
-30
-30
-29
-29
-28
-27
-25
-24
-22
-23
-21
-19
-17
-15
-14
-12
-11
-11
-10
-8
-9
-6
-7
-6
-6
-4
-5
-3
-3
-2
-1
-1
0
0
0
1
2
1
2
2
1
1
1
0
0
-1
0
-1
-2
-4
-3
-5
-4
-4
-6
-5
-5
-6
-7
-5
-5
-4
-5
-3
-3
-2
-1
1
1
3
4
5
6
6
8
7
7
9
10
9
11
9
10
9
10
9
9
8
7
7
7
6
7
7
7
8
6
7
7
7
4
5
4
4
3
2
1
1
0
-1
-1
-2
-1
-2
-2
-3
-4
-5
-4
-6
-5
-5
-5
-4
-3
-3
-2
-3
-3
-2
-2
-4
-3
-2
-3
-2
-5
-5
-7
-9
-10
-9
-10
-11
-13
-13
-14
-14
-15
-15
-15
-16
-15
-16
-14
-14
-14
-14
-14
-15
-12
-14
-12
-12
-10
-9
-8
-6
-6
-4
-5
-3
-4
-2
-2
1
2
3
3
5
6
8
9
10
12
14
16
17
19
19
20
19
21
22
23
23
23
22
23
22
20
18
18
17
17
17
16
14
14
14
12
11
12
12
12
14
13
15
15
16
18
19
20
21
23
23
24
24
26
26
27
26
28
28
27
28
26
26
24
21
19
16
13
11
8
6
3
1
-3
-4
-8
-10
-14
-15
-19
-20
-22
-24
-25
-26
-27
-27
-27
-28
-27
-28
-25
-25
-22
-22
-19
-18
-15
-15
-11
-10
-8
-6
-3
-2
0
2
2
5
5
5
3
5
3
4
3
4
3
3
1
1
-1
0
-1
-2
-2
-4
-4
-6
-6
-6
-6
-5
-5
-5
-4
-7
-4
-6
-4
-4
-4
-3
-2
-3
-3
-3
-3
-3
-4
-2
-3
-2
-2
0
0
3
5
7
8
10
9
11
13
14
15
16
18
18
20
22
24
26
28
31
33
34
36
37
39
37
37
35
33
31
28
25
20
18
14
11
7
5
0
-2
-5
-7
-8
-10
-11
-13
-15
-19
-22
-25
-29
-32
-35
-38
-40
-42
-42
-41
-41
-40
-39
-36
-33
-31
-28
-26
-24
-23
-22
-21
-20
-19
-21
-22
-23
-23
-24
-22
-21
-20
-20
-17
-15
-11
-8
-3
0
2
3
4
6
7
8
7
8
5
6
5
5
4
5
5
5
4
8
9
10
10
11
10
9
8
7
3
0
-2
-5
-9
-12
-13
-17
-17
-21
-21
-22
-23
-22
-22
-22
-21
-20
-19
-18
-17
-16
-15
-15
-13
-11
-9
-8
-6
-3
-2
1
3
6
8
11
12
14
15
16
18
18
19
17
18
19
18
19
17
16
15
14
12
12
12
10
10
9
10
10
9
9
9
9
9
12
12
14
13
15
14
13
13
12
14
12
12
9
9
5
6
3
1
0
-3
-5
-9
-11
-13
-15
-19
-20
-21
-25
-27
-30
-31
-33
-35
-35
-35
-35
-34
-32
-30
-28
-24
-20
-17
-12
-9
-5
-1
4
7
11
14
18
21
25
27
30
32
37
39
43
45
47
49
50
53
52
53
50
50
49
47
45
42
40
37
35
30
30
28
25
23
21
20
16
17
15
15
12
11
8
5
4
0
-2
-5
-6
-9
-10
-13
-16
-16
-18
-18
-19
-20
-21
-22
-22
-24
-24
-24
-26
-26
-28
-29
-31
-31
-33
-34
-35
-34
-35
-33
-33
-31
-28
-28
-24
-22
-19
-17
-12
-9
-6
-2
-1
2
4
6
9
12
15
17
20
22
25
27
30
31
32
32
31
32
31
29
27
27
24
23
21
20
18
16
13
11
9
8
6
5
3
1
-1
-4
-6
-8
-11
-14
-16
-18
-19
-22
-25
-27
-27
-29
-31
-33
-34
-33
-34
-35
-35
-35
-35
-34
-34
-33
-32
-30
-28
-25
-22
-19
-16
-12
-8
-4
1
4
9
13
17
20
25
29
31
35
38
41
42
45
45
46
46
46
45
44
42
41
38
36
32
30
26
23
20
16
13
8
5
2
-2
-6
-9
-11
-14
-16
-18
-19
-21
-24
-24
-26
-25
-26
-25
-26
-25
-26
-26
-26
-24
-23
-23
-22
-22
-21
-21
-19
-19
-19
-19
-17
-17
-16
-16
-14
-14
-13
-12
-11
-11
-11
-11
-10
-10
-8
-7
-7
-6
-4
-3
-1
0
2
4
5
5
7
7
5
6
6
6
4
3
3
3
2
2
1
1
1
1
0
0
-1
-2
-3
-5
-7
-9
-10
-12
-14
-15
-18
-21
-23
-26
-25
-27
-29
-29
-29
-31
-32
-33
-33
-35
-36
-37
-36
-36
-36
-36
-35
-35
-33
-31
-31
-29
-27
-23
-20
-18
-14
-11
-8
-6
-1
0
4
7
8
11
12
14
16
18
18
20
23
23
25
26
28
29
30
31
32
32
32
33
32
33
32
32
32
33
32
31
31
28
28
27
27
26
25
23
23
23
20
19
18
15
13
11
8
5
3
-1
-2
-6
-9
-10
-13
-13
-14
-15
-16
-17
-19
-18
-18
-18
-17
-16
-14
-12
-11
-9
-6
-6
-5
-1
1
2
4
8
8
11
14
14
16
16
17
18
18
17
17
16
15
13
12
11
10
7
6
5
4
3
3
3
2
4
4
4
6
8
9
10
10
12
13
13
15
16
15
16
16
15
15
12
13
13
12
11
9
7
5
4
2
0
0
-2
-3
-4
-6
-7
-7
-10
-11
-12
-11
-10
-11
-12
-11
-10
-11
-10
-7
-7
-7
-7
-8
-7
-7
-7
-8
-8
-8
-8
-8
-9
-8
-8
-8
-6
-6
-7
-5
-4
-5
-5
-5
-5
-4
-6
-5
-5
-6
-6
-6
-7
-8
-7
-7
-7
-5
-6
-5
-5
-4
-4
-4
-3
-3
-1
-1
0
2
3
4
5
5
8
8
8
9
9
10
10
10
9
10
8
9
9
8
8
7
6
5
5
5
5
4
4
5
4
3
4
3
4
2
3
5
5
4
3
3
3
2
1
0
0
0
-1
-3
-3
-6
-9
-11
-13
-16
-18
-20
-22
-23
-24
-27
-30
-30
-31
-32
-33
-34
-32
-32
-30
-28
-27
-24
-22
-20
-17
-14
-11
-7
-4
0
3
6
10
14
16
18
22
24
28
29
30
32
33
34
34
36
34
34
34
32
29
26
24
21
19
14
11
8
5
3
-1
-4
-8
-8
-11
-14
-17
-19
-20
-22
-22
-26
-26
-26
-26
-27
-27
-26
-26
-24
-22
-20
-19
-16
-14
-11
-9
-8
-5
-4
-1
1
2
4
5
8
8
10
9
11
11
13
13
14
14
15
16
14
14
14
15
14
14
14
15
16
16
15
14
13
14
12
12
10
10
10
11
12
12
12
12
12
11
11
11
10
10
9
9
7
7
6
5
4
0
0
-3
-4
-5
-7
-10
-11
-13
-14
-17
-17
-19
-22
-21
-23
-22
-22
-22
-22
-21
-22
-21
-21
-20
-19
-19
-17
-16
-14
-13
-13
-12
-9
-8
-6
-6
-4
-3
-1
-1
0
1
4
4
7
7
8
9
8
11
10
12
11
13
12
15
16
17
18
20
20
22
23
24
24
25
26
24
25
24
25
23
24
22
23
21
21
18
17
16
13
12
10
9
6
5
2
1
-2
-2
-5
-6
-9
-11
-13
-16
-18
-20
-20
-20
-19
-20
-18
-17
-14
-13
-10
-9
-6
-4
-1
1
4
7
9
10
13
15
16
19
19
21
21
22
21
22
21
21
19
18
16
13
11
8
5
2
-1
-5
-8
-12
-15
-20
-22
-27
-31
-35
-37
-40
-40
-43
-43
-44
-45
-47
-48
-46
-47
-46
-45
-43
-44
-42
-41
-39
-38
-35
-34
-31
-29
-25
-22
-19
-16
-14
-9
-6
-2
2
6
9
14
19
23
24
28
31
34
36
39
42
43
47
49
51
51
52
52
54
53
53
54
53
53
52
50
48
47
44
42
40
38
37
35
35
33
31
28
24
21
19
18
16
14
12
9
5
1
-1
-5
-9
-12
-18
-22
-25
-28
-31
-36
-40
-44
-48
-52
-55
-57
-60
-61
-62
-63
-64
-66
-66
-67
-67
-65
-64
-64
-62
-61
-57
-56
-55
-53
-51
-50
-47
-43
-41
-36
-32
-27
-24
-19
-17
-14
-10
-8
-4
1
4
10
15
19
22
26
29
34
38
42
46
49
53
57
61
63
66
66
66
67
67
66
66
65
64
62
60
57
52
48
43
38
33
28
23
19
16
11
5
1
-3
-7
-11
-14
-16
-18
-20
-20
-20
-21
-20
-20
-20
-19
-17
-16
-14
-13
-10
-8
-7
-6
-5
-5
-4
-3
-2
-1
-4
-3
-3
-4
-7
-8
-11
-13
-16
-17
-19
-22
-24
-27
-31
-34
-37
-41
-43
-45
-48
-49
-50
-52
-52
-55
-55
-57
-56
-56
-54
-50
-49
-47
-43
-41
-37
-33
-30
-26
-22
-18
-14
-8
-4
1
5
10
14
20
24
30
35
40
44
49
52
57
62
66
70
74
79
82
86
88
93
96
99
103
107
110
113
115
116
119
121
122
123
123
123
124
121
121
118
117
113
110
105
101
95
89
83
76
70
62
54
45
37
26
18
8
-1
-11
-19
-29
-38
-47
-55
-64
-71
-80
-88
-93
-100
-105
-111
-116
-121
-123
-128
-132
-136
-138
-140
-142
-143
-145
-147
-149
-151
-151
-152
-153
-152
-152
-152
-151
-151
-150
-149
-149
-146
-144
-143
-140
-136
-134
-128
-123
-117
-111
-101
-91
-79
-68
-55
-41
-28
-13
2
18
36
54
72
90
107
125
141
158
173
188
203
220
234
248
261
275
286
295
305
311
318
322
327
330
333
334
333
330
326
320
313
303
293
284
273
264
251
240
226
210
194
176
158
140
119
99
79
58
38
15
-9
-33
-59
-84
-109
-136
-161
-186
-210
-233
-255
-278
-300
-321
-343
-363
-381
-400
-417
-432
-447
-458
-469
-480
-489
-498
-508
-517
-528
-537
-548
-557
-566
-577
-588
-598
-611
-623
-639
-652
-665
-679
-688
-696
-699
-697
-693
-683
-669
-651
-625
-594
-552
-503
-442
-374
-297
-212
-119
-23
77
180
284
390
498
608
716
822
920
1013
1093
1163
1223
1270
1303
1327
1342
1345
1339
1325
1299
1262
1213
1154
1088
1018
945
870
799
727
658
586
517
448
385
320
261
210
167
133
104
80
57
35
10
-17
-42
-67
-94
-121
-148
-176
-208
-246
-292
-343
-399
-459
-522
-581
-638
-694
-747
-796
-837
-878
-913
-945
-971
-994
-1009
-1014
-1011
-1005
-998
-987
-972
-954
-936
-914
-888
-861
-836
-806
-771
-733
-709
-692
-688
-688
-692
-692
-685
-675
-666
-654
-636
-620
-603
-582
-548
-514
-476
-411
-296
-146
10
165
328
489
625
742
870
1025
1173
1295
1415
1559
1704
1797
1837
1859
1859
1814
1731
1661
1627
1583
1492
1368
1244
1111
941
742
554
391
231
70
-60
-148
-222
-315
-423
-521
-600
-664
-703
-710
-693
-663
-635
-603
-570
-537
-508
-477
-447
-412
-363
-298
-229
-178
-148
-127
-112
-112
-119
-114
-91
-71
-66
-62
-47
-34
-41
-63
-75
-70
-64
-66
-59
-36
-17
-18
-24
-14
9
24
35
59
100
142
177
216
261
309
348
394
456
523
573
608
637
653
654
654
662
664
652
625
599
572
527
457
376
296
196
80
-19
-98
-187
-297
-415
-528
-637
-741
-842
-927
-992
-1048
-1106
-1150
-1176
-1200
-1240
-1276
-1297
-1311
-1313
-1298
-1271
-1244
-1214
-1179
-1148
-1127
-1120
-1132
-1151
-1155
-1137
-1119
-1107
-1096
-1093
-1107
-1133
-1163
-1178
-1162
-1141
-1127
-1049
-848
-595
-392
-216
-7
206
355
471
647
917
1192
1382
1550
1817
2139
2332
2378
2430
2539
2585
2528
2507
2604
2703
2644
2452
2275
2157
1981
1688
1392
1200
1043
825
592
439
327
150
-124
-401
-594
-711
-812
-915
-980
-1001
-1031
-1100
-1176
-1219
-1229
-1231
-1243
-1240
-1171
-1036
-916
-862
-833
-779
-716
-678
-638
-545
-400
-265
-184
-119
-21
86
130
128
143
200
260
298
334
383
421
399
326
262
226
195
156
129
123
134
160
181
184
170
163
148
121
119
160
225
280
310
327
361
406
429
423
433
468
489
487
501
543
569
532
451
369
310
237
137
38
-38
-115
-227
-347
-444
-526
-631
-766
-901
-996
-1056
-1125
-1210
-1286
-1343
-1405
-1480
-1540
-1570
-1580
-1601
-1630
-1636
-1596
-1537
-1504
-1494
-1484
-1467
-1448
-1410
-1348
-1280
-1226
-1195
-1176
-1158
-1147
-1143
-1125
-1093
-1059
-978
-774
-470
-181
34
225
422
583
678
790
1012
1313
1560
1741
1991
2347
2638
2724
2710
2750
2813
2786
2719
2771
2931
2989
2829
2593
2439
2301
2029
1665
1389
1236
1059
802
581
463
326
39
-332
-617
-772
-894
-1032
-1135
-1172
-1202
-1287
-1405
-1485
-1511
-1527
-1557
-1562
-1491
-1346
-1186
-1065
-988
-923
-848
-768
-688
-580
-419
-224
-66
28
114
231
332
352
339
382
481
558
586
611
644
627
516
364
258
212
155
64
18
51
68
-1
-96
-158
-226
-331
-414
-416
-346
-267
-219
-180
-116
-56
-51
-63
-19
72
150
226
341
470
540
542
514
480
444
411
386
378
377
358
299
211
103
-19
-153
-284
-397
-492
-564
-628
-708
-818
-944
-1065
-1177
-1283
-1369
-1412
-1427
-1453
-1493
-1523
-1532
-1537
-1546
-1549
-1533
-1500
-1466
-1437
-1388
-1311
-1248
-1227
-1217
-1181
-1131
-1101
-1094
-1073
-1018
-954
-889
-758
-493
-162
99
274
451
649
797
874
984
1214
1501
1728
1906
2159
2494
2715
2708
2621
2627
2670
2629
2561
2610
2736
2734
2525
2260
2081
1926
1649
1293
1046
942
826
615
412
278
112
-180
-520
-761
-860
-910
-992
-1079
-1116
-1136
-1209
-1325
-1409
-1434
-1438
-1437
-1405
-1316
-1171
-1028
-953
-935
-912
-851
-775
-692
-575
-413
-239
-107
-23
52
147
217
231
240
305
403
477
523
552
551
493
385
267
186
145
103
63
63
86
68
10
-48
-118
-220
-301
-316
-280
-220
-148
-80
-24
22
42
43
73
138
196
249
343
467
555
583
585
566
522
468
421
392
380
360
302
218
128
33
-82
-214
-340
-445
-529
-608
-687
-764
-843
-936
-1039
-1145
-1240
-1302
-1333
-1360
-1391
-1413
-1426
-1454
-1492
-1513
-1519
-1507
-1466
-1414
-1373
-1320
-1245
-1169
-1115
-1072
-1040
-1013
-977
-937
-915
-895
-854
-815
-800
-760
-628
-394
-121
108
268
411
577
710
774
863
1069
1329
1526
1675
1907
2229
2468
2497
2419
2426
2521
2554
2511
2550
2701
2768
2604
2334
2160
2064
1847
1485
1188
1074
996
798
546
372
231
-25
-393
-701
-831
-869
-966
-1114
-1193
-1200
-1255
-1395
-1523
-1569
-1564
-1561
-1550
-1468
-1298
-1125
-1036
-1011
-964
-868
-767
-668
-536
-349
-143
15
120
221
335
415
429
429
480
570
650
694
708
693
635
526
394
318
300
263
182
114
73
10
-78
-168
-252
-335
-397
-438
-437
-374
-287
-251
-267
-259
-216
-178
-116
-1
107
185
256
332
400
454
478
470
443
426
432
444
457
461
424
329
230
150
71
-23
-138
-247
-349
-443
-514
-574
-674
-804
-936
-1068
-1189
-1282
-1341
-1381
-1436
-1482
-1518
-1581
-1616
-1610
-1640
-1675
-1627
-1551
-1491
-1443
-1399
-1340
-1279
-1228
-1210
-1236
-1212
-1146
-1289
-1548
-1570
-1489
-1548
-1587
-1401
-884
-114
478
667
714
868
1169
1476
1715
2087
2610
2977
3169
3417
3733
3926
3761
3281
2930
2879
2926
2968
2877
2562
2105
1504
823
363
137
-120
-481
-837
-1056
-1094
-1114
-1228
-1390
-1579
-1702
-1609
-1320
-896
-422
-97
-1
20
150
405
674
873
1024
1164
1283
1372
1386
1325
1177
869
460
169
95
86
-49
-331
-647
-961
-1267
-1502
-1630
-1653
-1638
-1670
-1676
-1525
-1280
-1120
-1070
-1013
-874
-675
-440
-140
168
403
585
717
818
955
1062
1031
957
926
871
767
669
553
369
149
-59
-233
-339
-367
-394
-461
-467
-401
-358
-306
-218
-144
-82
2
108
245
397
498
539
532
511
523
541
508
427
319
188
49
-74
-198
-372
-600
-836
-1047
-1214
-1334
-1451
-1574
-1684
-1808
-1942
-2019
-2022
-1968
-1878
-1807
-1734
-1598
-1433
-1316
-1243
-1166
-1096
-1068
-1035
-936
-845
-807
-806
-877
-1034
-1212
-1370
-1494
-1630
-1714
-1307
-179
1075
1689
1558
1147
1046
1413
1853
2130
2492
3031
3400
3447
3513
3735
3637
2913
2029
1628
1832
2274
2423
2072
1456
741
-75
-742
-896
-657
-550
-785
-1007
-900
-649
-560
-663
-778
-733
-483
-90
452
1107
1558
1504
1114
887
1019
1261
1368
1365
1310
1170
916
590
292
32
-337
-864
-1278
-1339
-1199
-1165
-1339
-1593
-1802
-1959
-2013
-1868
-1553
-1231
-1040
-941
-753
-424
-151
-51
13
176
401
576
701
845
950
860
611
422
384
409
358
161
-67
-218
-353
-512
-590
-541
-498
-563
-629
-539
-318
-127
-2
109
264
469
665
839
1036
1228
1277
1169
1053
1037
1061
966
753
559
397
193
-39
-246
-436
-623
-826
-1035
-1171
-1229
-1280
-1372
-1470
-1507
-1510
-1526
-1500
-1392
-1288
-1233
-1200
-1173
-1120
-1041
-981
-919
-853
-794
-736
-750
-839
-898
-957
-1104
-1211
-1208
-1246
-1370
-1510
-1641
-1764
-1861
-1923
-2006
-2106
-2189
-2304
-2158
-1143
536
1708
1815
1428
1246
1578
2206
2698
3028
3474
3916
3979
3836
3951
4132
3637
2503
1704
1709
2122
2379
2160
1532
777
-6
-766
-1127
-903
-546
-613
-1001
-1071
-715
-438
-431
-479
-437
-252
112
579
1124
1644
1790
1435
983
907
1159
1319
1254
1120
922
593
228
-82
-343
-584
-927
-1366
-1598
-1475
-1279
-1312
-1516
-1666
-1724
-1731
-1621
-1335
-986
-744
-633
-553
-359
-50
169
217
251
362
441
439
440
442
337
85
-175
-309
-286
-155
-123
-290
-484
-583
-654
-628
-390
-169
-129
-124
-39
105
330
630
841
957
1122
1343
1513
1656
1805
1763
1508
1282
1158
1079
1000
858
596
270
-45
-329
-573
-802
-985
-1152
-1322
-1394
-1359
-1332
-1360
-1387
-1413
-1420
-1338
-1191
-1019
-875
-816
-857
-943
-940
-822
-749
-780
-793
-824
-946
-1028
-1062
-1139
-1214
-1286
-1401
-1506
-1512
-1474
-1523
-1680
-1803
-1789
-1727
-1659
-1574
-1541
-1609
-1730
-1905
-2021
-1544
-166
1455
2323
2268
1924
1829
2143
2659
3052
3349
3747
4064
4049
3951
3993
3798
2988
1935
1416
1577
1950
2061
1703
983
151
-600
-1153
-1257
-907
-598
-675
-867
-767
-494
-350
-350
-339
-190
104
526
998
1441
1705
1559
1112
776
808
999
1050
950
758
481
112
-265
-568
-796
-1024
-1344
-1593
-1611
-1467
-1366
-1433
-1560
-1638
-1629
-1537
-1310
-962
-674
-522
-464
-357
-148
42
128
143
176
209
237
237
200
166
12
-191
-180
20
127
59
-71
-234
-278
-171
-60
75
289
467
466
479
690
976
1164
1267
1428
1619
1796
1912
1874
1752
1624
1473
1269
1102
1026
904
625
213
-150
-435
-725
-963
-1159
-1364
-1541
-1630
-1660
-1654
-1624
-1634
-1676
-1696
-1604
-1391
-1214
-1092
-992
-991
-1047
-1014
-919
-851
-794
-786
-821
-832
-830
-830
-889
-1016
-1099
-1188
-1345
-1407
-1362
-1426
-1559
-1611
-1651
-1693
-1690
-1700
-1752
-1791
-1723
-1672
-1793
-1958
-2028
-1782
-776
844
1985
2075
1715
1579
1906
2510
3045
3460
3903
4342
4479
4306
4187
4183
3773
2871
2293
2381
2673
2706
2303
1585
776
24
-621
-960
-875
-650
-711
-1091
-1281
-1153
-1107
-1205
-1186
-941
-570
-164
215
568
857
926
789
652
772
1123
1333
1301
1219
1106
845
488
175
-30
-144
-324
-593
-826
-988
-1120
-1314
-1525
-1629
-1639
-1660
-1676
-1601
-1455
-1293
-1188
-1086
-882
-654
-469
-293
-97
105
270
413
573
743
819
811
782
792
911
958
818
680
620
533
426
406
435
455
432
396
423
491
612
718
747
831
967
996
952
985
1042
1036
974
875
805
716
561
393
203
18
-136
-354
-642
-864
-1028
-1189
-1295
-1367
-1441
-1529
-1666
-1790
-1856
-1900
-1891
-1840
-1785
-1677
-1561
-1521
-1497
-1407
-1286
-1126
-931
-790
-695
-651
-651
-675
-715
-710
-677
-661
-675
-713
-831
-1041
-1191
-1294
-1382
-1434
-1469
-1531
-1653
-1768
-1887
-2008
-2122
-2084
-1491
-303
893
1441
1334
1130
1325
1980
2690
3264
3818
4325
4601
4563
4516
4594
4471
3968
3454
3325
3437
3466
3125
2384
1544
762
87
-366
-497
-470
-642
-1078
-1496
-1674
-1760
-1844
-1778
-1574
-1274
-944
-685
-447
-179
39
114
210
484
859
1140
1205
1191
1143
1006
832
685
599
515
347
37
-296
-523
-744
-992
-1221
-1361
-1441
-1576
-1735
-1823
-1801
-1781
-1755
-1620
-1389
-1113
-896
-733
-552
-287
60
331
469
594
807
970
1073
1262
1386
1322
1184
1080
1014
1006
1035
956
804
693
645
565
446
421
406
329
307
406
502
490
437
362
324
369
436
465
425
393
342
223
123
72
0
-162
-338
-495
-650
-781
-904
-1017
-1160
-1310
-1449
-1611
-1752
-1859
-1951
-2054
-2083
-2000
-1896
-1819
-1801
-1786
-1719
-1591
-1403
-1238
-1116
-1002
-890
-823
-761
-632
-567
-602
-606
-544
-503
-533
-610
-735
-842
-910
-1013
-1132
-1215
-1262
-1380
-1522
-1294
-465
514
954
820
597
729
1307
1966
2400
2752
3188
3570
3750
3870
4082
4184
3893
3463
3396
3650
3812
3616
3082
2477
1993
1569
1181
952
813
509
-14
-506
-721
-813
-1058
-1358
-1485
-1431
-1318
-1234
-1208
-1187
-1158
-1161
-1086
-828
-483
-279
-269
-304
-278
-211
-151
-68
28
97
106
38
-40
-100
-158
-241
-309
-306
-291
-328
-439
-570
-694
-793
-809
-761
-678
-627
-622
-624
-601
-554
-516
-412
-256
-139
-61
-2
70
157
272
361
406
480
562
637
701
804
929
968
964
978
1010
1029
1082
1130
1092
1070
1090
1089
1046
973
876
737
590
448
310
187
81
-14
-172
-352
-482
-598
-712
-832
-963
-1086
-1147
-1145
-1134
-1138
-1197
-1275
-1320
-1353
-1365
-1352
-1332
-1323
-1299
-1247
-1174
-1056
-955
-937
-949
-915
-808
-706
-655
-626
-600
-586
-595
-575
-564
-588
-635
-714
-776
-786
-779
-816
-889
-939
-972
-1016
-1096
-1126
-1067
-993
-789
-338
160
404
406
396
535
871
1269
1613
1950
2296
2547
2632
2714
2885
2981
2897
2826
2961
3142
3181
3074
2890
2665
2393
2105
1885
1785
1685
1464
1195
983
806
547
206
-64
-199
-306
-442
-537
-625
-784
-975
-1123
-1185
-1183
-1190
-1248
-1304
-1322
-1328
-1346
-1351
-1301
-1241
-1229
-1199
-1090
-972
-916
-883
-826
-740
-629
-523
-434
-387
-390
-397
-361
-260
-116
-2
26
37
105
182
214
214
211
193
178
209
265
301
322
328
305
284
310
359
406
441
465
491
521
550
571
585
609
642
650
648
695
770
811
796
729
654
619
613
584
549
522
479
419
340
260
188
102
-22
-160
-273
-344
-364
-390
-471
-594
-746
-913
-1065
-1166
-1201
-1199
-1239
-1326
-1382
-1401
-1402
-1380
-1362
-1358
-1328
-1245
-1140
-1038
-965
-935
-918
-892
-815
-690
-570
-497
-475
-467
-458
-426
-379
-355
-361
-384
-402
-419
-412
-376
-358
-359
-362
-335
-239
-89
45
103
127
185
329
518
699
893
1090
1268
1435
1608
1791
1955
2071
2151
2239
2339
2429
2490
2494
2454
2385
2289
2193
2104
1993
1822
1625
1438
1250
1055
852
651
430
198
-7
-152
-258
-392
-540
-662
-747
-807
-857
-912
-964
-993
-1012
-1013
-979
-929
-901
-914
-929
-918
-893
-862
-819
-780
-771
-778
-794
-814
-822
-826
-807
-765
-713
-664
-631
-608
-582
-547
-512
-467
-395
-319
-257
-212
-151
-62
29
114
170
205
258
341
437
529
605
646
673
712
764
808
812
800
785
776
809
876
925
928
893
835
794
775
734
690
634
564
513
469
429
391
315
196
87
10
-49
-96
-163
-249
-346
-476
-593
-686
-782
-888
-994
-1085
-1147
-1192
-1242
-1272
-1275
-1266
-1239
-1221
-1217
-1202
-1170
-1127
-1077
-1018
-946
-862
-792
-742
-696
-652
-598
-544
-505
-466
-410
-370
-381
-421
-445
-427
-380
-328
-274
-227
-189
-137
-51
53
158
270
378
494
638
791
931
1077
1229
1366
1500
1633
1741
1810
1849
1878
1900
1914
1927
1931
1905
1849
1771
1666
1561
1451
1323
1213
1124
1019
895
783
677
563
419
258
139
67
11
-52
-116
-169
-236
-341
-453
-513
-529
-539
-557
-578
-587
-621
-707
-793
-830
-832
-838
-861
-899
-918
-931
-969
-1013
-1047
-1052
-1033
-1004
-954
-879
-813
-770
-729
-687
-634
-554
-473
-407
-342
-254
-159
-77
-3
78
158
212
260
342
452
560
615
608
613
660
710
734
764
789
786
772
779
810
836
821
766
707
671
638
590
526
463
402
319
257
233
199
127
29
-64
-134
-182
-228
-275
-333
-414
-502
-591
-666
-721
-770
-817
-867
-912
-940
-945
-940
-948
-957
-959
-936
-895
-862
-835
-812
-801
-791
-748
-671
-602
-572
-580
-578
-548
-508
-486
-489
-478
-457
-454
-464
-446
-383
-324
-291
-249
-173
-63
48
134
196
267
352
449
557
669
794
912
1007
1097
1183
1252
1295
1322
1345
1378
1429
1480
1510
1509
1490
1454
1396
1334
1277
1218
1155
1101
1059
1010
951
866
757
655
571
488
376
277
216
170
119
54
-23
-110
-187
-256
-307
-322
-345
-395
-464
-521
-552
-582
-617
-643
-644
-644
-664
-692
-720
-738
-767
-812
-839
-834
-793
-743
-699
-683
-683
-677
-647
-578
-524
-496
-475
-446
-393
-334
-290
-273
-250
-215
-180
-132
-45
86
193
244
266
280
310
350
408
476
540
594
623
645
671
713
725
676
638
634
625
582
534
485
409
315
224
165
125
90
47
-28
-102
-170
-239
-309
-365
-396
-426
-451
-474
-500
-532
-560
-574
-596
-613
-610
-589
-562
-553
-553
-573
-614
-653
-659
-626
-586
-549
-528
-494
-455
-451
-474
-497
-500
-496
-492
-464
-409
-359
-346
-346
-338
-304
-239
-193
-161
-111
-42
17
65
120
169
209
245
294
364
443
543
622
646
660
693
734
778
834
885
942
1016
1082
1137
1185
1231
1254
1238
1212
1203
1201
1194
1187
1157
1105
1049
980
912
852
776
674
564
466
372
278
180
74
-51
-186
-288
-355
-410
-477
-554
-627
-687
-732
-772
-790
-764
-717
-697
-703
-686
-659
-651
-649
-628
-582
-533
-479
-425
-388
-381
-395
-406
-410
-390
-350
-339
-367
-388
-394
-415
-439
-439
-426
-426
-425
-381
-317
-260
-194
-138
-105
-66
9
106
214
330
413
456
488
530
573
608
641
667
684
689
679
642
574
487
391
310
252
209
162
100
23
-81
-188
-271
-335
-375
-395
-394
-384
-396
-424
-452
-463
-454
-423
-380
-340
-300
-264
-228
-213
-227
-244
-265
-279
-287
-272
-248
-249
-286
-348
-372
-387
-399
-412
-446
-453
-449
-447
-428
-406
-380
-350
-342
-347
-294
-209
-136
-60
-4
52
109
169
234
301
343
339
338
384
676
921
653
401
531
739
717
473
362
520
590
466
466
531
547
544
505
510
569
579
571
642
714
718
761
784
765
739
663
640
641
563
455
454
399
230
129
12
-73
-192
-372
-377
-295
-425
-644
-579
-646
-762
-610
-592
-603
-599
-459
-285
-359
-419
-406
-347
-353
-286
-136
-142
-15
17
-43
-132
-146
151
-34
-295
-21
143
-59
-364
-377
-54
22
-465
-633
-237
-132
-198
-350
-437
-102
-7
-218
-248
-220
165
320
-97
-8
306
312
220
242
211
206
267
263
418
228
191
480
121
-50
260
171
13
84
-79
5
91
-236
-189
-165
-351
-277
-144
-199
-293
-453
-344
-90
-305
-443
-351
-237
-139
-314
-384
-121
-127
-483
-373
-93
-95
-248
-487
-313
-72
-169
-393
-378
-147
-139
-308
-256
-63
-86
-145
-163
-85
10
-117
-132
-7
19
26
99
51
26
177
207
212
181
111
365
410
253
447
360
266
385
343
474
477
291
379
530
411
490
572
438
507
540
592
654
592
591
630
579
519
598
612
525
421
365
493
507
339
275
313
265
115
-37
31
194
-72
-202
-169
-260
-176
-259
-455
-354
-472
-418
-53
-346
-564
-215
-489
-410
-176
-491
-116
-72
-532
-94
-90
-470
-95
-100
-263
-39
-183
-81
128
-265
-207
43
-223
-295
-89
-14
-134
-139
-211
-102
-123
-377
-71
-428
-326
42
-282
-312
-181
-71
-55
-219
-470
-74
53
-202
109
-92
-168
208
36
6
292
105
73
211
100
200
59
149
367
-207
-302
275
306
-261
-230
342
741
270
-518
-110
345
49
-307
-447
-379
-449
-385
-279
-678
-952
-654
-397
-549
-619
-585
-509
-522
-620
-356
-139
-378
-467
-276
-217
-30
93
6
76
-30
-94
116
250
277
84
-64
49
179
198
197
44
-86
2
73
222
347
246
240
215
159
383
513
384
375
393
398
619
759
655
618
595
615
781
869
927
947
768
768
966
1007
912
978
1049
819
776
888
903
846
598
450
528
565
546
466
308
151
85
36
25
25
-41
-257
-476
-398
-324
-388
-469
-563
-536
-502
-516
-431
-411
-588
-646
-568
-391
-278
-331
-405
-390
-321
-267
-202
-192
-202
-337
-336
-261
-217
-203
-334
-404
-414
-426
-328
-395
-645
-616
-569
-655
-668
-628
-564
-694
-877
-682
-473
-429
-447
-461
-372
-282
-258
-202
-149
-188
-51
139
95
167
248
63
-71
-20
99
194
139
-10
-6
-101
-283
-330
-336
-352
-453
-539
-505
-541
-670
-737
-776
-827
-712
-626
-664
-622
-579
-574
-604
-554
-415
-300
-248
-196
-50
41
100
144
171
285
487
646
760
913
998
1033
1088
1196
1358
1409
1412
1447
1489
1519
1489
1414
1387
1419
1390
1317
1235
1151
1071
929
778
664
612
525
345
152
20
-41
-95
-194
-281
-258
-283
-348
-402
-399
-318
-285
-277
-266
-170
-22
69
94
110
168
234
316
410
421
420
406
357
344
385
391
368
404
491
477
232
51
30
6
-15
-54
-186
-323
-408
-456
-487
-466
-429
-476
-579
-643
-599
-538
-570
-616
-614
-592
-513
-405
-350
-359
-401
-438
-417
-337
-241
-203
-274
-335
-342
-339
-312
-312
-329
-366
-408
-457
-496
-518
-638
-767
-793
-739
-714
-765
-898
-962
-1014
-1001
-971
-958
-914
-857
-834
-803
-741
-649
-537
-507
-540
-509
-368
-194
-131
-183
-207
-151
-84
-135
-143
-72
-70
-142
-233
-274
-261
-268
-328
-451
-534
-459
-245
15
286
470
460
398
464
745
1097
1318
1455
1618
1793
1950
2070
2123
2161
2162
2123
2140
2218
2287
2175
1902
1580
1328
1195
1054
850
609
376
152
-101
-332
-513
-635
-764
-881
-926
-922
-892
-896
-926
-916
-854
-709
-529
-382
-287
-198
-85
48
171
322
460
504
554
574
643
669
626
581
555
519
469
429
360
270
142
15
-67
8
167
225
52
-219
-317
-330
-209
-43
-39
-122
-159
-155
-154
-102
4
61
0
-98
-50
116
107
-52
-195
-277
-275
-170
-189
-337
-436
-543
-645
-697
-740
-707
-678
-784
-885
-899
-876
-819
-810
-848
-824
-723
-655
-656
-688
-691
-676
-663
-674
-669
-641
-672
-734
-837
-879
-826
-828
-902
-917
-856
-854
-866
-879
-944
-969
-913
-805
-724
-666
-605
-549
-520
-457
-336
-246
-179
-108
-40
-27
-11
86
155
158
163
133
208
560
1059
1314
1169
1027
1086
1296
1510
1638
1723
1796
1830
1805
1742
1729
1757
1657
1433
1260
1304
1372
1293
1080
820
588
467
431
396
414
400
298
140
79
138
228
244
192
184
286
413
452
419
363
359
390
360
321
325
266
99
-84
-231
-305
-354
-458
-599
-735
-858
-932
-1017
-1087
-1069
-1020
-931
-857
-791
-690
-610
-508
-312
-52
196
372
506
622
740
819
827
820
835
866
881
815
706
551
387
270
175
116
40
-75
-193
-317
-426
-460
-438
-470
-535
-574
-550
-485
-423
-426
-397
-374
-367
-348
-305
-236
-242
-301
-354
-375
-388
-399
-419
-490
-615
-728
-791
-789
-844
-904
-987
-1102
-1172
-1176
-1162
-1170
-1197
-1227
-1230
-1159
-1079
-959
-885
-924
-985
-988
-895
-739
-601
-550
-615
-679
-621
-527
-475
-461
-437
-431
-460
-437
-348
-306
-329
-292
-236
-203
-122
5
180
428
842
1302
1556
1609
1671
1805
1976
2145
2269
2375
2473
2500
2395
2220
2077
1966
1781
1534
1414
1363
1226
1032
767
487
290
204
180
157
175
196
168
135
146
176
239
341
424
481
557
603
582
486
378
310
216
80
-30
-154
-340
-525
-718
-890
-992
-1090
-1198
-1305
-1355
-1382
-1438
-1448
-1377
-1267
-1142
-952
-768
-634
-480
-243
23
205
356
495
655
801
865
876
839
807
781
752
692
623
554
428
279
186
205
201
157
138
102
103
147
202
204
187
210
243
291
324
323
301
241
143
74
-24
-140
-233
-377
-536
-670
-808
-946
-1066
-1214
-1339
-1413
-1465
-1482
-1489
-1507
-1538
-1570
-1567
-1500
-1354
-1208
-1128
-1063
-941
-813
-770
-728
-655
-600
-510
-450
-459
-466
-465
-485
-555
-624
-628
-625
-707
-757
-769
-791
-755
-734
-742
-745
-710
-629
-519
-433
-306
-149
-17
227
679
1250
1646
1743
1693
1731
1988
2244
2326
2356
2465
2571
2502
2275
2048
1903
1799
1648
1464
1337
1270
1154
907
566
362
342
348
347
334
362
416
414
315
229
260
331
401
419
432
428
337
184
7
-125
-204
-266
-338
-445
-606
-745
-859
-1005
-1096
-1115
-1062
-995
-976
-950
-883
-826
-765
-639
-512
-376
-218
-95
-15
63
152
306
455
509
504
483
497
512
480
395
286
201
158
112
58
47
8
-17
-13
-4
65
128
172
217
267
310
358
425
411
403
412
399
378
334
282
217
109
-10
-114
-235
-365
-488
-617
-744
-824
-886
-983
-1098
-1200
-1263
-1291
-1274
-1229
-1189
-1168
-1184
-1195
-1162
-1080
-1046
-1106
-1126
-1007
-838
-776
-798
-849
-882
-834
-771
-748
-725
-703
-756
-837
-898
-942
-892
-776
-641
-585
-596
-557
-493
-465
-463
-366
-213
-101
-51
-13
5
29
223
624
1090
1385
1461
1416
1412
1514
1640
1717
1714
1774
1914
1938
1832
1705
1598
1500
1394
1283
1222
1262
1284
1193
1055
926
881
877
859
841
848
889
906
843
712
609
604
649
617
536
447
331
196
33
-133
-284
-360
-455
-596
-695
-817
-911
-954
-993
-1005
-970
-924
-856
-792
-792
-759
-664
-548
-411
-287
-150
27
155
192
184
165
208
298
380
394
318
223
134
41
-18
-58
-91
-103
-125
-151
-162
-170
-166
-121
-90
-49
50
132
161
160
153
166
184
190
204
209
215
216
174
95
-22
-120
-208
-302
-360
-396
-426
-475
-537
-626
-704
-777
-850
-882
-874
-863
-877
-918
-1016
-1096
-1098
-1054
-1005
-960
-907
-890
-925
-1040
-1144
-1160
-1125
-1018
-960
-998
-1050
-1095
-1100
-1076
-1047
-963
-820
-698
-617
-584
-571
-522
-459
-381
-283
-190
-112
-46
3
19
36
93
211
456
839
1215
1438
1465
1393
1355
1414
1561
1677
1734
1816
1854
1799
1708
1588
1476
1413
1375
1342
1320
1294
1246
1158
1016
896
851
844
854
891
928
903
848
780
684
611
605
630
640
599
480
322
181
50
-67
-179
-287
-384
-494
-632
-755
-861
-925
-961
-972
-968
-962
-910
-822
-782
-772
-697
-585
-456
-326
-240
-156
-93
-56
35
192
407
560
531
389
254
187
189
223
213
148
74
-13
-98
-171
-224
-243
-210
-169
-127
-51
-13
-10
-11
-35
-54
-36
2
47
75
44
-14
-89
-185
-257
-293
-306
-324
-351
-423
-542
-617
-673
-733
-778
-822
-860
-865
-868
-880
-912
-949
-944
-934
-941
-938
-888
-796
-714
-664
-682
-759
-794
-723
-631
-596
-640
-740
-819
-844
-855
-864
-886
-925
-923
-867
-758
-648
-590
-575
-575
-546
-489
-445
-385
-296
-181
-64
-14
-13
29
229
613
1060
1358
1400
1300
1235
1334
1534
1681
1710
1666
1654
1682
1660
1560
1433
1323
1258
1238
1235
1199
1119
1037
956
875
815
808
852
906
939
954
938
871
803
774
775
819
865
824
733
611
470
343
241
144
49
-41
-117
-222
-365
-503
-607
-665
-707
-735
-752
-743
-740
-763
-770
-753
-691
-577
-440
-316
-225
-169
-143
-113
-54
39
105
110
92
76
39
2
-25
-71
-118
-165
-196
-241
-295
-292
-276
-291
-284
-246
-249
-287
-291
-264
-227
-198
-176
-142
-110
-106
-128
-160
-194
-232
-244
-237
-262
-301
-357
-444
-505
-547
-594
-618
-637
-668
-697
-721
-752
-790
-859
-911
-889
-840
-797
-758
-713
-692
-661
-601
-582
-568
-539
-516
-467
-374
-319
-353
-441
-552
-629
-633
-568
-506
-515
-550
-576
-577
-573
-563
-533
-514
-511
-462
-390
-353
-314
-276
-264
-255
-227
-112
151
502
811
944
925
869
875
1006
1205
1396
1488
1476
1455
1448
1424
1391
1398
1400
1369
1340
1324
1297
1229
1142
1075
1019
1000
1017
1043
1057
1036
1009
966
908
851
798
763
750
750
712
608
468
325
226
177
128
46
-60
-171
-276
-371
-452
-515
-556
-580
-599
-606
-623
-643
-651
-625
-586
-528
-419
-284
-157
-99
-122
-171
-198
-196
-140
-74
-70
-106
-151
-189
-219
-251
-288
-310
-328
-332
-307
-294
-301
-311
-327
-330
-298
-249
-205
-170
-150
-139
-140
-179
-226
-227
-202
-178
-152
-152
-201
-262
-322
-399
-456
-488
-539
-601
-662
-715
-751
-787
-820
-810
-795
-802
-804
-804
-806
-789
-740
-674
-593
-497
-423
-425
-472
-485
-445
-375
-300
-251
-223
-243
-305
-377
-461
-522
-545
-549
-527
-506
-531
-584
-616
-621
-610
-583
-537
-501
-505
-487
-418
-356
-320
-290
-203
10
342
682
890
930
874
857
946
1121
1313
1426
1452
1449
1423
1378
1324
1269
1216
1193
1212
1230
1210
1146
1059
967
904
916
957
985
1001
1003
1002
984
964
965
968
984
1009
1014
966
879
781
673
566
465
366
251
129
1
-139
-279
-418
-542
-646
-720
-755
-770
-809
-871
-899
-895
-836
-718
-572
-451
-376
-325
-276
-207
-125
-45
2
45
95
109
101
64
7
-48
-98
-127
-139
-163
-207
-248
-314
-401
-446
-453
-465
-483
-480
-456
-438
-437
-434
-431
-436
-411
-364
-326
-306
-302
-294
-303
-343
-386
-405
-410
-407
-406
-444
-508
-587
-648
-659
-649
-649
-669
-696
-707
-711
-716
-711
-705
-657
-553
-443
-373
-345
-349
-381
-370
-293
-175
-85
-89
-154
-226
-295
-345
-359
-362
-363
-351
-374
-446
-520
-545
-529
-515
-529
-524
-485
-453
-428
-420
-422
-419
-343
-116
213
516
694
735
700
697
798
974
1140
1241
1291
1316
1324
1315
1273
1211
1155
1155
1210
1252
1248
1172
1052
955
920
950
995
1005
979
950
936
945
939
902
881
877
880
893
887
840
745
613
480
393
331
264
186
89
-13
-127
-254
-376
-481
-561
-603
-625
-654
-699
-752
-800
-798
-712
-569
-456
-398
-349
-314
-297
-245
-170
-111
-64
-35
-18
-5
-13
-50
-114
-188
-234
-249
-268
-295
-329
-372
-415
-453
-474
-499
-517
-507
-496
-465
-412
-383
-381
-381
-367
-328
-281
-238
-194
-178
-178
-179
-195
-200
-182
-162
-159
-193
-272
-358
-418
-458
-480
-502
-526
-541
-578
-627
-653
-657
-647
-627
-596
-565
-529
-499
-499
-524
-526
-501
-482
-439
-380
-349
-356
-393
-440
-474
-504
-529
-527
-502
-493
-500
-521
-561
-598
-609
-598
-570
-524
-458
-381
-328
-291
-187
-3
202
369
488
576
639
713
820
945
1051
1117
1157
1205
1263
1297
1293
1243
1185
1175
1207
1244
1249
1207
1141
1083
1045
1043
1057
1054
1032
1006
989
994
1011
1004
969
925
889
877
872
829
751
645
528
426
334
246
164
84
-4
-97
-195
-295
-399
-496
-569
-631
-667
-686
-718
-743
-753
-766
-754
-691
-573
-436
-360
-351
-345
-325
-303
-247
-182
-149
-130
-116
-112
-129
-153
-165
-185
-202
-185
-145
-130
-158
-198
-231
-254
-257
-243
-230
-217
-197
-193
-210
-227
-245
-275
-285
-267
-229
-189
-183
-209
-258
-303
-314
-313
-322
-330
-355
-409
-476
-540
-577
-598
-617
-624
-626
-654
-696
-732
-743
-735
-722
-701
-672
-634
-598
-570
-565
-576
-579
-548
-501
-468
-453
-456
-474
-507
-536
-543
-526
-513
-518
-519
-515
-516
-513
-496
-463
-429
-401
-368
-305
-183
-3
186
308
358
395
468
580
718
846
936
997
1063
1150
1232
1281
1290
1269
1253
1272
1314
1352
1365
1340
1298
1261
1241
1239
1221
1189
1154
1124
1117
1125
1108
1065
1030
997
961
913
847
774
699
630
571
503
408
296
176
62
-31
-101
-164
-246
-347
-445
-529
-601
-664
-716
-747
-761
-769
-757
-731
-713
-698
-666
-610
-531
-452
-392
-350
-323
-291
-244
-204
-173
-138
-114
-110
-113
-123
-129
-138
-158
-170
-171
-169
-174
-198
-235
-273
-307
-319
-288
-238
-193
-168
-164
-179
-216
-240
-238
-224
-208
-187
-174
-184
-215
-261
-299
-329
-351
-353
-354
-379
-426
-494
-580
-653
-688
-689
-688
-707
-734
-761
-788
-797
-764
-711
-682
-674
-646
-598
-557
-531
-513
-510
-518
-515
-491
-465
-443
-426
-429
-448
-458
-438
-406
-391
-391
-390
-390
-396
-409
-430
-435
-394
-302
-169
-20
103
184
239
314
429
547
658
766
878
1004
1136
1246
1316
1351
1372
1405
1453
1509
1555
1561
1540
1510
1485
1479
1476
1445
1388
1322
1259
1208
1165
1123
1071
1011
949
900
852
794
728
646
561
495
437
364
277
170
53
-55
-132
-190
-251
-322
-389
-458
-532
-596
-645
-680
-712
-743
-763
-769
-772
-774
-774
-767
-741
-702
-654
-593
-539
-488
-434
-386
-352
-323
-295
-267
-245
-225
-193
-166
-157
-149
-140
-139
-140
-136
-134
-129
-124
-123
-131
-135
-128
-122
-119
-121
-129
-141
-152
-156
-156
-156
-159
-163
-174
-191
-205
-230
-264
-284
-295
-316
-348
-393
-447
-490
-528
-569
-609
-652
-690
-721
-744
-746
-740
-738
-734
-723
-701
-676
-662
-659
-663
-664
-643
-608
-578
-554
-535
-516
-502
-500
-508
-527
-549
-554
-534
-507
-487
-468
-461
-460
-447
-381
-261
-122
1
100
188
282
389
494
591
695
827
987
1153
1306
1429
1507
1546
1574
1622
1688
1741
1757
1744
1725
1697
1661
1611
1544
1474
1411
1362
1317
1265
1199
1114
1023
943
878
824
770
704
632
550
462
380
304
235
169
88
-10
-109
-204
-301
-392
-466
-521
-572
-637
-714
-794
-872
-934
-966
-967
-943
-905
-876
-863
-855
-842
-807
-756
-697
-628
-552
-465
-379
-311
-263
-229
-204
-168
-105
-29
31
59
61
51
41
38
36
29
20
19
19
19
17
3
-22
-50
-65
-59
-53
-56
-66
-79
-89
-90
-90
-98
-111
-129
-151
-177
-208
-235
-262
-300
-351
-414
-479
-538
-590
-638
-679
-715
-756
-810
-870
-920
-955
-976
-978
-964
-944
-923
-902
-881
-854
-826
-800
-772
-737
-689
-631
-573
-529
-509
-500
-492
-481
-471
-455
-429
-403
-379
-345
-276
-171
-52
53
128
188
263
369
496
614
708
800
916
1069
1238
1388
1487
1539
1573
1614
1678
1746
1796
1818
1816
1795
1761
1716
1654
1571
1470
1378
1312
1268
1219
1151
1064
968
876
794
718
641
563
479
391
301
214
134
50
-41
-120
-181
-233
-297
-379
-477
-580
-674
-754
-815
-858
-884
-906
-933
-960
-975
-972
-962
-949
-928
-903
-869
-820
-740
-645
-558
-492
-440
-390
-330
-262
-193
-137
-100
-58
7
93
172
214
203
162
138
156
199
232
239
217
186
160
145
133
120
107
91
81
78
75
57
26
-6
-27
-38
-46
-60
-97
-154
-215
-269
-320
-364
-409
-460
-515
-572
-624
-677
-728
-773
-820
-871
-921
-966
-997
-1010
-1004
-991
-979
-966
-957
-948
-928
-894
-856
-822
-793
-759
-720
-672
-621
-579
-560
-562
-565
-554
-533
-510
-491
-467
-422
-339
-219
-91
9
62
96
151
255
400
546
668
764
857
979
1141
1300
1430
1526
1599
1676
1759
1844
1910
1932
1924
1907
1892
1869
1824
1747
1643
1536
1444
1374
1306
1231
1153
1076
998
917
823
720
612
505
411
337
272
206
126
28
-79
-181
-269
-343
-416
-489
-564
-650
-738
-817
-877
-922
-956
-981
-998
-1014
-1029
-1038
-1043
-1035
-1007
-963
-910
-843
-769
-695
-637
-593
-538
-469
-389
-301
-218
-144
-78
-21
35
90
140
185
214
228
244
262
278
292
297
296
296
294
283
265
244
224
198
171
156
145
124
99
75
51
30
9
-20
-64
-123
-183
-239
-295
-339
-372
-413
-468
-528
-579
-620
-667
-720
-777
-838
-894
-938
-963
-974
-980
-999
-1025
-1052
-1064
-1047
-1012
-975
-943
-918
-886
-844
-800
-757
-719
-687
-652
-614
-580
-551
-526
-498
-455
-400
-345
-294
-241
-159
-37
94
198
267
324
407
527
667
798
898
982
1079
1205
1352
1486
1577
1627
1667
1718
1775
1817
1830
1819
1800
1792
1788
1759
1685
1573
1454
1355
1279
1213
1148
1072
980
886
796
708
615
509
405
323
259
195
118
31
-61
-154
-239
-311
-378
-449
-532
-620
-700
-767
-821
-867
-909
-945
-968
-978
-977
-971
-973
-978
-969
-943
-898
-844
-791
-735
-673
-608
-538
-467
-397
-328
-256
-183
-114
-60
-25
4
37
84
140
188
217
221
214
213
222
232
235
226
218
216
217
218
210
179
139
108
96
100
97
75
44
9
-24
-53
-86
-124
-169
-215
-253
-286
-324
-377
-442
-509
-561
-599
-629
-664
-718
-786
-853
-904
-931
-939
-945
-951
-960
-967
-965
-955
-933
-910
-892
-874
-840
-791
-733
-684
-645
-610
-573
-534
-491
-452
-415
-382
-355
-329
-296
-255
-208
-160
-113
-48
35
122
203
270
338
422
520
621
715
803
895
996
1112
1236
1342
1418
1463
1493
1533
1588
1644
1680
1687
1673
1653
1629
1595
1543
1469
1382
1291
1208
1137
1069
993
904
812
727
651
574
489
394
295
202
119
47
-24
-97
-176
-253
-320
-375
-428
-489
-555
-620
-677
-721
-751
-777
-808
-849
-887
-910
-909
-887
-855
-825
-800
-772
-734
-684
-628
-574
-516
-454
-388
-321
-253
-192
-148
-117
-92
-58
-11
35
72
96
113
122
125
122
116
110
106
101
101
98
86
64
34
5
-14
-22
-24
-22
-17
-9
-1
3
-2
-19
-42
-57
-72
-94
-124
-163
-205
-250
-290
-327
-365
-410
-464
-522
-577
-622
-661
-701
-737
-767
-792
-811
-822
-830
-833
-827
-806
-771
-733
-703
-688
-681
-670
-644
-603
-551
-501
-473
-458
-447
-430
-409
-391
-368
-340
-306
-267
-228
-193
-162
-135
-98
-47
18
87
160
232
310
396
487
582
680
779
873
965
1055
1145
1231
1308
1376
1428
1467
1493
1505
1507
1502
1492
1483
1469
1444
1393
1320
1236
1156
1083
1016
951
882
805
726
650
577
504
424
346
279
222
167
102
26
-50
-123
-191
-256
-323
-392
-461
-524
-576
-622
-670
-719
-763
-799
-822
-835
-838
-833
-816
-789
-753
-715
-679
-642
-602
-553
-499
-446
-391
-339
-289
-244
-202
-165
-133
-109
-85
-60
-36
-20
-11
-11
-14
-24
-37
-52
-65
-75
-84
-95
-103
-107
-111
-118
-127
-135
-138
-132
-113
-87
-69
-66
-72
-81
-87
-90
-100
-117
-130
-142
-153
-166
-192
-229
-279
-333
-378
-415
-443
-464
-482
-502
-525
-550
-570
-587
-602
-607
-611
-609
-605
-602
-598
-592
-587
-580
-570
-552
-529
-504
-480
-457
-437
-418
-399
-380
-359
-334
-304
-274
-245
-227
-217
-204
-185
-153
-118
-80
-44
1
66
145
228
292
338
381
442
527
624
715
790
854
922
1002
1085
1155
1198
1216
1229
1258
1297
1326
1330
1315
1295
1286
1289
1287
1257
1197
1118
1042
982
932
883
822
749
675
606
541
472
392
303
216
142
79
22
-41
-114
-191
-263
-323
-372
-422
-480
-544
-602
-639
-656
-660
-664
-670
-676
-675
-664
-646
-627
-616
-612
-600
-573
-532
-488
-453
-436
-429
-420
-401
-373
-346
-327
-318
-311
-299
-283
-265
-254
-255
-261
-263
-251
-231
-212
-202
-199
-193
-180
-160
-140
-121
-107
-99
-89
-77
-68
-66
-75
-88
-94
-95
-91
-94
-106
-126
-146
-162
-174
-184
-194
-199
-202
-203
-212
-226
-249
-272
-293
-304
-310
-317
-329
-343
-362
-383
-403
-423
-438
-451
-460
-468
-476
-486
-496
-508
-518
-526
-535
-541
-540
-527
-504
-479
-456
-439
-421
-400
-366
-323
-276
-232
-195
-158
-116
-69
-23
21
66
114
171
231
291
341
387
437
498
567
636
695
741
788
844
913
986
1050
1096
1130
1163
1202
1241
1268
1277
1266
1248
1237
1230
1221
1194
1141
1074
1006
949
902
855
799
734
663
587
510
430
351
275
208
147
91
29
-49
-137
-223
-295
-348
-383
-411
-438
-471
-505
-538
-570
-598
-620
-635
-639
-634
-623
-616
-614
-620
-628
-633
-631
-622
-613
-598
-580
-560
-545
-536
-534
-533
-526
-508
-485
-463
-445
-432
-421
-409
-395
-381
-366
-350
-331
-307
-286
-268
-251
-238
-222
-204
-185
-171
-161
-152
-142
-127
-110
-95
-80
-66
-56
-49
-46
-42
-37
-30
-23
-20
-26
-39
-55
-69
-78
-90
-106
-127
-148
-164
-178
-194
-225
-264
-302
-332
-349
-357
-370
-391
-417
-443
-463
-474
-486
-498
-513
-522
-517
-500
-476
-455
-440
-427
-409
-386
-355
-322
-293
-262
-227
-181
-135
-94
-64
-40
-9
33
91
151
207
249
287
334
389
454
516
572
618
667
722
782
838
879
912
943
982
1027
1072
1107
1128
1137
1137
1141
1147
1151
1144
1124
1099
1068
1036
993
943
879
809
741
675
616
551
479
399
315
238
164
95
23
-48
-117
-178
-230
-281
-325
-366
-398
-427
-454
-484
-512
-534
-553
-564
-577
-591
-608
-627
-641
-650
-653
-658
-663
-667
-666
-659
-656
-654
-657
-655
-648
-633
-616
-602
-590
-578
-556
-526
-490
-457
-425
-393
-358
-316
-272
-234
-206
-192
-183
-172
-155
-133
-113
-102
-96
-87
-73
-53
-37
-29
-31
-34
-29
-12
9
21
21
7
-9
-20
-22
-19
-21
-27
-37
-49
-63
-82
-107
-141
-176
-205
-225
-236
-247
-269
-304
-350
-396
-437
-465
-484
-497
-506
-514
-518
-519
-516
-513
-507
-496
-477
-448
-410
-370
-335
-302
-274
-242
-207
-163
-115
-70
-26
7
38
70
107
152
197
245
288
330
370
405
439
467
495
525
567
616
667
718
759
795
828
863
902
935
964
985
1007
1029
1049
1060
1053
1033
1004
977
954
932
898
849
785
719
660
604
550
488
421
353
290
238
188
135
73
11
-46
-91
-126
-161
-201
-247
-294
-335
-370
-400
-433
-471
-509
-537
-552
-563
-576
-599
-626
-653
-674
-689
-705
-721
-737
-746
-743
-731
-716
-704
-693
-683
-664
-637
-605
-574
-550
-525
-500
-473
-443
-413
-385
-357
-331
-306
-285
-268
-254
-239
-217
-192
-166
-144
-125
-104
-83
-61
-40
-21
-4
13
32
49
61
66
66
68
72
78
78
70
57
41
25
8
-12
-34
-58
-85
-110
-141
-176
-213
-248
-276
-298
-318
-339
-363
-389
-408
-418
-419
-417
-412
-406
-392
-375
-355
-339
-326
-311
-288
-257
-220
-186
-160
-143
-125
-104
-82
-57
-34
-13
10
39
72
104
131
155
181
211
248
286
323
354
383
417
451
491
527
563
599
634
670
704
734
755
773
787
803
820
834
848
855
861
859
854
845
831
816
804
792
776
756
727
695
661
628
595
558
520
479
436
395
352
304
246
182
115
51
-12
-77
-146
-220
-293
-364
-429
-492
-550
-606
-657
-697
-732
-763
-795
-824
-849
-864
-867
-866
-861
-857
-852
-844
-835
-823
-813
-803
-788
-771
-748
-726
-708
-693
-679
-664
-642
-614
-584
-549
-516
-480
-444
-409
-375
-340
-304
-262
-215
-167
-120
-79
-41
-6
32
73
118
159
191
218
235
250
264
278
290
298
303
304
302
292
274
249
221
194
171
153
133
109
75
41
6
-24
-47
-65
-83
-102
-119
-136
-152
-167
-182
-196
-206
-212
-218
-224
-232
-241
-250
-257
-259
-256
-249
-242
-234
-225
-216
-202
-185
-163
-139
-112
-85
-56
-26
6
40
73
108
140
173
204
233
261
288
315
341
369
398
424
447
461
474
484
496
509
522
535
543
552
559
566
572
581
590
602
615
628
637
640
636
629
621
612
603
588
564
530
489
443
397
347
295
239
183
125
64
2
-66
-133
-200
-258
-310
-357
-406
-456
-507
-551
-584
-609
-626
-644
-660
-673
-685
-694
-704
-715
-725
-729
-727
-720
-710
-709
-713
-719
-719
-713
-700
-679
-657
-633
-608
-580
-552
-524
-495
-464
-424
-379
-336
-295
-256
-226
-194
-158
-116
-68
-21
19
57
92
123
158
188
204
220
232
247
269
282
289
289
278
264
258
260
260
253
248
243
243
246
241
227
216
195
174
165
155
143
126
105
84
63
35
2
-27
-49
-70
-91
-107
-119
-135
-158
-180
-198
-209
-219
-224
-223
-222
-223
-230
-229
-214
-200
-185
-161
-144
-130
-112
-96
-77
-61
-49
-23
13
44
65
79
93
107
120
136
161
188
207
227
245
262
286
307
315
332
350
369
400
426
447
471
485
487
489
495
496
501
504
494
484
466
447
428
394
354
319
284
244
202
159
125
90
46
11
-15
-44
-68
-97
-128
-147
-165
-188
-213
-248
-288
-316
-341
-366
-369
-381
-427
-447
-435
-443
-449
-460
-482
-475
-495
-536
-445
-339
-400
-485
-481
-391
-355
-437
-457
-374
-307
-295
-283
-72
143
9
-101
-15
21
89
84
1
127
133
-54
-4
16
-119
-131
-165
-168
-49
-87
-122
-30
-101
-195
-118
-45
8
56
44
93
171
133
79
111
117
89
108
129
155
210
162
57
54
46
14
16
-14
-17
41
-17
-113
-100
-98
-169
-215
-191
-139
-84
-86
-130
-129
-118
-151
-144
-91
-68
-65
-83
-106
-123
-167
-208
-206
-217
-224
-196
-164
-127
-122
-154
-150
-134
-157
-132
-69
-23
25
65
66
84
118
127
160
209
259
320
365
373
387
389
370
388
413
415
423
435
423
406
383
356
346
332
309
309
319
329
343
325
301
302
283
253
256
259
268
278
261
243
217
165
119
77
32
28
25
-2
-23
-50
-91
-138
-182
-205
-218
-241
-250
-253
-273
-304
-333
-352
-358
-361
-364
-360
-352
-355
-370
-374
-376
-367
-357
-376
-371
-335
-332
-323
-295
-298
-285
-259
-268
-262
-233
-238
-245
-239
-228
-189
-151
-140
-117
-88
-80
-56
-28
-12
15
40
46
51
59
73
84
79
78
84
83
78
52
31
40
42
32
30
24
20
10
-29
-45
-30
-26
-23
-21
-29
-38
-58
-86
-106
-114
-114
-118
-126
-116
-107
-117
-132
-136
-134
-141
-142
-124
-116
-114
-119
-144
-156
-158
-181
-181
-151
-109
-61
-24
-7
12
28
23
27
57
78
86
111
123
126
135
122
115
136
157
188
233
272
313
333
340
366
390
400
407
423
441
455
462
468
454
429
404
379
357
353
362
357
339
323
299
271
252
215
181
167
141
111
95
75
59
36
-6
-25
-23
-24
-18
-13
-19
-28
-43
-55
-63
-82
-105
-140
-175
-189
-192
-200
-233
-272
-293
-318
-335
-327
-339
-352
-354
-370
-371
-357
-355
-347
-338
-338
-314
-282
-252
-215
-192
-174
-145
-127
-127
-123
-106
-92
-77
-62
-45
-30
-23
-20
-7
4
-7
-4
11
14
28
38
37
41
37
38
57
75
103
120
110
117
116
93
84
81
76
74
65
58
46
13
-17
-32
-43
-38
-38
-61
-85
-96
-116
-140
-123
-80
-47
-25
-11
-6
-7
-33
-66
-72
-76
-79
-60
-46
-53
-69
-105
-152
-174
-180
-164
-113
-56
-15
14
26
20
1
-19
-14
22
51
68
87
97
93
90
107
135
165
205
244
270
276
263
233
203
191
189
189
191
203
212
203
199
196
181
163
148
138
142
152
153
150
143
131
109
83
66
54
41
35
48
57
56
49
43
29
5
-13
-26
-36
-44
-54
-58
-47
-49
-68
-75
-92
-122
-136
-148
-156
-153
-169
-186
-186
-197
-211
-214
-214
-196
-178
-175
-165
-158
-168
-184
-192
-192
-181
-178
-187
-177
-154
-154
-156
-142
-130
-111
-90
-76
-47
-21
-32
-43
-46
-63
-71
-64
-57
-29
11
37
62
86
90
97
126
139
148
169
159
136
122
98
88
91
73
64
76
84
97
99
84
54
20
6
-3
-2
14
7
-19
-25
-18
-6
2
-2
-10
-16
-9
10
25
34
23
-8
-38
-54
-67
-80
-84
-79
-91
-108
-110
-112
-111
-118
-127
-103
-88
-82
-54
-57
-58
-30
-37
-37
-10
4
41
65
62
83
85
82
98
76
87
136
131
131
142
123
132
123
91
116
134
131
145
144
156
175
156
154
162
141
138
134
112
116
102
61
52
45
26
38
50
50
54
36
15
13
6
-6
-9
-21
-33
-35
-45
-52
-47
-49
-59
-76
-89
-85
-80
-72
-60
-62
-70
-84
-111
-127
-127
-135
-137
-143
-145
-136
-136
-138
-132
-136
-143
-134
-128
-117
-105
-101
-85
-58
-32
-4
14
26
46
58
77
109
125
137
145
151
166
176
187
202
204
206
210
201
198
188
163
144
128
113
113
103
90
83
58
38
28
5
-8
-4
-9
-15
-7
-8
-17
-39
-70
-90
-102
-108
-103
-95
-83
-79
-92
-105
-114
-126
-138
-139
-131
-111
-103
-102
-98
-109
-133
-143
-146
-144
-127
-121
-121
-115
-122
-132
-122
-112
-102
-89
-79
-55
-31
-19
-19
-32
-43
-54
-66
-51
-20
2
27
49
61
81
94
95
108
117
129
154
161
163
163
151
145
150
157
168
187
200
204
216
227
219
202
182
155
136
116
98
87
64
30
6
-18
-33
-33
-36
-42
-50
-65
-82
-101
-118
-127
-147
-160
-157
-160
-151
-128
-114
-96
-83
-92
-93
-94
-111
-118
-120
-123
-114
-107
-99
-78
-65
-65
-65
-72
-71
-57
-41
-21
0
10
12
8
-7
-20
-27
-25
-17
-5
13
45
70
72
78
91
93
92
98
99
108
115
104
95
94
83
67
57
49
44
42
36
35
44
59
74
86
84
78
72
57
37
22
10
-8
-35
-52
-52
-48
-56
-70
-78
-84
-87
-84
-79
-69
-59
-70
-77
-68
-71
-73
-72
-92
-105
-103
-112
-113
-110
-118
-110
-98
-103
-97
-77
-58
-39
-28
-16
3
9
-2
-13
-9
0
12
18
24
42
46
25
11
12
16
28
43
69
107
124
131
136
124
116
112
93
91
106
115
128
137
131
130
128
111
97
95
109
118
113
113
120
109
85
63
50
41
24
10
8
5
-6
-22
-46
-62
-70
-83
-83
-66
-61
-56
-47
-57
-67
-80
-110
-123
-128
-133
-110
-91
-81
-59
-61
-70
-56
-62
-58
-34
-31
-25
-17
-32
-35
-47
-77
-83
-84
-83
-63
-44
-29
-10
-6
-1
10
15
21
30
41
55
67
78
87
88
84
76
76
79
74
80
91
88
90
100
104
106
94
83
82
70
56
47
40
28
4
-20
-29
-38
-48
-56
-60
-56
-68
-77
-73
-86
-103
-106
-111
-103
-92
-82
-57
-46
-56
-58
-57
-55
-56
-69
-59
-40
-49
-53
-51
-60
-70
-77
-70
-38
-15
-5
5
8
-4
-22
-31
-30
-36
-38
-29
-9
16
31
39
52
51
44
55
73
92
100
102
108
108
99
94
91
96
98
96
106
115
106
95
82
68
70
78
90
109
119
124
121
103
86
68
48
30
15
7
6
-3
-19
-30
-43
-55
-58
-50
-37
-27
-28
-29
-30
-49
-72
-83
-94
-107
-114
-113
-98
-87
-93
-93
-87
-89
-94
-92
-93
-90
-94
-102
-98
-90
-86
-83
-78
-71
-66
-61
-55
-48
-46
-44
-37
-27
-18
-10
-4
7
15
22
34
49
61
65
56
57
68
68
71
76
77
82
76
60
59
54
42
43
50
63
84
91
89
87
77
70
73
70
67
72
73
65
48
26
4
-22
-47
-60
-56
-41
-32
-31
-18
-7
-12
-14
-15
-16
-12
-12
-7
7
7
2
0
-11
-17
-16
-21
-15
-11
-12
1
11
4
-2
-13
-30
-41
-51
-58
-56
-63
-75
-78
-82
-83
-74
-67
-55
-38
-22
-4
11
17
24
29
33
46
58
67
77
75
68
66
57
46
39
29
25
24
23
32
46
51
61
78
91
100
107
107
99
86
61
39
27
11
-6
-10
-8
-4
-4
-10
-9
-12
-28
-36
-34
-34
-38
-44
-48
-49
-61
-82
-88
-94
-108
-113
-109
-100
-89
-85
-77
-62
-55
-53
-46
-35
-31
-35
-32
-22
-18
-22
-24
-22
-20
-30
-42
-41
-38
-46
-48
-41
-30
-21
-22
-22
-9
2
4
11
20
30
32
26
30
41
43
44
48
61
82
93
102
115
120
113
105
101
100
93
81
80
80
75
72
64
57
39
10
-10
-17
-29
-41
-47
-49
-52
-60
-70
-69
-69
-77
-77
-63
-41
-23
-11
-3
-3
-15
-32
-44
-49
-55
-58
-53
-47
-47
-45
-44
-52
-59
-62
-62
-49
-34
-29
-20
-10
-7
-4
-2
1
4
-4
-6
-1
-1
-5
-6
-8
-10
-3
1
15
35
45
51
59
65
59
51
44
39
31
24
34
49
62
73
82
87
86
78
71
73
72
70
67
70
69
57
41
23
6
-16
-31
-40
-41
-41
-42
-44
-44
-40
-41
-42
-41
-42
-44
-46
-48
-49
-50
-55
-54
-51
-49
-39
-32
-28
-27
-28
-28
-22
-18
-16
-7
3
12
16
16
20
18
10
0
-7
-12
-11
-8
-2
13
28
47
65
78
88
91
89
88
79
71
72
63
51
47
38
34
33
31
36
48
54
61
68
66
64
50
36
29
18
10
11
11
3
-2
-8
-11
-15
-19
-14
-10
-10
-7
-11
-26
-41
-63
-84
-93
-104
-113
-108
-109
-116
-119
-125
-124
-121
-126
-118
-99
-91
-78
-65
-63
-62
-64
-70
-69
-66
-66
-58
-51
-46
-38
-27
-16
-6
0
8
21
32
40
46
49
48
40
33
31
37
42
47
51
60
71
74
74
72
71
72
71
75
87
101
105
106
108
108
100
91
81
74
71
63
59
60
56
47
41
36
33
30
24
22
21
14
8
4
-4
-17
-29
-40
-47
-52
-56
-52
-47
-48
-50
-46
-42
-42
-41
-39
-36
-36
-41
-50
-57
-64
-74
-81
-82
-78
-73
-72
-68
-62
-60
-61
-56
-55
-47
-36
-29
-19
-10
-11
-11
-7
-6
3
12
25
39
48
52
61
66
66
65
64
65
63
57
49
46
40
29
24
26
27
25
26
26
27
23
18
21
25
20
17
15
15
14
9
7
7
4
-2
-5
-7
-16
-30
-42
-53
-67
-77
-86
-90
-91
-99
-103
-102
-107
-111
-109
-107
-96
-83
-72
-55
-36
-26
-16
-7
-1
1
1
3
7
14
23
33
41
46
50
52
49
49
51
50
50
50
52
55
55
52
51
54
59
68
81
99
113
122
129
133
130
124
115
104
94
84
72
63
56
44
34
24
15
6
-2
-7
-14
-22
-31
-40
-49
-58
-68
-76
-81
-85
-87
-85
-82
-76
-72
-67
-59
-56
-55
-54
-58
-62
-67
-73
-74
-70
-71
-67
-63
-60
-52
-46
-39
-29
-24
-22
-14
-9
-7
-1
2
8
18
25
34
41
43
43
42
42
45
48
51
57
63
65
65
62
53
40
29
21
19
23
29
35
38
38
33
28
21
12
8
9
11
14
19
18
14
4
-7
-17
-24
-27
-27
-23
-23
-19
-17
-18
-20
-27
-34
-39
-43
-47
-43
-43
-45
-45
-47
-41
-38
-38
-33
-27
-23
-17
-11
-5
0
-1
-1
2
3
4
2
7
13
17
22
31
40
44
47
49
52
54
53
51
47
43
39
34
32
33
34
37
42
49
53
56
58
57
51
46
39
32
23
14
4
-3
-11
-19
-24
-30
-34
-38
-43
-46
-49
-53
-56
-57
-61
-63
-65
-67
-68
-68
-68
-66
-62
-58
-51
-45
-43
-37
-30
-26
-23
-19
-16
-14
-15
-15
-15
-15
-14
-15
-11
-7
-3
-1
4
8
11
12
16
20
23
26
31
36
35
36
38
42
45
46
49
55
58
58
57
58
55
51
44
36
31
21
11
4
-2
-7
-12
-17
-19
-22
-26
-25
-27
-29
-29
-28
-29
-28
-29
-32
-34
-38
-40
-40
-38
-35
-33
-28
-22
-14
-7
4
15
24
30
36
41
41
38
34
30
27
23
18
15
9
1
-8
-13
-20
-24
-26
-28
-27
-29
-32
-32
-32
-33
-30
-23
-15
-8
-2
0
0
-2
-8
-12
-14
-16
-13
-8
-3
4
8
13
17
19
20
23
25
26
26
27
24
18
12
5
1
-3
-6
-5
-4
-3
-3
-5
-13
-23
-33
-43
-53
-60
-64
-66
-68
-65
-64
-61
-56
-50
-42
-33
-24
-16
-6
0
6
12
17
20
23
26
30
33
30
28
22
16
8
2
-1
-2
-1
-1
2
5
4
4
3
-1
-2
-2
-1
1
4
6
10
14
18
26
35
44
50
56
60
62
60
55
50
47
41
34
32
30
26
25
23
26
30
31
34
39
41
38
33
29
20
11
1
-1
-1
-2
-3
-1
-2
-5
-14
-20
-25
-31
-39
-43
-44
-46
-49
-54
-56
-58
-59
-60
-55
-46
-40
-34
-27
-20
-16
-13
-9
-5
1
6
11
19
22
24
22
18
14
7
-3
-9
-14
-20
-25
-26
-26
-28
-30
-32
-30
-30
-32
-35
-36
-36
-38
-37
-35
-32
-29
-21
-13
-3
7
18
29
40
51
60
66
71
72
70
67
63
59
54
52
49
47
46
45
43
41
38
35
30
27
23
18
15
11
7
4
0
-4
-8
-12
-14
-16
-18
-17
-16
-14
-11
-10
-7
-5
-6
-6
-8
-11
-12
-12
-13
-10
-9
-5
-2
3
6
9
11
12
12
10
9
6
2
-3
-8
-10
-9
-8
-2
3
7
14
16
16
19
20
23
25
30
34
37
37
35
34
32
31
33
35
39
43
45
47
47
45
37
32
26
18
11
2
-7
-19
-31
-42
-51
-58
-64
-68
-73
-74
-75
-76
-75
-75
-73
-72
-69
-66
-63
-60
-60
-60
-60
-59
-55
-52
-47
-40
-34
-24
-15
-6
1
8
14
17
20
21
23
22
18
19
16
13
12
8
6
4
5
4
4
7
9
11
13
15
18
16
19
19
17
19
20
22
21
25
27
26
30
30
33
35
37
39
35
33
31
24
18
12
8
2
-2
-4
-8
-10
-16
-19
-24
-26
-26
-27
-24
-22
-20
-16
-17
-18
-22
-25
-25
-27
-24
-25
-23
-22
-23
-24
-28
-27
-29
-31
-27
-25
-18
-13
-8
-3
-1
3
6
8
12
13
15
15
16
17
11
11
8
7
7
8
11
9
10
7
1
-3
-11
-17
-22
-25
-26
-30
-31
-31
-32
-33
-34
-31
-31
-27
-22
-19
-15
-11
-7
-6
-4
0
-1
1
5
7
8
7
8
8
10
12
13
16
17
20
18
16
16
11
7
4
0
-4
-6
-6
-9
-11
-12
-14
-14
-15
-13
-11
-12
-8
-5
-3
0
1
3
2
3
2
3
5
4
4
5
8
11
13
17
19
23
27
27
29
32
34
35
35
38
38
38
37
36
35
34
33
32
31
31
31
32
33
34
36
37
40
40
42
41
42
41
39
37
34
32
29
25
22
17
12
9
3
0
-5
-8
-14
-19
-24
-30
-36
-43
-51
-57
-64
-70
-74
-78
-80
-82
-83
-84
-83
-81
-79
-78
-74
-70
-65
-62
-56
-52
-49
-45
-42
-37
-35
-30
-28
-25
-22
-18
-16
-11
-3
6
14
24
31
39
46
49
54
57
59
61
64
66
67
68
71
72
73
74
76
76
76
75
72
68
62
54
46
36
29
23
15
11
7
3
-2
-5
-8
-13
-16
-18
-22
-24
-28
-32
-35
-39
-42
-46
-48
-48
-47
-45
-42
-39
-38
-35
-34
-35
-34
-32
-30
-29
-27
-24
-21
-17
-13
-10
-6
0
7
12
18
24
28
30
34
35
37
38
39
39
39
39
39
38
39
38
37
35
34
35
32
32
30
29
28
26
25
23
20
16
14
12
9
6
5
3
2
0
0
0
-2
-4
-7
-10
-14
-19
-25
-30
-36
-41
-46
-49
-53
-55
-58
-60
-63
-65
-66
-66
-64
-64
-61
-59
-59
-55
-53
-50
-45
-41
-37
-32
-26
-18
-13
-6
0
4
8
12
17
21
25
29
32
36
37
38
38
39
39
41
42
45
48
