SAMPLES:	25097
BITSPERSAMPLE:	16
CHANNELS:	1
SAMPLERATE:	16000
NORMALIZED:	FALSE
-15
-15
-15
-12
-10
-6
-3
-3
-1
0
0
0
-1
-3
-5
-5
-6
-6
-5
-4
-1
3
7
12
17
20
25
28
31
31
30
29
27
27
24
23
21
21
21
20
21
20
21
22
22
21
21
21
20
16
11
7
3
-3
-6
-10
-13
-14
-14
-14
-11
-9
-7
-3
-1
1
3
5
6
7
5
6
5
4
3
3
5
7
9
13
15
18
22
24
25
25
26
24
22
18
13
10
3
-2
-6
-10
-11
-12
-11
-11
-11
-11
-12
-11
-12
-13
-16
-17
-19
-23
-26
-31
-33
-36
-37
-37
-37
-35
-32
-28
-25
-22
-19
-16
-15
-13
-11
-11
-11
-12
-12
-12
-13
-14
-13
-10
-7
-3
1
5
9
13
17
19
22
23
23
25
24
22
22
20
20
19
19
20
20
21
22
23
24
24
23
22
19
16
14
9
5
1
-3
-6
-10
-13
-14
-17
-16
-16
-16
-14
-14
-13
-13
-14
-15
-16
-17
-18
-19
-18
-17
-18
-17
-16
-16
-13
-11
-9
-6
-3
-1
2
3
4
4
4
4
2
1
0
-1
-1
-1
-1
0
0
1
1
3
4
4
5
5
5
4
4
2
1
0
-1
0
1
3
4
6
8
10
12
13
14
15
15
16
15
16
15
15
13
12
11
10
11
11
11
13
12
12
12
11
11
10
10
9
8
5
3
2
-2
-3
-4
-5
-5
-6
-5
-5
-7
-8
-10
-11
-12
-13
-13
-13
-12
-11
-11
-11
-10
-10
-8
-6
-6
-4
-2
-2
-2
-2
-2
-3
-4
-2
0
3
6
7
10
12
13
15
16
15
16
16
15
14
13
11
8
7
5
4
4
5
7
9
10
11
10
9
7
6
3
2
0
-2
-5
-7
-9
-11
-13
-13
-12
-10
-8
-6
-2
0
1
2
2
-1
-2
-3
-3
-6
-6
-8
-10
-11
-11
-11
-11
-8
-6
-2
2
3
5
5
3
2
-1
-3
-5
-7
-8
-9
-10
-12
-10
-8
-7
-6
-4
-1
1
3
6
6
5
1
-2
-5
-8
-11
-12
-13
-14
-13
-13
-12
-11
-9
-8
-7
-5
-3
-1
-1
-2
-3
-4
-6
-8
-9
-9
-9
-7
-4
-2
2
4
8
10
13
15
16
17
16
16
14
11
8
5
1
-1
-3
-3
-3
-3
-3
-2
-1
0
-1
-1
-1
-1
-2
-3
-5
-5
-7
-6
-6
-5
-4
-3
0
2
6
11
13
17
18
18
18
18
16
15
14
12
11
10
8
9
8
9
10
11
15
16
18
19
20
19
19
17
13
11
9
8
6
5
3
3
2
1
0
-2
-1
-1
-1
-2
-3
-6
-7
-10
-13
-16
-19
-20
-22
-22
-22
-21
-20
-19
-17
-16
-14
-12
-11
-9
-7
-7
-7
-7
-6
-6
-7
-8
-7
-6
-5
-3
-4
-1
0
2
2
3
4
3
4
4
4
3
2
2
2
2
1
1
1
1
0
-1
-1
-2
-3
-3
-5
-5
-6
-5
-4
-5
-4
-3
-3
-3
-3
-3
-2
-2
-1
-2
-3
-4
-5
-7
-7
-8
-9
-8
-10
-10
-10
-8
-8
-7
-8
-7
-7
-8
-8
-9
-9
-10
-12
-15
-16
-17
-18
-19
-18
-17
-17
-15
-12
-11
-9
-8
-5
-4
-3
-2
-2
-2
-3
-4
-4
-5
-4
-4
-4
-3
-1
1
3
6
9
10
12
13
13
13
12
9
7
5
4
2
1
1
1
3
5
7
8
11
11
11
12
12
11
11
10
8
5
1
-1
-3
-4
-5
-3
-2
-1
1
4
5
7
9
9
10
9
9
8
6
2
1
1
-1
0
1
2
3
5
7
9
11
13
14
15
15
14
13
11
10
8
7
5
5
4
3
4
5
8
10
11
13
13
14
13
13
12
10
8
6
4
1
-1
-3
-3
-5
-3
-2
-1
1
2
4
5
6
6
6
5
4
4
2
2
1
-1
-3
-3
-4
-3
-3
-3
-2
0
0
1
1
0
1
0
-1
-3
-4
-5
-7
-7
-8
-9
-10
-9
-8
-8
-7
-5
-3
-2
0
1
2
4
3
3
3
3
3
0
1
0
1
1
0
1
1
4
5
5
5
5
5
5
4
2
1
-2
-5
-6
-9
-9
-10
-10
-10
-8
-6
-6
-5
-5
-3
-3
-2
-1
-2
-2
-2
-3
-3
-4
-4
-4
-5
-3
-3
-1
0
0
0
0
0
-1
-2
-4
-6
-8
-8
-10
-11
-12
-13
-14
-15
-15
-15
-14
-13
-12
-12
-11
-12
-13
-13
-14
-14
-14
-13
-13
-12
-10
-9
-8
-6
-5
-2
2
2
5
6
7
7
7
7
7
6
7
7
8
9
12
12
13
15
16
18
20
21
22
22
22
22
21
19
18
18
15
16
15
15
16
16
17
17
17
16
16
16
15
14
13
11
9
7
5
2
-1
-4
-6
-6
-7
-8
-9
-9
-7
-8
-8
-7
-9
-9
-9
-10
-11
-12
-14
-15
-15
-17
-15
-16
-15
-14
-13
-11
-9
-7
-5
-4
-4
-3
-2
-3
-4
-4
-7
-6
-7
-7
-8
-9
-9
-8
-7
-5
-3
-1
2
3
4
6
5
7
7
6
7
6
5
6
6
6
7
8
10
12
15
16
16
16
17
18
17
18
17
16
13
11
10
9
7
7
7
6
6
6
6
7
7
7
6
5
5
1
-1
-3
-6
-9
-11
-14
-16
-17
-18
-18
-18
-16
-16
-15
-16
-16
-16
-17
-15
-18
-19
-19
-20
-20
-20
-19
-19
-18
-17
-15
-15
-14
-13
-13
-10
-11
-9
-10
-11
-13
-13
-14
-13
-13
-13
-11
-11
-8
-9
-7
-7
-5
-3
-4
-3
-3
-3
-3
-4
-5
-6
-5
-5
-5
-5
-4
-3
0
2
3
5
6
7
9
10
9
10
8
6
7
5
5
5
4
5
7
8
10
12
14
17
19
20
21
22
22
21
20
20
19
16
15
13
12
10
10
9
9
10
11
12
14
15
15
16
16
13
13
10
7
5
3
0
-2
-3
-5
-5
-4
-4
-2
-1
1
3
5
6
6
7
5
5
2
0
-2
-4
-6
-6
-7
-8
-7
-5
-3
-3
0
4
5
6
6
7
6
5
5
2
0
-2
-4
-8
-8
-9
-10
-9
-9
-8
-7
-6
-6
-6
-5
-6
-7
-8
-10
-11
-13
-14
-16
-17
-18
-19
-19
-18
-17
-15
-13
-10
-10
-9
-8
-7
-6
-7
-7
-7
-9
-9
-10
-11
-11
-10
-12
-10
-8
-9
-8
-7
-7
-7
-6
-7
-8
-9
-11
-10
-11
-11
-11
-13
-13
-13
-13
-9
-9
-10
-9
-8
-7
-5
-6
-5
-4
-6
-6
-6
-5
-4
-5
-5
-3
-3
-1
0
1
3
3
6
6
6
6
6
4
4
4
2
2
1
1
2
3
3
5
6
6
7
9
9
9
10
9
9
8
7
7
6
5
5
5
6
6
7
9
10
11
10
11
13
14
13
13
12
11
11
10
10
10
11
10
9
9
10
9
10
10
10
10
11
10
11
10
9
8
7
7
8
7
6
6
7
6
7
6
4
4
4
4
3
2
2
1
1
0
0
-1
1
1
0
0
-2
-3
-4
-5
-6
-7
-8
-8
-10
-11
-11
-12
-13
-13
-13
-12
-12
-12
-12
-12
-11
-12
-11
-11
-12
-12
-12
-12
-13
-12
-12
-12
-12
-12
-10
-9
-8
-6
-5
-4
-3
-2
0
-1
0
-1
0
0
0
-1
0
0
-1
0
1
0
0
2
2
4
5
5
6
5
6
5
4
6
4
4
3
3
1
0
0
2
3
2
3
2
2
2
1
1
0
-1
-1
-3
-4
-6
-5
-5
-7
-7
-5
-5
-4
-4
-5
-4
-4
-3
-3
-4
-4
-4
-5
-5
-5
-6
-7
-6
-7
-6
-5
-6
-4
-4
-3
-2
-2
-2
-1
-1
-3
-2
-4
-2
-4
-4
-5
-4
-2
-1
-1
0
1
3
4
4
4
5
5
4
4
3
2
2
0
-1
-1
-2
-2
-2
-1
0
0
1
1
1
2
1
1
1
1
2
-1
-1
1
-2
-2
-2
-1
-1
-2
-2
-1
0
0
0
2
3
3
4
4
4
4
3
2
2
3
1
2
2
1
1
1
1
3
2
2
3
3
3
3
2
2
1
1
2
2
2
1
1
2
1
1
1
1
2
2
0
1
1
1
2
1
1
1
2
0
0
-1
-1
-3
-3
-4
-5
-6
-8
-9
-10
-10
-10
-10
-11
-11
-10
-10
-10
-11
-10
-10
-11
-12
-12
-12
-13
-12
-13
-12
-12
-11
-9
-9
-7
-6
-5
-3
-2
0
0
0
1
1
0
0
1
1
2
3
3
3
5
5
6
7
8
9
10
11
11
12
12
11
12
11
10
12
12
11
12
12
13
13
14
13
13
13
13
13
12
12
11
10
9
9
8
6
5
6
4
3
2
0
0
0
0
-3
-4
-5
-6
-6
-8
-9
-9
-10
-12
-11
-12
-12
-11
-11
-10
-10
-9
-9
-9
-7
-7
-5
-5
-5
-4
-3
-3
-4
-2
0
1
1
2
1
2
2
1
2
1
3
2
1
2
0
1
0
0
0
0
0
1
1
1
1
0
0
0
-1
-1
-1
0
-1
-2
-1
-1
0
0
1
2
4
5
6
7
8
9
10
10
11
12
12
12
12
12
12
13
12
14
15
15
15
15
15
14
13
12
12
10
9
8
6
6
5
4
2
1
0
0
-1
-3
-4
-4
-5
-5
-6
-7
-8
-9
-10
-10
-10
-10
-10
-10
-10
-8
-9
-8
-5
-5
-4
-5
-4
-3
-5
-3
-4
-3
-3
-3
-2
-3
-2
0
-1
0
-1
-3
-3
-3
-3
-3
-4
-2
-3
-3
-3
-4
-3
-4
-4
-5
-4
-4
-4
-4
-5
-5
-5
-7
-7
-8
-8
-8
-9
-8
-8
-8
-8
-8
-8
-8
-7
-7
-8
-8
-8
-8
-8
-8
-7
-7
-7
-7
-6
-6
-5
-4
-5
-3
-1
-1
0
1
2
3
2
3
3
3
4
2
3
3
4
5
4
5
5
4
5
5
5
6
6
6
6
6
5
6
6
5
5
4
4
4
4
5
5
5
6
6
7
7
8
8
8
9
9
8
7
6
4
5
5
4
3
4
3
3
3
3
2
2
2
1
1
0
0
-1
-2
-2
-3
-5
-5
-6
-6
-6
-5
-5
-7
-5
-6
-6
-5
-3
-5
-4
-5
-4
-5
-5
-5
-6
-4
-5
-4
-4
-4
-5
-2
-2
0
1
1
1
0
1
1
-1
0
-1
-2
-2
-3
-3
-3
-3
-2
-2
-1
1
3
2
4
4
5
6
5
7
6
6
8
9
7
9
9
9
10
10
11
13
14
14
15
15
14
14
13
13
12
10
9
7
6
5
4
2
0
-1
-1
-3
-4
-5
-6
-7
-7
-9
-10
-11
-11
-12
-14
-13
-14
-15
-15
-16
-16
-16
-15
-15
-15
-14
-13
-13
-11
-10
-10
-9
-8
-6
-5
-6
-5
-3
-2
-1
-1
0
0
-1
0
1
1
1
1
1
1
0
1
1
1
0
1
2
1
1
2
2
2
2
2
2
2
2
3
3
4
6
6
6
8
9
10
10
10
11
12
12
12
13
13
13
13
14
15
12
14
15
14
14
13
13
11
12
11
10
9
8
7
6
5
4
2
3
2
4
5
3
4
4
3
2
2
2
0
-2
-2
-3
-4
-5
-6
-8
-9
-10
-11
-11
-11
-13
-13
-14
-16
-17
-18
-19
-20
-22
-24
-25
-26
-26
-26
-26
-25
-24
-24
-21
-20
-20
-18
-18
-16
-16
-15
-14
-15
-14
-15
-16
-14
-13
-11
-10
-10
-8
-5
-3
-2
-2
0
1
1
1
0
-2
-2
-2
-3
-3
-3
-2
-2
-1
2
4
5
6
7
8
9
8
7
7
6
5
5
3
2
2
2
4
4
5
5
7
7
8
8
7
6
6
4
3
2
1
-2
-2
-3
-4
-3
-4
-3
-1
1
3
5
6
8
9
10
10
10
9
9
9
8
10
9
10
12
13
15
15
17
18
19
21
20
19
20
19
17
15
13
10
9
7
6
4
2
1
-1
-1
-2
-3
-4
-5
-6
-7
-9
-10
-12
-14
-16
-16
-17
-16
-16
-17
-14
-15
-14
-11
-11
-10
-9
-9
-9
-7
-8
-7
-7
-8
-7
-9
-8
-8
-7
-6
-7
-5
-5
-4
-4
-4
-5
-4
-4
-5
-5
-5
-5
-5
-5
-4
-5
-5
-4
-3
-1
0
1
3
4
4
5
6
5
6
9
8
10
11
11
12
13
13
13
13
15
15
14
14
13
13
12
11
11
9
8
8
8
7
5
5
4
3
2
1
0
-1
0
-1
-2
-2
-3
-3
-4
-4
-6
-5
-6
-7
-7
-7
-7
-8
-9
-9
-9
-8
-8
-8
-8
-9
-9
-10
-9
-9
-9
-10
-10
-10
-10
-9
-12
-11
-12
-12
-12
-10
-10
-10
-9
-7
-7
-4
-4
-2
-2
-1
0
0
1
1
3
3
4
5
5
6
7
7
9
8
8
10
10
11
12
11
11
11
9
10
8
8
7
6
7
6
7
7
7
7
7
8
8
9
9
7
8
7
6
5
5
5
3
2
1
0
0
-2
-2
-1
-1
-3
-3
-3
-3
-4
-4
-5
-6
-6
-7
-6
-7
-7
-7
-7
-6
-6
-4
-5
-5
-4
-4
-3
-1
-2
-1
-1
0
0
1
3
1
2
3
1
2
2
1
1
1
0
0
0
0
0
0
0
0
0
0
0
1
0
0
0
0
0
-1
1
1
0
0
0
-1
-2
0
-1
-1
-1
-2
-2
-1
0
-1
-1
-2
-2
-2
-2
-2
-2
-2
-2
-2
-2
-3
-3
-3
-3
-1
-2
-1
0
0
1
3
3
4
4
3
3
3
2
3
2
1
0
0
-1
1
1
1
-1
-1
-2
-4
-3
-3
-6
-7
-6
-6
-7
-8
-9
-9
-10
-10
-10
-11
-11
-11
-12
-12
-13
-13
-12
-13
-11
-9
-9
-8
-8
-8
-7
-7
-7
-6
-8
-8
-8
-10
-9
-10
-10
-11
-11
-12
-12
-11
-10
-9
-9
-8
-7
-7
-5
-6
-5
-6
-6
-7
-6
-6
-6
-4
-3
0
1
3
5
8
10
13
14
16
18
19
21
21
21
21
20
20
19
19
18
19
17
17
18
17
19
18
19
18
18
16
16
14
13
11
9
7
5
3
1
-1
-2
-2
-3
-4
-3
-2
-2
-1
0
1
3
5
6
7
5
5
6
4
3
2
3
2
2
3
1
2
2
3
4
4
3
4
3
3
2
1
-1
-1
-3
-5
-6
-9
-10
-9
-9
-9
-10
-9
-8
-6
-5
-5
-4
-2
0
0
1
1
2
2
1
2
3
3
3
3
5
4
4
5
5
6
5
6
5
6
6
6
3
2
1
-1
-2
-6
-8
-10
-11
-14
-16
-19
-20
-21
-24
-23
-23
-25
-26
-25
-24
-25
-24
-22
-21
-20
-19
-18
-16
-15
-14
-13
-12
-11
-8
-6
-4
-2
2
4
6
9
11
11
13
14
16
18
18
19
19
19
20
17
16
17
15
14
13
12
11
11
8
8
9
7
5
5
3
2
0
-1
-2
-4
-4
-6
-7
-8
-9
-9
-8
-9
-9
-9
-9
-7
-7
-7
-6
-4
-4
-4
-3
-4
-4
-2
-4
-3
-4
-6
-5
-6
-6
-6
-6
-8
-5
-6
-8
-7
-7
-9
-7
-8
-10
-9
-10
-10
-9
-9
-10
-9
-8
-7
-7
-7
-5
-6
-5
-2
-2
-1
1
0
2
4
4
6
8
10
10
12
15
15
15
17
17
18
19
19
19
19
18
18
18
18
18
19
19
18
19
18
19
17
18
18
16
17
16
15
15
13
10
8
7
6
5
4
4
4
3
3
2
2
2
2
2
1
1
1
-2
-2
-2
-3
-4
-4
-5
-7
-6
-7
-9
-9
-7
-9
-8
-6
-6
-6
-5
-5
-4
-5
-5
-3
-5
-4
-4
-6
-4
-5
-6
-4
-6
-6
-7
-6
-6
-6
-6
-6
-5
-5
-4
-2
-2
-2
-1
-3
-2
-2
-3
-3
-3
-2
-2
-1
-1
-2
-3
-1
0
0
1
2
2
2
2
2
2
3
1
1
1
-1
-2
-4
-5
-6
-7
-8
-10
-8
-10
-11
-11
-13
-13
-13
-13
-14
-14
-13
-14
-13
-13
-13
-13
-13
-12
-11
-10
-9
-7
-7
-4
-2
-1
2
1
4
7
9
10
11
11
13
14
15
17
17
18
18
18
17
18
18
18
17
17
17
16
16
14
13
12
10
8
6
4
3
1
-2
-3
-5
-6
-8
-9
-10
-13
-13
-14
-15
-16
-17
-17
-18
-17
-18
-18
-18
-18
-18
-15
-13
-12
-12
-10
-8
-7
-5
-3
-2
-1
1
1
3
3
4
6
5
7
7
8
9
9
9
9
9
10
10
9
9
8
7
7
7
6
6
5
4
5
4
4
5
4
4
5
5
6
8
9
10
12
12
13
14
14
14
14
15
13
13
14
14
14
14
14
14
13
13
11
11
12
10
9
9
7
7
5
3
2
1
1
-2
-4
-5
-6
-7
-7
-8
-10
-11
-11
-11
-12
-13
-12
-14
-14
-16
-15
-16
-16
-17
-19
-18
-19
-18
-18
-19
-18
-19
-20
-19
-19
-19
-19
-18
-18
-17
-17
-18
-17
-17
-17
-16
-15
-16
-16
-15
-15
-15
-15
-14
-14
-14
-12
-10
-8
-8
-6
-5
-4
-1
-1
-2
1
1
4
4
5
6
7
7
8
9
10
10
13
12
13
15
15
16
17
20
18
20
20
19
20
20
20
19
20
18
18
18
18
17
17
16
15
14
14
13
12
13
11
10
10
8
7
8
5
4
4
3
2
1
1
-1
0
-1
0
0
0
1
1
2
0
2
2
2
3
3
3
4
2
4
4
5
4
5
5
4
5
3
3
3
3
3
2
1
2
0
0
-1
-3
-4
-5
-6
-6
-7
-8
-9
-9
-9
-10
-10
-10
-10
-10
-10
-9
-9
-9
-8
-8
-7
-7
-5
-4
-4
-1
-1
0
0
1
1
2
3
3
3
3
4
3
4
3
4
5
5
5
5
6
4
4
3
1
2
2
0
0
-3
-4
-3
-3
-4
-5
-5
-5
-5
-5
-6
-5
-6
-6
-6
-6
-6
-7
-7
-6
-6
-6
-6
-6
-6
-4
-5
-6
-6
-7
-7
-9
-10
-11
-12
-14
-16
-17
-19
-21
-22
-23
-24
-25
-27
-28
-29
-29
-29
-29
-29
-31
-32
-31
-30
-30
-29
-28
-26
-26
-23
-22
-21
-18
-17
-14
-11
-10
-8
-7
-6
-3
-1
0
2
5
5
6
7
8
8
11
12
12
13
14
14
16
17
17
17
17
19
19
20
17
19
17
18
17
17
17
17
18
17
18
18
19
19
18
18
16
15
14
13
12
12
11
12
9
8
8
7
6
5
5
3
2
2
0
0
-1
0
-1
-1
-2
-3
-2
-3
-2
-2
-1
-2
-1
-3
-2
-2
-2
-1
-1
0
2
1
2
3
3
4
4
4
4
4
5
5
5
5
6
6
7
10
10
11
10
11
12
11
13
14
15
16
14
15
15
14
14
14
13
12
13
12
11
11
10
9
8
7
8
7
6
7
6
6
5
3
4
3
3
3
2
3
3
2
2
3
3
3
5
4
4
3
3
2
3
2
2
1
0
0
-1
-2
-2
-2
-2
-2
-2
-2
-2
-2
-1
-2
-2
-1
-2
-1
-1
-2
-1
0
0
1
1
1
0
2
2
2
3
2
2
2
1
1
2
0
-2
-2
-4
-3
-4
-6
-7
-8
-9
-11
-12
-12
-13
-13
-12
-14
-14
-13
-14
-14
-13
-14
-14
-14
-13
-13
-13
-12
-12
-12
-13
-14
-15
-15
-16
-17
-16
-17
-19
-19
-18
-20
-21
-21
-20
-19
-20
-20
-21
-21
-21
-19
-20
-20
-19
-17
-16
-14
-12
-10
-8
-6
-2
0
3
5
9
11
14
17
20
22
24
27
29
32
34
36
37
39
41
41
41
42
41
40
39
38
38
34
33
31
28
25
22
18
14
11
7
4
0
-3
-7
-9
-13
-14
-15
-17
-18
-21
-19
-20
-20
-19
-19
-18
-17
-16
-14
-12
-11
-11
-8
-6
-6
-4
-2
-1
1
2
4
4
4
6
5
4
3
2
1
1
-1
-2
-4
-5
-8
-10
-11
-14
-15
-17
-19
-20
-21
-22
-24
-25
-25
-25
-24
-23
-22
-21
-21
-20
-18
-18
-16
-15
-12
-9
-9
-7
-5
-3
-1
1
1
2
3
5
5
7
7
7
8
7
7
7
7
6
6
5
5
4
4
4
3
1
2
1
1
1
1
1
1
1
2
4
2
2
2
2
4
3
4
4
5
5
5
6
5
4
3
3
2
2
1
1
-1
-1
0
-1
-2
-3
-3
-3
-5
-4
-4
-4
-4
-4
-3
-4
-3
-3
-3
-1
-1
0
0
2
1
2
3
3
4
4
4
3
3
2
0
-1
-2
-4
-5
-6
-6
-9
-10
-11
-14
-15
-16
-18
-18
-19
-20
-19
-19
-19
-18
-17
-16
-14
-12
-10
-8
-6
-3
0
4
6
9
12
15
18
19
23
25
26
29
29
31
32
32
32
33
33
32
31
31
29
27
26
24
23
22
20
19
16
15
14
13
12
10
10
8
8
7
7
6
4
4
4
4
4
3
3
3
2
3
1
-1
-2
-3
-4
-5
-6
-7
-7
-8
-10
-11
-13
-14
-15
-15
-18
-19
-20
-20
-20
-22
-22
-22
-21
-22
-20
-19
-18
-16
-18
-15
-13
-12
-10
-9
-8
-6
-3
-3
-2
-1
-1
1
3
3
5
4
3
4
4
4
4
2
2
1
-1
-1
-2
-4
-5
-7
-6
-7
-9
-11
-11
-11
-12
-13
-13
-13
-13
-14
-12
-13
-12
-12
-11
-8
-9
-7
-6
-4
-3
-1
-1
1
2
5
5
7
8
8
8
10
11
9
10
10
10
10
9
8
7
6
5
4
2
0
-1
-3
-5
-6
-8
-9
-11
-12
-11
-13
-13
-15
-15
-16
-18
-18
-18
-16
-16
-15
-14
-13
-12
-11
-10
-9
-8
-7
-6
-6
-4
-3
-1
1
1
3
5
6
6
8
8
7
8
8
9
10
10
9
9
9
11
9
10
9
10
9
9
9
9
9
8
8
8
8
8
8
8
9
7
7
7
6
7
6
6
7
5
7
5
5
4
4
3
2
3
1
1
1
2
3
2
1
1
0
1
0
-1
-1
-2
-3
-3
-3
-3
-3
-3
-3
-4
-4
-3
-2
-2
-2
-1
-2
-1
0
0
1
2
4
5
6
7
8
9
10
9
11
11
11
12
13
14
14
15
14
16
15
14
14
12
13
12
11
9
7
7
5
3
2
0
-2
-4
-6
-7
-8
-9
-9
-10
-9
-10
-11
-11
-11
-10
-10
-10
-10
-9
-8
-8
-7
-7
-5
-5
-4
-5
-4
-3
-4
-3
-4
-3
-3
-3
-3
-2
-4
-3
-3
-2
-3
-3
-3
-4
-4
-5
-4
-4
-4
-4
-4
-4
-2
-1
-2
-1
-1
-1
-1
-1
-1
0
1
0
0
0
-1
0
-1
-2
-2
-2
-1
-3
-4
-4
-4
-5
-4
-4
-4
-3
-3
-3
-3
-3
-3
-2
-1
-1
0
0
0
0
2
1
1
0
0
1
1
0
-2
-1
-2
-3
-4
-6
-7
-9
-11
-12
-13
-12
-13
-13
-13
-13
-14
-14
-13
-13
-11
-11
-8
-7
-5
-2
-1
2
5
6
9
11
15
16
19
20
21
24
26
26
28
28
28
29
29
27
26
25
23
22
21
19
17
15
13
10
8
5
2
-1
-3
-6
-8
-12
-13
-16
-18
-18
-20
-21
-22
-22
-22
-21
-21
-21
-21
-21
-20
-19
-18
-15
-15
-13
-10
-9
-7
-5
-4
-3
-1
1
3
5
5
7
8
9
8
8
9
9
9
10
11
9
10
9
9
9
8
7
6
4
4
2
1
0
-1
-3
-3
-5
-4
-5
-5
-7
-8
-7
-9
-8
-9
-9
-9
-8
-7
-7
-7
-6
-5
-6
-6
-5
-4
-4
-3
-2
-1
0
1
3
3
2
3
3
2
3
2
2
2
1
1
1
0
0
-1
-2
-2
-4
-5
-5
-6
-8
-9
-9
-11
-11
-12
-13
-12
-13
-13
-13
-13
-12
-12
-12
-11
-11
-10
-10
-9
-8
-6
-5
-3
-1
0
3
4
5
8
9
11
13
14
16
17
18
19
21
22
22
23
22
22
22
22
20
20
19
18
17
16
14
14
12
10
9
6
5
2
1
-1
-1
-2
-5
-6
-7
-8
-9
-11
-11
-12
-12
-12
-12
-13
-13
-12
-11
-9
-9
-8
-6
-6
-4
-3
-1
-1
-1
0
1
2
3
5
6
6
5
6
5
5
5
4
5
6
4
3
3
2
1
0
-1
-1
-2
-1
-3
-3
-3
-3
-2
-2
-1
-1
0
2
2
3
4
4
5
7
6
5
5
6
4
4
4
4
4
3
4
3
2
2
0
-1
-2
-4
-5
-6
-8
-9
-11
-12
-13
-13
-13
-13
-13
-13
-13
-14
-14
-13
-11
-12
-12
-9
-10
-10
-8
-8
-7
-6
-6
-4
-4
-3
-3
-3
0
0
0
1
1
0
1
1
1
1
2
1
2
2
2
2
2
2
2
2
1
1
1
0
-1
-1
-2
-2
-3
-3
-3
-3
-5
-5
-6
-6
-5
-7
-7
-8
-8
-10
-10
-11
-12
-13
-13
-15
-17
-18
-18
-20
-20
-20
-22
-21
-22
-22
-22
-21
-21
-20
-20
-19
-18
-18
-17
-15
-13
-11
-9
-8
-5
-3
-1
2
4
6
9
11
14
16
18
19
22
23
24
25
26
26
26
27
27
26
26
26
26
26
25
24
22
20
19
15
15
13
11
12
8
8
7
6
5
5
6
6
6
6
6
5
6
4
4
3
2
2
0
2
1
-1
-2
-2
-2
-1
0
0
-1
0
-1
-1
-2
-3
-3
-4
-5
-6
-7
-7
-8
-7
-8
-7
-5
-5
-3
-2
-1
0
1
3
4
3
3
3
3
2
3
2
2
2
3
5
6
6
7
8
9
8
8
8
7
7
5
4
3
2
1
1
0
0
0
0
1
1
1
2
3
2
2
2
2
3
2
3
2
1
3
2
3
3
4
6
6
8
8
10
9
9
9
9
9
8
7
6
6
4
4
4
2
0
0
-2
-2
-3
-3
-4
-6
-6
-7
-8
-10
-12
-14
-14
-17
-18
-18
-20
-19
-18
-19
-19
-19
-18
-18
-17
-16
-16
-15
-15
-14
-14
-15
-15
-15
-15
-15
-16
-15
-15
-14
-13
-15
-14
-12
-12
-11
-11
-12
-11
-11
-11
-11
-12
-10
-10
-10
-8
-8
-9
-8
-8
-6
-5
-5
-4
-2
-1
-1
1
2
3
4
5
6
6
6
7
8
6
7
6
5
5
4
3
4
3
2
2
1
-1
-2
-4
-4
-5
-6
-7
-7
-7
-9
-8
-9
-9
-8
-9
-9
-8
-7
-6
-5
-3
-2
-1
0
2
3
5
8
9
12
13
15
17
18
20
22
24
26
28
29
30
32
33
34
35
35
36
36
37
37
38
38
37
37
36
34
34
33
33
31
28
28
25
24
22
19
18
15
14
12
9
8
6
4
2
0
-3
-5
-7
-10
-13
-15
-18
-21
-23
-25
-27
-29
-31
-33
-34
-35
-36
-35
-37
-37
-38
-38
-37
-38
-37
-37
-38
-38
-37
-35
-34
-33
-31
-30
-30
-27
-26
-24
-22
-21
-18
-17
-16
-15
-14
-13
-12
-10
-9
-8
-7
-5
-5
-5
-3
-1
0
0
2
1
3
4
4
5
6
7
7
9
9
9
8
8
8
8
8
8
8
9
8
8
8
7
6
5
4
3
2
2
-1
-2
-3
-3
-6
-7
-8
-8
-9
-10
-10
-12
-13
-13
-13
-13
-13
-13
-13
-13
-12
-12
-11
-11
-11
-9
-9
-9
-9
-8
-8
-7
-6
-4
-3
-3
-2
-2
0
0
1
2
3
3
4
6
7
7
8
9
9
9
10
11
10
11
13
13
14
15
14
15
15
16
17
18
18
19
18
18
19
18
17
17
19
17
18
18
17
16
15
16
14
13
11
11
9
8
6
5
3
0
-1
-4
-5
-7
-8
-11
-11
-13
-16
-16
-20
-21
-22
-23
-24
-24
-24
-26
-27
-26
-26
-26
-26
-26
-22
-23
-22
-20
-19
-18
-16
-14
-12
-10
-8
-6
-4
-3
-1
2
3
6
7
9
9
13
14
17
18
20
22
22
23
24
25
25
26
27
26
27
27
26
25
25
24
23
23
20
20
20
18
17
16
13
12
11
10
7
6
5
3
0
-1
-2
-4
-5
-5
-7
-8
-9
-10
-11
-12
-13
-13
-15
-15
-16
-17
-17
-18
-18
-18
-18
-18
-17
-16
-14
-15
-14
-12
-13
-11
-11
-11
-9
-8
-5
-4
-2
-2
-1
-1
0
1
3
4
5
6
6
7
7
8
6
7
6
6
5
5
5
5
4
3
2
2
0
-2
-2
-3
-4
-5
-6
-8
-9
-10
-11
-10
-11
-12
-10
-11
-9
-10
-10
-9
-9
-8
-7
-6
-6
-5
-5
-4
-5
-5
-3
-4
-3
-1
-1
-2
0
0
0
2
1
1
1
0
2
2
0
0
-1
-1
-2
-3
-2
-3
-2
-3
-2
-2
-2
-1
-2
-2
-3
-2
-2
-1
0
-1
-1
-1
-1
-1
0
0
0
0
1
2
2
2
3
3
4
4
4
6
5
5
6
6
6
5
6
6
6
6
7
6
6
6
5
5
5
5
5
6
5
5
4
4
3
3
3
2
3
4
3
4
3
3
3
3
2
1
2
1
1
1
1
2
1
2
1
0
2
1
3
2
3
4
3
5
5
5
5
5
3
4
4
3
3
3
3
3
4
4
3
4
4
4
4
3
3
3
3
2
1
0
-1
-2
-2
-4
-4
-5
-7
-7
-8
-9
-10
-10
-11
-11
-11
-12
-12
-12
-13
-13
-13
-12
-12
-11
-11
-10
-10
-10
-8
-8
-6
-5
-4
-2
-2
1
1
2
2
1
1
2
2
1
1
1
0
-2
-2
-3
-4
-5
-6
-7
-8
-9
-11
-12
-12
-13
-13
-14
-14
-14
-15
-14
-15
-13
-11
-13
-11
-8
-7
-6
-3
-2
-1
2
2
4
5
7
8
9
10
12
14
14
14
15
15
16
16
17
16
16
16
15
15
14
15
13
13
12
12
12
10
10
9
9
9
10
10
8
10
9
9
11
9
11
10
11
10
11
9
8
8
7
8
7
6
6
6
5
3
1
-2
-3
-4
-5
-7
-9
-10
-13
-13
-15
-16
-17
-19
-19
-20
-21
-20
-21
-21
-20
-20
-20
-19
-18
-17
-16
-14
-13
-11
-9
-8
-5
-3
-1
1
3
5
6
8
9
11
12
12
13
13
12
12
11
9
8
7
5
3
2
1
-1
-3
-5
-7
-9
-10
-10
-13
-13
-14
-15
-16
-16
-16
-16
-16
-16
-16
-15
-15
-15
-14
-13
-10
-11
-8
-7
-5
-4
-3
-2
-1
-1
-1
0
1
0
1
1
-1
0
-1
-2
-1
-3
-3
-4
-5
-5
-5
-5
-6
-5
-6
-4
-4
-3
-3
-2
-2
-1
1
1
2
3
5
5
7
7
8
10
11
12
12
13
13
13
13
13
13
14
12
11
10
10
7
6
3
3
2
1
1
-1
-1
-2
-3
-4
-4
-5
-4
-5
-6
-6
-7
-6
-7
-7
-6
-6
-6
-3
-4
-2
-2
0
0
1
1
4
5
5
7
6
7
9
9
9
10
8
9
9
9
10
9
10
9
9
8
8
8
8
9
9
9
10
11
11
12
13
15
15
17
18
18
19
20
21
22
22
24
24
23
25
22
21
22
19
16
16
16
14
11
10
8
6
4
-1
-4
-5
-9
-11
-13
-14
-17
-20
-21
-23
-25
-25
-25
-28
-26
-26
-26
-24
-24
-23
-22
-21
-22
-19
-17
-17
-16
-15
-14
-14
-13
-14
-13
-12
-12
-12
-11
-11
-11
-11
-11
-11
-12
-11
-10
-11
-11
-11
-11
-10
-9
-8
-8
-7
-5
-4
-2
0
1
3
6
8
10
12
14
15
18
19
20
20
20
20
19
19
19
19
19
16
16
15
12
13
11
9
7
6
4
2
1
-1
-2
-5
-5
-8
-9
-9
-10
-11
-11
-11
-12
-10
-9
-8
-8
-8
-6
-7
-4
-4
-4
-2
-2
-1
-1
0
0
0
0
0
-1
-1
-2
-4
-6
-7
-7
-7
-9
-10
-11
-13
-15
-16
-17
-19
-20
-20
-19
-20
-19
-18
-17
-16
-14
-12
-11
-9
-7
-5
-2
0
2
5
8
11
13
16
19
23
26
27
31
32
34
35
36
38
40
40
41
42
40
41
38
38
37
37
35
34
33
31
29
26
24
22
19
16
14
12
12
9
7
5
3
2
-1
-2
-4
-5
-7
-7
-8
-9
-10
-11
-10
-11
-10
-9
-8
-8
-6
-5
-5
-2
-1
0
3
4
5
7
10
12
11
14
15
17
18
18
19
19
19
19
20
19
17
17
16
15
14
13
10
8
7
5
2
-1
-4
-6
-8
-10
-13
-15
-16
-20
-23
-25
-27
-29
-31
-32
-35
-37
-37
-39
-40
-40
-41
-41
-42
-41
-42
-43
-44
-44
-44
-43
-42
-40
-37
-34
-32
-31
-30
-30
-28
-26
-26
-24
-21
-18
-17
-14
-15
-15
-17
-15
-12
-9
-5
-4
-7
-8
-5
-4
-1
0
-2
-5
-6
-1
6
13
16
11
1
-9
-15
-16
-10
0
8
11
15
18
19
18
12
-2
-16
-21
-18
-5
14
27
26
9
-17
-49
-73
-78
-71
-54
-38
-30
-34
-43
-54
-65
-70
-68
-69
-70
-67
-60
-50
-43
-41
-52
-68
-75
-74
-64
-50
-46
-60
-85
-103
-103
-79
-34
10
35
37
19
-6
-24
-20
-5
19
51
76
93
97
89
63
32
8
-7
-4
19
51
76
94
98
79
52
33
20
34
77
127
170
192
187
159
131
117
120
137
162
178
182
179
171
154
133
109
81
65
69
89
115
133
132
103
61
29
11
13
35
59
72
80
76
56
31
6
-22
-47
-53
-42
-28
-17
-19
-48
-97
-138
-170
-200
-207
-201
-196
-190
-187
-200
-220
-244
-289
-324
-323
-303
-268
-217
-174
-161
-174
-203
-237
-265
-281
-280
-264
-244
-216
-196
-210
-238
-277
-336
-387
-420
-440
-403
-327
-293
-277
-226
-207
-256
-303
-296
-239
-156
-57
59
176
254
253
213
173
150
145
156
198
249
294
323
315
273
214
149
85
43
57
111
165
196
203
188
151
124
87
41
42
83
148
245
333
345
334
343
295
241
248
255
255
285
411
684
1034
1247
1181
894
482
129
-34
-24
162
386
442
315
131
-21
-146
-267
-461
-611
-565
-407
-165
132
320
296
97
-162
-334
-275
-93
66
224
327
355
320
202
41
-108
-236
-334
-309
-177
-52
7
-69
-222
-330
-423
-510
-527
-470
-400
-325
-256
-235
-235
-288
-414
-530
-587
-577
-506
-383
-250
-157
-139
-202
-289
-348
-377
-386
-379
-340
-275
-174
21
345
699
872
759
438
106
-75
-64
104
337
476
393
127
-140
-301
-411
-579
-800
-946
-933
-779
-590
-489
-593
-935
-1409
-1788
-1884
-1747
-1553
-1416
-1335
-1272
-1202
-1120
-1032
-900
-698
-405
54
665
1287
1738
1947
1996
2022
2112
2229
2325
2382
2365
2308
2234
2145
2003
1724
1300
825
471
285
220
225
199
139
55
-29
-67
-52
5
49
141
312
540
813
1032
1177
1249
1274
1288
1313
1377
1419
1433
1416
1364
1322
1237
1096
888
617
336
90
-70
-189
-279
-366
-504
-638
-752
-820
-838
-834
-828
-827
-761
-663
-562
-481
-478
-528
-626
-738
-830
-882
-916
-1009
-1146
-1320
-1502
-1667
-1867
-2065
-2217
-2281
-2273
-2239
-2211
-2215
-2210
-2212
-2202
-2103
-1950
-1796
-1680
-1589
-1505
-1403
-1279
-1186
-1072
-941
-849
-769
-678
-533
-319
-20
337
715
1076
1314
1431
1482
1536
1659
1829
1997
2095
2121
2108
2072
2039
1962
1828
1622
1373
1170
1058
1045
1050
1022
934
776
616
496
436
409
391
367
335
352
405
477
540
522
429
320
239
220
306
412
415
368
332
321
312
233
121
31
-55
-141
-144
-105
-131
-175
-254
-348
-379
-436
-512
-453
-296
-161
-79
-160
-352
-318
-137
-77
-26
29
-61
-196
-262
-257
-54
169
72
-164
-318
-452
-423
-188
-71
-152
-247
-359
-453
-437
-414
-368
-287
-303
-395
-430
-430
-440
-393
-336
-349
-397
-431
-427
-420
-438
-432
-380
-347
-383
-426
-427
-406
-382
-359
-338
-355
-406
-429
-402
-359
-346
-361
-373
-380
-378
-341
-275
-246
-268
-290
-285
-243
-192
-167
-158
-147
-128
-92
-32
19
56
96
139
197
270
351
426
463
474
491
521
554
586
608
615
624
635
653
676
672
640
601
564
546
541
527
502
485
467
450
443
429
423
428
420
421
430
407
366
330
298
272
255
224
181
151
112
68
40
2
-42
-58
-58
-56
-47
-62
-109
-141
-152
-147
-132
-129
-143
-165
-185
-207
-232
-249
-273
-294
-294
-302
-333
-358
-372
-384
-383
-380
-397
-399
-354
-290
-255
-248
-258
-286
-290
-280
-288
-281
-255
-251
-243
-203
-188
-217
-227
-241
-276
-293
-292
-268
-226
-203
-205
-224
-253
-253
-219
-146
-51
-27
-69
-82
-62
-27
46
109
106
118
158
145
154
191
198
253
301
263
249
275
260
237
249
253
218
157
113
152
209
148
103
147
119
78
126
203
263
222
139
167
216
237
273
289
297
259
222
328
389
246
229
375
260
118
232
207
157
289
264
192
169
-13
-55
127
147
107
138
17
-189
-226
-78
107
95
-88
-138
-220
-401
-153
179
-12
-214
-230
-262
-150
-138
-244
-153
-114
-245
-260
-165
-195
-228
-160
-208
-261
-218
-349
-365
-54
27
-107
-199
-337
-208
91
-20
-247
-177
-116
-24
216
149
-118
-141
-85
12
155
117
81
98
62
110
77
5
173
212
18
40
50
-79
75
171
-68
-40
118
-43
-89
-13
-132
-63
195
184
-60
-252
-271
-163
27
183
130
-4
-81
-155
-57
173
191
70
51
73
74
67
14
5
97
19
-166
-32
160
114
107
-1
-217
-2
361
343
258
178
-70
-36
319
464
444
380
153
97
309
361
308
340
260
204
305
225
26
7
-13
-153
-248
-325
-399
-333
-251
-251
-224
-187
-182
-169
-197
-260
-225
-45
120
93
19
91
127
105
225
291
158
50
5
-19
76
176
87
-39
-107
-173
-139
-90
-173
-291
-389
-429
-309
-157
-111
-74
-124
-304
-402
-392
-324
-161
7
2
-72
-26
-33
-119
-90
-13
17
59
109
80
69
131
137
95
-5
-171
-266
-234
-124
27
176
101
-158
-262
-172
18
170
150
-25
-196
-187
-20
180
241
115
-15
-48
26
115
164
170
132
172
224
165
14
-141
-143
-17
129
156
28
-104
-132
-6
113
89
7
-86
-127
-75
55
141
128
117
93
83
92
46
-1
19
84
86
41
-12
-71
-36
56
137
161
104
8
-73
-29
96
178
171
85
16
-16
4
98
164
168
173
197
199
210
263
285
259
230
208
191
198
207
227
290
292
174
27
-77
-127
-158
-193
-206
-205
-193
-166
-157
-182
-185
-163
-165
-170
-141
-109
-93
-40
45
84
53
-52
-152
-172
-134
-98
-134
-176
-200
-211
-184
-164
-183
-255
-330
-348
-329
-331
-383
-394
-356
-348
-375
-461
-559
-642
-645
-578
-537
-492
-448
-391
-343
-306
-187
-56
40
77
96
195
352
561
687
699
686
659
710
765
773
769
750
763
767
803
806
750
724
685
698
709
684
692
708
735
683
651
647
606
616
598
614
652
672
697
641
604
564
535
563
564
558
489
425
368
308
299
228
160
95
15
-43
-151
-211
-224
-206
-212
-305
-368
-415
-421
-461
-567
-627
-654
-587
-536
-637
-821
-933
-895
-860
-811
-831
-986
-1080
-1190
-1321
-1359
-1319
-1311
-1424
-1592
-1736
-1679
-1527
-1569
-1740
-1881
-1896
-1832
-1744
-1704
-1785
-1837
-1799
-1693
-1605
-1594
-1554
-1484
-1371
-1238
-1066
-734
-252
391
1112
1759
2195
2396
2498
2550
2644
2760
2831
2902
2925
2967
3018
3004
2872
2563
2136
1607
1108
736
485
353
258
197
95
-56
-204
-375
-500
-577
-590
-552
-475
-310
-123
105
322
447
531
567
589
629
707
788
841
895
914
948
1002
1028
1018
899
714
528
357
222
104
-4
-103
-184
-257
-309
-341
-394
-427
-459
-519
-550
-557
-537
-466
-354
-282
-328
-428
-430
-343
-379
-551
-697
-780
-728
-572
-600
-810
-932
-966
-1014
-1086
-1172
-1158
-1080
-1126
-1224
-1215
-1139
-1104
-1107
-1100
-1132
-1205
-1252
-1289
-1286
-1173
-1069
-1139
-1309
-1359
-1232
-1087
-1058
-1138
-1230
-1282
-1291
-1246
-1201
-1224
-1269
-1290
-1275
-1170
-939
-564
-38
521
960
1243
1382
1426
1507
1690
1889
2066
2226
2345
2478
2653
2805
2839
2685
2352
1919
1524
1263
1124
1072
1028
924
777
594
388
205
51
-100
-253
-370
-402
-350
-205
6
190
295
302
235
198
243
357
496
622
742
847
931
1000
1028
1000
937
815
652
540
479
450
455
468
469
440
382
288
173
46
-96
-207
-277
-292
-264
-193
-97
-42
-52
-147
-295
-415
-466
-455
-431
-381
-350
-353
-369
-444
-561
-716
-877
-969
-996
-999
-1031
-1068
-1106
-1120
-1079
-1150
-1326
-1485
-1558
-1505
-1437
-1424
-1427
-1383
-1321
-1302
-1388
-1606
-1732
-1710
-1651
-1567
-1591
-1731
-1830
-1803
-1759
-1796
-1865
-1991
-2038
-1960
-1923
-1910
-1938
-1990
-1971
-1748
-1213
-437
506
1407
2057
2408
2499
2521
2593
2837
3195
3487
3702
3835
3972
4098
4093
3882
3392
2689
1871
1189
801
620
586
510
284
-53
-431
-748
-1005
-1160
-1245
-1310
-1295
-1166
-830
-313
233
649
846
898
882
926
1099
1342
1617
1828
1950
2010
2029
2004
1861
1599
1213
757
359
66
-84
-125
-133
-177
-319
-481
-606
-681
-667
-563
-359
-44
382
823
1132
1264
1162
905
678
555
584
681
722
652
482
314
126
-129
-471
-860
-1204
-1483
-1575
-1514
-1394
-1288
-1341
-1519
-1789
-2021
-2130
-2166
-2101
-2034
-1971
-1907
-1844
-1716
-1625
-1560
-1607
-1840
-2101
-2296
-2313
-2246
-2179
-2141
-2233
-2326
-2437
-2503
-2579
-2801
-3051
-3353
-3505
-3487
-3333
-3043
-2833
-2517
-2056
-1233
28
1454
2875
3815
4288
4384
4352
4534
4817
5254
5525
5569
5437
5113
4819
4368
3777
2907
1799
747
-180
-669
-844
-862
-917
-1260
-1702
-2150
-2352
-2292
-2067
-1665
-1314
-900
-385
247
999
1623
2068
2216
2189
2176
2229
2466
2721
2904
2899
2679
2349
1893
1407
897
412
-44
-514
-928
-1270
-1491
-1567
-1543
-1519
-1514
-1511
-1460
-1305
-1032
-625
-208
193
507
775
1039
1220
1414
1506
1560
1579
1515
1443
1300
1243
1202
1172
1092
789
380
-155
-595
-870
-969
-902
-880
-844
-850
-810
-713
-653
-612
-654
-659
-645
-562
-363
-199
-110
-211
-461
-803
-1174
-1465
-1696
-1807
-1877
-1974
-2106
-2300
-2482
-2696
-2908
-3121
-3303
-3357
-3309
-3111
-2909
-2757
-2688
-2796
-2961
-3178
-3337
-3475
-3560
-3498
-3416
-3236
-3045
-2717
-2113
-1155
258
1802
3295
4389
4974
5169
5108
5160
5268
5464
5585
5531
5400
5035
4571
3902
3063
2071
894
-179
-1071
-1501
-1551
-1447
-1306
-1388
-1562
-1807
-1911
-1727
-1378
-831
-308
239
849
1492
2185
2671
2939
2910
2656
2400
2141
2070
2097
2083
1956
1605
1180
629
63
-463
-1018
-1416
-1715
-1834
-1790
-1641
-1362
-1210
-1094
-1037
-964
-711
-396
76
546
1020
1502
1822
2037
2043
1966
1767
1434
1205
978
813
677
530
363
108
-117
-408
-683
-808
-772
-515
-195
80
219
197
109
41
95
221
326
375
354
316
310
292
183
-55
-382
-728
-1031
-1244
-1384
-1544
-1747
-2033
-2349
-2569
-2712
-2754
-2789
-2825
-2855
-2921
-2840
-2761
-2634
-2504
-2523
-2510
-2604
-2619
-2663
-2775
-2877
-3193
-3416
-3726
-3920
-3899
-3889
-3710
-3567
-2998
-1922
-383
1594
3364
4777
5406
5457
5329
5173
5380
5612
5761
5680
5375
5092
4599
3894
2865
1528
115
-1208
-2071
-2398
-2288
-1911
-1631
-1498
-1472
-1502
-1386
-1128
-651
-4
675
1426
2130
2879
3541
3909
3962
3591
3060
2486
1993
1706
1479
1320
1050
623
109
-509
-1107
-1691
-2165
-2415
-2510
-2373
-2064
-1677
-1184
-796
-450
-115
186
540
789
1126
1429
1710
2048
2118
2163
1973
1662
1316
792
480
87
-195
-461
-757
-831
-1058
-1077
-1138
-1174
-1003
-928
-624
-393
47
670
1226
1868
2116
2193
1989
1668
1528
1327
1322
1138
808
421
-98
-421
-807
-1146
-1508
-1897
-2108
-2325
-2291
-2166
-2010
-1771
-1707
-1678
-1727
-1690
-1538
-1399
-1211
-1214
-1298
-1407
-1521
-1537
-1672
-1865
-2151
-2477
-2718
-2947
-3101
-3389
-3760
-4144
-4558
-4783
-4900
-4820
-4695
-4597
-4423
-4225
-3545
-2180
-35
2548
4897
6623
7232
7076
6580
6163
6093
6030
5933
5508
4934
4355
3645
2840
1564
84
-1431
-2678
-3222
-3141
-2393
-1531
-792
-275
-85
108
278
671
1243
1903
2679
3287
3830
4192
4319
4120
3434
2494
1386
403
-253
-580
-602
-583
-632
-873
-1266
-1625
-1936
-2102
-2089
-1850
-1406
-828
-178
432
958
1328
1607
1765
1780
1696
1565
1494
1430
1466
1403
1112
696
102
-426
-927
-1231
-1344
-1436
-1343
-1248
-977
-694
-444
-134
-25
170
313
524
792
1011
1398
1591
1729
1738
1628
1506
1168
863
398
-52
-415
-777
-940
-1127
-1210
-1340
-1531
-1646
-1749
-1664
-1560
-1332
-1004
-712
-393
-247
-195
-262
-383
-490
-674
-792
-952
-1183
-1469
-1791
-2058
-2383
-2745
-3148
-3586
-3914
-4144
-4270
-4268
-4183
-4005
-3877
-3839
-3870
-3978
-4001
-3984
-3734
-3222
-2657
-1860
-826
718
2705
4789
6597
7455
7547
6953
6093
5447
4965
4867
4629
4227
3677
2925
2208
1135
4
-1215
-2285
-2785
-2869
-2292
-1430
-401
497
942
1237
1292
1434
1690
2051
2592
3044
3443
3547
3396
3068
2452
1680
762
-75
-659
-962
-969
-829
-621
-502
-546
-668
-817
-864
-765
-544
-215
181
597
914
1121
1237
1232
1094
819
499
219
86
63
63
27
-117
-340
-643
-875
-966
-876
-612
-305
76
444
791
1043
1142
1169
1116
1090
1035
998
1035
1068
1082
964
732
386
4
-320
-609
-779
-841
-845
-842
-833
-798
-774
-778
-802
-817
-779
-677
-545
-390
-272
-216
-245
-385
-591
-820
-1040
-1280
-1523
-1773
-2052
-2339
-2580
-2700
-2701
-2617
-2586
-2647
-2768
-2833
-2783
-2725
-2629
-2596
-2586
-2582
-2609
-2602
-2684
-2786
-3000
-3193
-3202
-3080
-2776
-2476
-1937
-952
545
2452
4296
5787
6492
6460
5918
5167
4640
4334
4220
4010
3659
3224
2606
1830
853
-128
-989
-1560
-1697
-1407
-672
269
1161
1775
2037
2055
1971
1922
1981
2228
2566
2821
2856
2636
2183
1562
820
-28
-797
-1380
-1689
-1682
-1394
-914
-468
-164
-88
-145
-175
-115
115
439
812
1128
1282
1294
1174
1008
748
373
-8
-322
-466
-446
-301
-117
1
56
-17
-138
-159
-48
195
488
796
1061
1218
1256
1157
1022
862
682
508
327
254
305
402
450
383
211
-101
-450
-700
-810
-761
-625
-446
-319
-269
-237
-290
-403
-516
-590
-623
-610
-490
-323
-202
-223
-426
-732
-1083
-1376
-1584
-1785
-1979
-2144
-2262
-2346
-2377
-2360
-2386
-2466
-2551
-2604
-2620
-2620
-2499
-2322
-2189
-2045
-2020
-2157
-2380
-2558
-2733
-2961
-3065
-3118
-3076
-2979
-2914
-2821
-2764
-2417
-1519
109
2301
4527
6329
7078
6941
6291
5458
4809
4345
4123
3824
3489
3175
2731
2176
1301
281
-838
-1743
-2035
-1748
-866
244
1297
1942
2095
1996
1752
1636
1637
1799
2013
2087
2100
1993
1777
1374
774
-39
-928
-1510
-1685
-1398
-800
-139
381
609
591
460
401
436
573
774
882
942
1022
1027
901
665
272
-222
-630
-838
-840
-624
-289
-4
205
311
379
434
477
561
682
863
1059
1251
1362
1341
1201
923
578
212
-83
-240
-248
-143
15
126
55
-98
-306
-495
-547
-474
-333
-193
-27
31
37
19
-148
-346
-559
-736
-854
-864
-833
-868
-934
-1156
-1448
-1728
-1952
-2072
-2144
-2166
-2114
-1987
-1917
-1863
-1852
-1941
-2024
-2094
-2122
-2057
-1849
-1707
-1638
-1622
-1724
-1757
-1914
-2162
-2345
-2481
-2654
-2904
-3056
-3245
-3168
-2803
-2471
-2082
-1861
-1830
-1985
-2013
-1376
93
2240
4449
6392
7564
7752
7306
6217
4919
3889
3182
2691
2375
2248
2049
1678
954
-68
-1019
-1779
-2038
-1631
-683
675
2067
3020
3367
3286
2939
2511
2166
1927
1906
1965
1846
1630
1270
625
-137
-943
-1759
-2235
-2179
-1793
-1174
-375
320
745
895
821
708
631
616
657
671
717
776
672
385
42
-363
-826
-1146
-1283
-1181
-760
-260
164
495
679
706
651
612
632
807
1040
1206
1360
1496
1565
1456
1155
678
101
-346
-579
-581
-380
-73
123
111
16
-140
-287
-422
-552
-644
-693
-643
-560
-519
-591
-786
-1121
-1550
-1847
-1975
-1900
-1653
-1415
-1265
-1217
-1301
-1464
-1543
-1572
-1577
-1577
-1675
-1843
-1967
-1963
-1935
-1891
-1917
-2050
-2266
-2533
-2537
-2454
-2396
-2304
-2259
-2204
-2108
-1915
-1970
-2067
-2024
-2171
-2239
-2210
-1979
-1568
-1165
-956
-1055
-1029
-1011
-630
582
2415
4563
6310
7247
7113
6379
5522
4388
3323
2599
2236
1848
1509
1393
1108
721
215
-538
-1281
-1348
-708
152
1350
2634
3418
3586
3373
2879
2363
2144
1907
1511
1171
953
679
321
-81
-627
-1206
-1750
-2107
-2107
-1644
-820
-32
593
1000
1177
1140
1019
918
778
733
652
419
229
109
-76
-382
-651
-899
-1069
-986
-764
-438
-5
386
594
594
565
540
471
431
440
510
555
650
801
872
978
945
616
146
-247
-488
-637
-549
-372
-206
-19
14
-48
-169
-282
-356
-463
-554
-587
-503
-455
-467
-526
-767
-1054
-1308
-1525
-1562
-1428
-1274
-1166
-1164
-1282
-1392
-1487
-1642
-1759
-1758
-1767
-1833
-1953
-2144
-2253
-2305
-2314
-2254
-2293
-2340
-2314
-2223
-2115
-2020
-1904
-1850
-1728
-1619
-1615
-1582
-1593
-1593
-1805
-2224
-2311
-1949
-1451
-1146
-900
-790
-968
-1198
-1319
-727
1053
3500
5575
6715
7108
6807
5880
4591
3266
2308
1834
1568
1214
978
1081
1103
625
-119
-826
-1278
-1056
-183
985
2365
3709
4300
4042
3579
3075
2509
1990
1520
1111
795
592
334
-70
-504
-943
-1541
-2184
-2359
-1980
-1279
-374
454
953
1195
1207
988
766
623
515
372
148
5
-15
-96
-335
-632
-995
-1298
-1332
-1180
-794
-159
459
868
1025
990
881
773
656
589
577
560
546
507
420
362
349
308
271
209
115
16
-149
-273
-325
-357
-363
-382
-461
-583
-632
-684
-732
-679
-611
-522
-466
-448
-448
-515
-585
-696
-846
-990
-1065
-1088
-1191
-1343
-1595
-1914
-2224
-2479
-2530
-2529
-2564
-2563
-2608
-2693
-2650
-2421
-2183
-1829
-1299
-951
-841
-860
-974
-1146
-1329
-1422
-1412
-1291
-1196
-1295
-1560
-1897
-2204
-2471
-2636
-2580
-2282
-1913
-1722
-1637
-1468
-1344
-1369
-1194
-323
1497
3896
6004
7208
7360
6701
5537
4114
2831
2151
2053
1968
1750
1547
1382
1229
823
145
-487
-724
-352
553
1744
2972
3978
4223
3633
2815
2018
1314
829
456
149
-22
-158
-406
-709
-1009
-1343
-1721
-2069
-2059
-1496
-609
409
1310
1826
1978
1828
1441
1036
792
606
394
203
-14
-208
-408
-695
-1037
-1382
-1592
-1605
-1395
-946
-328
244
601
800
813
700
591
477
375
341
392
423
429
420
334
156
-42
-80
17
166
328
367
248
121
30
-125
-215
-197
-258
-353
-377
-388
-382
-320
-309
-393
-504
-623
-718
-805
-919
-1065
-1331
-1685
-1948
-2097
-2150
-2082
-1990
-1994
-2069
-2187
-2300
-2289
-2186
-1928
-1579
-1329
-1093
-858
-733
-743
-797
-946
-1156
-1356
-1692
-1948
-1961
-1811
-1707
-1918
-2366
-2835
-2985
-2720
-2250
-1814
-1487
-1268
-1296
-1256
-1080
-1060
-1104
-1283
-1766
-2195
-1715
79
2795
5433
7025
7372
6613
5416
4392
3414
2697
2562
2464
1932
1524
1447
1321
1076
517
-398
-1148
-1142
-306
947
2316
3536
3974
3436
2637
1981
1431
1230
1193
851
508
355
55
-274
-550
-986
-1531
-2027
-2225
-1843
-940
100
1014
1508
1528
1431
1214
945
868
806
591
304
-9
-285
-412
-595
-956
-1280
-1572
-1714
-1481
-1048
-492
183
699
961
1104
1147
1148
1196
1157
1039
991
846
686
634
462
229
40
-195
-411
-462
-447
-460
-419
-448
-482
-444
-411
-243
-33
69
125
87
-117
-309
-443
-708
-940
-1100
-1323
-1480
-1555
-1645
-1678
-1687
-1787
-1837
-1834
-1814
-1645
-1468
-1436
-1469
-1524
-1638
-1682
-1639
-1680
-1709
-1682
-1538
-1313
-1293
-1409
-1447
-1508
-1765
-2062
-2159
-2042
-1807
-1686
-1658
-1614
-1666
-1720
-1910
-2304
-2170
-1515
-1291
-1355
-1071
-1086
-1762
-2274
-2577
-2649
-1966
-938
247
2172
4723
6774
7564
7194
6183
5071
3814
2695
2207
2197
2323
2071
1363
676
172
-362
-885
-1166
-1054
-231
954
1966
3025
3904
4020
3484
2723
1996
1586
1414
1188
948
696
350
-152
-819
-1374
-1614
-1784
-1873
-1630
-1114
-297
627
1212
1461
1524
1291
861
539
287
175
168
-48
-330
-529
-746
-994
-1201
-1363
-1386
-1165
-861
-416
212
811
1270
1496
1499
1417
1319
1153
959
826
685
503
338
237
213
183
33
-262
-649
-913
-936
-822
-540
-98
292
451
476
390
159
-38
-241
-503
-692
-740
-735
-796
-906
-1110
-1384
-1662
-1878
-1951
-1915
-1755
-1568
-1461
-1421
-1437
-1537
-1696
-1789
-1799
-1748
-1677
-1575
-1482
-1488
-1579
-1773
-1956
-1979
-1950
-2006
-1824
-1408
-1246
-1211
-1260
-1568
-1834
-1988
-2347
-2445
-1802
-1218
-1063
-1115
-1402
-1579
-1503
-1501
-1636
-1645
-1579
-1525
-1497
-1481
-1233
-998
-475
1094
3203
4945
6179
6583
5850
4915
4142
3084
2249
2124
2132
1693
1329
1315
1110
669
329
-105
-615
-259
775
1629
2621
3646
3869
3379
2826
2176
1537
1206
931
588
273
76
-176
-581
-917
-1188
-1570
-1879
-1814
-1482
-806
98
713
1035
1244
1215
1020
953
868
710
593
379
68
-225
-422
-642
-949
-1197
-1298
-1313
-1220
-786
-292
55
464
753
796
867
1097
1156
1114
1171
1075
843
626
412
96
-215
-370
-452
-467
-367
-179
-114
-197
-259
-325
-366
-260
-48
146
305
343
221
7
-240
-455
-688
-959
-1151
-1243
-1350
-1452
-1517
-1651
-1779
-1904
-1993
-1896
-1682
-1441
-1184
-1011
-985
-928
-913
-1028
-1173
-1474
-1898
-2187
-2303
-2357
-2258
-1994
-1753
-1650
-1739
-1847
-1852
-1725
-1643
-1861
-2018
-1788
-1486
-1406
-1296
-1158
-1153
-1140
-1407
-1846
-1926
-1716
-1660
-1866
-1986
-1999
-1997
-2098
-2104
-1189
998
3650
5536
6528
6735
6016
5099
4262
3302
2825
3095
3014
2313
2039
2008
1598
986
293
-541
-1130
-869
-87
797
2012
3185
3344
2706
2212
1782
1361
1309
1327
1150
1037
921
511
47
-253
-656
-1329
-1937
-2120
-1883
-1211
-321
360
772
983
849
512
402
472
562
591
461
262
85
-53
-268
-598
-916
-1137
-1307
-1368
-1079
-594
-112
324
551
604
652
758
809
827
893
906
816
671
586
536
459
343
101
-161
-300
-330
-310
-197
35
255
373
400
378
321
206
24
-217
-422
-497
-505
-518
-573
-719
-969
-1302
-1653
-1907
-1991
-1979
-1937
-1833
-1707
-1630
-1598
-1613
-1644
-1685
-1763
-1843
-1833
-1707
-1521
-1399
-1512
-1722
-1815
-1821
-1777
-1797
-1904
-1880
-1756
-1686
-1427
-1108
-1181
-1339
-1468
-1958
-2333
-2139
-1946
-1866
-1563
-1416
-1561
-1530
-1517
-1948
-2312
-2155
-1893
-1623
-1168
-853
-326
1297
3356
4763
5811
6324
5751
4947
4454
3790
3364
3704
3834
3207
2658
2322
1604
830
393
-328
-1137
-1058
-542
-128
810
1932
2204
2024
1911
1504
1086
1206
1452
1418
1475
1603
1254
691
383
-107
-866
-1308
-1577
-1834
-1562
-937
-492
-114
220
239
44
-64
-22
93
261
489
565
460
417
294
5
-179
-296
-505
-628
-542
-333
3
394
673
734
679
645
537
455
564
673
714
807
808
683
624
522
331
175
33
-41
-31
34
181
296
287
237
75
-194
-358
-468
-577
-596
-623
-699
-767
-887
-1056
-1219
-1432
-1649
-1833
-1997
-2007
-1857
-1646
-1441
-1381
-1520
-1742
-1956
-2069
-1964
-1742
-1565
-1544
-1733
-1948
-2058
-2141
-2190
-2242
-2411
-2442
-2149
-1869
-1690
-1436
-1323
-1483
-1615
-1671
-1761
-1569
-1066
-845
-1084
-1318
-1428
-1624
-1673
-1537
-1644
-1840
-1804
-1881
-2157
-1996
-1134
256
2002
3654
4750
5177
5156
4967
4629
4225
4085
4211
4205
4011
3831
3608
3217
2641
1801
636
-452
-935
-943
-726
-150
576
943
952
821
612
535
740
1026
1177
1311
1560
1729
1681
1539
1291
846
293
-303
-811
-983
-824
-554
-390
-411
-515
-654
-866
-1064
-1142
-1096
-948
-801
-686
-480
-168
179
420
445
360
318
334
425
647
964
1262
1397
1334
1130
857
648
486
270
82
3
-42
-45
27
104
179
205
118
-22
-118
-67
143
398
628
818
901
830
599
264
-39
-285
-500
-656
-815
-989
-1144
-1342
-1588
-1815
-2008
-2152
-2224
-2232
-2161
-2045
-1945
-1848
-1800
-1801
-1745
-1636
-1561
-1502
-1459
-1467
-1489
-1493
-1549
-1620
-1593
-1578
-1701
-1854
-1983
-2099
-2115
-2130
-2270
-2399
-2403
-2252
-1949
-1646
-1367
-1051
-886
-923
-1035
-1251
-1420
-1343
-1232
-1197
-1124
-1038
-974
-911
-695
-57
879
1793
2603
3083
3173
3330
3586
3663
3799
4143
4421
4520
4566
4557
4449
4321
4151
3671
2856
2126
1600
1094
759
678
609
469
313
49
-338
-620
-684
-718
-837
-849
-697
-572
-431
-187
10
128
259
289
170
120
238
419
580
735
877
944
886
719
487
183
-123
-377
-629
-856
-959
-939
-915
-905
-876
-853
-861
-882
-837
-719
-521
-206
155
459
693
898
1028
1059
1049
1024
997
967
938
883
782
669
558
411
176
-108
-356
-564
-739
-840
-881
-935
-1001
-1059
-1141
-1224
-1236
-1194
-1198
-1255
-1302
-1352
-1429
-1447
-1391
-1342
-1290
-1223
-1207
-1240
-1251
-1223
-1200
-1162
-1063
-946
-879
-818
-739
-718
-750
-803
-916
-1061
-1143
-1164
-1176
-1158
-1099
-1056
-1059
-1082
-1077
-1053
-1003
-897
-760
-625
-482
-372
-353
-412
-502
-605
-684
-710
-688
-611
-524
-466
-434
-461
-551
-593
-486
-237
134
581
990
1302
1525
1671
1713
1689
1704
1749
1785
1833
1908
1982
2065
2134
2102
1980
1835
1696
1564
1460
1424
1445
1486
1527
1534
1483
1398
1295
1165
1044
955
872
785
700
600
482
374
294
246
213
184
136
77
49
34
19
0
-45
-134
-244
-353
-444
-492
-524
-556
-584
-633
-698
-761
-799
-797
-759
-691
-611
-536
-467
-405
-388
-405
-421
-471
-507
-454
-359
-248
-110
-22
-49
-140
-266
-417
-503
-490
-411
-291
-145
-22
22
-7
-65
-138
-201
-217
-194
-146
-85
-42
-53
-101
-185
-301
-415
-514
-581
-605
-599
-585
-571
-573
-588
-605
-628
-630
-612
-595
-560
-516
-510
-541
-598
-700
-821
-929
-1025
-1091
-1124
-1136
-1139
-1145
-1143
-1130
-1110
-1084
-1043
-994
-940
-894
-878
-863
-843
-815
-755
-685
-624
-566
-511
-460
-390
-299
-215
-167
-174
-207
-230
-248
-234
-177
-89
30
170
308
447
601
762
926
1079
1215
1353
1491
1627
1785
1946
2061
2128
2165
2175
2177
2196
2205
2210
2225
2212
2149
2067
1981
1877
1768
1645
1509
1384
1275
1175
1086
1005
923
811
663
515
396
301
241
208
149
54
-56
-201
-359
-495
-639
-795
-929
-1039
-1135
-1195
-1221
-1229
-1236
-1253
-1261
-1242
-1190
-1100
-1000
-911
-822
-742
-682
-616
-515
-408
-337
-313
-333
-387
-445
-485
-527
-559
-538
-502
-475
-419
-348
-299
-262
-228
-202
-141
-41
63
142
193
223
209
143
68
-2
-73
-118
-135
-167
-214
-261
-322
-397
-460
-505
-545
-559
-526
-479
-440
-411
-431
-512
-623
-749
-861
-923
-934
-913
-874
-865
-897
-953
-1039
-1129
-1191
-1227
-1239
-1208
-1172
-1171
-1177
-1192
-1245
-1300
-1297
-1241
-1137
-964
-766
-593
-431
-288
-201
-158
-103
-28
59
180
338
529
755
1009
1241
1423
1578
1696
1782
1866
1953
2054
2187
2325
2427
2504
2558
2570
2547
2507
2455
2391
2330
2271
2209
2161
2127
2065
1952
1798
1609
1423
1257
1092
933
784
620
452
310
174
43
-71
-172
-264
-359
-450
-546
-676
-812
-943
-1113
-1279
-1377
-1449
-1503
-1513
-1523
-1563
-1608
-1652
-1694
-1700
-1651
-1558
-1437
-1288
-1125
-1002
-917
-838
-769
-697
-604
-493
-360
-213
-104
-43
-15
-13
-12
18
71
139
233
340
423
461
456
408
336
285
257
248
272
312
326
306
251
183
125
60
-3
-31
-40
-52
-66
-107
-179
-260
-353
-459
-548
-600
-632
-668
-720
-788
-873
-960
-1050
-1129
-1168
-1180
-1196
-1197
-1185
-1184
-1178
-1171
-1197
-1238
-1269
-1310
-1367
-1407
-1420
-1421
-1409
-1376
-1314
-1222
-1075
-894
-717
-549
-390
-244
-98
62
222
377
531
677
814
954
1096
1227
1348
1470
1599
1731
1861
1992
2114
2236
2368
2504
2618
2704
2788
2850
2861
2849
2823
2756
2663
2571
2467
2354
2254
2136
1972
1775
1571
1362
1151
949
755
562
364
171
6
-117
-211
-290
-366
-470
-596
-705
-808
-928
-1044
-1156
-1283
-1412
-1515
-1591
-1643
-1671
-1689
-1724
-1769
-1789
-1772
-1716
-1614
-1491
-1371
-1256
-1148
-1058
-975
-891
-810
-715
-614
-517
-409
-277
-144
-34
37
77
113
166
240
336
449
554
642
706
717
689
656
615
562
517
481
440
402
366
312
233
143
48
-44
-115
-160
-193
-233
-290
-353
-438
-550
-663
-754
-846
-921
-970
-1025
-1071
-1096
-1129
-1173
-1212
-1242
-1248
-1222
-1172
-1108
-1056
-1036
-1026
-1028
-1050
-1079
-1115
-1146
-1168
-1204
-1244
-1276
-1298
-1284
-1226
-1168
-1113
-1000
-842
-652
-420
-210
-36
144
317
494
688
858
1035
1237
1405
1582
1797
2000
2190
2352
2471
2589
2707
2876
3145
3398
3600
3780
3866
3898
3904
3764
3505
3219
2881
2522
2214
1958
1753
1572
1342
1028
668
308
-21
-312
-565
-748
-874
-976
-1038
-1084
-1112
-1086
-1080
-1136
-1209
-1290
-1358
-1371
-1327
-1248
-1156
-1032
-917
-856
-797
-726
-672
-604
-535
-465
-360
-244
-86
107
220
269
275
186
57
-104
-256
-283
-282
-236
-97
-23
259
736
657
222
8
-188
-188
150
330
425
652
658
390
76
-265
-579
-846
-1031
-995
-820
-665
-598
-703
-913
-1161
-1490
-1747
-1833
-1791
-1582
-1326
-1202
-1147
-1156
-1328
-1621
-1942
-2161
-2178
-2071
-1945
-1836
-1822
-1857
-1863
-1983
-2197
-2319
-2366
-2333
-2175
-1999
-1827
-1632
-1492
-1476
-1618
-1855
-2080
-2118
-1668
-734
285
1129
1665
1733
1577
1641
1901
2335
3160
4132
4814
5225
5517
5647
5647
5597
5376
4934
4544
4415
4413
4390
4360
4164
3532
2572
1568
694
207
152
222
194
-1
-374
-867
-1400
-1838
-2022
-1976
-1855
-1702
-1518
-1270
-913
-618
-538
-582
-635
-568
-289
142
630
1098
1394
1345
978
574
378
423
579
708
701
542
333
72
-268
-533
-675
-776
-820
-765
-598
-355
-177
-193
-353
-511
-535
-323
71
534
999
1291
1315
1165
979
928
1074
1317
1548
1684
1683
1547
1301
996
691
447
246
37
-198
-437
-669
-975
-1390
-1844
-2285
-2630
-2818
-2907
-2945
-2961
-3040
-3241
-3511
-3724
-3730
-3491
-3169
-2879
-2649
-2520
-2454
-2445
-2562
-2628
-2431
-2082
-1786
-1609
-1559
-1571
-1547
-1628
-1929
-2166
-2130
-1970
-1826
-1727
-1696
-1669
-1681
-1906
-2212
-2227
-1922
-1577
-1339
-929
70
1420
2369
2650
2558
2469
2753
3442
4208
5109
6286
7075
6879
6152
5636
5552
5775
5996
5916
5636
5399
5036
4246
3275
2618
2177
1543
750
160
-70
-48
-121
-669
-1528
-2103
-2282
-2344
-2230
-1781
-1189
-826
-948
-1406
-1628
-1250
-545
50
424
717
1000
1096
960
866
978
1192
1290
1088
818
854
1000
818
358
-123
-512
-671
-681
-733
-690
-519
-541
-863
-1193
-1146
-695
-206
39
82
98
209
435
640
869
1338
1797
1898
1794
1729
1817
2016
2056
1841
1606
1487
1369
1128
785
462
192
-216
-788
-1253
-1514
-1625
-1750
-2143
-2646
-2922
-3046
-3180
-3237
-3168
-3069
-2990
-3025
-3187
-3199
-2997
-2830
-2776
-2753
-2649
-2507
-2532
-2712
-2745
-2441
-2043
-1909
-2012
-2154
-2140
-1916
-1760
-1752
-1575
-1297
-1357
-1734
-2046
-2133
-1886
-1476
-1467
-1741
-1774
-1745
-1908
-2048
-2070
-1803
-777
854
2186
2826
2943
2596
2230
2563
3645
5044
6444
7392
7285
6334
5553
5334
5483
5960
6454
6476
5994
5274
4307
3226
2549
2172
1619
1063
750
492
116
-417
-1209
-2144
-2702
-2749
-2522
-2004
-1381
-1056
-1164
-1587
-1917
-1737
-959
104
940
1385
1479
1257
1006
973
1208
1605
1972
2039
1679
1295
1010
627
325
88
-183
-321
-372
-471
-674
-918
-1209
-1549
-1692
-1519
-1070
-432
135
387
253
14
24
302
910
1701
2214
2370
2233
1839
1542
1562
1807
2018
2043
1844
1400
917
463
25
-287
-588
-875
-1141
-1493
-1792
-2107
-2499
-2891
-3254
-3447
-3429
-3240
-3049
-3018
-3016
-3090
-3188
-3084
-2886
-2714
-2599
-2574
-2586
-2569
-2455
-2344
-2328
-2299
-2224
-2116
-2105
-2074
-1951
-2023
-2080
-2105
-2158
-1709
-1444
-1672
-1730
-2106
-2504
-2187
-1862
-1897
-1835
-1612
-1672
-2013
-2121
-1733
-519
1381
2942
3235
2758
2657
3014
3916
5345
6427
7175
7562
6835
5849
5825
6225
6504
6692
6223
5304
4839
4407
3574
2857
2308
1682
927
255
39
-51
-461
-1075
-1967
-2736
-2607
-2073
-1821
-1547
-1332
-1555
-1728
-1589
-1241
-366
622
1014
1037
994
1055
1369
1685
1809
1872
1842
1546
1185
921
683
528
226
-312
-653
-714
-759
-873
-1073
-1372
-1567
-1534
-1402
-1111
-684
-347
-126
55
274
594
1007
1372
1674
2050
2333
2471
2611
2627
2530
2477
2336
2079
1933
1820
1502
1082
609
61
-394
-758
-1135
-1421
-1654
-2006
-2396
-2772
-3104
-3227
-3255
-3322
-3317
-3270
-3277
-3238
-3119
-3030
-2896
-2798
-2843
-2747
-2544
-2358
-2065
-1872
-1990
-2273
-2556
-2707
-2542
-2194
-2041
-2090
-2241
-2483
-2716
-2754
-2537
-2346
-2344
-2416
-2460
-2387
-2086
-1725
-1763
-2016
-1995
-1861
-1621
-1253
-907
-21
1671
3018
3186
2899
2779
3082
4171
5442
6311
7152
7618
6935
5783
5377
5778
6406
6646
6127
5217
4398
3623
2765
2014
1656
1540
1086
324
-101
-261
-584
-1072
-1752
-2226
-1910
-1296
-1096
-1021
-901
-1070
-1221
-1119
-845
-49
908
1183
970
800
748
893
1224
1446
1582
1616
1199
569
163
-23
-80
-233
-623
-966
-1118
-1296
-1510
-1607
-1602
-1457
-1216
-1008
-648
-46
468
722
775
806
1147
1762
2341
2811
3011
2879
2691
2483
2317
2500
2740
2532
2106
1662
1148
862
732
362
-33
-350
-831
-1288
-1523
-1682
-1840
-2091
-2507
-2817
-2861
-2796
-2673
-2656
-2850
-2947
-2912
-2881
-2622
-2220
-2077
-2088
-2153
-2420
-2546
-2445
-2506
-2595
-2584
-2710
-2790
-2676
-2759
-3073
-3273
-3395
-3365
-3034
-2823
-2906
-3017
-3126
-3216
-3105
-2807
-2458
-2176
-2097
-2145
-2097
-1926
-1697
-1499
-1150
-35
1939
3634
4006
3408
2787
2883
3978
5508
6768
7589
7701
6762
5446
4986
5563
6341
6572
6088
5207
4343
3614
2874
2146
1639
1268
745
170
-78
-140
-527
-1318
-2106
-2396
-1981
-1197
-656
-560
-670
-932
-1235
-1106
-344
661
1401
1584
1240
853
791
934
1128
1301
1338
1139
711
256
-55
-357
-790
-1181
-1435
-1567
-1495
-1482
-1813
-2187
-2389
-2472
-2216
-1557
-891
-445
-236
-217
-68
419
1147
1999
2745
3085
3055
2893
2751
2879
3240
3386
3319
3180
2778
2217
1767
1354
961
732
460
20
-307
-594
-1075
-1564
-1937
-2200
-2207
-2067
-2049
-2137
-2305
-2565
-2702
-2631
-2420
-2102
-1870
-1927
-2083
-2197
-2345
-2381
-2260
-2225
-2254
-2310
-2505
-2720
-2889
-3139
-3342
-3378
-3368
-3339
-3338
-3480
-3587
-3557
-3509
-3359
-3097
-2930
-2782
-2639
-2670
-2642
-2389
-2128
-1761
-1282
-1123
-1220
-1202
-932
89
2047
3727
4129
3639
2931
2733
3617
5049
6214
6979
7042
6129
5091
4793
5102
5563
5667
5216
4652
4246
3843
3370
2792
2053
1331
786
550
805
1106
732
-178
-1088
-1679
-1595
-909
-247
125
184
-228
-734
-713
-257
300
778
918
782
672
571
450
377
236
-18
-249
-407
-469
-514
-817
-1356
-1853
-2172
-2188
-1889
-1620
-1563
-1649
-1899
-2120
-1933
-1422
-860
-342
-14
92
261
623
1062
1573
2039
2216
2212
2269
2443
2707
2873
2753
2459
2161
1932
1845
1816
1640
1296
799
197
-211
-315
-365
-518
-808
-1259
-1678
-1876
-1916
-1877
-1830
-1924
-2117
-2209
-2161
-2028
-1881
-1872
-1999
-2118
-2148
-2022
-1786
-1694
-1874
-2212
-2556
-2752
-2709
-2556
-2451
-2481
-2751
-3111
-3240
-3161
-3041
-2905
-2790
-2732
-2671
-2566
-2384
-2078
-1813
-1755
-1728
-1548
-1179
-641
-183
-63
-153
-204
-200
-51
275
562
872
1457
2105
2450
2501
2348
2163
2281
2665
3023
3360
3731
3865
3622
3278
3082
3095
3230
3257
3149
3088
3127
3099
2897
2634
2368
2037
1703
1540
1612
1726
1702
1506
1156
803
570
397
288
336
432
395
286
225
143
20
-90
-237
-379
-445
-502
-537
-525
-544
-688
-921
-1119
-1223
-1239
-1209
-1168
-1101
-1061
-1079
-1097
-1063
-948
-821
-742
-694
-628
-514
-409
-341
-254
-152
-82
-60
-55
-17
74
171
215
232
269
302
308
301
330
407
459
491
519
512
513
526
484
422
420
449
460
482
505
477
428
371
293
236
211
187
140
76
-17
-170
-344
-510
-651
-746
-849
-999
-1177
-1366
-1575
-1757
-1861
-1933
-2007
-2077
-2161
-2246
-2306
-2366
-2437
-2470
-2442
-2402
-2371
-2324
-2268
-2203
-2111
-1977
-1816
-1676
-1568
-1451
-1341
-1215
-1059
-965
-900
-803
-693
-581
-500
-471
-484
-493
-450
-360
-224
-62
96
206
243
271
339
448
604
790
981
1143
1300
1496
1715
1959
2224
2475
2694
2880
3038
3175
3277
3360
3429
3466
3501
3540
3538
3457
3332
3181
2968
2744
2538
2353
2226
2087
1877
1624
1346
1082
859
666
483
300
85
-163
-416
-649
-816
-932
-1049
-1131
-1183
-1260
-1352
-1453
-1564
-1648
-1696
-1697
-1632
-1568
-1562
-1591
-1649
-1708
-1694
-1611
-1495
-1352
-1236
-1198
-1172
-1078
-929
-763
-601
-468
-361
-238
-78
88
235
362
436
477
579
733
855
934
977
994
1013
1058
1112
1143
1147
1107
1011
876
753
671
587
468
318
118
-115
-326
-528
-731
-911
-1087
-1283
-1475
-1649
-1818
-1952
-2039
-2138
-2241
-2308
-2379
-2462
-2541
-2611
-2648
-2634
-2577
-2507
-2433
-2373
-2352
-2353
-2348
-2287
-2146
-1994
-1874
-1791
-1748
-1723
-1699
-1647
-1565
-1462
-1314
-1163
-1046
-887
-656
-421
-210
7
183
331
566
836
1075
1345
1577
1721
1919
2235
2574
2867
3107
3236
3316
3472
3653
3833
4031
4138
4129
4051
3932
3838
3778
3692
3573
3408
3190
2960
2726
2474
2237
2008
1728
1466
1278
1098
931
774
558
298
25
-222
-381
-473
-563
-719
-950
-1210
-1434
-1589
-1723
-1823
-1876
-1981
-2119
-2185
-2210
-2244
-2255
-2245
-2247
-2217
-2123
-2043
-1955
-1793
-1634
-1507
-1374
-1221
-1065
-905
-707
-490
-284
-83
107
298
492
668
820
924
1011
1132
1268
1380
1453
1469
1409
1311
1254
1218
1163
1085
949
772
598
439
288
121
-53
-230
-431
-617
-759
-912
-1108
-1308
-1516
-1725
-1867
-1942
-2006
-2059
-2136
-2280
-2428
-2509
-2540
-2546
-2529
-2509
-2526
-2551
-2538
-2501
-2444
-2370
-2325
-2330
-2323
-2268
-2216
-2175
-2116
-2062
-2024
-1973
-1906
-1833
-1750
-1646
-1538
-1375
-1068
-666
-289
0
202
345
537
840
1166
1477
1784
2031
2255
2562
2889
3121
3283
3386
3432
3553
3799
4045
4219
4309
4272
4162
4088
4058
4025
3965
3854
3660
3393
3131
2913
2714
2502
2259
1977
1678
1417
1190
946
722
520
259
-30
-234
-358
-487
-647
-873
-1166
-1403
-1544
-1664
-1764
-1857
-1994
-2180
-2373
-2489
-2507
-2499
-2494
-2490
-2496
-2498
-2444
-2351
-2233
-2062
-1894
-1780
-1657
-1489
-1272
-1024
-793
-589
-407
-231
-23
221
468
688
863
980
1087
1241
1397
1495
1561
1572
1518
1480
1481
1467
1424
1338
1181
999
847
696
523
352
179
11
-137
-277
-415
-572
-759
-963
-1164
-1337
-1474
-1605
-1758
-1927
-2090
-2238
-2345
-2408
-2478
-2561
-2641
-2720
-2774
-2782
-2756
-2687
-2606
-2571
-2583
-2602
-2595
-2533
-2447
-2381
-2292
-2175
-2110
-2064
-1939
-1823
-1777
-1701
-1574
-1461
-1319
-1112
-900
-635
-254
108
349
551
731
892
1178
1567
1873
2106
2317
2479
2705
3045
3332
3504
3585
3557
3577
3746
3798
3725
3947
4298
4174
3629
3286
3504
3864
3681
2992
2544
2709
2973
2752
2196
1828
1770
1701
1376
926
615
541
488
232
-103
-356
-597
-844
-1052
-1267
-1485
-1642
-1774
-1930
-2052
-2147
-2322
-2523
-2608
-2583
-2547
-2535
-2526
-2516
-2463
-2315
-2145
-1999
-1799
-1552
-1357
-1218
-1071
-927
-779
-552
-271
-52
136
322
443
527
652
776
875
997
1133
1235
1332
1420
1437
1413
1375
1303
1241
1214
1190
1146
1056
941
830
707
558
422
274
76
-91
-222
-395
-545
-649
-810
-1016
-1223
-1464
-1697
-1867
-2021
-2194
-2365
-2532
-2677
-2776
-2870
-2968
-3036
-3098
-3159
-3196
-3201
-3135
-3011
-2875
-2745
-2646
-2577
-2492
-2373
-2236
-2059
-1865
-1731
-1597
-1395
-1218
-1065
-880
-780
-772
-699
-562
-358
14
437
685
796
858
888
1064
1418
1716
1906
2053
2152
2316
2647
3015
3260
3361
3359
3350
3456
3648
3813
3908
3904
3854
3826
3804
3767
3695
3534
3302
3079
2897
2739
2607
2462
2220
1902
1590
1287
983
696
426
160
-123
-419
-694
-919
-1075
-1236
-1465
-1695
-1885
-2058
-2191
-2246
-2255
-2272
-2284
-2301
-2323
-2293
-2248
-2238
-2200
-2103
-1967
-1784
-1566
-1372
-1227
-1107
-1003
-869
-655
-428
-258
-123
-26
75
237
419
560
678
772
813
849
917
975
1038
1119
1175
1212
1242
1247
1225
1174
1098
1024
952
863
754
629
486
349
223
67
-125
-325
-540
-780
-987
-1139
-1285
-1455
-1622
-1782
-1950
-2111
-2290
-2503
-2679
-2796
-2889
-2936
-2922
-2902
-2908
-2952
-3029
-3066
-3024
-2949
-2839
-2683
-2542
-2390
-2180
-1979
-1832
-1683
-1554
-1478
-1360
-1183
-1068
-986
-850
-718
-606
-462
-332
-210
25
356
631
808
917
984
1137
1443
1775
2022
2186
2309
2507
2828
3108
3268
3501
3803
3934
3898
3891
4012
4170
4155
3949
3836
3900
3831
3493
3109
2830
2624
2432
2223
2021
1864
1721
1522
1255
960
630
225
-139
-304
-363
-498
-697
-889
-1061
-1214
-1401
-1659
-1878
-2010
-2135
-2249
-2297
-2289
-2249
-2180
-2108
-2062
-2033
-1970
-1830
-1616
-1337
-1011
-736
-568
-428
-240
-2
253
434
504
543
616
722
846
963
1002
932
811
743
789
876
891
833
763
723
723
724
704
683
624
487
336
215
83
-70
-206
-355
-533
-699
-858
-1026
-1207
-1337
-1386
-1555
-1962
-2403
-2635
-2670
-2681
-2780
-2914
-2972
-3011
-3189
-3415
-3462
-3380
-3323
-3272
-3177
-3022
-2829
-2629
-2444
-2360
-2344
-2321
-2277
-2154
-1943
-1746
-1672
-1659
-1612
-1589
-1538
-1468
-1505
-1479
-980
113
1361
2371
3048
3296
3188
3053
3213
3680
4185
4492
4494
4518
4935
5430
5456
5004
4422
3712
3010
2796
3016
3289
3340
3172
3023
2930
2787
2452
1985
1670
1556
1445
1399
1705
1871
1409
1250
1443
669
-433
-927
-1307
-1198
-1010
-1497
-1548
-1461
-1964
-2330
-2483
-2564
-2688
-3075
-3265
-2895
-2298
-1841
-1579
-1395
-1226
-1133
-1149
-1083
-794
-415
-32
323
696
1183
1548
1673
1681
1596
1398
1189
1190
1432
1864
2209
2209
2021
1725
1493
1301
1073
1048
1136
1239
1350
1534
1740
1701
1394
919
522
224
-59
-226
-337
-446
-698
-1093
-1532
-1993
-2531
-3149
-3525
-3664
-3690
-3669
-3650
-3599
-3728
-3935
-4220
-4534
-4634
-4643
-4516
-4298
-3949
-3539
-3349
-3202
-3116
-3124
-3125
-3127
-3043
-2876
-2588
-2228
-1897
-1635
-1451
-1418
-1469
-1483
-1408
-1234
-1087
-814
-438
-165
1
17
421
1523
3055
4440
5231
5675
5637
5120
4715
4658
4901
4996
4854
4599
4381
4364
4088
3364
2594
1928
1333
1080
1412
1998
2369
2402
2358
2280
2157
2026
1761
1619
1691
1762
1796
1744
1587
1143
449
-207
-774
-1238
-1613
-1861
-1911
-1846
-1770
-1759
-1847
-1904
-1900
-1900
-1747
-1402
-1007
-659
-348
-41
106
92
14
-54
16
93
203
402
557
684
699
617
566
475
391
423
559
804
1140
1504
1797
1949
1968
1820
1595
1490
1448
1358
1067
1114
1757
1780
899
94
-71
322
201
-540
-807
-411
-87
-332
-756
-1148
-1217
-834
-1393
-2528
-2719
-2436
-2105
-2202
-2973
-3002
-2649
-3280
-3787
-3524
-3256
-3128
-3387
-3701
-3477
-3347
-3464
-3330
-3224
-3221
-3222
-3431
-3470
-3068
-2572
-2258
-2091
-1930
-1744
-1602
-1732
-1724
-1479
-1664
-1940
-2109
-1924
-1375
-1339
-1302
-1155
-1314
-1466
-1548
-717
1314
3419
4900
5765
6050
5692
5115
4504
4056
4190
4296
3962
3842
4096
4115
3658
2893
1922
1103
678
641
1135
2113
3031
3460
3618
3746
3647
3128
2558
2318
2175
2103
2159
2041
1757
1384
683
-259
-975
-1565
-2245
-2525
-2287
-1908
-1474
-1134
-1050
-1070
-1104
-1155
-1201
-1125
-897
-728
-563
-266
-12
-5
-224
-514
-954
-1269
-1227
-1141
-862
-362
23
325
538
630
663
720
794
987
1416
1892
2348
2614
2600
2408
2027
1643
1313
1124
1156
1200
1223
1280
1267
1011
721
476
78
-131
-119
-181
-156
-79
-225
-486
-683
-1064
-1545
-1888
-2220
-2492
-2621
-2696
-2739
-2784
-2907
-3068
-3265
-3480
-3500
-3511
-3562
-3470
-3443
-3437
-3377
-3354
-3427
-3524
-3553
-3590
-3388
-3042
-2682
-2176
-1942
-1962
-1847
-1716
-1820
-1912
-1827
-1911
-1820
-1547
-1459
-1258
-1092
-1244
-1518
-1712
-1834
-1743
-968
627
2903
4872
6028
6820
6740
5975
5263
4504
3933
3873
3890
3505
3534
4033
3872
3316
2651
1678
819
503
754
1349
2287
3182
3692
4017
4206
4054
3284
2436
1947
1400
1040
1074
1004
729
463
-81
-903
-1468
-2015
-2668
-2849
-2512
-2028
-1486
-877
-376
-67
44
-47
-238
-540
-786
-917
-1042
-866
-552
-509
-541
-618
-831
-1085
-1285
-1268
-1022
-625
-158
453
1098
1491
1819
1927
1854
2081
2193
2155
2299
2366
2269
2121
1950
1646
1351
1094
743
534
448
520
632
597
746
803
571
505
450
156
-54
-238
-594
-762
-846
-1111
-1345
-1653
-2087
-2450
-2807
-3105
-3198
-3386
-3561
-3404
-3282
-3167
-2896
-2806
-2843
-2855
-3063
-3338
-3312
-3374
-3575
-3468
-3192
-2849
-2677
-2708
-2663
-2645
-2597
-2449
-2238
-1950
-1561
-1348
-1468
-1281
-1041
-1225
-1232
-1256
-1633
-1716
-1546
-1599
-1458
-1161
-1024
-244
1622
3569
4906
6025
6628
6458
5999
5391
4756
4307
4094
3599
2867
2904
3192
2949
2615
2252
1524
738
583
821
1285
2185
2889
3246
3802
4367
4281
3680
3093
2404
1541
972
729
442
247
86
-436
-955
-1181
-1611
-2333
-2546
-2283
-2206
-1898
-1239
-629
-124
252
399
211
7
-237
-756
-1094
-1035
-909
-935
-847
-576
-566
-711
-753
-818
-791
-468
-64
295
931
1608
1945
2174
2469
2648
2568
2429
2279
2148
2047
1855
1707
1575
1405
1283
1028
737
645
586
373
362
542
417
353
490
367
237
208
-166
-599
-751
-994
-1336
-1534
-1767
-2036
-2271
-2510
-2642
-2810
-3117
-3310
-3362
-3426
-3274
-3100
-3160
-3068
-2984
-3185
-3314
-3336
-3450
-3492
-3453
-3505
-3357
-2979
-2725
-2461
-2171
-1898
-1694
-1687
-1734
-1742
-1670
-1617
-1568
-1451
-1246
-1011
-933
-865
-842
-903
-823
-765
-793
-1046
-1173
-394
1419
3661
5308
6535
7347
7200
6526
5623
4628
3753
3086
2254
1479
1879
2622
2691
2605
2279
1557
878
608
691
1157
1926
2519
3163
4129
4931
4964
4239
3362
2404
1271
422
-95
-523
-649
-544
-711
-808
-723
-1178
-1889
-2096
-2074
-2086
-1782
-1208
-564
167
714
919
833
476
-11
-679
-1260
-1416
-1431
-1496
-1270
-816
-640
-533
-354
-396
-331
-69
42
265
823
1394
1812
2342
2877
3130
3078
2795
2449
2016
1556
1144
758
570
699
796
759
990
1174
972
818
666
362
211
182
98
207
430
336
151
-16
-392
-887
-1411
-1884
-2155
-2257
-2347
-2353
-2295
-2350
-2450
-2685
-2987
-3124
-3316
-3527
-3475
-3299
-3191
-3037
-2983
-3138
-3182
-3167
-3198
-3142
-3066
-2968
-2678
-2267
-1933
-1641
-1464
-1440
-1479
-1585
-1637
-1544
-1433
-1286
-890
-577
-400
-92
35
-62
-143
-246
-546
-776
-785
-1204
-1372
-436
1142
2983
4491
5601
6261
6390
6026
5143
4355
3664
2943
2238
1716
2078
2645
2751
2735
2392
1771
1279
1089
915
1123
1755
2052
2551
3560
4221
4230
3848
3190
2345
1555
874
234
-251
-474
-503
-653
-747
-665
-925
-1487
-1648
-1601
-1738
-1590
-1198
-830
-247
344
538
564
541
201
-358
-766
-993
-1148
-1212
-1083
-762
-495
-278
-103
-91
-45
92
91
151
523
1012
1500
2155
2764
2959
2946
2597
1998
1536
1123
757
662
721
779
1044
1246
1164
1169
997
523
284
108
-131
-59
162
226
390
514
290
-3
-427
-1045
-1550
-1967
-2368
-2514
-2589
-2641
-2484
-2475
-2637
-2670
-2863
-3201
-3320
-3423
-3547
-3408
-3223
-3150
-2914
-2789
-2867
-2891
-2900
-2917
-2886
-2833
-2579
-2143
-1884
-1623
-1231
-1068
-1148
-1107
-1227
-1361
-1195
-1080
-1154
-1012
-772
-700
-524
-416
-491
-374
-295
-404
-634
-880
-495
577
2094
3698
5041
5943
6261
6261
5648
4791
4103
3162
2242
1623
1474
1830
2333
2647
2516
2216
1855
1526
1418
1359
1568
1870
2199
2864
3552
3912
3831
3393
2632
1819
1129
344
-285
-582
-749
-772
-709
-581
-570
-780
-1006
-1103
-1147
-1178
-931
-589
-270
223
562
552
513
373
-89
-609
-875
-1181
-1383
-1299
-1227
-1036
-765
-510
-345
-186
24
153
315
530
771
1153
1577
2109
2525
2641
2654
2365
1934
1552
1161
758
532
497
477
719
1012
1028
1054
956
626
437
337
215
285
390
259
232
231
-54
-370
-778
-1398
-1909
-2259
-2622
-2748
-2677
-2680
-2608
-2597
-2708
-2760
-2819
-2919
-2866
-2767
-2756
-2619
-2518
-2544
-2435
-2485
-2775
-2922
-2949
-3043
-2929
-2540
-2266
-1991
-1660
-1375
-1173
-997
-981
-1211
-1454
-1638
-1674
-1752
-1659
-1319
-1109
-754
-318
-168
-213
-181
-172
-517
-531
-604
-794
176
1851
3524
4890
6160
6777
6431
5844
4810
3700
2939
2278
1507
924
1436
2262
2643
2924
2830
2267
1619
1406
1279
1278
1764
2095
2451
3206
3960
4068
3547
2849
1914
951
199
-426
-862
-1004
-810
-654
-550
-265
-248
-635
-987
-1127
-1312
-1432
-1127
-725
-314
274
621
540
338
63
-543
-1230
-1551
-1739
-1846
-1653
-1249
-781
-330
69
276
340
458
553
550
597
882
1310
1826
2424
2815
2888
2726
2273
1678
1165
677
308
189
256
557
1032
1363
1498
1570
1342
899
609
319
18
-42
-54
-67
43
82
-99
-387
-804
-1328
-1787
-2219
-2529
-2631
-2669
-2593
-2392
-2301
-2258
-2142
-2207
-2351
-2360
-2469
-2683
-2767
-2771
-2802
-2750
-2687
-2770
-2811
-2778
-2771
-2713
-2561
-2225
-1886
-1674
-1395
-1097
-881
-675
-548
-709
-922
-845
-958
-1168
-922
-570
-465
-393
-241
-230
-292
-293
-497
-825
-1092
-1277
-983
184
2070
3767
4942
5823
6234
6067
5465
4675
3729
2887
2177
1366
1077
1571
2084
2159
2011
1756
1325
981
828
832
1070
1464
1939
2455
3121
3742
3786
3298
2692
2050
1186
392
-121
-555
-724
-670
-737
-798
-635
-600
-883
-1082
-1103
-1163
-1146
-879
-513
-134
271
529
469
304
118
-361
-977
-1285
-1424
-1576
-1415
-1045
-691
-278
136
312
405
615
615
465
619
1005
1452
1943
2284
2402
2335
2134
1711
1223
865
574
377
309
522
902
1097
1239
1292
1122
864
614
307
2
-41
-74
-138
-7
76
-6
-201
-528
-906
-1298
-1691
-2015
-2177
-2227
-2174
-2093
-2180
-2241
-2200
-2272
-2415
-2542
-2775
-2945
-2911
-2875
-2807
-2728
-2743
-2871
-2992
-3025
-2995
-2858
-2704
-2374
-1878
-1435
-993
-752
-672
-666
-826
-1047
-1201
-1116
-1057
-1109
-1067
-947
-677
-454
-400
-462
-508
-376
-278
-214
-149
-177
-384
-536
28
1287
2757
3953
4872
5524
5751
5630
5066
4284
3585
2793
1827
1154
1286
1764
2069
2171
1960
1713
1528
1260
997
1026
1314
1493
1806
2405
3022
3343
3203
2745
2133
1510
830
56
-540
-726
-723
-833
-774
-520
-496
-683
-878
-1091
-1217
-1133
-1033
-887
-432
66
320
417
437
331
49
-346
-673
-824
-884
-883
-796
-598
-259
88
200
235
416
508
551
768
1072
1415
1756
1982
1990
2010
2027
1774
1453
1231
1052
849
762
851
931
1040
1149
1059
877
763
596
290
93
33
-35
-29
19
1
-67
-189
-430
-763
-1087
-1375
-1661
-1984
-2193
-2232
-2265
-2310
-2382
-2510
-2594
-2630
-2722
-2780
-2702
-2683
-2750
-2739
-2696
-2620
-2503
-2452
-2460
-2491
-2532
-2506
-2315
-2139
-2052
-1839
-1628
-1439
-1217
-1090
-981
-834
-730
-848
-897
-650
-317
94
306
248
205
299
460
437
489
581
427
125
-255
-430
-538
-579
-208
654
2002
3221
4223
5039
5410
5504
5110
4307
3492
2978
2479
1700
1436
1593
1646
1603
1310
892
501
324
194
120
476
932
1376
1839
2398
2915
2918
2570
2006
1344
827
372
-180
-600
-587
-586
-726
-680
-662
-767
-876
-1029
-1219
-1127
-777
-486
-97
423
865
1072
1068
952
687
363
-5
-345
-536
-554
-433
-348
-229
-18
120
121
41
70
265
604
959
1229
1547
1838
2019
2081
1967
1744
1482
1114
732
613
621
566
567
499
300
163
21
-200
-256
-175
-192
-155
-31
57
170
157
-119
-468
-812
-1204
-1543
-1779
-1987
-2074
-2114
-2220
-2198
-2126
-2157
-2194
-2235
-2301
-2265
-2168
-2185
-2172
-2090
-2152
-2253
-2347
-2426
-2369
-2221
-2115
-2062
-1932
-1838
-1850
-1958
-1979
-1664
-1401
-1364
-1196
-873
-667
-442
-9
195
265
422
310
75
130
462
538
425
473
438
245
-12
-161
-297
-423
-356
-470
-500
189
1396
2547
3507
4405
4890
4970
4761
4143
3517
3005
2423
1804
1360
1214
1259
1321
1175
966
745
356
46
-28
137
563
1067
1412
1751
2180
2333
2199
1924
1475
989
562
152
-155
-233
-195
-160
-233
-403
-517
-700
-934
-936
-784
-613
-319
12
260
583
845
812
673
525
293
69
-87
-153
-49
85
134
190
240
283
309
320
437
719
967
1041
1164
1295
1341
1396
1297
1052
929
866
628
435
473
417
323
280
124
22
33
-12
-106
-115
-92
-115
-170
-285
-372
-474
-710
-964
-1184
-1408
-1588
-1686
-1843
-1900
-1776
-1759
-1702
-1624
-1607
-1528
-1717
-1934
-1719
-1790
-2252
-2051
-2074
-2717
-2324
-2287
-2877
-2202
-2060
-2243
-1625
-1830
-1852
-1332
-1532
-1412
-1000
-1151
-1048
-524
-416
-231
258
22
-327
-264
-449
-477
-270
-72
317
588
815
960
736
708
856
535
183
405
532
408
771
1013
818
1214
1926
2011
2113
2696
2832
2618
2897
3157
2942
2859
2826
2285
1765
1714
1573
1141
960
1012
722
459
616
617
514
694
783
596
680
946
857
874
1045
913
792
715
458
271
211
45
-172
-297
-370
-405
-387
-340
-338
-338
-253
-119
-87
-38
309
440
368
756
844
666
989
935
566
656
623
393
417
449
387
376
356
436
590
675
812
882
861
924
971
833
603
604
429
81
174
7
-88
170
-272
-186
117
-404
-15
-48
-708
-114
-414
-879
-329
-924
-1116
-821
-1612
-1660
-1534
-2069
-1893
-1826
-2096
-1711
-1519
-1689
-1427
-1360
-1563
-1497
-1754
-2153
-2203
-2385
-2510
-2374
-2339
-2202
-1934
-1946
-2040
-1905
-1754
-1615
-1387
-1208
-934
-556
-386
-364
-372
-381
-213
-132
-271
-184
28
81
162
321
390
429
588
490
212
282
449
501
582
719
772
740
774
649
448
439
580
844
1192
1837
2492
2809
3088
3353
3384
3135
2917
2683
2264
2035
1873
1613
1429
1322
1139
837
638
426
189
40
-61
23
194
371
571
837
921
834
964
794
582
614
299
221
269
62
243
284
-18
14
-102
-451
-377
-418
-619
-294
-20
86
442
700
769
741
609
506
465
393
391
532
711
1045
1329
1284
1197
1013
607
269
89
-26
-4
186
253
222
296
268
176
133
-20
-121
-97
-105
-62
6
65
171
91
-159
-256
-398
-700
-876
-1082
-1290
-1319
-1481
-1604
-1626
-1794
-1708
-1610
-1852
-1816
-1701
-1850
-1743
-1625
-1668
-1513
-1549
-1794
-1862
-1992
-2122
-2041
-2024
-1972
-1785
-1840
-1863
-1652
-1579
-1436
-1324
-1523
-1615
-1539
-1448
-1185
-820
-463
45
426
397
238
52
-55
-50
-103
-87
165
485
634
740
805
812
858
681
471
382
315
428
681
1175
1826
2471
2925
3036
3094
2998
2844
2774
2637
2639
2680
2684
2624
2459
2311
1996
1551
1007
468
150
-49
-83
7
181
371
462
483
389
270
134
-7
-62
-47
68
203
349
471
550
602
476
237
-61
-331
-452
-467
-380
-243
-50
111
150
132
75
54
-22
-108
-127
-131
26
254
472
699
897
1010
984
992
1013
1018
1068
1030
989
948
890
852
747
645
502
294
87
-72
-149
-171
-108
-48
-36
-32
-109
-247
-388
-483
-548
-583
-588
-636
-653
-659
-732
-868
-1064
-1304
-1593
-1826
-1992
-2098
-2104
-2105
-2097
-2112
-2135
-2150
-2173
-2098
-2027
-2019
-1994
-1923
-1784
-1647
-1523
-1436
-1372
-1342
-1400
-1456
-1463
-1384
-1337
-1336
-1242
-1075
-777
-513
-345
-221
-221
-283
-413
-418
-263
-81
159
288
383
509
534
474
326
245
185
124
248
543
1077
1774
2405
2856
3137
3300
3301
3209
3064
2914
2896
2913
2870
2800
2761
2681
2463
2088
1566
1080
689
314
19
-135
-174
-173
-214
-301
-357
-384
-434
-499
-559
-525
-419
-333
-206
-15
191
392
526
525
476
423
298
182
114
91
109
99
69
3
-65
-123
-238
-331
-395
-428
-389
-333
-220
-93
13
164
241
259
341
414
495
623
756
911
1045
1103
1071
985
867
694
499
280
121
69
-26
-102
-112
-171
-246
-370
-538
-644
-726
-818
-881
-905
-924
-922
-888
-885
-896
-945
-1010
-1047
-1123
-1158
-1083
-1066
-1161
-1227
-1219
-1189
-1110
-1064
-1206
-1392
-1462
-1470
-1393
-1211
-1033
-896
-892
-1074
-1193
-1082
-885
-705
-493
-340
-290
-221
-215
-247
-125
20
1
-72
-73
-92
-59
25
-6
66
254
348
491
728
888
893
851
827
882
1034
1057
1051
1121
1136
1210
1285
1229
1142
1050
971
954
955
917
791
661
609
496
505
658
612
593
671
549
382
338
287
225
351
441
364
406
430
479
588
504
388
217
48
98
185
253
305
300
279
268
215
146
112
-35
-151
-74
-30
7
61
-33
-141
-97
-112
-251
-208
-93
-114
-142
-170
-136
-42
-83
-145
-151
-197
-86
43
-73
-137
-177
-288
-260
-180
-113
-141
-304
-413
-464
-465
-459
-481
-482
-524
-438
-304
-370
-339
-244
-286
-276
-370
-565
-532
-453
-410
-266
-288
-473
-587
-720
-698
-470
-361
-246
-64
-92
-187
-252
-330
-223
-18
45
155
305
236
102
44
-24
-70
-86
-68
53
175
213
224
150
61
162
292
361
456
498
439
338
339
429
506
536
385
248
363
417
324
336
390
389
403
344
318
452
501
407
326
320
369
329
229
248
351
389
329
204
73
33
-4
-130
-147
-64
-77
-69
11
10
-9
-75
-306
-462
-424
-272
-145
-190
-152
-56
-188
-362
-480
-438
-174
-156
-363
-325
-236
-372
-543
-569
-357
-77
-96
-212
-84
60
-33
-213
-203
-24
-58
-291
-174
182
225
94
-65
-183
-87
-66
-67
81
221
278
113
-15
118
205
108
16
163
360
358
242
65
16
-19
-159
-69
243
316
99
-126
-169
-49
-36
-98
15
75
106
169
58
-64
-93
-123
-133
72
358
327
69
-217
-468
-581
-504
-125
125
56
0
-151
-389
-417
-354
-209
131
268
169
195
119
-36
72
63
-34
126
370
493
315
-134
-272
-94
5
214
529
509
230
62
-38
-103
26
117
89
247
268
36
-43
56
119
132
151
241
320
224
-34
-177
-109
201
469
473
453
178
-297
-305
-75
-37
28
204
255
26
-242
-354
-292
-104
-18
-114
-64
28
-86
-155
-149
-234
-202
-149
-227
-202
-175
-263
-237
-162
-38
211
167
-72
-152
-306
-515
-446
-304
-237
-65
43
-43
-54
-154
-366
-382
-320
-212
-74
-55
58
170
45
38
104
16
-42
-58
-56
48
187
346
362
232
161
89
-58
-89
14
124
156
71
54
91
-39
-130
-80
56
197
36
-154
-158
-225
-223
-170
-199
-88
64
63
51
101
134
123
20
-15
84
103
113
178
167
47
-94
-115
-118
-199
-246
-296
-312
-291
-285
-149
25
60
20
43
213
300
188
215
352
366
361
286
248
326
249
167
224
231
165
20
-115
-148
-107
-50
64
265
300
185
114
36
22
44
25
123
215
132
42
96
117
40
-8
-37
-31
23
8
-68
-119
-154
-174
-95
100
262
252
185
100
-123
-257
-201
-117
-37
6
-8
-88
-211
-269
-267
-214
-189
-243
-317
-323
-228
-149
-56
71
99
67
-5
-108
-160
-169
-181
-239
-240
-200
-215
-173
-83
-20
58
56
-54
-131
-163
-181
-87
84
153
133
121
11
-191
-208
-47
89
90
-56
-134
-169
-228
-209
-144
82
255
156
49
38
80
24
-115
-75
59
148
244
315
326
209
-68
-282
-235
-106
25
119
70
48
51
-14
-3
129
201
145
52
-70
-144
-80
5
56
139
235
214
132
38
-137
-275
-281
-136
92
229
277
238
150
213
313
292
286
267
134
63
66
67
144
191
158
142
116
54
-5
-64
-137
-206
-288
-287
-99
50
112
218
235
184
186
151
71
23
-20
-110
-174
-82
68
130
177
170
14
-133
-178
-180
-99
0
-16
-56
-16
-32
-39
112
159
43
-8
-73
-162
-167
-216
-257
-163
-115
-142
-102
-67
-137
-250
-306
-263
-158
-73
-94
-141
-163
-179
-52
143
195
125
-48
-292
-404
-360
-262
-62
123
149
93
-78
-265
-283
-255
-138
84
163
126
43
-157
-263
-110
44
117
169
142
132
70
-64
-87
-66
4
110
126
161
94
-81
-110
-111
-96
53
134
100
42
-63
-190
-197
-61
78
192
181
78
64
4
-73
-10
73
131
119
88
144
186
127
31
14
7
31
212
273
178
112
37
95
234
273
229
117
89
149
165
148
98
108
87
-6
-6
-43
-60
107
182
121
53
-137
-282
-132
24
62
190
177
33
-17
-121
-85
71
-1
-11
67
48
126
102
-64
-97
-100
-45
73
64
-2
-51
-73
-5
43
-4
-23
-70
-172
-139
-48
-6
53
16
-81
-119
-160
-93
53
93
115
89
-65
-121
-45
-9
23
11
-80
-62
-4
-21
-25
-75
-183
-237
-222
-150
-11
97
40
-73
-113
-174
-195
-117
-52
-39
-86
-147
-123
-45
-13
1
31
-1
-71
-141
-190
-154
-127
-121
-34
22
12
3
-33
-57
-84
-72
11
58
79
65
-16
-84
-140
-148
-76
-22
17
63
39
-15
2
-36
-62
36
23
-10
109
144
116
129
90
31
0
17
78
125
162
144
86
84
73
50
90
115
96
107
111
114
131
111
73
73
86
48
0
-16
-17
23
31
-49
-116
-137
-148
-110
-42
-56
-55
-2
-21
-9
4
-81
-74
-5
89
199
161
99
81
-45
-165
-151
-93
5
133
116
13
-12
-91
-187
-135
-10
86
87
84
127
75
6
36
113
146
121
112
130
147
62
-64
-38
8
112
284
240
105
-5
-98
-77
-48
26
153
100
2
42
34
-109
-209
-163
-87
-92
-100
-7
119
89
-143
-314
-347
-355
-172
105
179
74
-197
-451
-361
-129
31
245
297
77
-83
-179
-224
-149
-143
-73
105
164
138
64
-90
-307
-420
-319
-121
36
31
142
244
-89
-333
-242
-92
29
78
264
321
65
-61
-81
18
164
75
98
219
92
-38
-40
-23
3
-16
-64
-25
74
121
161
244
236
45
-226
-273
-3
180
135
125
199
122
-98
-169
-135
-74
10
-29
40
214
106
-115
-180
-155
-68
119
254
283
241
-34
-344
-366
-229
-51
136
250
240
120
-115
-328
-285
-182
-55
259
423
317
138
-91
-247
-189
-29
77
181
255
172
20
-63
-10
102
136
157
152
4
-96
-44
-14
75
235
267
192
26
-99
-47
-37
-87
-8
65
78
149
158
91
51
-121
-312
-274
-151
4
147
112
-46
-206
-268
-204
-115
22
140
23
-135
-86
-40
-55
-35
-91
-192
-143
-2
38
66
86
-87
-258
-250
-207
-146
-19
120
158
63
-69
-151
-189
-237
-217
-53
164
239
114
-24
-106
-212
-275
-158
104
238
175
140
92
-77
-202
-203
-80
220
401
285
143
-29
-233
-212
-84
36
189
194
140
123
-54
-224
-170
13
232
303
176
5
-179
-312
-213
61
231
267
204
26
-101
-182
-241
-161
-58
13
66
62
77
-4
-184
-166
-30
2
44
118
50
-27
-42
-98
-60
-7
-30
47
79
-22
-94
-124
-57
64
130
188
191
140
101
7
-56
20
59
64
170
190
91
34
-25
-35
63
106
78
29
-23
-19
-2
33
142
205
159
106
51
-62
-153
-131
-27
93
109
30
-44
-125
-136
-72
-58
-24
-1
-100
-150
-71
-21
-8
73
125
61
-31
-68
-79
-82
-4
62
73
92
-6
-131
-165
-213
-213
-112
-6
55
68
15
-96
-159
-155
-135
-15
125
103
70
77
-39
-156
-146
-100
-2
95
101
103
53
-118
-240
-230
-132
17
91
89
101
74
-13
-106
-115
-36
24
107
180
132
22
-91
-182
-196
-127
-6
104
147
147
61
-137
-233
-191
-176
-34
215
248
136
16
-159
-222
-132
-43
69
145
113
59
-7
-26
-10
-79
-137
-66
67
169
185
122
40
0
6
37
98
125
64
12
28
52
79
61
9
49
73
10
27
58
4
2
48
47
28
25
38
51
68
69
2
-57
-48
-47
8
162
225
184
155
78
10
29
48
145
288
243
88
-31
-135
-162
-133
-73
53
101
8
-83
-149
-206
-188
-99
34
168
199
158
118
18
-78
-107
-105
9
142
141
76
-46
-214
-311
-338
-281
-112
11
16
-18
-85
-159
-213
-185
-41
23
34
128
110
-42
-144
-213
-245
-179
-88
-19
85
124
8
-121
-201
-222
-175
-76
77
157
107
30
-38
-106
-140
-71
45
105
143
78
-68
-110
-98
-51
66
120
116
101
16
-42
-21
-15
8
54
56
95
159
133
60
-41
-161
-147
-29
49
90
92
54
-22
-133
-183
-132
-57
7
74
108
97
36
-82
-166
-175
-147
-49
80
111
59
23
-39
-114
-109
-106
-73
51
113
103
110
101
66
38
24
8
31
111
138
99
88
82
66
90
75
4
-7
24
46
100
152
165
181
172
118
80
84
121
163
180
164
121
71
10
-43
-94
-149
-144
-105
-76
-24
-1
-37
-92
-143
-155
-105
-41
3
37
30
-15
-34
-34
-33
-64
-140
-174
-151
-117
-96
-44
23
-7
-83
-102
-118
-99
-4
75
121
111
22
-54
-95
-102
-52
-19
-22
-18
-45
-80
-57
-59
-74
-20
2
2
40
27
8
42
50
16
-1
38
68
78
109
105
57
31
4
-22
-11
19
54
111
146
100
24
-48
-138
-148
-37
59
106
128
60
-66
-163
-211
-141
20
78
55
33
-58
-156
-205
-225
-142
-21
42
109
94
-63
-175
-197
-203
-150
-52
19
85
111
38
-63
-137
-204
-220
-135
4
119
162
141
84
9
-38
-20
39
112
184
228
226
172
97
56
78
124
139
139
148
141
124
115
98
56
43
88
157
201
177
103
26
-48
-94
-84
-16
81
110
52
-13
-72
-137
-144
-80
-19
10
-9
-59
-62
-56
-92
-89
-74
-119
-139
-131
-151
-143
-124
-148
-163
-172
-187
-145
-59
15
65
57
17
-19
-61
-62
-38
24
176
258
214
184
138
58
41
57
84
157
187
153
128
67
-23
-64
-57
-4
42
34
-3
-58
-123
-174
-189
-128
-40
-5
-6
-26
-73
-103
-107
-107
-82
-47
-38
-30
-11
-19
-47
-55
-20
17
13
-10
-38
-89
-151
-182
-158
-99
-44
-8
25
28
-30
-85
-89
-67
-29
19
80
136
136
66
-17
-54
-46
2
75
136
159
113
38
4
10
44
95
120
119
107
76
35
11
17
46
88
124
129
104
67
6
-39
-34
-7
39
91
104
81
45
9
-1
8
23
39
36
5
-36
-64
-59
-16
20
33
35
6
-34
-57
-76
-82
-63
-34
4
47
56
27
-6
-29
-36
-48
-77
-93
-97
-107
-113
-98
-75
-65
-64
-63
-58
-49
-44
-39
-30
-33
-33
-25
-33
-45
-29
-9
3
9
-3
-24
-25
-3
18
23
32
47
39
17
8
7
21
56
77
71
55
37
20
19
15
0
-5
-16
-35
-45
-46
-24
16
26
24
33
20
-1
7
18
32
61
67
47
38
21
-2
1
16
32
38
30
7
-28
-54
-67
-68
-58
-51
-40
-29
-38
-64
-92
-112
-112
-100
-92
-89
-89
-88
-77
-70
-74
-71
-59
-29
6
16
27
42
32
22
23
14
20
47
51
43
49
56
49
45
58
80
104
116
110
106
98
75
75
100
121
137
140
128
118
99
68
55
50
52
69
78
85
88
70
43
21
-5
-26
-35
-39
-31
-32
-51
-85
-115
-124
-124
-122
-110
-100
-99
-99
-121
-139
-143
-157
-155
-135
-121
-97
-75
-67
-51
-35
-28
-15
-2
16
42
57
64
66
52
40
44
53
77
101
104
113
121
107
110
114
108
115
118
112
123
132
119
107
94
80
73
51
28
20
-9
-33
-40
-42
-31
-13
-8
-10
-17
-34
-40
-36
-43
-47
-51
-75
-87
-90
-101
-98
-95
-117
-146
-151
-148
-155
-142
-126
-126
-117
-109
-105
-91
-81
-73
-61
-62
-80
-93
-88
-74
-64
-67
-54
-25
-13
5
22
12
8
15
19
43
71
84
95
103
92
81
84
87
90
91
86
85
86
77
69
64
73
86
92
88
73
53
35
20
7
3
15
28
29
27
18
13
12
-5
-21
-33
-47
-49
-37
-38
-36
-29
-30
-20
-7
-9
-13
-25
-46
-61
-58
-35
-18
-14
-15
-20
-38
-51
-47
-43
-46
-36
-22
-15
-4
11
19
25
29
21
16
26
34
45
55
61
68
70
67
62
50
29
11
9
18
12
8
18
14
16
32
44
52
49
35
19
2
-19
-37
-28
0
16
6
4
0
-25
-38
-43
-48
-38
-33
-31
-14
-6
-5
-12
-22
-8
-1
-13
-10
2
-4
-17
-25
-37
-51
-54
-43
-35
-37
-40
-44
-39
-17
0
4
11
11
6
1
-10
-12
-9
-9
-9
-8
0
6
-12
-21
-15
-23
-33
-29
-17
2
22
41
65
72
56
48
46
42
37
30
20
11
4
1
4
12
22
23
19
10
-7
-15
-5
6
12
14
15
19
12
-5
-16
-19
-24
-36
-40
-43
-52
-57
-58
-51
-43
-46
-58
-60
-61
-67
-61
-39
-17
-8
-19
-33
-28
-23
-29
-30
-24
-17
-2
18
35
43
39
29
30
42
54
55
46
46
52
48
49
60
62
56
53
45
33
32
27
21
37
49
48
56
57
51
50
42
40
50
47
46
49
39
20
13
4
-17
-39
-55
-66
-80
-89
-89
-79
-62
-51
-48
-41
-36
-32
-20
-12
-15
-17
-7
6
0
-9
-7
-13
-28
-40
-45
-40
-40
-52
-57
-56
-48
-33
-19
-7
2
2
4
17
22
14
1
-7
-14
-18
-12
-11
-11
-2
4
2
0
-8
-15
-18
-22
-10
13
31
44
54
56
44
23
10
8
13
20
29
35
35
31
14
1
-4
-11
-11
-2
-1
-3
7
14
14
20
15
4
3
-4
-15
-22
-26
-28
-31
-32
-29
-29
-37
-45
-54
-65
-65
-60
-53
-37
-21
-6
8
20
27
29
29
30
32
35
41
41
44
53
65
79
89
87
83
84
74
65
64
66
76
85
85
90
89
75
64
48
25
5
-9
-20
-28
-32
-29
-22
-22
-22
-24
-37
-41
-27
-16
-8
6
11
5
-11
-39
-60
-76
-87
-95
-104
-113
-122
-132
-125
-106
-95
-83
-68
-65
-69
-70
-67
-50
-27
-14
-5
10
22
21
14
3
-10
-15
-24
-34
-38
-45
-52
-46
-23
-2
10
19
20
14
19
27
42
65
81
84
83
81
67
44
25
16
7
3
7
11
15
26
33
30
26
8
-14
-21
-11
2
14
23
22
8
-10
-23
-35
-46
-56
-59
-52
-42
-39
-33
-28
-21
-13
-7
3
12
7
-3
-12
-15
-16
-15
-12
-4
-2
-7
-6
-5
-2
4
13
24
40
49
50
55
57
53
52
60
72
80
81
74
58
44
33
24
29
39
40
43
40
31
29
37
50
64
76
73
62
43
16
-4
-19
-29
-23
-15
-8
-2
-5
-15
-24
-34
-40
-35
-25
-24
-23
-17
-7
-1
2
-1
-6
-13
-27
-36
-38
-42
-46
-46
-42
-39
-39
-40
-41
-41
-41
-36
-20
-7
-3
0
0
-5
-11
-14
-17
-14
-14
-13
-4
3
7
12
11
12
18
14
5
6
8
4
5
4
1
9
12
9
17
18
9
1
-9
-17
-19
-16
-17
-15
-12
-5
4
5
-3
-16
-30
-37
-36
-40
-47
-53
-60
-65
-63
-59
-48
-35
-30
-32
-38
-39
-44
-51
-50
-46
-39
-31
-27
-31
-33
-33
-29
-17
-9
-5
-12
-22
-25
-27
-27
-20
-8
-1
4
13
19
22
24
19
24
29
26
25
23
17
21
38
58
76
84
74
60
45
26
14
15
22
32
44
54
60
66
67
69
70
64
49
23
-6
-30
-47
-57
-57
-53
-49
-40
-30
-17
-5
-2
-6
-8
-8
-14
-18
-22
-23
-19
-18
-17
-14
-18
-30
-39
-41
-41
-36
-28
-25
-23
-21
-18
-9
7
28
55
79
92
89
66
33
5
-19
-35
-38
-33
-23
-10
7
28
49
63
71
71
62
52
34
17
3
-9
-19
-21
-21
-16
-12
-13
-19
-29
-40
-52
-59
-57
-52
-37
-17
2
22
42
54
56
53
42
30
23
19
16
11
5
2
-1
-3
-4
2
14
24
28
24
17
5
-6
-8
-6
-2
1
1
-2
-7
-17
-27
-31
-33
-33
-32
-36
-41
-47
-52
-53
-48
-42
-36
-27
-23
-22
-22
-30
-37
-46
-54
-57
-55
-52
-47
-43
-39
-35
-30
-20
-11
-2
6
8
3
-5
-14
-19
-16
-6
10
23
28
30
26
17
9
5
4
2
1
3
7
9
14
19
25
30
36
42
48
46
38
29
20
16
16
20
30
44
55
62
64
66
67
63
51
37
18
-4
-23
-37
-43
-39
-29
-16
1
15
24
32
39
37
33
31
27
21
14
2
-4
-5
-2
8
17
20
11
-2
-13
-25
-38
-45
-47
-44
-39
-31
-16
-6
0
7
13
25
38
45
42
32
11
-19
-42
-61
-70
-64
-50
-32
-15
-5
2
7
6
0
-7
-16
-22
-23
-28
-29
-28
-24
-12
6
26
42
49
44
33
17
-1
-17
-31
-41
-52
-62
-71
-80
-80
-73
-60
-43
-24
-5
9
18
19
16
13
5
2
-2
-7
-13
-25
-37
-46
-53
-53
-45
-30
-10
11
33
48
52
51
50
50
55
60
60
55
43
30
21
15
17
26
34
37
35
34
30
29
34
43
50
52
49
44
37
25
10
-1
-9
-11
-11
-10
-10
-16
-20
-16
-9
4
15
22
23
22
21
21
23
21
21
19
11
2
-8
-19
-23
-26
-23
-15
-11
-14
-20
-26
-29
-30
-27
-21
-12
-8
-7
-9
-17
-21
-22
-19
-12
-8
-8
-12
-17
-22
-26
-27
-28
-31
-36
-41
-46
-48
-47
-45
-34
-20
-6
5
8
10
7
2
-7
-18
-28
-37
-43
-48
-51
-55
-52
-44
-27
-5
13
27
38
43
45
44
36
25
7
-14
-31
-43
-52
-58
-59
-57
-50
-41
-27
-13
-4
4
11
14
18
23
25
31
35
35
35
33
31
30
28
29
32
32
30
30
32
34
37
40
43
46
47
45
43
40
37
32
28
24
17
7
-3
-8
-8
-8
-1
8
12
10
9
8
9
7
2
2
0
-6
-11
-11
-5
2
11
20
26
27
22
18
18
14
11
12
10
6
-2
-9
-14
-15
-13
-6
6
16
22
22
18
9
-2
-13
-20
-26
-28
-28
-27
-20
-10
2
16
29
40
43
39
28
13
-4
-22
-34
-44
-47
-47
-45
-39
-28
-14
0
11
15
12
5
-9
-26
-41
-56
-64
-69
-69
-65
-59
-47
-34
-20
-8
0
5
3
0
-7
-16
-21
-23
-22
-16
-5
6
17
26
32
35
35
30
22
14
6
-3
-10
-16
-20
-24
-25
-24
-18
-8
0
9
16
21
25
26
23
15
6
-7
-20
-34
-47
-58
-66
-68
-62
-51
-40
-28
-18
-11
-6
-6
-5
-3
-5
-9
-16
-23
-32
-42
-48
-51
-51
-47
-40
-30
-17
-4
6
18
28
36
43
49
55
58
57
58
57
57
57
57
59
60
60
57
53
46
44
45
48
57
64
67
69
68
64
57
51
44
33
21
8
-6
-16
-23
-25
-23
-17
-12
-11
-11
-15
-19
-22
-22
-21
-20
-25
-37
-48
-58
-64
-65
-58
-48
-39
-32
-27
-22
-20
-19
-14
-11
-10
-11
-16
-21
-27
-30
-29
-25
-21
-17
-12
-10
-7
-4
0
4
13
19
25
29
30
29
25
21
15
12
14
16
18
21
25
26
27
28
30
35
38
37
35
30
23
20
17
15
12
10
4
-5
-18
-34
-47
-58
-64
-65
-65
-62
-61
-59
-57
-55
-51
-43
-33
-27
-24
-29
-39
-50
-58
-62
-59
-52
-43
-34
-26
-16
-4
11
27
42
52
58
56
47
35
24
15
14
16
20
26
30
29
28
29
30
34
37
38
36
30
21
13
6
1
0
1
3
4
3
2
-1
-3
-4
-3
-1
-1
-3
-8
-15
-24
-30
-30
-26
-23
-19
-18
-18
-22
-27
-29
-32
-32
-31
-29
-28
-32
-37
-44
-46
-47
-46
-39
-31
-22
-16
-8
0
8
14
22
25
29
29
29
30
29
30
28
31
35
41
48
51
53
54
52
50
49
49
52
55
55
55
54
49
43
43
43
41
39
37
33
26
18
13
8
3
0
-2
-2
-6
-12
-15
-19
-19
-16
-11
-7
-5
-7
-12
-16
-21
-25
-28
-32
-34
-37
-45
-52
-58
-61
-63
-60
-55
-49
-45
-43
-40
-38
-39
-35
-32
-29
-27
-26
-26
-26
-24
-19
-12
-5
2
6
10
11
11
11
12
14
18
23
29
36
44
49
56
62
66
69
68
67
59
52
45
37
30
23
18
15
13
14
14
19
21
24
26
25
25
22
19
14
8
0
-8
-16
-26
-33
-39
-42
-45
-49
-52
-53
-54
-53
-49
-45
-40
-37
-35
-36
-40
-45
-51
-56
-61
-66
-67
-69
-69
-64
-58
-47
-33
-19
-6
6
15
21
25
25
27
28
31
33
35
36
35
36
37
38
36
36
34
32
30
29
28
29
32
36
38
40
41
42
41
41
39
35
30
24
20
13
8
1
-5
-11
-14
-15
-18
-18
-21
-23
-26
-26
-26
-25
-21
-20
-18
-19
-23
-27
-34
-40
-47
-55
-62
-66
-69
-69
-66
-61
-56
-50
-44
-38
-33
-28
-23
-18
-16
-12
-9
-4
0
5
10
13
15
15
15
12
12
13
15
18
22
26
29
31
34
35
39
40
42
43
43
41
39
38
36
36
36
36
35
35
32
30
27
24
21
16
13
9
5
2
1
1
1
4
6
6
4
5
3
0
-4
-9
-12
-15
-18
-21
-21
-21
-21
-17
-15
-10
-6
-3
0
1
2
3
3
4
3
5
5
4
5
6
8
12
16
19
24
27
30
34
35
35
34
31
30
30
31
30
31
29
26
22
20
18
18
17
16
12
8
2
-4
-9
-14
-16
-19
-23
-24
-29
-34
-39
-44
-48
-52
-55
-58
-60
-65
-68
-70
-71
-69
-67
-60
-55
-53
-52
-53
-53
-56
-58
-58
-57
-55
-53
-51
-47
-42
-36
-28
-20
-13
-7
-3
-1
1
1
1
3
4
6
9
11
14
17
21
28
33
39
43
46
47
46
42
39
37
35
33
31
31
31
32
34
38
41
45
47
48
48
45
41
37
34
31
28
27
26
25
26
26
28
28
27
26
22
16
11
5
-1
-7
-11
-15
-18
-21
-19
-17
-14
-9
-6
-3
-2
-3
-5
-12
-17
-24
-32
-37
-43
-46
-47
-46
-43
-38
-30
-23
-15
-9
-3
3
7
12
15
18
22
24
26
27
28
26
26
24
21
18
15
11
8
7
5
5
4
4
5
8
10
9
11
9
6
3
-2
-5
-10
-13
-17
-22
-26
-29
-30
-30
-30
-29
-27
-28
-27
-25
-22
-19
-13
-9
-5
-2
2
1
1
-1
-3
-7
-12
-15
-17
-19
-20
-18
-17
-13
-13
-12
-10
-11
-10
-11
-10
-9
-8
-5
-3
1
7
13
17
21
24
23
22
22
19
16
14
12
10
8
8
6
7
7
8
10
11
11
10
7
3
-3
-10
-14
-21
-25
-29
-32
-32
-34
-33
-33
-30
-26
-21
-14
-11
-7
-2
-1
1
2
3
2
0
-4
-7
-10
-13
-13
-13
-7
-3
2
8
13
16
17
20
19
17
14
8
3
-3
-9
-12
-16
-17
-18
-17
-16
-14
-13
-9
-4
1
7
12
18
24
27
30
32
34
34
35
34
32
30
27
23
19
16
15
14
14
15
14
13
11
10
6
2
-1
-5
-9
-14
-18
-23
-25
-28
-30
-31
-30
-30
-31
-30
-29
-29
-27
-24
-20
-16
-10
-6
-1
5
9
11
13
14
17
17
16
16
15
15
15
16
16
19
22
22
26
27
28
30
29
31
30
30
28
24
22
18
16
16
17
17
20
22
24
25
26
28
30
30
27
24
20
14
8
3
-5
-11
-16
-22
-25
-29
-32
-33
-34
-32
-30
-30
-29
-28
-30
-33
-35
-38
-39
-42
-44
-45
-47
-46
-46
-46
-44
-42
-40
-35
-30
-24
-17
-11
-5
2
6
11
15
18
19
21
22
20
18
16
15
14
15
14
16
17
18
21
21
23
26
27
27
29
31
29
29
28
26
24
22
19
16
13
10
6
4
2
2
2
4
7
8
10
12
12
13
13
11
8
3
-3
-10
-18
-26
-34
-39
-44
-46
-48
-50
-49
-47
-44
-41
-37
-32
-29
-26
-24
-23
-21
-22
-24
-24
-26
-27
-26
-26
-24
-20
-15
-10
-4
2
8
17
22
26
30
32
33
31
26
21
15
9
3
-3
-8
-11
-12
-12
-11
-10
-7
-3
1
4
9
12
15
16
15
15
13
11
7
3
0
-2
-5
-6
-8
-6
-4
-3
0
2
4
7
9
11
13
15
15
15
15
12
12
11
8
7
6
5
4
5
8
9
12
15
18
21
24
27
29
31
32
33
32
31
30
28
26
22
20
18
16
15
13
13
11
9
9
8
8
7
7
5
5
3
2
0
-3
-4
-5
-6
-8
-10
-12
-13
-14
-16
-15
-15
-15
-15
-14
-13
-12
-11
-10
-9
-9
-7
-8
-8
-8
-9
-10
-11
-11
-11
-12
-12
-12
-11
-10
-10
-9
-7
-7
-4
-3
-2
0
0
-1
-2
-2
-5
-7
-8
-10
-12
-12
-15
-15
-16
-16
-15
-14
-14
-15
-16
-16
-17
-18
-20
-22
-23
-26
-27
-28
-30
-32
-32
-33
-34
-35
-37
-37
-37
-39
-39
-37
-38
-35
-32
-30
-27
-24
-21
-18
-14
-12
-8
-6
-5
-3
-2
1
2
2
4
4
7
8
9
12
14
15
17
20
19
22
25
25
25
25
24
23
23
21
20
17
17
15
16
17
17
18
20
22
23
25
25
26
25
25
24
23
21
19
17
14
13
11
10
10
7
8
5
5
5
4
4
4
4
3
2
1
-1
-2
-5
-6
-7
-8
-9
-9
-10
-8
-7
-7
-6
-5
-2
-1
1
4
5
6
8
10
11
11
10
10
10
8
6
5
4
3
2
3
3
4
5
6
7
8
8
7
7
5
2
0
-2
-3
-6
-9
-9
-12
-11
-11
-12
-9
-8
-7
-7
-7
-6
-6
-7
-7
-7
-7
-8
-8
-9
-11
-12
-12
-14
-14
-15
-16
-16
-17
-16
-14
-13
-12
-12
-12
-11
-11
-11
-11
-10
-9
-9
-6
-6
-6
-2
0
2
6
9
11
14
18
20
21
23
24
25
26
27
27
28
29
28
27
25
24
22
20
18
15
12
9
7
5
4
2
0
-1
-3
-5
-8
-10
-12
-12
-13
-14
-15
-15
-16
-17
-15
-16
-15
-13
-13
-10
-11
-10
-9
-9
-10
-9
-8
-8
-8
-8
-10
-10
-9
-10
-10
-9
-9
-10
-10
-10
-9
-9
-8
-7
-6
-5
-4
-3
-2
-1
2
4
5
7
8
9
11
12
13
14
15
15
17
17
16
15
15
15
13
12
10
8
6
3
1
-3
-6
-8
-11
-12
-14
-14
-15
-17
-16
-15
-15
-15
-16
-14
-13
-12
-13
-11
-12
-13
-13
-12
-12
-11
-10
-9
-7
-4
-1
2
7
10
14
17
21
25
26
28
30
31
32
33
33
34
35
36
37
37
39
39
40
41
40
40
41
38
36
35
33
31
26
24
21
17
13
11
6
1
-2
-6
-10
-14
-18
-22
-26
-29
-30
-33
-35
-36
-37
-38
-39
-39
-40
-40
-40
-40
-42
-39
-41
-40
-39
-39
-37
-38
-35
-33
-31
-28
-25
-22
-18
-15
-12
-9
-5
-2
2
5
8
9
11
13
15
16
16
18
20
23
23
25
27
28
30
33
33
34
34
34
33
33
30
26
24
20
19
16
13
10
7
6
3
1
-3
-5
-6
-9
-12
-14
-17
-20
-23
-25
-30
-31
-33
-35
-35
-37
-39
-39
-39
-39
-37
-37
-36
-36
-35
-33
-32
-30
-29
-27
-25
-21
-20
-18
-15
-11
-7
-5
-2
0
4
7
9
11
13
13
14
15
17
18
18
18
18
17
18
19
20
20
20
21
23
23
25
25
26
28
27
28
27
27
25
25
25
24
25
22
22
23
23
22
23
23
25
25
25
26
26
26
25
24
20
18
16
12
9
5
2
0
-4
-5
-9
-10
-12
-13
-14
-16
-17
-18
-19
-21
-22
-25
-28
-29
-32
-34
-35
-35
-36
-35
-35
-36
-35
-33
-31
-28
-24
-22
-19
-15
-12
-10
-7
-5
0
2
4
8
9
11
14
16
19
21
24
25
27
30
32
33
34
33
34
35
34
32
33
31
27
25
20
17
12
9
5
0
-2
-5
-7
-10
-13
-17
-18
-21
-24
-26
-29
-29
-32
-34
-35
-37
-38
-37
-37
-35
-33
-30
-27
-24
-20
-17
-13
-9
-5
-1
3
8
9
12
14
16
17
17
17
16
17
17
18
19
17
16
16
17
16
15
14
15
14
14
12
10
9
7
4
1
-1
-3
-4
-7
-5
-8
-9
-9
-10
-10
-10
-11
-11
-11
-12
-13
-14
-15
-16
-17
-20
-21
-22
-25
-25
-26
-25
-26
-28
-26
-25
-25
-25
-23
-23
-22
-20
-17
-17
-17
-15
-15
-14
-12
-11
-10
-7
-6
-5
-3
-2
2
4
6
8
10
11
12
14
15
17
18
19
19
18
18
19
19
21
21
21
21
20
22
22
22
21
23
21
22
22
21
21
20
19
19
18
16
15
14
13
12
11
10
9
6
5
4
2
1
-1
-2
-4
-6
-6
-7
-8
-9
-9
-10
-11
-9
-10
-10
-10
-10
-9
-9
-10
-9
-8
-7
-7
-8
-8
-8
-8
-8
-8
-7
-8
-7
-6
-7
-7
-7
-8
-9
-7
-8
-6
-6
-5
-5
-5
-4
-5
-5
-5
-4
-4
-3
-2
-1
1
3
2
4
3
5
4
3
4
4
6
5
6
6
6
6
6
6
6
6
5
5
4
4
3
2
1
0
0
-2
-3
-3
-5
-5
-6
-8
-8
-8
-9
-9
-9
-10
-10
-13
-12
-13
-14
-14
-14
-14
-15
-14
-14
-13
-14
-12
-10
-11
-8
-7
-6
-3
-2
0
0
2
2
2
5
5
6
6
6
8
9
11
14
15
16
18
18
20
21
21
22
22
22
21
20
19
19
19
17
19
18
16
15
14
14
13
12
11
10
10
10
7
6
5
2
0
-2
-5
-6
-8
-10
-11
-12
-14
-14
-15
-14
-13
-13
-13
-12
-12
-12
-12
-12
-10
-10
-11
-10
-8
-8
-7
-6
-4
-3
-2
-1
0
1
0
2
3
3
5
4
5
5
4
4
4
3
3
4
4
6
7
7
9
10
10
12
13
14
15
16
17
18
18
19
20
21
23
22
24
25
25
25
26
27
27
27
26
26
24
23
23
21
19
17
15
14
12
10
10
8
5
6
3
2
1
-1
-1
-3
-5
-7
-8
-10
-12
-14
-16
-16
-18
-18
-20
-23
-22
-25
-24
-25
-28
-28
-28
-29
-29
-31
-31
-31
-32
-33
-33
-35
-35
-35
-37
-37
-36
-37
-36
-34
-35
-34
-31
-30
-28
-27
-25
-23
-22
-19
-18
-17
-14
-13
-12
-10
-9
-7
-6
-4
-2
1
3
6
7
11
11
11
15
16
17
19
21
22
23
23
23
23
24
23
25
25
25
23
23
23
23
25
23
23
24
24
22
21
21
20
19
17
17
15
14
12
8
7
6
4
3
2
-1
-1
-2
-4
-3
-6
-5
-7
-8
-8
-9
-11
-13
-13
-14
-14
-14
-16
-15
-14
-14
-12
-11
-9
-8
-7
-6
-5
-5
-3
-2
0
1
3
4
5
6
9
11
14
15
17
18
18
22
23
23
24
26
26
27
28
28
27
27
24
24
23
21
19
18
16
15
14
10
9
8
4
2
-1
-3
-6
-9
-11
-13
-16
-17
-19
-21
-23
-25
-26
-27
-28
-28
-29
-29
-28
-28
-26
-24
-23
-22
-20
-18
-18
-15
-14
-11
-9
-7
-4
-4
1
3
6
8
10
13
15
17
18
20
20
21
22
22
22
22
22
22
23
21
21
20
17
15
13
11
9
6
5
2
-1
-2
-2
-5
-7
-9
-11
-12
-14
-15
-16
-18
-18
-18
-20
-21
-21
-21
-22
-22
-21
-21
-19
-19
-18
-16
-15
-11
-9
-9
-7
-5
-2
-1
0
2
3
5
6
7
8
10
11
12
13
15
14
15
15
16
17
15
15
14
14
13
12
11
11
8
8
6
4
2
1
-1
-3
-3
-4
-7
-8
-9
-10
-12
-12
-13
-15
-16
-19
-19
-21
-21
-23
-25
-24
-26
-26
-26
-27
-27
-27
-28
-26
-26
-25
-24
-23
-22
-20
-21
-20
-19
-18
-16
-15
-14
-11
-10
-8
-7
-6
-3
-2
1
4
5
7
11
12
15
16
17
19
21
22
24
25
24
27
28
28
29
29
29
28
29
29
28
28
28
27
27
26
24
24
22
21
19
16
15
14
10
9
6
3
2
0
-3
-5
-6
-8
-9
-10
-11
-12
-13
-14
-15
-16
-16
-15
-16
-16
-16
-17
-16
-16
-16
-13
-14
-13
-12
-10
-10
-8
-6
-4
-3
-3
0
1
1
1
4
3
5
5
5
6
6
5
6
7
6
5
6
6
6
7
7
7
6
6
6
7
7
6
6
5
5
6
5
5
4
3
3
3
2
2
1
0
0
0
1
0
-1
-1
-1
-2
-2
-3
-4
-4
-5
-5
-6
-6
-8
-9
-9
-9
-9
-10
-11
-11
-10
-10
-9
-8
-7
-7
-6
-5
-4
-3
-2
-1
-1
0
2
3
6
7
9
11
14
15
17
16
18
18
20
21
20
21
20
20
20
19
18
17
16
16
14
13
11
9
8
8
6
2
2
-2
-5
-6
-10
-12
-14
-16
-17
-20
-22
-22
-24
-26
-26
-26
-27
-28
-26
-26
-25
-24
-24
-22
-21
-20
-17
-16
-14
-10
-8
-5
-2
1
4
8
12
15
20
21
25
28
31
34
38
39
42
44
44
45
47
47
48
48
47
46
45
45
42
39
38
33
30
27
23
20
17
12
9
5
0
-5
-9
-14
-17
-20
-25
-28
-31
-33
-36
-38
-38
-39
-41
-42
-43
-42
-42
-42
-42
-39
-39
-39
-36
-33
-31
-29
-26
-25
-21
-19
-16
-13
-11
-8
-6
-5
-3
-2
-1
1
2
3
4
6
6
7
8
9
9
9
11
11
12
13
13
14
15
14
15
16
16
15
15
16
16
16
17
17
17
16
17
17
16
16
15
15
15
14
12
13
11
9
7
5
4
3
1
-1
-3
-5
-7
-11
-13
-15
-17
-20
-22
-23
-27
-28
-30
-32
-32
-33
-34
-34
-34
-33
-35
-35
-35
-34
-33
-33
-31
-29
-28
-26
-24
-21
-18
-16
-13
-11
-8
-6
-3
-1
1
3
6
6
8
10
11
12
14
13
13
14
14
13
14
13
13
14
15
12
12
13
11
12
10
11
9
8
8
7
7
7
9
7
7
7
6
7
8
8
8
11
11
12
13
13
13
14
13
13
13
12
12
12
10
9
9
8
6
6
7
6
5
4
3
2
1
-1
-1
-3
-3
-3
-5
-5
-4
-5
-5
-3
-5
-4
-4
-4
-2
-2
-2
0
1
1
3
2
4
6
6
7
7
8
8
8
9
8
6
6
5
3
4
2
1
0
-1
-3
-4
-6
-5
-6
-7
-8
-8
-10
-10
-11
-13
-14
-14
-15
-16
-16
-16
-14
-15
-15
-12
-11
-11
-8
-8
-6
-3
-3
0
2
3
4
7
8
8
10
10
13
14
15
16
17
17
19
19
18
19
18
20
18
18
19
17
17
15
14
13
12
9
9
6
6
3
3
1
-1
-2
-3
-5
-6
-7
-8
-10
-10
-10
-11
-10
-11
-13
-15
-14
-15
-15
-15
-16
-15
-15
-15
-15
-14
-14
-13
-10
-8
-7
-4
-3
-2
0
3
5
6
8
10
12
15
16
18
19
21
22
24
26
27
27
28
28
28
29
30
29
28
28
27
26
24
22
21
18
16
15
11
9
5
4
1
-2
-6
-9
-11
-15
-17
-20
-22
-24
-27
-28
-29
-31
-32
-34
-35
-36
-37
-37
-36
-35
-36
-34
-33
-33
-29
-29
-26
-24
-21
-19
-18
-15
-14
-11
-9
-5
-4
-2
1
2
3
4
4
4
5
5
6
6
7
8
8
8
8
8
8
8
7
6
6
4
4
3
2
0
1
-1
0
0
-3
-2
-2
-2
-3
-1
0
1
3
3
5
5
6
8
9
11
11
12
13
13
13
13
14
15
16
17
16
18
18
20
21
21
22
22
22
23
23
22
22
21
19
18
18
17
16
13
12
11
11
10
9
8
8
8
7
7
6
4
2
2
0
-1
-4
-5
-8
-9
-11
-13
-16
-17
-18
-20
-21
-22
-22
-24
-25
-25
-26
-26
-26
-28
-27
-27
-27
-27
-28
-27
-27
-26
-25
-25
-24
-23
-22
-18
-16
-14
-12
-8
-7
-4
-1
1
3
4
5
7
7
9
9
8
8
8
7
7
6
5
3
4
3
1
0
-2
-2
-4
-5
-6
-6
-6
-8
-9
-9
-11
-10
-10
-11
-11
-10
-7
-8
-6
-4
-1
2
2
5
7
11
13
15
19
21
22
25
27
27
29
31
30
32
31
30
30
29
29
29
28
27
24
22
21
20
18
16
13
11
9
6
3
1
-3
-5
-8
-12
-13
-17
-17
-19
-20
-21
-23
-24
-26
-26
-25
-26
-25
-25
-25
-25
-25
-24
-24
-23
-22
-21
-21
-19
-17
-15
-13
-11
-10
-7
-5
-3
-2
0
2
4
5
8
9
10
12
12
13
13
15
14
13
12
13
12
12
14
12
12
12
11
12
10
10
8
7
7
5
4
3
2
0
0
-1
-3
-4
-4
-5
-6
-6
-6
-6
-5
-5
-5
-5
-4
-3
-3
-2
-2
0
-1
1
0
0
1
0
1
1
1
2
1
2
1
3
2
3
4
3
4
3
4
3
3
3
1
0
-1
-2
-2
-3
-2
-5
-6
-6
-6
-6
-6
-5
-7
-7
-7
-7
-6
-6
-4
-5
-3
-3
-3
-2
-2
-1
0
0
0
1
2
3
3
4
5
6
7
7
8
7
7
7
7
6
4
5
3
1
0
0
-1
-2
-2
-4
-4
-3
-6
-6
-6
-6
-7
-7
-7
-7
-7
-7
-6
-5
-5
-5
-5
-4
-4
-3
-1
-1
-1
0
1
1
2
2
2
2
2
0
0
0
-2
-2
-5
-5
-7
-7
-7
-8
-9
-10
-10
-11
-13
-11
-12
-12
-11
-12
-12
-12
-12
-11
-11
-12
-10
-10
-8
-7
-6
-4
-3
-2
0
1
4
5
7
8
9
10
11
11
12
13
13
14
14
14
14
14
15
16
17
17
17
17
16
16
15
14
14
13
13
12
11
11
10
9
8
6
6
5
6
5
4
4
4
5
3
2
2
0
0
-2
-2
-2
-4
-2
-3
-3
-4
-5
-6
-7
-7
-8
-6
-7
-7
-7
-8
-8
-7
-8
-6
-6
-6
-6
-6
-5
-5
-4
-5
-5
-3
-3
-2
-1
-1
0
2
4
4
5
7
8
9
10
11
11
12
12
12
12
13
13
13
13
13
13
13
12
11
11
11
11
10
9
8
5
5
4
2
-1
-2
-3
-6
-6
-8
-10
-10
-11
-14
-16
-16
-16
-17
-18
-19
-20
-21
-21
-23
-23
-22
-22
-23
-21
-22
-23
-22
-22
-21
-19
-16
-16
-14
-12
-10
-8
-7
-5
-4
-2
-1
2
3
5
9
10
13
14
17
18
20
22
22
25
26
27
28
29
31
31
31
31
31
30
29
30
29
27
25
24
22
18
15
13
11
8
5
3
0
-3
-5
-8
-11
-13
-16
-19
-21
-23
-25
-27
-29
-30
-31
-32
-32
-34
-34
-34
-33
-33
-32
-31
-30
-27
-28
-26
-22
-21
-18
-16
-13
-12
-10
-8
-6
-4
-2
0
2
4
6
7
9
10
13
14
14
15
16
16
16
16
15
15
14
14
13
11
11
9
8
6
5
4
3
2
0
0
-2
-2
-3
-3
-4
-5
-6
-6
-6
-7
-7
-7
-8
-8
-8
-8
-8
-9
-8
-8
-7
-7
-6
-6
-5
-4
-3
-2
-1
0
0
1
0
1
1
2
2
2
3
2
3
4
3
5
5
5
7
7
7
7
7
7
8
6
7
7
7
7
6
5
6
5
5
7
6
6
8
9
8
9
9
9
9
10
7
9
8
8
8
7
8
7
7
8
7
7
8
7
8
8
7
7
7
5
6
7
6
7
6
6
6
5
5
5
4
2
3
3
2
3
2
3
2
2
2
2
1
1
1
1
1
1
1
1
1
0
1
0
0
-1
-1
0
0
-1
0
-1
-1
1
0
0
-1
0
0
1
1
0
1
-1
-1
-2
-3
-3
-4
-5
-5
-7
-8
-8
-9
-10
-12
-12
-13
-14
-15
-16
-18
-17
-17
-18
-17
-19
-18
-20
-19
-20
-20
-19
-18
-18
-17
-15
-15
-14
-14
-12
-13
-12
-11
-10
-9
-8
-6
-5
-4
-2
0
2
2
5
4
7
8
8
10
10
12
14
15
16
16
16
17
17
18
18
19
19
20
21
21
22
23
22
21
21
21
20
20
19
18
18
18
17
16
14
14
13
12
11
8
8
6
5
4
1
2
0
-2
-3
-5
-5
-7
-8
-9
-11
-9
-10
-10
-10
-10
-10
-10
-10
-9
-9
-8
-7
-6
-4
-3
-2
0
2
3
4
4
5
7
8
9
10
11
12
12
14
13
14
14
14
14
12
13
12
12
12
11
10
9
8
6
5
5
3
2
1
-1
-1
-2
-3
-5
-4
-4
-7
-7
-8
-8
-9
-10
-10
-11
-11
-11
-11
-11
-13
-12
-11
-11
-11
-11
-11
-10
-10
-10
-9
-9
-8
-8
-7
-6
-6
-6
-5
-5
-5
-4
-3
-3
-1
0
0
1
1
3
3
4
5
5
6
7
8
8
9
9
10
10
9
9
8
8
8
8
7
6
5
6
5
4
3
1
0
-1
-3
-5
-6
-7
-8
-9
-9
-10
-12
-13
-14
-15
-15
-15
-15
-14
-13
-13
-13
-11
-9
-7
-5
-3
-1
1
4
6
8
11
13
15
17
19
21
23
26
27
28
29
30
31
33
33
33
34
33
33
33
32
31
30
27
26
24
22
20
17
15
13
11
7
5
3
-1
-3
-5
-7
-11
-13
-15
-17
-19
-21
-24
-26
-27
-29
-32
-33
-34
-34
-36
-37
-38
-37
-37
-37
-36
-37
-36
-36
-35
-35
-34
-32
-32
-30
-29
-26
-25
-24
-22
-20
-18
-16
-15
-13
-11
-9
-7
-4
-2
-1
1
2
4
6
6
8
9
9
10
12
12
13
14
16
16
17
18
18
18
18
18
18
17
19
17
17
17
16
16
15
15
15
15
15
14
14
14
14
15
14
13
14
13
14
13
15
15
14
15
15
15
15
15
15
15
16
15
16
16
16
16
15
15
14
15
14
13
12
12
10
9
8
6
5
3
1
0
-2
-3
-5
-6
-7
-9
-12
-13
-14
-15
-16
-17
-19
-20
-19
-20
-20
-19
-22
-21
-21
-22
-21
-22
-21
-21
-20
-21
-21
-20
-20
-18
-18
-16
-15
-15
-14
-12
-12
-11
-11
-10
-10
-9
-9
-10
-9
-9
-9
-9
-8
-7
-6
-6
-6
-4
-5
-3
-3
-3
-3
-3
-2
-4
-3
-4
-4
-2
-3
-2
-3
-3
-2
-2
-2
-3
-2
-1
-1
1
0
0
0
-1
0
-1
0
0
-1
-1
-2
-1
-2
-1
-1
0
1
0
2
1
1
2
2
1
1
0
-1
-1
-1
-3
-3
-3
-5
-5
-6
-6
-6
-6
-6
-7
-7
-7
-9
-9
-10
-11
-11
-11
-11
-12
-13
-14
-14
-14
-15
-14
-13
-13
-12
-11
-9
-9
-7
-6
-4
-2
0
2
4
8
9
11
13
16
17
18
21
24
26
28
31
32
35
35
38
40
41
41
43
43
44
44
43
44
41
41
40
39
37
36
34
32
31
28
26
22
19
16
14
12
7
4
1
0
-4
-6
-7
-11
-13
-14
-16
-18
-18
-20
-20
-22
-23
-23
-22
-23
-24
-22
-21
-21
-20
-17
-17
-15
-13
-12
-9
-7
-5
-2
0
1
4
6
7
10
10
12
13
15
16
17
19
19
20
20
20
21
21
21
20
19
19
18
16
14
13
11
10
8
6
5
3
2
0
-1
-1
-3
-4
-5
-7
-7
-7
-8
-10
-9
-11
-9
-11
-12
-11
-11
-12
-11
-9
-10
-8
-8
-8
-7
-6
-6
-6
-5
-4
-3
-3
-2
-2
-2
-1
-2
-2
-2
-3
-4
-4
-4
-6
-6
-7
-9
-10
-10
-12
-12
-13
-13
-14
-16
-17
-17
-18
-17
-18
-17
-17
-18
-17
-17
-16
-14
-13
-11
-8
-8
-6
-6
-3
-2
1
3
5
9
9
13
15
17
20
21
23
25
26
27
29
31
31
32
33
32
33
33
33
32
32
30
28
27
26
26
24
22
19
17
15
13
9
7
4
2
0
-2
-5
-7
-9
-13
-14
-17
-19
-20
-22
-26
-27
-28
-30
-30
-32
-33
-33
-33
-34
-34
-34
-34
-33
-33
-30
-30
-29
-28
-27
-24
-24
-24
-22
-21
-19
-17
-13
-12
-10
-7
-6
-4
-1
1
2
4
5
7
8
9
11
12
12
14
15
15
14
16
16
15
15
15
13
14
15
13
12
11
9
9
10
7
7
6
3
2
1
-1
0
-2
-3
-3
-4
-6
-7
-6
-7
-6
-6
-7
-7
-8
-6
-7
-8
-6
-5
-6
-5
-5
-5
-3
-4
-2
-2
-2
-1
-1
-1
-1
0
0
-1
0
-1
1
0
0
1
0
0
-1
0
0
0
0
1
0
0
1
1
-1
0
1
1
1
1
3
2
2
4
3
4
4
4
5
4
4
4
4
4
5
7
5
5
6
6
7
7
7
7
6
7
7
7
6
6
5
4
3
3
2
1
0
-2
-2
-3
-4
-5
-5
-7
-7
-8
-9
-8
-10
-10
-11
-11
-13
-11
-10
-11
-10
-10
-10
-10
-10
-9
-7
-5
-4
-3
-1
0
2
3
5
6
8
9
11
13
13
15
15
17
18
18
20
20
20
21
21
21
21
20
20
19
18
18
17
15
13
12
10
8
5
4
2
-1
-3
-5
-7
-8
-10
-12
-13
-14
-15
-17
-16
-17
-18
-19
-18
-19
-18
-16
-16
-15
-14
-13
-12
-10
-9
-7
-6
-5
-4
-2
1
1
2
3
5
5
7
8
11
11
10
11
11
10
9
9
9
8
8
7
7
6
5
4
4
3
3
3
2
2
2
1
0
0
-1
-3
-2
-3
-3
-3
-5
-7
-6
-7
-9
-8
-10
-10
-11
-13
-13
-15
-15
-16
-16
-17
-18
-19
-20
-20
-21
-22
-21
-22
-22
-21
-22
-22
-22
-21
-22
-22
-20
-20
-18
-18
-16
-16
-15
-14
-13
-11
-10
-8
-8
-7
-5
-4
-1
2
3
5
7
8
10
12
13
15
17
18
19
20
22
21
22
23
23
24
24
24
25
25
25
26
26
26
25
25
25
24
24
23
22
21
22
21
21
19
18
17
16
15
14
12
12
10
10
9
8
7
7
5
3
3
1
-1
-2
-3
-4
-3
-4
-5
-5
-6
-6
-7
-6
-8
-9
-8
-8
-8
-9
-8
-9
-9
-9
-8
-8
-7
-7
-6
-6
-7
-5
-4
-4
-3
-2
-2
-1
-2
-2
0
0
1
1
2
2
3
3
5
5
6
6
6
6
5
6
7
7
8
8
8
8
8
8
