SAMPLES:	18145
BITSPERSAMPLE:	16
CHANNELS:	1
SAMPLERATE:	16000
NORMALIZED:	FALSE
-20
-19
-18
-16
-16
-16
-15
-14
-13
-11
-9
-8
-7
-6
-5
-5
-6
-6
-7
-8
-9
-10
-10
-10
-12
-15
-15
-16
-17
-18
-19
-19
-18
-18
-17
-16
-15
-14
-13
-10
-6
-4
0
3
4
7
9
11
13
15
19
22
25
27
29
31
31
30
31
30
30
29
28
26
23
20
17
12
10
8
5
2
0
-3
-7
-9
-12
-13
-13
-15
-16
-16
-18
-19
-22
-22
-24
-24
-23
-25
-23
-23
-23
-24
-24
-24
-24
-25
-26
-26
-25
-22
-23
-22
-22
-22
-23
-25
-24
-23
-22
-21
-21
-19
-18
-18
-16
-14
-13
-10
-6
-2
1
4
7
9
12
15
20
23
27
30
34
37
39
41
43
44
45
46
47
48
49
48
48
48
45
44
42
41
39
37
34
30
26
23
18
14
11
7
5
2
-1
-5
-9
-12
-16
-18
-21
-21
-21
-23
-22
-24
-26
-26
-28
-29
-29
-27
-26
-26
-24
-24
-25
-26
-26
-27
-26
-26
-25
-24
-24
-24
-25
-26
-25
-24
-24
-20
-18
-15
-14
-13
-12
-13
-12
-10
-8
-6
-1
0
1
3
4
5
8
9
13
17
20
22
25
27
27
29
30
30
31
32
33
33
33
32
29
28
26
25
24
23
21
18
17
14
9
6
3
-1
-3
-5
-8
-10
-12
-13
-16
-20
-21
-23
-25
-25
-25
-25
-25
-25
-25
-24
-24
-23
-22
-20
-17
-14
-12
-9
-9
-8
-5
-4
-3
0
2
4
5
7
7
9
10
10
11
11
12
13
12
13
13
14
11
11
10
10
10
9
9
8
9
9
9
8
7
8
7
7
6
7
5
5
4
1
1
-1
-3
-4
-7
-7
-9
-12
-15
-18
-20
-24
-25
-28
-30
-32
-35
-35
-37
-39
-39
-41
-42
-42
-43
-42
-43
-42
-41
-38
-36
-34
-31
-28
-25
-22
-17
-12
-9
-4
1
6
9
12
16
20
22
25
29
31
34
35
37
38
39
40
39
40
41
40
41
42
42
41
41
41
41
41
42
42
42
42
40
39
38
38
37
35
33
31
31
29
28
25
24
21
20
19
17
16
14
12
11
10
7
6
3
1
-1
-3
-6
-8
-11
-13
-14
-14
-16
-16
-17
-18
-18
-16
-18
-18
-19
-19
-18
-20
-20
-20
-20
-20
-21
-21
-20
-19
-18
-17
-15
-14
-14
-13
-12
-11
-11
-10
-8
-9
-6
-6
-4
-3
-1
2
3
6
8
11
15
16
16
14
14
12
9
6
4
2
-1
-4
-8
-10
-13
-15
-17
-18
-19
-21
-21
-22
-24
-26
-28
-30
-33
-35
-37
-37
-37
-38
-38
-38
-38
-35
-33
-30
-26
-24
-21
-19
-18
-17
-17
-15
-15
-13
-14
-14
-14
-14
-13
-13
-12
-11
-7
-6
-3
-1
-1
1
0
1
1
1
3
3
6
7
8
11
12
15
20
24
29
35
39
45
48
53
55
58
59
60
60
59
58
58
56
54
53
51
51
48
47
46
42
40
34
30
26
20
15
9
4
-3
-8
-13
-17
-22
-23
-26
-26
-27
-26
-27
-26
-25
-25
-24
-23
-22
-22
-21
-20
-18
-18
-17
-17
-17
-14
-14
-12
-11
-8
-7
-7
-7
-9
-10
-11
-12
-13
-15
-15
-17
-19
-19
-20
-20
-19
-15
-13
-10
-5
-2
2
5
9
13
15
18
21
23
25
26
29
29
28
30
30
30
31
31
31
30
27
25
22
19
14
9
5
0
-4
-9
-13
-18
-22
-24
-28
-32
-33
-33
-33
-35
-34
-33
-33
-31
-31
-28
-26
-24
-21
-19
-14
-12
-8
-4
-1
2
6
9
11
13
15
16
16
16
16
15
15
13
12
11
11
11
9
10
10
10
11
12
14
14
15
17
17
18
18
19
19
20
22
23
25
27
27
28
29
31
32
33
33
32
32
29
27
24
20
17
12
9
5
1
-1
-5
-8
-10
-14
-17
-20
-22
-26
-28
-30
-33
-35
-39
-41
-44
-45
-45
-46
-46
-45
-43
-40
-38
-36
-33
-30
-28
-26
-23
-22
-20
-18
-18
-17
-16
-15
-14
-13
-11
-10
-7
-6
-3
0
2
5
8
11
14
17
21
22
26
26
29
31
34
37
39
41
42
44
45
47
49
48
49
49
49
49
47
44
42
40
35
31
28
22
19
15
10
5
1
-2
-6
-8
-12
-14
-15
-17
-19
-20
-21
-23
-24
-24
-23
-23
-23
-22
-21
-21
-19
-18
-18
-15
-12
-11
-10
-10
-11
-10
-12
-13
-13
-14
-17
-17
-20
-21
-24
-24
-25
-25
-24
-24
-22
-21
-20
-17
-13
-11
-8
-6
-1
1
4
7
10
12
16
19
21
26
31
34
37
38
39
39
40
38
35
35
31
27
22
17
11
6
1
-4
-9
-13
-16
-18
-21
-24
-25
-25
-26
-26
-26
-25
-25
-23
-22
-19
-16
-15
-11
-10
-8
-6
-4
-1
0
2
2
1
-1
-3
-5
-8
-11
-14
-18
-22
-26
-29
-33
-36
-39
-42
-43
-43
-43
-41
-40
-39
-36
-32
-29
-24
-20
-14
-7
0
6
13
19
25
32
37
43
47
52
55
58
60
60
61
59
58
56
52
49
43
38
33
28
22
16
11
5
1
-4
-8
-11
-15
-16
-19
-20
-21
-20
-19
-19
-16
-15
-13
-11
-9
-8
-5
-2
-1
1
2
2
3
2
2
0
-2
-3
-6
-9
-12
-15
-17
-19
-22
-24
-26
-27
-28
-29
-29
-30
-29
-27
-25
-23
-20
-15
-13
-8
-3
1
7
11
16
22
27
32
36
41
44
47
50
50
51
51
51
51
49
47
45
40
36
33
28
24
19
15
12
9
6
4
2
0
-1
-2
-2
-3
-3
-2
-2
0
0
1
3
4
7
9
10
11
12
14
12
13
12
10
8
6
4
0
-3
-7
-10
-13
-17
-21
-23
-26
-29
-30
-32
-35
-35
-36
-36
-35
-35
-34
-32
-30
-28
-25
-23
-20
-17
-14
-11
-7
-4
1
4
8
10
12
13
13
13
15
13
11
9
8
6
3
2
-1
-3
-7
-9
-11
-13
-15
-16
-18
-19
-20
-20
-19
-20
-19
-19
-18
-18
-17
-17
-16
-15
-12
-11
-9
-8
-6
-5
-3
-1
1
2
3
5
4
5
5
4
2
0
-1
-2
-2
-4
-7
-7
-8
-8
-9
-9
-9
-8
-7
-7
-5
-7
-7
-6
-6
-4
-3
0
3
5
8
10
14
17
21
25
27
31
34
37
37
38
39
40
40
38
38
38
36
35
32
29
26
23
20
17
15
11
9
6
3
-1
-4
-8
-10
-11
-13
-11
-11
-10
-10
-9
-9
-10
-6
-3
-1
3
5
8
9
9
9
7
8
7
9
10
8
7
3
0
-4
-8
-10
-15
-15
-16
-18
-19
-24
-27
-31
-34
-35
-37
-34
-33
-33
-31
-31
-31
-30
-27
-24
-20
-14
-10
-5
-1
1
5
5
9
10
14
17
18
20
21
21
19
16
15
15
13
12
9
8
5
3
0
-4
-6
-8
-10
-9
-9
-10
-11
-10
-11
-11
-9
-8
-6
-1
3
8
10
14
16
16
20
21
25
26
29
31
31
31
30
29
26
24
23
22
21
18
14
10
6
2
-2
-6
-9
-11
-13
-16
-19
-20
-24
-27
-28
-29
-28
-28
-26
-24
-22
-20
-19
-17
-16
-14
-11
-10
-6
-3
-2
-1
1
3
3
4
3
5
7
7
7
6
4
2
0
-1
-2
-4
-4
-5
-7
-9
-11
-11
-14
-13
-13
-12
-10
-10
-9
-7
-7
-6
-4
-1
2
3
6
8
10
11
13
14
15
16
18
18
19
18
17
16
14
12
10
9
6
2
1
-3
-5
-10
-13
-15
-18
-18
-19
-19
-18
-17
-16
-14
-13
-11
-9
-5
-2
4
8
11
14
18
22
25
29
33
37
39
41
43
43
44
42
41
39
38
36
33
29
24
20
17
13
8
4
1
-2
-5
-8
-10
-13
-16
-17
-19
-19
-17
-16
-15
-12
-12
-11
-9
-8
-6
-3
0
1
3
4
6
5
3
4
3
1
-1
-2
-6
-9
-12
-16
-20
-23
-26
-28
-31
-33
-34
-34
-36
-36
-36
-36
-35
-33
-30
-28
-23
-20
-15
-10
-6
0
5
10
16
20
26
30
34
36
37
40
40
39
38
37
35
33
30
26
23
18
13
10
6
3
0
-4
-7
-9
-11
-13
-14
-14
-14
-12
-10
-11
-8
-7
-3
-1
3
8
10
14
16
20
22
24
26
27
28
28
27
26
22
19
16
11
7
2
-3
-7
-12
-16
-21
-26
-30
-33
-34
-36
-38
-39
-38
-36
-34
-31
-29
-26
-21
-17
-12
-8
-3
2
6
10
12
14
15
17
17
17
18
16
13
10
5
2
-2
-6
-11
-15
-18
-22
-26
-31
-36
-38
-40
-42
-42
-41
-38
-37
-35
-32
-29
-26
-21
-15
-10
-3
3
9
16
19
25
28
32
35
38
40
42
41
40
38
33
32
27
24
19
15
10
5
0
-3
-8
-10
-12
-13
-14
-13
-11
-11
-8
-5
-2
3
7
11
18
22
27
30
33
34
38
40
41
41
40
39
38
35
32
28
22
19
14
9
4
-2
-7
-15
-20
-25
-31
-35
-39
-41
-43
-44
-45
-45
-45
-42
-40
-38
-34
-30
-25
-21
-17
-12
-7
-1
3
8
11
13
18
18
20
20
20
19
19
17
14
11
6
3
-1
-5
-9
-12
-15
-18
-19
-21
-24
-23
-25
-25
-23
-21
-19
-18
-15
-13
-9
-7
-5
-2
1
3
7
9
11
12
14
14
15
14
14
13
13
14
11
10
8
6
3
2
-1
-3
-5
-6
-7
-8
-11
-11
-11
-11
-10
-9
-7
-3
-1
1
3
6
8
11
14
16
20
22
24
25
26
25
24
24
23
23
20
19
17
14
12
9
6
3
1
-1
-2
-4
-6
-7
-11
-12
-13
-13
-14
-17
-17
-17
-17
-19
-19
-19
-19
-19
-17
-17
-16
-17
-15
-13
-13
-12
-11
-9
-7
-6
-4
-3
-2
-1
1
1
2
3
3
4
5
6
7
7
7
7
7
6
7
7
8
8
11
11
12
13
13
15
15
18
19
20
22
23
24
25
25
26
26
27
28
29
28
28
28
28
26
25
25
24
24
23
22
20
17
16
12
11
9
8
7
5
3
0
-2
-4
-5
-6
-7
-9
-8
-9
-10
-11
-12
-12
-14
-13
-15
-15
-14
-16
-16
-16
-17
-17
-18
-17
-17
-19
-18
-19
-19
-19
-18
-18
-18
-17
-16
-15
-14
-13
-12
-12
-12
-13
-13
-13
-13
-13
-13
-13
-12
-12
-11
-13
-14
-15
-16
-15
-15
-14
-14
-12
-12
-10
-8
-8
-5
-5
-3
-2
0
1
2
3
4
4
4
3
4
3
4
3
2
1
0
-1
-2
-4
-5
-7
-10
-12
-14
-16
-18
-19
-20
-21
-22
-23
-22
-23
-22
-22
-19
-16
-14
-11
-7
-5
-1
3
6
10
14
17
21
23
27
28
30
30
29
30
28
28
25
22
20
17
13
10
7
3
0
-2
-5
-7
-9
-10
-9
-10
-10
-9
-8
-6
-4
-2
0
3
7
10
10
13
14
17
19
21
22
23
25
26
26
24
24
23
22
19
16
13
10
8
3
0
-3
-6
-9
-13
-15
-18
-20
-20
-22
-23
-22
-20
-19
-17
-15
-13
-11
-8
-6
-3
1
4
8
9
13
14
14
15
15
15
14
15
11
10
7
3
1
-3
-7
-11
-14
-18
-21
-25
-27
-28
-30
-31
-31
-31
-30
-29
-28
-26
-24
-22
-21
-17
-14
-11
-6
-3
-1
3
7
10
13
16
19
21
23
24
23
23
22
21
19
15
12
7
3
-2
-8
-11
-17
-21
-25
-29
-31
-34
-35
-36
-35
-33
-32
-30
-27
-23
-19
-13
-8
-3
2
6
10
15
17
21
23
26
27
28
27
26
27
25
23
21
20
17
15
12
10
7
3
1
-3
-4
-5
-8
-8
-8
-9
-9
-9
-9
-8
-6
-4
0
4
7
11
15
18
24
27
31
35
39
42
44
45
44
44
42
40
37
34
30
26
19
14
8
2
-4
-9
-15
-19
-23
-28
-29
-32
-34
-35
-35
-34
-34
-32
-33
-30
-27
-25
-23
-21
-18
-15
-12
-9
-8
-7
-4
-2
0
2
4
5
7
8
8
8
7
7
7
6
4
3
1
0
-1
-4
-6
-8
-9
-10
-12
-12
-12
-11
-9
-6
-4
-2
2
5
8
12
16
20
24
28
31
33
34
35
34
35
34
33
31
28
26
23
19
15
11
6
2
-3
-7
-9
-13
-15
-19
-21
-24
-28
-30
-32
-34
-35
-33
-33
-32
-30
-27
-27
-24
-24
-23
-22
-19
-17
-15
-11
-8
-7
-6
-4
-4
-6
-8
-9
-12
-13
-14
-17
-18
-22
-26
-30
-35
-38
-43
-44
-46
-45
-44
-43
-40
-38
-35
-33
-30
-28
-23
-18
-13
-4
1
5
14
19
24
26
30
32
32
36
40
41
44
46
47
46
45
43
38
34
31
28
26
24
23
19
18
14
9
6
2
-1
-3
-4
-3
0
2
3
4
4
4
2
2
3
5
9
12
16
19
20
21
19
15
12
6
3
0
2
2
1
0
-5
-11
-18
-25
-33
-37
-38
-36
-35
-31
-27
-26
-25
-29
-30
-31
-28
-24
-17
-5
5
12
17
22
22
21
22
22
24
29
36
43
45
45
42
37
30
20
14
11
10
9
9
7
5
-1
-7
-16
-23
-28
-31
-31
-28
-23
-19
-17
-16
-16
-18
-18
-18
-15
-10
-2
6
13
18
22
22
21
19
18
17
19
20
23
24
24
22
17
11
3
-3
-9
-13
-14
-13
-13
-13
-14
-15
-19
-22
-24
-23
-19
-14
-8
1
8
13
20
23
27
31
34
39
44
50
55
60
64
64
62
60
57
53
50
47
45
43
40
36
30
23
16
7
-1
-6
-11
-15
-18
-21
-24
-29
-35
-38
-44
-46
-49
-50
-50
-50
-48
-47
-48
-47
-47
-47
-47
-47
-45
-45
-41
-40
-38
-38
-38
-38
-41
-41
-44
-43
-42
-42
-43
-43
-43
-43
-42
-42
-40
-39
-38
-34
-30
-27
-24
-19
-15
-10
-6
-2
2
7
11
17
22
26
31
34
38
40
44
47
49
52
55
56
58
59
61
60
60
60
59
58
56
53
52
49
46
43
38
34
30
26
22
19
15
10
7
4
1
-3
-6
-8
-12
-13
-15
-15
-13
-15
-14
-14
-13
-14
-13
-12
-12
-10
-9
-9
-7
-6
-4
-4
-4
-4
-7
-6
-7
-6
-5
-6
-5
-4
-5
-6
-7
-8
-11
-11
-12
-11
-10
-10
-10
-8
-8
-10
-9
-9
-7
-6
-4
-1
1
4
5
6
6
6
7
6
8
9
10
11
11
11
8
6
4
2
-1
-4
-6
-9
-10
-13
-15
-19
-22
-25
-27
-30
-32
-33
-34
-34
-34
-35
-34
-34
-32
-31
-30
-29
-26
-25
-24
-22
-20
-18
-16
-15
-12
-10
-9
-7
-5
-4
-3
-2
-2
0
2
2
5
7
7
8
8
9
9
9
10
11
13
14
15
16
16
17
17
17
17
19
20
21
22
23
23
24
24
23
23
22
21
21
21
20
23
23
21
20
19
18
16
15
12
11
11
10
9
7
5
2
-2
-5
-8
-10
-12
-13
-14
-14
-16
-17
-19
-23
-24
-26
-29
-29
-29
-29
-27
-27
-26
-26
-26
-25
-25
-25
-23
-22
-20
-17
-15
-13
-10
-11
-9
-11
-11
-9
-8
-7
-5
-3
-1
1
1
2
0
0
1
2
3
5
7
9
11
12
13
12
13
14
14
16
18
21
23
25
24
25
25
24
25
23
24
25
25
26
23
22
20
19
17
15
14
11
8
8
6
4
1
-1
-4
-7
-8
-9
-12
-12
-12
-13
-13
-15
-15
-14
-13
-13
-11
-9
-7
-5
-4
-2
-1
1
4
5
7
8
11
11
13
14
13
15
14
15
14
13
14
15
15
15
14
14
12
11
8
7
7
7
5
4
4
3
1
0
-2
-4
-4
-5
-5
-4
-4
-4
-4
-3
-4
-4
-5
-6
-6
-7
-7
-7
-7
-8
-9
-12
-13
-15
-17
-18
-20
-19
-21
-20
-21
-22
-24
-27
-27
-30
-31
-31
-31
-31
-30
-30
-29
-30
-31
-31
-31
-31
-30
-28
-27
-26
-24
-23
-21
-20
-19
-18
-16
-13
-9
-7
-3
0
3
5
7
10
11
13
15
18
22
24
25
26
26
27
28
27
27
29
29
32
32
32
33
32
31
30
29
28
28
28
28
27
27
27
25
23
21
19
19
19
19
22
21
20
19
16
14
11
11
10
9
9
9
9
7
4
2
-4
-6
-9
-12
-13
-14
-14
-15
-17
-18
-21
-24
-27
-29
-30
-30
-26
-26
-25
-24
-24
-26
-27
-27
-27
-26
-23
-20
-17
-13
-10
-10
-11
-10
-11
-10
-7
-4
-1
4
8
10
10
13
11
9
13
15
16
20
25
26
27
29
25
20
21
18
17
20
21
20
22
26
21
19
18
12
9
9
10
9
11
14
10
8
7
1
-6
-7
-10
-14
-12
-12
-15
-17
-17
-25
-32
-34
-38
-44
-42
-39
-43
-42
-39
-44
-48
-45
-48
-52
-47
-44
-45
-38
-31
-32
-32
-25
-25
-28
-21
-18
-18
-10
-3
-2
0
7
6
5
10
9
6
13
19
17
21
25
19
16
20
15
11
16
17
14
20
27
26
27
33
28
27
36
43
45
56
66
68
72
80
79
74
75
73
67
73
77
74
73
72
64
52
49
38
21
11
1
-11
-15
-14
-21
-25
-24
-30
-33
-28
-24
-22
-5
14
40
79
116
142
167
187
195
206
224
232
245
264
272
279
294
289
264
242
211
173
154
144
122
105
92
59
23
-4
-45
-93
-125
-152
-177
-182
-178
-191
-205
-215
-237
-256
-256
-256
-261
-253
-240
-239
-231
-223
-234
-250
-258
-271
-281
-274
-267
-274
-273
-271
-284
-289
-285
-290
-296
-281
-270
-261
-235
-212
-210
-199
-179
-177
-161
-124
-106
-86
-44
-16
1
42
75
77
101
134
138
162
209
223
231
267
275
261
280
286
260
263
278
262
265
291
276
255
260
237
204
205
197
167
169
176
154
151
156
126
105
103
74
55
68
60
60
77
64
47
56
47
22
35
31
8
19
30
13
9
13
-22
-37
-27
-63
-76
-52
-87
-104
-78
-100
-125
-96
-102
-154
-122
-80
-125
-111
-50
-65
-83
-43
-42
-75
-33
-1
-36
-34
5
-14
-33
3
-32
-74
-43
-58
-84
-36
-26
-114
-101
-59
-132
-121
-79
-121
-119
-59
-69
-96
-45
-69
-106
-67
-90
-68
6
-12
0
67
22
-17
46
15
-10
71
60
53
142
144
87
119
118
18
45
111
70
86
148
121
46
104
140
-16
-1
70
-11
26
98
93
71
85
79
32
46
26
52
70
39
145
111
50
145
67
-27
43
38
-54
43
102
-84
1
107
-131
-97
72
-98
-179
-6
-51
-175
-42
-11
-148
-122
-35
-128
-163
-27
-100
-173
-54
-32
-61
-36
-17
-59
-30
-43
-76
36
27
22
4
9
120
-33
8
98
-58
90
76
-79
107
185
-52
-10
187
-23
23
148
-23
53
120
59
8
78
229
25
-48
149
46
-29
153
120
-25
151
49
-68
149
25
-45
58
44
53
78
50
-52
-34
-17
-46
38
45
5
-40
-45
-38
-107
-82
-11
-12
-103
-15
24
-202
-72
31
-187
-78
2
-146
-83
27
-73
-150
-98
-145
-93
1
-13
20
-57
-75
-7
-103
-53
80
-77
-15
153
-101
-53
192
-131
-191
136
-40
-148
187
109
-128
53
30
-70
-4
24
103
23
-54
127
122
-83
60
28
-174
68
35
-40
199
54
-139
46
88
-175
37
114
-270
123
200
-151
187
94
-169
19
-92
-153
205
161
-206
94
300
-228
-146
223
-123
-201
181
-23
-184
266
98
-210
16
29
-115
-31
108
-24
21
68
-127
54
216
-42
-185
101
21
-292
188
200
-212
127
262
-173
-186
375
-53
-385
452
101
-288
483
177
-323
282
117
-422
145
141
-119
335
45
-167
239
-34
-264
113
-188
-242
259
-32
-45
47
-197
10
-50
-186
132
-67
-389
116
330
-249
154
198
-526
198
96
-374
311
55
-311
298
181
-286
222
19
-530
88
197
-290
22
366
-282
-203
309
-550
-135
458
-487
-192
562
-78
-460
577
101
-779
426
310
-549
229
628
-87
-152
413
-25
-193
233
92
73
-87
17
256
-5
-99
53
163
-243
-47
286
-339
-4
137
-47
143
-99
94
-255
-129
230
-274
224
260
-385
59
453
-268
-296
590
-254
-557
547
2
-221
334
107
-341
-198
343
-53
-382
223
289
-153
-32
111
51
-106
-124
40
-109
-85
198
52
-384
65
378
-411
-184
191
-233
30
-112
-108
285
-172
-218
78
-104
-201
307
-4
-408
261
156
-368
24
391
-164
-189
341
-124
-290
355
45
-315
359
125
-329
195
246
-177
-44
129
-168
-51
431
-141
-326
274
-9
-253
90
-1
-201
147
10
-232
167
71
30
70
-123
135
121
-49
36
101
65
-163
209
189
-194
305
-42
-261
350
-121
-104
301
-151
-182
106
63
-62
-81
78
53
-359
46
258
-392
-43
375
-48
-237
194
136
-381
36
342
-420
-194
689
-197
-369
702
-219
-588
569
-8
-51
522
-315
98
355
-373
147
313
-314
106
596
-311
-177
487
-438
-372
260
-20
-121
92
96
-487
199
151
-666
208
-51
-171
337
-120
-137
92
-66
-161
213
-5
-76
295
-56
-33
-1
-13
297
-146
-211
358
92
-262
197
47
-278
-58
-139
105
-220
17
474
-628
-106
375
-364
-45
70
-344
52
470
-650
16
752
-903
-22
395
-366
455
-80
-466
286
167
-299
184
65
-245
366
-383
16
518
-381
494
49
-565
433
21
-252
102
65
71
-76
-252
277
349
-606
-102
218
-306
185
185
-235
108
269
-113
-22
-12
145
63
-452
426
109
-210
662
-290
-261
594
-59
-583
399
133
-555
460
-23
-446
467
163
-585
-18
204
-366
90
229
-207
-134
208
-97
-293
307
-92
-380
295
-19
-445
579
200
-612
253
45
-94
192
39
1
-251
385
247
-463
162
233
-380
-56
178
37
120
-42
-173
89
18
-30
85
-191
92
289
-364
48
237
-119
388
28
-308
164
328
-429
-205
561
-403
63
363
-569
-21
382
-91
-287
165
-70
-276
257
-57
-168
165
401
-103
-160
244
10
-98
-291
53
131
122
282
-158
-141
228
-115
-274
-12
62
14
49
152
-30
-73
71
-117
-488
145
452
-473
17
394
-266
-67
111
-173
-38
61
164
-77
-218
629
9
-573
258
162
-176
-117
279
-82
-13
719
-429
-342
710
-117
-362
-44
87
225
14
-20
-2
-100
-162
4
-235
20
520
-250
-595
433
441
-358
-21
201
40
-517
28
338
-485
345
508
-490
-112
601
-105
-452
-104
187
397
-38
-41
-109
187
40
-343
34
112
24
-183
-167
56
-29
-28
301
-556
-261
731
-524
-814
930
383
-938
415
317
-644
194
211
-456
73
393
-164
-468
135
385
-270
-33
29
-177
82
-169
-121
73
286
148
-24
-29
60
262
-280
-309
367
168
-271
-94
170
-108
388
102
-968
575
444
-935
549
460
-631
448
285
-734
255
735
-876
-324
901
-559
32
871
-580
-257
705
-424
-735
692
353
-394
33
279
329
-313
-261
384
-95
-601
280
348
-471
393
629
-925
-250
1063
-617
-605
866
-100
-619
485
355
-501
111
584
-622
-329
658
-349
-174
436
153
-270
-366
302
-21
-250
12
113
-43
-299
488
185
-441
227
11
-57
81
-126
168
90
-233
-207
538
117
-664
220
119
-566
144
199
-198
113
-28
-24
97
-128
385
48
-767
327
331
-480
168
374
-262
-182
100
44
-146
8
-122
145
191
-119
362
20
-404
-79
309
26
-518
239
439
-550
-279
557
392
-500
-302
406
-120
-685
-10
1018
-68
-502
633
-260
-617
511
191
-53
163
-105
150
96
-362
434
790
-515
96
453
-518
-18
77
-30
21
-241
338
49
-400
406
374
-437
-245
206
23
-205
-126
31
106
-283
50
627
-472
-429
515
-136
-335
241
-200
-283
337
-371
-228
564
-189
-349
285
275
-59
-67
318
-90
-490
144
481
163
-380
-122
-95
-251
3
-14
36
-176
124
230
-83
-193
184
73
-309
208
276
-421
-92
310
-253
-7
235
-17
-163
-42
-70
-328
50
-35
-153
328
92
-102
22
-5
-82
-50
-171
268
-13
-351
258
107
-71
-7
58
290
-55
-120
378
225
-356
-136
461
-269
-328
509
128
-472
47
341
-201
-89
169
50
173
-267
-370
187
-51
-262
113
-51
-31
44
-144
44
-34
102
245
-143
51
365
123
330
521
-58
-69
243
-292
15
298
-391
-74
101
-221
228
-53
-419
-44
-11
-92
-44
142
282
148
-36
16
-49
-221
-67
206
-31
-194
87
202
332
66
-255
68
30
-102
-77
180
138
-296
-22
186
95
18
-86
156
64
-305
-224
68
215
-96
-361
-21
11
172
131
-527
-306
249
239
-103
-403
-173
227
160
-240
-213
379
167
-194
-55
-216
-125
216
63
-202
97
255
-43
92
288
-16
-27
32
-87
73
341
136
125
372
114
-103
-10
-147
-157
-68
-197
-77
-70
-82
7
19
-122
-160
-94
-22
147
227
27
-218
-218
-17
155
-101
-88
58
204
326
102
-34
-55
-216
-370
-148
148
-117
-175
-37
-97
80
86
-221
-185
13
-83
40
166
-86
-274
-274
4
124
-223
-186
-17
-96
-63
-144
-240
-104
14
-258
-510
-244
117
98
-176
-493
-493
-57
157
-192
-278
-109
20
198
0
-357
-305
-31
175
83
-120
7
310
444
330
131
70
160
299
276
238
273
194
186
278
239
250
281
172
140
172
232
260
175
136
122
110
176
173
-1
54
131
34
44
84
13
-35
67
74
-23
-29
12
50
1
-42
-10
-75
-27
20
-26
-21
14
39
0
-39
8
53
25
7
-8
-27
-11
5
18
17
-19
18
80
29
9
15
1
-20
23
31
-43
-36
2
-7
-42
-38
-43
-78
-88
-85
-111
-80
-38
-44
-74
-77
-110
-79
-35
-99
-122
-82
-62
-92
-75
-53
-83
-91
-62
-48
-89
-61
-21
-43
-25
28
7
-50
-20
10
-1
-11
-3
-22
-28
-29
-7
-3
-36
-21
1
-28
-2
24
-10
-17
-18
-27
13
-18
-15
26
-8
3
13
-26
3
38
-37
-24
64
-27
-5
70
23
10
29
-13
17
64
18
12
18
28
28
14
22
21
29
48
10
-19
24
20
15
43
23
55
37
-2
51
27
27
53
9
8
65
38
20
54
39
15
14
26
22
14
4
7
18
35
45
34
39
77
27
55
38
-23
20
46
-16
-30
23
29
17
-5
24
32
-38
-28
4
-43
-52
-18
-20
-45
-5
-6
-40
-25
-30
-35
-29
-39
9
32
-34
-1
-4
-48
4
4
-36
-17
-1
-39
19
-5
-32
3
-27
-33
-21
-62
-49
-56
-56
6
17
-35
-16
56
-37
-34
42
-51
-35
56
23
21
52
34
42
65
43
21
52
72
28
21
80
22
-23
74
36
-16
36
9
13
57
10
12
61
3
-21
20
8
34
47
14
-10
23
5
-31
-30
-24
6
5
-20
-6
-3
-39
-33
3
-55
-67
12
-8
-91
-5
74
-19
-24
24
3
-19
-15
13
7
3
1
37
59
-2
33
65
12
37
75
16
1
9
36
19
-18
-6
-14
-17
-35
-37
-31
-46
-65
-82
-39
-44
-43
-25
-71
-62
-55
-52
-26
-50
-24
20
-37
-29
32
-12
-4
45
25
2
7
19
-29
-21
-8
-23
-38
-22
-32
-34
-3
-25
-24
-13
-37
-19
-1
-47
-43
-5
-8
2
22
2
7
52
51
11
32
76
61
36
71
92
49
72
107
67
41
94
80
25
40
59
32
28
22
15
20
5
15
9
-17
-22
-6
-51
-52
12
-37
-74
-50
-37
-44
-36
-33
-41
-60
-36
19
-16
-57
-21
-8
-27
3
28
-14
-2
11
48
56
8
2
39
35
33
51
21
7
26
-4
18
34
-17
25
58
21
17
32
23
-3
3
36
24
6
41
16
11
6
-2
-1
-26
-3
-22
-15
16
23
54
42
-2
11
1
-17
16
14
-48
-15
24
-57
-47
-14
-23
-46
-50
-31
-62
-54
-19
-51
-46
-38
-91
-89
-58
-73
-56
-43
-61
-55
-49
-52
-39
-47
-23
-10
-25
-21
-39
-9
-18
-30
23
23
4
49
34
20
38
60
68
53
48
60
62
31
55
49
-3
32
47
14
-13
21
28
16
16
29
35
54
35
23
19
-39
-16
2
-24
-22
22
15
-17
-14
-6
-6
-7
-3
5
-21
-29
25
-10
-19
33
-7
-2
38
7
-8
32
24
-14
-29
-51
-73
-54
-36
-62
-52
-33
-53
-57
-47
-50
-63
-52
-51
-49
-54
-16
6
-18
-15
20
24
4
36
31
0
0
39
3
5
41
4
2
69
50
15
69
35
22
48
14
-15
-4
-15
-39
-18
-2
-48
-36
-23
-67
-51
-8
-34
-42
-33
-6
-28
-35
10
3
-56
-17
22
-12
-6
27
-7
-32
23
17
-10
-15
0
-12
-18
19
13
13
8
4
7
21
7
-17
6
-20
-6
12
-1
-22
-20
11
8
-11
16
35
8
-10
13
22
-11
17
34
-12
14
64
36
24
68
49
6
34
39
4
43
71
26
12
38
33
12
0
36
18
-10
16
42
8
-13
6
-24
-26
-6
-20
-7
24
18
-6
10
-12
-25
-3
-25
-23
-6
6
-5
-23
16
13
2
10
3
7
5
2
-6
-2
-5
16
21
-19
-7
30
-2
-6
14
-17
-30
-50
-21
0
-37
-31
-12
-22
-20
-22
-3
-28
-48
14
22
-34
14
25
-14
-7
28
24
-8
19
44
19
19
48
25
15
40
22
-4
-5
28
13
19
35
5
6
8
-2
-14
-10
-11
-24
-24
-26
0
-18
-31
-2
-17
-21
4
-16
-22
27
24
-10
4
16
-10
7
-5
2
27
-12
-5
39
-9
-37
18
21
-18
6
28
14
39
30
26
11
-17
14
15
-11
21
30
3
21
37
13
12
22
9
-18
5
35
19
15
16
1
-18
0
5
-32
-6
-10
-38
-10
-22
-45
-29
-43
-20
-19
-10
-8
-34
-16
-16
-15
-18
-14
7
14
19
14
-5
-13
-19
-8
-2
-17
-25
15
6
-40
-27
-29
-39
-29
-1
-14
-33
-19
-9
2
-15
-8
14
-12
-12
18
6
-15
20
27
-1
17
28
-7
19
30
-2
11
6
2
3
2
18
8
-3
41
30
-3
31
5
-18
30
30
-2
11
28
3
1
15
15
13
11
33
32
6
20
21
2
24
26
28
33
41
30
9
3
7
0
12
-1
-3
17
-14
-6
-8
-36
-59
-47
-31
-35
-42
-23
4
-1
-18
-40
-87
-114
-94
-82
-66
-36
13
29
31
86
34
-17
8
-18
-34
-21
12
21
48
79
74
74
98
53
9
39
32
-14
-2
10
-7
8
34
41
46
31
-6
-25
-28
-29
-47
-28
-3
-20
1
14
7
22
27
-2
-22
-19
-12
-26
-22
14
11
-1
31
37
7
9
4
-24
-4
23
-1
-23
-3
30
29
4
8
14
-14
-14
-9
-36
-17
21
11
-5
3
-23
-6
30
-3
10
36
15
15
33
35
30
28
49
29
17
61
36
-12
20
33
-1
0
8
-5
-3
4
4
-15
-25
-11
-34
-46
-24
-7
-14
-17
-5
-23
1
21
-17
-15
-10
-26
3
23
2
5
5
-24
-14
13
-17
-23
13
3
5
-3
-24
-3
-16
-21
14
-11
-17
15
4
-8
14
19
-9
-2
5
-28
-6
11
-19
10
23
5
17
7
-14
-25
-7
-12
-46
-25
-10
-18
-19
-12
-30
-38
-5
-25
-32
-15
-7
-3
-12
-4
15
-2
11
33
7
-1
21
26
7
22
15
3
2
-20
-5
11
26
10
-21
1
0
-6
6
-2
12
25
12
20
34
35
52
70
64
57
63
71
81
65
80
96
65
81
104
95
93
96
91
94
109
87
80
95
97
85
73
77
69
68
57
48
52
47
31
16
39
45
3
2
25
15
17
16
1
7
12
1
-3
0
10
41
6
-15
20
1
-13
-14
-25
-14
-11
-5
-1
-19
-8
-23
-50
-26
-50
-63
-40
-60
-43
-24
-60
-90
-93
-72
-85
-104
-77
-81
-100
-60
-50
-101
-78
-63
-91
-71
-52
-61
-57
-65
-55
-43
-79
-63
-51
-77
-65
-50
-60
-58
-60
-88
-67
-69
-92
-80
-81
-90
-99
-82
-75
-106
-95
-64
-80
-107
-73
-59
-79
-45
-41
-67
-54
-51
-28
-31
-56
-38
-17
-7
-17
-18
3
8
-3
-2
3
-11
-6
22
5
-2
25
28
20
25
20
24
17
24
43
27
27
53
36
36
50
30
44
41
21
56
60
48
64
58
32
32
44
52
47
22
45
52
35
62
57
27
46
46
27
26
31
26
31
41
39
22
24
38
4
3
18
4
12
3
-9
-3
9
16
-9
-17
10
2
-14
-10
-14
-7
-17
0
-7
-32
1
5
-35
-22
-9
-32
-32
-34
-20
-9
-23
-26
-17
-25
-32
-35
-27
-22
-34
-21
-4
-23
-26
-8
-16
-12
-5
-24
-25
-20
0
1
-23
-7
-5
-3
11
13
15
12
16
23
16
23
19
15
28
21
19
30
23
7
5
-3
4
8
-13
4
-10
-14
15
0
-19
-6
-15
-27
1
7
-23
-38
-27
-5
-9
-38
-26
-10
-25
-9
-11
-31
-15
-24
-34
-10
-22
-43
-20
-36
-52
-28
-32
-47
-36
-52
-56
-46
-75
-83
-78
-79
-75
-78
-71
-73
-77
-67
-62
-59
-43
-38
-47
-47
-48
-40
-42
-42
-41
-67
-46
-50
-79
-70
-69
-65
-64
-61
-69
-75
-93
-115
-113
-113
-110
-87
-64
-85
-106
-124
-159
-173
-143
-68
-38
-36
-18
-10
-8
-40
10
47
125
250
257
474
676
572
357
278
643
963
804
887
1308
1236
1046
1077
988
1242
1276
838
741
1291
2404
2680
1970
1240
440
67
315
549
657
938
1036
657
19
-694
-869
-921
-1473
-1880
-1555
-692
-291
-565
-1032
-1415
-1646
-1987
-1951
-1457
-920
-409
-259
-493
-951
-1118
-783
-416
-364
-486
-165
205
123
-137
-273
-108
-68
-256
-333
-184
71
162
109
-190
-573
-679
-543
-405
-453
-394
-169
-209
-620
-925
-758
-514
-403
-392
-458
-423
-376
-339
-313
-309
-234
-64
54
-12
39
303
475
406
229
232
423
617
694
724
748
694
675
663
618
668
821
925
838
690
660
705
713
645
625
597
493
427
422
428
417
357
228
133
68
45
133
108
-63
-118
-56
-54
-38
-22
-155
-191
-144
-210
-131
10
13
17
-74
-245
-243
-135
-58
72
87
-145
-315
-402
-476
-310
-91
-198
-508
-746
-855
-828
-696
-669
-864
-1162
-1290
-1203
-1166
-1174
-1244
-1473
-1680
-1808
-1746
-1524
-1432
-1522
-1716
-1947
-2093
-2004
-1770
-1626
-1593
-1614
-1702
-1829
-1764
-1506
-1316
-1185
-1136
-1144
-1109
-1014
-764
-380
-50
170
381
548
762
1158
1554
1822
1987
2171
2454
2773
3091
3338
3522
3567
3509
3551
3669
3805
3865
3747
3512
3245
3021
2888
2793
2586
2298
1947
1523
1149
851
619
378
102
-148
-397
-603
-770
-917
-1055
-1182
-1216
-1243
-1324
-1346
-1266
-1149
-1018
-882
-820
-786
-725
-612
-442
-303
-186
-119
-88
-44
14
112
130
94
46
-91
-179
-197
-238
-326
-484
-708
-918
-1091
-1279
-1434
-1613
-1809
-1960
-2178
-2347
-2430
-2546
-2665
-2782
-2887
-2976
-2972
-2948
-2992
-2985
-2976
-3030
-3050
-2952
-2775
-2598
-2480
-2447
-2425
-2353
-2196
-2002
-1819
-1658
-1557
-1420
-1266
-1097
-928
-710
79
1289
2070
1946
1378
1304
1862
2771
3712
4337
4675
4731
4400
3901
3951
4750
5567
5715
5223
4619
4225
4089
4028
3849
3606
3362
2987
2254
1529
1265
1139
785
172
-460
-832
-975
-1153
-1552
-1994
-2250
-2322
-2419
-2513
-2411
-2251
-2226
-2364
-2487
-2298
-1751
-1192
-1002
-1072
-1046
-809
-495
-125
325
711
959
1049
1008
1094
1512
1998
2149
2028
1935
1977
2046
2096
2094
1995
1900
1737
1443
1213
1185
1183
955
562
189
-5
-75
-180
-354
-649
-918
-1057
-1204
-1328
-1306
-1246
-1353
-1595
-1807
-1846
-1732
-1613
-1576
-1675
-1793
-1803
-1756
-1696
-1635
-1556
-1536
-1686
-1860
-1879
-1845
-1803
-1800
-1937
-2091
-2141
-2175
-2279
-2428
-2605
-2696
-2692
-2664
-2633
-2735
-2914
-3189
-3470
-3543
-3503
-3364
-3249
-2832
-1768
-694
-440
-1106
-1634
-1240
-5
1551
2576
3080
3351
3309
3069
3204
4253
5753
6693
6616
6000
5546
5574
5965
6209
6171
5990
5703
5097
4228
3749
3628
3343
2765
1959
1229
806
476
-132
-947
-1535
-1798
-2019
-2314
-2592
-2837
-3102
-3447
-3747
-3754
-3408
-2923
-2740
-2957
-3114
-2930
-2562
-2093
-1570
-1112
-760
-594
-529
-326
184
896
1380
1541
1609
1739
1977
2198
2392
2587
2739
2832
2738
2519
2407
2406
2363
2172
1924
1792
1670
1395
1058
718
428
309
176
-56
-250
-434
-658
-947
-1150
-1143
-1071
-1021
-1090
-1279
-1418
-1415
-1316
-1205
-1082
-965
-963
-1101
-1220
-1227
-1099
-903
-814
-841
-967
-1081
-1173
-1327
-1362
-1344
-1374
-1455
-1664
-1898
-2098
-2269
-2462
-2619
-2718
-2779
-2833
-3059
-3331
-3532
-3594
-3592
-3616
-3640
-3826
-3955
-4074
-4262
-4401
-4163
-2996
-1577
-775
-1122
-2050
-2182
-1352
319
1905
2681
3088
3103
2849
2858
3718
5223
6443
6801
6389
5903
5844
6235
6603
6668
6604
6430
6022
5268
4651
4376
4044
3603
2989
2272
1767
1340
653
-251
-996
-1341
-1501
-1800
-2221
-2734
-3264
-3706
-4035
-4078
-3878
-3617
-3545
-3842
-4115
-4018
-3640
-3152
-2681
-2317
-2040
-1768
-1527
-1266
-804
-127
427
736
1016
1309
1663
2005
2249
2479
2664
2862
3000
2949
2917
2967
2956
2855
2686
2536
2398
2131
1778
1432
1187
1092
942
661
304
-40
-304
-539
-666
-722
-788
-855
-1043
-1309
-1421
-1332
-1191
-1120
-1162
-1221
-1242
-1291
-1250
-1132
-1024
-904
-908
-988
-1063
-1067
-1002
-996
-1006
-1047
-1152
-1283
-1414
-1551
-1688
-1786
-1881
-2045
-2293
-2469
-2628
-2823
-2974
-3113
-3235
-3388
-3525
-3701
-3892
-4034
-4173
-4260
-4362
-4395
-4384
-3906
-2800
-1804
-1513
-2103
-2522
-2028
-755
888
1870
2208
2425
2513
2583
3177
4430
5761
6481
6273
5805
5703
6131
6810
7018
6883
6713
6463
5982
5372
5071
4925
4597
4063
3349
2666
2271
1823
1003
219
-261
-479
-746
-1282
-1894
-2469
-2891
-3121
-3282
-3317
-3205
-3230
-3550
-3891
-3878
-3479
-3036
-2709
-2567
-2543
-2337
-2013
-1661
-1196
-624
-98
200
358
634
1093
1578
2012
2306
2482
2695
2895
3005
3101
3261
3391
3357
3219
3096
2979
2855
2716
2482
2279
2124
1881
1536
1074
698
511
334
134
-62
-306
-579
-863
-1130
-1268
-1258
-1179
-1255
-1470
-1613
-1668
-1624
-1532
-1450
-1391
-1365
-1409
-1491
-1483
-1392
-1215
-1102
-1134
-1172
-1278
-1417
-1485
-1470
-1423
-1421
-1508
-1754
-2010
-2209
-2418
-2521
-2578
-2653
-2794
-3048
-3336
-3592
-3680
-3741
-3886
-4105
-4311
-4431
-4569
-4579
-4617
-4244
-3253
-2460
-2219
-2716
-3039
-2556
-1505
-41
811
1150
1472
1513
1627
2313
3429
4592
5331
5194
4895
4953
5335
5999
6279
6283
6273
6057
5661
5236
5031
4971
4738
4298
3747
3130
2746
2290
1486
910
561
315
11
-592
-1266
-1796
-2153
-2378
-2525
-2644
-2649
-2788
-3177
-3420
-3407
-3039
-2654
-2533
-2479
-2449
-2246
-1907
-1592
-1201
-712
-345
-159
21
273
722
1182
1516
1799
2010
2301
2515
2516
2579
2741
2914
3066
3066
2941
2848
2710
2516
2383
2267
2190
2010
1641
1268
926
735
595
350
116
-198
-526
-781
-1070
-1226
-1214
-1302
-1479
-1694
-1907
-1949
-1935
-1934
-1922
-1932
-1935
-1965
-2019
-1991
-1880
-1771
-1683
-1711
-1758
-1745
-1793
-1750
-1676
-1646
-1602
-1695
-1883
-2063
-2156
-2152
-2171
-2242
-2281
-2360
-2553
-2712
-2944
-3110
-3025
-3042
-3165
-3298
-3523
-3626
-3685
-3713
-3110
-2161
-1468
-1464
-2165
-2316
-1668
-495
821
1357
1540
1833
1889
2074
2868
3932
5001
5501
5144
4966
5234
5769
6405
6543
6473
6474
6306
5984
5618
5483
5505
5238
4789
4253
3684
3395
2898
2071
1572
1278
998
621
-90
-782
-1208
-1560
-1804
-2018
-2184
-2248
-2592
-3067
-3328
-3295
-2944
-2727
-2805
-2892
-2921
-2783
-2495
-2219
-1837
-1412
-1159
-1021
-903
-602
-90
342
661
953
1175
1426
1621
1651
1827
2090
2309
2454
2348
2285
2275
2159
2099
2021
1942
1867
1631
1242
882
686
645
538
267
29
-304
-658
-868
-1095
-1179
-1142
-1243
-1494
-1760
-1910
-1912
-1850
-1772
-1709
-1744
-1771
-1836
-1940
-1841
-1669
-1515
-1418
-1494
-1558
-1534
-1562
-1506
-1373
-1319
-1262
-1352
-1555
-1619
-1609
-1538
-1504
-1602
-1702
-1826
-1978
-2069
-2127
-2135
-2152
-2257
-2416
-2561
-2608
-2690
-2775
-2872
-2746
-2019
-1319
-1035
-1283
-1742
-1557
-830
205
1061
1392
1604
1697
1678
2074
2961
3870
4577
4656
4362
4418
4691
5195
5651
5695
5671
5589
5269
4980
4875
4865
4807
4451
3995
3576
3188
2889
2342
1764
1457
1180
869
426
-192
-701
-1052
-1429
-1661
-1800
-1977
-2144
-2546
-2955
-3065
-2970
-2770
-2726
-2824
-2866
-2851
-2702
-2465
-2209
-1878
-1594
-1451
-1359
-1175
-821
-362
-7
209
444
660
887
1073
1242
1524
1758
1902
1964
1974
2007
2065
2058
1978
1931
1857
1766
1588
1337
1180
1065
957
769
505
259
18
-183
-368
-539
-640
-746
-968
-1221
-1377
-1453
-1456
-1438
-1488
-1560
-1603
-1663
-1715
-1685
-1571
-1449
-1406
-1433
-1490
-1479
-1418
-1364
-1281
-1241
-1246
-1292
-1395
-1433
-1425
-1389
-1366
-1476
-1606
-1744
-1833
-1837
-1868
-1888
-1931
-2055
-2202
-2311
-2462
-2509
-2534
-2594
-2547
-2454
-1896
-1298
-1105
-1233
-1568
-1343
-670
226
1008
1236
1387
1508
1604
2049
2897
3691
4190
4224
3964
4106
4472
4947
5346
5294
5175
5097
4856
4641
4632
4607
4480
4143
3669
3266
2913
2682
2215
1661
1373
1082
745
294
-235
-668
-946
-1210
-1432
-1567
-1774
-1972
-2309
-2667
-2713
-2563
-2391
-2374
-2500
-2593
-2561
-2403
-2159
-1924
-1646
-1359
-1303
-1237
-979
-622
-201
56
177
333
546
794
990
1132
1347
1555
1621
1658
1667
1709
1801
1790
1740
1687
1642
1549
1362
1136
994
977
887
716
461
209
29
-157
-254
-365
-478
-595
-849
-1099
-1216
-1212
-1202
-1227
-1342
-1493
-1576
-1658
-1665
-1622
-1562
-1491
-1530
-1666
-1764
-1746
-1675
-1619
-1603
-1597
-1608
-1626
-1665
-1794
-1850
-1763
-1700
-1708
-1723
-1866
-2001
-2007
-2072
-2023
-2020
-2065
-2085
-2338
-2450
-2454
-2463
-2341
-2072
-1530
-1044
-926
-1211
-1399
-1083
-310
621
1083
1284
1416
1470
1716
2194
2976
3734
4103
4045
3885
4014
4432
4915
5090
5089
5030
4878
4704
4478
4431
4468
4324
3986
3512
3070
2786
2489
2040
1669
1414
1159
764
233
-239
-604
-800
-992
-1245
-1455
-1635
-1873
-2221
-2407
-2394
-2248
-2137
-2248
-2394
-2469
-2371
-2177
-2000
-1760
-1524
-1386
-1351
-1229
-946
-587
-277
-113
-16
108
337
574
742
928
1117
1206
1214
1231
1253
1332
1403
1359
1256
1198
1176
1067
939
804
693
648
517
320
135
14
-78
-187
-322
-464
-549
-695
-870
-993
-1068
-1087
-1128
-1227
-1379
-1468
-1494
-1547
-1555
-1524
-1505
-1541
-1634
-1751
-1776
-1700
-1650
-1627
-1651
-1690
-1709
-1735
-1767
-1775
-1739
-1715
-1735
-1792
-1819
-1854
-1885
-1871
-1863
-1794
-1790
-1929
-2067
-2135
-2097
-1956
-1908
-1899
-1550
-1087
-705
-614
-920
-842
-314
352
1063
1364
1401
1612
1783
2003
2645
3339
3839
4003
3740
3645
3948
4401
4763
4803
4621
4482
4357
4164
4050
4035
4016
3743
3258
2849
2516
2339
2150
1700
1296
1090
785
403
25
-417
-634
-789
-1074
-1290
-1487
-1642
-1829
-2095
-2238
-2181
-2081
-2086
-2205
-2331
-2280
-2147
-2002
-1827
-1675
-1465
-1330
-1310
-1141
-788
-426
-171
-71
-48
96
332
561
768
910
1078
1196
1132
1102
1178
1261
1344
1337
1247
1222
1187
1059
948
858
799
751
567
351
220
137
32
-144
-324
-463
-563
-691
-885
-1054
-1114
-1162
-1289
-1418
-1556
-1642
-1645
-1693
-1726
-1680
-1675
-1722
-1761
-1807
-1754
-1636
-1618
-1667
-1706
-1674
-1646
-1619
-1611
-1680
-1709
-1768
-1823
-1769
-1730
-1763
-1821
-1946
-2030
-1937
-1927
-1977
-2014
-2125
-2140
-2035
-1654
-1064
-697
-702
-955
-975
-481
278
947
1275
1376
1540
1713
1911
2478
3189
3645
3847
3679
3530
3829
4193
4434
4517
4380
4296
4193
3900
3740
3726
3619
3440
3081
2651
2371
2114
1792
1393
1065
926
707
329
-55
-462
-744
-877
-1102
-1289
-1379
-1582
-1832
-2100
-2258
-2124
-1957
-1951
-2011
-2118
-2164
-2040
-1929
-1782
-1529
-1325
-1196
-1177
-1079
-808
-529
-287
-157
-57
111
301
431
519
672
852
991
984
966
1048
1081
1122
1119
1059
1092
1090
930
729
597
547
573
493
305
125
-95
-283
-445
-569
-623
-693
-859
-1122
-1349
-1474
-1513
-1567
-1640
-1734
-1853
-1923
-2036
-2081
-2003
-1905
-1861
-1957
-2058
-2116
-2025
-1855
-1762
-1661
-1634
-1692
-1748
-1774
-1774
-1638
-1509
-1539
-1539
-1630
-1668
-1597
-1648
-1600
-1576
-1688
-1701
-1768
-1866
-1740
-1701
-1489
-898
-607
-548
-757
-1004
-561
153
795
1250
1285
1368
1606
1700
2156
2911
3379
3755
3688
3404
3653
3970
4304
4578
4426
4316
4281
3960
3791
3856
3764
3656
3329
2811
2507
2264
2049
1718
1276
1079
873
456
80
-304
-636
-735
-978
-1250
-1349
-1579
-1766
-1984
-2271
-2196
-1991
-1980
-1990
-2056
-2112
-1948
-1816
-1658
-1394
-1237
-1069
-1056
-1061
-736
-388
-109
101
128
213
431
546
714
908
998
1146
1104
1020
1153
1218
1252
1218
1048
996
1008
907
787
626
453
398
223
36
-71
-266
-429
-621
-819
-910
-984
-1132
-1324
-1517
-1639
-1630
-1710
-1796
-1825
-1907
-1914
-1946
-1984
-1928
-1887
-1883
-1886
-1893
-1847
-1719
-1675
-1667
-1641
-1653
-1590
-1530
-1532
-1518
-1468
-1459
-1460
-1471
-1502
-1441
-1473
-1537
-1512
-1539
-1516
-1512
-1637
-1700
-1665
-1566
-1177
-658
-398
-419
-705
-725
-229
397
1042
1378
1428
1562
1657
1851
2425
3106
3606
3793
3582
3469
3691
4000
4356
4488
4356
4255
4081
3819
3717
3737
3694
3497
3087
2656
2334
2100
1877
1508
1183
993
696
313
-50
-417
-678
-857
-1097
-1252
-1352
-1547
-1768
-2037
-2195
-2085
-1966
-1956
-1998
-2082
-2082
-1971
-1841
-1655
-1407
-1183
-1092
-1097
-971
-685
-367
-67
113
206
333
460
590
761
974
1184
1245
1209
1202
1217
1264
1304
1279
1241
1205
1089
904
720
577
504
392
186
-31
-238
-445
-648
-831
-977
-1065
-1168
-1357
-1577
-1749
-1834
-1897
-1947
-1965
-2006
-2039
-2089
-2157
-2142
-2060
-1985
-1922
-1903
-1910
-1830
-1773
-1723
-1579
-1471
-1380
-1333
-1334
-1329
-1279
-1146
-1078
-1035
-1007
-1039
-1048
-1102
-1118
-1072
-1093
-1119
-1187
-1358
-1403
-1368
-1268
-800
-344
-185
-368
-763
-643
-44
621
1156
1290
1278
1416
1535
1765
2398
3091
3519
3559
3289
3277
3593
3995
4299
4303
4179
4112
3930
3664
3609
3648
3615
3384
2927
2532
2251
2041
1761
1319
1008
909
676
243
-120
-471
-728
-851
-1051
-1184
-1263
-1413
-1660
-1947
-2032
-1868
-1711
-1707
-1759
-1835
-1822
-1710
-1569
-1347
-1110
-879
-813
-858
-705
-387
-63
163
290
358
455
584
680
835
1063
1247
1255
1167
1119
1138
1211
1223
1171
1108
1042
915
728
541
403
341
181
-60
-282
-511
-694
-883
-1092
-1230
-1305
-1418
-1606
-1820
-1975
-2018
-2059
-2089
-2093
-2135
-2190
-2281
-2344
-2289
-2149
-2039
-2005
-2036
-2043
-1953
-1870
-1746
-1599
-1510
-1446
-1438
-1442
-1367
-1208
-1088
-1082
-1133
-1163
-1108
-1046
-1032
-1017
-1047
-1111
-1170
-1251
-1246
-1152
-1006
-611
-231
-64
-91
-423
-388
208
774
1297
1542
1469
1612
1827
1993
2531
3124
3442
3625
3478
3404
3761
4088
4289
4344
4191
4075
3948
3744
3646
3611
3536
3331
2903
2540
2310
2049
1797
1436
1089
917
641
253
-89
-426
-659
-803
-1053
-1228
-1292
-1484
-1712
-1938
-2057
-1907
-1763
-1768
-1814
-1865
-1836
-1700
-1564
-1379
-1093
-906
-841
-807
-692
-379
-39
197
326
419
565
702
828
993
1191
1350
1389
1288
1194
1245
1297
1279
1199
1071
957
785
556
322
144
38
-133
-376
-613
-840
-1047
-1232
-1450
-1632
-1702
-1832
-2016
-2176
-2343
-2395
-2348
-2375
-2423
-2407
-2445
-2487
-2461
-2430
-2268
-2120
-2111
-2080
-2055
-1929
-1745
-1646
-1560
-1484
-1445
-1428
-1340
-1208
-1073
-977
-1027
-1073
-997
-898
-786
-697
-820
-891
-844
-976
-924
-786
-646
-139
286
298
66
-114
79
668
1274
1656
1816
1773
1832
1922
2158
2825
3402
3657
3587
3319
3365
3694
3963
4196
4268
4068
3953
3762
3490
3571
3667
3500
3144
2721
2388
2176
1994
1711
1374
1087
862
496
74
-187
-450
-681
-927
-1197
-1304
-1382
-1551
-1781
-1970
-2007
-1857
-1745
-1797
-1805
-1795
-1789
-1674
-1488
-1236
-946
-770
-737
-697
-527
-190
122
306
477
555
649
779
854
1057
1280
1393
1391
1244
1164
1205
1198
1140
1077
951
830
680
418
260
158
-24
-226
-506
-775
-955
-1175
-1447
-1629
-1773
-1929
-2083
-2307
-2454
-2521
-2575
-2592
-2673
-2681
-2652
-2711
-2729
-2677
-2565
-2386
-2300
-2346
-2306
-2276
-2178
-1948
-1868
-1695
-1543
-1554
-1488
-1462
-1324
-1095
-1035
-1013
-968
-972
-920
-844
-904
-900
-831
-905
-866
-387
278
634
467
-142
-267
454
1301
1959
2101
1905
1947
2038
2145
2717
3554
3997
3931
3487
3261
3676
4227
4551
4452
4208
4149
3956
3695
3639
3730
3781
3512
2901
2473
2336
2181
1960
1463
1045
991
737
258
-135
-431
-625
-805
-1118
-1302
-1265
-1365
-1643
-2032
-2219
-1986
-1785
-1790
-1855
-1881
-1815
-1718
-1608
-1353
-995
-752
-705
-802
-633
-143
227
442
530
608
808
940
1010
1201
1426
1554
1535
1344
1284
1444
1478
1350
1190
1080
1024
883
628
407
265
129
-56
-381
-619
-726
-972
-1264
-1535
-1704
-1772
-1968
-2246
-2444
-2545
-2553
-2541
-2666
-2734
-2696
-2778
-2855
-2867
-2729
-2478
-2375
-2395
-2416
-2377
-2252
-2099
-2030
-1892
-1676
-1579
-1544
-1610
-1530
-1265
-1162
-1093
-1056
-1078
-951
-917
-1071
-1049
-1018
-1004
-891
-970
-542
283
493
380
-20
-224
486
1296
1782
2099
2071
2059
2148
2105
2674
3604
3926
3925
3590
3327
3768
4141
4234
4338
4223
4131
4035
3603
3536
3786
3612
3339
2929
2471
2435
2253
1785
1437
1149
1022
884
375
-14
-189
-544
-770
-983
-1181
-1070
-1223
-1652
-1910
-2035
-1891
-1681
-1786
-1858
-1784
-1859
-1828
-1683
-1535
-1120
-850
-893
-820
-693
-417
-51
98
287
542
660
769
843
920
1185
1380
1363
1380
1381
1384
1386
1217
1123
1157
1088
950
714
430
304
172
-60
-229
-420
-622
-839
-1182
-1426
-1539
-1679
-1824
-2018
-2233
-2347
-2424
-2558
-2632
-2673
-2716
-2717
-2807
-2830
-2732
-2680
-2594
-2532
-2493
-2410
-2336
-2250
-2124
-1967
-1829
-1750
-1736
-1745
-1657
-1474
-1315
-1209
-1154
-1163
-1168
-1145
-1115
-1109
-1047
-953
-1005
-700
-10
416
573
221
-130
413
1137
1685
2112
2059
2071
2320
2260
2514
3302
3752
3866
3689
3363
3624
4062
4165
4210
4097
3990
4016
3741
3485
3532
3447
3254
2922
2540
2468
2298
1868
1464
1082
980
1040
682
215
-47
-388
-620
-765
-950
-878
-948
-1378
-1710
-1905
-1846
-1596
-1646
-1802
-1782
-1798
-1789
-1691
-1567
-1290
-1069
-1074
-1016
-861
-601
-269
-197
-143
147
354
495
606
624
797
1004
1020
1060
1149
1180
1185
1031
847
916
982
862
687
410
181
74
-119
-278
-374
-557
-793
-1134
-1445
-1524
-1587
-1753
-1940
-2167
-2290
-2312
-2450
-2547
-2528
-2552
-2566
-2675
-2809
-2678
-2513
-2465
-2438
-2464
-2427
-2307
-2214
-2136
-2011
-1840
-1750
-1713
-1668
-1638
-1541
-1442
-1409
-1282
-1064
-972
-1007
-1110
-1253
-1191
-999
-926
-585
82
442
388
0
-269
342
1240
1698
1881
1856
1911
2160
2276
2503
3108
3560
3576
3409
3317
3600
3974
3980
3846
3799
3852
3909
3684
3380
3336
3258
3047
2803
2562
2507
2318
1795
1336
1122
1133
1132
804
334
83
-95
-350
-513
-570
-552
-635
-961
-1260
-1316
-1214
-1176
-1327
-1456
-1383
-1305
-1333
-1401
-1388
-1192
-1060
-1066
-1012
-890
-691
-560
-595
-503
-208
3
67
30
34
228
386
443
497
542
595
537
388
362
437
440
324
133
-11
-79
-216
-384
-504
-596
-694
-879
-1131
-1291
-1357
-1462
-1570
-1688
-1789
-1839
-1966
-2110
-2154
-2119
-2108
-2185
-2250
-2224
-2168
-2183
-2261
-2267
-2042
-1833
-1874
-1891
-1838
-1751
-1598
-1530
-1414
-1257
-1258
-1179
-1060
-1077
-961
-837
-890
-936
-934
-836
-723
-715
-788
-787
-360
202
422
293
-50
-35
505
1037
1383
1569
1656
1745
1732
1767
2172
2765
3041
2867
2682
2874
3245
3368
3229
3182
3298
3349
3244
3116
3109
3098
2867
2535
2406
2502
2504
2166
1701
1426
1382
1364
1189
954
760
540
231
-46
-95
-12
-44
-303
-616
-734
-701
-715
-833
-896
-853
-840
-937
-1088
-1095
-955
-899
-962
-975
-858
-756
-758
-856
-926
-752
-579
-637
-724
-673
-579
-646
-733
-717
-616
-554
-653
-700
-699
-716
-713
-744
-799
-767
-780
-991
-925
-728
-909
-1074
-936
-759
-918
-1222
-1152
-885
-901
-934
-846
-876
-798
-919
-995
-872
-885
-626
-748
-936
-666
-832
-867
-772
-934
-695
-701
-979
-729
-673
-837
-645
-567
-552
-608
-701
-495
-430
-493
-478
-454
-351
-325
-413
-413
-286
-244
-269
-285
-269
-139
-101
-57
143
293
328
244
239
409
616
740
795
898
973
995
1019
1137
1329
1428
1432
1404
1429
1535
1583
1551
1563
1619
1638
1590
1501
1467
1465
1406
1332
1249
1208
1171
1054
978
944
913
874
805
736
702
680
614
565
548
523
496
427
363
352
301
213
129
73
53
5
-118
-236
-266
-303
-394
-486
-548
-588
-672
-809
-914
-935
-933
-994
-1104
-1171
-1165
-1175
-1197
-1182
-1155
-1118
-1138
-1183
-1126
-1031
-974
-939
-909
-852
-776
-728
-674
-599
-538
-464
-410
-398
-351
-299
-266
-239
-224
-170
-113
-103
-112
-98
-73
-52
-46
-70
-74
-94
-123
-145
-164
-149
-158
-185
-224
-272
-278
-278
-277
-285
-279
-247
-242
-257
-291
-295
-267
-245
-234
-244
-240
-244
-266
-264
-247
-217
-190
-189
-209
-218
-225
-241
-233
-210
-167
-140
-148
-161
-167
-130
-81
-27
16
26
63
85
97
134
181
255
318
339
333
320
343
412
481
547
610
626
646
688
745
829
889
931
961
982
1002
1032
1094
1137
1172
1196
1188
1201
1221
1237
1232
1200
1178
1154
1114
1071
1024
949
883
806
701
616
544
447
319
177
49
-65
-191
-322
-430
-539
-656
-776
-897
-995
-1084
-1147
-1207
-1298
-1341
-1329
-1335
-1351
-1375
-1379
-1338
-1301
-1269
-1225
-1183
-1122
-1068
-1032
-949
-851
-780
-715
-665
-616
-535
-450
-384
-307
-225
-165
-135
-119
-73
-4
61
115
139
158
168
169
174
185
221
247
229
191
161
157
176
182
163
141
140
128
108
102
93
92
86
76
76
65
53
48
36
47
46
35
29
4
12
23
0
2
-15
-44
-49
-52
-33
-11
-9
-16
-35
-59
-39
5
23
32
31
14
4
22
61
99
124
124
104
111
141
173
214
235
254
296
331
380
438
492
552
586
615
665
711
748
782
797
804
832
868
868
861
853
825
804
793
790
773
719
653
596
529
463
398
327
234
130
33
-69
-160
-257
-354
-433
-532
-634
-707
-769
-826
-872
-928
-987
-1014
-1052
-1096
-1105
-1098
-1090
-1073
-1057
-1036
-1000
-970
-936
-896
-836
-768
-733
-691
-631
-555
-474
-424
-359
-289
-256
-220
-163
-100
-28
43
82
116
156
197
260
309
339
367
394
419
418
420
445
462
462
441
415
407
385
343
327
319
303
278
233
221
205
165
149
129
99
97
79
33
18
6
-7
-27
-52
-23
-16
-54
-73
-105
-110
-82
-80
-86
-92
-92
-73
-67
-69
-57
-51
-44
-43
-67
-68
-37
-13
2
22
39
62
74
81
122
158
188
203
183
215
279
330
370
371
385
417
425
435
465
495
510
499
488
505
522
520
514
500
474
447
413
372
347
326
285
241
189
124
56
2
-53
-106
-155
-206
-235
-303
-386
-430
-476
-499
-518
-562
-588
-607
-642
-678
-683
-650
-618
-620
-617
-625
-627
-588
-557
-505
-457
-444
-414
-401
-377
-312
-255
-217
-188
-160
-145
-125
-90
-44
10
75
126
135
166
211
260
308
337
363
369
380
396
418
450
458
449
430
432
424
388
364
338
319
303
270
228
187
154
133
93
46
15
-14
-41
-85
-97
-100
-114
-111
-161
-71
-110
-349
-118
-32
-293
-212
-195
-268
-185
-251
-262
-157
-212
-234
-174
-175
-153
-126
-123
-85
-61
-44
7
39
27
59
85
86
150
195
203
209
192
192
240
288
313
317
300
290
297
299
336
370
359
346
328
302
297
297
298
290
249
225
204
179
145
99
66
55
21
-26
-66
-102
-131
-167
-203
-212
-215
-256
-306
-358
-380
-368
-363
-367
-368
-392
-407
-422
-440
-433
-392
-362
-366
-358
-348
-325
-297
-265
-236
-206
-163
-140
-127
-120
-120
-67
-30
-9
15
25
42
72
102
127
164
189
197
187
218
280
306
327
342
340
349
348
361
356
353
361
343
320
299
266
223
205
169
144
115
70
21
-20
-43
-54
-75
-117
-138
-161
-176
-158
-209
-150
-186
-359
-148
-104
-285
-241
-169
-127
-146
-227
-226
-193
-167
-180
-159
-98
-107
-90
-39
-28
0
42
28
78
131
152
182
189
202
231
239
257
273
252
241
234
227
234
231
195
173
152
142
129
125
113
99
83
88
99
70
46
24
-10
-22
-17
-37
-46
-61
-73
-85
-114
-134
-131
-144
-133
-136
-174
-178
-172
-181
-182
-183
-191
-193
-199
-196
-206
-189
-179
-190
-198
-192
-199
-197
-185
-195
-182
-169
-180
-182
-194
-189
-181
-171
-137
-147
-122
-69
-59
-65
-37
-10
13
60
83
92
115
135
161
175
181
201
207
210
214
231
244
254
246
228
219
211
201
187
169
160
134
81
60
54
34
18
-17
-47
-60
-100
-113
-122
-117
-97
-105
-120
-130
-144
-128
-106
-107
-89
-88
-89
-75
-74
-62
-49
-28
-1
10
38
50
60
75
95
129
148
160
171
185
196
209
232
261
273
254
233
222
200
208
221
227
207
164
136
99
61
40
30
13
-8
-31
-68
-95
-93
-112
-122
-108
-102
-109
-131
-154
-146
-135
-124
-115
-125
-126
-143
-157
-150
-159
-156
-138
-147
-140
-130
-128
-123
-121
-106
-83
-77
-77
-72
-79
-78
-82
-101
-106
-104
-102
-92
-105
-109
-105
-108
-100
-93
-90
-83
-74
-69
-50
-26
-18
-23
-13
-2
14
41
60
69
88
116
137
144
150
157
168
182
182
194
191
172
159
145
126
114
100
86
78
57
34
24
6
-14
-17
-22
-40
-55
-59
-62
-70
-106
-122
-122
-125
-118
-134
-137
-123
-120
-105
-85
-76
-67
-34
-9
5
36
53
75
95
109
132
152
162
162
160
168
170
184
205
206
200
196
185
176
187
184
161
156
146
121
100
75
61
36
7
-25
-57
-63
-87
-118
-133
-147
-160
-168
-180
-198
-208
-213
-218
-203
-193
-183
-175
-170
-169
-176
-150
-122
-101
-81
-70
-51
-38
-32
-13
2
5
-3
-2
5
11
18
17
19
19
6
-2
7
13
0
-6
4
-1
9
7
-19
-15
-10
-2
14
6
-6
-23
-26
1
21
41
61
60
58
70
86
109
119
120
121
116
126
125
111
112
99
81
69
44
28
18
15
16
1
-19
-28
-36
-49
-53
-54
-58
-65
-75
-89
-92
-76
-75
-86
-80
-62
-53
-57
-62
-51
-32
-17
-1
14
22
37
53
64
75
90
107
112
119
141
162
170
163
162
181
194
198
200
188
174
159
149
150
146
139
118
79
34
10
15
1
-27
-39
-57
-89
-120
-136
-148
-163
-162
-166
-190
-207
-224
-226
-225
-231
-221
-214
-217
-205
-181
-174
-176
-158
-127
-113
-104
-87
-85
-72
-45
-43
-28
-8
-4
2
-2
3
23
31
21
24
23
17
21
20
17
21
18
12
9
-4
-6
3
5
11
15
19
16
14
28
29
33
47
44
40
51
64
73
70
57
65
82
90
93
91
91
84
94
104
89
90
94
85
76
56
48
43
28
14
-1
-13
-17
-39
-62
-71
-84
-79
-79
-100
-98
-95
-113
-118
-110
-102
-95
-87
-82
-76
-77
-69
-47
-32
-20
-7
13
41
53
55
77
93
106
124
129
137
145
143
150
159
168
170
159
155
137
120
117
105
95
81
58
49
31
-4
-19
-27
-44
-59
-71
-84
-105
-126
-134
-141
-146
-151
-155
-167
-178
-177
-173
-172
-168
-163
-153
-130
-132
-137
-115
-91
-65
-46
-41
-21
-3
-6
-3
15
42
58
54
53
41
35
44
45
54
58
51
46
34
25
28
32
36
30
23
30
31
24
18
29
42
42
50
56
47
45
47
56
59
61
67
72
65
51
47
54
53
52
62
61
58
53
40
43
53
47
40
40
39
29
14
1
-1
-5
-26
-37
-46
-54
-58
-76
-85
-81
-95
-103
-105
-112
-103
-96
-107
-104
-105
-105
-79
-76
-78
-63
-55
-49
-28
-14
-1
20
27
38
60
78
98
108
103
105
114
122
130
131
127
122
113
104
97
90
86
77
66
53
40
19
-2
-14
-24
-42
-62
-77
-92
-111
-124
-132
-142
-141
-137
-143
-144
-144
-143
-128
-115
-99
-84
-86
-78
-68
-63
-49
-34
-20
-7
-5
-13
-20
-10
10
19
20
15
7
10
8
-1
-1
-3
-9
-13
-17
-23
-24
-19
-21
-28
-20
-4
5
11
15
31
51
62
70
85
99
109
103
97
115
125
124
131
126
123
123
114
110
113
115
119
111
94
88
84
81
72
68
68
63
44
29
20
17
17
5
-6
-16
-29
-33
-39
-56
-61
-71
-83
-82
-94
-109
-110
-115
-119
-121
-121
-115
-108
-106
-99
-89
-85
-79
-57
-36
-25
-13
-1
11
22
31
45
65
80
83
88
96
96
97
104
100
97
95
83
78
66
44
28
18
6
-7
-21
-37
-64
-86
-92
-99
-103
-100
-110
-120
-120
-119
-113
-104
-90
-82
-85
-86
-76
-67
-60
-51
-47
-44
-41
-39
-44
-41
-36
-35
-33
-38
-36
-26
-30
-39
-46
-43
-36
-35
-44
-44
-42
-48
-48
-45
-43
-33
-31
-34
-30
-19
-6
3
7
13
31
55
65
70
82
106
121
132
152
167
182
191
188
189
202
215
217
205
193
193
183
167
173
170
158
140
113
105
101
89
77
63
47
30
19
4
-26
-38
-51
-76
-87
-102
-116
-123
-145
-161
-169
-184
-191
-186
-178
-176
-171
-165
-149
-139
-131
-106
-95
-79
-59
-44
-24
-2
23
39
44
46
62
79
84
78
86
93
76
94
99
83
104
96
81
79
71
73
62
40
17
10
9
-6
-3
-3
-11
-14
-29
-27
-30
-22
-20
-40
-31
-20
-19
-27
-30
-22
-19
-15
-8
-3
-6
-13
-20
-17
-23
-28
-26
-27
-42
-71
-81
-84
-96
-101
-101
-113
-123
-129
-142
-150
-149
-139
-134
-148
-152
-137
-133
-107
-71
-83
-71
-33
-62
3
8
87
417
-2
-295
237
276
216
178
-32
231
388
201
196
222
265
309
174
132
228
235
181
137
123
158
137
48
44
74
59
52
17
-35
-32
-43
-77
-91
-103
-114
-132
-141
-172
-188
-140
-136
-157
-164
-166
169
206
-412
-346
24
-6
13
-204
-265
52
24
-109
-76
-79
3
-5
-88
-45
30
51
66
68
67
118
70
21
19
452
830
275
4
167
110
172
-36
-291
-76
32
-73
-104
-128
-44
-3
-105
-211
-142
134
-225
-9
864
260
-253
-78
-58
287
105
-347
-81
111
48
95
-58
-103
41
-26
-88
-110
-159
-77
-21
-107
-142
-118
-133
-52
-72
-195
-109
-66
-141
-121
-140
-188
-92
-137
-242
-138
-133
-172
-113
-121
-77
-56
-189
-95
40
-65
-45
82
26
17
86
104
204
158
98
134
202
277
206
188
190
225
335
202
162
332
206
167
276
118
88
222
201
164
52
52
181
79
-35
28
4
-69
6
-152
-69
125
-307
-242
122
-208
-136
89
-345
-220
-15
-309
-125
-28
-219
-141
-216
-172
49
-77
-210
-126
-78
-65
109
-163
-226
104
-92
11
9
-166
54
20
-89
-54
60
205
64
-112
-52
228
224
-246
-30
292
75
-63
-1
229
140
-117
100
177
61
174
-84
71
198
95
49
-60
259
-81
111
160
-69
278
-282
-62
319
-48
-229
-8
184
-167
-210
255
-178
-205
191
-447
1
180
-233
-63
-207
-214
165
-290
-287
228
-686
-151
415
-485
-51
-25
-599
292
131
-642
49
84
41
-61
-127
-140
0
524
-195
-242
233
164
430
-109
-48
464
-97
276
405
-269
527
303
-267
571
155
48
575
-279
97
552
91
11
-51
568
-43
-109
560
-526
510
550
-719
393
6
-72
442
-509
-176
333
-344
55
63
-541
-11
-69
-224
4
-299
-99
-47
-634
198
99
-590
199
-394
-359
214
-429
-115
218
-270
-287
-54
77
-70
-51
-43
-68
-170
53
194
-248
95
20
157
67
-107
592
-523
118
746
-655
409
92
-262
638
-490
154
699
-651
394
359
-458
855
-509
-163
1115
-902
99
520
-406
598
102
-587
353
262
-102
189
-196
-57
313
191
-387
-376
541
-7
-515
104
-357
216
622
-692
-688
634
300
-1006
330
229
-988
878
-727
-1307
1710
-261
-1098
538
-509
-35
842
-812
-437
727
-284
119
-215
-205
579
-107
-128
-140
529
516
-729
224
404
-137
579
-15
-163
260
328
363
-588
701
665
-1100
1116
168
-747
1282
-783
131
897
-1093
809
-229
-278
848
-959
18
357
-494
259
121
-815
62
166
-377
-289
208
-240
-319
-140
-412
379
-324
-632
443
-238
-340
432
-797
-172
813
-359
-400
-127
-79
211
-46
-46
-343
187
-111
-527
811
-385
-245
324
-370
1004
-457
-843
1408
-373
-342
815
-681
-416
1042
10
-454
397
-117
-57
-210
1100
408
-1262
354
629
88
278
-448
4
1085
-219
-549
591
1010
-774
-453
1101
-369
400
-452
-345
1369
-603
-622
-186
699
871
-1330
-643
902
-261
317
112
-2038
-360
2281
588
-1978
-903
466
540
258
-432
-1117
781
545
-1255
919
-386
-1117
1954
-664
-1662
1864
-992
-557
2280
-1635
-250
1189
-1089
593
1469
-1678
313
1771
-2164
1117
1428
-1644
865
224
-1189
1143
1083
-1034
-618
579
1296
13
-1225
-512
449
1787
47
-1365
-376
-109
1095
634
-1436
-1075
1073
331
-981
327
-993
361
1198
-2174
-269
1101
195
-4
-1509
-125
607
-601
1260
-578
-1852
781
-100
977
35
-1218
224
-441
934
-388
-86
1148
-949
-289
-586
1020
1605
-1188
-1135
-709
928
1380
127
-151
-2075
-706
3064
480
-1527
-89
307
843
-989
-647
1787
1168
-1104
-1396
59
988
2212
-51
-3075
540
1872
23
915
-1120
-1103
1895
-388
-645
799
396
-18
-1466
180
1514
1543
-612
-3037
281
2752
207
-1750
-1151
-398
1645
968
-3190
-257
2166
-1389
423
-670
-1681
2536
710
-1651
-1120
-363
1676
2243
-1509
-2187
63
2328
1259
-2249
-1308
-73
1179
1304
-1378
-786
1309
780
-787
26
917
-19
844
-1012
-788
1754
-65
-347
616
-1476
911
1847
-2084
18
839
109
1300
-510
-2634
2044
3446
-2317
-2427
1010
1879
885
-1314
-1682
-32
1070
1290
-970
-2501
-264
1487
573
-822
-1223
-468
831
129
-687
-1003
1026
728
-2462
218
1032
-393
515
-1010
-188
1068
-1155
557
427
-1060
187
343
-198
541
-376
-910
1242
-275
-624
834
-105
101
-54
150
-440
4
1722
-558
-827
-43
18
1481
396
-873
-917
669
2143
-458
-1196
955
-341
29
1178
-36
-33
118
105
-605
562
731
-1554
443
1554
-3379
798
3855
-4335
-1088
3381
-2036
1286
411
-4078
3675
980
-3608
1469
-477
1091
1568
-3298
-412
2093
955
-1658
-1622
918
1706
-69
-2009
-344
1884
678
-2302
-372
1935
-353
-1403
-154
-99
1140
58
-2752
1126
1554
-1560
363
77
-504
684
-815
-22
930
130
892
-433
-976
1052
1317
166
-322
-1044
-168
2458
-56
-2248
1942
-1174
-1035
3165
-2017
-619
1465
-1391
537
611
-945
43
700
-271
-457
-122
156
275
-681
-562
-257
733
-141
-1255
465
7
-778
835
-216
-548
641
-1207
377
1515
-1074
-753
444
106
291
120
172
169
-365
-55
-181
-519
1903
674
-3167
63
1107
1525
1066
-3263
-369
2712
-320
-518
-81
-480
1701
-477
-1483
937
831
1102
-165
-2015
104
2129
859
-701
-1533
-484
1907
816
-1176
-125
1
-295
66
344
189
523
-403
-1186
95
658
1390
-623
-1644
-230
658
1071
80
-1254
-379
311
124
-443
212
1648
-692
-871
-313
-245
2097
743
-2242
-990
26
619
1864
-803
-2418
152
901
1038
-292
-1387
482
-84
-753
814
970
-837
-222
-96
-480
1661
-94
-989
1617
-1221
-642
1436
-742
1027
219
-2350
947
702
-1069
1127
-249
-790
112
195
506
-581
-112
1861
-330
-2012
416
1040
872
388
-2534
-115
2158
-696
-484
-41
30
849
-302
-1207
231
436
600
-875
-83
558
-682
594
264
-323
-220
-700
111
495
-89
464
-1189
-213
1049
-855
-144
395
73
289
-611
-643
415
1065
442
-740
-885
-498
1442
1042
-776
-130
-578
245
1036
-192
374
-464
-622
1228
-243
-410
1403
243
-501
-39
-802
1161
1384
-1726
-355
343
-1079
985
-246
-1117
1501
-414
-1598
1005
633
295
-423
-737
880
-690
-382
1194
-171
-615
-871
-24
1390
115
205
-270
-1865
1247
1188
-734
-87
-812
33
254
-189
594
173
-726
258
-591
-1291
2118
558
-1567
83
-1795
116
2917
-1026
-1770
1259
-23
-847
367
746
993
-707
-1154
666
700
-2
335
-348
-1029
1090
1342
-801
194
177
-362
534
-109
-714
1492
767
-1835
-643
747
1125
-141
-833
-313
-46
698
783
-383
-1264
56
1293
-466
-845
185
-396
678
149
-1492
34
437
825
-592
-1461
389
905
714
-536
-2029
-222
2523
-254
-1922
482
726
774
-52
-1790
911
1535
-963
-331
74
207
482
268
33
-1139
-475
1219
1012
-965
-624
1126
-520
137
111
-1012
1401
-547
-1020
2164
-891
-1371
1323
-29
-175
-1125
-437
1930
61
-996
-638
-266
1018
-662
-767
950
-323
-658
103
-199
284
531
-813
80
42
-350
2115
-125
-1400
277
437
1368
-311
-672
1202
181
-191
-481
-260
1402
-20
-1309
-156
-15
465
450
-1119
16
-750
-967
1744
-559
-516
261
-1713
835
679
-229
619
-639
-477
-235
866
830
-1128
345
-38
-528
2021
-689
-1459
1650
-370
-1395
732
434
721
327
-1146
147
-12
337
1113
-1417
-540
696
-192
673
-499
-1104
1123
-53
-746
976
-271
536
417
-1510
410
826
-152
-512
203
339
-456
252
-527
396
678
-1020
417
-176
-147
1243
-1102
337
1263
-961
507
-724
151
2227
-1540
320
94
-1679
1847
743
-639
-162
-675
341
736
-114
768
-299
-853
606
471
104
-91
678
-332
-1099
889
601
-29
-360
-1192
336
497
-53
522
-932
-856
222
-666
1358
555
-2100
97
300
-550
938
356
-1457
-311
884
-445
-9
1636
-239
-1517
-620
144
1851
1571
-1016
-1729
-106
246
90
1095
-331
-1507
-545
124
630
724
-494
-945
-448
228
885
444
-384
585
-392
-1723
-1
1117
942
-452
-1256
-902
899
1077
-1189
-494
800
896
410
-923
187
1211
-163
33
-438
-877
1258
859
-431
-710
-864
548
1247
-424
-1229
204
827
174
-599
-530
243
594
95
-764
75
1215
11
-1283
56
-107
-255
1264
-563
-1278
787
237
-950
195
599
-270
-718
106
344
369
556
-823
225
91
-520
1489
24
-762
411
-643
59
1202
-148
-381
-511
29
735
-28
29
-56
23
-186
-803
720
1159
-279
-1735
-677
789
887
407
-936
-328
-345
-469
737
-141
226
658
-1101
-372
201
472
862
-842
-800
176
234
631
-167
-185
-24
-228
384
-234
75
742
-106
140
119
-261
807
226
-612
618
455
-391
-254
59
-216
-204
348
289
-48
-1042
-451
1117
545
315
-107
-383
740
-338
-1282
1610
695
-1379
808
-593
-731
820
39
544
-1107
-832
1130
-244
385
588
-848
-784
-325
480
278
191
177
-846
-587
169
779
-22
-326
-222
-567
861
17
-1093
295
230
-566
-220
-110
592
828
-913
-1736
-81
1456
1046
-540
-901
65
266
324
152
-335
285
835
-558
-1028
1392
1106
-1016
-988
-1091
286
1168
-150
-931
-348
-286
-639
284
603
628
173
-1774
-518
2350
982
-466
188
-1016
320
1690
-30
687
-252
-1138
557
-118
689
1647
-633
-1049
-919
-308
1275
409
-205
-666
-1085
400
40
297
937
-1149
-648
132
-68
458
-86
212
-404
-1327
509
1318
225
-336
-592
-171
50
189
254
356
-34
-856
316
-99
-378
1499
131
-561
545
-778
86
1426
-508
-786
698
-58
-856
240
-308
-241
235
-985
-470
1087
-56
-946
576
-103
-142
689
-663
6
1142
-170
-373
-75
-205
915
139
-348
751
-588
402
691
-1571
-109
788
-76
-180
-445
540
419
-1164
-132
37
168
1042
-617
-643
381
-24
314
-208
-926
510
748
-75
174
-352
-494
664
316
-580
262
417
79
1129
-376
-1486
587
1048
242
-235
-725
215
328
-697
-357
-136
396
-4
-792
60
364
178
275
-629
-865
117
433
614
-127
-170
352
-823
-93
523
741
996
-862
-500
349
648
1278
-382
-700
358
-121
572
228
-597
338
-183
-1002
-227
104
-117
393
-678
-1460
589
373
-949
84
-174
-682
248
444
-231
-176
239
-68
-210
213
-142
-26
769
113
-571
36
203
-328
527
1057
-756
-52
837
-227
629
427
-450
-353
-245
206
432
353
-738
-933
153
18
194
391
-606
-761
-454
-331
163
199
-240
-724
-398
-106
-473
-167
351
-15
-292
-505
-54
876
349
-124
446
60
-284
405
457
553
100
-135
305
-457
-219
723
334
7
-527
-82
648
330
78
-437
114
860
240
-144
4
221
-140
-554
68
-5
444
161
-1306
-241
61
-97
962
-475
-1225
210
459
190
194
-119
155
490
-35
383
781
1002
428
-624
108
669
621
470
-180
5
410
-35
-241
-137
14
217
-334
-974
-818
-233
397
-542
-808
5
-389
-217
87
-292
57
-10
-530
-87
-160
173
877
-395
-900
18
744
850
-166
-419
536
487
-372
-10
-87
-457
476
525
-625
-162
351
213
493
-1201
-795
1517
-11
-734
247
-507
506
207
-1186
723
148
-850
231
-536
-129
143
-418
214
-560
-253
544
-583
296
177
-793
281
-40
448
739
-746
459
515
-565
835
266
77
604
-946
-173
872
110
84
-412
-610
161
512
130
-144
-37
-464
-724
63
863
247
-754
-504
-15
-87
409
437
-602
-281
-5
166
805
414
-94
-333
-374
525
1486
103
-755
279
-53
-364
250
42
-401
-264
-577
-494
712
852
-732
-1130
70
153
301
627
-62
-472
118
578
189
446
385
-456
187
472
-141
596
452
-554
-343
8
293
278
229
291
-632
-413
349
-191
5
-96
-430
57
-185
-229
27
-168
254
194
-1074
-364
1116
335
36
-433
-1513
-130
724
-228
-66
-584
-963
-482
-756
-220
324
-276
-23
-241
-1210
594
1794
350
-361
-295
162
1182
1374
998
414
-377
-12
327
381
1263
961
-84
-718
-1398
122
1903
521
-1079
-853
73
209
-252
-201
-318
-290
-297
-756
-443
639
241
-867
-793
-655
227
738
-542
-844
-273
-401
-537
-488
-359
348
503
-852
-651
543
501
236
-150
134
911
321
40
795
403
227
607
-313
161
1366
335
-117
-469
-627
686
422
-155
31
-40
493
-6
-901
441
968
-90
-183
-366
179
1058
-78
-710
108
346
241
121
-300
124
256
118
162
-777
-69
687
-170
-106
-103
-281
225
-306
-719
280
389
-416
-323
-191
-229
439
131
-549
-298
-170
123
-85
-496
-123
-373
-224
368
-323
-214
532
-21
-177
-268
-231
860
341
-659
-183
20
-34
74
-193
-181
-116
-489
-295
-110
-243
67
-176
-198
180
-237
191
917
-66
-222
574
453
498
416
42
289
285
152
377
140
142
16
123
266
-445
-16
167
-256
30
-73
-28
185
-171
-105
-123
-197
438
125
-264
-15
-122
107
428
-108
81
590
-37
-78
-90
-3
504
114
-377
-291
-217
-82
-7
-519
-617
-217
-416
-396
-36
219
183
-224
-370
47
1078
1182
85
-76
77
297
1071
743
47
226
81
-194
219
223
39
108
-498
-689
-73
9
29
-362
-1193
-824
-266
158
346
-477
-453
-103
-405
-96
219
-43
387
311
-432
-450
-99
559
645
-49
-316
317
369
-45
74
231
173
-222
-660
-425
210
512
69
-885
-817
-101
-15
161
341
-66
-207
-203
-619
-342
553
485
-368
-769
-415
219
509
432
2
-469
-233
270
518
574
337
19
-316
-410
229
650
502
127
-523
-475
-198
344
1057
158
-571
-65
67
253
330
179
138
-58
12
-67
381
748
-8
-345
-453
-285
404
267
-17
-188
-663
-654
-502
-244
198
94
-339
-529
-527
-212
54
-25
194
-103
-285
41
-193
162
353
-375
-507
-194
320
638
152
-258
-166
-23
-1
8
370
483
43
58
-142
-363
287
279
-186
-76
-118
263
397
-242
-40
211
197
368
-70
-236
150
268
152
-192
-110
178
133
5
-172
5
310
7
-197
81
61
9
63
-433
-466
43
3
54
-53
-183
113
-108
-219
192
160
9
-63
-164
-56
65
0
-45
52
-44
-147
-37
-100
-180
-159
-70
-68
-278
-179
-20
-68
-132
-268
-141
130
57
51
179
296
275
110
60
136
249
283
203
140
203
309
319
288
241
222
228
-13
74
483
423
264
54
-215
-105
2
40
-4
-150
-154
-315
-490
-337
-182
-303
-409
-435
-398
-91
83
-96
-113
10
-58
11
96
137
350
265
31
-19
48
290
432
197
-21
-104
-38
118
51
36
-57
-291
-217
-103
-77
-3
-78
-200
-49
-35
-124
60
111
-67
-96
-37
3
117
115
63
29
11
84
76
66
213
162
-33
-141
-244
-82
75
53
60
-18
-136
-99
41
94
45
20
-48
11
175
184
116
61
4
90
47
48
311
296
63
-61
-76
54
203
42
-113
-40
7
-163
-311
-165
4
6
-151
-346
-330
-101
-19
-229
-272
-47
59
-80
-195
-101
20
96
6
-121
121
358
187
-40
-109
-23
91
87
65
83
106
63
-100
-227
-65
196
223
84
-114
-85
78
20
-14
28
109
172
154
112
160
222
101
17
-71
-26
195
208
53
-12
-64
-117
-38
-7
60
127
25
-43
-106
-80
120
95
-47
-93
-139
-51
113
82
-22
-95
-133
-167
-130
93
102
-113
-137
-81
-92
-94
-3
-1
10
-42
-147
-105
28
79
28
-77
-117
35
106
39
54
87
0
-82
-11
61
77
89
-51
-84
-21
-33
1
38
-11
-44
71
106
42
44
27
20
80
96
45
32
79
26
-11
-4
-118
-95
33
8
-29
10
-2
-82
-94
-70
-41
-11
-38
-114
-133
-71
-29
-81
-64
-108
-76
56
10
4
62
-47
-106
-22
67
132
117
47
-42
-47
61
143
82
54
113
29
20
104
160
242
177
82
93
84
179
173
29
90
75
-28
40
86
32
17
56
-23
-86
28
58
12
-21
-67
-111
-128
-115
-49
81
-8
-147
-86
-77
-117
-65
-61
-38
-48
-156
-161
-77
-77
-102
-88
-50
72
64
64
105
21
-21
-8
2
45
105
103
55
8
-42
-116
-89
-13
12
-2
41
50
-64
-66
-36
-46
9
-27
-66
-25
31
82
5
-133
-117
81
155
72
34
47
-3
-51
-91
-121
-33
74
23
-74
-75
-85
-113
-119
-182
-129
52
53
18
-68
-149
-90
-57
-48
2
44
25
-42
-33
-40
-50
-4
-61
-119
11
58
-26
-35
-69
-134
-89
-35
-43
-15
-3
-87
-107
-90
-77
-25
-66
-114
-120
-24
8
-8
31
-13
-64
-28
122
152
71
61
80
104
105
67
117
114
71
101
62
102
150
72
26
30
73
131
144
40
0
62
51
32
87
193
148
68
41
41
30
31
47
20
28
84
54
54
76
49
19
-30
-4
9
40
94
1
-42
-30
-90
-94
-73
-96
-113
-93
-95
-71
-41
-59
-37
16
82
46
4
59
42
68
103
26
39
71
1
10
103
58
-10
-51
-86
-8
32
56
49
-24
20
96
67
60
65
81
81
55
72
109
115
97
83
63
126
182
119
107
109
68
59
61
88
79
43
50
42
-26
-51
-83
-78
-64
-60
-12
9
-11
-8
-4
-22
4
60
70
63
77
44
-20
-48
-42
-78
-46
29
61
93
57
-58
-130
-101
-87
-32
48
62
45
-43
-148
-137
-107
-82
-56
-72
-56
-94
-131
-120
-125
-125
-100
-76
-83
-73
-57
-95
-134
-123
-116
-84
41
76
31
1
-58
-174
-141
-28
52
137
157
21
-82
-56
-100
-130
-65
52
83
36
2
-45
-135
-231
-182
-126
-55
52
69
52
-55
-129
-163
-167
-70
38
71
95
63
-29
-85
-151
-211
-131
34
64
58
74
35
-36
-135
-124
0
46
94
165
115
50
14
-31
-19
-8
45
92
127
194
95
-19
-10
-49
-21
96
118
172
207
102
-8
-76
-51
37
67
89
131
130
130
44
-44
-14
-7
18
92
116
144
143
31
-50
-56
-29
1
46
96
83
85
43
-53
-95
-124
-73
-1
27
54
59
-5
-35
-49
-104
-129
-50
69
53
44
62
17
-44
-76
-100
-89
24
80
29
6
-12
-60
-82
-108
-93
-31
-28
-12
-15
-4
28
-22
-95
-89
-27
18
64
61
85
97
15
-9
23
42
106
93
39
89
105
56
16
-30
-44
-33
19
81
57
44
66
-27
-65
-23
-35
-19
-10
-38
-58
-53
-30
-38
-40
-40
-33
11
9
3
50
94
35
-51
-32
-3
-12
13
6
-30
-71
-92
-84
-80
-37
-39
-97
-103
-81
-44
-40
-61
-61
-43
0
19
48
48
-2
-16
8
23
66
85
77
50
17
16
-21
-28
-7
-7
25
66
74
38
19
-50
-111
-10
27
-6
21
-7
-20
24
-21
-69
-62
-60
-41
-5
38
42
-8
-15
-39
-92
-57
-1
-7
16
12
-25
-33
-75
-75
-24
-25
-22
20
-10
-3
18
-31
-35
13
35
35
40
32
45
22
24
75
52
52
73
42
22
43
30
21
21
-18
18
42
28
47
7
-38
-34
-47
-43
8
-26
-75
-50
-38
-24
-4
-11
-31
-54
-18
39
76
91
77
19
-22
-17
-13
-14
-18
-7
-62
-85
-5
12
-8
-34
-87
-83
-16
38
48
-26
-79
-38
-19
-45
-40
14
20
-6
-33
-49
-60
-38
-17
-45
-53
9
62
58
42
7
6
40
17
-9
52
119
102
94
61
-11
33
39
-31
1
67
96
108
80
52
34
17
-32
-65
-38
-15
9
4
5
-9
-49
-88
-143
-160
-130
-63
-28
-2
-5
-41
-58
-108
-117
-85
-67
-30
-7
20
18
-47
-77
-66
-91
-81
-33
-18
-9
-12
-44
-82
-83
-59
-52
-36
-32
-33
31
49
26
21
10
15
14
5
32
74
71
43
41
66
56
28
40
57
42
52
58
71
100
74
36
9
10
39
10
15
65
90
95
62
35
-2
-45
-21
8
4
23
30
-1
-37
-52
-61
-65
-44
-44
-67
-25
30
46
41
32
-6
-21
38
18
29
89
83
91
69
54
94
99
55
12
29
33
56
118
73
64
90
17
-4
2
47
109
74
56
69
76
69
41
33
29
52
58
43
69
122
124
75
26
27
40
15
20
43
27
63
93
54
49
12
-20
-12
-31
-12
28
43
59
38
-13
-35
-47
-26
13
7
34
65
82
83
34
25
28
1
8
40
45
24
-1
-29
-69
-89
-95
-84
-83
-111
-137
-133
-76
-87
-140
-169
-168
-157
-178
-141
-126
-148
-125
-127
-110
-94
-96
-58
-69
-102
-61
-16
-14
-31
-52
-61
-46
-36
-48
-28
-22
-23
-40
-83
-39
14
3
28
47
46
66
54
19
17
46
37
43
84
93
90
43
-32
-60
-70
-58
-45
-18
6
-45
-83
-113
-156
-176
-230
-228
-173
-179
-171
-161
-147
-163
-224
-247
-244
-235
-227
-178
-133
-130
-113
-126
-174
-177
-187
-207
-184
-181
-173
-102
-73
-103
-101
-89
-84
-73
-80
-50
23
38
65
114
131
164
174
160
180
228
263
268
281
281
319
354
339
391
420
397
430
439
447
462
437
456
462
467
506
496
472
482
477
473
465
429
432
450
439
435
447
454
423
372
348
288
241
254
242
240
242
215
208
171
87
39
-2
-52
-45
-20
-40
-73
-101
-174
-251
-327
-408
-442
-468
-510
-549
-556
-552
-574
-618
-670
-691
-658
-608
-521
-407
-321
-183
-41
54
189
354
479
629
783
883
1025
1162
1244
1300
1318
1324
1318
1277
1236
1125
1009
932
828
743
618
428
230
-12
-232
-411
-596
-772
-946
-1090
-1218
-1380
-1560
-1744
-1927
-2060
-2158
-2193
-2188
-2222
-2260
-2292
-2366
-2402
-2372
-2360
-2363
-2283
-2157
-2094
-2018
-1924
-1873
-1792
-1689
-1571
-1411
-1231
-1048
-904
-756
-596
-451
-253
-95
39
245
409
569
739
864
1029
1147
1212
1350
1486
1571
1672
1752
1810
1860
1912
1985
2020
2043
2067
2056
2057
2091
2089
2037
2011
1995
1961
1939
1895
1835
1781
1702
1615
1569
1522
1462
1429
1387
1301
1217
1133
1028
927
852
808
763
686
617
587
507
385
297
208
112
72
52
29
8
-70
-163
-224
-283
-313
-346
-408
-419
-423
-442
-468
-508
-513
-551
-604
-588
-586
-592
-579
-605
-597
-577
-595
-590
-587
-599
-602
-621
-620
-581
-567
-566
-547
-554
-559
-529
-535
-550
-512
-497
-487
-452
-434
-419
-422
-430
-407
-414
-426
-406
-380
-351
-341
-318
-309
-326
-308
-312
-322
-293
-271
-220
-162
-149
-141
-125
-144
-159
-165
-155
-84
-53
-42
2
13
24
7
-27
-28
-30
-2
59
62
57
94
82
61
81
82
81
93
106
135
172
218
238
190
191
214
200
202
188
187
196
180
188
211
201
230
213
145
154
179
190
213
226
219
249
266
243
238
230
229
231
204
208
232
252
272
233
193
181
155
173
176
151
177
179
134
125
133
105
71
60
42
67
122
113
94
72
33
37
31
23
38
25
32
55
46
39
22
-2
-2
-19
-22
27
43
15
-8
-18
2
18
-9
-28
-33
-18
-6
-36
-42
-12
-12
-18
-17
-20
7
8
-12
1
1
-1
11
9
14
35
60
47
17
6
12
34
14
0
29
28
34
45
27
18
5
-16
-10
14
42
48
25
35
43
20
25
15
-5
8
9
6
26
21
-6
-22
-23
-7
-14
-29
-39
-50
-38
-11
-18
-46
-52
-66
-60
-23
-35
-59
-36
-43
-44
-23
-30
-26
-37
-48
-31
-44
-37
-5
-25
-47
-43
-44
-40
-44
-59
-44
-7
-4
-9
1
-16
-14
-16
-22
20
30
23
38
23
32
31
0
-2
1
14
37
17
3
24
9
-25
-27
-28
-39
-32
-16
-10
-38
-54
-43
-51
-50
-28
-14
-15
-18
-12
-22
-16
1
-8
6
25
26
37
24
-2
-8
-23
-30
-4
19
59
80
49
46
37
20
31
37
62
81
67
94
115
75
65
78
54
46
63
92
120
104
84
88
93
114
98
56
57
53
58
76
61
44
37
35
16
-19
-3
17
-3
23
40
19
42
46
13
3
3
27
54
57
71
60
49
56
32
22
43
52
49
38
35
56
56
30
18
4
-1
6
-9
-2
33
13
-12
-6
-27
-17
-18
-54
-45
-41
-32
-11
-36
-42
-37
-68
-79
-92
-106
-101
-113
-122
-121
-137
-146
-155
-186
-194
-174
-159
-175
-184
-163
-176
-176
-137
-149
-161
-132
-144
-159
-144
-153
-149
-133
-133
-126
-125
-116
-105
-127
-133
-115
-103
-83
-56
-27
0
4
-17
-15
5
24
31
32
55
75
76
64
55
58
47
22
16
36
55
67
59
46
55
69
63
36
34
58
66
71
72
80
107
90
55
53
51
53
61
37
49
72
52
58
60
37
35
13
5
27
29
37
30
14
25
38
27
18
13
6
17
13
7
37
41
6
-11
-15
-10
-16
-25
-28
-43
-22
2
-16
-19
-14
-20
-9
3
5
14
30
37
24
20
40
35
19
11
5
9
4
-4
-21
-45
-38
-30
-55
-54
-39
-56
-57
-49
-47
-25
-14
-19
-21
-23
-4
1
-17
-9
7
1
3
4
-9
-5
4
-2
-5
-2
4
5
0
-1
1
8
17
5
0
14
13
0
-10
1
16
10
6
8
11
9
-15
-23
-11
-21
-17
0
0
8
12
-8
-15
-4
3
12
12
9
13
28
28
15
23
24
14
13
20
24
23
27
27
29
31
29
37
21
6
29
29
33
51
42
32
36
34
25
17
16
23
33
27
14
26
21
11
8
-10
-3
1
-18
-16
-2
5
7
-6
-19
1
19
0
-16
-5
17
34
35
37
44
36
26
21
22
24
26
20
8
4
12
19
-4
-13
-5
-11
-8
-9
-19
-9
0
-1
9
22
29
22
8
-1
-2
17
22
21
38
33
21
27
22
0
-7
4
21
35
33
30
34
25
4
-4
13
26
11
8
15
14
7
-4
-14
-16
-4
-3
-11
-10
-10
-19
-25
-20
-13
-13
-10
-22
-39
-30
-36
-45
-29
-32
-41
-32
-28
-26
-31
-42
-38
-29
-32
-21
0
3
-1
-16
-26
-12
0
6
0
-13
-7
7
12
5
-5
-8
-13
-11
-2
5
3
1
2
-8
-11
-4
-5
-18
-28
-22
-13
-5
-6
-21
-22
-17
-17
-6
-2
-2
8
6
6
12
5
3
-2
-1
8
8
10
9
-2
-5
-5
-19
-23
-6
-1
-8
-1
3
3
7
-1
-6
-1
3
2
4
7
3
-8
-4
-4
-11
-11
-11
-11
-5
-5
1
14
11
8
18
26
34
36
26
32
47
48
44
43
42
34
24
28
32
25
18
13
11
9
9
7
-3
-6
5
13
12
17
17
16
17
13
19
28
28
32
27
21
19
17
13
5
-6
-2
7
-4
-17
-19
-13
-14
-22
-22
-12
-6
-3
-8
-13
-3
2
0
0
7
14
11
1
-3
4
1
-8
-14
-17
-18
-16
-22
-33
-38
-41
-39
-41
-42
-42
-43
-42
-51
-50
-35
-34
-33
-27
-25
-14
-2
-7
-9
-3
1
14
14
8
18
18
17
9
0
0
-7
-8
-7
-20
-20
-18
-21
-23
-36
-39
-32
-30
-24
-20
-21
-7
3
-11
-17
-5
8
12
7
8
23
28
20
10
8
22
20
5
9
13
14
12
-10
-15
-1
5
14
7
-5
7
7
-3
0
0
9
17
7
10
21
18
8
-8
-10
-3
-5
4
0
-15
0
-2
-25
-25
-28
-24
-9
-14
-11
0
0
0
-4
-5
0
5
9
3
7
23
21
11
0
-6
2
6
1
-6
-7
-9
-19
-26
-21
-18
-25
-35
-43
-39
-30
-36
-39
-38
-38
-23
-19
-21
-9
-5
-13
-13
-2
15
26
21
14
10
14
20
18
14
16
16
12
7
7
12
10
6
5
4
9
15
7
0
-1
-2
-2
-1
1
-1
-7
-14
-22
-30
-31
-31
-36
-41
-31
-26
-35
-39
-38
-46
-50
-49
-49
-36
-23
-15
-16
-16
-14
-22
-26
-22
-23
-20
-6
2
1
-3
-8
-11
-20
-27
-16
-7
-7
-4
1
-2
-8
-12
-13
-12
-11
-6
-5
-8
0
6
-1
-4
-3
3
7
1
0
9
12
12
12
13
26
35
27
22
26
33
39
38
38
43
50
50
44
39
41
40
33
25
20
24
21
10
3
-3
-7
-11
-18
-22
-17
-15
-16
-20
-21
-17
-13
-9
-11
-13
-3
3
3
7
9
14
16
13
20
26
29
32
27
23
29
35
38
40
39
36
36
36
32
32
30
30
32
33
32
30
23
12
8
8
11
16
15
11
7
0
-5
-6
-6
-12
-16
-13
-12
-14
-21
-30
-34
-35
-35
-30
-24
-24
-21
-23
-27
-15
-4
-1
3
-1
3
14
12
8
3
1
6
0
-1
6
-3
-12
-22
-34
-27
-18
-29
-33
-34
-29
-21
-27
-35
-36
-35
-34
-30
-22
-10
-11
-18
-22
-21
-8
-1
-10
-10
-4
2
13
16
13
9
3
1
7
15
20
18
13
7
7
10
9
4
0
-3
-4
6
8
0
-7
-11
-14
-11
-7
-8
-6
-8
-11
-7
-6
-7
-9
-12
-9
-8
-3
3
1
-2
-4
-3
0
3
4
3
1
3
3
1
0
-1
2
3
5
5
9
7
2
1
-3
6
15
17
20
20
20
22
14
12
13
11
16
20
15
21
22
9
5
6
7
9
9
12
14
15
15
12
10
13
11
9
7
12
11
11
8
-1
2
4
0
-5
-11
-12
-11
-14
-14
-8
-6
-8
-6
-10
-9
-2
-8
-13
-9
-2
5
5
2
0
-6
-10
-13
-15
-14
-13
-13
-15
-14
-14
-20
-28
-36
-36
-29
-26
-24
-22
-22
-20
-19
-20
-18
-16
-14
-8
-4
1
2
0
0
-2
-1
0
-3
-6
-5
-9
-14
-13
-12
-13
-12
-15
-17
-15
-18
-20
-20
-20
-15
-8
-5
-7
-6
-6
-5
-7
-12
-9
-6
-6
-8
-10
-10
-16
-23
-28
-30
-26
-26
-28
-33
-35
-33
-35
-37
-33
-25
-17
-12
-9
-5
2
2
2
9
18
28
33
32
33
35
35
27
21
22
27
31
26
18
15
14
10
4
3
8
15
13
10
14
19
22
17
16
25
36
40
42
41
42
46
40
35
41
42
42
39
35
36
35
29
23
18
19
24
24
21
21
21
20
19
16
15
19
20
12
10
14
12
7
2
-4
-3
-2
-6
-13
-18
-15
-13
-17
-18
-13
-12
-11
-9
-7
2
9
5
5
13
22
29
28
27
33
35
38
41
41
42
43
37
35
37
41
41
34
32
33
35
32
23
17
19
20
16
13
14
14
11
4
-3
-2
0
-3
-7
-7
-6
-8
-16
-23
-20
-19
-22
-23
-24
-26
-25
-28
-29
-29
-28
-26
-23
-20
-17
-16
-19
-21
-18
-14
-11
-10
-11
-11
-11
-11
-16
-14
-18
-23
-25
-31
-28
-27
-33
-38
-40
-39
-38
-41
-46
-45
-44
-44
-41
-38
-32
-26
-32
-34
-25
-18
-11
-10
-12
-5
2
3
3
2
3
6
2
4
9
11
8
0
-6
-2
3
2
-1
-8
-1
2
1
-1
-4
-2
-6
-7
-5
-1
2
-2
-9
-13
-10
-8
-10
-16
-17
-13
-9
-6
-7
-3
-4
-2
1
7
14
19
20
23
29
33
38
38
37
39
42
40
41
39
39
36
29
27
23
18
15
10
5
4
0
-4
-7
-9
-9
-9
-11
-14
-13
-12
-12
-13
-15
-17
-17
-17
-15
-14
-15
-17
-22
-23
-26
-29
-31
-32
-32
-30
-28
-29
-31
-32
-34
-34
-31
-27
-23
-20
-17
-13
-12
-12
-10
-12
-10
-5
-2
2
4
3
2
2
3
5
4
2
2
3
5
8
7
5
6
7
7
12
13
14
14
15
18
21
25
28
29
28
29
32
35
35
35
37
39
40
39
38
37
33
28
26
25
24
25
19
15
13
9
8
3
2
0
-1
-1
-4
-4
-2
-4
-7
-8
-8
-4
-2
-1
0
2
0
-1
2
4
6
6
5
7
11
12
9
8
7
6
5
2
2
1
-4
-11
-16
-19
-19
-23
-28
-31
-35
-39
-40
-43
-45
-44
-46
-47
-46
-44
-39
-35
-36
-35
-30
-25
-20
-17
-16
-11
-8
-4
2
5
9
10
10
10
14
18
18
16
16
19
19
16
12
6
5
2
-2
-2
-4
-7
-11
-18
-20
-20
-23
-25
-27
-28
-23
-22
-22
-23
-23
-20
-17
-14
-9
-2
0
2
3
7
13
14
16
18
20
24
26
24
24
27
28
30
30
31
33
32
30
30
32
34
35
34
34
34
32
30
29
27
25
23
21
19
17
15
10
7
4
1
1
-2
-5
-9
-8
-10
-10
-10
-14
-15
-17
-16
-14
-14
-14
-12
-11
-12
-12
-12
-12
-12
-10
-11
-10
-8
-8
-10
-12
-12
-13
-10
-12
-13
-12
-11
-11
-11
-10
-9
-6
-7
-9
-7
-5
-3
-4
-3
-3
-1
-1
-2
-4
-3
-4
-7
-9
-10
-10
-10
-11
-13
-14
-13
-12
-13
-12
-12
-11
-12
-10
-8
-6
-6
-7
-7
-7
-7
-5
-5
-7
-9
-9
-12
-12
-12
-17
-18
-19
-20
-19
-21
-19
-20
-19
-20
-20
-16
-13
-9
-8
-5
-1
1
4
5
6
8
11
13
14
15
15
14
14
11
12
12
11
9
6
7
7
4
3
0
1
2
3
2
-1
1
1
1
2
4
6
6
5
4
6
6
8
4
4
7
6
5
1
1
1
0
-2
-5
-3
-3
-6
-9
-11
-13
-12
-13
-16
-15
-15
-15
-17
-19
-20
-17
-16
-18
-17
-14
-12
-12
-15
-13
-12
-10
-8
-8
-6
-4
-3
-4
-3
-2
0
0
-2
1
2
2
3
1
2
5
7
8
12
14
16
16
16
18
20
23
23
25
26
27
27
27
24
23
23
20
19
19
17
16
13
9
6
5
4
2
1
1
1
1
0
1
1
3
3
5
7
9
10
11
11
11
11
10
10
7
5
3
2
0
-3
-6
-8
-11
-13
-15
-16
-17
-16
-16
-15
-11
-8
-5
-3
1
3
6
11
15
18
21
22
23
25
25
24
22
21
18
16
14
10
7
4
-1
-3
-7
-11
-14
-17
-19
-20
-21
-22
-22
-23
-23
-23
-23
-21
-19
-17
-16
-14
-13
-10
-8
-8
-6
-7
-7
-5
-6
-5
-6
-6
-4
-4
-3
-3
-2
-1
-2
-1
0
1
3
5
7
10
14
14
14
15
17
19
20
20
21
23
23
21
19
18
16
14
11
9
8
6
4
0
-2
-6
-8
-10
-13
-13
-15
-17
-17
-18
-16
-16
-15
-15
-12
-9
-7
-5
-3
-1
2
4
5
8
11
13
14
14
13
13
11
9
6
5
4
2
-1
-4
-7
-8
-10
-14
-16
-18
-20
-20
-24
-25
-26
-27
-29
-31
-31
-32
-31
-31
-29
-27
-26
-23
-22
-19
-15
-12
-9
-6
-3
1
5
8
10
13
15
16
17
17
19
19
19
17
16
16
15
13
10
10
9
6
3
-1
-3
-5
-8
-9
-11
-13
-15
-16
-17
-18
-17
-16
-16
-14
-12
-9
-9
-8
-5
-6
-3
-1
-1
1
2
2
3
2
3
4
2
3
5
8
8
10
11
12
15
16
18
19
20
21
22
24
24
24
22
20
19
19
20
19
18
18
18
18
17
17
17
16
16
15
15
14
12
11
11
10
10
11
10
