SAMPLES:	16777
BITSPERSAMPLE:	16
CHANNELS:	1
SAMPLERATE:	16000
NORMALIZED:	FALSE
-8
-11
8
-6
7
2
-2
1
-3
-8
-3
-8
8
-2
14
15
17
19
17
10
16
11
4
14
8
10
11
15
4
16
-3
-1
3
-11
1
-10
-3
-1
-6
1
-1
1
-2
2
-9
10
-6
2
5
0
8
5
6
6
11
-1
7
4
3
4
-1
-1
0
-8
-2
-12
-1
-11
-11
-11
-11
-17
-14
-16
-18
-5
-21
-6
-6
-4
2
1
10
15
10
19
8
18
9
7
12
8
13
9
14
11
12
6
-1
-1
-5
-9
-7
-7
-5
-7
-6
-7
-7
-12
-18
-22
-19
-29
-21
-18
-17
-1
-12
8
-1
10
-3
1
0
-2
4
3
14
14
19
16
13
12
4
-8
1
-17
-1
-8
-3
1
3
0
-4
-5
-16
-17
-25
-25
-31
-21
-26
-18
-16
-16
-12
-21
-13
-30
-18
-21
-23
-6
-7
2
6
5
4
1
-2
-10
-8
-4
-8
0
5
0
12
0
6
0
-5
-3
-12
-5
-10
-10
-8
-9
-17
-6
-23
-10
-17
-20
-13
-16
-9
-5
-8
3
-1
-1
2
-7
4
1
0
9
11
9
15
3
9
6
-2
4
3
11
14
13
19
14
16
5
1
3
-4
-8
-3
-7
-4
3
-7
7
-1
-2
-1
-4
2
-3
4
10
13
21
20
22
26
12
11
3
6
8
-2
22
3
24
16
8
17
5
0
-4
2
-6
6
0
2
7
9
-5
11
-4
0
4
-11
10
-2
6
10
10
13
16
11
19
16
15
18
15
17
15
17
6
17
4
1
11
-1
1
11
-12
11
-3
-6
-4
-6
-8
-3
-4
-2
6
0
6
-1
7
-3
-3
5
-4
13
6
18
18
21
22
15
18
13
4
8
5
3
10
6
5
7
1
-2
-7
-3
-22
-9
-15
-17
-6
-12
-9
-5
-9
-13
-7
-14
-7
-12
-2
-1
4
9
7
15
8
20
6
17
13
6
18
11
8
17
-1
7
0
-6
-5
-10
-14
-7
-19
-12
-10
-25
-7
-32
-9
-28
-19
-15
-24
-3
-16
-9
-4
-13
-6
-11
-6
-4
0
9
3
16
13
10
20
4
11
5
3
10
3
12
9
7
10
1
-5
-4
-15
-19
-13
-23
-12
-13
-7
-3
-5
-2
-11
-7
-19
-13
-22
-13
-10
-11
6
0
10
7
3
4
-2
-5
-3
-3
8
7
14
19
13
16
3
5
-9
-4
-12
-11
-1
-9
3
-6
2
-6
-4
-9
-9
-11
-9
-13
-6
-10
-11
-10
-14
-8
-17
-5
-7
-2
2
2
0
5
-1
-5
5
-4
9
7
17
14
25
15
10
13
-2
3
0
0
9
5
16
11
13
6
1
-9
-15
-14
-27
-12
-17
-17
-1
-10
-8
0
-15
-11
-9
-23
-8
-8
-4
9
9
14
22
13
24
9
14
8
3
9
4
14
9
18
13
14
11
7
-2
0
-10
-18
-3
-23
-7
-11
-19
-6
-19
-16
-18
-19
-16
-17
-11
-9
-7
0
-2
8
4
13
11
11
21
10
21
11
14
11
12
3
12
5
8
7
5
9
0
3
-5
-10
-12
-16
-17
-14
-17
-13
-12
-9
-14
-8
-12
-12
-4
-12
-5
0
-6
8
-3
12
3
10
9
6
15
6
18
11
15
18
14
16
20
16
15
17
13
15
8
5
4
-5
-6
-12
-15
-7
-13
-5
-10
-2
-4
1
-3
-4
3
-5
2
0
7
2
16
8
10
12
7
5
8
-1
5
8
7
17
14
20
18
22
10
14
1
8
2
-6
13
-9
10
6
-5
8
-9
-3
-16
-8
-20
-8
-13
-6
2
-6
9
1
3
6
-5
7
-1
5
10
10
14
16
12
13
8
9
5
-1
4
-6
4
-6
8
-4
7
4
6
5
5
5
5
2
3
-3
3
0
-4
-1
-8
-4
-11
-2
-17
0
-11
-7
2
-7
5
-1
10
6
8
13
9
6
9
-1
-2
-4
-15
-10
-15
-8
-7
-7
2
-8
0
-9
-13
-8
-14
-11
0
-5
6
4
6
3
-3
-6
-11
-12
-12
-6
-6
4
1
5
-3
4
-9
-5
-5
-14
4
-12
2
3
-10
0
-14
-18
-15
-26
-15
-16
-9
-2
2
7
4
12
0
3
6
-5
5
0
-1
7
-7
9
-9
1
-3
-12
0
-14
3
-8
1
5
-3
7
0
-3
4
-11
1
-4
-7
-2
-10
0
-14
-3
-9
-15
-2
-19
-3
-11
-3
-1
0
5
7
6
6
6
2
8
-3
10
0
5
4
0
4
-4
-2
-2
-5
4
6
6
12
12
7
6
4
-7
-1
-9
-11
4
-11
9
1
-2
8
-10
-2
-10
-13
-8
-11
-3
-3
5
0
5
8
-2
10
4
4
16
5
16
16
6
25
-1
20
9
11
21
9
24
12
14
8
-3
-4
-17
-16
-16
-20
-11
-11
-10
-6
-11
-11
-11
-20
-16
-21
-18
-15
-11
-12
-3
-11
-2
-4
-9
7
1
8
22
12
31
22
23
27
13
15
12
0
9
1
5
4
9
4
13
7
6
11
-3
4
-5
-7
-15
-9
-19
-8
-13
-9
-6
-6
0
-1
3
0
11
4
10
12
9
14
18
17
24
24
26
32
20
26
16
9
1
-3
-14
-19
-15
-27
-11
-15
-9
1
-7
2
-1
0
-7
3
-12
-5
-6
-10
-9
-12
-19
-18
-22
-27
-11
-26
-3
1
4
22
22
19
29
11
13
7
-9
-3
-9
-16
-7
-13
-8
-11
-7
-11
-7
-6
-9
2
-10
8
-3
5
3
4
1
-2
-2
-4
-7
-5
-7
-6
-4
0
4
2
11
9
10
11
9
13
3
9
6
-1
7
-8
6
-8
-2
4
1
12
15
19
17
27
16
21
17
13
19
9
17
13
12
10
6
-1
0
-13
-8
-15
-9
-6
-2
7
6
23
7
25
12
10
9
-3
-1
-11
-7
-12
-7
-2
-2
6
5
9
14
5
12
6
9
7
9
5
13
2
7
8
-10
7
-16
-5
-16
-13
-16
-16
-18
-17
-13
-20
-9
-12
-9
0
-3
6
3
1
6
-2
-3
-1
-3
1
5
9
10
4
8
-5
-6
-13
-14
-8
-18
-1
-7
0
-3
-3
-9
-9
-18
-10
-14
-14
-3
-11
1
-4
1
1
-2
4
-2
0
-1
-1
1
-2
7
7
12
19
17
27
15
19
6
5
-10
-6
-17
-7
-7
-2
8
4
13
4
5
-6
-4
-14
-11
-13
-8
-4
-4
2
2
9
2
13
9
9
16
0
5
-6
-15
-9
-17
-12
2
3
12
17
6
10
-11
-20
-25
-38
-32
-28
-20
-8
0
11
11
21
16
22
21
14
23
8
3
-1
-24
-18
-33
-23
-21
-6
5
23
29
34
35
20
16
-1
-8
-18
-16
-23
-13
-16
-13
-5
-15
-8
-5
-15
4
-7
7
8
6
15
6
14
9
19
10
24
7
18
6
5
7
0
8
10
17
25
26
29
16
17
-2
-11
-15
-34
-17
-36
-14
-18
-12
3
-4
11
10
11
15
11
-1
1
-18
-20
-33
-34
-29
-24
-5
4
19
27
31
31
26
17
15
5
10
3
12
11
7
12
-7
-5
-21
-23
-24
-26
-11
-6
3
13
8
10
0
-4
-15
-15
-23
-19
-21
-24
-16
-23
-18
-16
-18
-6
-2
4
21
19
27
24
19
9
9
-4
-2
-1
-1
11
10
15
16
4
10
2
-4
5
-1
9
8
6
6
-11
-16
-32
-41
-41
-42
-30
-18
-5
8
19
11
22
5
-2
-9
-21
-24
-23
-24
-10
-1
12
32
36
53
49
53
37
23
7
-17
-25
-41
-36
-34
-15
2
19
37
39
44
28
15
-6
-24
-42
-47
-58
-46
-44
-26
-12
2
23
23
44
29
37
24
2
3
-26
-25
-28
-31
-8
-6
13
26
32
44
41
45
35
35
29
25
22
20
14
10
2
-8
-17
-25
-30
-29
-24
-18
-5
2
12
15
12
13
3
-4
-13
-22
-30
-36
-41
-44
-41
-38
-24
-12
4
22
34
51
54
60
52
40
30
5
-1
-20
-24
-20
-23
4
1
33
31
39
44
19
24
-8
-21
-35
-60
-61
-73
-72
-61
-50
-31
-13
6
19
25
22
11
-4
-23
-40
-44
-52
-33
-19
6
34
52
70
70
68
54
41
23
10
-1
-6
-11
-12
-8
-12
-3
-2
3
10
17
13
16
2
-5
-21
-32
-34
-41
-25
-25
-9
-9
-8
-10
-25
-21
-36
-19
-12
11
39
56
73
77
71
49
31
4
-11
-24
-29
-25
-14
-6
16
21
37
49
48
65
46
47
20
-6
-40
-68
-92
-107
-91
-80
-41
3
24
66
64
60
47
-1
-13
-56
-65
-68
-63
-37
-12
17
46
60
74
65
61
26
13
-28
-48
-62
-72
-53
-40
2
31
59
81
77
59
29
-19
-58
-96
-115
-117
-98
-68
-28
13
43
64
70
56
42
8
-16
-44
-60
-60
-55
-35
-8
15
42
54
63
54
40
18
-15
-26
-52
-54
-41
-38
0
17
41
59
57
56
30
19
-15
-26
-35
-42
-23
-20
5
11
25
21
18
8
-1
-5
-9
7
7
32
42
49
63
47
44
25
1
-10
-32
-39
-39
-42
-25
-15
0
19
32
38
49
37
31
15
-8
-27
-47
-61
-64
-66
-49
-43
-24
-7
-7
11
-5
-3
-12
-18
-18
-14
-3
2
15
16
12
7
-5
-23
-26
-42
-38
-31
-22
1
14
32
40
46
41
34
16
7
-14
-25
-31
-43
-35
-32
-29
-11
-14
5
-3
7
1
1
4
1
13
13
30
25
34
25
14
10
-14
-10
-22
-12
-2
12
37
45
60
58
48
38
17
-1
-10
-22
-10
-11
16
28
44
58
48
50
25
8
-10
-36
-43
-56
-47
-46
-25
-12
6
20
30
35
34
24
14
-12
-25
-49
-55
-61
-57
-47
-34
-16
-2
11
15
19
14
12
13
20
28
41
49
51
51
41
23
4
-21
-30
-52
-35
-37
-13
8
22
50
50
68
57
56
35
18
-10
-41
-59
-92
-100
-110
-99
-82
-48
-19
26
44
74
78
73
59
44
13
2
-23
-35
-40
-50
-34
-38
-21
-4
7
28
43
45
56
38
31
14
-7
-14
-25
-28
-20
-12
1
12
12
17
0
-2
-17
-20
-23
-23
-13
-15
8
2
17
16
8
12
-2
0
-12
-14
-22
-25
-30
-21
-20
-4
-1
11
16
23
22
27
24
20
27
17
33
26
34
24
16
9
-6
-14
-16
-22
-17
-4
-3
17
14
15
10
-6
-20
-25
-44
-37
-41
-38
-26
-30
-17
-29
-28
-32
-36
-32
-24
-8
3
30
35
52
52
52
47
31
28
15
17
3
16
2
10
6
-1
3
-5
2
5
3
10
13
-9
4
-24
-27
-36
-51
-40
-48
-38
-35
-38
-32
-40
-39
-46
-36
-40
-25
-17
-2
13
21
30
34
41
31
44
26
40
21
19
9
-4
-6
-26
-21
-24
-20
-9
-1
4
20
11
17
7
4
1
-17
-10
-31
-22
-36
-35
-29
-36
-19
-21
1
13
32
43
45
53
46
33
26
11
1
-10
-20
-19
-19
-10
3
13
34
55
62
74
69
54
26
-10
-46
-72
-100
-107
-90
-76
-31
9
43
82
92
92
77
46
20
-24
-57
-86
-106
-115
-108
-96
-61
-32
12
48
77
104
106
94
79
44
18
-18
-34
-40
-38
-25
-5
14
31
39
40
33
27
19
4
9
5
12
17
21
24
22
8
-10
-33
-63
-92
-111
-127
-116
-99
-64
-16
40
85
133
145
149
117
65
12
-57
-104
-139
-155
-144
-104
-62
8
64
120
160
170
183
155
130
75
25
-36
-80
-116
-135
-130
-116
-81
-45
-2
40
64
72
76
52
36
14
-8
-22
-30
-37
-30
-30
-14
-6
-6
10
13
24
43
53
72
77
88
81
75
62
46
17
-9
-35
-58
-73
-78
-72
-65
-39
-10
22
57
88
103
93
92
55
28
-12
-39
-67
-93
-85
-74
-63
-25
-15
7
15
22
31
15
19
-2
-14
-33
-26
-42
-29
-28
-13
2
17
51
49
59
49
27
4
-26
-39
-70
-82
-76
-75
-46
-17
11
33
43
53
45
33
22
-9
-29
-55
-65
-70
-75
-58
-56
-37
-21
0
18
23
37
29
18
21
0
8
-8
-6
1
-8
17
1
16
3
-5
-10
-28
-25
-32
-27
-16
-2
23
43
60
75
77
71
61
37
16
-13
-37
-64
-75
-83
-81
-72
-56
-26
-10
22
33
47
54
39
37
10
-11
-22
-51
-53
-53
-56
-37
-34
-7
10
24
41
45
41
38
21
6
-11
-24
-40
-49
-48
-39
-32
-17
-11
-6
-10
-13
-10
-25
-17
-26
-18
-13
9
19
32
38
38
29
18
20
2
0
-5
-7
1
15
27
40
40
50
54
43
56
43
25
14
-8
-25
-31
-44
-48
-50
-47
-25
-18
3
20
22
19
21
16
5
-6
-22
-44
-60
-68
-79
-75
-77
-55
-47
-12
25
55
79
97
96
83
67
39
4
-35
-54
-84
-86
-76
-61
-44
-24
-2
11
23
30
29
9
7
-9
-18
-16
-13
-11
-8
22
26
49
61
64
61
48
48
35
24
25
18
16
22
37
37
38
44
20
14
-1
-6
-19
-24
-22
-25
-19
-3
7
8
17
30
22
41
47
51
45
45
26
18
-1
-8
-18
-35
-14
-18
4
22
33
37
31
27
6
-15
-36
-63
-86
-102
-100
-103
-90
-64
-51
-18
8
41
55
65
67
51
36
24
8
-14
-12
-21
-6
6
28
47
42
59
38
40
19
11
-10
-35
-30
-41
-38
-27
-23
-18
-8
4
12
14
14
11
-2
-2
5
1
4
21
18
31
41
45
44
27
14
-4
-26
-27
-41
-55
-50
-53
-35
-35
-5
-3
3
22
30
40
47
40
34
13
2
-3
-33
-26
-41
-38
-27
-5
14
30
33
46
29
32
23
6
-5
-26
-26
-40
-30
-33
-38
-48
-43
-46
-38
-24
-18
-1
11
34
53
68
76
76
63
49
41
14
3
-22
-47
-53
-71
-64
-64
-62
-44
-40
-16
8
13
38
31
29
25
16
9
-1
0
-14
-2
-6
7
16
4
18
6
-9
7
-13
-9
-8
-17
0
0
10
25
23
29
31
29
17
20
1
-14
-12
-33
-19
-21
-9
6
8
27
28
31
26
13
2
-14
-30
-41
-52
-64
-64
-72
-57
-55
-34
-18
1
14
34
40
37
29
9
-19
-38
-54
-68
-70
-61
-40
-22
9
35
53
50
63
58
33
39
17
-6
-12
-22
-27
-30
-28
-17
-20
-18
10
1
5
12
5
-5
-5
-2
-16
-21
-23
-27
-38
-32
-25
-37
-29
-15
-5
8
34
45
52
48
64
45
46
36
22
12
2
16
-7
4
-16
-25
-42
-47
-56
-51
-58
-41
-36
-24
3
-4
12
3
-3
-3
-1
4
10
10
28
18
39
46
35
39
15
20
6
-4
13
-16
-8
-3
-2
16
20
43
33
41
40
34
25
16
11
3
4
24
29
47
51
49
47
34
29
16
-7
-12
-21
-30
-12
-22
-17
-18
-37
-24
-35
-27
-25
-18
-17
-3
2
12
18
12
16
13
14
20
27
17
16
17
3
15
9
9
13
-1
7
-2
-25
-28
-56
-77
-81
-86
-80
-65
-51
-31
-12
-5
25
15
27
34
31
45
51
56
67
49
56
41
23
19
-4
-20
-30
-40
-45
-43
-46
-32
-25
-14
10
17
29
36
27
28
14
7
0
0
3
19
26
51
51
60
54
35
27
3
-4
-20
-28
-25
-29
-26
-20
-24
-21
-22
-18
-19
-17
-8
-15
-5
-11
-2
-1
-1
17
23
32
54
56
67
60
58
46
32
16
7
-12
-24
-26
-42
-43
-51
-49
-57
-53
-49
-49
-47
-39
-43
-45
-41
-48
-39
-48
-30
-21
-17
5
10
12
22
19
11
5
-7
-15
-26
-36
-29
-44
-27
-32
-9
-11
11
28
13
36
14
5
-7
-33
-40
-66
-68
-65
-68
-46
-34
-15
-3
8
18
7
6
2
-27
-22
-36
-33
-26
-24
-1
2
24
35
45
35
42
23
11
-4
-13
-27
-24
-21
-18
12
18
49
52
64
72
59
60
46
28
21
7
8
6
18
32
42
63
76
90
94
102
95
77
82
59
57
49
45
55
46
73
74
78
93
84
87
68
68
53
37
31
27
8
19
11
17
14
21
28
22
25
24
8
-5
-14
-36
-59
-73
-81
-102
-101
-103
-100
-98
-96
-87
-90
-91
-77
-85
-88
-80
-88
-89
-98
-98
-113
-118
-124
-125
-127
-138
-121
-132
-134
-116
-127
-122
-113
-124
-106
-119
-108
-96
-117
-92
-100
-92
-77
-70
-57
-43
-29
-8
4
24
42
59
67
94
104
123
144
146
169
173
183
192
202
201
222
213
246
237
263
276
278
297
301
316
308
324
308
315
295
302
289
275
280
272
258
268
268
256
262
250
249
234
223
219
198
185
183
163
148
139
126
102
84
74
48
37
18
11
-12
-21
-28
-49
-64
-83
-96
-133
-153
-173
-215
-243
-274
-311
-341
-376
-392
-427
-446
-453
-469
-479
-478
-479
-485
-483
-479
-477
-480
-470
-469
-459
-451
-436
-424
-417
-404
-402
-408
-417
-435
-455
-482
-509
-519
-541
-536
-531
-514
-488
-465
-429
-397
-388
-349
-337
-321
-286
-249
-197
-126
-37
74
190
329
470
608
734
866
980
1048
1142
1187
1217
1233
1233
1221
1193
1166
1124
1068
1008
947
877
788
720
634
546
467
413
345
299
265
240
223
227
240
254
261
293
306
307
323
320
309
284
263
227
188
159
120
66
19
-30
-93
-156
-221
-285
-369
-437
-500
-559
-599
-645
-662
-698
-696
-694
-704
-692
-690
-693
-695
-712
-709
-719
-720
-719
-713
-702
-676
-662
-646
-645
-646
-668
-697
-732
-765
-800
-837
-849
-860
-837
-830
-797
-787
-759
-741
-742
-730
-727
-712
-689
-668
-607
-548
-463
-380
-317
-232
-198
-149
-140
-130
-102
-72
5
130
313
564
836
1143
1445
1725
1955
2107
2170
2164
2061
1902
1693
1469
1257
1053
881
733
632
552
478
407
302
202
56
-103
-270
-440
-577
-702
-771
-785
-739
-626
-476
-298
-88
124
322
482
635
726
788
788
762
723
660
601
527
449
405
355
303
247
178
113
3
-105
-209
-318
-396
-466
-511
-510
-467
-374
-281
-151
-7
122
228
326
389
421
427
394
356
329
309
292
262
242
236
190
125
48
-72
-201
-353
-496
-624
-721
-787
-866
-877
-866
-801
-734
-667
-577
-489
-420
-367
-348
-335
-350
-392
-445
-484
-498
-510
-526
-542
-549
-568
-602
-685
-779
-891
-1022
-1169
-1304
-1427
-1543
-1657
-1724
-1746
-1730
-1669
-1605
-1536
-1432
-1324
-1241
-1148
-1055
-954
-852
-697
-374
28
511
1004
1483
1983
2490
2904
3146
3240
3253
3117
2881
2619
2361
2103
1811
1536
1292
1146
1091
997
823
645
480
264
-10
-264
-532
-811
-1028
-1192
-1234
-1138
-943
-719
-494
-181
184
479
714
914
1010
1012
972
888
786
690
555
413
276
300
344
337
306
276
227
124
-20
-180
-418
-617
-799
-990
-1028
-961
-833
-741
-596
-364
-144
52
203
279
305
306
293
210
158
164
110
51
79
140
209
245
272
239
184
137
19
-117
-244
-310
-421
-480
-429
-356
-276
-186
-100
-10
90
166
151
81
43
-49
-184
-304
-389
-478
-572
-647
-698
-713
-699
-736
-856
-950
-1050
-1178
-1326
-1464
-1567
-1676
-1757
-1787
-1776
-1704
-1603
-1552
-1464
-1335
-1199
-1130
-1112
-1077
-1047
-1010
-995
-1007
-981
-903
-855
-800
-736
-604
-489
-458
-381
-171
157
559
870
1195
1609
2057
2472
2713
2870
3000
2969
2864
2697
2565
2459
2229
1948
1659
1510
1412
1249
1027
780
584
361
95
-143
-386
-619
-896
-1118
-1223
-1192
-1070
-977
-813
-568
-252
60
335
590
827
937
990
1010
1045
1054
971
829
695
663
646
588
515
488
445
334
199
81
-31
-198
-399
-642
-773
-791
-782
-785
-731
-563
-379
-199
-4
196
349
466
516
503
524
558
511
390
312
275
208
140
73
-18
-111
-225
-350
-507
-614
-715
-888
-1035
-1081
-1090
-1093
-1087
-1014
-957
-859
-753
-689
-599
-518
-456
-478
-470
-425
-409
-430
-459
-483
-513
-527
-552
-610
-676
-751
-874
-1021
-1124
-1203
-1302
-1442
-1544
-1618
-1636
-1601
-1582
-1523
-1443
-1316
-1218
-1117
-979
-842
-753
-694
-656
-577
-494
-412
-382
-335
-246
-163
-137
-79
106
429
772
1103
1396
1779
2222
2634
2901
3016
3110
3074
2976
2808
2663
2516
2284
2016
1710
1522
1423
1286
1076
798
568
335
64
-190
-478
-797
-1133
-1431
-1610
-1650
-1597
-1516
-1404
-1178
-821
-476
-122
192
478
682
800
906
995
1069
1058
963
871
859
894
877
792
729
667
591
457
294
122
-69
-305
-551
-765
-875
-909
-970
-985
-933
-775
-573
-404
-204
-39
123
252
330
392
435
460
411
336
306
285
234
152
60
-26
-122
-208
-326
-454
-570
-682
-818
-909
-959
-959
-989
-988
-917
-862
-751
-664
-576
-498
-397
-351
-307
-294
-237
-235
-263
-276
-295
-323
-356
-398
-464
-515
-600
-707
-858
-955
-1084
-1208
-1358
-1456
-1549
-1597
-1612
-1614
-1578
-1502
-1389
-1286
-1143
-993
-869
-771
-649
-520
-394
-263
-167
-87
-10
87
165
196
199
126
92
192
466
750
999
1295
1623
2069
2456
2723
2839
2856
2829
2661
2462
2282
2084
1797
1449
1172
997
910
847
672
482
348
205
25
-194
-418
-683
-991
-1234
-1394
-1435
-1377
-1271
-1165
-950
-619
-244
85
405
672
848
972
1044
1081
1061
1012
883
725
653
643
603
523
453
379
270
143
-16
-233
-437
-632
-894
-1093
-1216
-1235
-1245
-1228
-1090
-933
-703
-433
-219
-17
183
363
445
507
600
614
605
572
564
539
515
496
389
306
248
134
-13
-153
-257
-425
-570
-653
-718
-728
-692
-654
-632
-533
-415
-317
-242
-153
-99
-113
-101
-86
-131
-142
-192
-299
-390
-431
-452
-535
-615
-694
-820
-932
-1059
-1208
-1387
-1519
-1663
-1822
-1879
-1882
-1872
-1874
-1793
-1690
-1576
-1401
-1242
-1094
-945
-807
-701
-597
-423
-279
-207
-109
0
93
176
282
300
247
202
216
343
606
878
1089
1314
1694
2128
2451
2685
2791
2798
2746
2624
2458
2247
2077
1808
1480
1244
1134
1072
961
817
644
491
366
210
-24
-285
-547
-851
-1120
-1266
-1324
-1302
-1249
-1135
-934
-652
-286
32
304
528
678
768
813
817
769
642
484
329
236
189
126
57
-15
-70
-160
-261
-396
-524
-636
-817
-1009
-1144
-1161
-1095
-1067
-972
-865
-666
-393
-165
46
248
465
602
680
773
875
917
889
834
759
741
739
628
474
362
281
159
26
-64
-183
-280
-369
-422
-448
-393
-342
-358
-338
-264
-177
-152
-117
-81
-102
-116
-139
-182
-213
-240
-314
-425
-481
-500
-559
-661
-756
-872
-1023
-1189
-1356
-1534
-1683
-1834
-1976
-2073
-2058
-1992
-1943
-1839
-1717
-1529
-1352
-1181
-1019
-895
-795
-718
-675
-593
-493
-424
-349
-276
-163
-51
69
155
191
175
88
76
189
410
655
819
1089
1452
1910
2331
2578
2734
2806
2837
2778
2641
2536
2377
2119
1814
1547
1397
1298
1160
936
681
505
354
162
-73
-325
-606
-919
-1164
-1333
-1417
-1423
-1409
-1349
-1179
-916
-576
-268
31
314
508
670
799
871
900
826
679
549
447
416
320
234
135
41
-36
-155
-256
-404
-574
-797
-1017
-1062
-1055
-999
-955
-880
-677
-434
-113
120
318
548
695
794
864
955
1007
974
914
845
820
853
832
710
577
500
393
240
100
-70
-274
-462
-625
-749
-801
-777
-780
-773
-667
-502
-357
-246
-139
-102
-78
-78
-111
-185
-255
-336
-481
-581
-634
-666
-748
-799
-882
-976
-1066
-1166
-1301
-1452
-1590
-1763
-1896
-1962
-1938
-1925
-1860
-1750
-1599
-1404
-1183
-999
-841
-681
-552
-486
-422
-354
-291
-274
-238
-187
-135
-32
25
58
83
120
62
-24
-13
153
362
554
739
974
1380
1826
2186
2378
2541
2694
2730
2686
2610
2522
2364
2122
1835
1573
1431
1334
1132
865
654
486
310
96
-115
-359
-636
-882
-1128
-1283
-1327
-1310
-1310
-1236
-1017
-714
-405
-93
212
464
692
856
979
1046
1087
1021
854
729
642
540
398
259
141
15
-90
-239
-389
-541
-713
-930
-1093
-1086
-1034
-928
-867
-725
-517
-247
55
218
416
570
672
745
770
831
822
786
706
611
615
639
618
497
373
286
147
41
-110
-299
-476
-636
-775
-880
-868
-841
-839
-817
-710
-591
-446
-310
-239
-196
-177
-167
-222
-264
-285
-366
-470
-549
-568
-573
-607
-664
-787
-887
-970
-1094
-1263
-1422
-1566
-1722
-1836
-1861
-1831
-1770
-1693
-1627
-1508
-1315
-1142
-999
-870
-768
-672
-621
-538
-471
-390
-331
-290
-249
-175
-57
34
75
89
26
-2
93
284
481
664
896
1187
1570
2000
2314
2500
2647
2742
2720
2672
2589
2472
2258
2019
1752
1530
1409
1311
1108
855
685
525
350
156
-49
-343
-618
-850
-1054
-1192
-1214
-1196
-1198
-1068
-827
-542
-238
79
349
559
739
877
948
946
923
781
612
504
425
335
226
153
52
-37
-102
-184
-293
-392
-465
-584
-636
-627
-603
-567
-527
-415
-316
-166
27
147
311
445
586
653
703
782
771
735
690
607
521
430
343
191
59
-12
-142
-255
-344
-425
-507
-569
-605
-659
-670
-636
-636
-638
-605
-531
-493
-452
-409
-396
-403
-387
-427
-496
-537
-585
-653
-738
-794
-848
-941
-1002
-1117
-1229
-1333
-1423
-1515
-1629
-1672
-1721
-1732
-1741
-1690
-1621
-1518
-1376
-1254
-1095
-951
-766
-656
-561
-458
-395
-314
-264
-203
-150
-115
-13
25
101
153
119
116
124
312
547
759
1012
1281
1647
2062
2398
2644
2785
2929
2944
2866
2777
2655
2497
2233
1946
1671
1492
1360
1175
914
698
519
316
102
-148
-379
-663
-934
-1153
-1330
-1380
-1385
-1368
-1282
-1097
-807
-535
-225
77
355
576
752
882
957
986
923
803
668
568
493
405
298
224
137
58
10
9
-56
-157
-302
-407
-463
-500
-502
-604
-602
-531
-431
-308
-190
19
157
315
474
585
732
836
890
821
750
750
654
558
434
280
145
22
-47
-196
-291
-354
-477
-559
-608
-609
-650
-690
-725
-768
-774
-739
-730
-763
-754
-763
-770
-762
-733
-744
-796
-848
-890
-925
-947
-1000
-1111
-1207
-1281
-1359
-1448
-1525
-1604
-1663
-1711
-1700
-1687
-1615
-1522
-1427
-1302
-1139
-959
-801
-650
-529
-403
-315
-201
-121
-45
57
122
203
268
379
442
471
460
409
422
529
718
894
1071
1303
1601
1945
2308
2543
2711
2802
2825
2755
2641
2532
2362
2103
1815
1553
1353
1243
1102
913
705
537
384
194
24
-180
-446
-728
-987
-1188
-1314
-1363
-1381
-1366
-1235
-1016
-743
-455
-171
92
283
459
601
684
740
694
610
481
386
334
248
187
105
45
-6
-68
-36
-26
-11
-62
-162
-179
-208
-177
-239
-353
-389
-392
-300
-222
-85
71
192
343
451
606
735
840
831
740
684
626
538
407
240
68
-80
-199
-278
-364
-412
-479
-568
-625
-657
-642
-670
-699
-746
-775
-776
-765
-765
-778
-796
-800
-809
-773
-743
-731
-746
-825
-895
-957
-1022
-1107
-1228
-1357
-1475
-1549
-1562
-1590
-1602
-1610
-1608
-1542
-1448
-1308
-1187
-1073
-938
-829
-673
-554
-412
-325
-240
-143
-85
24
127
253
319
382
446
498
564
557
543
642
838
1058
1222
1429
1711
2058
2381
2561
2682
2803
2876
2827
2687
2556
2415
2212
1935
1640
1416
1269
1124
907
670
515
369
153
-52
-283
-512
-749
-979
-1177
-1314
-1338
-1368
-1351
-1233
-1006
-732
-482
-200
70
322
514
657
745
793
789
706
572
472
415
332
245
161
98
54
53
130
169
128
63
-36
-74
-136
-191
-355
-551
-582
-609
-571
-487
-342
-156
-24
197
371
567
789
881
851
757
724
651
483
315
106
-92
-219
-294
-350
-418
-381
-424
-464
-445
-414
-419
-479
-539
-634
-716
-732
-750
-798
-826
-850
-868
-826
-753
-682
-656
-691
-712
-792
-842
-916
-1058
-1221
-1390
-1514
-1612
-1652
-1675
-1693
-1667
-1628
-1558
-1440
-1284
-1143
-1014
-916
-825
-737
-616
-519
-426
-337
-303
-190
-71
89
257
337
446
530
625
748
886
1104
1286
1465
1628
1872
2166
2431
2589
2667
2710
2736
2716
2642
2504
2354
2129
1865
1635
1447
1290
1101
879
657
472
314
176
-11
-193
-372
-571
-717
-837
-918
-940
-975
-936
-874
-758
-555
-353
-152
31
194
354
493
638
693
683
626
536
484
402
316
202
68
56
79
88
78
50
74
16
-20
-99
-256
-319
-446
-578
-658
-665
-567
-534
-428
-286
-128
110
282
443
512
610
678
603
571
496
389
241
78
-31
-166
-196
-248
-358
-392
-378
-366
-394
-392
-412
-457
-492
-531
-587
-618
-618
-676
-710
-698
-643
-584
-550
-491
-489
-491
-497
-537
-611
-724
-845
-1045
-1201
-1327
-1469
-1588
-1698
-1754
-1789
-1759
-1719
-1663
-1553
-1415
-1297
-1185
-1060
-931
-785
-670
-557
-463
-362
-233
-126
21
169
322
450
569
713
838
976
1142
1333
1522
1714
1893
2081
2284
2483
2562
2590
2584
2555
2500
2351
2209
2013
1826
1634
1388
1172
984
812
629
417
243
98
-55
-179
-322
-456
-562
-661
-731
-757
-733
-661
-604
-509
-371
-203
-14
146
310
429
532
610
650
678
636
586
490
403
328
219
120
93
183
189
157
93
120
110
93
-7
-250
-349
-452
-550
-636
-660
-542
-525
-452
-313
-162
98
286
419
415
469
587
509
443
344
217
51
-62
-133
-227
-220
-232
-331
-367
-328
-294
-348
-380
-431
-511
-574
-615
-663
-696
-685
-699
-692
-626
-488
-404
-359
-300
-294
-314
-340
-427
-570
-734
-909
-1122
-1276
-1356
-1476
-1567
-1613
-1672
-1643
-1612
-1575
-1554
-1513
-1428
-1393
-1300
-1171
-1043
-888
-795
-626
-459
-239
-22
108
244
405
572
682
775
879
943
1025
1119
1254
1441
1655
1797
1909
2086
2257
2416
2469
2471
2425
2373
2268
2124
1978
1812
1602
1374
1116
942
787
634
483
299
173
39
-46
-173
-282
-368
-495
-591
-650
-665
-651
-602
-562
-496
-364
-200
-39
118
267
386
489
564
625
660
641
643
635
651
659
642
629
579
559
477
341
239
91
-73
-239
-412
-532
-625
-698
-764
-800
-743
-672
-567
-480
-375
-237
-149
-32
12
61
101
109
107
50
59
43
26
13
-17
-39
-40
-69
-99
-161
-208
-274
-385
-491
-582
-673
-766
-842
-897
-896
-861
-797
-755
-661
-554
-446
-364
-308
-265
-290
-319
-385
-489
-582
-725
-855
-992
-1113
-1199
-1295
-1337
-1392
-1440
-1463
-1473
-1451
-1424
-1424
-1388
-1353
-1291
-1203
-1117
-982
-816
-647
-449
-262
-45
137
350
528
663
816
921
1090
1284
1471
1682
1852
2079
2270
2464
2632
2712
2778
2743
2675
2560
2395
2221
1969
1720
1451
1215
998
798
615
424
265
112
-18
-152
-274
-392
-519
-622
-699
-731
-737
-706
-654
-583
-436
-293
-104
66
238
411
540
673
765
847
837
799
749
683
616
515
403
318
335
360
326
303
288
308
268
196
46
-147
-275
-461
-628
-782
-831
-845
-883
-796
-706
-518
-317
-155
-31
13
173
207
185
163
70
-39
-154
-216
-302
-343
-318
-348
-363
-328
-282
-259
-257
-267
-352
-434
-499
-568
-656
-723
-755
-788
-763
-693
-614
-530
-401
-320
-307
-277
-285
-320
-397
-508
-649
-786
-875
-999
-1130
-1174
-1214
-1254
-1285
-1309
-1307
-1263
-1230
-1244
-1260
-1235
-1180
-1149
-1112
-1023
-931
-812
-677
-550
-390
-199
10
169
316
542
734
962
1188
1389
1599
1813
2048
2232
2392
2524
2619
2672
2677
2659
2571
2458
2315
2124
1903
1690
1477
1252
1038
811
607
403
223
55
-139
-281
-447
-566
-669
-748
-754
-768
-720
-686
-589
-471
-343
-180
-45
116
246
389
509
593
669
707
728
725
696
665
611
610
602
555
509
482
454
397
344
212
105
-7
-155
-325
-491
-585
-695
-794
-851
-886
-831
-770
-686
-615
-526
-371
-285
-202
-139
-73
-53
-55
-62
-97
-87
-93
-130
-147
-143
-96
-85
-73
-81
-109
-118
-153
-228
-314
-387
-470
-543
-615
-651
-668
-662
-625
-600
-553
-473
-399
-355
-342
-308
-329
-354
-400
-486
-567
-633
-710
-797
-854
-888
-930
-964
-987
-1033
-1029
-1048
-1067
-1080
-1109
-1098
-1089
-1085
-1035
-965
-870
-774
-644
-512
-357
-172
-7
148
300
482
636
807
990
1160
1345
1506
1674
1833
1977
2120
2210
2286
2300
2300
2271
2190
2091
1952
1789
1618
1439
1253
1053
877
697
510
354
177
39
-101
-230
-345
-446
-534
-596
-653
-675
-671
-635
-594
-530
-453
-363
-260
-158
-60
56
151
241
327
392
456
484
499
498
472
441
373
316
330
349
348
293
281
299
282
273
158
22
-104
-249
-404
-595
-692
-780
-886
-945
-959
-891
-787
-652
-584
-523
-380
-293
-199
-162
-143
-149
-162
-162
-196
-167
-127
-98
-90
-65
2
70
118
148
124
77
58
2
-97
-152
-222
-311
-419
-464
-471
-467
-416
-426
-441
-410
-361
-325
-335
-337
-359
-419
-442
-489
-538
-560
-620
-691
-772
-817
-837
-859
-896
-920
-936
-940
-900
-868
-839
-782
-743
-710
-661
-570
-474
-385
-288
-208
-103
26
140
247
372
484
603
705
822
965
1116
1243
1344
1417
1515
1615
1672
1714
1714
1721
1692
1659
1594
1536
1459
1356
1234
1083
984
877
765
637
512
394
276
190
82
-3
-78
-170
-231
-296
-328
-339
-367
-387
-406
-397
-364
-332
-274
-237
-179
-93
-13
85
171
260
323
379
400
426
400
366
306
212
137
20
-61
-164
-252
-351
-429
-517
-571
-623
-663
-703
-742
-753
-773
-759
-756
-722
-690
-651
-582
-503
-408
-289
-194
-104
-2
75
159
201
241
253
255
263
242
228
207
178
144
117
86
64
25
-11
-41
-81
-113
-148
-165
-182
-191
-197
-195
-165
-138
-113
-101
-100
-68
-77
-81
-108
-138
-156
-205
-242
-298
-347
-383
-439
-494
-536
-562
-576
-598
-605
-617
-596
-578
-558
-541
-510
-481
-439
-398
-341
-276
-212
-139
-79
5
87
162
229
284
344
394
440
469
503
512
530
518
513
517
497
488
450
444
404
414
398
378
378
376
392
410
440
468
479
514
548
566
603
614
637
650
661
664
664
653
639
607
565
529
479
433
378
325
277
223
166
107
54
18
-37
-85
-131
-175
-214
-233
-274
-321
-357
-404
-460
-503
-548
-593
-626
-656
-682
-691
-675
-656
-640
-611
-576
-525
-476
-433
-389
-348
-296
-244
-197
-159
-99
-45
13
71
129
170
217
242
268
273
281
273
257
239
215
203
185
173
149
131
98
73
48
20
-20
-50
-86
-118
-135
-156
-159
-161
-161
-158
-148
-137
-108
-98
-87
-86
-74
-59
-58
-51
-60
-56
-71
-89
-104
-103
-111
-114
-136
-143
-143
-126
-135
-142
-151
-160
-167
-174
-170
-165
-148
-154
-142
-127
-90
-57
-52
-29
-17
7
28
48
77
92
101
102
106
116
129
115
106
93
108
100
117
128
141
175
173
193
210
238
262
266
274
278
289
307
295
298
290
281
266
240
216
196
173
154
131
109
95
84
75
57
52
33
17
-2
-19
-30
-48
-69
-90
-124
-134
-149
-172
-175
-191
-189
-188
-175
-168
-159
-141
-131
-114
-105
-93
-69
-56
-35
-21
4
15
41
50
65
82
94
101
98
104
100
117
114
116
114
120
128
135
154
151
156
157
163
146
148
139
117
107
83
64
33
18
-9
-48
-80
-114
-150
-181
-206
-237
-262
-283
-279
-287
-299
-284
-289
-279
-262
-257
-253
-230
-211
-196
-171
-150
-111
-83
-50
-20
8
47
63
85
97
108
122
133
137
144
148
152
138
152
140
139
129
109
104
97
95
89
86
75
68
65
53
43
42
21
2
-4
-18
-22
-23
-34
-41
-39
-27
-24
-6
10
28
53
62
72
88
101
108
101
88
78
70
48
23
-1
-21
-55
-72
-102
-112
-108
-104
-112
-119
-103
-109
-102
-110
-125
-142
-152
-178
-204
-206
-216
-218
-217
-210
-182
-143
-115
-84
-43
-13
24
61
75
109
131
153
168
186
202
210
210
219
212
222
224
214
213
210
205
217
211
216
216
214
220
212
219
207
205
196
177
165
162
145
135
113
90
60
35
3
-40
-83
-133
-170
-213
-256
-281
-301
-321
-318
-317
-309
-295
-271
-255
-243
-226
-211
-208
-198
-192
-191
-181
-173
-162
-154
-125
-124
-85
-74
-47
-18
-12
20
18
33
40
42
44
30
28
34
29
43
46
52
65
85
90
109
121
124
133
126
118
117
111
96
84
74
72
68
63
76
71
92
97
112
121
130
137
137
119
113
105
77
52
22
1
-16
-30
-37
-60
-49
-58
-53
-56
-62
-64
-89
-100
-134
-156
-179
-212
-239
-265
-284
-282
-298
-289
-278
-269
-246
-229
-198
-184
-143
-135
-107
-90
-59
-35
-12
17
52
86
125
158
183
225
246
269
280
278
280
271
258
256
232
232
226
219
229
246
265
273
285
287
291
284
279
250
224
187
157
114
88
55
32
10
-14
-24
-48
-47
-59
-71
-89
-110
-127
-139
-156
-163
-190
-184
-196
-196
-190
-193
-172
-178
-172
-186
-185
-195
-193
-216
-223
-231
-228
-222
-210
-191
-165
-138
-109
-91
-76
-38
-39
-31
-49
-47
-55
-51
-50
-58
-39
-25
0
18
43
76
97
110
115
129
132
142
137
119
122
127
139
140
149
168
183
196
220
219
234
243
229
226
205
202
185
154
138
107
89
78
58
47
29
20
12
-12
-21
-48
-82
-108
-147
-182
-217
-250
-266
-292
-289
-294
-288
-270
-250
-228
-217
-195
-180
-162
-161
-143
-141
-127
-110
-100
-86
-70
-46
-34
-18
0
7
20
30
31
40
40
51
47
50
62
65
84
104
116
146
159
194
215
231
258
255
260
254
243
220
204
170
145
103
82
53
31
12
-11
-25
-42
-46
-73
-76
-95
-101
-115
-125
-131
-132
-125
-131
-119
-124
-101
-111
-104
-110
-112
-108
-126
-129
-145
-149
-151
-159
-160
-162
-159
-157
-161
-150
-154
-147
-151
-160
-161
-160
-160
-156
-154
-146
-131
-110
-88
-63
-37
-16
3
23
41
54
69
76
78
95
94
115
122
139
152
158
178
181
202
202
208
205
192
188
175
162
159
139
137
124
125
138
136
158
158
178
176
192
187
194
185
168
149
116
106
83
68
49
40
39
45
58
80
94
114
131
143
156
175
180
184
185
181
190
180
195
194
192
199
186
192
186
183
176
151
143
121
112
103
88
82
70
65
62
57
60
52
48
35
28
6
-5
-34
-63
-105
-148
-195
-241
-296
-353
-409
-476
-530
-604
-657
-728
-784
-856
-918
-984
-1033
-1096
-1148
-1206
-1253
-1290
-1336
-1372
-1408
-1428
-1451
-1460
-1480
-1470
-1462
-1429
-1404
-1357
-1292
-1208
-1121
-1020
-910
-777
-638
-497
-353
-203
-39
118
274
432
595
765
929
1093
1257
1430
1605
1771
1931
2095
2249
2390
2520
2627
2738
2818
2890
2936
2971
2998
3006
3002
2979
2949
2913
2851
2791
2705
2624
2523
2407
2284
2142
2010
1855
1689
1518
1341
1164
983
789
608
416
235
49
-135
-320
-482
-662
-823
-1000
-1150
-1301
-1456
-1585
-1736
-1854
-1971
-2077
-2175
-2259
-2325
-2382
-2430
-2457
-2484
-2488
-2487
-2483
-2468
-2450
-2413
-2387
-2348
-2306
-2258
-2196
-2138
-2067
-2002
-1914
-1839
-1747
-1663
-1568
-1472
-1376
-1273
-1184
-1075
-977
-873
-777
-682
-585
-494
-401
-321
-235
-165
-83
-22
45
103
164
222
271
325
371
424
479
520
573
617
666
718
754
800
836
872
905
919
943
959
956
969
949
953
942
935
927
904
910
889
896
881
879
871
861
852
831
812
797
765
734
702
663
638
602
571
542
504
488
455
438
414
394
375
347
326
293
270
237
212
176
147
118
96
72
57
41
26
19
6
4
-7
-10
-22
-35
-44
-60
-68
-85
-96
-110
-123
-123
-138
-134
-150
-142
-152
-155
-166
-173
-183
-196
-209
-231
-241
-256
-265
-285
-285
-293
-288
-288
-289
-287
-285
-279
-280
-286
-285
-291
-296
-304
-311
-320
-318
-331
-328
-338
-333
-327
-328
-321
-329
-321
-325
-321
-321
-325
-319
-318
-318
-305
-304
-286
-284
-275
-266
-261
-241
-243
-234
-237
-234
-234
-232
-231
-223
-218
-212
-199
-194
-168
-159
-142
-134
-120
-105
-87
-73
-57
-42
-22
-7
15
32
53
79
82
98
101
107
111
100
93
81
66
64
47
50
39
47
50
51
69
73
92
100
108
115
120
125
126
127
127
126
126
123
130
134
138
141
144
146
158
158
169
171
177
191
192
197
210
211
224
226
224
232
230
240
233
228
226
218
215
211
196
198
184
176
170
149
156
141
135
129
118
116
110
99
93
82
73
67
54
47
45
38
43
35
38
38
41
41
40
40
32
31
16
6
-6
-19
-33
-46
-62
-72
-89
-91
-110
-115
-123
-136
-136
-150
-152
-152
-162
-154
-160
-151
-146
-130
-120
-106
-92
-79
-62
-52
-45
-48
-48
-54
-65
-79
-94
-108
-126
-138
-155
-167
-168
-179
-183
-190
-192
-192
-194
-197
-199
-200
-201
-195
-200
-189
-185
-174
-166
-157
-143
-135
-122
-120
-126
-124
-135
-140
-159
-179
-191
-216
-224
-245
-255
-258
-265
-261
-263
-258
-247
-241
-234
-229
-225
-214
-209
-202
-194
-181
-168
-148
-129
-106
-78
-53
-22
0
30
59
78
107
124
149
172
189
221
235
270
290
320
346
370
393
413
427
446
451
457
459
451
458
447
452
443
446
447
452
458
467
474
482
486
492
487
496
483
482
469
461
453
442
437
430
430
424
431
423
432
423
422
410
396
378
357
325
300
262
231
200
165
135
106
83
60
42
27
16
6
1
-6
-11
-11
-11
-10
-10
-6
-6
1
7
5
14
11
21
20
22
29
25
31
28
27
30
25
28
16
9
-1
-15
-28
-46
-69
-87
-115
-133
-163
-181
-206
-228
-253
-280
-305
-335
-365
-404
-453
-494
-554
-601
-667
-732
-785
-857
-902
-964
-1014
-1049
-1095
-1120
-1151
-1181
-1190
-1216
-1231
-1244
-1267
-1270
-1287
-1297
-1306
-1308
-1307
-1297
-1296
-1272
-1253
-1223
-1192
-1156
-1119
-1075
-1032
-988
-933
-889
-820
-768
-699
-629
-558
-471
-393
-300
-217
-122
-41
49
132
207
291
351
432
485
559
609
679
730
790
845
894
948
987
1033
1067
1096
1127
1146
1171
1193
1208
1230
1234
1259
1260
1278
1285
1290
1306
1303
1317
1311
1314
1313
1301
1302
1282
1276
1249
1227
1200
1164
1128
1077
1033
972
915
854
785
722
651
586
516
454
390
335
277
225
175
120
81
21
-17
-73
-121
-170
-225
-266
-322
-353
-406
-436
-477
-504
-527
-558
-574
-595
-617
-632
-658
-668
-693
-700
-716
-732
-735
-753
-745
-758
-749
-752
-743
-736
-730
-724
-714
-710
-711
-702
-714
-699
-711
-706
-707
-716
-700
-706
-690
-686
-671
-654
-638
-624
-597
-584
-556
-540
-525
-505
-491
-470
-459
-450
-437
-430
-414
-403
-392
-375
-365
-347
-334
-316
-290
-273
-251
-229
-209
-175
-153
-121
-95
-68
-45
-14
1
38
47
73
86
96
115
122
138
146
148
159
162
172
177
176
181
177
180
177
174
172
164
163
158
151
156
147
160
149
153
156
160
176
180
189
201
203
213
225
232
240
245
241
256
242
248
241
234
231
208
199
183
168
152
134
117
98
83
66
59
44
41
32
25
26
14
22
18
20
27
23
30
28
32
48
49
57
58
63
75
75
79
84
89
87
85
79
80
82
76
81
67
75
66
72
69
58
60
49
46
33
21
14
1
-4
-20
-14
-22
-25
-37
-40
-27
-20
-6
-22
-17
-32
-6
-7
-3
-9
-20
-18
-33
-46
-42
-27
-30
-59
-109
-122
-104
-96
-102
-142
-170
-172
-158
-155
-156
-167
-163
-163
-157
-152
-123
-102
-78
-83
-87
-65
-38
-1
12
12
17
40
62
77
69
62
61
75
71
73
58
57
50
33
34
41
43
39
18
19
32
39
32
10
-1
-1
3
2
4
6
11
5
-3
-10
0
15
21
10
-2
-7
10
9
-5
-22
-46
-31
-40
-56
-63
-89
-85
-95
-128
-136
-157
-145
-139
-158
-164
-169
-163
-150
-155
-151
-140
-123
-112
-112
-101
-86
-71
-66
-69
-57
-44
-36
-31
-28
-26
-17
-24
-21
-20
-22
-19
-23
-27
-32
-42
-39
-47
-38
-43
-35
-29
-37
-25
-40
-29
-21
-23
-13
-14
-15
-3
3
15
32
25
39
47
65
79
87
79
83
80
81
88
70
80
71
74
69
54
45
42
35
24
28
17
32
11
-12
-25
-27
-10
-11
-21
-32
-21
-30
-3
-5
16
20
7
15
19
37
62
61
58
42
26
46
54
69
70
57
64
55
55
50
49
63
51
47
32
20
21
-2
0
-22
-22
-28
-34
-40
-51
-63
-59
-55
-52
-56
-75
-69
-55
-39
-31
-43
-63
-73
-62
-55
-26
-40
-50
-72
-89
-71
-77
-66
-73
-90
-118
-125
-109
-77
-72
-99
-121
-124
-119
-98
-94
-75
-58
-73
-93
-96
-80
-39
-12
-4
7
-6
-2
1
16
40
57
56
58
51
47
63
64
89
85
76
72
54
55
59
62
66
51
29
19
11
27
37
47
55
57
59
70
83
108
108
118
121
134
141
129
124
103
118
111
121
112
116
102
90
83
77
95
92
94
73
56
65
60
77
67
70
68
60
60
58
71
94
94
80
54
48
56
66
70
53
32
15
5
9
25
22
25
-8
1
5
21
48
38
54
29
36
40
51
65
63
53
45
47
39
41
35
38
34
23
16
5
1
1
-6
-3
-19
-28
-39
-43
-23
-24
-25
-45
-60
-62
-56
-43
-43
-60
-85
-97
-99
-84
-68
-75
-90
-112
-115
-90
-55
-29
-39
-60
-83
-68
-45
-1
7
-13
-63
-102
-82
-50
5
-19
-59
-102
-110
-70
-27
-3
-2
-58
-88
-103
-63
2
8
-25
-114
-145
-124
-60
-31
-59
-111
-156
-155
-133
-98
-76
-79
-140
-177
-185
-113
-46
-47
-97
-146
-118
-51
12
14
-1
-24
-15
17
45
82
67
45
-1
1
43
80
70
1
-47
-40
17
41
25
-37
-62
-59
-31
2
3
-4
-40
-55
-36
24
63
65
24
-6
38
93
138
129
88
78
96
134
161
159
138
124
119
146
188
196
188
147
139
164
193
204
173
143
120
131
140
138
131
105
90
94
91
107
96
82
83
83
91
86
60
52
52
49
54
16
-3
-22
-24
-25
-33
-45
-59
-78
-86
-87
-70
-67
-85
-107
-124
-99
-85
-89
-113
-139
-133
-112
-109
-120
-146
-163
-161
-165
-168
-178
-196
-201
-218
-220
-220
-211
-211
-218
-233
-226
-217
-212
-218
-231
-231
-237
-232
-244
-251
-256
-259
-261
-261
-279
-280
-295
-285
-281
-283
-281
-279
-264
-247
-227
-195
-162
-128
-94
-55
-4
49
100
154
209
275
331
384
458
505
582
607
666
713
753
795
814
847
864
870
864
867
859
846
805
768
728
687
632
565
505
448
391
332
265
205
143
78
25
-37
-84
-143
-186
-237
-266
-288
-308
-326
-363
-381
-389
-399
-401
-428
-453
-469
-504
-512
-540
-551
-577
-598
-628
-627
-654
-680
-710
-742
-753
-783
-815
-854
-890
-904
-923
-964
-997
-1016
-1018
-1024
-1028
-1014
-973
-923
-884
-823
-691
-490
-325
-253
-168
43
312
491
534
613
851
1138
1341
1406
1547
1783
1974
2019
2005
2082
2158
2128
2018
1973
1981
1938
1771
1596
1490
1385
1199
930
721
576
421
184
-28
-170
-284
-430
-608
-738
-846
-952
-1048
-1142
-1177
-1209
-1239
-1267
-1260
-1200
-1140
-1118
-1089
-1017
-894
-797
-719
-631
-496
-336
-223
-123
42
257
402
409
480
703
899
894
782
837
1030
1116
997
876
921
1025
956
756
632
633
563
359
192
134
87
-92
-261
-333
-347
-430
-588
-693
-708
-695
-736
-803
-781
-721
-668
-655
-626
-515
-428
-355
-304
-241
-120
-30
24
61
111
200
225
216
225
262
272
209
120
65
12
-59
-185
-308
-426
-553
-694
-855
-984
-1134
-1279
-1442
-1559
-1661
-1773
-1885
-1959
-1989
-2018
-2058
-2067
-1957
-1695
-1435
-1323
-1285
-1072
-621
-279
-218
-263
-2
549
990
1132
1226
1613
2112
2364
2308
2320
2547
2715
2645
2521
2588
2713
2629
2420
2299
2269
2096
1708
1354
1198
1097
806
426
206
144
-2
-324
-614
-757
-866
-1066
-1287
-1386
-1392
-1420
-1510
-1542
-1454
-1361
-1356
-1370
-1267
-1079
-947
-876
-751
-534
-317
-175
-49
139
355
508
608
780
1028
1165
1132
1138
1339
1485
1416
1231
1215
1331
1344
1171
958
899
896
747
494
286
198
41
-174
-322
-391
-497
-708
-843
-888
-898
-1020
-1150
-1193
-1124
-1052
-1074
-1058
-965
-808
-729
-691
-612
-491
-383
-314
-234
-132
-35
15
40
65
114
135
98
36
-45
-99
-188
-281
-436
-582
-695
-791
-923
-1099
-1259
-1363
-1463
-1572
-1683
-1778
-1818
-1788
-1599
-1362
-1225
-1226
-1121
-771
-410
-317
-425
-275
218
720
885
927
1235
1739
2048
2010
1979
2153
2352
2352
2254
2308
2419
2394
2238
2141
2119
1957
1613
1305
1196
1110
837
466
280
228
91
-243
-542
-686
-808
-1021
-1250
-1343
-1349
-1407
-1504
-1526
-1452
-1396
-1431
-1451
-1355
-1189
-1095
-1038
-901
-648
-408
-268
-138
59
295
450
561
690
870
1020
1115
1235
1472
1693
1721
1583
1535
1643
1665
1459
1196
1134
1209
1194
1002
801
693
602
389
105
-107
-223
-355
-517
-590
-608
-677
-832
-913
-905
-918
-1032
-1123
-1060
-913
-813
-818
-784
-670
-550
-507
-528
-480
-397
-350
-332
-311
-253
-237
-274
-325
-374
-440
-558
-671
-762
-839
-951
-1073
-1181
-1268
-1354
-1467
-1603
-1744
-1825
-1877
-1915
-1948
-1997
-1964
-1809
-1512
-1234
-1124
-1044
-776
-341
-24
25
67
405
967
1386
1505
1629
2023
2524
2729
2655
2648
2843
3001
2963
2859
2871
2894
2809
2625
2476
2324
2055
1701
1397
1235
1009
656
319
165
75
-188
-532
-783
-903
-1034
-1283
-1473
-1541
-1544
-1554
-1604
-1588
-1509
-1477
-1444
-1388
-1236
-1113
-1036
-892
-661
-395
-262
-148
12
231
412
497
573
705
876
1092
1258
1355
1369
1399
1508
1564
1475
1265
1170
1236
1290
1175
948
837
843
766
514
215
70
-4
-114
-274
-394
-447
-535
-618
-689
-744
-829
-931
-941
-882
-812
-811
-819
-747
-638
-582
-616
-647
-590
-513
-484
-500
-488
-447
-450
-483
-530
-601
-711
-830
-896
-953
-1050
-1181
-1282
-1310
-1336
-1425
-1572
-1659
-1681
-1701
-1784
-1840
-1826
-1782
-1710
-1570
-1353
-1150
-987
-760
-442
-141
29
110
332
694
1019
1182
1313
1634
2025
2270
2309
2355
2513
2637
2631
2541
2532
2562
2515
2399
2279
2173
1983
1700
1457
1266
1062
754
482
323
196
14
-259
-436
-555
-688
-869
-1047
-1121
-1145
-1173
-1212
-1227
-1172
-1104
-1053
-1005
-932
-817
-724
-622
-458
-289
-117
30
188
353
523
716
829
900
990
1171
1269
1293
1321
1373
1415
1377
1312
1200
1120
1045
943
774
608
514
380
211
74
-64
-228
-407
-516
-594
-694
-789
-836
-849
-866
-890
-920
-925
-909
-884
-874
-860
-826
-764
-715
-673
-624
-603
-593
-585
-587
-597
-625
-642
-666
-720
-783
-864
-891
-947
-1017
-1118
-1216
-1274
-1350
-1405
-1453
-1494
-1547
-1613
-1658
-1663
-1657
-1631
-1603
-1502
-1422
-1317
-1071
-627
-239
-123
-72
231
699
956
937
1024
1487
2006
2190
2130
2314
2787
3088
2917
2629
2646
2851
2830
2563
2404
2442
2395
2059
1689
1488
1302
941
538
298
153
-93
-423
-592
-609
-727
-1054
-1335
-1389
-1344
-1430
-1545
-1502
-1335
-1244
-1268
-1268
-1098
-884
-807
-814
-717
-477
-251
-108
54
268
452
544
651
836
1056
1164
1163
1214
1355
1455
1467
1441
1462
1471
1389
1278
1200
1130
990
817
698
681
579
356
143
73
27
-127
-363
-504
-524
-523
-574
-624
-632
-630
-702
-779
-817
-807
-812
-846
-860
-809
-784
-821
-852
-830
-802
-902
-1029
-1092
-1076
-1096
-1189
-1275
-1363
-1416
-1523
-1637
-1694
-1705
-1753
-1805
-1809
-1802
-1792
-1887
-1934
-1953
-1932
-1906
-1895
-1847
-1751
-1631
-1506
-1400
-1337
-1195
-930
-779
-749
-414
415
1440
1978
1982
1940
2295
3150
3931
3968
3625
3837
4688
5330
5059
4298
3825
3505
2978
2331
1866
1721
1479
970
269
-382
-984
-1559
-2044
-2467
-2822
-3129
-3119
-2637
-2072
-1901
-2089
-2092
-1686
-1226
-928
-597
27
802
1377
1647
1823
2171
2489
2484
2187
1927
1921
1977
1999
1903
1718
1337
829
381
-24
-409
-786
-1012
-1112
-1105
-1127
-1101
-1022
-932
-934
-1072
-1172
-975
-538
-109
243
530
763
840
868
902
965
970
893
843
822
856
788
571
301
-22
-426
-844
-1115
-1182
-1201
-1276
-1398
-1522
-1616
-1709
-1807
-1886
-1876
-1819
-1795
-1722
-1540
-1326
-1229
-1275
-1379
-1466
-1550
-1600
-1584
-1567
-1569
-1689
-1889
-2033
-2077
-2095
-2177
-2270
-2318
-2306
-2203
-1988
-1700
-1364
-1027
-795
-673
-278
624
1755
2577
2991
3323
3648
3873
3980
4071
4258
4469
4451
4158
3922
3964
3862
3180
2148
1337
795
281
-194
-439
-568
-895
-1460
-2062
-2361
-2352
-2305
-2385
-2343
-2002
-1558
-1181
-741
-157
312
419
463
735
1203
1669
1996
2229
2336
2346
2180
1932
1765
1644
1369
886
534
427
343
108
-192
-457
-652
-808
-873
-878
-757
-560
-401
-284
-92
145
281
357
469
597
702
811
954
1073
1083
947
742
544
386
231
14
-162
-280
-389
-542
-686
-756
-817
-860
-944
-965
-863
-734
-553
-444
-388
-388
-422
-440
-443
-414
-416
-491
-645
-835
-1029
-1263
-1518
-1815
-2088
-2354
-2650
-2867
-3054
-3220
-3408
-3609
-3732
-3812
-3758
-3594
-3350
-3039
-2695
-2335
-2036
-1665
-1204
-733
-315
130
632
1093
1450
1805
2388
3322
4239
4708
4746
4606
4521
4368
4106
3859
3717
3580
3274
2810
2445
2198
1735
850
-87
-680
-951
-1087
-1120
-1022
-961
-1092
-1416
-1655
-1589
-1336
-1098
-918
-597
-69
439
779
1053
1269
1321
1195
1114
1259
1533
1750
1775
1643
1438
1143
805
483
267
114
-84
-286
-395
-317
-225
-181
-232
-370
-471
-484
-331
-16
380
680
803
787
744
730
692
654
583
525
481
495
539
502
339
59
-242
-481
-559
-509
-386
-312
-335
-415
-502
-511
-473
-414
-390
-346
-254
-172
-106
-86
-137
-299
-520
-731
-905
-998
-1093
-1231
-1482
-1812
-2091
-2316
-2499
-2657
-2831
-3037
-3220
-3335
-3366
-3359
-3336
-3267
-3169
-3060
-2825
-2501
-2126
-1758
-1479
-1226
-985
-616
-197
162
502
800
1013
1108
1200
1407
1738
2342
3100
3651
3789
3641
3447
3250
3069
2932
2813
2741
2688
2573
2402
2245
2024
1478
660
-2
-290
-313
-207
-77
17
-91
-401
-729
-902
-818
-656
-539
-397
-71
345
675
859
957
962
827
671
700
989
1291
1431
1350
1177
913
655
406
220
127
53
-33
-72
104
308
250
-27
-295
-456
-437
-226
124
440
680
774
664
506
473
456
331
236
304
464
606
726
677
403
20
-324
-499
-520
-398
-269
-275
-392
-551
-742
-898
-960
-965
-1018
-1094
-1082
-994
-878
-869
-957
-1182
-1387
-1512
-1564
-1558
-1519
-1509
-1621
-1826
-1997
-2113
-2255
-2421
-2567
-2671
-2752
-2814
-2788
-2673
-2530
-2441
-2358
-2300
-2197
-2010
-1745
-1423
-1092
-785
-562
-369
-142
136
363
588
824
1052
1278
1741
2591
3461
3916
3886
3617
3372
3197
3082
3103
3216
3335
3193
2799
2449
2220
1821
1119
360
-104
-293
-335
-219
-38
13
-259
-752
-1149
-1163
-914
-645
-413
-76
300
586
718
906
1086
1079
921
800
939
1249
1507
1562
1458
1198
822
410
159
123
149
197
218
171
112
4
-166
-336
-364
-305
-264
-67
362
736
867
847
753
602
497
521
636
769
910
941
825
685
518
294
-16
-234
-379
-467
-474
-462
-478
-594
-792
-1041
-1219
-1238
-1202
-1198
-1183
-1214
-1236
-1285
-1315
-1299
-1352
-1401
-1496
-1584
-1614
-1621
-1703
-1818
-1981
-2196
-2449
-2604
-2705
-2820
-2938
-2999
-3062
-3063
-2907
-2718
-2560
-2412
-2278
-2197
-2009
-1599
-1054
-611
-247
65
228
393
645
855
955
1081
1361
1791
2396
3199
3899
4133
3968
3572
3179
2929
2879
2953
3000
3048
3033
2780
2352
1916
1433
771
125
-262
-315
-134
70
187
89
-205
-605
-960
-1053
-838
-451
-86
240
571
856
993
980
936
896
830
817
999
1301
1537
1530
1311
937
549
222
17
57
274
387
293
137
31
-78
-212
-354
-454
-374
-168
67
330
640
827
709
487
410
453
546
697
868
931
873
751
558
406
286
103
-148
-327
-355
-356
-406
-461
-585
-801
-1063
-1240
-1274
-1207
-1127
-1144
-1193
-1216
-1194
-1216
-1237
-1240
-1298
-1465
-1611
-1657
-1636
-1673
-1809
-2004
-2206
-2378
-2532
-2634
-2697
-2741
-2856
-3015
-3073
-2984
-2832
-2674
-2499
-2310
-2127
-1909
-1595
-1213
-845
-550
-327
-104
176
460
713
973
1305
1658
1977
2367
2911
3484
3806
3806
3671
3513
3391
3205
3086
3073
3085
2970
2648
2315
2008
1637
1117
564
228
66
-31
-67
-60
-49
-218
-523
-791
-857
-738
-558
-371
-90
213
426
524
579
671
706
669
686
820
1008
1136
1125
1061
902
657
397
189
182
334
475
448
317
192
23
-158
-193
-159
-122
-82
44
193
330
474
505
400
298
272
289
366
537
644
574
401
245
87
-38
-117
-204
-300
-397
-450
-540
-601
-642
-757
-934
-1091
-1152
-1147
-1111
-1087
-1094
-1168
-1219
-1286
-1334
-1340
-1381
-1485
-1614
-1729
-1836
-1900
-2001
-2144
-2303
-2422
-2537
-2701
-2775
-2833
-2902
-2899
-2825
-2734
-2666
-2545
-2414
-2298
-2101
-1841
-1530
-1129
-692
-372
-163
50
302
551
795
960
1133
1413
1734
2018
2409
2995
3471
3646
3598
3418
3224
3081
3013
2931
2914
2956
2855
2564
2290
2039
1628
1091
632
350
185
147
154
175
140
-35
-359
-685
-783
-701
-576
-387
-87
221
389
443
493
544
527
508
586
745
904
1058
1115
1093
983
775
536
420
526
600
517
435
387
269
99
-31
-101
-139
-141
-145
-137
-23
137
164
124
129
155
129
143
243
326
350
348
306
271
217
128
-6
-80
-97
-180
-281
-343
-395
-510
-675
-810
-902
-975
-1045
-1155
-1237
-1282
-1348
-1446
-1530
-1571
-1624
-1716
-1798
-1839
-1871
-1935
-2036
-2115
-2194
-2289
-2362
-2410
-2455
-2475
-2514
-2566
-2645
-2617
-2539
-2479
-2350
-2160
-1956
-1767
-1524
-1270
-1042
-782
-527
-284
19
364
616
734
842
948
1092
1356
1680
2036
2494
3030
3395
3492
3438
3302
3104
2923
2851
2864
2918
2973
2881
2657
2349
1960
1489
971
606
382
278
230
213
120
-81
-376
-669
-857
-928
-871
-758
-547
-291
-26
132
258
380
469
514
570
745
979
1204
1342
1402
1343
1282
1265
1233
1088
921
796
665
488
412
322
167
-3
-146
-309
-449
-442
-414
-435
-375
-245
-196
-159
-73
-12
-31
8
76
118
179
297
324
281
250
189
58
-54
-139
-273
-424
-549
-661
-817
-956
-1111
-1299
-1467
-1612
-1727
-1796
-1813
-1819
-1825
-1804
-1836
-1869
-1904
-1928
-1936
-1938
-1883
-1834
-1765
-1707
-1723
-1763
-1786
-1836
-1921
-2009
-2032
-2018
-1941
-1813
-1693
-1582
-1459
-1375
-1307
-1194
-1028
-836
-586
-261
30
286
493
618
675
742
842
1003
1318
1783
2179
2507
2825
3075
3134
3021
2902
2780
2717
2705
2674
2656
2639
2563
2308
1937
1602
1242
877
599
479
432
349
248
145
-12
-210
-413
-530
-579
-530
-422
-291
-101
103
237
276
337
408
460
486
610
772
880
971
998
1074
1161
1163
1051
896
808
699
548
456
386
300
182
35
-120
-226
-300
-382
-413
-359
-272
-236
-180
-89
-60
-94
-116
-97
-33
50
110
144
163
157
73
-35
-126
-209
-311
-469
-580
-693
-779
-917
-1067
-1228
-1401
-1585
-1702
-1774
-1824
-1877
-1941
-1929
-1897
-1879
-1915
-1917
-1896
-1902
-1933
-1926
-1881
-1810
-1732
-1663
-1617
-1551
-1512
-1534
-1532
-1486
-1407
-1322
-1145
-957
-848
-743
-627
-511
-365
-206
-50
42
195
391
567
746
864
854
786
768
787
827
961
1196
1374
1521
1676
1878
2020
2091
2085
1986
1936
1921
1965
2017
2108
2147
2046
1892
1742
1604
1421
1267
1144
1051
917
814
733
647
506
319
130
-23
-110
-111
-71
-7
60
69
18
23
38
69
108
158
304
481
718
888
928
930
892
764
681
681
694
671
620
559
435
339
234
58
-138
-241
-273
-301
-238
-153
-101
-178
-258
-340
-398
-413
-372
-346
-321
-290
-274
-236
-240
-250
-323
-446
-557
-660
-757
-816
-865
-951
-1080
-1261
-1421
-1569
-1710
-1850
-1965
-2019
-2037
-2039
-2011
-1954
-1928
-1906
-1908
-1880
-1854
-1729
-1581
-1422
-1232
-1073
-987
-878
-758
-711
-690
-624
-492
-390
-230
-85
17
61
100
70
27
83
153
153
243
374
429
461
513
545
505
499
484
465
462
508
539
582
677
763
804
848
906
903
906
938
977
1029
1062
1102
1174
1285
1393
1440
1434
1425
1446
1408
1378
1354
1349
1312
1300
1338
1321
1311
1241
1160
1033
895
789
661
599
604
608
589
591
588
500
396
300
205
135
111
136
179
220
219
168
104
47
-15
-72
-46
12
49
85
138
154
131
53
2
-47
-59
-81
-108
-140
-162
-250
-395
-517
-614
-681
-793
-881
-949
-1026
-1127
-1222
-1322
-1369
-1413
-1498
-1569
-1584
-1643
-1698
-1732
-1745
-1714
-1662
-1614
-1560
-1480
-1432
-1423
-1391
-1314
-1264
-1209
-1083
-971
-913
-858
-822
-771
-682
-547
-465
-294
-88
34
160
221
239
274
321
364
455
578
710
776
843
911
860
782
806
729
740
825
818
845
829
777
712
605
505
454
393
357
323
305
327
292
273
239
184
175
238
260
263
357
432
414
480
525
509
530
597
673
755
893
1008
1083
1144
1159
1091
1018
1051
1027
983
1003
1010
998
994
952
865
791
724
639
560
511
494
467
397
349
285
201
151
126
144
155
168
182
226
232
215
212
153
130
138
127
141
168
173
132
22
-80
-119
-264
-348
-309
-441
-553
-634
-790
-859
-956
-1108
-1178
-1305
-1351
-1335
-1448
-1429
-1396
-1533
-1538
-1407
-1453
-1410
-1277
-1322
-1297
-1162
-1158
-1091
-926
-835
-813
-855
-722
-644
-655
-512
-417
-408
-330
-261
-239
-139
-83
-97
-117
-2
63
128
275
323
402
524
482
433
572
566
566
635
626
640
659
661
669
605
592
566
458
444
507
408
384
379
276
248
217
167
166
163
127
130
93
90
158
195
166
185
224
256
354
494
579
616
639
676
670
726
832
803
834
854
794
734
746
721
657
625
575
536
533
547
477
389
340
252
126
138
157
89
127
215
170
152
206
139
105
167
160
87
65
100
134
116
101
26
-79
-133
-198
-244
-257
-264
-307
-383
-448
-481
-514
-605
-621
-601
-680
-664
-593
-638
-620
-611
-716
-662
-582
-629
-593
-516
-533
-575
-568
-559
-592
-594
-585
-654
-684
-565
-596
-681
-476
-471
-660
-413
-391
-502
-270
-182
-262
-135
25
47
29
143
319
245
334
537
406
405
595
631
593
573
637
478
296
482
446
210
282
242
33
84
95
-45
-130
-212
-180
-231
-296
-127
-206
-279
-127
-168
-223
-128
-77
2
-12
64
218
195
200
313
336
336
447
467
396
500
576
471
508
559
471
443
546
587
489
463
483
387
353
466
435
347
409
327
252
299
310
331
255
258
292
190
256
306
188
222
179
7
-1
-20
-23
-52
-122
-90
-192
-303
-199
-224
-366
-292
-354
-455
-319
-346
-469
-339
-363
-449
-450
-467
-411
-418
-435
-362
-419
-439
-323
-365
-427
-381
-401
-481
-394
-346
-407
-369
-345
-347
-276
-343
-345
-210
-211
-154
-52
31
69
17
210
279
65
340
334
140
462
522
301
413
502
429
458
479
489
315
333
477
274
264
380
127
196
292
74
58
46
-83
-77
-169
-130
-120
-138
-117
-213
-77
-35
-199
-106
-109
-256
-57
77
-102
25
208
-52
33
195
94
42
194
246
110
297
380
109
192
398
132
73
293
163
150
240
100
89
11
-53
-15
-139
-107
-81
-143
-57
-162
-92
33
-169
-95
-29
-83
35
110
111
107
134
160
49
29
167
85
45
178
161
3
43
71
-160
-152
-51
-293
-247
-77
-349
-336
-202
-469
-526
-442
-495
-507
-446
-376
-473
-373
-312
-448
-394
-219
-282
-343
-156
-188
-122
-51
-40
100
-31
45
273
34
183
428
68
139
398
164
210
425
226
135
349
180
68
237
11
57
277
99
184
279
202
239
168
198
218
125
286
284
154
313
217
144
197
7
-26
-45
-113
30
-106
-175
-4
-141
-272
-94
-68
-247
-142
27
-115
-117
136
114
-63
198
286
86
229
449
449
283
503
479
174
409
436
139
274
336
169
88
196
71
-133
-31
-174
-307
-237
-365
-368
-334
-434
-377
-420
-488
-287
-329
-315
-138
-170
7
25
31
153
-30
49
157
-8
40
31
-63
-77
-178
-78
-154
-312
-185
-324
-463
-373
-423
-551
-485
-506
-561
-490
-497
-319
-305
-424
-244
-230
-220
-47
-66
17
116
168
288
139
179
371
162
208
484
337
312
495
383
409
381
256
206
271
234
77
257
316
127
203
238
12
126
103
-85
185
336
-12
82
395
-47
127
311
-23
112
242
62
66
293
150
-80
122
116
-182
-70
-38
-100
-205
-191
-182
-334
-136
-216
-315
-1
-192
-220
98
-248
29
293
-267
153
421
-143
103
459
61
113
279
214
58
187
482
-3
61
478
-130
-123
360
-79
-146
213
-20
-191
159
-133
-326
88
-102
-380
60
55
-245
90
142
-110
-18
51
-150
-231
40
48
-298
82
82
-343
-77
-189
-366
-187
-297
-502
-240
-261
-413
-260
-509
-495
-279
-538
-525
-169
-423
-476
-19
-116
-412
-46
-74
-334
-58
-41
-188
50
290
-2
30
265
215
131
167
237
199
223
239
247
316
188
255
313
54
110
327
104
64
429
134
6
428
177
-78
327
146
-76
306
98
-122
341
214
-5
224
269
197
15
333
277
-133
269
124
-149
425
156
-140
234
115
-38
-97
-59
-146
-154
-105
-134
-47
-155
-188
75
-71
-207
-94
-76
-178
-2
111
-123
87
173
62
52
-19
48
-30
-95
162
32
8
107
119
42
69
12
-170
-109
-227
-94
29
-260
-132
160
-225
-228
56
-221
-312
-65
-224
-207
-41
-122
-87
-68
-175
-62
-160
-203
98
-223
-204
153
-196
-109
122
-72
-20
-124
-179
-34
-84
-169
-102
-82
-256
-103
-49
-204
49
-14
-230
24
-18
-106
47
-52
-8
95
50
34
-22
167
263
35
171
255
180
161
333
293
197
351
176
157
435
136
85
261
166
23
25
324
-50
-163
260
-41
-179
115
-71
-56
159
-51
83
168
-12
221
149
-22
197
4
29
159
-33
76
191
-65
47
212
-51
-67
-2
-72
-71
-19
-8
-51
-10
68
-145
0
-32
-84
91
-90
67
188
-22
140
353
33
14
234
-52
83
180
-150
156
130
-152
6
-107
-85
-51
-218
-101
-198
-207
-110
-354
-284
-179
-445
-197
-327
-395
36
-355
-337
23
-246
-331
-231
-247
-181
-172
-99
-53
-44
35
34
-164
99
98
-246
19
121
-17
-49
17
186
5
-98
116
46
-182
127
227
-197
104
232
-74
65
219
26
-33
117
119
68
191
125
233
273
162
296
105
146
338
-90
184
379
-135
306
434
-26
186
259
-113
103
94
-75
87
-158
92
216
-198
106
157
-178
-76
191
69
-132
191
255
-124
88
196
-240
52
89
-368
102
-66
-335
254
-56
-340
96
-165
-439
67
-2
-396
-56
22
-175
24
0
-19
92
48
17
96
195
129
222
135
97
293
46
105
278
-87
-33
239
-166
-116
119
-359
-156
-16
-469
-97
-146
-469
-181
-118
-457
-400
-22
-337
-292
-101
-303
17
-77
-225
199
-283
-318
234
-162
-206
140
-81
4
-114
-73
162
-277
-164
232
-188
-206
249
-115
-159
310
-116
-227
192
-169
-67
241
45
-16
126
125
246
81
18
370
28
79
442
184
168
233
68
237
99
6
192
44
187
224
45
199
116
-16
52
217
26
-118
158
-39
13
188
47
35
-8
-26
75
82
-62
189
189
-197
166
246
-194
-27
194
-125
-214
395
-73
-324
299
-127
-387
205
-42
-315
150
-64
-162
69
-22
-74
105
-32
-232
131
138
-158
194
344
-158
122
440
-64
69
278
-114
103
95
-174
167
-35
-85
94
-190
-115
3
-265
-195
-133
-443
-158
-100
-455
-149
-89
-589
-123
-16
-640
-202
70
-446
-128
156
-364
-55
82
-409
-41
18
-232
28
8
-82
155
15
-145
196
24
-163
139
74
-100
180
120
-62
229
161
-42
263
78
-21
121
48
203
-16
17
293
145
78
338
114
69
475
-36
123
482
-174
304
609
-212
215
510
-138
72
494
-93
-22
254
-70
38
207
-1
-25
32
8
-79
-73
21
-127
-180
0
18
-235
-45
217
-237
-131
160
-295
-65
108
-265
45
-15
-63
152
-71
-135
97
-169
-109
153
-225
-27
254
-220
11
216
-290
-43
209
-118
-125
279
-91
-39
305
-150
45
277
-210
-59
238
-125
-87
151
-55
-30
47
-63
132
-125
-168
134
-241
-233
5
-315
-254
37
-258
-215
-95
-250
-199
-53
-272
-260
-22
-166
-108
15
-281
-69
-153
-293
-41
-116
0
24
-101
44
-120
-12
77
-114
19
-20
45
88
51
-24
-63
126
-222
68
127
-292
102
130
-34
24
151
33
-22
290
91
18
328
221
67
343
455
104
192
476
212
110
587
187
-28
510
243
-22
279
252
2
134
202
-189
-30
85
-232
-106
22
-235
-251
-46
-117
-74
-184
-99
-22
-166
37
-171
-133
34
-55
-18
-37
175
7
-97
158
-26
-207
92
-32
-232
58
27
-110
93
48
10
-24
-64
-52
-51
-38
-156
66
1
-136
78
-6
-22
54
-157
-161
-55
-3
-155
-8
13
-190
-69
-5
-154
-120
-71
-150
-156
-146
18
-208
-178
99
-209
-173
46
-212
-17
8
-160
-89
33
55
-188
50
101
-193
31
10
-143
100
-18
-137
94
132
-111
69
143
-15
49
-21
50
175
-35
-101
102
135
-64
111
161
-114
214
136
19
272
25
123
269
-11
186
334
27
288
314
67
253
116
83
270
78
-18
126
162
89
-39
71
114
-31
-54
101
8
-139
-18
90
-171
41
210
-219
24
275
-155
-146
188
-57
-229
218
76
-254
17
184
-216
-141
136
-210
-171
113
-129
-144
77
-51
-185
68
11
-261
43
81
49
107
-45
190
119
-170
199
153
-115
91
188
-26
12
71
-181
-23
-91
-294
41
-270
-234
16
-334
-152
-97
-381
-86
-76
-443
-65
17
-417
37
86
-272
46
55
-100
59
221
-20
-44
236
-146
-16
154
-184
-67
42
24
-180
-52
110
-211
-36
-32
-199
-29
-65
11
-10
96
146
-64
74
126
-11
49
113
119
243
326
146
218
288
27
230
251
-17
258
231
28
373
207
30
254
101
-14
99
202
-52
-91
311
-59
-148
343
-31
-239
304
132
-338
156
202
-366
13
256
-251
-148
274
-69
-330
113
95
-270
8
185
-321
-26
243
-369
-84
141
-356
-114
176
-312
-160
211
-266
-241
116
-220
-215
102
-148
-213
144
-117
-290
221
-87
-218
174
-38
-82
184
-69
-158
78
-128
-193
165
-137
-191
267
-235
-157
335
-314
-151
297
-307
-303
297
-121
-359
215
-106
-315
148
-208
-237
91
-202
-85
24
-83
27
9
-58
-46
-83
-55
-106
-6
-30
9
164
-106
-77
273
-167
-211
344
-40
-323
468
169
-243
349
44
-180
279
43
-78
198
131
104
40
188
118
-115
104
171
132
55
212
311
54
200
200
129
116
86
187
151
188
149
238
282
-154
48
194
-206
114
92
-198
31
23
-63
-77
-38
-88
-87
-69
-158
-77
22
23
48
-98
-35
110
-45
-41
130
8
-153
246
171
-218
128
53
-333
85
64
-288
-6
60
-271
-117
169
-206
-202
132
-283
-307
138
-63
-274
-6
111
-271
-133
267
-260
-104
207
-191
-101
102
-83
-56
77
33
-43
-29
-31
-165
-120
-126
26
4
-147
-9
134
-103
-252
21
39
-329
-45
126
-117
86
181
-51
70
165
-59
14
59
-7
173
157
-16
223
200
-118
69
191
-148
24
139
-172
157
178
-135
80
196
-196
-205
251
-42
-211
305
-19
-69
373
-59
-108
270
1
66
257
205
188
129
350
148
-5
313
34
37
468
16
32
316
-104
-41
303
-119
-205
213
-64
-274
164
49
-424
-73
72
-292
-86
259
-35
-232
58
-127
-359
176
1
-372
193
144
-232
164
87
-289
-93
78
-167
-158
161
-66
-107
218
-91
-208
101
-52
-175
-5
52
-133
0
100
-222
21
-33
-294
124
-85
-308
73
-70
-312
-85
-90
-191
-189
-84
-122
-214
-90
1
-139
-165
120
-132
-363
280
-32
-340
280
42
-90
176
28
-9
59
110
75
-63
142
149
-28
195
273
46
-38
199
139
-125
130
229
-81
9
235
120
-146
136
167
-254
-9
156
-216
-21
188
-111
-26
206
75
-133
130
75
-209
20
103
-16
173
136
111
185
69
198
107
-81
133
222
67
105
244
237
-39
120
295
-229
-21
185
-105
76
61
-46
-9
11
-34
-173
56
-75
-299
-40
-135
0
183
-190
-24
-7
-211
14
-50
-88
-38
-127
25
27
-52
60
33
-84
-170
4
27
-261
8
98
-373
8
151
-365
31
89
-327
23
20
-284
-57
41
-217
-210
53
-85
-243
20
-6
-254
-71
-52
-248
-43
-119
-269
-47
-24
-107
-93
62
-124
-175
148
-49
-219
236
26
-139
286
137
-124
296
254
-138
157
304
-1
85
350
98
-47
268
71
-175
271
226
-190
99
227
-212
-27
202
-167
-62
151
-120
-14
208
59
-112
119
14
-153
126
49
-93
116
92
-1
133
143
84
-48
70
248
4
21
136
-20
151
92
-142
213
122
-107
152
8
-92
83
-52
-112
-4
15
-34
-139
21
54
-128
-77
-31
-31
-131
-5
90
-134
80
200
-175
60
199
-179
-29
179
-82
-98
51
-24
-114
-9
26
-122
-134
-30
-134
-154
67
-76
-234
-2
-117
-166
73
-112
-105
66
-133
-110
17
-65
-59
-131
3
-52
-139
84
12
-162
20
-20
-105
-96
-119
-111
-122
-16
-119
-136
61
-77
-166
-8
56
-162
-135
250
-97
-55
373
-159
99
424
-70
72
291
110
13
247
303
-88
174
393
-71
77
428
-149
-96
417
-112
-213
325
-8
-221
283
93
-138
106
48
-167
-70
156
-14
-60
170
103
-19
110
74
-27
126
60
47
112
79
160
287
56
26
191
21
-78
146
-16
-159
167
-86
-211
101
-34
-197
-77
-76
-123
-120
-74
6
-188
-104
70
-96
-25
37
-142
-111
96
60
-183
102
99
-237
55
54
-119
70
-75
-159
31
-71
-129
19
-171
-230
-65
-124
-28
-87
-205
-69
-112
-92
-49
-174
-42
-118
-113
111
-38
-109
131
-47
-145
65
-62
-85
23
97
-2
-117
99
92
-187
93
109
-110
-37
264
68
-272
190
155
-373
168
382
-278
-47
424
20
-259
292
78
-337
254
292
-255
190
345
-223
77
316
-157
-54
200
-61
5
126
115
54
-8
90
3
56
89
18
26
-83
63
104
-87
110
89
-136
85
98
-74
-4
119
-35
-152
159
122
-105
122
137
-74
49
44
60
30
-27
184
-46
43
186
-167
105
153
-250
84
233
-127
-14
140
-129
-77
107
-120
-94
62
-151
-124
179
-31
-122
30
-90
-163
-3
-109
-133
34
-34
-54
16
89
-69
-131
15
-183
-205
30
-136
-139
120
-45
-124
-26
-62
-137
-272
-97
-49
-253
-29
125
-181
-108
160
-159
-221
85
21
-282
-27
277
-266
-74
376
-297
-128
411
-250
-160
384
-131
-158
281
7
-9
173
104
127
18
231
167
-182
173
237
-146
169
313
-58
71
257
34
-47
81
111
-102
-8
214
-98
31
305
-167
-60
226
-235
-66
221
-214
-196
214
16
-179
157
82
-271
46
188
-332
-142
309
-79
-255
341
133
-288
256
191
-344
173
296
-353
11
410
15
-147
319
137
-207
130
36
-103
114
31
-109
62
50
-74
-43
98
-55
-140
81
3
-120
4
-53
-128
70
9
-185
-29
113
-251
-72
213
-375
-98
258
-311
-102
244
-144
-154
104
-8
-189
10
25
-110
26
50
-95
-85
0
-73
-197
-39
73
-202
-121
89
-111
-70
94
-52
-169
-15
72
-193
-51
274
-98
-163
293
86
-213
187
137
-189
109
279
-60
54
306
-34
-3
321
67
-41
198
192
-45
78
241
-27
-1
183
46
68
117
57
14
70
78
-166
-30
100
-28
34
-5
-19
52
-171
-27
41
-335
2
109
-222
174
149
-262
-80
112
-20
-256
81
246
-352
144
339
-289
91
146
-175
-57
126
112
-199
158
307
-189
183
65
-325
111
56
-85
49
11
39
-18
52
64
-144
2
-29
-20
74
-48
59
77
111
14
-201
34
1
-182
104
-146
-136
24
-168
24
-95
-150
-73
-155
-32
8
-194
11
22
-144
-52
-84
2
-18
-62
68
-159
-80
157
-231
69
-53
-352
137
-24
-128
69
-102
-85
-50
-64
110
-162
-94
113
-104
101
88
33
64
121
195
16
128
256
-57
223
165
-5
296
78
146
197
40
119
64
50
96
6
37
23
149
63
-95
160
36
-39
74
-35
-60
35
49
37
-9
156
26
-230
119
72
-196
7
18
-118
-15
65
-157
-134
178
-137
-293
133
45
-284
73
116
-250
33
193
-247
-21
272
-247
-19
322
-125
-112
305
-52
-159
233
31
-218
207
159
-256
89
171
-93
-72
158
26
-240
133
82
-327
208
199
-341
43
189
-164
-103
77
-56
-272
-5
59
-279
29
155
-316
-53
98
-317
-69
37
-239
-43
15
-88
-64
-125
-14
-140
-202
64
-153
-159
38
-136
-65
-71
-124
85
-118
-94
168
-62
-9
88
-32
52
7
13
76
-32
150
126
-42
153
35
-32
50
90
98
-72
96
291
-70
44
254
-88
83
275
-21
47
271
94
-75
185
191
-113
98
337
-65
17
337
-211
-93
358
-89
-181
130
111
-62
-90
228
-36
-174
101
-122
1
57
-161
-51
-21
-30
58
-116
0
27
-204
-9
7
-162
-57
-55
-31
69
82
6
-106
78
-6
-163
-1
-27
-27
145
63
-67
19
21
-138
-93
104
-166
-66
159
-181
102
192
-218
53
34
-198
42
71
23
9
-27
77
-46
33
101
-218
15
121
-243
-11
119
-154
-19
-13
-75
-45
-46
-60
-112
17
-54
-209
-27
-26
-57
49
-168
-4
87
-234
-4
128
-171
-82
91
-2
-69
81
83
-62
-7
115
11
57
185
-35
13
130
46
111
76
66
202
-39
90
260
-145
105
273
-156
89
150
-4
146
61
215
-35
-95
315
-150
-109
347
-169
-115
207
-12
30
-40
10
65
-234
80
186
-337
75
279
-276
75
273
-151
-41
96
2
-69
-93
174
-21
-200
232
90
-258
26
225
-298
-185
285
-220
-257
305
48
-241
122
110
-369
-55
273
-371
-171
351
-201
-217
324
-84
-330
82
-22
-313
-118
93
-132
-224
121
66
-293
-66
185
-263
-207
196
-233
-201
260
-52
-211
183
-41
-254
77
33
-262
-102
79
-183
-78
192
-82
-126
178
-91
-98
207
-147
-111
163
-23
40
114
19
62
58
60
-87
12
122
-191
-12
232
24
63
70
141
106
-89
210
0
-93
416
32
8
410
43
71
167
105
175
6
69
129
122
201
-24
-60
199
16
-122
84
10
-65
-75
47
-49
-182
140
-125
-228
207
-103
-195
140
-53
-21
19
-89
124
28
-54
76
12
57
-8
-31
125
-87
-58
226
-144
-89
175
-149
-102
95
-8
-99
-120
116
-6
-193
227
20
-259
97
97
-135
-89
121
8
-225
140
231
-283
-16
199
-330
-159
241
-210
-219
209
-95
-123
55
-96
-162
-69
3
-118
-142
15
74
-65
-45
28
-77
-134
100
-14
-221
41
33
-45
-38
-55
-13
-35
10
-50
-129
-36
71
-124
-145
104
-68
-115
177
11
-221
8
61
-101
-14
149
-33
-99
181
149
-37
106
131
-42
105
173
-6
154
197
114
144
96
123
136
57
141
203
19
41
145
73
60
97
79
-6
7
96
31
-53
67
-99
-104
167
-9
-191
66
143
-133
13
118
-144
-48
75
-112
-71
147
40
-101
63
119
-138
-68
118
-122
-113
119
-121
-30
175
-87
-88
17
-83
38
-99
-125
169
-89
-52
123
-48
61
-2
-93
12
24
-13
35
72
-27
-64
-39
1
-121
-60
31
-148
-145
116
8
-186
55
-87
-223
54
0
-37
4
-8
13
-37
31
129
-96
-107
63
-18
8
54
54
-32
-129
82
0
-122
23
-15
-221
-38
155
-106
11
94
-118
7
89
-117
4
84
-65
60
115
122
160
-10
18
78
-5
-8
-43
89
162
82
66
70
99
62
-39
75
8
2
43
55
115
105
68
-81
18
50
-35
-58
33
51
-99
8
59
-9
21
9
-120
-88
70
-38
-45
-3
-120
5
34
-89
-17
-15
-68
12
24
-23
-27
56
68
-69
-41
132
-43
-7
179
-65
-58
81
-37
55
29
-98
38
-122
-44
194
-97
-76
185
-168
-196
102
-52
-97
24
-52
-165
-31
65
-156
-129
2
-127
-82
-95
-16
22
-128
-18
59
-155
-39
37
-110
44
37
-65
48
11
-1
15
-27
-4
-62
-22
76
-43
-4
56
-98
61
2
-181
61
51
-146
-22
6
-63
5
21
47
-40
25
101
-141
14
179
-25
-37
149
128
-6
140
176
67
-23
81
112
-6
169
124
23
129
130
81
57
99
123
30
-45
76
132
55
78
-30
1
49
-66
50
12
-107
71
-5
-145
137
23
-221
52
-46
-70
83
-4
-30
-54
37
-14
-214
36
134
-216
-84
163
-46
27
105
-111
-70
-35
7
30
-99
60
95
-171
50
148
-113
-47
65
-32
-169
-2
150
-64
-9
108
-95
-71
92
19
-142
-125
39
-25
-120
45
31
-77
-116
-9
70
-133
-30
2
-143
11
14
-20
45
-64
46
-74
-185
203
-39
-278
104
20
-111
44
-57
6
63
-64
-63
-48
-41
45
-109
-52
144
-48
-100
-3
-1
-21
-6
5
-108
35
25
-114
154
59
-103
115
54
-30
60
17
13
23
6
146
22
-15
196
54
-64
180
108
-94
119
161
70
122
25
30
63
-23
124
64
-23
108
28
-80
192
-8
-168
155
12
-63
160
33
-101
84
60
-137
13
121
-106
-51
171
50
-123
33
64
-199
29
131
-181
-26
93
-85
-49
74
-56
-65
-43
-103
23
-49
-35
1
-159
-86
81
57
-65
-66
-16
-32
-102
-84
29
-31
-97
44
-27
-44
66
17
-125
-109
-4
-29
-111
6
66
-11
-75
-19
8
-26
-38
-30
-35
-31
78
68
-3
38
109
47
-39
-58
50
-23
-58
126
-49
-91
168
50
-72
30
-7
-44
-85
-10
7
-33
11
-90
-42
72
-30
-21
68
-89
1
183
6
-18
145
98
-79
38
158
-4
21
87
5
-104
25
154
-47
-70
68
-14
-27
5
34
13
-35
-9
-2
3
20
46
-37
39
37
29
46
-59
48
82
-3
-38
95
68
-24
41
31
56
40
11
35
0
-38
-22
57
-73
-73
-27
-141
-75
-7
-32
-106
-109
-44
-99
-55
-66
-74
-104
-115
40
-63
3
90
-87
-69
28
-94
-81
87
-81
-115
45
-33
21
117
-54
-86
39
-100
-54
134
-110
47
107
-148
113
107
-39
67
7
-51
31
50
75
121
122
42
-31
122
101
-23
78
19
-53
38
94
38
-2
65
0
-79
-11
76
51
-1
10
-1
-4
8
109
101
-69
9
107
-1
22
112
73
-72
-18
66
9
-27
102
108
-186
-10
104
-118
-22
25
-148
-52
-64
-114
90
-83
-172
86
-84
-159
119
-10
-149
17
62
-37
-51
74
37
-58
-18
81
-33
-128
96
-10
-124
109
21
-52
75
-45
-62
73
-55
-8
60
-26
1
-15
18
74
-29
-35
46
-128
-76
117
-103
-120
86
-61
-66
32
-15
-24
-79
-77
38
-68
-132
73
-33
-125
76
-1
-57
28
-62
-114
11
25
3
-41
-58
4
-30
-2
81
-81
-70
98
-105
-50
135
-100
-42
126
-38
9
109
3
70
37
-71
53
94
-18
25
89
-11
25
53
29
78
-26
-43
72
-36
-32
72
-30
-36
14
78
1
7
133
-29
-73
37
-6
-32
41
78
-3
11
163
13
-39
121
-46
-104
89
-29
4
155
31
-3
46
11
-48
-63
58
15
-135
39
26
-76
88
26
-155
-58
11
-85
-45
53
-9
-63
1
-55
-4
49
-43
-4
-53
-9
55
-41
56
51
-27
28
-11
-6
91
22
22
2
-59
39
21
-33
72
-1
-59
-7
13
-35
-77
7
-67
-83
-11
-25
-7
68
-20
-73
-23
5
-45
-72
58
-6
-105
48
85
-47
64
17
-150
-28
29
-26
11
-57
-18
34
-12
73
-24
-36
5
-19
-53
28
23
-29
106
26
-56
111
66
-65
62
36
-26
64
68
-27
14
40
35
-9
21
79
-24
24
98
49
28
53
36
50
81
69
60
58
114
127
45
16
67
33
-32
-13
31
3
-6
36
48
-34
11
53
-109
-76
-16
-101
-81
76
41
-57
89
56
-126
15
14
-138
-43
2
-34
-16
66
83
-54
-69
-12
-115
-108
57
-75
-91
35
-56
-68
35
-40
-62
-54
-73
-54
-50
50
28
-53
-43
-26
-55
-69
41
-15
-104
54
5
-41
58
52
-57
-36
-4
-52
-11
39
78
-7
15
101
-68
-25
71
-124
-43
82
-67
-24
130
22
-68
40
43
-121
-55
152
-83
-107
183
63
-71
116
82
-6
65
108
32
-31
89
70
-36
81
196
-1
-44
142
45
-60
50
19
-149
24
82
-78
87
115
-36
-22
11
-33
-68
-65
53
26
-55
62
110
12
60
5
-72
-13
-58
-8
31
5
23
36
41
10
-2
-25
-47
-25
-52
-89
-10
74
-35
-36
29
-9
-67
-31
5
-156
-105
34
-72
-60
13
-46
16
-11
-68
1
-76
-67
50
-60
-46
86
36
-11
28
35
5
-43
44
17
-105
22
50
-8
-11
15
-52
-52
-14
-23
-34
-12
-16
-34
-41
-14
30
-53
-82
43
-30
-61
70
13
-22
37
-19
-44
-14
2
-24
-42
41
11
-86
-8
14
13
3
-63
-33
-29
-71
-30
8
-2
-37
40
-2
-70
118
33
-51
81
16
-63
44
75
79
109
66
103
31
22
36
47
109
10
41
87
10
78
116
28
32
13
-21
-27
4
41
-11
-33
15
8
-9
-34
-52
-24
1
-40
-16
-36
-53
-13
-36
-34
37
11
-38
4
1
-66
-37
36
-39
-66
-22
-12
0
5
20
2
-52
-32
-98
-89
58
3
-89
35
34
-41
4
-18
9
-31
-9
18
-25
52
86
32
-11
69
35
-33
39
56
-3
-28
12
20
-9
-17
56
-10
-100
39
32
-98
-12
-15
-109
1
54
-89
-25
77
-11
-41
-55
-22
-9
-98
2
0
-79
34
82
-31
-6
28
-71
-54
54
32
-66
18
133
21
-5
80
52
-56
-17
90
-33
-43
101
42
-6
110
77
-66
45
90
-44
15
147
44
-29
91
76
-21
74
53
-34
58
65
-51
19
98
-65
-27
41
-85
-55
64
-27
-43
53
-56
-106
13
-16
-74
-87
-23
62
-41
-22
51
-35
-32
46
-37
-37
-5
-48
40
35
13
19
-73
-10
54
-70
-62
6
1
-13
-62
-10
29
-28
-53
8
29
-24
-78
17
24
-19
16
5
1
41
40
-28
40
68
-9
-28
0
32
11
3
31
60
40
-29
50
36
-32
1
0
-12
64
68
-48
8
82
9
-23
22
21
-42
-86
-23
29
1
4
19
12
-41
-72
-35
-14
-49
-36
-27
-77
35
70
-6
33
14
-20
-37
-41
24
53
-43
17
144
18
37
80
-57
-27
19
-28
29
55
-23
0
38
26
61
-23
-31
3
-37
5
37
23
22
18
-4
7
26
-11
-39
26
64
29
-13
-3
21
-11
13
49
-14
-39
29
-7
23
35
-31
-52
-10
12
-61
-34
8
-85
-32
64
-36
-61
-42
-82
-34
-17
-63
-43
-46
-39
-10
-16
-19
14
-11
-104
-26
22
-49
11
42
-44
-8
45
-19
-27
-7
-47
-58
-27
-6
-54
-26
32
-32
-20
3
-69
-43
-5
-24
-20
16
11
-1
24
44
-4
9
13
-50
0
24
-14
49
49
22
24
4
-16
-34
-19
-9
12
-17
13
41
13
-16
25
18
-43
13
-7
-31
65
49
-24
60
35
-13
38
20
5
12
30
27
-17
45
76
24
39
42
26
15
32
13
13
15
46
52
13
32
41
-19
11
17
1
3
1
-1
5
18
44
8
-9
3
-5
9
-4
-17
-24
11
-25
-13
47
-16
-44
2
-55
-75
-4
-4
-35
-15
-15
-60
-16
4
-36
-10
-10
-21
-11
2
3
-20
-19
18
7
-7
19
21
1
-15
-21
3
-8
3
12
-19
14
11
-11
20
-17
-22
5
-22
1
43
35
-3
-10
27
-5
-14
55
9
-31
31
0
6
43
-2
8
39
-15
-5
23
-19
-12
3
-3
26
34
-2
-17
-24
-4
1
-8
-8
-18
-3
14
40
3
-11
11
-30
-24
-9
19
4
11
32
2
-1
-14
-2
-27
-10
-3
6
24
-1
-16
2
21
-35
-34
7
-26
5
28
-14
-19
44
20
-57
-25
15
-36
-12
37
-18
-16
25
36
-16
-1
2
-27
17
25
-19
-1
23
-11
11
12
-27
-22
-12
-30
-43
-9
-7
-30
-47
-24
-31
-31
-33
-7
-34
-41
15
23
-20
-20
12
-18
27
47
6
1
58
16
-10
37
24
-6
27
37
0
-10
18
17
-11
-3
-13
-15
-7
36
-2
-31
-11
-11
-33
2
2
-16
32
19
1
8
15
-1
14
32
23
-5
29
64
29
10
12
16
28
16
-15
1
20
-19
-7
0
-26
3
20
-2
-6
-6
-52
-37
24
-14
-50
31
29
-17
36
34
-15
7
2
-46
-4
31
26
33
54
53
-4
-16
23
-7
-39
10
-5
-10
60
36
3
7
-27
-45
-13
-7
-8
-14
-26
1
16
-17
-41
-18
6
-8
-41
-14
9
-22
-31
-22
-16
-33
11
34
0
-2
-23
-40
-19
20
-11
-40
-1
28
5
-9
12
-2
-52
-36
3
-8
-15
19
17
-12
-7
-27
-47
-7
34
0
-24
19
8
-7
19
11
-7
-21
-1
11
25
43
23
22
25
-20
-7
27
14
23
26
-25
-2
44
-3
10
38
-9
-24
16
-2
-10
-6
-18
15
8
13
28
15
-1
-15
-33
-12
-8
-7
4
12
33
28
6
-9
-15
-1
-3
-11
2
21
31
15
30
22
0
18
20
10
-19
5
0
-17
26
32
