SAMPLES:	15425
BITSPERSAMPLE:	16
CHANNELS:	1
SAMPLERATE:	16000
NORMALIZED:	FALSE
-1
-2
-2
-4
-6
-7
-9
-9
-11
-12
-13
-13
-14
-15
-14
-13
-12
-11
-9
-8
-7
-4
-2
0
2
4
5
7
9
11
12
12
12
12
13
13
13
13
12
12
13
12
12
13
12
12
12
11
12
11
11
10
10
8
7
6
6
5
5
5
2
4
3
2
3
1
1
2
3
4
4
5
6
7
8
8
8
8
8
7
7
5
5
5
4
3
2
1
-1
-2
-4
-6
-7
-8
-10
-10
-11
-13
-13
-15
-15
-16
-17
-16
-14
-15
-17
-14
-14
-14
-13
-14
-11
-11
-11
-11
-11
-10
-9
-9
-9
-7
-7
-6
-4
-4
-4
-3
-3
-3
-2
-2
-2
-2
-1
-2
-2
-3
-3
-4
-4
-4
-5
-5
-6
-8
-8
-9
-9
-10
-10
-11
-11
-11
-11
-10
-9
-8
-6
-3
-2
1
2
4
6
6
8
10
12
15
16
18
20
20
20
20
21
19
19
15
16
15
13
11
8
5
3
2
0
0
-2
-2
-1
-3
-2
0
0
0
0
0
0
3
3
3
3
2
3
3
3
3
2
4
5
4
5
4
6
7
9
9
10
11
12
12
12
12
13
14
13
13
13
12
11
10
8
7
5
3
1
-1
-2
-1
-3
-4
-5
-6
-6
-6
-7
-7
-7
-6
-6
-5
-5
-3
-1
0
1
3
3
5
6
6
7
7
6
6
6
4
3
2
2
1
0
0
-3
-2
-3
-4
-4
-5
-6
-6
-8
-9
-10
-11
-12
-13
-14
-14
-16
-15
-14
-14
-15
-14
-13
-13
-13
-12
-11
-10
-7
-7
-5
-3
-2
-2
-1
0
2
4
3
5
6
7
7
8
8
9
9
8
8
8
7
6
4
4
3
0
-2
-4
-4
-7
-9
-10
-13
-14
-16
-17
-17
-18
-19
-19
-18
-18
-17
-15
-13
-11
-8
-5
-3
0
2
4
6
7
9
9
10
9
9
9
9
8
7
5
4
2
0
-1
-4
-4
-6
-8
-9
-8
-8
-10
-10
-9
-9
-7
-7
-8
-7
-5
-2
-1
1
3
5
7
9
11
13
15
15
18
17
19
21
20
21
20
20
20
18
16
15
14
13
9
7
4
2
-1
-3
-6
-9
-10
-12
-16
-18
-18
-20
-20
-22
-22
-21
-20
-18
-18
-17
-16
-14
-12
-10
-7
-6
-3
-1
0
1
3
2
2
2
1
0
-2
-3
-5
-6
-10
-12
-13
-16
-17
-18
-19
-21
-20
-21
-19
-19
-19
-18
-18
-17
-16
-15
-15
-14
-13
-12
-12
-9
-9
-9
-7
-7
-6
-5
-6
-4
-3
-1
0
1
3
2
4
5
5
5
4
4
4
5
4
1
-1
-1
-2
-4
-5
-5
-6
-8
-5
-7
-7
-6
-5
-3
-2
0
1
4
5
8
9
12
14
17
19
19
22
22
23
23
24
24
21
21
19
18
17
15
15
14
12
12
12
12
11
10
11
10
11
11
11
10
10
10
9
9
9
10
9
10
7
7
8
5
3
2
1
0
-2
-1
-1
-1
-1
-1
-1
-1
-2
-2
-1
0
0
0
0
-2
-2
-1
-3
-4
-4
-5
-5
-6
-6
-8
-8
-9
-9
-8
-9
-9
-9
-10
-10
-10
-11
-11
-9
-8
-6
-5
-4
-3
-3
-3
0
-2
-4
-4
-5
-5
-5
-5
-8
-9
-11
-15
-18
-20
-19
-16
-17
-17
-18
-18
-19
-20
-20
-19
-19
-18
-14
-9
-5
-3
-2
-3
-4
-7
-8
-6
-5
-5
-4
-4
-5
-7
-7
-10
-11
-15
-19
-19
-19
-20
-26
-31
-36
-42
-46
-50
-53
-54
-54
-54
-51
-46
-44
-43
-41
-34
-31
-28
-21
-18
-17
-17
-19
-20
-16
-13
-14
-14
-9
-10
-12
-9
-5
-6
-4
-3
-3
3
8
7
9
15
15
13
16
17
18
18
16
17
16
5
-2
-1
-3
1
7
4
0
-2
-12
-15
2
10
3
11
18
9
17
35
32
40
67
80
123
223
307
361
427
455
415
384
362
296
251
233
177
146
188
202
177
178
128
-6
-107
-175
-263
-297
-275
-292
-295
-239
-221
-235
-207
-214
-291
-335
-333
-333
-286
-189
-127
-87
-34
-24
-46
-38
-39
-88
-124
-124
-125
-112
-63
-28
-29
-45
-84
-141
-176
-188
-214
-233
-219
-201
-186
-136
-78
-46
-30
-27
-32
-20
13
43
82
135
174
200
240
278
293
292
269
231
206
189
167
167
180
159
132
127
110
81
63
27
-23
-46
-69
-98
-86
-62
-81
-96
-84
-96
-115
-107
-111
-128
-118
-113
-121
-91
-54
-56
-56
-36
-46
-65
-58
-55
-57
-42
-36
-34
-9
11
9
9
15
3
-11
-14
-8
10
26
37
60
86
93
98
110
112
111
116
117
128
153
161
154
165
169
142
124
122
102
82
80
71
64
70
59
29
18
7
-32
-55
-52
-61
-79
-74
-70
-73
-63
-56
-60
-51
-39
-48
-50
-25
-13
-17
-6
12
20
38
71
102
140
176
187
189
197
181
137
107
80
34
-5
-29
-49
-51
-44
-61
-84
-94
-124
-165
-178
-185
-202
-203
-195
-193
-173
-161
-172
-166
-157
-183
-205
-193
-193
-186
-150
-128
-117
-89
-81
-90
-67
-50
-70
-74
-61
-67
-66
-49
-54
-64
-47
-47
-64
-40
-9
-13
10
60
66
60
85
90
83
104
102
83
108
145
145
164
195
189
180
187
175
153
142
125
110
111
115
107
94
105
119
89
54
41
19
-5
-7
-3
-8
-8
-7
-9
5
19
-1
-37
-44
-53
-79
-65
-30
-26
-23
-8
-23
-38
-26
-35
-62
-54
-48
-75
-59
-8
5
9
-2
-49
-58
-32
-52
-48
8
7
-4
48
74
44
22
5
-34
-44
-26
-26
-24
39
80
23
30
116
46
-63
29
19
-114
1
94
-60
5
152
-74
-145
88
-25
-203
-8
23
-149
-49
46
-65
-42
8
-104
-133
-43
-44
-83
-6
43
2
-8
-5
-17
-16
-15
-6
7
-9
34
80
21
79
136
-34
-89
55
-11
-109
25
56
-70
-8
89
-84
-56
109
-93
-163
68
-24
-154
79
69
-151
-20
37
-106
23
62
-91
-32
54
-7
22
39
17
34
-54
3
60
-31
16
26
-58
24
27
-25
100
-11
-105
80
31
-104
97
128
-96
64
115
-83
21
113
-13
-50
34
19
-92
-11
115
-17
-66
90
50
-80
81
73
-171
-5
140
-130
-12
221
-120
-147
164
-3
-163
110
110
-109
100
181
-85
47
259
-69
-71
241
-19
-124
113
-3
-109
61
8
-88
44
27
-91
-37
41
-38
-48
15
-5
-43
-11
53
-47
-112
103
45
-109
78
15
-87
58
-45
-149
87
101
-131
-25
122
-174
-114
170
-169
-144
173
-40
-64
149
-23
-92
89
-2
-58
-4
2
-1
-53
62
99
-82
36
104
-127
-72
25
-122
-13
178
-41
-90
124
-41
-67
104
-78
11
174
-62
25
197
-72
-19
210
-126
-131
145
-95
-47
196
26
-21
87
74
-21
-81
74
56
-62
69
26
-91
91
153
-179
-123
100
-99
-59
-1
-68
30
0
-60
29
-78
-112
167
15
-36
115
-154
-73
24
-144
-15
17
-25
90
78
-40
18
4
-70
-15
-109
-68
71
48
-26
22
61
12
-27
-73
51
-58
-123
51
45
27
-13
90
5
-146
3
-15
-15
-21
22
119
-91
-55
155
4
-80
51
-14
-11
32
-54
93
6
-105
136
-25
-147
103
0
-106
37
-21
7
53
-47
75
10
-87
85
34
-13
111
-45
-144
95
2
-56
112
-54
-109
91
44
-133
7
125
-137
-69
160
-148
62
251
-123
30
136
-114
-19
110
-62
-15
178
38
-29
152
-36
-145
179
-4
-197
222
45
-184
151
-45
-157
117
73
-187
4
148
-68
-87
32
1
-94
-44
-65
-31
29
39
53
-62
-36
23
-135
-65
63
-48
-23
19
-53
-31
2
-18
74
8
-44
10
-64
-177
57
115
-164
42
160
-130
-73
238
-60
-99
178
-95
-80
76
6
21
148
85
-57
-44
108
31
-120
28
0
-112
6
138
-53
-30
219
-145
-139
235
-155
-145
208
-195
-139
222
-119
-99
180
-99
-111
99
-84
-100
132
34
-24
52
-10
-83
-11
13
3
98
-44
64
115
-178
69
192
-179
22
181
-145
11
183
-71
-43
141
-32
-84
97
19
-126
160
153
-144
18
180
-101
-30
218
-111
-138
161
15
-181
162
107
-185
0
48
-86
-75
99
67
-64
-26
123
25
-52
131
32
-154
76
20
-42
-35
73
103
-310
131
118
-380
165
246
-325
39
212
-279
-1
150
-210
-71
36
-102
11
27
-96
-121
32
-46
-58
6
-48
67
-24
40
5
-153
166
21
-157
185
43
-127
98
100
-47
6
201
77
-152
180
113
-138
69
204
-76
-138
382
-9
-349
273
42
-342
109
164
-271
185
138
-192
111
-105
-97
47
-168
9
140
-128
113
65
24
-95
-49
-34
-48
192
-127
-67
86
-195
102
87
-347
301
29
-338
214
-48
-119
262
-196
-64
265
-334
113
244
-272
-31
134
-252
-66
194
-60
117
-60
-99
193
-115
35
138
-164
-17
140
-61
28
147
11
66
-108
118
91
-86
90
-37
61
59
-27
142
-58
-62
238
-97
-162
273
-94
-151
347
-220
-125
259
-190
-107
162
-60
-166
14
99
-61
-215
34
146
-265
-72
262
-205
-179
383
-185
-343
354
-80
-186
96
107
-1
-76
30
-46
-118
63
190
-90
-12
158
-58
-60
39
77
4
-23
76
14
-102
-28
199
-52
-135
284
20
-416
156
130
-579
187
360
-403
87
233
-239
-188
175
-58
-233
104
75
-59
-89
233
9
-142
200
-49
-12
-94
38
127
-162
323
45
-182
190
-9
-86
187
26
-131
263
-24
-123
99
36
-28
170
49
-151
33
80
-120
-26
162
-128
-87
116
22
-205
252
-64
-170
262
-151
-109
32
18
-32
25
-19
145
-100
-27
143
-40
-114
-13
225
-209
45
133
-204
-26
75
-137
-48
14
-5
104
-190
165
-30
-224
129
-39
-150
47
7
-74
61
-53
53
85
-149
-35
80
-169
-130
325
-145
-152
411
5
-169
260
-49
-150
85
-74
172
-40
147
135
-183
241
54
-217
186
39
-332
24
216
-128
-68
284
-265
-151
330
-218
-174
349
-198
-244
347
-134
-158
352
-168
-213
277
-90
-176
339
-115
-180
248
-145
-27
226
-61
178
17
-210
113
-183
-8
223
-12
-63
244
-167
-90
251
-239
7
325
-274
31
312
-234
54
244
-201
-123
154
-11
-194
97
266
-310
-100
332
-234
-109
265
-176
-73
89
-69
-25
-96
49
6
-106
90
20
136
-91
94
63
-257
45
-48
51
39
52
204
-45
-141
160
28
-272
45
102
-408
85
264
-290
320
126
-484
121
-61
-231
2
-47
-152
-40
206
-121
61
113
-260
7
123
-287
131
215
-84
78
136
-112
-39
202
25
-94
285
-119
-152
322
-187
-197
217
-85
-107
324
-202
-39
122
-166
-46
0
62
-119
-12
-11
84
-38
31
13
-211
131
-100
62
168
-86
61
147
-192
71
-13
-178
189
19
46
-9
118
43
-199
228
-44
-287
89
-138
-134
164
196
21
178
67
-171
4
-168
-55
-27
-167
57
180
17
61
149
-79
38
-32
-93
-83
-99
22
-36
209
43
95
197
-218
16
64
-300
89
342
-312
28
245
-297
-3
192
-108
79
-15
-133
189
18
-72
58
-103
13
-62
-53
-5
1
108
54
1
-54
125
195
-245
-84
169
-311
61
143
-50
170
63
21
84
-88
26
22
-225
-40
-53
-20
34
93
144
24
-55
158
-105
-168
136
-42
-161
149
-63
-197
264
-109
-130
306
-12
-452
281
158
-540
356
188
-596
263
390
-519
157
337
-359
-11
249
-218
-148
219
48
-52
-132
142
19
-199
205
73
-221
140
-14
-288
167
-9
-91
124
0
80
97
-89
50
15
-214
127
-25
-114
155
-104
-3
213
-150
-39
169
-143
-176
177
-100
-95
260
-177
-89
77
-121
-57
172
36
1
216
17
17
-103
-60
34
-89
83
4
31
247
-93
-101
336
-17
-153
17
-77
-179
144
53
-274
156
-65
-77
107
120
-18
111
74
-114
-92
41
-27
-176
-86
-77
81
176
93
94
99
-137
-54
-76
-263
5
246
-10
-140
167
175
-299
8
283
-340
172
503
-280
-5
196
-125
-31
-64
72
-80
-11
179
26
105
173
89
-14
-185
-99
48
-232
-67
186
-233
-10
339
-244
-32
316
-257
-169
93
-218
-174
206
-200
-56
519
-212
-62
310
-387
-239
456
-334
-251
667
-235
-123
599
-155
-408
165
32
-517
79
227
-503
89
424
-255
-82
213
-203
-151
74
-80
-64
25
-7
-75
-55
110
95
26
114
37
44
71
-90
42
123
-129
79
260
-115
116
252
-153
-152
161
-4
-148
194
1
-301
68
55
-120
0
88
31
-125
3
2
-26
-15
93
82
-89
46
43
-89
-69
-60
-229
-267
-15
99
110
246
387
246
1
41
-125
-301
-161
-154
-232
-103
44
-34
17
218
181
132
162
-11
-114
-137
-267
-207
-175
-82
17
6
154
252
218
142
24
-74
-139
-151
-217
-172
-58
-68
-11
177
207
186
223
86
-14
-50
-128
-169
-143
-110
-33
-9
77
127
75
78
114
44
5
12
-45
-108
-128
-81
-98
-53
6
11
35
46
75
32
14
65
21
10
44
-6
-39
-37
-61
-65
-39
28
45
67
83
91
93
56
43
57
22
10
-18
-58
-49
-3
15
15
14
10
16
44
54
49
64
64
27
-4
-5
-27
-32
-47
-58
1
31
43
95
83
78
67
57
6
-14
-10
-41
-25
-26
-48
-7
22
-16
0
20
-39
-19
-8
-32
2
6
13
28
44
28
4
-7
-9
-41
-45
-42
-30
-8
-2
5
35
31
38
43
18
9
10
21
-2
22
4
-34
-16
-38
-56
-29
-12
-6
12
29
35
19
14
13
-5
-6
-29
-17
-33
-47
-24
-25
1
24
12
3
41
7
-18
-2
-30
-51
-24
-37
-45
-21
-17
-3
1
17
11
25
19
-32
1
-7
-18
-11
-32
-10
5
-10
4
9
6
0
-23
-26
-21
-33
-27
-18
-50
-25
-13
-23
-24
-21
-8
-11
-22
9
-16
-14
6
6
26
10
25
-3
-13
11
22
-18
1
34
6
-7
28
4
0
12
1
-7
2
8
-13
-11
-5
-6
10
27
7
15
25
32
51
45
35
21
38
30
29
62
38
24
41
26
24
32
18
25
25
1
12
34
4
-11
1
-23
-19
-12
-36
-18
-6
-16
-32
-3
5
-33
-6
-15
-21
4
-14
-22
6
-20
-22
19
5
8
17
-13
-7
9
-19
-11
-16
-25
-18
-23
-3
-7
7
5
-1
-1
-2
0
-1
-6
-37
-36
-10
-15
-19
-18
-11
-11
9
-8
-9
11
-11
-5
-16
-31
-19
-20
-10
0
-4
3
26
2
-2
10
-24
21
10
6
6
8
5
13
18
9
45
27
4
15
13
5
23
25
-21
20
33
-8
0
10
-15
-16
-2
-37
-32
-8
-25
-26
-15
-33
-18
-11
-18
-2
-6
-6
18
27
25
8
15
10
6
16
0
5
16
25
9
34
41
15
51
39
-20
7
22
-27
-19
1
-21
-8
8
-9
9
-4
5
-18
-12
-9
-4
8
14
-18
8
13
-33
-2
-15
-23
1
1
-16
18
-5
-9
42
23
25
23
25
-16
-14
-12
-28
6
8
-1
20
27
-2
16
7
-16
-2
26
19
11
1
-18
9
12
3
1
8
19
11
-5
-6
-19
-31
-38
-24
-14
-5
1
15
-3
-2
4
-2
-2
-21
-18
-26
17
13
3
25
20
3
23
48
31
50
33
12
30
-4
-22
12
-12
-20
-16
-15
-16
-12
15
2
-19
19
-12
-22
1
-6
-31
-18
-22
-49
-9
2
-20
5
23
4
5
11
6
12
25
10
27
27
-3
41
32
-4
-1
13
2
-8
17
4
7
25
11
6
15
6
12
8
3
-13
-20
-14
-20
-9
-29
-18
11
-1
-22
-29
-15
-27
-25
-19
-31
-43
-29
-12
-5
6
-14
-9
8
-10
-17
-15
-11
4
19
5
1
11
3
-1
6
-15
-24
5
5
-32
-1
1
-35
-7
-32
-52
-16
-20
-29
-13
-18
-25
-9
-23
-22
-5
-28
-14
1
-22
-3
35
11
13
30
30
18
3
-6
-4
-1
-6
-3
-1
13
15
16
9
23
10
22
10
-3
3
5
6
10
7
-4
13
2
-8
5
-9
-14
11
3
-8
-2
-12
-17
0
1
-10
8
0
-26
-9
-19
-13
11
1
-21
5
9
-20
-2
5
4
7
40
40
23
51
38
23
50
19
1
26
13
16
45
21
6
5
-15
-4
3
-6
7
12
-11
-17
-14
-16
-6
0
-7
-6
-25
-23
-13
-17
-10
4
1
-3
5
-6
-13
18
7
1
1
-16
-10
-9
-12
8
15
3
24
11
4
12
12
-13
-1
16
-11
-4
18
1
-7
25
13
-5
8
5
4
5
-9
-3
-1
-3
4
-4
-13
19
6
4
3
11
-5
-6
8
-17
16
6
1
17
10
5
23
19
19
32
10
-3
6
10
-8
-8
-6
-24
-9
5
-13
-4
-11
-3
-17
-19
1
-9
-12
-24
-21
-32
-5
-20
-31
-16
-25
2
12
-1
11
13
-13
-7
-9
-21
10
18
-15
-2
13
4
-11
-6
-22
-20
8
-14
-18
-8
-8
-10
-11
-11
-11
-5
-15
-19
-11
-14
-18
7
-21
-32
9
-22
-13
18
14
-4
20
10
-9
7
3
1
-15
-16
-12
-2
-11
-1
6
0
14
6
2
4
7
2
-7
-6
-10
-9
-36
-30
-2
-31
-12
13
-7
-6
5
-10
4
5
-3
-5
3
-8
-25
-4
-14
-2
18
14
15
29
26
23
16
14
-6
17
23
6
39
42
29
45
29
16
40
25
22
30
13
10
16
11
17
15
25
22
20
7
0
1
-19
-5
-4
-15
7
-6
-9
17
4
0
11
-6
9
11
-11
13
-9
-3
-9
-7
15
13
17
29
29
10
10
2
-4
-3
1
0
1
14
10
9
8
13
1
-7
15
-14
-8
-7
-11
-11
-10
-9
-8
5
-1
2
-2
-18
-20
-6
-23
-13
2
-12
-9
4
-8
-5
10
-4
-3
19
6
-2
28
26
20
21
16
-8
-17
3
-21
-5
10
-7
11
17
11
11
2
-3
-8
-27
-30
-32
-40
-41
-37
-22
-20
-13
-1
-3
-1
-9
-4
-9
-27
-24
-15
-18
-18
5
-18
-14
9
-8
9
5
18
14
-9
-13
-6
-8
-23
0
-5
-11
-11
2
0
-7
15
11
7
10
6
10
2
-5
5
4
2
17
19
21
28
43
33
26
40
23
18
22
17
29
37
23
42
29
14
35
21
17
26
7
14
8
-10
2
-1
-17
3
8
-19
-6
0
-18
-17
-5
-25
-25
-8
-28
-21
-20
-19
-11
-12
-4
-2
4
9
8
1
-10
-2
-6
-13
6
13
5
6
15
18
14
12
18
4
-2
22
-2
-12
13
-7
-20
-4
-7
-15
-3
-2
-20
-18
-15
-28
-23
-20
-33
-22
-19
-25
-16
-19
-20
-19
-21
-15
-22
-12
-6
-15
9
2
4
22
13
9
16
6
-4
10
-5
-5
20
22
31
29
18
23
8
-6
-6
-23
-7
-9
-16
-11
-6
8
-10
-16
-13
-27
-24
-19
-32
-7
-7
-5
7
2
3
0
-3
-12
-3
0
-8
7
-3
-1
10
-24
2
13
-10
5
5
7
7
13
1
-4
-2
-16
-10
-8
-11
2
-19
-6
2
-10
-13
-14
-30
-49
-38
-61
-61
-52
-74
-72
-40
-60
-56
-39
-47
-13
0
-21
-26
-26
-27
19
53
45
34
20
4
-44
-46
-47
-32
-31
-59
-99
-122
-155
-159
-136
-119
-75
-43
-31
-66
-4
72
147
125
113
109
128
58
-53
-186
-263
-341
-130
-157
802
3184
3126
2739
1759
-16
-1414
-2580
-2715
-2139
-1021
275
1307
1536
1750
1235
35
-1220
-2070
-2332
-2114
-1224
10
1090
1808
1667
724
-310
-1223
-1704
-1587
-1059
13
922
1489
2609
2380
1702
860
-517
-1557
-2011
-1627
-979
-132
568
1050
1078
781
125
-632
-1203
-1379
-1076
-664
74
951
1395
1451
979
174
-412
-702
-604
-306
133
712
1173
1010
522
54
-452
-840
-992
-865
-521
8
319
406
309
110
-190
-774
-1143
-1140
-760
-293
101
413
497
369
-24
-300
-616
-602
-357
-27
219
369
449
231
28
-190
-340
74
877
1318
1857
2204
2089
1508
487
-263
-880
-1306
-1390
-1183
-721
-241
169
150
-272
-632
-1028
-1303
-1308
-1171
-597
73
382
403
318
45
-39
-129
-291
-64
367
597
753
779
655
535
184
-145
-398
-324
-197
-26
85
4
7
-154
-558
-753
-728
-622
-329
-162
-71
187
265
151
46
7
3
24
96
137
473
663
595
615
360
136
94
114
89
81
252
218
105
73
-15
-107
-93
-169
-198
-165
-158
-64
-150
-93
0
-71
-188
-261
-269
-148
62
144
217
293
203
72
-71
-111
-124
-209
-233
-151
-102
-2
101
240
318
289
84
-223
-235
-277
-293
-266
-132
-61
-91
40
188
331
305
300
215
-292
-345
-71
-199
35
160
51
176
232
256
259
135
34
-34
-77
41
170
220
245
265
-24
-230
-302
-291
-215
-94
76
103
198
152
124
29
-92
-141
-353
-376
-239
-169
-8
128
182
133
164
87
-114
-62
32
13
17
118
36
-83
-21
114
129
107
174
126
-8
43
116
220
206
91
105
5
-57
-42
95
137
-114
-14
-28
-166
40
-34
-104
-67
-150
-108
-12
-205
-48
-86
-371
-151
-344
-354
-54
-226
-135
-124
-263
-3
-145
-142
-83
-194
-14
-128
-59
33
-152
104
45
-27
205
-186
-70
10
-212
112
-100
-191
109
-105
153
207
-62
224
-62
-41
97
-165
114
-7
-19
182
-39
217
168
49
162
-101
81
18
-60
153
-64
94
-54
-156
27
-120
88
-6
-112
17
-11
168
874
1499
1082
861
656
179
137
-208
-290
-144
-47
-49
44
342
607
874
343
-461
-622
-593
-659
-327
-31
-59
327
293
-310
-359
-338
-367
-444
-671
-537
73
522
489
356
110
-178
-265
-520
-626
-139
230
128
-25
-44
-136
-44
-214
-692
-806
-645
-467
-201
14
173
395
309
-88
-235
-122
-35
111
119
75
325
646
647
539
490
307
249
148
-27
75
266
330
277
205
166
221
217
-60
-155
-43
39
194
280
351
480
583
444
306
322
342
407
320
166
195
312
256
149
102
1
-12
-9
-181
-223
-30
59
26
32
21
59
121
54
-64
-53
-30
-15
20
-27
-29
-25
-162
-391
-467
-429
-415
-340
-337
-393
-375
-317
-386
-491
-458
-424
-407
-390
-437
-473
-403
-337
-340
-323
-252
-209
-241
-334
-421
-442
-386
-350
-350
-353
-332
-366
-499
-657
-773
-791
-747
-659
-591
-448
-262
-147
-85
-70
-49
-38
38
103
201
353
525
597
562
579
565
518
519
537
519
564
658
789
888
935
969
974
912
835
797
751
789
872
917
969
1042
1054
988
916
801
707
667
608
558
571
658
680
676
553
373
233
93
10
-55
-37
3
40
-2
-76
-134
-193
-278
-416
-574
-725
-785
-861
-924
-940
-971
-1029
-1043
-1100
-1240
-1343
-1428
-1538
-1679
-1734
-1778
-1850
-1883
-1948
-2047
-2109
-2125
-2167
-2217
-2194
-2170
-2110
-2105
-2205
-2305
-2434
-2614
-2839
-3014
-3176
-3277
-3146
-2983
-2778
-2422
-2131
-1948
-1712
-1373
-1117
-741
-221
317
1086
2256
3618
4689
5388
5751
5656
5216
4690
4135
3583
3295
3355
3259
2889
2539
2191
1527
864
436
-91
-372
-158
199
491
1031
1622
1801
1725
1613
1453
1297
1340
1530
1646
1787
1990
2018
1779
1543
1349
976
578
322
169
95
217
326
418
531
540
467
293
149
109
223
272
257
268
246
153
33
-93
-299
-477
-599
-720
-850
-806
-716
-741
-841
-988
-1197
-1472
-1736
-2000
-2215
-2338
-2354
-2317
-2269
-2211
-2097
-2067
-2150
-2274
-2440
-2566
-2625
-2630
-2556
-2528
-2480
-2383
-2356
-2351
-2334
-2440
-2858
-3339
-3588
-3693
-3758
-3664
-3484
-3344
-3053
-2717
-2702
-2754
-2618
-2555
-2708
-2603
-1636
369
3267
5859
7522
8362
8265
7704
6637
5329
4302
4151
4286
3823
3455
3092
2772
2250
1490
295
-1086
-1671
-1910
-1869
-1343
-79
1215
1935
2400
2362
2097
1810
1668
1481
1425
1920
2254
2236
2064
1913
1653
1177
533
-347
-1041
-1402
-1544
-1473
-1211
-665
-105
120
-18
-314
-472
-548
-456
-188
130
598
1035
1382
1604
1836
1886
1569
1250
823
424
241
260
240
473
924
996
961
827
524
58
-199
-417
-696
-581
-274
33
188
415
449
236
-4
-297
-597
-884
-871
-829
-825
-702
-634
-790
-1164
-1481
-1894
-2335
-2611
-2713
-2704
-2588
-2324
-2223
-2264
-2357
-2494
-2654
-2765
-2733
-2535
-2315
-2154
-2105
-2199
-2264
-2310
-2356
-2596
-2860
-3043
-3053
-3009
-3151
-3249
-3345
-3424
-3577
-3676
-3745
-3794
-3517
-3415
-3142
-1616
1157
3885
5938
7675
8280
8002
7587
6625
5207
4475
4596
3809
2741
2553
2531
2133
1608
1082
-319
-1439
-1638
-1974
-2167
-1181
611
1504
2072
2782
2911
2630
2540
2434
1800
1656
1934
1655
1152
1293
1605
1206
722
210
-746
-1571
-1841
-2008
-2044
-1355
-502
-232
-150
123
298
285
395
322
4
61
308
314
478
992
1216
1044
794
320
-120
-225
-208
-263
-181
170
557
832
1041
1286
1341
1190
790
363
-28
-185
94
291
501
892
1200
1006
677
395
-34
-337
-547
-699
-801
-610
-292
-152
-116
-197
-348
-791
-1279
-1596
-1795
-1741
-1469
-1142
-980
-845
-762
-889
-1152
-1429
-1701
-2044
-2305
-2445
-2448
-2340
-2198
-2089
-2100
-2117
-2210
-2401
-2637
-2838
-2987
-3157
-3268
-3305
-3277
-3166
-3003
-2828
-2686
-2668
-2781
-3016
-3296
-3513
-3590
-3637
-3570
-3373
-2808
-1101
1638
4351
6347
7739
8060
7659
7175
6129
4832
4105
3756
2898
2178
2082
2031
1891
1620
997
-190
-980
-1233
-1461
-1124
24
1366
2101
2691
3127
3049
2954
2800
2306
1573
1192
833
277
134
360
465
226
-90
-702
-1421
-1718
-1818
-1838
-1517
-955
-544
-199
291
770
1038
1162
1005
538
143
-65
-214
-245
-24
134
87
11
-171
-382
-481
-516
-564
-496
-324
-72
357
775
1179
1548
1709
1630
1463
1289
1127
1139
1212
1172
1097
996
792
556
380
247
155
114
148
129
111
200
230
152
35
-120
-359
-546
-606
-642
-660
-586
-524
-580
-677
-748
-878
-1048
-1188
-1328
-1518
-1610
-1560
-1612
-1681
-1789
-1981
-2242
-2533
-2732
-2873
-2880
-2687
-2392
-2137
-1927
-1837
-1985
-2153
-2253
-2334
-2486
-2574
-2437
-2292
-2043
-1750
-1608
-1764
-2108
-2500
-3107
-3570
-3730
-3831
-3862
-3739
-3592
-3180
-1815
530
3198
5382
6960
7709
7565
7140
6456
5526
4594
4080
3370
2375
1877
1764
1758
1489
1203
452
-618
-1178
-1337
-1142
-427
900
1774
2209
2675
2899
2916
2787
2610
2068
1376
808
336
67
174
470
400
-3
-526
-1078
-1478
-1623
-1644
-1466
-1105
-797
-427
69
584
1061
1331
1176
719
286
-10
-136
-87
162
420
436
410
338
167
-17
-121
-313
-612
-733
-724
-525
-163
405
886
1127
1199
1113
962
702
711
714
632
638
660
716
827
1191
1421
1510
1414
1110
753
401
266
131
2
-135
-260
-456
-607
-593
-591
-592
-644
-779
-994
-1145
-1222
-1235
-1268
-1279
-1306
-1438
-1510
-1537
-1535
-1572
-1605
-1710
-1911
-2001
-1976
-1852
-1781
-1800
-1865
-1969
-2095
-2224
-2236
-2208
-2220
-2211
-2277
-2310
-2212
-1967
-1730
-1602
-1412
-1396
-1508
-1702
-1848
-2067
-2590
-2992
-3290
-3462
-3423
-3284
-3149
-3101
-2747
-1622
422
3000
5419
7335
8170
8099
7764
6922
5702
4606
3689
2450
1302
805
658
772
1027
1215
769
-36
-474
-771
-772
-88
992
1669
2123
2718
3063
3229
3313
3133
2417
1406
454
-404
-935
-950
-628
-489
-601
-696
-766
-824
-831
-766
-662
-583
-446
-83
361
881
1478
1842
1652
1135
716
190
-311
-516
-564
-743
-852
-698
-639
-617
-411
-260
-479
-621
-561
-535
-291
220
762
1056
1237
1344
1338
1322
1422
1469
1191
814
413
98
-95
-13
229
260
204
114
117
127
301
547
473
251
-19
-298
-565
-561
-388
-317
-353
-447
-551
-676
-636
-485
-456
-581
-693
-815
-930
-903
-861
-930
-1145
-1436
-1729
-1948
-1992
-1845
-1702
-1670
-1661
-1664
-1596
-1473
-1392
-1380
-1435
-1545
-1725
-1863
-1946
-1969
-1855
-1799
-1820
-1791
-1710
-1681
-1782
-1988
-2326
-2710
-3164
-3429
-3490
-3422
-3036
-2681
-2473
-2464
-2623
-2772
-2098
-207
2126
4493
6512
7758
8136
8189
7736
6574
5263
3886
2336
804
76
119
410
829
1215
1066
376
25
-100
-209
111
778
1188
1502
2275
3054
3575
3850
3830
3101
1852
723
-260
-1008
-1332
-1243
-1423
-1541
-1236
-958
-738
-495
-351
-635
-814
-813
-792
-380
357
1024
1269
1437
1415
1083
804
554
60
-549
-793
-1040
-1280
-1033
-576
-390
-258
-98
-282
-490
-402
-180
-62
203
566
772
914
1195
1573
1619
1618
1505
1135
703
448
393
258
353
444
427
361
354
495
454
442
431
356
216
172
262
200
151
63
-191
-530
-767
-855
-952
-979
-914
-854
-811
-705
-584
-597
-732
-934
-1257
-1675
-1961
-2069
-2035
-1869
-1621
-1422
-1307
-1220
-1263
-1344
-1479
-1613
-1675
-1755
-1865
-1917
-1790
-1665
-1564
-1484
-1510
-1570
-1603
-1573
-1575
-1633
-1671
-1705
-1824
-2076
-2452
-2834
-3059
-3042
-2990
-2962
-2924
-2957
-3024
-3185
-2457
-490
2057
4487
6394
7762
8102
8138
7797
6746
5403
4044
2647
934
53
80
307
487
743
650
-247
-761
-756
-716
-461
261
786
1016
1742
2652
3146
3350
3515
2961
1732
541
-266
-827
-1038
-806
-857
-970
-751
-333
-227
-212
-67
-326
-652
-832
-715
-361
373
1184
1467
1516
1391
1132
723
323
-68
-547
-914
-1091
-1069
-864
-429
-1
177
151
27
-185
-215
-59
80
253
445
758
1091
1421
1608
1589
1378
977
697
499
471
648
795
734
574
507
374
277
247
124
-63
-153
-59
37
127
249
267
62
-201
-391
-552
-604
-515
-475
-569
-586
-552
-532
-487
-479
-622
-903
-1177
-1435
-1601
-1630
-1503
-1349
-1352
-1383
-1407
-1491
-1652
-1835
-2050
-2281
-2271
-2029
-1759
-1532
-1288
-1060
-1089
-1223
-1270
-1349
-1442
-1359
-1252
-1378
-1420
-1302
-1304
-1571
-1873
-2302
-2984
-3473
-3766
-3841
-3634
-3136
-2731
-2651
-2744
-2948
-2418
-685
1883
4330
6263
7547
7878
7913
7667
6867
5546
4074
2405
485
-652
-777
-372
18
411
463
-145
-474
-201
122
388
983
1350
1393
1911
2794
3467
3839
3971
3372
2080
763
-67
-637
-1071
-1159
-1329
-1528
-1358
-800
-392
-120
104
-102
-457
-733
-669
-284
317
896
1185
1320
1256
1224
1122
808
334
-254
-785
-1220
-1319
-1101
-713
-399
-273
-238
-359
-464
-335
-198
-308
-333
-195
-52
273
822
1222
1315
1331
1178
887
668
715
789
672
652
651
630
643
797
921
804
704
546
308
99
97
138
7
-60
-145
-280
-369
-368
-385
-530
-685
-756
-803
-834
-725
-602
-641
-736
-797
-980
-1161
-1247
-1409
-1614
-1778
-1785
-1672
-1493
-1236
-964
-838
-954
-1056
-1220
-1480
-1598
-1769
-2039
-2265
-2283
-2142
-1984
-1703
-1478
-1485
-1729
-1901
-1953
-2053
-2044
-2117
-2390
-2722
-2849
-2939
-3099
-3196
-3348
-3370
-3348
-3336
-3079
-2123
-173
2456
4897
6650
7707
7993
7881
7356
6309
4885
3472
2115
797
136
12
228
488
641
412
-242
-551
-522
-326
-47
440
878
1317
2187
2982
3477
3735
3677
2971
1806
710
-135
-606
-787
-819
-923
-904
-569
-171
23
110
101
-212
-521
-705
-688
-358
265
785
978
1113
1062
975
774
385
-122
-719
-1194
-1515
-1495
-1273
-855
-436
-234
-89
-53
39
166
275
304
374
536
796
1281
1668
1893
1936
1729
1296
821
491
281
232
181
110
40
68
272
419
396
293
190
65
27
126
233
333
454
442
224
40
-27
-141
-342
-558
-825
-1072
-1120
-1060
-1004
-1000
-1027
-1097
-1251
-1344
-1328
-1274
-1302
-1350
-1452
-1614
-1643
-1617
-1608
-1686
-1727
-1696
-1591
-1407
-1297
-1271
-1480
-1722
-1929
-2101
-2102
-2015
-1800
-1623
-1503
-1446
-1383
-1326
-1381
-1482
-1730
-2125
-2617
-3023
-3317
-3322
-3061
-2758
-2546
-2638
-2719
-2823
-2554
-1369
722
3029
4866
6478
7357
7690
7773
7213
5875
4190
2756
1170
-16
-337
-79
261
487
758
529
158
159
313
193
260
721
1015
1556
2524
3357
3616
3708
3432
2429
1282
416
-215
-859
-1149
-1226
-1299
-1048
-500
-101
-98
-55
-142
-504
-734
-608
-292
109
668
1086
1270
1441
1568
1402
989
457
-160
-796
-1276
-1484
-1484
-1315
-1042
-740
-547
-322
-8
193
326
399
418
458
601
803
1012
1233
1316
1348
1356
1238
1101
894
552
237
20
-145
-129
62
230
413
567
572
506
355
102
-111
-282
-452
-497
-472
-412
-252
-127
-144
-239
-443
-724
-917
-1121
-1264
-1250
-1213
-1138
-996
-894
-890
-917
-1096
-1414
-1712
-1960
-2034
-1945
-1753
-1521
-1356
-1320
-1342
-1342
-1409
-1504
-1698
-1946
-2036
-2030
-1905
-1655
-1349
-1078
-885
-784
-1006
-1383
-1757
-2251
-2952
-3592
-3636
-3463
-3232
-2844
-2631
-2579
-2349
-1913
-1922
-2036
-1566
-453
1251
3304
5410
6888
7575
7763
7398
6273
4808
3525
2041
503
-448
-753
-716
-282
377
607
412
282
372
307
294
672
1081
1415
2033
2829
3288
3627
3872
3416
2308
1198
288
-573
-1161
-1373
-1448
-1402
-1026
-510
-192
38
246
145
-234
-475
-469
-278
77
555
932
1129
1261
1277
1096
636
85
-524
-1177
-1638
-1721
-1516
-1184
-648
-171
113
308
553
695
658
649
558
474
484
737
1035
1267
1518
1545
1323
993
802
545
277
125
-41
-142
-78
151
282
421
578
619
512
347
269
179
107
69
27
-108
-143
-71
-127
-224
-362
-580
-859
-1037
-1132
-1205
-1227
-1253
-1270
-1324
-1364
-1349
-1371
-1497
-1675
-1852
-2026
-2089
-2003
-1917
-1800
-1610
-1432
-1348
-1356
-1337
-1364
-1421
-1488
-1580
-1641
-1632
-1494
-1394
-1368
-1331
-1319
-1488
-1815
-2245
-2739
-3037
-3107
-3087
-3046
-2895
-2746
-2549
-2246
-1987
-1830
-1843
-1879
-2041
-1728
-260
1988
4239
6038
7322
7549
7334
7115
6202
4672
3094
1683
108
-775
-579
-69
482
1010
1267
755
310
461
547
509
736
1119
1284
1879
2894
3507
3703
3635
3024
1758
534
-299
-899
-1297
-1489
-1531
-1461
-1039
-351
159
305
233
-4
-416
-728
-713
-383
61
461
772
945
1011
1041
937
481
-194
-822
-1385
-1738
-1663
-1257
-833
-411
8
233
325
462
559
490
379
294
256
392
747
1089
1214
1185
1041
768
421
217
137
83
169
299
439
695
1057
1251
1173
970
631
287
53
-70
-121
-157
-120
-102
-111
-71
-2
-47
-303
-576
-896
-1185
-1245
-1174
-1104
-1056
-978
-973
-1014
-1060
-1195
-1415
-1695
-1928
-2071
-2106
-1941
-1599
-1267
-1007
-813
-731
-758
-852
-1091
-1547
-1995
-2339
-2500
-2538
-2469
-2176
-1865
-1598
-1497
-1541
-1811
-2204
-2539
-3070
-3484
-3633
-3447
-3088
-2687
-2170
-1898
-1765
-1752
-1717
-1877
-2064
-1311
330
2506
4692
6582
7643
7905
7933
7219
5729
3974
2455
913
-517
-1015
-824
-388
145
745
822
462
413
444
314
352
786
1148
1505
2289
3144
3595
3695
3601
2865
1600
457
-419
-1133
-1511
-1478
-1452
-1313
-786
-150
186
252
214
-87
-511
-726
-636
-331
204
811
1188
1331
1359
1261
909
363
-259
-836
-1281
-1481
-1369
-1044
-580
-169
142
239
175
178
182
136
77
161
297
524
926
1267
1469
1514
1425
1127
706
370
136
-40
-94
49
213
391
650
809
739
671
626
442
278
179
99
39
93
75
-82
-207
-330
-456
-683
-865
-976
-1107
-1124
-1022
-900
-813
-626
-538
-652
-756
-922
-1207
-1528
-1802
-2061
-2279
-2342
-2188
-1861
-1514
-1187
-960
-986
-1167
-1387
-1791
-2293
-2572
-2665
-2738
-2668
-2347
-1951
-1567
-1299
-1286
-1527
-1976
-2343
-2639
-2991
-3125
-2966
-2948
-3094
-2808
-2360
-2123
-1901
-1876
-2172
-2111
-880
1175
3355
5385
7004
7610
7364
7120
6490
5140
3730
2456
749
-664
-801
-441
-60
530
987
642
124
169
246
307
741
1404
1619
1871
2716
3432
3730
3805
3469
2257
843
-83
-846
-1354
-1345
-1118
-1166
-1113
-679
-328
-141
5
-24
-400
-744
-667
-384
103
823
1378
1458
1293
1132
724
215
-197
-694
-1202
-1471
-1404
-1184
-728
-171
119
152
86
25
-51
67
341
562
757
979
1185
1321
1487
1523
1264
801
318
-103
-383
-365
-159
54
258
495
627
706
853
889
800
682
583
490
493
574
595
565
418
185
-131
-478
-741
-950
-1091
-1169
-1183
-1166
-1069
-902
-800
-728
-741
-858
-1043
-1321
-1609
-1848
-2031
-2176
-2208
-2172
-2120
-1956
-1771
-1669
-1608
-1537
-1477
-1525
-1643
-1725
-1764
-1805
-1855
-1904
-2035
-2143
-2127
-2198
-2339
-2385
-2267
-2151
-2168
-2158
-2237
-2361
-2343
-2196
-2324
-2745
-2822
-2789
-2859
-2987
-2850
-1771
426
3215
5438
6980
7829
8005
7524
6108
4525
3263
2331
1246
263
26
352
985
1282
1142
603
22
-323
-788
-861
-131
976
1785
2421
3142
3591
3848
3707
2948
1890
853
-82
-976
-1364
-1119
-652
-352
-290
-288
-345
-358
-483
-730
-818
-641
-355
-4
546
1214
1878
2139
1902
1337
734
154
-410
-812
-1073
-1031
-933
-815
-659
-456
-237
-238
-355
-541
-526
-362
-106
262
662
1096
1345
1404
1332
1262
1151
935
662
405
245
207
240
285
414
536
576
462
333
279
267
310
359
454
443
404
320
142
-19
-166
-361
-658
-808
-839
-810
-679
-543
-478
-533
-665
-899
-1152
-1349
-1470
-1530
-1572
-1566
-1569
-1638
-1735
-1816
-1907
-1954
-1968
-1972
-1887
-1687
-1466
-1313
-1235
-1310
-1481
-1794
-2159
-2449
-2631
-2651
-2675
-2726
-2627
-2195
-1916
-1876
-1923
-2317
-2812
-3048
-3131
-3288
-3012
-2602
-2576
-2736
-2897
-3005
-2733
-1233
1091
3514
5560
7144
7856
7678
7339
6368
4963
3715
2749
1508
471
311
363
629
814
719
140
-516
-833
-1054
-791
48
1224
2018
2586
3252
3622
3832
3792
3266
2286
1334
505
-311
-734
-682
-424
-340
-413
-562
-815
-1020
-1092
-1140
-1095
-657
-176
205
703
1311
1763
1883
1728
1152
559
93
-287
-567
-710
-571
-514
-532
-628
-676
-695
-730
-668
-642
-429
-51
376
721
1053
1393
1558
1496
1230
970
750
603
482
415
331
263
222
62
-20
7
107
147
221
383
578
846
987
1042
962
745
469
122
-210
-459
-547
-611
-688
-693
-699
-744
-819
-903
-1012
-1141
-1208
-1299
-1409
-1363
-1264
-1300
-1486
-1708
-2004
-2344
-2555
-2660
-2600
-2378
-2055
-1829
-1720
-1505
-1342
-1331
-1438
-1600
-1895
-2191
-2279
-2294
-2241
-2189
-2080
-2083
-2191
-2210
-2382
-2812
-3264
-3327
-3316
-3244
-2946
-2814
-2806
-2869
-2949
-3269
-3174
-1723
625
3163
5365
7141
7885
7856
7676
6678
5296
4246
3510
2457
1565
1451
1253
1044
878
531
-238
-998
-1225
-1578
-1549
-630
640
1654
2535
3447
3644
3526
3467
3013
2295
1649
1181
541
146
212
180
39
-184
-467
-1010
-1471
-1577
-1659
-1526
-1086
-485
44
665
1210
1360
1320
1174
882
541
417
364
326
260
183
5
-257
-453
-781
-1122
-1396
-1394
-1267
-1004
-499
-35
456
822
1062
1063
960
923
848
890
1001
1206
1371
1413
1356
1150
922
636
303
2
-238
-252
-77
215
527
810
970
818
543
137
-262
-512
-608
-570
-513
-366
-321
-364
-522
-737
-952
-1237
-1414
-1533
-1559
-1449
-1209
-1033
-1031
-1103
-1351
-1731
-2142
-2511
-2762
-2833
-2688
-2429
-2178
-1960
-1767
-1645
-1644
-1669
-1651
-1679
-1721
-1791
-1910
-1939
-1806
-1613
-1578
-1780
-2138
-2433
-2539
-2706
-2865
-2919
-2996
-3086
-3151
-3190
-3292
-3097
-2813
-2932
-3180
-2866
-1438
769
3382
5653
7038
7704
7847
7454
6405
5420
4775
4107
3373
2865
2624
2301
1944
1330
249
-748
-1306
-1750
-2136
-1964
-1201
-276
773
1794
2493
2875
3000
2826
2361
2126
2164
2079
1897
1735
1564
1294
1090
755
138
-499
-1164
-1821
-2249
-2210
-1809
-1309
-774
-360
-122
37
169
249
261
394
581
694
866
1019
1063
957
706
340
-81
-372
-609
-770
-785
-699
-431
-183
40
197
258
308
263
325
381
553
819
1005
1191
1213
1257
1174
975
783
607
562
475
534
601
622
681
508
183
-168
-389
-581
-723
-695
-708
-627
-587
-717
-786
-833
-919
-1131
-1280
-1370
-1363
-1166
-1057
-956
-937
-1003
-1151
-1403
-1614
-1864
-2052
-2188
-2230
-2202
-2157
-2004
-1926
-1865
-1819
-1859
-1902
-1960
-1967
-1932
-1772
-1612
-1553
-1445
-1358
-1280
-1333
-1494
-1705
-1895
-1941
-2002
-1991
-1998
-2055
-2087
-2107
-2122
-2252
-2236
-2129
-2001
-1899
-2024
-1865
-1022
552
2238
3588
4667
5367
5918
5950
5541
5079
4751
4642
4303
4018
3829
3814
3733
3096
2211
1239
523
-154
-798
-1111
-1142
-775
-451
-238
8
290
543
469
338
314
471
764
886
1044
1213
1409
1506
1425
1411
1292
1106
696
144
-287
-566
-630
-672
-616
-565
-597
-685
-938
-1109
-1155
-1159
-1168
-1231
-1228
-1181
-1052
-927
-828
-679
-600
-581
-661
-649
-447
-200
-45
-33
-1
99
129
-76
-228
-177
-226
-498
-614
-544
-322
123
297
215
110
47
-227
-409
-380
-351
-90
60
266
272
-31
-112
367
703
290
101
171
98
-211
-367
-274
-314
-474
-664
-628
-385
-141
-275
-491
-272
26
-151
-450
-307
-195
-291
-316
-314
-465
-349
-85
-220
-405
-412
-418
-481
-490
-527
-538
-447
-300
-224
-231
-143
-109
-242
-339
-358
-507
-583
-446
-251
-90
-68
-54
86
209
182
88
43
102
105
-110
-328
-326
-222
-129
-114
-140
-63
-5
-52
-178
-254
-231
-171
-153
-168
-129
-110
-79
-111
-189
-199
-161
-138
-155
-151
-122
-47
-3
-1
13
46
74
50
23
33
90
137
180
221
285
360
410
441
479
509
492
456
402
370
363
381
406
434
446
414
384
351
337
320
274
198
135
103
97
150
235
338
425
468
466
467
460
433
402
350
323
314
321
327
336
320
241
146
26
-84
-181
-241
-266
-290
-281
-281
-272
-251
-244
-240
-223
-166
-110
-38
21
70
142
153
108
26
-82
-212
-331
-434
-540
-635
-723
-722
-663
-584
-457
-328
-286
-287
-276
-310
-316
-302
-302
-259
-169
-82
-18
56
129
167
115
34
-62
-167
-193
-170
-157
-123
-77
-32
-24
-88
-177
-263
-330
-404
-478
-476
-390
-276
-165
-44
51
147
211
210
168
112
17
-109
-231
-355
-380
-349
-302
-254
-246
-230
-226
-257
-338
-408
-439
-403
-352
-335
-273
-206
-112
-50
-66
-45
-25
-15
10
-5
-6
95
208
311
371
350
351
335
281
275
287
332
437
450
562
1043
1474
1726
1741
1318
1167
1398
1370
1418
1440
1222
1248
1139
853
872
671
289
6
-331
-369
-231
-367
-517
-599
-708
-616
-477
-420
-287
-313
-525
-544
-398
-219
61
108
26
149
184
138
98
-22
-82
-98
-223
-317
-338
-423
-495
-587
-635
-605
-585
-607
-688
-660
-593
-589
-517
-414
-247
-98
-183
-314
-218
-82
-87
-125
-296
-486
-443
-482
-597
-521
-532
-572
-455
-503
-504
-252
-235
-278
-315
-470
-227
10
-80
-124
-123
-2
165
225
213
209
186
95
83
71
3
-35
-51
66
21
-137
-64
-176
-131
63
-218
-205
-49
-183
149
403
316
452
325
284
665
501
150
195
43
75
354
52
-14
367
301
401
427
22
161
211
-129
41
144
17
99
38
103
412
270
55
179
201
279
289
116
374
600
335
212
177
80
264
165
-172
-160
-129
12
118
25
51
-14
90
278
192
205
207
169
382
413
338
359
261
331
311
107
12
-161
-210
-168
-308
-418
-375
-262
-323
-593
-536
-331
-271
-147
-317
-512
-198
55
-5
54
-25
-274
-240
-237
-280
-181
-224
-482
-679
-594
-410
-265
-345
-646
-757
-668
-463
-330
-297
-186
-250
-275
-22
181
342
262
-32
16
177
254
208
53
181
137
-170
-295
-338
-64
289
90
-175
-56
64
177
133
-131
-57
177
231
237
257
453
616
478
437
472
615
842
498
162
318
321
401
512
159
129
383
256
350
399
116
129
30
-123
215
397
393
449
238
233
434
332
224
83
-126
-124
-127
-145
-23
43
24
-93
-190
26
175
130
11
-377
-382
-9
172
280
159
-13
79
176
245
276
92
11
33
-93
-9
60
-181
-237
-224
-373
-305
-380
-654
-543
-485
-493
-304
-392
-481
-369
-511
-530
-369
-435
-319
-256
-406
-249
-221
-401
-385
-531
-645
-500
-580
-631
-533
-610
-557
-588
-799
-716
-721
-657
-409
-627
-789
-759
-821
-481
-247
-458
-421
-309
-256
-117
-262
-383
-232
-81
72
34
-50
81
147
215
340
243
303
529
429
486
679
618
715
807
760
902
965
854
906
1021
1079
1110
1041
1036
1044
930
845
768
784
878
762
639
702
776
870
805
599
505
499
577
590
621
677
567
514
503
479
606
686
517
342
285
180
166
239
163
109
125
25
-14
66
44
-83
-216
-272
-194
-42
22
-76
-176
-248
-408
-514
-607
-739
-801
-977
-1182
-1213
-1145
-1000
-976
-1152
-1311
-1417
-1382
-1244
-1158
-1048
-1066
-1154
-1066
-948
-755
-635
-836
-986
-1072
-1114
-907
-896
-1017
-1000
-1159
-1165
-892
-951
-1068
-956
-1063
-1026
-855
-995
-919
-734
-786
-750
-753
-754
-625
-603
-530
-539
-571
-423
-424
-319
-86
-73
-56
-41
-85
113
490
707
824
932
1025
1269
1543
1653
1740
1810
1866
1967
2045
2234
2438
2445
2382
2256
2202
2321
2366
2218
1974
1769
1607
1462
1326
1178
1067
944
706
455
328
243
143
-26
-223
-307
-305
-311
-349
-341
-381
-452
-463
-485
-432
-340
-362
-408
-349
-245
-123
-34
-52
-69
-24
41
67
111
221
295
322
293
222
185
152
116
76
10
-53
-68
-28
-2
-45
-106
-182
-262
-270
-326
-465
-543
-545
-575
-635
-623
-649
-679
-667
-763
-838
-783
-733
-755
-815
-846
-793
-733
-780
-925
-1001
-965
-987
-1057
-1147
-1259
-1246
-1203
-1309
-1423
-1499
-1587
-1596
-1629
-1701
-1683
-1635
-1585
-1606
-1671
-1659
-1643
-1686
-1812
-1966
-1997
-1930
-1864
-1759
-1533
-1181
-837
-599
-434
-246
137
540
740
857
1015
1277
1640
2011
2341
2695
3032
3217
3277
3355
3487
3562
3519
3435
3349
3316
3281
3068
2842
2712
2482
2199
1878
1521
1267
987
608
285
81
-79
-291
-528
-755
-879
-898
-988
-1119
-1189
-1235
-1265
-1283
-1274
-1187
-1087
-1036
-1013
-958
-824
-673
-555
-427
-294
-179
-113
-85
-28
72
170
225
293
396
466
491
505
556
609
586
509
445
444
436
371
307
284
282
242
135
7
-50
-88
-174
-231
-256
-227
-137
-85
-67
-33
-34
-74
-116
-110
-63
-28
-29
-47
-33
18
18
-75
-165
-230
-324
-400
-469
-539
-562
-604
-725
-821
-837
-872
-963
-1094
-1251
-1335
-1362
-1455
-1549
-1617
-1706
-1771
-1838
-1968
-2140
-2313
-2446
-2476
-2470
-2533
-2634
-2719
-2702
-2626
-2630
-2678
-2703
-2694
-2554
-2225
-1799
-1370
-1032
-873
-659
-154
413
784
977
1111
1366
1725
2035
2378
2826
3274
3541
3617
3697
3874
4073
4056
3790
3583
3545
3516
3385
3180
2964
2744
2466
2102
1761
1536
1297
915
477
173
4
-182
-413
-646
-849
-996
-1159
-1342
-1427
-1462
-1568
-1691
-1741
-1670
-1463
-1301
-1221
-1092
-946
-811
-671
-519
-346
-198
-122
-94
-6
173
348
441
486
568
632
647
662
649
627
599
517
459
460
472
464
393
313
257
210
202
204
192
157
111
112
152
204
224
203
187
199
231
228
207
209
216
207
191
224
306
354
343
279
188
105
30
-63
-165
-228
-280
-359
-425
-516
-672
-822
-982
-1162
-1308
-1453
-1573
-1680
-1797
-1863
-1934
-2004
-2033
-2108
-2176
-2190
-2208
-2223
-2253
-2274
-2262
-2270
-2273
-2269
-2290
-2334
-2423
-2513
-2570
-2612
-2668
-2744
-2692
-2371
-1876
-1479
-1258
-1044
-701
-143
459
800
1005
1265
1540
1803
2097
2528
3103
3599
3800
3816
3909
4136
4285
4205
4022
3865
3771
3647
3457
3350
3262
3044
2683
2227
1837
1541
1123
581
113
-238
-502
-730
-972
-1122
-1188
-1317
-1475
-1578
-1605
-1617
-1691
-1790
-1773
-1599
-1416
-1278
-1150
-1023
-906
-828
-745
-589
-371
-216
-163
-72
111
322
486
580
651
740
769
705
672
682
686
666
603
589
629
642
582
484
455
447
378
300
234
212
209
136
101
159
211
227
199
168
228
327
344
337
344
355
375
372
370
389
385
325
248
197
155
94
9
-58
-108
-172
-273
-417
-536
-641
-763
-882
-990
-1095
-1204
-1331
-1459
-1567
-1674
-1785
-1858
-1901
-1945
-1986
-2067
-2142
-2103
-2032
-2048
-2120
-2201
-2251
-2215
-2164
-2183
-2207
-2212
-2231
-2258
-2307
-2362
-2398
-2412
-2351
-2107
-1725
-1342
-1040
-869
-667
-237
276
666
919
1058
1245
1590
1989
2442
2936
3323
3530
3580
3623
3786
3949
3944
3799
3609
3446
3354
3235
3086
2950
2706
2341
1960
1610
1334
1062
672
277
7
-229
-477
-708
-947
-1179
-1364
-1552
-1700
-1716
-1708
-1774
-1839
-1819
-1696
-1503
-1356
-1244
-1101
-977
-852
-690
-503
-277
-94
-24
16
124
276
411
514
586
653
721
741
734
750
741
690
618
543
518
533
522
481
470
476
460
447
421
382
354
297
232
217
222
213
205
187
178
199
195
175
186
191
150
97
94
143
218
238
191
149
107
60
11
-58
-114
-165
-257
-334
-389
-459
-544
-668
-775
-867
-1017
-1185
-1338
-1477
-1568
-1648
-1749
-1796
-1817
-1892
-1980
-2055
-2116
-2093
-2045
-2065
-2081
-2065
-2011
-1892
-1793
-1781
-1825
-1893
-1957
-1986
-2014
-2024
-2043
-2126
-2181
-2084
-1760
-1317
-1031
-921
-805
-523
-55
357
580
763
1012
1298
1619
2001
2503
3050
3397
3471
3506
3694
3943
4037
3920
3743
3635
3544
3381
3192
3073
2947
2668
2260
1858
1555
1283
881
402
73
-110
-291
-483
-693
-863
-972
-1177
-1422
-1531
-1581
-1666
-1780
-1875
-1818
-1614
-1438
-1325
-1202
-1070
-973
-888
-770
-589
-387
-272
-233
-131
61
241
373
447
501
551
542
514
559
635
676
676
623
619
666
610
506
448
394
342
284
214
222
288
297
266
272
307
341
324
252
218
257
286
294
339
379
411
447
433
415
424
382
307
260
223
176
129
83
51
13
-95
-238
-341
-431
-534
-656
-798
-900
-975
-1079
-1191
-1290
-1371
-1440
-1530
-1619
-1712
-1831
-1949
-2035
-2045
-2016
-2030
-2077
-2119
-2087
-1966
-1860
-1823
-1803
-1811
-1829
-1795
-1719
-1604
-1537
-1598
-1665
-1651
-1563
-1476
-1482
-1443
-1243
-966
-678
-467
-296
19
360
577
762
921
1132
1441
1660
1879
2257
2639
2962
3173
3203
3293
3466
3462
3383
3345
3236
3147
3034
2756
2580
2500
2243
1928
1599
1196
903
616
206
-55
-225
-488
-676
-844
-1027
-1080
-1172
-1362
-1439
-1460
-1517
-1534
-1543
-1512
-1359
-1199
-1108
-985
-834
-737
-651
-561
-488
-344
-175
-98
-16
113
207
317
436
485
530
580
576
609
687
721
762
791
771
775
751
660
606
554
449
376
328
282
304
314
270
264
270
237
215
184
156
186
213
213
238
292
326
320
307
284
254
210
94
-43
-114
-174
-256
-327
-395
-456
-506
-577
-663
-744
-838
-946
-1037
-1089
-1127
-1203
-1297
-1341
-1326
-1312
-1392
-1532
-1627
-1646
-1623
-1648
-1714
-1716
-1661
-1623
-1609
-1602
-1531
-1372
-1278
-1307
-1379
-1457
-1442
-1329
-1302
-1347
-1389
-1472
-1477
-1394
-1353
-1315
-1295
-1303
-1189
-967
-721
-488
-352
-224
44
358
662
951
1119
1293
1518
1663
1911
2294
2582
2814
2921
2872
2976
3141
3130
3123
3083
2929
2841
2715
2503
2432
2347
2062
1760
1451
1119
893
634
287
44
-167
-431
-585
-679
-813
-913
-1064
-1273
-1317
-1279
-1308
-1280
-1225
-1195
-1079
-975
-914
-743
-599
-561
-494
-417
-313
-126
-16
22
133
242
308
415
514
563
613
593
512
534
604
616
634
621
570
559
505
412
396
375
285
203
108
33
51
56
21
36
36
0
-9
-24
-34
-15
-22
-43
-18
11
0
1
11
7
13
-24
-118
-176
-228
-320
-390
-441
-500
-554
-633
-720
-750
-773
-856
-963
-1046
-1092
-1103
-1157
-1273
-1366
-1396
-1388
-1361
-1347
-1380
-1425
-1461
-1485
-1453
-1414
-1425
-1423
-1388
-1334
-1236
-1185
-1211
-1190
-1173
-1202
-1179
-1175
-1213
-1184
-1174
-1205
-1149
-1096
-1086
-1044
-1059
-1095
-999
-768
-483
-246
-138
-84
79
421
792
1037
1207
1338
1449
1630
1841
2047
2345
2594
2645
2643
2675
2712
2774
2777
2657
2571
2531
2414
2284
2179
2026
1844
1609
1308
1059
859
614
350
107
-98
-244
-368
-504
-628
-745
-883
-1005
-1088
-1136
-1135
-1129
-1123
-1060
-975
-889
-775
-674
-599
-516
-444
-368
-235
-104
-8
101
208
291
362
411
449
509
551
538
502
481
476
494
513
521
531
506
434
360
308
277
255
200
127
87
68
60
75
82
77
75
42
-9
-36
-42
-34
-7
18
15
-2
-20
-35
-44
-67
-136
-218
-284
-353
-426
-524
-641
-725
-785
-860
-937
-1024
-1120
-1165
-1161
-1196
-1279
-1374
-1467
-1460
-1361
-1340
-1399
-1441
-1505
-1523
-1453
-1447
-1444
-1360
-1363
-1364
-1230
-1133
-1051
-960
-1035
-1118
-1042
-980
-940
-911
-1036
-1190
-1208
-1127
-974
-851
-882
-992
-1090
-1124
-1030
-876
-685
-452
-310
-214
-7
247
528
847
1012
1078
1257
1453
1660
1982
2260
2455
2658
2770
2816
2906
2932
2841
2734
2635
2536
2462
2387
2267
2104
1906
1659
1416
1218
980
678
367
101
-67
-165
-274
-378
-456
-542
-665
-814
-931
-970
-987
-1023
-1039
-1002
-914
-819
-751
-685
-598
-531
-487
-417
-340
-263
-157
-63
15
128
210
235
274
293
309
356
382
429
505
503
471
482
503
499
465
447
394
298
288
293
278
257
157
558
1585
2032
1497
574
-98
28
253
-202
-550
-274
163
238
-413
-1205
-1328
-1121
-1046
-1100
-1151
-904
-485
-382
-664
-1043
-1256
-1235
-1133
-1132
-1215
-1130
-869
-753
-763
-838
-1028
-1128
-1325
-1757
-1862
-1566
-1300
-1144
-1187
-1363
-1335
-1338
-1654
-1834
-1652
-1447
-1358
-1355
-1384
-1241
-1132
-1415
-1718
-1679
-1494
-1392
-1479
-1574
-1433
-1233
-1209
-1303
-1360
-1283
-1232
-1323
-1199
-603
298
1184
1773
2087
2322
2491
2527
2522
2678
3070
3545
3920
4145
4226
4195
3968
3491
2976
2540
2157
1842
1541
1271
1094
894
560
141
-345
-867
-1313
-1592
-1633
-1465
-1227
-1005
-816
-683
-616
-554
-445
-258
-7
250
554
927
1276
1516
1595
1544
1448
1310
1147
1044
984
925
825
630
450
320
125
-123
-386
-597
-683
-688
-611
-390
-85
186
336
354
340
345
405
566
785
1020
1236
1356
1344
1206
971
722
540
409
244
78
-8
-74
-221
-456
-774
-1046
-1202
-1356
-1439
-1348
-1193
-1059
-1017
-1124
-1231
-1266
-1313
-1307
-1198
-1065
-938
-862
-876
-947
-1098
-1337
-1573
-1768
-1912
-1976
-2003
-2007
-1982
-2002
-2063
-2099
-2090
-2050
-2067
-2214
-2396
-2511
-2418
-2031
-1646
-1548
-1629
-1765
-1893
-1950
-2039
-2134
-1984
-1687
-1604
-1813
-2111
-2259
-2242
-2276
-2446
-2572
-2326
-1352
385
2390
4011
4777
4654
4135
3743
3712
4148
5058
6132
6785
6668
5966
5050
4095
3150
2239
1496
1098
953
841
682
423
-12
-678
-1477
-2085
-2289
-2088
-1531
-795
-165
266
500
514
394
291
343
674
1259
1868
2270
2366
2166
1727
1157
657
378
256
172
102
8
-162
-390
-652
-940
-1201
-1393
-1478
-1341
-939
-447
-46
224
375
429
445
529
776
1166
1575
1882
2006
1945
1733
1399
1059
797
619
550
540
483
328
30
-354
-665
-859
-941
-864
-674
-482
-352
-310
-354
-419
-454
-469
-460
-408
-341
-260
-189
-215
-356
-571
-839
-1116
-1362
-1560
-1688
-1770
-1895
-2118
-2417
-2697
-2869
-2895
-2807
-2714
-2686
-2705
-2748
-2777
-2696
-2457
-2164
-1969
-1889
-1910
-1990
-1974
-1813
-1608
-1443
-1417
-1521
-1598
-1639
-1744
-1866
-1949
-2020
-2143
-2376
-2595
-2628
-2556
-2527
-2605
-2791
-2887
-2380
-811
1560
3785
5080
5344
5028
4678
4512
4657
5382
6573
7500
7546
6787
5712
4628
3559
2550
1736
1208
909
651
306
-91
-489
-969
-1560
-2101
-2384
-2272
-1690
-788
66
687
1065
1145
965
737
736
1110
1703
2227
2494
2436
2099
1595
1007
469
104
-135
-330
-491
-642
-822
-1025
-1233
-1466
-1719
-1870
-1779
-1454
-1014
-555
-150
159
361
467
575
824
1223
1625
1918
2086
2131
2051
1845
1556
1282
1036
794
578
352
123
-54
-221
-416
-619
-815
-913
-833
-633
-361
-80
117
215
190
84
58
156
296
412
434
321
76
-294
-726
-1112
-1400
-1601
-1739
-1880
-2075
-2297
-2515
-2700
-2815
-2893
-2966
-2971
-2916
-2864
-2784
-2668
-2540
-2383
-2229
-2078
-1875
-1677
-1587
-1662
-1897
-2076
-1924
-1547
-1334
-1392
-1546
-1707
-1901
-2159
-2405
-2398
-2164
-2125
-2459
-2784
-2716
-2451
-2448
-2792
-3234
-3396
-2576
-365
2522
4910
6108
6024
5194
4435
4161
4573
5872
7563
8530
8179
6894
5349
3892
2644
1795
1372
1144
974
719
202
-429
-948
-1454
-1988
-2396
-2536
-2191
-1288
-172
673
1075
1148
956
543
304
644
1435
2268
2823
2899
2483
1753
937
255
-115
-146
-43
-31
-167
-466
-910
-1324
-1574
-1712
-1752
-1607
-1297
-958
-643
-327
-37
163
256
306
451
767
1197
1606
1871
1932
1774
1440
1102
930
915
981
1039
960
705
351
-6
-276
-431
-494
-483
-438
-427
-419
-344
-212
-58
61
123
176
239
298
363
410
378
232
-29
-356
-642
-866
-1046
-1179
-1331
-1578
-1896
-2214
-2480
-2633
-2658
-2620
-2581
-2603
-2711
-2865
-2979
-2922
-2650
-2319
-2063
-1828
-1574
-1365
-1271
-1334
-1533
-1789
-2039
-2202
-2120
-1714
-1249
-1158
-1544
-2166
-2769
-3165
-3207
-2879
-2307
-1763
-1589
-1916
-2569
-3212
-3586
-3565
-2842
-999
1701
4251
5790
6104
5538
4740
4204
4193
4937
6374
7811
8386
7818
6448
4763
3152
1966
1364
1208
1304
1399
1165
514
-329
-1155
-1854
-2315
-2451
-2171
-1447
-485
354
819
915
735
386
119
228
781
1596
2365
2790
2693
2130
1322
550
60
-64
98
362
472
252
-241
-835
-1364
-1707
-1815
-1685
-1381
-1037
-754
-553
-419
-346
-323
-277
-106
205
607
1058
1458
1658
1605
1371
1088
883
831
942
1137
1267
1197
896
450
23
-243
-331
-282
-146
-46
-50
-80
-106
-145
-164
-153
-98
12
117
200
285
313
213
-27
-345
-619
-800
-908
-926
-923
-1051
-1353
-1766
-2159
-2382
-2400
-2280
-2130
-2091
-2240
-2514
-2790
-2940
-2917
-2778
-2563
-2276
-2043
-2005
-2103
-2193
-2209
-2140
-2006
-1857
-1669
-1451
-1425
-1759
-2228
-2486
-2499
-2409
-2242
-2046
-2012
-2229
-2556
-2817
-2894
-2809
-2687
-2419
-1510
299
2489
4243
5094
5032
4454
3982
4009
4589
5691
7053
7996
7929
6888
5352
3828
2714
2207
2155
2251
2267
1982
1244
228
-732
-1454
-1851
-1901
-1697
-1351
-894
-411
-111
-83
-170
-222
-193
33
511
1110
1713
2193
2328
2047
1515
954
581
495
629
824
901
739
304
-327
-933
-1303
-1417
-1348
-1172
-1000
-902
-883
-920
-964
-948
-816
-567
-242
128
525
891
1155
1262
1210
1089
1016
1052
1206
1419
1580
1573
1339
932
474
98
-93
-94
2
62
-10
-208
-430
-578
-584
-449
-245
-74
-16
-58
-130
-181
-174
-99
-35
-65
-186
-353
-534
-717
-895
-1071
-1240
-1389
-1518
-1650
-1781
-1899
-2028
-2158
-2251
-2316
-2397
-2493
-2551
-2548
-2522
-2503
-2462
-2386
-2297
-2231
-2201
-2188
-2184
-2174
-2139
-2071
-1960
-1823
-1746
-1788
-1930
-2098
-2154
-2037
-1902
-1908
-2018
-2113
-2180
-2323
-2398
-1850
-313
1748
3395
4056
3895
3512
3341
3484
3976
4873
6024
6969
7215
6653
5588
4445
3584
3156
3035
3049
3062
2816
2117
1082
27
-769
-1222
-1410
-1401
-1243
-1040
-888
-864
-973
-1083
-1107
-1019
-733
-270
248
762
1229
1513
1510
1293
1067
994
1080
1263
1462
1576
1514
1225
736
196
-246
-525
-627
-588
-535
-616
-848
-1117
-1302
-1354
-1258
-1035
-761
-501
-295
-145
-7
167
387
652
935
1173
1333
1416
1451
1447
1403
1339
1258
1138
966
753
505
253
47
-97
-215
-347
-490
-614
-677
-669
-648
-652
-649
-629
-618
-595
-539
-452
-344
-247
-212
-272
-416
-588
-742
-869
-957
-1017
-1086
-1189
-1356
-1611
-1902
-2168
-2370
-2486
-2531
-2528
-2508
-2543
-2639
-2688
-2626
-2497
-2355
-2274
-2284
-2279
-2186
-2067
-2000
-1975
-1934
-1873
-1835
-1834
-1816
-1737
-1595
-1448
-1382
-1413
-1509
-1679
-1771
-1353
-185
1398
2762
3448
3417
3034
2800
2990
3582
4421
5315
5996
6201
5841
5040
4100
3420
3226
3381
3571
3561
3206
2490
1593
763
115
-345
-594
-648
-609
-608
-710
-903
-1119
-1300
-1399
-1356
-1127
-752
-328
76
414
638
702
663
656
762
964
1205
1428
1564
1554
1378
1080
743
463
301
238
206
121
-66
-344
-659
-928
-1054
-999
-822
-623
-485
-441
-459
-465
-377
-154
186
552
839
1006
1070
1062
1045
1082
1155
1232
1287
1261
1099
808
451
123
-116
-257
-311
-311
-327
-436
-643
-887
-1098
-1229
-1253
-1163
-998
-829
-715
-693
-756
-857
-931
-946
-901
-835
-806
-812
-842
-929
-1068
-1213
-1357
-1512
-1667
-1819
-1968
-2102
-2211
-2302
-2389
-2460
-2496
-2514
-2531
-2505
-2401
-2232
-2022
-1855
-1810
-1862
-1948
-2030
-2006
-1809
-1534
-1336
-1277
-1280
-1250
-1186
-1152
-1173
-1148
-814
-4
1088
2054
2616
2744
2630
2551
2676
3036
3607
4301
4938
5302
5275
4863
4209
3611
3356
3458
3659
3721
3527
3052
2393
1711
1098
598
243
44
-32
-68
-176
-426
-776
-1109
-1325
-1396
-1334
-1164
-946
-717
-479
-286
-198
-190
-168
-59
152
426
701
926
1042
1036
950
844
766
727
736
770
753
628
399
104
-193
-407
-492
-477
-423
-388
-413
-495
-604
-702
-730
-629
-401
-142
67
200
238
197
161
191
292
439
581
651
620
500
323
128
-39
-128
-152
-152
-156
-215
-369
-577
-774
-926
-995
-971
-902
-840
-814
-835
-913
-1027
-1122
-1156
-1136
-1076
-1003
-971
-994
-1031
-1069
-1125
-1180
-1206
-1204
-1153
-1065
-1009
-1013
-1043
-1078
-1088
-1032
-922
-818
-774
-774
-754
-699
-626
-552
-492
-438
-374
-337
-346
-381
-454
-520
-511
-415
-253
-88
-6
-52
-191
-337
-375
-265
-62
168
390
630
886
1076
1163
1204
1266
1399
1615
1867
2091
2249
2339
2379
2379
2334
2245
2141
2074
2086
2131
2119
1994
1766
1489
1238
1034
857
701
576
483
396
286
127
-76
-274
-422
-490
-489
-461
-438
-422
-403
-393
-409
-436
-455
-433
-339
-194
-57
31
56
20
-32
-73
-101
-103
-70
-13
39
54
9
-91
-214
-313
-343
-308
-235
-154
-98
-79
-93
-143
-215
-265
-279
-244
-157
-63
-11
-16
-70
-144
-203
-243
-254
-220
-154
-81
-18
16
3
-56
-131
-188
-189
-136
-68
8
57
49
3
-70
-148
-200
-236
-274
-312
-351
-375
-383
-397
-419
-456
-495
-510
-501
-477
-434
-394
-375
-364
-355
-346
-333
-310
-266
-208
-154
-97
-36
20
59
59
26
-19
-74
-123
-134
-101
-47
-9
-11
-38
-75
-117
-143
-141
-123
-82
-24
29
70
98
101
101
127
177
231
264
267
253
249
263
285
296
292
283
278
276
277
284
301
324
343
337
313
300
308
321
329
334
351
374
373
346
319
312
321
335
351
367
376
383
390
392
380
365
357
360
380
413
450
480
491
467
427
396
371
356
364
394
416
404
348
277
210
150
112
102
103
103
89
48
-14
-83
-149
-207
-244
-262
-278
-315
-368
-427
-475
-512
-554
-603
-640
-641
-606
-556
-511
-479
-475
-503
-530
-523
-477
-399
-302
-224
-178
-165
-187
-234
-269
-270
-255
-247
-258
-295
-340
-370
-382
-385
-376
-357
-349
-356
-362
-356
-349
-330
-296
-262
-225
-169
-98
-31
23
51
57
72
115
173
231
281
308
293
259
236
222
214
219
233
243
254
265
257
244
250
270
288
309
320
314
296
281
273
272
291
329
354
351
332
307
282
271
262
233
198
174
162
161
168
181
180
156
130
120
121
137
165
187
196
202
196
179
164
146
118
86
59
29
-2
-28
-49
-80
-126
-164
-184
-193
-193
-177
-155
-130
-109
-94
-77
-52
-21
8
49
96
132
143
127
93
53
10
-27
-42
-38
-32
-33
-51
-87
-126
-158
-172
-176
-187
-211
-248
-286
-314
-331
-344
-345
-334
-321
-305
-277
-244
-219
-201
-182
-162
-144
-120
-68
8
90
154
183
182
166
141
115
106
105
87
44
-15
-90
-166
-219
-227
-201
-177
-170
-164
-155
-148
-141
-124
-84
-28
25
67
99
122
129
124
124
135
160
197
233
253
245
221
189
147
98
66
66
87
120
149
169
177
175
165
160
170
178
177
166
157
152
152
161
178
182
170
147
121
89
60
45
33
19
-3
-32
-55
-59
-51
-38
-22
-14
-28
-55
-74
-66
-32
10
47
73
81
74
58
39
28
22
11
-15
-50
-90
-130
-167
-208
-249
-274
-280
-282
-296
-312
-318
-311
-287
-248
-198
-140
-76
-20
26
65
99
129
149
154
147
139
135
125
103
77
52
24
-13
-43
-54
-47
-44
-59
-95
-139
-182
-215
-227
-202
-142
-67
-3
34
39
27
21
38
78
128
187
250
298
319
310
282
254
233
210
184
160
139
111
62
-6
-84
-164
-228
-257
-254
-234
-212
-203
-209
-223
-236
-234
-201
-137
-56
19
79
121
144
155
163
169
171
179
195
203
191
161
128
106
90
75
55
36
22
20
19
23
34
43
52
68
88
98
102
104
96
81
70
80
102
123
135
133
121
98
63
16
-22
-40
-47
-57
-67
-73
-80
-105
-144
-175
-185
-163
-120
-72
-20
33
64
57
25
-7
-21
-15
4
18
13
-17
-76
-162
-254
-319
-347
-344
-324
-307
-298
-299
-311
-327
-323
-276
-196
-104
-14
68
141
200
243
264
272
276
282
288
289
287
277
248
195
125
52
-6
-41
-63
-86
-117
-167
-237
-315
-386
-419
-402
-340
-257
-181
-132
-116
-120
-121
-96
-31
61
159
244
298
316
305
284
266
257
255
248
235
212
180
134
68
-13
-94
-153
-181
-183
-175
-168
-161
-163
-175
-187
-190
-179
-148
-92
-13
71
139
174
179
170
159
153
149
150
150
147
135
115
85
49
7
-37
-76
-96
-95
-84
-71
-59
-52
-50
-49
-41
-23
2
25
41
52
64
86
116
152
190
218
229
217
184
135
89
58
42
33
27
14
-12
-55
-104
-137
-153
-147
-130
-105
-74
-47
-35
-35
-35
-26
-2
32
69
95
91
50
-14
-88
-154
-199
-219
-220
-211
-212
-239
-278
-311
-318
-302
-268
-223
-172
-108
-32
46
113
165
200
224
247
274
297
317
326
318
287
244
200
148
92
44
10
-9
-28
-62
-124
-203
-274
-317
-317
-282
-234
-194
-169
-166
-174
-175
-147
-87
-16
49
93
118
132
143
154
163
165
163
156
137
99
42
-23
-82
-132
-176
-209
-229
-237
-240
-238
-228
-215
-205
-187
-156
-108
-51
9
71
132
188
232
263
281
284
271
249
226
203
177
146
112
71
25
-24
-70
-101
-120
-131
-135
-131
-121
-98
-65
-33
-2
24
41
52
62
71
80
86
98
123
155
173
162
125
82
55
42
35
27
23
16
2
-25
-60
-93
-114
-110
-89
-59
-18
24
50
55
54
57
72
99
130
161
182
184
163
115
52
-14
-66
-96
-108
-117
-139
-175
-221
-272
-315
-338
-336
-313
-274
-223
-168
-108
-50
-3
32
60
91
121
150
173
193
209
216
206
178
139
99
68
48
40
30
9
-27
-79
-136
-184
-206
-194
-162
-129
-105
-96
-93
-86
-71
-42
-5
37
74
101
115
121
132
145
160
164
148
119
92
72
56
38
14
-16
-50
-89
-123
-144
-143
-126
-114
-117
-129
-139
-138
-124
-88
-32
41
116
173
205
212
200
183
174
175
187
194
190
166
125
73
24
-19
-59
-94
-119
-135
-144
-157
-170
-183
-192
-196
-193
-178
-155
-133
-118
-110
-101
-83
-56
-21
14
43
63
73
74
67
58
50
48
49
54
60
58
53
41
26
16
19
33
57
84
102
110
108
104
103
109
121
135
144
142
119
74
17
-39
-81
-102
-114
-126
-143
-163
-182
-205
-233
-253
-250
-218
-171
-124
-81
-44
-8
26
58
90
118
140
154
163
169
165
148
128
109
90
72
57
42
29
14
-1
-25
-58
-99
-138
-159
-156
-133
-101
-66
-41
-30
-34
-45
-50
-41
-21
-1
15
24
27
28
25
21
13
-4
-22
-34
-36
-29
-18
-13
-20
-37
-61
-83
-96
-94
-80
-60
-47
-48
-59
-63
-45
-8
40
91
142
185
207
205
188
171
166
171
176
169
151
129
100
67
31
1
-16
-27
-40
-56
-74
-94
-114
-132
-144
-147
-145
-139
-132
-131
-134
-137
-133
-118
-95
-66
-35
-5
18
33
38
37
36
42
54
71
83
86
78
65
55
54
55
57
63
76
91
91
81
67
63
70
86
99
104
99
81
53
27
4
-9
-13
-11
-10
-17
-34
-63
-102
-135
-148
-140
-124
-103
-80
-52
-26
-6
9
28
56
85
113
132
139
133
119
99
77
56
41
32
22
9
-11
-42
-83
-127
-160
-176
-175
-167
-157
-148
-141
-140
-147
-156
-160
-154
-141
-119
-94
-71
-60
-61
-69
-73
-71
-61
-41
-14
12
27
29
24
22
26
31
38
40
40
39
37
37
35
31
23
16
15
22
40
68
102
136
161
168
162
152
148
155
171
186
192
189
176
157
133
109
87
73
65
56
40
17
-10
-38
-64
-89
-110
-128
-144
-157
-168
-177
-184
-190
-191
-186
-171
-152
-133
-120
-113
-109
-105
-97
-87
-71
-45
-12
20
47
58
56
51
54
67
86
98
101
93
81
67
54
45
44
55
71
84
86
75
54
32
11
-5
-12
-4
15
38
45
34
11
-13
-24
-22
-4
22
49
63
66
59
55
58
58
60
64
73
78
77
65
50
35
19
5
-1
-1
2
3
-3
-13
-29
-47
-64
-78
-89
-97
-101
-103
-105
-108
-114
-119
-119
-116
-115
-116
-121
-126
-130
-133
-131
-128
-122
-111
-103
-91
-80
-71
-61
-49
-30
-10
9
26
44
57
65
65
60
50
45
43
50
65
83
99
109
114
112
105
100
95
97
108
119
125
120
105
85
66
52
43
43
49
57
55
35
3
-33
-62
-80
-87
-88
-90
-102
-127
-157
-187
-208
-212
-204
-185
-162
-139
-120
-109
-103
-102
-93
-78
-59
-36
-8
18
39
47
48
44
45
54
67
87
107
121
124
119
108
101
101
111
125
136
140
134
117
96
72
53
41
37
42
52
61
63
52
34
18
8
5
12
22
35
44
49
45
32
15
2
-2
2
13
20
17
3
-19
-41
-59
-66
-61
-44
-24
-8
-1
-5
-17
-31
-42
-44
-38
-31
-27
-23
-23
-29
-37
-47
-57
-62
-68
-75
-82
-90
-93
-88
-79
-65
-58
-58
-65
-78
-87
-89
-78
-59
-39
-19
-6
2
2
-5
-15
-21
-17
-1
25
57
84
102
111
111
112
113
122
137
154
167
167
150
122
90
62
42
28
20
12
6
0
-11
-28
-47
-64
-76
-81
-76
-66
-58
-61
-76
-103
-128
-143
-144
-131
-111
-89
-76
-76
-88
-102
-106
-99
-81
-59
-37
-20
-9
0
6
12
19
26
35
46
63
78
92
99
100
100
98
100
112
128
147
157
154
135
105
71
43
28
20
15
8
-3
-18
-35
-50
-65
-74
-81
-81
-73
-58
-35
-18
-6
-2
-4
-10
-19
-21
-17
-7
4
10
8
-3
-17
-33
-44
-44
-30
-14
1
7
4
-5
-15
-22
-23
-15
-2
9
13
5
-8
-22
-34
-36
-32
-22
-15
-15
-24
-41
-58
-73
-81
-79
-68
-56
-51
-54
-61
-67
-66
-58
-43
-25
-8
4
8
5
7
15
30
50
71
88
102
111
118
127
136
144
146
138
123
102
77
56
41
33
26
14
-2
-23
-38
-47
-45
-36
-25
-12
-3
0
0
-1
3
10
15
17
12
1
-12
-23
-30
-33
-38
-50
-67
-84
-98
-107
-112
-118
-124
-135
-145
-154
-155
-142
-118
-85
-54
-28
-7
10
28
50
79
112
145
171
185
190
189
182
171
157
140
122
100
78
51
30
10
-5
-19
-33
-46
-55
-58
-56
-50
-39
-24
-10
2
12
19
23
22
21
18
17
17
16
14
7
-8
-28
-49
-67
-75
-73
-56
-34
-18
-12
-19
-29
-35
-33
-22
-4
12
21
22
14
2
-8
-14
-14
-13
-15
-22
-31
-39
-41
-37
-31
-29
-33
-44
-58
-73
-84
-92
-93
-84
-67
-43
-23
-9
1
9
19
31
46
65
85
102
112
115
114
107
101
94
86
79
68
52
30
10
-6
-17
-24
-30
-36
-44
-50
-52
-47
-34
-18
-3
4
8
7
6
7
11
16
18
16
6
-9
-29
-47
-58
-64
-66
-67
-70
-75
-80
-85
-90
-95
-100
-105
-107
-104
-96
-82
-62
-40
-22
-10
-4
2
14
34
62
92
121
143
153
150
138
123
110
103
99
94
87
73
55
32
9
-9
-23
-30
-34
-33
-29
-25
-19
-14
-9
-3
3
7
11
17
21
25
25
20
12
1
-8
-19
-29
-37
-42
-40
-35
-27
-18
-11
-7
-5
-4
-4
0
5
13
20
26
25
17
1
-18
-32
-37
-35
-27
-21
-21
-28
-42
-57
-67
-68
-58
-48
-40
-39
-42
-48
-53
-50
-41
-23
0
21
35
45
51
58
67
78
90
102
108
105
100
92
83
77
68
56
40
21
2
-16
-29
-37
-41
-44
-46
-50
-55
-57
-56
-48
-34
-16
1
13
18
18
17
18
22
28
36
40
40
30
15
-2
-20
-34
-45
-50
-52
-53
-54
-59
-64
-70
-74
-76
-73
-66
-52
-36
-20
-7
3
9
12
17
25
35
50
64
76
84
82
74
61
47
36
27
20
14
7
-3
-16
-32
-47
-60
-71
-75
-75
-71
-66
-60
-55
-48
-44
-41
-41
-40
-37
-34
-26
-17
-6
7
19
27
30
28
24
24
31
45
63
80
89
88
79
63
47
38
36
41
46
47
40
26
10
-5
-14
-16
-10
-2
5
7
3
-8
-18
-28
-32
-29
-22
-13
-10
-9
-14
-19
-22
-20
-12
2
21
37
49
55
54
53
56
63
72
79
83
80
70
56
41
29
20
11
1
-13
-28
-44
-59
-68
-75
-77
-80
-82
-83
-84
-82
-80
-75
-67
-60
-51
-44
-37
-31
-29
-26
-24
-23
-20
-20
-18
-15
-11
-8
-5
-2
1
3
4
7
10
15
17
16
14
11
10
11
13
19
27
33
36
36
34
35
38
47
62
76
84
85
75
60
41
24
15
10
8
2
-8
-23
-40
-57
-70
-75
-73
-66
-59
-57
-53
-52
-51
-49
-45
-39
-31
-24
-21
-20
-18
-17
-16
-12
-4
4
15
22
31
40
48
54
59
65
68
68
67
63
60
53
45
35
23
11
-4
-17
-26
-32
-36
-36
-34
-29
-27
-29
-31
-30
-24
-14
-2
9
15
18
11
0
-2
1
3
10
18
25
27
19
10
9
17
30
38
47
54
57
54
44
37
33
33
32
31
29
24
15
3
-5
-13
-19
-22
-26
-27
-31
-35
-39
-42
-44
-48
-50
-50
-50
-50
-51
-50
-51
-50
-47
-49
-47
-41
-33
-23
-15
-8
-3
-1
0
2
10
20
27
29
29
21
12
3
-5
-8
-4
0
3
1
-6
-13
-20
-23
-20
-10
3
14
20
21
14
7
2
3
8
15
24
29
29
23
12
4
-2
-3
-2
0
4
7
5
-1
-11
-21
-28
-33
-32
-27
-18
-10
-6
-8
-10
-10
-10
-5
5
17
28
38
39
38
34
29
28
27
28
30
32
31
28
22
14
3
-4
-11
-13
-12
-9
-5
-6
-6
-11
-12
-13
-10
-2
6
18
28
32
33
31
28
24
25
29
37
46
51
51
46
38
29
20
18
21
28
34
36
32
26
17
8
2
3
6
11
15
14
10
0
-10
-21
-27
-31
-33
-34
-38
-43
-52
-63
-74
-84
-91
-93
-89
-85
-81
-80
-83
-84
-85
-81
-71
-59
-44
-30
-19
-12
-7
0
7
17
27
35
39
38
37
33
31
32
35
37
38
34
29
26
22
22
25
33
40
45
48
46
44
41
41
42
48
54
57
57
51
41
31
19
12
10
10
12
10
3
-10
-26
-44
-56
-61
-61
-55
-50
-48
-51
-57
-62
-65
-59
-48
-31
-12
4
15
18
14
8
6
7
11
15
18
17
10
-3
-18
-32
-42
-46
-45
-39
-34
-27
-24
-23
-23
-22
-19
-13
-5
6
15
21
26
27
27
22
21
22
21
24
22
23
26
20
19
16
16
18
15
18
17
14
12
3
-1
1
2
2
7
10
9
10
8
9
14
15
15
20
22
10
6
6
-1
3
1
-9
-16
-29
-43
-62
-75
-82
-82
-75
-78
-73
-60
-49
-39
-40
-30
-19
-11
-7
-8
-1
0
-2
-4
-6
-6
-12
-12
-16
-14
-6
-11
-2
11
13
11
7
19
34
35
31
13
-3
-15
-32
-39
-29
-13
7
10
2
5
-1
-19
-39
-53
-55
-59
-58
-46
-21
1
2
-17
-58
-89
-112
-142
-143
-111
-76
-49
-35
-29
-31
-49
-66
-71
-73
-55
-36
2
53
108
112
2
-63
-135
-259
-259
-175
-19
138
284
313
193
197
22
39
347
709
2383
3546
2316
1505
1295
270
-268
-403
-561
-49
325
-25
-296
-494
-987
-1464
-1756
-1772
-1507
-1164
-693
-189
-44
-238
-495
-837
-1068
-944
-715
-481
-155
58
24
119
343
346
363
252
-31
-69
-142
-194
181
596
790
951
892
996
1642
1468
664
817
775
327
448
250
283
856
606
241
197
-409
-815
-896
-1312
-1261
-873
-819
-616
-398
-292
-333
-547
-683
-687
-547
-619
-686
-332
237
647
886
1007
878
623
385
183
233
325
369
467
464
576
654
475
229
-52
-437
-988
-1187
-1058
-826
-430
-279
-237
-228
-425
-712
-867
-845
-741
-529
-334
-69
381
617
733
790
632
442
210
64
137
430
702
780
856
764
537
261
-80
-315
-458
-520
-545
-450
-249
-110
-50
-160
-361
-513
-675
-724
-585
-301
23
261
418
491
538
468
283
170
139
160
199
309
485
618
633
466
211
-85
-378
-575
-636
-562
-431
-299
-219
-207
-247
-370
-516
-618
-634
-522
-344
-115
140
381
488
479
401
329
244
163
166
292
356
540
523
534
515
281
210
-234
-234
-270
-346
-236
-94
25
-76
30
-178
-368
-299
-384
-414
-235
-7
71
187
332
310
289
233
138
71
99
184
198
294
362
300
202
32
-98
-233
-311
-344
-354
-300
-273
-181
-194
-222
-219
-233
-289
-306
-231
-114
24
109
213
293
316
282
275
225
155
119
105
106
123
153
120
51
-42
-161
-218
-259
-282
-237
-168
-130
-111
-85
-62
-49
-72
-90
-69
-19
16
78
163
247
294
284
258
245
204
146
151
158
140
107
83
27
-26
-64
-132
-176
-210
-207
-219
-233
-223
-225
-201
-198
-187
-126
-69
-35
3
43
85
98
81
93
117
93
91
107
114
123
97
104
77
29
11
-39
-77
-112
-113
-99
-72
-44
-32
-46
-56
-63
-73
-43
-5
43
117
162
173
190
230
246
196
145
121
104
88
87
91
115
106
74
36
-28
-58
-112
-141
-152
-164
-162
-141
-107
-72
-37
-43
-61
-85
-120
-108
-28
44
124
174
177
153
111
84
56
33
13
-17
-38
-44
-52
-71
-84
-121
-153
-171
-161
-148
-99
-37
-5
45
53
77
86
82
88
109
107
88
116
140
145
147
121
75
40
2
-40
-56
-45
-62
-57
-77
-100
-138
-148
-125
-117
-93
-71
-74
-84
-53
-12
42
50
80
110
97
113
134
125
129
116
94
79
30
17
0
-58
-97
-108
-145
-145
-136
-151
-135
-158
-184
-178
-172
-147
-96
-72
-32
4
4
47
62
72
99
73
80
83
86
112
96
62
46
23
2
7
-30
-48
-35
-63
-76
-64
-106
-123
-113
-118
-103
-86
-79
-64
-43
-48
-44
-1
66
104
119
142
124
104
95
75
102
126
127
133
131
116
108
68
6
-50
-75
-78
-44
9
3
15
7
-25
-42
-62
-62
-30
5
27
41
33
45
57
23
8
-6
-32
-33
-31
-47
-41
-68
-94
-93
-113
-93
-87
-110
-104
-111
-126
-94
-58
-18
28
37
53
73
68
58
48
55
76
103
103
93
79
71
74
34
19
37
22
10
27
19
-3
-18
-59
-67
-44
-52
-64
-52
-75
-64
-43
-59
-60
-61
-39
-28
-7
12
31
42
39
45
54
61
41
40
56
49
47
65
57
53
60
34
32
28
38
45
33
48
47
51
43
30
3
-38
-44
-56
-42
-33
-45
-12
-2
0
-10
-15
3
12
21
2
6
-7
-18
-1
-21
-17
-4
-17
-6
10
-24
-38
-3
-2
16
50
58
60
57
44
42
47
17
42
76
67
94
116
94
84
52
23
18
-14
-51
-25
5
3
5
-19
-35
-38
-31
-20
-20
-26
-4
21
25
-2
-16
-9
-13
16
27
44
58
24
17
29
-13
-33
-26
-44
-34
-27
-70
-77
-60
-97
-91
-65
-63
-35
-14
-28
-13
-2
-12
15
1
-49
-40
-37
-66
-63
-49
-66
-52
-21
-15
8
-3
-1
10
-8
-20
-23
4
20
41
65
97
135
144
158
164
145
114
119
113
94
88
50
30
6
-19
-36
-57
-66
-60
-35
-24
-30
-15
-9
-10
7
-9
-24
-23
-33
-55
-45
-52
-55
-52
-50
-42
-54
-47
-34
-21
-46
-69
-59
-40
-24
2
16
19
6
2
-9
-44
-37
-30
-42
-17
32
57
49
22
-2
-14
-21
-27
-15
19
54
63
57
47
37
18
12
11
31
56
44
48
43
25
12
-9
-9
-7
0
11
29
42
20
16
26
8
8
13
-9
-12
-13
-36
-51
-53
-53
-49
-71
-74
-77
-82
-96
-131
-116
-74
-56
-44
-8
23
35
24
10
16
25
16
3
21
49
64
62
35
24
-5
-26
-16
-13
3
4
-14
-11
-13
-32
-44
-42
-30
-27
-22
-8
12
38
26
15
21
-3
-14
7
7
9
36
21
12
23
8
3
18
36
35
26
27
13
-1
-15
-24
-38
-48
-30
-31
-37
-23
5
-5
-39
-52
-62
-72
-59
-38
-30
-8
-12
-33
-11
-23
-30
-19
-25
6
2
-9
25
31
8
13
22
17
32
15
-7
4
-7
-21
-8
10
37
71
75
68
62
44
41
39
50
66
71
68
65
64
50
21
-17
-26
-37
-38
-24
-18
-10
-4
6
1
12
27
33
14
-4
27
21
4
24
23
17
36
24
8
1
-30
-42
-51
-66
-52
-42
-44
-26
-11
-15
-35
-50
-60
-67
-54
-46
-12
9
10
31
49
52
19
16
29
24
41
68
69
70
71
54
34
6
-13
-26
-39
-45
-40
-43
-40
-42
-46
-41
-47
-45
-27
-16
-12
-12
8
27
28
38
47
32
2
-22
-52
-42
-39
-46
-34
-41
-46
-37
-42
-48
-41
-45
-36
-26
-31
-5
25
30
29
12
0
5
0
-11
-1
-4
-4
18
12
3
4
2
3
0
-23
-30
-25
-33
-31
-25
-21
-20
-25
-17
1
5
-7
-11
-6
-7
-9
16
48
57
78
81
47
53
74
48
50
65
44
24
19
3
-3
1
-7
12
7
-7
-2
-5
7
12
21
39
56
31
1
7
-26
-26
-7
-6
1
9
25
31
28
13
7
-9
-25
-11
-3
-8
0
-11
-30
-40
-65
-80
-76
-65
-65
-56
-55
-59
-38
-29
-26
-33
-36
-31
-22
-20
-16
11
41
67
73
80
78
46
23
15
22
29
26
22
15
10
-7
-31
-35
-37
-47
-42
-30
-14
6
-2
-27
-26
-20
-38
-37
-18
1
11
6
16
36
53
61
66
76
67
42
41
66
59
59
65
53
51
40
16
-2
-13
-8
-10
-28
-37
-32
-24
-32
-31
-35
-53
-69
-68
-51
-41
-26
-15
-9
6
5
-5
-12
-12
-21
-34
-23
-6
10
26
52
70
64
56
63
67
53
39
37
26
32
46
37
27
7
-9
-18
-25
-40
-48
-31
-17
-28
-29
-10
-8
-17
-13
-21
-40
-41
-23
-14
1
37
53
48
38
27
13
-1
-20
-39
-27
-16
-12
-1
5
3
-12
-38
-59
-55
-43
-32
-10
9
-2
-20
-25
-40
-47
-51
-52
-32
-10
11
30
41
53
66
59
41
31
20
28
26
11
20
18
4
6
0
-18
-28
-42
-52
-27
-8
-4
19
27
24
30
14
-7
-5
-14
-12
7
-1
1
28
43
45
36
26
22
20
16
13
29
49
58
58
48
29
6
-18
-48
-66
-57
-43
-35
-27
-23
-27
-34
-49
-57
-37
-25
-25
-17
3
7
-10
-12
-5
-19
-31
-18
-5
-10
-13
-2
22
37
24
19
28
33
19
0
2
2
11
24
24
20
21
19
