SAMPLES:	10634
BITSPERSAMPLE:	16
CHANNELS:	1
SAMPLERATE:	16000
NORMALIZED:	FALSE
-18
-22
-24
-26
-29
-29
-31
-33
-34
-35
-36
-36
-38
-39
-40
-40
-39
-38
-35
-32
-29
-26
-22
-19
-18
-14
-10
-7
-2
2
7
11
14
17
21
22
24
26
27
29
29
30
29
31
31
31
31
29
26
24
21
17
16
13
12
9
7
5
3
2
0
-1
-4
-7
-10
-13
-14
-16
-15
-16
-18
-17
-18
-20
-20
-20
-22
-22
-23
-22
-21
-21
-19
-18
-18
-18
-18
-17
-18
-19
-19
-20
-20
-19
-18
-18
-18
-18
-19
-21
-22
-24
-24
-26
-25
-25
-24
-23
-24
-22
-22
-22
-22
-21
-20
-19
-19
-16
-14
-10
-7
-3
0
1
3
4
4
7
7
7
10
10
12
14
16
16
16
16
15
14
12
11
13
12
13
15
16
17
18
19
19
20
18
18
17
16
16
18
19
20
20
19
20
18
15
15
12
7
7
6
5
6
6
6
6
6
3
3
1
-2
-2
-2
-1
1
4
4
7
8
8
9
7
6
3
3
3
3
5
6
9
11
11
12
11
10
10
8
7
8
9
12
14
16
18
18
15
15
14
13
12
11
10
10
10
8
9
7
4
2
-1
-3
-3
-6
-6
-5
-3
-1
2
3
2
4
3
2
3
2
4
6
7
9
11
11
11
11
8
7
6
4
4
5
6
6
8
8
10
10
8
8
7
6
6
6
5
7
7
8
8
7
7
5
2
-2
-4
-6
-9
-9
-11
-13
-14
-16
-17
-18
-21
-20
-21
-20
-19
-18
-16
-13
-10
-7
-6
-2
-1
1
2
2
6
8
8
10
11
10
10
9
8
5
3
2
0
-2
-3
-3
-4
-6
-8
-10
-10
-12
-14
-13
-13
-13
-12
-12
-13
-13
-13
-13
-13
-14
-14
-14
-13
-13
-14
-13
-13
-14
-13
-14
-12
-12
-10
-9
-9
-8
-7
-7
-7
-5
-5
-4
-5
-5
-5
-6
-6
-6
-7
-7
-8
-9
-9
-11
-11
-12
-10
-10
-9
-7
-6
-3
0
3
5
8
10
14
15
17
21
21
22
22
22
21
22
20
18
15
12
9
6
3
0
-4
-7
-9
-11
-15
-16
-16
-17
-17
-17
-17
-16
-15
-15
-14
-13
-12
-12
-12
-10
-8
-7
-8
-9
-9
-12
-14
-16
-18
-20
-20
-22
-21
-21
-21
-20
-19
-18
-16
-14
-13
-10
-7
-4
-1
3
6
9
10
11
12
13
13
13
13
13
15
15
16
15
15
15
14
12
12
11
10
10
10
12
14
17
19
19
19
20
19
19
18
16
17
15
16
16
15
14
12
11
8
6
2
-1
-3
-5
-7
-9
-11
-11
-13
-14
-17
-19
-21
-24
-26
-26
-26
-26
-24
-24
-22
-20
-19
-17
-16
-15
-14
-12
-11
-9
-6
-4
-1
2
6
8
9
9
9
10
9
12
13
13
15
16
18
18
19
18
18
17
17
17
17
18
19
21
23
25
25
28
28
29
29
32
33
35
38
39
41
44
47
49
50
49
49
49
49
48
48
47
47
47
44
43
39
35
30
24
18
12
6
-1
-7
-14
-21
-27
-35
-43
-50
-58
-65
-71
-76
-81
-84
-84
-85
-85
-84
-83
-82
-80
-78
-73
-69
-64
-57
-52
-45
-38
-31
-25
-18
-12
-6
-1
3
7
11
15
18
22
25
29
32
34
35
37
38
39
40
41
42
42
44
45
48
50
51
51
51
49
48
48
46
43
40
38
34
30
25
19
13
7
0
-8
-15
-23
-30
-38
-45
-51
-58
-63
-68
-73
-76
-81
-83
-84
-84
-83
-80
-76
-71
-65
-58
-51
-45
-37
-30
-22
-14
-6
3
12
22
30
37
43
48
52
55
57
59
62
61
61
61
60
59
58
56
52
50
48
45
43
41
39
37
36
36
35
36
36
35
36
35
33
33
32
31
32
31
29
28
25
21
16
12
7
1
-4
-10
-13
-19
-24
-31
-37
-43
-50
-56
-63
-69
-76
-81
-85
-89
-93
-96
-99
-101
-103
-105
-106
-107
-107
-108
-107
-107
-106
-104
-101
-98
-95
-91
-87
-83
-77
-73
-67
-62
-55
-47
-39
-30
-22
-12
-4
6
15
23
31
40
48
56
64
71
79
85
91
96
100
104
104
107
108
109
111
112
113
114
114
113
111
109
108
106
103
101
97
94
91
86
83
78
73
67
59
50
41
30
20
9
-1
-12
-22
-31
-41
-50
-60
-68
-75
-83
-88
-93
-97
-99
-99
-97
-95
-92
-89
-85
-81
-76
-69
-63
-56
-49
-42
-33
-26
-19
-13
-5
1
7
14
19
26
32
40
45
51
57
63
68
73
79
83
88
93
96
100
101
103
104
103
101
98
93
86
79
70
61
50
39
27
15
2
-11
-23
-37
-51
-65
-78
-88
-99
-108
-116
-122
-127
-131
-134
-136
-137
-137
-136
-135
-133
-129
-124
-118
-113
-107
-100
-93
-86
-79
-71
-62
-53
-44
-35
-25
-14
-3
8
20
31
43
53
65
75
84
94
104
112
119
126
131
135
138
139
140
139
136
134
131
127
121
116
108
100
91
81
70
60
51
41
31
23
13
4
-4
-12
-20
-28
-36
-44
-51
-58
-64
-68
-72
-76
-78
-81
-84
-86
-87
-88
-89
-89
-86
-83
-80
-77
-73
-69
-65
-61
-57
-53
-49
-44
-41
-37
-33
-29
-25
-20
-18
-15
-12
-9
-7
-4
-2
1
4
7
11
13
17
20
22
24
28
30
31
32
34
36
36
36
34
34
34
31
27
23
19
15
10
6
0
-2
-4
-7
-10
-11
-13
-14
-15
-15
-13
-12
-11
-9
-5
-4
-1
3
4
6
9
9
8
8
7
6
6
5
2
0
-3
-7
-9
-14
-17
-19
-23
-25
-27
-29
-29
-29
-29
-28
-26
-25
-24
-22
-19
-16
-14
-12
-11
-10
-8
-6
-5
-3
-2
-2
-2
-2
-3
-3
-4
-3
-3
-3
-1
1
4
5
8
9
11
13
13
14
14
13
12
12
11
10
7
6
2
0
-3
-9
-11
-13
-16
-18
-19
-19
-19
-17
-16
-15
-13
-12
-9
-5
-1
1
6
8
11
14
15
17
18
18
18
17
14
13
9
7
5
2
-1
-2
-5
-7
-9
-10
-11
-12
-11
-10
-7
-6
-3
-2
0
4
3
5
8
8
9
9
9
10
10
11
8
5
5
3
0
-1
-3
-4
-5
-6
-7
-6
-5
-4
-2
-2
0
1
3
6
7
10
12
14
17
19
20
22
24
25
28
29
31
32
33
34
36
38
38
39
39
40
40
38
39
39
38
37
36
35
33
30
27
24
19
15
10
6
1
-3
-9
-12
-17
-22
-27
-30
-35
-38
-41
-43
-45
-45
-47
-48
-48
-48
-47
-45
-42
-40
-37
-34
-29
-26
-24
-19
-14
-9
-4
0
4
9
12
15
18
20
24
26
27
30
30
31
30
31
32
32
31
30
30
28
27
25
23
21
19
16
12
11
8
5
2
-1
-3
-6
-9
-11
-13
-14
-16
-17
-18
-20
-19
-19
-20
-19
-18
-19
-19
-19
-20
-20
-21
-22
-21
-23
-22
-23
-25
-26
-30
-31
-32
-32
-32
-32
-32
-32
-30
-29
-29
-26
-23
-20
-16
-13
-8
-3
1
6
10
14
18
22
26
30
33
36
38
39
39
40
39
39
40
39
36
36
32
30
29
25
23
21
19
17
15
14
12
10
9
7
5
3
1
-1
-2
-5
-6
-9
-12
-15
-20
-23
-27
-31
-35
-39
-43
-47
-49
-52
-55
-56
-56
-56
-56
-54
-51
-49
-46
-42
-38
-33
-27
-20
-15
-9
-3
2
8
11
16
20
22
25
25
25
27
26
28
28
27
28
27
27
27
26
27
27
28
29
29
30
30
31
30
30
29
28
27
24
21
19
15
13
9
6
3
1
-1
-4
-7
-8
-8
-8
-6
-4
0
4
9
15
20
27
32
39
42
48
52
56
60
62
63
64
62
58
55
50
43
37
30
23
15
6
-2
-11
-18
-25
-31
-38
-43
-48
-52
-56
-58
-60
-61
-61
-62
-60
-61
-59
-57
-56
-52
-49
-47
-44
-40
-38
-35
-32
-28
-25
-22
-18
-15
-11
-5
-1
4
8
12
16
21
26
30
35
39
43
47
50
53
57
59
60
62
63
63
63
61
59
59
54
51
48
44
40
35
31
25
19
14
8
1
-5
-11
-16
-22
-28
-34
-39
-45
-49
-53
-56
-59
-62
-64
-67
-67
-68
-69
-69
-70
-69
-69
-67
-66
-64
-62
-61
-59
-56
-54
-51
-48
-45
-40
-35
-29
-25
-20
-15
-9
-3
3
10
15
23
28
33
39
44
49
53
56
58
61
62
63
63
62
61
59
56
54
50
46
42
38
34
30
27
21
16
11
7
2
-3
-8
-12
-17
-21
-26
-29
-32
-37
-40
-44
-47
-51
-53
-57
-60
-62
-64
-66
-67
-68
-69
-68
-67
-65
-63
-63
-61
-58
-55
-49
-46
-42
-36
-31
-26
-21
-16
-11
-6
-1
5
9
13
18
22
26
29
32
35
37
39
41
42
42
43
44
43
42
43
42
40
40
37
36
34
31
28
27
25
21
19
15
12
9
6
3
0
-3
-4
-7
-9
-10
-12
-14
-15
-16
-16
-14
-14
-13
-14
-14
-13
-13
-11
-8
-6
-3
-2
1
2
4
6
7
10
12
14
16
17
19
22
24
25
25
25
24
23
23
21
19
18
17
15
13
12
10
9
6
6
5
4
3
2
4
2
3
2
3
5
5
7
8
10
11
12
12
12
13
12
12
11
10
8
5
4
2
0
-1
-5
-7
-10
-12
-14
-15
-16
-17
-18
-18
-19
-20
-18
-18
-16
-13
-12
-11
-9
-7
-5
-2
0
2
4
6
8
9
9
11
11
11
14
13
13
14
14
14
13
12
11
9
7
6
4
2
0
-2
-3
-6
-6
-8
-10
-10
-11
-10
-10
-10
-7
-5
-1
2
4
10
13
17
21
25
30
35
38
42
45
42
50
50
49
51
49
49
45
48
43
44
42
41
37
34
30
27
21
15
14
9
8
13
13
7
9
-5
-4
-8
-16
-19
-20
-27
-23
-20
-24
-17
-22
-21
-24
-36
-47
-50
-66
-67
-75
-75
-84
-88
-88
-95
-91
-95
-100
-109
-104
-108
-99
-104
-96
-94
-73
-70
-72
-60
-50
-47
-41
-32
-18
-9
0
6
3
17
16
14
21
16
9
-2
-12
-5
-9
0
-1
1
-1
4
22
22
16
20
12
9
9
16
27
23
21
25
18
4
-10
-14
-29
-42
-55
-65
-66
-88
-94
-105
-104
-110
-120
-121
-100
-95
-2
-77
-71
-30
-34
52
6
28
46
255
89
418
637
620
834
511
428
144
-137
-346
-261
-38
124
415
209
177
-89
-598
-638
-768
-494
-152
44
233
203
71
-145
-19
101
286
356
252
389
419
506
595
593
677
512
329
260
151
131
-62
-120
-165
-230
-346
-565
-389
-285
-213
-304
-509
-569
-801
-891
-834
-492
-64
193
469
366
166
-71
-392
-385
-311
-78
26
78
169
27
26
-82
-250
-321
-382
-487
-639
-629
-558
-305
-110
-161
-136
-214
-254
-292
-320
-119
-39
6
52
111
242
348
351
284
302
197
37
-124
-184
-62
28
62
104
161
117
-12
-150
-225
-202
-215
-238
-166
3
168
212
215
220
235
135
52
136
231
316
330
387
474
431
304
177
112
94
58
60
175
289
289
222
88
-33
-33
-3
100
172
149
129
83
34
59
66
103
205
252
336
375
300
140
44
7
33
56
59
167
227
226
176
59
-89
-218
-308
-263
-111
18
114
137
64
0
-65
-150
-157
-135
-84
8
15
18
80
76
57
40
5
-54
-118
-232
-278
-241
-246
-234
-207
-170
-97
-59
-105
-155
-262
-364
-445
-482
-394
-230
-120
-56
-44
-163
-259
-396
-475
-423
-349
-287
-290
-330
-340
-347
-397
-441
-438
-419
-418
-440
-436
-350
-323
-295
-288
-273
-215
-198
-152
-79
26
116
190
249
307
396
419
467
560
609
667
693
694
673
657
624
641
658
672
701
715
707
676
653
621
604
556
523
526
540
569
604
605
568
494
430
361
385
418
447
492
504
487
398
332
275
237
204
172
135
117
123
89
95
133
102
56
-24
-101
-155
-186
-202
-153
-113
-104
-112
-162
-163
-209
-303
-369
-387
-441
-447
-442
-433
-427
-467
-532
-558
-583
-641
-673
-700
-717
-755
-769
-747
-676
-646
-662
-680
-719
-774
-796
-798
-772
-723
-655
-580
-518
-479
-501
-547
-609
-657
-688
-647
-612
-595
-553
-556
-599
-632
-651
-653
-623
-627
-619
-595
-544
-451
-336
-203
-101
5
80
220
422
666
990
1344
1679
1897
2030
2045
2021
1936
1809
1730
1652
1585
1509
1415
1316
1187
987
771
555
332
150
-35
-171
-200
-228
-246
-232
-203
-147
-65
0
73
145
176
225
310
409
556
654
668
653
574
472
354
261
207
215
202
178
231
268
266
231
141
55
-41
-168
-268
-313
-293
-219
-129
-26
101
178
159
82
-23
-115
-178
-275
-297
-290
-272
-268
-274
-262
-301
-403
-586
-752
-901
-982
-1004
-980
-878
-730
-652
-618
-611
-652
-713
-759
-704
-585
-476
-409
-311
-254
-225
-215
-227
-249
-281
-367
-464
-523
-601
-633
-642
-621
-597
-605
-654
-761
-838
-912
-983
-1019
-1029
-971
-939
-967
-1007
-1026
-1031
-1002
-902
-760
-540
-379
-291
-205
-132
9
253
625
1132
1659
2082
2344
2424
2325
2144
1966
1836
1855
1915
1972
2008
1945
1770
1502
1206
912
678
459
290
172
38
-68
-154
-202
-186
-129
-63
20
89
95
63
29
23
106
246
429
594
688
704
619
484
335
220
124
75
53
22
-21
-69
-136
-180
-195
-218
-178
-101
-47
-21
-10
-5
57
117
200
361
483
574
608
548
493
414
292
190
104
-7
-85
-200
-340
-386
-449
-456
-480
-517
-527
-585
-621
-638
-596
-518
-426
-323
-206
-65
26
85
51
-16
-31
-69
-40
-21
-24
-50
-144
-265
-393
-498
-587
-657
-747
-853
-956
-1053
-1070
-1004
-937
-845
-829
-870
-889
-919
-936
-950
-976
-1007
-966
-879
-821
-780
-789
-801
-827
-900
-937
-960
-942
-939
-988
-1027
-1023
-972
-880
-749
-626
-526
-457
-395
-232
126
708
1433
2118
2654
2927
2965
2814
2516
2257
2171
2251
2374
2443
2429
2370
2186
1806
1362
927
552
205
-149
-381
-482
-517
-519
-474
-359
-209
-106
-72
-52
-38
-45
-48
25
248
549
815
1015
1100
1077
925
696
489
324
205
90
-25
-104
-168
-218
-276
-322
-380
-468
-581
-706
-747
-734
-623
-450
-209
101
388
670
890
1035
1093
1027
878
723
616
575
600
633
670
652
491
247
-66
-371
-610
-809
-910
-895
-838
-713
-608
-559
-500
-520
-533
-533
-503
-438
-353
-268
-188
-77
-22
32
24
-21
-75
-236
-381
-528
-666
-716
-767
-783
-805
-860
-960
-1069
-1143
-1216
-1202
-1180
-1110
-1006
-940
-860
-802
-779
-791
-855
-946
-1053
-1116
-1104
-1031
-891
-784
-700
-692
-775
-926
-1132
-1318
-1474
-1520
-1480
-1347
-1161
-959
-746
-544
-434
-263
187
953
1994
2906
3588
3978
4020
3690
3104
2715
2690
3025
3268
3279
3166
2815
2314
1578
945
594
313
-22
-488
-792
-930
-983
-974
-873
-562
-316
-224
-255
-264
-151
-66
75
324
675
1034
1218
1290
1291
1202
1028
747
515
310
141
-27
-190
-252
-311
-316
-352
-401
-452
-569
-691
-793
-814
-724
-551
-304
-69
122
315
485
688
888
1062
1187
1186
1069
846
645
469
334
254
146
66
-123
-394
-667
-911
-1046
-1149
-1179
-1112
-956
-780
-627
-478
-336
-220
-162
-135
-79
-20
53
115
152
223
256
236
181
91
-2
-88
-193
-319
-453
-604
-755
-879
-988
-1070
-1093
-1092
-1057
-999
-943
-876
-812
-766
-763
-795
-863
-933
-993
-1030
-1062
-1082
-1082
-1092
-1104
-1159
-1217
-1268
-1280
-1304
-1375
-1476
-1630
-1729
-1787
-1704
-1442
-1081
-671
-388
-232
-147
140
814
1886
3126
4118
4742
4822
4435
3716
3011
2675
2721
2942
2950
2763
2357
1804
1172
562
210
-34
-328
-787
-1276
-1549
-1587
-1354
-945
-376
135
373
394
255
226
345
557
858
1131
1314
1377
1332
1252
1170
1084
911
637
249
-195
-519
-765
-851
-809
-700
-532
-480
-513
-578
-620
-604
-572
-488
-375
-188
2
210
514
808
1106
1255
1236
1067
736
368
31
-142
-183
-144
-90
-82
-99
-190
-324
-500
-712
-900
-1067
-1135
-1082
-881
-540
-166
192
424
524
508
419
355
311
346
388
429
465
456
439
362
282
152
-13
-247
-564
-827
-1035
-1097
-1076
-1005
-924
-912
-933
-1035
-1092
-1109
-1089
-1040
-1037
-1017
-1012
-971
-937
-909
-881
-923
-1021
-1201
-1354
-1415
-1378
-1255
-1156
-1110
-1132
-1217
-1326
-1400
-1409
-1350
-1244
-1157
-1099
-1100
-1106
-1082
-1022
-915
-673
-78
965
2331
3585
4484
4933
4878
4422
3640
2949
2626
2621
2668
2545
2330
2052
1745
1339
957
670
329
-173
-880
-1511
-1832
-1805
-1456
-926
-318
216
540
678
715
782
887
997
1038
993
951
962
1043
1155
1258
1309
1202
865
333
-231
-681
-1012
-1203
-1283
-1238
-1120
-1028
-930
-790
-611
-456
-403
-450
-519
-543
-464
-215
204
718
1216
1547
1679
1609
1369
1053
712
411
198
43
-85
-166
-197
-186
-161
-193
-298
-447
-659
-873
-1003
-1006
-848
-601
-294
45
350
583
731
825
847
801
668
497
329
157
59
36
96
164
167
81
-127
-433
-788
-1115
-1361
-1539
-1647
-1662
-1575
-1426
-1273
-1128
-1027
-965
-990
-1067
-1142
-1200
-1193
-1180
-1143
-1106
-1080
-1055
-1036
-1003
-971
-936
-969
-1057
-1178
-1293
-1352
-1358
-1283
-1160
-1043
-1014
-1065
-1143
-1197
-1168
-1050
-851
-627
-378
33
766
1760
2797
3649
4237
4538
4510
4154
3670
3301
3072
2885
2560
2169
1822
1546
1335
1133
949
704
344
-175
-757
-1237
-1526
-1570
-1454
-1217
-917
-569
-218
111
455
800
1123
1299
1291
1186
1099
1061
1053
1050
1020
964
789
516
226
-24
-198
-376
-582
-807
-1024
-1207
-1330
-1372
-1328
-1196
-1052
-898
-718
-519
-261
20
325
641
926
1145
1270
1307
1289
1252
1193
1127
1029
868
671
473
298
137
-56
-291
-528
-743
-927
-1055
-1114
-1069
-955
-800
-623
-449
-260
-69
122
302
457
574
651
690
674
641
584
511
432
317
209
66
-146
-421
-716
-983
-1209
-1409
-1597
-1720
-1779
-1773
-1719
-1644
-1545
-1433
-1310
-1198
-1093
-1007
-915
-812
-716
-613
-544
-476
-448
-459
-477
-505
-506
-510
-502
-514
-543
-601
-702
-779
-876
-947
-986
-1018
-1016
-1041
-1055
-1056
-1017
-938
-820
-659
-497
-246
105
583
1148
1659
2129
2531
2859
3085
3194
3264
3315
3322
3198
2972
2709
2463
2260
2030
1807
1593
1368
1147
902
657
446
249
44
-212
-489
-730
-885
-953
-962
-877
-737
-543
-354
-213
-76
30
111
120
82
30
-23
-35
-44
-13
33
77
107
82
66
40
29
-5
-75
-137
-217
-253
-289
-284
-212
-127
-27
40
89
120
124
96
41
1
-31
-31
-14
-2
28
10
-34
-103
-200
-261
-309
-336
-350
-369
-388
-413
-402
-351
-248
-135
-48
20
47
81
109
156
225
272
296
258
171
66
-45
-110
-133
-144
-158
-182
-208
-218
-207
-202
-189
-189
-223
-243
-277
-296
-280
-267
-232
-228
-249
-278
-294
-298
-286
-276
-305
-339
-418
-495
-555
-612
-633
-653
-669
-683
-697
-702
-679
-635
-572
-480
-404
-335
-278
-233
-182
-157
-165
-172
-176
-176
-178
-193
-194
-193
-202
-223
-223
-201
-144
-64
10
82
108
101
70
42
43
88
181
299
423
530
635
744
843
947
1037
1117
1190
1248
1304
1353
1404
1449
1487
1497
1461
1392
1293
1200
1098
992
886
780
687
583
491
404
346
311
268
233
177
122
51
-24
-89
-146
-188
-238
-268
-290
-297
-290
-301
-309
-337
-380
-417
-456
-481
-504
-510
-499
-468
-423
-375
-310
-258
-223
-215
-225
-216
-213
-191
-141
-63
44
125
178
203
202
164
96
31
-31
-76
-148
-240
-345
-454
-532
-601
-637
-659
-671
-672
-687
-700
-706
-680
-611
-521
-410
-301
-181
-70
27
123
204
297
359
401
413
397
369
319
277
229
179
121
55
-9
-74
-123
-163
-182
-187
-187
-187
-202
-218
-231
-237
-242
-249
-256
-261
-272
-287
-282
-265
-230
-199
-186
-190
-220
-276
-355
-431
-496
-533
-547
-535
-501
-468
-447
-463
-503
-541
-544
-520
-473
-417
-353
-261
-175
-97
-21
69
172
267
337
381
423
453
498
569
652
753
831
882
922
958
1006
1063
1121
1160
1186
1188
1177
1176
1180
1216
1255
1271
1268
1243
1231
1225
1197
1149
1076
979
853
705
548
425
321
216
117
2
-107
-217
-334
-432
-509
-565
-610
-649
-676
-670
-638
-598
-546
-499
-433
-359
-290
-217
-142
-53
27
89
139
174
194
176
124
31
-83
-207
-337
-449
-553
-632
-686
-722
-751
-795
-839
-870
-891
-909
-919
-904
-855
-777
-689
-599
-499
-418
-356
-302
-252
-189
-148
-131
-128
-129
-126
-132
-128
-113
-80
-60
-60
-49
-29
26
89
152
224
285
337
361
386
422
469
507
505
491
464
438
414
383
362
335
289
216
126
34
-61
-147
-238
-324
-409
-506
-590
-664
-719
-757
-781
-781
-764
-731
-689
-638
-587
-550
-519
-492
-453
-401
-344
-266
-186
-102
-27
29
79
114
134
133
117
102
98
123
178
264
354
438
506
556
605
650
700
764
837
921
1015
1108
1201
1287
1351
1394
1396
1360
1294
1210
1129
1060
1018
994
978
948
907
861
798
727
639
540
441
331
222
128
61
30
23
30
43
66
86
95
87
57
21
-22
-68
-113
-158
-200
-249
-314
-392
-486
-588
-692
-785
-869
-945
-1011
-1059
-1087
-1110
-1124
-1125
-1102
-1061
-1028
-993
-955
-913
-865
-819
-763
-697
-625
-553
-484
-423
-379
-348
-329
-315
-308
-305
-294
-270
-228
-175
-117
-47
17
73
120
163
208
251
286
313
330
334
332
327
323
319
315
312
319
328
339
352
358
357
336
296
251
209
176
151
128
96
48
-12
-70
-114
-158
-208
-261
-298
-324
-357
-396
-433
-460
-495
-544
-596
-630
-645
-651
-637
-600
-538
-486
-449
-414
-372
-321
-271
-214
-136
-44
42
127
215
304
394
474
546
619
680
734
785
832
883
940
1001
1062
1104
1122
1125
1122
1120
1128
1136
1148
1163
1173
1187
1205
1224
1228
1211
1161
1086
990
872
752
641
545
459
369
279
205
148
94
39
-20
-79
-141
-215
-293
-364
-422
-474
-520
-558
-588
-622
-657
-683
-691
-684
-680
-683
-688
-700
-715
-732
-746
-754
-752
-743
-731
-709
-687
-655
-621
-593
-563
-543
-526
-519
-520
-518
-520
-517
-517
-502
-475
-441
-400
-367
-329
-301
-282
-269
-253
-220
-188
-153
-127
-107
-96
-107
-121
-143
-150
-146
-132
-103
-64
-11
56
131
205
270
317
348
359
355
349
351
359
370
382
390
396
391
374
345
295
230
144
56
-22
-96
-158
-223
-284
-349
-413
-464
-500
-516
-525
-525
-520
-508
-481
-440
-385
-332
-284
-235
-188
-138
-92
-45
17
87
161
228
291
357
422
477
517
561
607
655
692
710
731
754
781
815
861
916
960
985
993
1004
1026
1046
1053
1034
1002
959
913
868
825
790
742
671
574
469
376
305
249
195
143
85
26
-34
-84
-104
-105
-103
-125
-169
-219
-262
-300
-332
-344
-338
-324
-327
-343
-357
-361
-357
-363
-378
-398
-430
-471
-509
-527
-515
-486
-455
-435
-431
-443
-464
-490
-517
-540
-565
-592
-619
-643
-644
-617
-573
-516
-466
-421
-389
-377
-387
-400
-406
-406
-401
-396
-375
-340
-301
-259
-216
-170
-137
-134
-152
-171
-175
-160
-134
-102
-62
-19
20
60
105
159
212
246
250
233
215
212
231
264
302
331
346
340
312
269
219
163
101
35
-27
-78
-121
-149
-162
-160
-156
-166
-184
-210
-232
-253
-261
-249
-220
-176
-132
-85
-36
3
27
32
33
34
42
66
107
173
252
335
411
471
518
555
594
632
673
712
747
784
814
839
863
884
899
896
870
832
795
762
731
704
682
664
648
623
606
591
572
536
473
397
314
229
149
81
29
-17
-62
-111
-159
-199
-239
-281
-335
-391
-443
-479
-499
-502
-481
-438
-382
-336
-308
-289
-275
-263
-256
-247
-230
-210
-189
-172
-150
-126
-110
-111
-133
-166
-214
-268
-319
-355
-376
-392
-399
-406
-401
-390
-377
-370
-374
-389
-416
-437
-443
-432
-405
-370
-330
-295
-273
-265
-267
-278
-299
-322
-345
-355
-344
-319
-282
-244
-214
-194
-182
-174
-162
-147
-123
-90
-50
-2
47
96
144
176
184
172
146
118
101
92
98
116
134
148
148
137
113
73
22
-36
-84
-122
-140
-142
-131
-106
-86
-68
-53
-41
-26
-15
-6
6
22
47
81
127
177
222
250
262
267
275
288
311
342
377
409
432
455
478
513
556
596
629
645
660
676
703
738
773
800
809
804
785
772
772
779
778
747
688
604
510
421
344
287
236
175
97
14
-65
-137
-199
-256
-300
-337
-371
-398
-414
-411
-397
-376
-360
-347
-342
-342
-341
-332
-308
-268
-213
-155
-108
-84
-81
-90
-100
-107
-101
-83
-65
-58
-64
-67
-55
-34
-15
-2
4
-2
-30
-79
-135
-185
-231
-269
-293
-298
-291
-289
-298
-322
-362
-423
-495
-567
-630
-685
-728
-753
-752
-731
-695
-649
-604
-568
-548
-535
-512
-473
-423
-365
-295
-215
-139
-72
-18
26
57
69
70
70
77
88
96
97
88
67
26
-25
-75
-123
-175
-228
-273
-301
-310
-311
-299
-276
-243
-207
-170
-129
-85
-39
6
55
116
203
316
441
565
682
787
884
972
1045
1095
1122
1117
1077
1016
955
914
891
880
874
864
842
801
740
673
607
532
445
353
265
194
137
94
73
71
78
69
45
9
-28
-63
-94
-109
-110
-99
-91
-92
-86
-63
-23
22
70
115
143
155
157
168
188
210
220
208
177
141
115
110
129
169
199
203
188
166
143
123
109
90
63
21
-32
-86
-125
-140
-140
-138
-129
-118
-116
-141
-184
-239
-303
-362
-415
-452
-471
-475
-479
-495
-513
-533
-566
-616
-669
-712
-757
-805
-844
-869
-874
-867
-846
-817
-784
-747
-729
-730
-734
-721
-705
-694
-672
-655
-647
-648
-640
-622
-600
-571
-551
-541
-535
-528
-530
-544
-549
-553
-571
-589
-586
-566
-558
-554
-546
-536
-520
-498
-475
-449
-391
-302
-179
22
331
708
1072
1404
1707
1958
2146
2268
2346
2391
2419
2420
2390
2382
2409
2420
2355
2230
2083
1890
1634
1333
1012
669
298
-86
-445
-705
-846
-922
-980
-1004
-977
-951
-943
-924
-876
-824
-795
-770
-722
-603
-414
-195
36
286
540
730
839
914
967
978
939
879
821
765
707
631
559
511
466
382
266
154
43
-100
-254
-372
-441
-473
-475
-446
-375
-276
-176
-103
-51
5
42
42
29
35
51
57
67
92
117
120
85
4
-108
-228
-360
-507
-639
-736
-813
-884
-933
-956
-973
-996
-1020
-1044
-1068
-1070
-1059
-1055
-1053
-1032
-994
-950
-881
-794
-722
-676
-650
-654
-704
-772
-843
-923
-1005
-1060
-1079
-1081
-1062
-1031
-1012
-1008
-1007
-1024
-1083
-1158
-1215
-1245
-1225
-1113
-933
-767
-654
-580
-529
-494
-464
-435
-405
-353
-261
-103
209
761
1477
2151
2656
2987
3165
3202
3155
3095
3049
3003
2934
2860
2839
2904
2972
2914
2711
2393
1944
1368
774
275
-142
-523
-843
-1029
-1054
-965
-850
-785
-757
-763
-822
-920
-960
-874
-727
-555
-316
25
412
766
1051
1232
1291
1234
1090
913
759
650
540
439
406
435
457
420
333
172
-86
-396
-684
-891
-991
-981
-884
-724
-505
-274
-92
19
78
77
8
-64
-82
-52
16
125
272
404
485
490
399
219
-27
-320
-622
-859
-1000
-1065
-1071
-1009
-909
-837
-813
-824
-875
-976
-1099
-1199
-1241
-1207
-1097
-922
-705
-461
-252
-125
-78
-101
-209
-414
-647
-858
-1036
-1162
-1202
-1128
-1003
-892
-844
-875
-941
-1048
-1191
-1370
-1526
-1622
-1669
-1632
-1503
-1292
-1073
-885
-714
-590
-491
-426
-392
-395
-436
-461
-466
-404
-294
-167
-49
38
130
233
479
938
1519
2045
2346
2485
2535
2579
2655
2733
2852
2973
3077
3094
3036
2981
2888
2731
2441
2048
1580
1088
678
333
60
-181
-382
-543
-703
-831
-963
-1056
-1107
-1129
-1124
-1099
-955
-712
-405
-84
218
496
678
796
853
887
941
987
1032
1036
1058
1092
1103
1080
977
823
588
328
75
-174
-371
-533
-629
-691
-711
-680
-648
-607
-607
-630
-678
-718
-697
-643
-533
-395
-235
-93
-2
55
33
-43
-177
-345
-520
-691
-808
-892
-929
-927
-909
-897
-938
-1008
-1113
-1210
-1267
-1285
-1272
-1247
-1183
-1084
-961
-819
-686
-570
-477
-394
-329
-290
-252
-219
-209
-245
-332
-461
-601
-706
-756
-776
-802
-846
-921
-1028
-1146
-1238
-1285
-1287
-1258
-1246
-1255
-1241
-1166
-1046
-918
-771
-616
-453
-306
-193
-118
-90
-77
-83
-72
-8
105
228
307
370
406
399
419
574
957
1469
1929
2193
2258
2259
2248
2226
2178
2200
2373
2613
2805
2851
2766
2579
2308
1987
1618
1274
980
722
470
210
0
-163
-268
-344
-461
-657
-917
-1132
-1262
-1286
-1198
-1010
-735
-448
-185
19
166
287
374
436
494
604
771
942
1094
1203
1275
1294
1264
1183
1011
781
524
281
73
-87
-187
-260
-318
-383
-470
-585
-731
-902
-1084
-1217
-1246
-1175
-1040
-883
-722
-587
-507
-467
-450
-449
-469
-514
-559
-571
-535
-478
-435
-401
-384
-396
-448
-533
-634
-747
-844
-893
-884
-832
-770
-713
-689
-705
-755
-809
-822
-794
-751
-741
-750
-750
-744
-741
-749
-754
-763
-783
-792
-775
-725
-687
-700
-761
-837
-888
-916
-932
-934
-926
-903
-863
-796
-717
-657
-617
-586
-542
-480
-399
-303
-216
-160
-143
-131
-91
-28
29
61
88
117
156
251
448
743
1036
1241
1359
1443
1507
1515
1485
1500
1626
1831
2052
2289
2531
2709
2713
2542
2316
2121
1957
1775
1613
1544
1537
1494
1346
1153
967
766
510
213
-37
-216
-357
-499
-631
-695
-711
-717
-749
-797
-843
-902
-969
-1035
-1066
-1035
-946
-808
-651
-477
-301
-150
-52
-14
-2
4
26
70
144
268
412
539
626
682
709
667
550
398
270
190
134
105
103
120
109
34
-83
-222
-378
-568
-766
-917
-1000
-1039
-1059
-1055
-1029
-1014
-1028
-1075
-1129
-1183
-1242
-1286
-1279
-1196
-1057
-902
-749
-625
-548
-530
-549
-578
-601
-602
-588
-559
-525
-489
-452
-437
-450
-516
-619
-724
-807
-866
-933
-989
-1022
-1027
-1002
-976
-972
-1016
-1084
-1146
-1197
-1219
-1216
-1164
-1076
-966
-850
-758
-669
-600
-569
-575
-580
-529
-459
-382
-295
-171
31
302
637
957
1221
1434
1588
1719
1804
1882
1991
2158
2404
2637
2851
3058
3257
3361
3258
3033
2786
2602
2452
2284
2143
2023
1929
1775
1527
1249
934
588
174
-218
-504
-717
-872
-1024
-1143
-1243
-1346
-1425
-1512
-1568
-1617
-1658
-1655
-1600
-1461
-1314
-1172
-1019
-864
-687
-525
-355
-207
-92
29
147
290
441
598
745
828
879
887
887
883
851
804
728
680
639
577
506
410
307
161
4
-122
-241
-356
-502
-640
-741
-819
-869
-937
-983
-1006
-1023
-1031
-1045
-1014
-974
-934
-876
-809
-716
-638
-566
-509
-476
-438
-406
-350
-287
-235
-200
-211
-215
-223
-238
-278
-369
-478
-620
-755
-876
-987
-1071
-1146
-1199
-1263
-1353
-1437
-1521
-1590
-1662
-1719
-1720
-1662
-1543
-1429
-1332
-1233
-1136
-1041
-979
-906
-801
-687
-568
-474
-371
-260
-161
-78
-35
11
59
118
237
448
771
1093
1343
1530
1674
1811
1872
1879
1911
2054
2318
2570
2775
2958
3146
3262
3172
2942
2690
2519
2395
2238
2096
2004
1973
1884
1649
1322
949
578
176
-213
-504
-703
-821
-933
-1033
-1108
-1182
-1261
-1402
-1552
-1682
-1776
-1809
-1792
-1670
-1474
-1238
-1000
-810
-632
-481
-350
-268
-226
-140
-6
180
362
535
721
876
990
1016
989
952
887
806
693
619
595
586
568
501
412
275
98
-105
-315
-489
-643
-765
-860
-928
-970
-1019
-1065
-1123
-1190
-1252
-1297
-1300
-1278
-1221
-1141
-1051
-946
-846
-743
-651
-572
-501
-435
-342
-234
-128
-52
-3
31
34
11
-40
-116
-216
-336
-446
-537
-600
-658
-731
-816
-922
-1049
-1214
-1386
-1516
-1606
-1661
-1689
-1659
-1570
-1459
-1352
-1286
-1235
-1189
-1150
-1115
-1072
-973
-826
-648
-453
-270
-121
-48
-32
-46
-58
4
170
468
831
1181
1470
1685
1853
1940
1938
1909
1956
2138
2363
2572
2772
2980
3144
3153
3010
2800
2614
2453
2261
2071
1945
1886
1808
1620
1358
1066
751
399
25
-299
-545
-722
-869
-999
-1084
-1136
-1185
-1268
-1378
-1466
-1523
-1532
-1504
-1433
-1299
-1112
-887
-678
-490
-305
-142
-24
31
83
186
338
505
644
772
893
974
984
917
834
744
636
514
413
376
366
337
255
129
-14
-180
-367
-564
-736
-861
-955
-1017
-1053
-1065
-1070
-1094
-1138
-1197
-1243
-1252
-1221
-1153
-1049
-915
-775
-658
-570
-501
-433
-369
-316
-270
-207
-119
-22
59
127
194
233
216
132
14
-99
-208
-314
-417
-487
-520
-556
-624
-730
-849
-977
-1129
-1290
-1439
-1539
-1581
-1578
-1551
-1518
-1469
-1410
-1349
-1299
-1268
-1235
-1183
-1093
-973
-838
-675
-487
-298
-157
-77
-33
-4
30
79
186
405
737
1106
1399
1591
1732
1844
1887
1847
1817
1901
2103
2315
2461
2587
2748
2878
2827
2583
2304
2128
2027
1905
1772
1694
1673
1605
1405
1118
830
565
279
-32
-282
-425
-498
-563
-639
-701
-756
-824
-924
-1034
-1115
-1140
-1118
-1075
-1002
-868
-686
-500
-364
-282
-221
-160
-117
-110
-91
2
160
314
427
519
598
628
579
471
366
285
223
173
156
182
213
195
114
-8
-162
-341
-519
-657
-755
-827
-881
-909
-916
-920
-938
-971
-1005
-1027
-1038
-1031
-991
-918
-827
-733
-638
-551
-479
-411
-341
-268
-204
-147
-82
-20
32
57
58
32
-28
-111
-211
-307
-404
-503
-584
-637
-669
-730
-834
-945
-1046
-1138
-1248
-1351
-1419
-1442
-1436
-1424
-1389
-1324
-1241
-1168
-1130
-1106
-1085
-1037
-950
-828
-679
-535
-395
-265
-147
-49
13
44
46
59
104
181
303
495
787
1120
1374
1508
1573
1655
1725
1715
1664
1707
1926
2200
2388
2492
2611
2739
2727
2515
2232
2049
1976
1888
1753
1639
1598
1553
1389
1119
821
554
300
42
-173
-321
-401
-458
-522
-601
-688
-761
-838
-928
-1021
-1088
-1092
-1055
-1002
-929
-822
-681
-564
-496
-446
-380
-302
-256
-225
-153
-23
130
248
337
406
450
457
425
392
367
355
356
372
397
396
356
282
168
9
-176
-326
-415
-470
-519
-569
-593
-614
-659
-744
-837
-901
-949
-986
-999
-959
-874
-790
-718
-649
-575
-516
-488
-472
-455
-425
-380
-319
-249
-186
-144
-141
-171
-236
-331
-436
-537
-624
-710
-784
-829
-847
-868
-918
-982
-1036
-1076
-1117
-1169
-1201
-1202
-1176
-1137
-1093
-1027
-952
-880
-828
-785
-733
-666
-565
-454
-355
-281
-219
-130
-30
38
57
63
122
212
290
356
486
743
1038
1260
1387
1502
1657
1761
1755
1699
1741
1941
2170
2334
2441
2565
2693
2689
2529
2291
2108
2002
1887
1759
1649
1594
1542
1392
1141
838
558
309
64
-143
-303
-395
-461
-546
-631
-713
-765
-836
-940
-1038
-1111
-1127
-1119
-1084
-994
-865
-717
-615
-545
-484
-437
-396
-384
-346
-250
-113
53
205
346
449
496
504
470
434
390
355
354
376
409
415
398
349
247
104
-66
-209
-307
-390
-465
-541
-591
-627
-676
-735
-807
-868
-924
-978
-1003
-1002
-966
-916
-861
-797
-734
-669
-624
-595
-565
-533
-486
-432
-363
-283
-216
-171
-176
-211
-261
-328
-416
-530
-633
-706
-750
-780
-814
-844
-879
-924
-986
-1061
-1112
-1134
-1131
-1117
-1091
-1038
-958
-864
-787
-734
-682
-612
-520
-442
-377
-300
-201
-94
-14
49
108
165
200
208
231
289
376
486
649
895
1157
1344
1435
1502
1588
1642
1630
1614
1716
1941
2155
2272
2327
2421
2520
2496
2317
2088
1941
1869
1783
1648
1506
1418
1334
1176
928
642
395
177
-30
-235
-408
-513
-576
-635
-717
-811
-887
-954
-1030
-1106
-1148
-1135
-1091
-1031
-947
-824
-681
-565
-493
-435
-359
-279
-223
-179
-99
38
196
316
380
407
416
406
373
321
281
277
307
340
347
318
262
188
76
-68
-209
-300
-339
-365
-405
-443
-462
-477
-524
-609
-696
-756
-797
-833
-842
-810
-750
-695
-661
-626
-582
-546
-538
-553
-554
-535
-501
-457
-408
-352
-311
-294
-298
-316
-344
-391
-457
-537
-616
-670
-697
-709
-727
-771
-825
-866
-885
-903
-933
-962
-975
-964
-942
-919
-881
-818
-731
-650
-591
-551
-516
-470
-417
-362
-299
-219
-112
20
140
221
256
281
321
378
445
558
762
1040
1297
1454
1534
1607
1686
1714
1681
1684
1819
2050
2249
2357
2426
2500
2523
2402
2166
1942
1818
1757
1678
1567
1461
1373
1262
1083
840
569
307
69
-138
-310
-442
-525
-576
-623
-697
-792
-884
-965
-1041
-1113
-1153
-1146
-1104
-1036
-932
-789
-638
-527
-465
-413
-345
-281
-244
-198
-98
54
197
294
354
397
416
393
342
298
289
309
340
363
366
346
300
234
142
22
-95
-180
-226
-258
-299
-337
-366
-399
-460
-552
-643
-717
-774
-817
-842
-836
-813
-784
-749
-706
-660
-628
-615
-607
-594
-571
-528
-461
-384
-317
-276
-260
-260
-292
-351
-421
-472
-501
-527
-540
-532
-508
-505
-550
-629
-725
-825
-921
-987
-996
-964
-915
-869
-818
-764
-740
-755
-781
-772
-719
-646
-566
-468
-329
-169
-33
58
112
166
227
281
325
379
474
590
702
821
983
1192
1369
1458
1484
1514
1561
1570
1545
1576
1722
1911
2020
2035
2041
2077
2064
1926
1725
1578
1517
1468
1374
1275
1217
1171
1063
863
619
385
190
29
-107
-212
-286
-333
-371
-424
-508
-612
-708
-787
-858
-919
-948
-919
-838
-736
-634
-546
-472
-419
-391
-379
-373
-359
-312
-221
-99
30
142
232
291
302
268
217
181
170
177
195
225
256
262
236
184
113
20
-86
-179
-238
-271
-306
-347
-382
-404
-440
-509
-593
-660
-700
-731
-762
-776
-757
-710
-655
-604
-567
-544
-528
-507
-470
-425
-386
-355
-323
-283
-254
-243
-251
-267
-283
-319
-383
-462
-529
-557
-561
-569
-604
-659
-707
-738
-760
-794
-833
-852
-841
-805
-768
-729
-683
-629
-570
-518
-471
-420
-365
-302
-232
-149
-58
27
96
146
195
240
275
289
302
350
435
518
574
627
734
892
1029
1086
1098
1146
1247
1336
1363
1379
1473
1634
1772
1831
1856
1901
1936
1891
1767
1648
1590
1557
1494
1405
1334
1280
1191
1038
859
687
516
327
141
10
-60
-109
-179
-263
-336
-406
-491
-593
-688
-748
-776
-775
-750
-704
-646
-590
-543
-510
-495
-496
-500
-489
-444
-371
-280
-186
-98
-18
45
84
99
101
106
121
142
160
179
209
243
256
233
178
112
47
-12
-66
-115
-160
-203
-251
-301
-350
-407
-475
-540
-592
-627
-656
-679
-684
-667
-631
-596
-571
-554
-541
-531
-525
-519
-513
-503
-478
-428
-366
-330
-333
-358
-374
-387
-437
-515
-577
-583
-555
-555
-590
-618
-610
-588
-600
-637
-657
-640
-613
-603
-591
-561
-513
-465
-420
-365
-301
-242
-197
-155
-111
-78
-57
-34
12
73
130
174
222
276
310
311
302
314
346
383
430
526
679
842
957
1028
1098
1182
1245
1260
1271
1339
1462
1586
1675
1748
1816
1856
1831
1751
1659
1572
1487
1397
1323
1270
1210
1124
1022
914
783
617
430
261
125
5
-105
-196
-261
-309
-357
-411
-477
-555
-632
-689
-721
-738
-739
-702
-626
-549
-503
-482
-455
-420
-396
-385
-353
-287
-207
-135
-73
-10
41
65
68
63
53
33
15
18
39
56
61
64
69
52
3
-68
-143
-221
-301
-364
-397
-408
-416
-431
-448
-463
-490
-534
-582
-612
-617
-609
-598
-583
-558
-525
-503
-508
-531
-542
-527
-508
-512
-527
-515
-472
-444
-458
-491
-508
-509
-521
-547
-559
-541
-506
-477
-467
-475
-494
-498
-482
-469
-486
-512
-488
-407
-324
-290
-285
-251
-194
-165
-181
-200
-178
-125
-75
-34
13
66
116
162
213
248
251
235
244
288
340
382
440
558
722
876
977
1041
1111
1184
1229
1239
1253
1317
1427
1548
1650
1735
1802
1828
1795
1715
1617
1521
1428
1355
1307
1281
1245
1170
1065
930
764
567
366
194
60
-42
-126
-188
-233
-278
-338
-414
-497
-579
-653
-709
-741
-738
-699
-645
-591
-543
-487
-425
-378
-351
-327
-281
-217
-156
-102
-40
32
94
132
156
178
190
178
154
144
152
152
124
86
49
4
-65
-150
-223
-275
-318
-366
-417
-462
-506
-550
-592
-637
-684
-731
-759
-753
-728
-708
-701
-688
-653
-607
-580
-586
-603
-609
-602
-594
-595
-582
-540
-481
-432
-412
-412
-419
-426
-436
-457
-481
-495
-486
-459
-437
-435
-445
-447
-434
-419
-419
-422
-409
-382
-351
-324
-293
-254
-206
-154
-99
-47
-6
24
61
108
150
185
230
305
387
451
484
510
541
572
597
618
656
719
813
927
1031
1092
1117
1141
1175
1192
1171
1155
1193
1276
1341
1360
1369
1397
1413
1377
1294
1211
1158
1116
1066
1017
975
934
869
780
680
571
458
344
240
152
79
12
-57
-133
-201
-252
-297
-360
-436
-492
-510
-510
-521
-534
-518
-471
-428
-411
-398
-363
-316
-287
-272
-239
-183
-124
-80
-39
13
56
69
57
46
47
51
47
39
30
15
-14
-58
-115
-181
-251
-316
-372
-424
-479
-526
-558
-577
-604
-648
-695
-723
-726
-726
-741
-761
-759
-729
-694
-676
-662
-625
-567
-526
-529
-553
-550
-518
-488
-481
-473
-434
-374
-334
-333
-355
-372
-376
-378
-388
-403
-403
-377
-336
-308
-316
-343
-352
-337
-325
-336
-341
-305
-233
-169
-133
-104
-55
-1
26
30
49
100
168
230
292
369
454
524
560
577
598
626
644
651
674
744
854
958
1028
1082
1143
1199
1210
1174
1138
1136
1160
1185
1214
1262
1316
1339
1320
1279
1224
1147
1052
966
913
870
813
749
701
658
584
473
359
264
178
87
-2
-68
-117
-161
-210
-251
-284
-320
-370
-422
-457
-477
-485
-491
-477
-443
-396
-358
-336
-317
-292
-267
-252
-241
-214
-169
-126
-99
-77
-49
-26
-28
-55
-73
-73
-78
-107
-143
-168
-190
-230
-291
-346
-384
-414
-452
-491
-519
-541
-562
-582
-592
-595
-601
-606
-600
-580
-565
-556
-545
-523
-491
-461
-434
-405
-375
-353
-336
-327
-326
-334
-350
-358
-345
-321
-307
-318
-338
-354
-359
-382
-434
-482
-491
-462
-440
-448
-452
-418
-368
-349
-367
-375
-339
-280
-239
-208
-151
-67
6
53
93
142
188
213
233
277
339
389
421
457
508
562
592
604
620
651
690
728
769
815
872
932
992
1038
1062
1069
1074
1089
1099
1099
1101
1126
1168
1194
1187
1163
1142
1111
1054
977
911
866
824
769
716
673
619
539
443
358
280
189
82
-12
-77
-128
-187
-244
-292
-330
-373
-424
-467
-504
-535
-556
-558
-542
-528
-519
-505
-479
-454
-447
-448
-437
-411
-382
-357
-327
-298
-275
-254
-231
-214
-217
-234
-243
-234
-233
-250
-274
-281
-276
-283
-307
-333
-348
-360
-381
-402
-412
-412
-410
-404
-392
-376
-368
-370
-369
-363
-360
-358
-351
-332
-319
-317
-313
-296
-279
-281
-299
-306
-295
-290
-315
-353
-367
-352
-341
-361
-388
-389
-367
-358
-379
-405
-407
-384
-363
-357
-353
-337
-313
-294
-289
-285
-265
-229
-185
-137
-84
-21
38
81
109
141
190
241
285
332
404
496
574
625
674
738
795
824
838
865
909
942
960
983
1020
1051
1060
1060
1069
1079
1065
1031
1000
983
965
937
906
881
858
826
791
758
719
664
605
559
515
458
388
324
281
247
198
137
82
46
16
-30
-91
-149
-192
-229
-273
-319
-347
-346
-340
-343
-355
-361
-361
-373
-393
-407
-408
-405
-401
-387
-359
-332
-324
-327
-330
-335
-354
-382
-397
-393
-382
-376
-369
-351
-335
-330
-340
-354
-365
-378
-389
-396
-394
-381
-358
-337
-320
-308
-297
-293
-303
-321
-331
-326
-318
-316
-313
-295
-273
-265
-274
-284
-283
-278
-278
-281
-278
-273
-273
-278
-287
-295
-300
-295
-275
-255
-242
-233
-222
-216
-222
-236
-247
-246
-237
-220
-197
-172
-156
-142
-123
-106
-106
-115
-108
-74
-36
-8
24
81
152
213
259
302
353
401
438
477
524
576
625
679
739
791
827
849
868
879
873
856
841
833
830
829
827
818
798
776
754
727
688
642
610
593
571
539
509
492
477
444
400
365
340
310
267
228
203
183
154
117
86
60
28
-15
-57
-91
-121
-152
-179
-198
-213
-232
-255
-277
-295
-316
-342
-365
-375
-373
-369
-369
-366
-353
-341
-344
-360
-377
-388
-398
-415
-432
-435
-423
-410
-407
-407
-406
-411
-430
-460
-484
-493
-495
-495
-487
-464
-434
-410
-400
-398
-396
-393
-387
-377
-364
-347
-324
-295
-271
-258
-253
-242
-224
-202
-187
-177
-164
-150
-139
-141
-147
-150
-148
-141
-133
-125
-115
-109
-105
-104
-107
-119
-134
-146
-149
-142
-132
-129
-130
-125
-111
-96
-100
-118
-123
-105
-79
-64
-52
-19
37
93
128
149
183
239
297
346
390
445
518
597
663
710
744
779
819
849
855
844
843
855
859
841
803
775
762
746
707
652
606
571
527
467
401
353
328
306
280
256
242
228
205
169
131
99
72
53
46
53
64
72
77
78
69
45
11
-17
-31
-40
-54
-68
-73
-72
-77
-97
-126
-152
-170
-189
-216
-249
-278
-293
-301
-319
-348
-372
-380
-378
-389
-414
-438
-447
-450
-460
-476
-483
-476
-468
-463
-457
-444
-428
-421
-413
-393
-368
-353
-349
-334
-300
-264
-246
-238
-214
-172
-140
-133
-135
-119
-93
-78
-79
-77
-59
-39
-35
-41
-43
-43
-50
-68
-82
-82
-78
-85
-104
-119
-127
-142
-170
-200
-216
-216
-219
-233
-242
-235
-227
-239
-262
-268
-253
-240
-240
-227
-185
-135
-105
-88
-60
-8
36
58
84
141
217
282
328
376
444
512
556
579
601
637
671
691
702
719
743
760
756
737
721
702
670
628
590
563
535
493
451
420
391
345
290
249
227
204
166
134
122
118
98
68
52
55
54
39
28
35
47
43
29
20
26
32
26
13
8
4
-9
-34
-65
-90
-112
-134
-159
-179
-193
-205
-222
-247
-264
-276
-292
-312
-329
-330
-324
-327
-340
-344
-336
-330
-341
-354
-352
-339
-326
-325
-322
-311
-294
-280
-268
-259
-250
-242
-230
-215
-204
-198
-187
-162
-130
-108
-99
-90
-75
-61
-65
-76
-81
-73
-62
-56
-53
-49
-47
-54
-70
-86
-100
-117
-133
-143
-147
-156
-173
-195
-213
-233
-254
-274
-288
-291
-289
-289
-290
-288
-291
-299
-307
-305
-293
-275
-257
-230
-194
-157
-127
-107
-84
-52
-13
26
62
105
157
213
264
307
351
399
447
484
511
535
559
585
599
605
615
634
649
651
643
630
614
585
539
491
452
421
392
362
335
313
288
252
207
160
114
72
34
3
-16
-26
-32
-40
-46
-48
-53
-64
-75
-79
-74
-64
-59
-49
-32
-10
7
18
23
26
25
23
25
19
8
-3
-5
-7
-20
-47
-70
-82
-95
-122
-154
-173
-177
-182
-200
-219
-227
-230
-247
-273
-291
-291
-288
-292
-295
-278
-250
-231
-228
-227
-211
-189
-180
-183
-171
-134
-91
-63
-45
-17
23
50
54
47
46
56
56
43
34
37
44
42
31
18
2
-27
-65
-104
-135
-164
-194
-218
-225
-221
-225
-247
-271
-285
-296
-317
-347
-360
-348
-323
-303
-291
-278
-256
-232
-223
-224
-220
-197
-159
-118
-80
-41
4
53
92
119
140
165
195
227
258
289
322
356
386
407
421
424
419
411
405
401
394
384
377
380
384
375
347
315
290
269
239
198
165
158
162
157
136
116
107
100
78
43
17
11
14
15
10
10
18
29
32
24
15
10
12
18
24
23
25
39
60
72
71
66
70
76
72
57
42
41
46
47
40
29
20
9
-6
-27
-54
-80
-98
-111
-122
-135
-149
-160
-168
-174
-178
-181
-185
-183
-172
-156
-150
-157
-163
-153
-137
-128
-128
-118
-92
-63
-52
-52
-50
-43
-39
-45
-51
-48
-39
-30
-22
-17
-13
-16
-20
-27
-39
-50
-62
-75
-90
-100
-108
-118
-133
-145
-150
-153
-166
-187
-202
-212
-223
-243
-261
-263
-255
-253
-252
-246
-236
-233
-242
-248
-244
-236
-229
-212
-182
-149
-123
-100
-76
-51
-32
-16
11
49
91
131
172
209
234
248
254
254
251
250
258
272
286
295
303
308
299
278
255
238
223
204
194
193
196
191
184
182
174
153
122
101
87
65
34
13
12
14
5
-8
-10
-5
-10
-28
-47
-53
-54
-53
-49
-38
-22
-1
17
27
32
32
34
37
37
36
42
53
61
63
64
68
65
58
48
44
41
30
16
7
4
-5
-17
-29
-32
-34
-40
-48
-54
-57
-59
-60
-62
-61
-56
-47
-38
-31
-26
-17
-6
3
7
13
26
36
38
33
34
36
34
25
19
20
20
15
7
-1
-12
-31
-51
-67
-78
-89
-100
-104
-104
-109
-124
-144
-163
-177
-191
-207
-216
-217
-207
-200
-199
-202
-209
-216
-227
-240
-246
-243
-226
-203
-181
-157
-134
-115
-106
-103
-96
-80
-58
-31
2
43
88
125
148
163
177
188
196
199
207
223
243
256
259
260
261
256
242
221
201
187
171
151
131
116
101
87
72
59
49
35
17
1
-13
-29
-46
-59
-63
-59
-56
-51
-43
-35
-30
-30
-35
-38
-38
-31
-21
-9
7
23
39
50
55
55
56
56
56
57
64
76
87
93
95
95
93
86
74
66
63
65
68
70
73
71
66
57
43
28
14
7
5
5
7
9
6
-3
-14
-24
-34
-45
-50
-46
-37
-27
-22
-21
-17
-13
-15
-22
-28
-28
-22
-17
-12
-8
-4
-1
-3
-10
-22
-35
-47
-59
-69
-80
-86
-89
-90
-92
-97
-105
-116
-131
-145
-159
-171
-177
-180
-179
-175
-171
-170
-172
-175
-181
-187
-193
-191
-183
-169
-151
-131
-109
-86
-66
-50
-34
-17
2
22
44
66
91
114
134
150
160
166
170
173
173
171
169
165
161
157
150
140
130
120
106
93
78
62
48
36
26
17
7
-2
-11
-19
-29
-40
-51
-61
-68
-72
-71
-68
-66
-62
-58
-52
-49
-49
-47
-43
-37
-29
-24
-20
-14
-6
0
4
6
11
22
33
40
42
46
54
60
62
62
68
81
93
102
109
115
118
117
111
102
91
81
73
70
70
66
63
60
57
47
31
14
-1
-13
-22
-30
-34
-30
-23
-14
-9
-9
-11
-14
-21
-28
-34
-36
-33
-26
-15
-6
3
6
6
5
2
-10
-23
-31
-32
-27
-28
-28
-25
-20
-20
-27
-38
-49
-60
-72
-81
-88
-90
-90
-89
-88
-88
-92
-102
-113
-125
-131
-135
-136
-132
-121
-103
-83
-68
-59
-50
-39
-30
-24
-17
-1
23
49
72
91
111
126
133
133
129
129
127
128
130
133
137
138
135
126
112
96
78
60
43
29
20
12
4
-2
-11
-24
-39
-54
-68
-81
-94
-102
-102
-97
-94
-92
-87
-77
-69
-68
-67
-62
-52
-45
-39
-30
-13
3
13
20
28
36
39
38
34
35
40
43
46
50
58
66
71
70
67
67
67
67
64
64
71
78
80
81
79
76
70
59
49
39
29
20
13
8
5
1
-6
-11
-14
-19
-22
-26
-27
-29
-26
-25
-25
-25
-23
-18
-12
-10
-7
-4
1
4
0
-7
-11
-13
-15
-15
-16
-11
-7
-3
-4
-8
-17
-26
-37
-48
-59
-67
-67
-65
-61
-60
-56
-54
-56
-63
-70
-75
-78
-77
-70
-56
-41
-24
-10
3
11
13
10
5
3
4
8
14
20
30
42
46
44
37
28
21
14
8
8
17
30
43
51
56
62
64
61
53
47
45
46
49
51
52
53
52
47
34
20
4
-9
-25
-38
-48
-53
-57
-63
-66
-67
-70
-76
-83
-89
-92
-95
-95
-92
-85
-75
-66
-55
-46
-38
-35
-33
-29
-27
-24
-19
-12
-2
10
19
27
34
38
40
41
42
43
47
53
60
64
70
73
75
74
71
67
63
61
59
58
57
55
51
45
39
31
26
20
14
10
6
2
-3
-6
-12
-16
-20
-23
-24
-21
-17
-15
-12
-6
0
3
6
10
15
21
25
28
34
40
44
44
39
34
30
23
13
1
-9
-18
-27
-37
-48
-58
-67
-76
-85
-93
-100
-105
-106
-109
-109
-105
-99
-91
-82
-71
-63
-53
-44
-36
-30
-21
-11
0
12
24
36
48
58
67
73
76
79
83
88
94
99
106
113
120
122
121
117
112
107
98
88
80
71
62
51
39
27
14
-2
-18
-34
-49
-64
-78
-88
-96
-102
-106
-109
-109
-111
-112
-111
-110
-107
-104
-97
-88
-78
-68
-59
-50
-44
-39
-37
-36
-31
-26
-22
-17
-13
-9
-6
-6
-6
-7
-6
-5
-3
0
7
14
19
24
27
33
38
41
46
53
61
68
73
79
83
86
86
87
87
86
87
87
86
84
80
75
71
64
57
51
47
43
41
41
40
40
39
38
35
34
30
26
25
23
22
19
17
15
11
7
-1
-9
-18
-28
-40
-52
-63
-72
-78
-82
-85
-87
-85
-83
-82
-82
-81
-80
-77
-72
-68
-59
-46
-31
-18
-5
3
9
12
12
11
10
9
13
18
24
30
36
39
39
37
32
27
23
21
21
25
32
39
45
49
49
45
37
28
17
9
2
-3
-7
-10
-13
-19
-25
-34
-46
-59
-70
-81
-88
-92
-93
-90
-86
-82
-80
-78
-78
-77
-79
-80
-79
-73
-65
-56
-47
-37
-29
-21
-18
-15
-12
-10
-7
-2
5
13
22
31
39
46
52
57
61
63
66
69
71
75
79
82
85
86
84
83
77
71
65
61
55
51
45
40
37
32
29
23
19
16
12
7
6
5
4
4
5
8
12
15
16
18
19
21
22
20
19
20
18
16
15
13
12
11
7
0
-8
-16
-24
-33
-40
-46
-51
-55
-59
-61
-63
-66
-69
-74
-79
-83
-85
-86
-84
-79
-72
-65
-60
-54
-50
-48
-46
-46
-44
-39
-32
-23
-14
-2
10
19
24
29
29
30
31
33
38
45
53
61
68
74
76
75
71
66
61
55
51
47
49
49
50
48
44
38
27
13
0
-12
-21
-27
-30
-30
-28
-27
-26
-29
-33
-39
-45
-48
-49
-46
-39
-32
-23
-16
-10
-7
-8
-8
-11
-12
-13
-11
-7
1
5
9
12
14
13
9
6
6
8
9
11
17
23
28
31
32
32
30
29
26
23
22
21
23
25
25
27
28
26
23
19
17
16
15
16
20
24
27
28
29
29
28
24
20
17
15
14
11
9
8
7
1
-4
-8
-14
-17
-21
-25
-27
-28
-29
-29
-30
-31
-31
-33
-33
-33
-32
-32
-31
-29
-28
-29
-29
-29
-28
-30
-28
-27
-25
-22
-21
-17
-15
-11
-9
-4
-1
1
5
9
12
15
18
19
21
23
26
25
24
23
23
22
19
16
12
9
5
1
-4
-8
-11
-14
-17
-18
-20
-21
-21
-22
-21
-20
-19
-18
-15
-11
-9
-6
-2
3
6
9
12
14
14
13
12
10
9
8
7
8
9
9
8
5
1
-3
-7
-10
-11
-11
-8
-6
-3
1
3
4
5
4
3
3
3
3
5
7
9
10
9
8
6
0
-4
-10
-13
-15
-17
-17
-17
-16
-18
-18
-18
-20
-20
-20
-19
-17
-12
-8
-3
2
7
12
14
14
13
10
11
11
11
11
10
9
9
8
3
-1
-4
-8
-12
-13
-13
-11
-6
-3
4
8
11
13
14
15
15
17
18
24
29
31
35
36
36
33
28
21
16
12
9
7
6
6
8
8
7
6
2
-1
-3
-5
-4
-2
3
9
16
20
23
24
24
23
20
17
15
16
16
17
20
21
21
21
18
15
12
8
7
5
5
8
10
11
11
9
6
2
-3
-7
-11
-13
-15
-15
-15
-17
-19
-22
-27
-33
-38
-43
-48
-52
-54
-56
-56
-56
-56
-57
-58
-59
-59
-59
-59
-56
-53
-49
-41
-37
-31
-26
-21
-16
-10
-4
4
13
21
29
37
44
50
53
55
58
59
59
59
60
58
57
54
51
47
40
34
28
20
14
11
8
5
4
4
2
0
-3
-4
-5
-5
-4
-1
4
7
11
15
18
18
17
15
14
13
13
13
15
18
18
18
17
16
14
12
10
10
10
12
13
14
14
13
9
5
2
-1
-5
-7
-8
-9
-10
-11
-13
-15
-19
-22
-24
-25
-26
-25
-22
-20
-18
-15
-14
-13
-13
-12
-12
-10
-8
-5
-1
2
5
6
7
5
1
-3
-7
-11
-13
-14
-16
-16
-17
-19
-22
-29
-35
-41
-49
-56
-59
-62
-61
-59
-58
-57
-56
-56
-57
-59
-60
-59
-59
-56
-51
-44
-37
-30
-25
-19
-17
-15
-15
-14
-11
-8
-2
3
9
16
21
24
26
26
28
30
34
41
48
57
65
72
77
82
84
84
81
79
78
75
73
71
70
66
61
56
48
39
28
19
9
1
-6
-12
-17
-21
-23
-28
-32
-36
-41
-45
-46
-47
-44
-42
-38
-34
-29
-26
-23
-22
-22
-23
-24
-23
-21
-20
-17
-14
-13
-11
-10
-10
-10
-10
-11
-10
-8
-6
-2
1
4
7
8
10
12
14
16
18
20
20
22
23
24
24
24
23
22
21
19
17
15
14
12
10
9
7
6
5
5
6
6
7
8
9
9
10
10
11
11
11
12
12
13
12
10
8
4
-1
-7
-12
-18
-24
-27
-30
-33
-33
-34
-36
-39
-42
-45
-47
-48
-47
-44
-40
-34
-29
-24
-19
-15
-13
-11
-9
-7
-3
1
6
13
18
25
29
34
37
38
40
43
47
52
57
65
71
78
82
