SAMPLES:	13129
BITSPERSAMPLE:	16
CHANNELS:	1
SAMPLERATE:	16000
NORMALIZED:	FALSE
-5
-3
-1
0
5
7
9
12
14
17
19
21
23
24
25
25
25
24
25
23
23
22
20
18
14
11
8
6
3
0
-2
-5
-8
-10
-12
-13
-15
-15
-16
-16
-16
-15
-15
-15
-13
-12
-8
-7
-3
-2
-1
2
3
4
5
6
6
5
3
3
2
0
0
-2
-5
-7
-9
-12
-13
-16
-17
-18
-19
-20
-19
-19
-19
-18
-16
-14
-12
-10
-7
-5
-2
1
4
6
9
12
13
16
16
18
19
20
22
21
22
21
21
20
19
17
16
14
12
10
8
5
2
0
-1
-5
-7
-10
-13
-15
-17
-20
-20
-22
-23
-24
-24
-24
-23
-21
-19
-16
-15
-12
-9
-5
-2
2
5
9
12
16
18
19
21
22
21
22
22
22
21
20
19
17
15
13
11
8
4
2
1
-2
-2
-4
-3
-3
-3
-2
-1
-1
-1
1
2
2
4
5
5
6
7
6
6
6
4
4
3
1
0
-3
-4
-6
-8
-9
-12
-12
-12
-13
-14
-14
-14
-13
-13
-12
-11
-11
-9
-8
-6
-2
-2
0
3
4
6
8
7
7
9
8
8
8
9
8
8
7
7
7
5
5
4
4
3
3
3
2
1
1
1
0
0
-1
-1
-2
-1
-1
-1
-2
-2
0
-1
-2
-1
-1
1
2
3
3
3
5
5
7
8
10
10
11
12
12
12
13
12
11
10
9
8
7
5
2
0
-2
-3
-6
-8
-9
-12
-13
-15
-17
-17
-18
-20
-21
-21
-21
-21
-21
-20
-21
-19
-17
-16
-15
-14
-13
-11
-11
-10
-7
-5
-4
-2
0
1
2
2
4
5
6
7
8
9
10
11
11
11
12
10
10
10
10
10
11
10
11
10
9
10
8
9
9
8
8
8
8
8
8
8
7
6
6
4
4
2
1
-1
-2
-4
-7
-9
-13
-15
-19
-22
-24
-26
-27
-27
-30
-30
-30
-30
-30
-29
-28
-28
-26
-24
-22
-20
-18
-14
-10
-8
-6
-4
-3
0
1
3
4
6
9
11
14
14
14
16
17
17
17
18
19
20
21
22
23
24
26
25
24
25
25
25
25
26
26
25
25
23
22
22
20
18
18
16
14
14
11
9
7
7
6
4
2
0
-3
-6
-7
-9
-10
-12
-13
-13
-13
-14
-15
-16
-17
-16
-16
-16
-15
-14
-12
-13
-11
-9
-8
-7
-7
-7
-6
-4
-4
-3
-1
-1
-1
0
0
0
-1
-2
-2
-2
-4
-4
-3
-4
-4
-3
-3
-3
-3
-2
-2
-2
-2
-2
-1
1
2
3
4
4
6
8
10
11
12
15
15
16
19
20
21
22
23
24
24
24
24
24
23
22
20
18
18
15
13
10
8
6
4
1
-1
-2
-4
-6
-7
-8
-8
-9
-10
-10
-11
-11
-12
-11
-11
-11
-9
-9
-10
-8
-9
-7
-7
-6
-5
-4
-3
-1
-1
0
0
0
1
1
2
1
2
2
2
3
4
4
4
3
3
2
1
2
1
0
-2
-2
-3
-4
-4
-5
-6
-6
-5
-5
-4
-4
-5
-4
-4
-3
-4
-3
-3
-3
-3
-4
-4
-5
-5
-5
-4
-7
-7
-9
-10
-12
-13
-15
-16
-19
-21
-22
-24
-25
-25
-24
-25
-25
-25
-23
-22
-21
-20
-18
-17
-14
-12
-9
-6
-5
-3
0
4
5
7
10
10
10
13
14
14
14
14
14
13
12
12
11
9
7
6
6
5
3
-1
-2
-1
-3
-5
-6
-7
-10
-11
-12
-13
-14
-13
-13
-15
-15
-15
-17
-17
-16
-16
-16
-15
-13
-13
-11
-9
-8
-7
-6
-5
-4
-3
-1
0
0
3
2
2
3
4
4
4
4
5
5
7
8
7
7
7
8
8
10
11
11
10
12
11
12
15
15
15
15
16
17
17
17
17
17
17
17
16
16
16
14
13
13
11
10
9
7
4
3
1
-1
-4
-6
-8
-11
-10
-13
-14
-14
-15
-17
-18
-17
-18
-18
-18
-17
-16
-15
-14
-14
-14
-12
-11
-12
-10
-8
-9
-9
-8
-7
-7
-6
-6
-6
-4
-4
-4
-3
-3
-3
-3
-4
-2
-1
-1
1
0
1
2
4
6
7
9
11
14
17
18
19
20
22
22
24
25
25
26
25
25
25
24
23
23
22
20
19
17
16
13
11
10
8
5
4
3
1
1
0
-2
-2
-3
-4
-4
-5
-5
-5
-5
-6
-6
-6
-6
-5
-6
-5
-4
-6
-5
-5
-6
-7
-9
-9
-9
-10
-11
-13
-13
-13
-14
-14
-14
-14
-15
-13
-12
-10
-8
-7
-5
-2
0
1
4
7
9
10
12
15
16
19
20
21
24
24
23
25
24
24
23
22
21
20
20
17
15
13
11
8
6
3
1
-2
-5
-7
-9
-10
-12
-13
-15
-15
-15
-15
-17
-16
-16
-16
-15
-15
-15
-15
-13
-12
-11
-11
-9
-8
-7
-6
-6
-6
-6
-6
-5
-6
-7
-9
-9
-10
-12
-12
-13
-14
-15
-16
-18
-19
-18
-18
-20
-19
-20
-18
-17
-14
-13
-12
-10
-8
-7
-5
-3
-1
2
3
7
9
11
12
11
13
14
15
16
15
16
14
13
13
11
10
9
8
5
4
3
2
1
0
0
-1
-1
-1
-1
0
-1
0
1
3
3
4
6
6
7
7
7
7
7
7
8
7
8
6
5
4
3
2
0
-1
-3
-3
-5
-6
-7
-6
-8
-7
-8
-8
-7
-8
-8
-10
-9
-8
-8
-7
-6
-5
-4
-4
-2
0
0
2
2
3
5
5
4
5
5
5
6
7
6
5
5
4
2
2
1
-1
-1
-3
-3
-3
-6
-6
-9
-10
-10
-11
-14
-13
-14
-15
-15
-16
-17
-17
-16
-14
-13
-12
-8
-7
-5
-5
-3
0
1
2
5
6
7
10
10
11
12
12
13
12
13
13
12
11
9
8
7
4
2
3
1
-1
-2
-5
-7
-7
-9
-10
-11
-11
-13
-13
-12
-12
-12
-12
-12
-11
-9
-8
-6
-5
-4
-3
-2
-2
-1
0
-1
-1
-1
-1
-1
-2
-3
-5
-6
-9
-9
-12
-13
-15
-17
-19
-21
-22
-24
-23
-27
-27
-28
-29
-28
-29
-28
-28
-27
-25
-24
-20
-19
-16
-12
-10
-6
-2
1
5
8
12
15
18
21
23
25
28
29
30
33
33
35
38
40
41
41
42
43
41
41
40
38
37
36
34
32
30
29
26
22
21
18
15
13
11
8
6
4
1
2
0
-2
-3
-4
-6
-7
-8
-9
-10
-10
-11
-11
-11
-11
-11
-10
-9
-8
-7
-6
-5
-4
-3
-1
0
1
4
2
1
0
0
-1
-2
-4
-5
-8
-9
-11
-13
-14
-17
-18
-18
-19
-20
-22
-22
-24
-24
-25
-25
-26
-25
-25
-26
-26
-25
-24
-22
-19
-16
-13
-11
-7
-5
-3
-1
2
7
10
12
15
18
19
22
24
27
28
30
31
32
34
33
34
32
31
30
29
27
25
23
20
18
15
13
10
8
4
1
0
-2
-5
-7
-8
-10
-10
-12
-11
-10
-9
-8
-9
-8
-6
-4
-3
-2
-2
0
2
2
4
4
5
5
5
5
5
5
4
4
3
1
2
1
-2
-2
-3
-4
-5
-5
-6
-7
-7
-7
-6
-7
-6
-5
-5
-5
-4
-3
-2
0
3
7
10
13
14
17
21
23
24
25
27
28
28
28
29
28
28
27
25
23
21
18
15
11
6
1
-4
-6
-11
-14
-18
-23
-26
-29
-30
-33
-34
-36
-36
-35
-34
-35
-35
-34
-34
-31
-30
-30
-27
-24
-23
-20
-17
-17
-14
-11
-11
-7
-5
-4
-2
0
2
2
4
6
9
10
11
12
13
14
15
16
17
19
19
20
20
20
21
21
20
19
19
18
17
17
15
14
13
11
9
6
4
2
1
-2
-3
-4
-7
-8
-9
-11
-13
-14
-16
-16
-16
-17
-18
-18
-19
-18
-18
-19
-19
-19
-19
-17
-19
-19
-19
-18
-18
-18
-18
-17
-17
-16
-16
-15
-14
-14
-13
-11
-11
-10
-8
-8
-8
-7
-6
-5
-4
-2
0
1
1
2
3
5
8
9
11
12
14
16
18
19
21
21
22
25
26
25
27
27
26
25
26
26
25
23
22
20
16
14
12
7
3
0
-4
-9
-12
-14
-19
-23
-27
-30
-32
-35
-36
-40
-42
-42
-44
-44
-44
-44
-44
-43
-42
-40
-36
-34
-31
-29
-26
-22
-18
-13
-9
-5
-1
4
8
12
15
21
26
30
34
37
42
43
46
49
51
51
54
54
55
54
54
55
53
52
49
48
46
43
40
39
34
32
28
25
22
18
16
13
12
8
5
2
-2
-3
-7
-8
-10
-12
-14
-15
-16
-17
-17
-16
-16
-16
-16
-15
-16
-15
-14
-13
-13
-11
-9
-8
-6
-5
-3
-2
-1
0
0
0
2
2
4
4
4
4
4
4
3
3
4
3
2
2
1
1
-1
-2
-3
-4
-5
-4
-5
-6
-6
-7
-7
-8
-8
-9
-10
-10
-11
-12
-12
-12
-12
-12
-13
-12
-12
-13
-12
-13
-12
-11
-10
-9
-10
-11
-10
-10
-10
-10
-11
-11
-11
-11
-11
-12
-10
-9
-9
-8
-7
-5
-2
-2
1
2
4
7
9
12
14
16
20
21
23
25
27
29
29
30
30
30
29
28
26
25
23
20
18
16
12
8
5
3
-2
-6
-7
-12
-14
-17
-19
-22
-22
-24
-26
-26
-26
-27
-25
-24
-23
-20
-18
-17
-15
-12
-9
-6
-4
-4
-3
-1
0
0
2
2
1
2
0
-1
-2
-4
-6
-8
-10
-12
-14
-17
-20
-22
-25
-28
-29
-31
-33
-34
-35
-35
-36
-37
-37
-36
-36
-35
-34
-32
-28
-27
-25
-22
-19
-17
-14
-10
-8
-5
-3
-2
1
4
6
8
12
14
15
17
19
21
22
21
24
26
27
29
28
29
30
30
30
32
34
34
35
34
35
36
36
36
36
37
36
38
39
39
38
39
39
38
37
37
35
34
33
32
33
31
29
27
26
23
21
18
17
14
12
11
9
8
6
5
2
2
0
-3
-5
-8
-8
-10
-12
-12
-12
-14
-15
-17
-19
-21
-22
-25
-26
-27
-30
-32
-35
-38
-40
-43
-47
-50
-55
-57
-61
-65
-67
-70
-73
-75
-78
-81
-83
-86
-88
-88
-90
-90
-89
-90
-89
-87
-87
-83
-82
-79
-77
-71
-67
-62
-57
-51
-47
-41
-35
-29
-22
-16
-10
-3
5
13
20
28
35
43
51
57
64
70
78
84
90
96
102
107
111
115
119
122
125
127
128
129
129
127
126
124
122
118
113
108
102
95
89
82
75
68
60
52
45
38
31
23
16
8
2
-5
-12
-19
-25
-31
-36
-40
-45
-48
-51
-53
-55
-57
-58
-58
-58
-58
-57
-54
-52
-49
-45
-41
-37
-33
-29
-25
-19
-15
-10
-6
-1
4
7
10
13
15
18
19
19
19
18
16
12
11
7
2
-1
-7
-11
-17
-22
-28
-33
-37
-43
-47
-50
-52
-56
-57
-59
-60
-61
-61
-60
-58
-55
-56
-53
-52
-50
-48
-47
-46
-45
-43
-43
-42
-41
-41
-40
-40
-41
-42
-41
-40
-39
-37
-35
-32
-28
-25
-20
-13
-8
-2
4
10
17
24
30
38
43
50
56
62
67
72
77
79
83
86
89
90
92
93
93
93
93
95
95
94
93
93
91
89
86
83
79
75
70
66
59
52
46
37
26
18
6
-4
-15
-26
-37
-49
-59
-69
-78
-87
-94
-100
-106
-111
-113
-116
-117
-117
-115
-112
-109
-104
-101
-96
-90
-84
-78
-72
-67
-62
-56
-51
-46
-41
-36
-31
-27
-22
-17
-12
-8
-4
-1
2
8
10
14
17
21
24
28
30
32
34
37
38
41
40
40
40
39
39
38
38
37
36
35
33
29
25
23
20
19
16
14
14
11
7
2
1
1
-3
-7
-10
-12
-14
-16
-22
-28
-31
-30
-25
-27
-34
-39
-33
-23
-27
-42
-46
-25
1
-3
-30
-34
-6
18
4
-28
-23
17
40
24
-4
1
35
47
21
0
17
49
53
29
13
28
47
42
23
19
34
48
40
22
20
30
33
22
13
17
27
28
17
6
6
12
10
3
1
7
9
4
-3
-6
-4
-3
-5
-6
-3
-1
-3
-8
-9
-8
-10
-12
-12
-6
-3
-5
-11
-11
-8
-8
-11
-12
-9
-4
-6
-10
-10
-10
-11
-14
-15
-11
-6
-6
-10
-12
-10
-9
-13
-17
-14
-7
-4
-7
-11
-11
-6
-5
-8
-9
-5
1
3
2
0
0
2
3
5
6
6
7
8
9
6
3
3
6
8
7
5
6
9
8
8
4
8
13
15
15
15
18
22
22
20
21
24
27
30
28
29
31
33
30
27
27
29
30
26
23
21
23
21
16
10
11
11
8
1
-1
0
1
-2
-9
-10
-7
-6
-10
-13
-12
-8
-9
-10
-12
-7
-3
-5
-7
-4
-1
1
0
-2
0
0
0
-2
-3
-2
-3
-6
-9
-11
-13
-16
-19
-20
-22
-26
-30
-30
-31
-34
-38
-39
-35
-33
-34
-41
-38
-31
-30
-34
-36
-31
-24
-21
-26
-28
-21
-13
-13
-17
-17
-10
-4
-5
-6
-3
2
6
5
6
9
15
16
13
12
15
19
16
14
14
16
18
13
9
8
9
8
6
2
0
1
2
-2
-7
-8
-7
-5
-8
-9
-9
-6
-2
-3
-5
-4
0
5
4
3
5
6
9
8
7
7
11
13
8
6
5
8
8
4
1
3
7
5
-1
-3
-1
2
2
-3
-4
-1
1
-1
-4
-6
-3
-1
-2
-4
-4
-4
-3
-3
-6
-7
-5
-2
-1
-2
-2
-4
-2
-1
1
0
1
3
5
6
4
4
4
4
3
1
1
1
1
-1
-6
-10
-11
-11
-12
-15
-17
-20
-22
-25
-30
-33
-34
-36
-37
-39
-39
-39
-40
-41
-42
-42
-40
-37
-35
-35
-32
-29
-26
-24
-22
-16
-12
-7
-5
-2
2
5
7
8
11
15
19
21
22
22
24
24
27
26
27
30
32
34
32
31
32
33
35
34
34
37
39
39
36
34
33
33
33
31
29
29
29
26
22
20
18
17
15
13
12
8
6
4
0
-1
-3
-6
-6
-7
-10
-13
-14
-15
-16
-19
-23
-22
-19
-21
-24
-26
-24
-22
-24
-27
-27
-24
-20
-21
-23
-22
-18
-15
-19
-20
-16
-12
-10
-11
-11
-8
-5
-5
-6
-4
0
2
1
1
4
6
6
5
6
11
12
11
11
12
15
14
12
11
14
15
13
11
10
13
13
8
5
5
6
6
3
1
5
7
7
4
2
5
8
7
6
8
11
12
9
8
11
14
15
14
16
17
18
19
18
19
20
20
20
21
22
22
20
17
16
16
15
11
10
9
7
5
0
-3
-6
-9
-12
-16
-19
-20
-21
-22
-24
-27
-28
-26
-24
-24
-24
-23
-19
-16
-16
-16
-13
-5
-3
-2
-2
2
7
9
5
4
9
13
12
6
5
8
12
7
2
0
4
7
3
-3
-3
3
5
2
0
2
7
9
6
4
5
5
6
3
-3
1
4
1
-1
-4
-4
-5
-7
-11
-12
-17
-21
-16
-21
-25
-22
-24
-20
-19
-22
-23
-24
-25
-19
-23
-32
-29
-27
-22
-22
-24
-25
-21
-15
-28
-30
-28
-26
-26
-22
-23
-24
-15
-29
-31
-31
-32
-32
-41
-43
-47
-41
-38
-52
-65
-63
-65
-69
-71
-72
-72
-74
-71
-82
-71
-71
-88
-78
-80
-70
-72
-75
-70
-66
-55
-65
-76
-72
-41
-38
-52
-72
-69
-42
-49
-73
-90
-65
-35
-39
-80
-91
-49
-11
-27
-80
-58
7
38
-9
-59
-53
14
36
-35
-52
-30
342
520
135
-149
-54
211
33
-264
-241
81
198
-74
-148
-71
109
16
-148
-94
-35
33
-43
86
217
235
111
191
825
1028
783
585
722
878
408
-115
27
389
473
472
448
540
516
452
429
212
-31
-205
-149
-141
-176
-136
57
269
186
54
-148
-239
-351
-577
-672
-537
-275
-34
320
479
587
413
6
-183
-487
-676
-673
-522
-187
270
202
-134
97
122
-233
-631
-831
-491
-446
-892
-715
-277
-199
-380
-501
-195
-194
-421
-518
-424
-337
-636
-569
-262
-57
-6
60
222
128
-21
-357
-374
-123
-227
-348
-229
77
80
-71
-130
-53
37
-286
-361
-149
-81
-14
-73
-71
-78
-44
93
124
229
232
217
144
-13
58
130
187
227
303
345
280
299
191
137
118
50
143
194
205
253
284
252
222
215
161
153
148
153
157
55
-25
82
263
323
371
378
331
282
93
-15
68
169
221
279
394
380
254
127
62
81
10
-68
-18
137
252
230
197
175
184
142
33
-7
8
17
-6
2
4
-40
-88
-74
55
143
113
-16
-169
-226
-233
-197
-123
-73
-81
-133
-171
-144
-102
-142
-201
-288
-383
-287
-128
-46
-1
-115
-281
-404
-489
-408
-264
-230
-269
-297
-277
-241
-235
-217
-211
-333
-483
-491
-361
-214
-144
-124
-101
-84
-107
-157
-166
-142
-161
-189
-119
40
197
308
327
296
215
42
-50
-65
-34
81
178
299
426
534
609
596
511
391
296
208
191
232
312
419
436
485
528
517
482
379
302
263
246
312
462
579
667
710
670
655
580
473
414
373
355
343
401
450
486
513
467
415
303
178
93
7
-44
-33
39
105
142
183
195
161
70
-52
-154
-282
-363
-303
-193
-82
-60
-135
-241
-300
-324
-395
-484
-645
-727
-716
-675
-554
-490
-488
-550
-655
-715
-754
-814
-843
-827
-785
-671
-615
-609
-563
-560
-628
-749
-835
-845
-815
-798
-781
-757
-784
-811
-753
-717
-745
-733
-699
-687
-653
-579
-487
-365
-278
-215
-116
-69
-68
-92
-65
9
63
199
381
565
712
807
899
978
1017
1028
1087
1158
1255
1362
1444
1551
1630
1671
1686
1649
1552
1430
1290
1149
1068
991
937
918
905
870
786
705
634
569
470
362
270
220
191
139
134
136
174
214
170
114
16
-126
-251
-375
-461
-411
-321
-277
-256
-256
-255
-288
-395
-543
-673
-776
-814
-721
-510
-403
-500
-591
-610
-647
-723
-796
-834
-772
-732
-820
-754
-594
-611
-655
-665
-712
-644
-608
-688
-633
-667
-791
-739
-616
-494
-375
-376
-486
-466
-407
-450
-409
-321
-304
-240
-229
-233
-112
-212
-365
-322
-246
-108
-88
-105
-46
-54
-131
-207
-143
-10
48
2
-30
-32
-87
-126
-129
-70
-5
27
71
152
224
209
167
143
183
288
413
513
568
610
605
606
633
710
827
883
916
917
920
915
869
836
811
795
761
724
708
705
688
625
561
553
570
564
556
524
461
385
317
295
319
356
301
209
183
175
158
113
102
176
172
39
-33
-75
-92
-91
-113
-80
-162
-256
-176
-104
-77
-144
-287
-309
-331
-376
-239
-158
-252
-308
-372
-384
-247
-256
-361
-355
-472
-565
-402
-375
-498
-440
-469
-604
-581
-580
-563
-488
-578
-715
-667
-582
-597
-550
-460
-421
-483
-584
-545
-458
-386
-377
-386
-299
-293
-292
-257
-295
-281
-270
-285
-286
-281
-281
-283
-287
-302
-282
-299
-327
-312
-296
-247
-232
-258
-255
-261
-258
-182
-128
-80
-28
-36
-10
40
106
184
241
271
310
390
434
485
555
600
648
690
717
756
829
879
909
935
960
998
1027
1049
1054
1014
938
849
771
716
662
653
634
594
599
590
574
558
529
470
391
306
250
236
207
179
150
169
219
198
154
97
31
-24
-57
-57
-20
8
7
9
-10
-53
-85
-141
-236
-309
-312
-263
-230
-227
-263
-331
-355
-333
-314
-340
-431
-575
-654
-592
-526
-530
-576
-717
-900
-927
-816
-737
-749
-756
-764
-804
-777
-757
-748
-714
-751
-784
-718
-608
-574
-641
-732
-798
-782
-697
-583
-474
-453
-559
-717
-839
-883
-866
-849
-848
-850
-836
-824
-805
-753
-728
-740
-742
-716
-657
-588
-540
-519
-490
-432
-322
-149
51
239
437
707
1038
1429
1861
2226
2460
2526
2426
2218
1964
1727
1519
1333
1231
1205
1217
1219
1125
964
717
372
102
-67
-175
-205
-219
-202
-130
-18
135
297
413
457
426
316
226
179
203
306
401
511
616
694
721
687
599
442
254
76
-37
-73
-9
75
133
202
232
231
219
209
162
125
142
223
432
669
865
970
914
730
472
163
-74
-203
-293
-327
-319
-266
-173
-112
-168
-314
-509
-755
-964
-1076
-1104
-1111
-1127
-1162
-1169
-1120
-1094
-1071
-1070
-1113
-1193
-1273
-1264
-1178
-1044
-916
-855
-845
-870
-963
-1060
-1128
-1230
-1315
-1365
-1369
-1310
-1226
-1139
-1131
-1205
-1383
-1630
-1820
-1973
-2061
-2072
-2013
-1892
-1724
-1537
-1437
-1364
-1375
-1473
-1617
-1785
-1547
-642
832
2423
3723
4661
5146
5059
4342
3484
2809
2269
1763
1275
1293
1803
2349
2532
2330
1922
1176
209
-701
-1096
-1045
-1076
-1178
-1099
-543
211
840
1314
1547
1446
871
244
-3
178
542
790
1043
1339
1615
1738
1649
1406
918
230
-549
-1068
-1161
-1028
-785
-598
-417
-238
-126
-110
-186
-282
-504
-721
-816
-650
-195
294
734
997
1118
1139
1085
983
833
710
508
316
171
97
141
137
76
-43
-175
-340
-532
-658
-718
-677
-627
-523
-342
-154
21
98
142
153
117
74
14
35
102
153
192
187
166
116
39
-75
-230
-421
-669
-867
-1001
-1050
-1038
-1037
-1085
-1250
-1452
-1658
-1820
-1926
-1997
-2025
-2029
-1957
-1866
-1728
-1585
-1514
-1453
-1461
-1492
-1494
-1489
-1506
-1563
-1688
-1851
-1958
-2004
-1961
-1891
-1842
-1774
-1693
-1615
-1541
-1458
-1362
-1324
-1410
-1534
-1637
-1428
-509
1109
2947
4477
5543
6065
5985
5228
4192
3393
2801
2328
1926
1922
2407
2940
3034
2573
1835
855
-183
-1097
-1580
-1553
-1503
-1536
-1420
-812
99
900
1393
1476
1270
700
114
-43
252
791
1229
1589
1901
2150
2213
1949
1445
698
-134
-875
-1370
-1467
-1277
-974
-755
-625
-537
-490
-524
-744
-1011
-1239
-1345
-1254
-935
-340
308
831
1132
1234
1224
1103
896
630
459
349
244
203
193
260
312
273
144
-54
-282
-550
-768
-886
-837
-677
-520
-377
-268
-167
-103
-83
-82
-104
-132
-141
-91
11
164
286
323
290
185
74
-64
-245
-436
-638
-794
-853
-802
-687
-608
-638
-772
-955
-1137
-1251
-1298
-1316
-1309
-1313
-1328
-1329
-1348
-1364
-1373
-1390
-1417
-1423
-1363
-1267
-1180
-1158
-1181
-1252
-1385
-1560
-1750
-1868
-1924
-1937
-1914
-1811
-1622
-1455
-1359
-1329
-1290
-1286
-1369
-1531
-1699
-1794
-1801
-1358
-126
1743
3637
5101
6052
6423
6152
5214
4086
3197
2532
1995
1638
1760
2267
2725
2691
2174
1433
529
-409
-1257
-1744
-1880
-1938
-1890
-1513
-678
317
1120
1497
1463
1182
731
366
273
472
814
1149
1450
1686
1888
1939
1730
1268
628
4
-563
-1023
-1297
-1346
-1204
-1032
-824
-596
-428
-402
-584
-812
-964
-1003
-944
-761
-401
23
434
760
991
1133
1132
1002
758
489
210
-69
-322
-518
-563
-507
-438
-437
-511
-642
-829
-974
-1053
-1020
-913
-808
-707
-604
-446
-253
-40
133
253
342
376
388
370
365
352
322
314
327
381
379
283
113
-100
-278
-380
-414
-444
-457
-486
-556
-637
-743
-819
-883
-995
-1117
-1227
-1298
-1293
-1237
-1156
-1065
-1014
-988
-926
-877
-914
-1030
-1184
-1327
-1441
-1538
-1611
-1649
-1658
-1678
-1683
-1650
-1531
-1337
-1173
-1077
-1049
-1062
-1139
-1244
-1334
-1417
-1485
-1551
-1573
-1532
-1277
-542
712
2199
3516
4503
5099
5270
4969
4335
3663
3001
2333
1702
1318
1340
1620
1836
1780
1524
1079
503
-113
-664
-1031
-1325
-1563
-1620
-1330
-683
99
796
1249
1496
1546
1445
1293
1098
932
770
617
551
662
927
1182
1303
1185
900
497
-70
-675
-1198
-1540
-1729
-1790
-1716
-1508
-1197
-927
-696
-487
-341
-301
-363
-418
-408
-287
-98
144
452
778
1067
1256
1329
1237
963
565
114
-274
-525
-636
-643
-597
-504
-340
-144
10
73
44
-82
-272
-456
-573
-536
-372
-138
121
377
618
771
783
656
461
204
-60
-247
-367
-396
-368
-323
-249
-158
-84
-70
-149
-340
-573
-821
-1077
-1269
-1368
-1369
-1303
-1186
-1071
-975
-915
-915
-940
-1020
-1143
-1267
-1368
-1412
-1379
-1251
-1075
-903
-778
-750
-820
-972
-1185
-1434
-1655
-1789
-1795
-1676
-1485
-1244
-1014
-843
-772
-826
-971
-1181
-1436
-1702
-1925
-2048
-2033
-1804
-1153
24
1503
2902
4008
4796
5249
5279
4912
4373
3793
3173
2480
1850
1524
1536
1676
1717
1643
1490
1254
857
302
-262
-783
-1260
-1670
-1873
-1756
-1382
-913
-473
-36
380
729
949
1001
962
872
757
618
529
580
718
865
922
933
940
854
638
311
-29
-349
-664
-975
-1218
-1302
-1279
-1168
-1018
-861
-681
-524
-384
-245
-74
89
237
381
515
699
866
986
1056
1060
1034
970
877
741
597
437
239
41
-153
-295
-399
-499
-592
-672
-747
-832
-909
-996
-1028
-980
-894
-771
-642
-507
-376
-257
-163
-67
50
142
195
202
182
147
96
46
18
14
-10
-71
-176
-324
-502
-705
-909
-1106
-1278
-1406
-1479
-1493
-1457
-1366
-1238
-1112
-995
-881
-784
-722
-687
-673
-663
-663
-690
-710
-718
-717
-717
-722
-724
-733
-736
-741
-739
-733
-736
-758
-831
-944
-1081
-1212
-1308
-1385
-1437
-1466
-1450
-1372
-1260
-1121
-891
-455
146
790
1415
2002
2550
2981
3249
3402
3472
3451
3304
3048
2751
2493
2275
2056
1852
1675
1528
1372
1159
911
658
397
81
-256
-540
-753
-886
-955
-955
-875
-726
-554
-398
-249
-121
9
141
247
354
464
567
653
723
784
830
841
773
659
520
381
280
203
156
112
55
-32
-159
-275
-375
-467
-552
-620
-646
-623
-552
-425
-226
6
199
335
390
382
332
248
155
59
-14
-66
-94
-105
-95
-80
-126
-249
-444
-664
-874
-1060
-1191
-1252
-1232
-1172
-1085
-978
-852
-724
-632
-564
-512
-450
-369
-269
-133
6
130
226
308
378
405
390
326
223
92
-45
-154
-217
-233
-253
-274
-297
-341
-393
-474
-561
-631
-686
-743
-788
-810
-810
-788
-756
-718
-662
-607
-555
-513
-494
-490
-502
-514
-528
-556
-597
-636
-669
-709
-741
-760
-759
-732
-690
-634
-580
-531
-507
-517
-554
-598
-622
-631
-616
-569
-510
-444
-373
-257
-68
164
397
608
808
999
1165
1291
1385
1465
1520
1532
1506
1470
1468
1488
1518
1575
1658
1766
1871
1945
2000
2038
2026
1927
1733
1464
1173
877
579
334
162
43
-46
-106
-143
-174
-231
-339
-463
-586
-691
-760
-800
-804
-775
-708
-614
-503
-384
-266
-156
-87
-51
-27
-15
-4
17
58
109
151
173
160
122
58
-22
-102
-187
-265
-341
-415
-478
-528
-557
-581
-603
-624
-652
-686
-711
-715
-711
-686
-654
-614
-566
-539
-516
-489
-468
-450
-418
-378
-334
-281
-240
-212
-186
-167
-137
-88
-21
65
154
217
259
285
294
295
292
284
284
280
268
268
284
305
305
280
243
201
132
42
-26
-70
-107
-142
-171
-195
-222
-268
-338
-415
-481
-537
-588
-638
-686
-726
-768
-813
-844
-847
-840
-832
-815
-774
-708
-633
-546
-461
-388
-342
-333
-365
-427
-490
-543
-584
-625
-638
-608
-563
-531
-522
-521
-523
-534
-547
-527
-455
-359
-253
-135
8
172
322
458
587
705
807
896
993
1111
1260
1406
1532
1635
1708
1756
1756
1724
1674
1626
1586
1535
1466
1381
1289
1180
1052
923
817
743
666
596
549
538
560
566
560
532
462
338
177
14
-127
-235
-321
-372
-398
-424
-450
-476
-504
-548
-626
-728
-830
-925
-1011
-1081
-1113
-1101
-1053
-987
-904
-806
-722
-670
-661
-678
-695
-707
-701
-675
-632
-579
-522
-466
-401
-330
-268
-210
-169
-132
-98
-78
-64
-63
-61
-59
-54
-43
-26
4
23
30
30
42
86
141
207
275
338
390
426
457
480
500
504
498
496
489
484
472
463
454
436
404
357
305
230
130
18
-98
-198
-299
-389
-461
-519
-565
-618
-669
-707
-732
-745
-751
-745
-742
-745
-764
-796
-827
-842
-833
-806
-764
-719
-678
-655
-660
-689
-737
-788
-827
-852
-865
-870
-867
-859
-850
-836
-804
-753
-698
-647
-583
-497
-388
-260
-106
73
255
424
574
702
804
874
917
948
987
1032
1089
1158
1244
1345
1439
1521
1580
1609
1597
1545
1477
1408
1349
1294
1267
1276
1307
1334
1329
1283
1197
1087
971
870
799
751
700
631
541
446
355
260
144
8
-138
-285
-427
-560
-676
-770
-849
-923
-990
-1047
-1096
-1144
-1200
-1255
-1297
-1315
-1305
-1266
-1193
-1101
-1010
-926
-834
-735
-639
-557
-485
-415
-355
-311
-263
-206
-154
-119
-102
-95
-88
-80
-69
-48
-15
22
56
78
97
118
144
169
200
249
309
359
388
408
424
436
440
441
450
466
473
459
422
374
317
252
178
110
57
6
-50
-106
-147
-177
-216
-267
-315
-348
-373
-389
-386
-368
-351
-340
-334
-336
-349
-394
-467
-555
-648
-732
-795
-827
-835
-837
-843
-856
-867
-892
-932
-979
-1028
-1071
-1105
-1107
-1064
-974
-855
-726
-601
-500
-424
-375
-346
-317
-280
-226
-164
-89
1
107
222
333
446
549
634
693
728
757
794
852
929
1021
1119
1212
1297
1369
1424
1458
1471
1464
1441
1412
1369
1326
1294
1274
1268
1276
1302
1332
1338
1303
1221
1097
944
800
683
595
523
455
393
323
234
129
11
-110
-237
-361
-471
-570
-655
-728
-784
-827
-858
-889
-931
-985
-1050
-1112
-1161
-1185
-1172
-1120
-1037
-940
-845
-764
-704
-669
-655
-647
-639
-627
-615
-602
-575
-531
-469
-395
-322
-259
-207
-164
-121
-66
-3
64
120
162
195
222
241
253
270
293
319
347
376
403
416
416
408
390
362
320
274
224
175
130
104
97
96
86
53
1
-60
-124
-177
-212
-225
-214
-191
-163
-142
-137
-152
-183
-231
-296
-369
-447
-511
-556
-586
-604
-611
-607
-607
-625
-663
-716
-778
-845
-898
-926
-922
-888
-841
-790
-755
-735
-724
-713
-698
-681
-659
-636
-606
-572
-527
-456
-356
-239
-130
-30
62
145
220
297
386
487
594
703
816
926
1028
1124
1206
1279
1343
1397
1435
1453
1464
1480
1507
1538
1568
1600
1630
1645
1629
1585
1527
1456
1363
1243
1112
983
850
709
565
432
325
238
161
87
13
-61
-141
-232
-330
-423
-514
-609
-708
-801
-871
-915
-946
-967
-979
-983
-987
-990
-987
-977
-964
-955
-944
-924
-883
-828
-764
-697
-640
-594
-563
-539
-519
-492
-458
-418
-372
-322
-266
-208
-159
-124
-103
-88
-77
-59
-30
8
50
92
135
179
224
273
321
355
358
330
284
242
220
218
238
270
302
321
319
299
262
215
158
104
69
56
66
85
114
144
166
170
156
122
62
-22
-124
-224
-309
-377
-422
-449
-463
-481
-508
-542
-583
-631
-683
-726
-754
-767
-767
-751
-716
-673
-635
-614
-608
-622
-654
-695
-733
-756
-762
-752
-725
-676
-617
-558
-499
-440
-377
-308
-233
-145
-44
58
154
249
346
449
552
645
732
811
880
941
997
1057
1121
1191
1258
1318
1367
1400
1416
1418
1414
1411
1409
1406
1399
1385
1359
1322
1274
1214
1143
1065
983
896
802
705
608
505
398
290
184
77
-37
-159
-286
-413
-541
-663
-776
-868
-933
-975
-1005
-1031
-1052
-1066
-1073
-1074
-1066
-1038
-988
-928
-865
-804
-743
-693
-661
-648
-640
-630
-611
-575
-518
-437
-345
-266
-212
-184
-179
-185
-194
-195
-187
-176
-167
-150
-118
-69
-11
41
80
103
120
136
158
197
252
313
369
414
456
493
510
497
459
404
344
291
257
255
273
291
295
279
249
203
146
79
12
-53
-117
-171
-199
-195
-169
-139
-118
-109
-118
-146
-188
-236
-288
-344
-403
-458
-506
-535
-550
-558
-576
-615
-671
-743
-821
-893
-952
-986
-999
-1001
-991
-965
-925
-876
-825
-779
-726
-663
-590
-509
-416
-314
-214
-125
-43
43
136
231
321
406
482
557
635
726
829
933
1030
1115
1186
1239
1279
1309
1328
1337
1341
1349
1362
1375
1382
1377
1360
1335
1304
1271
1237
1191
1133
1064
993
917
829
726
604
466
316
165
28
-84
-175
-254
-320
-368
-404
-440
-484
-545
-617
-699
-778
-840
-872
-872
-852
-823
-792
-761
-729
-699
-679
-664
-657
-653
-653
-650
-641
-626
-606
-586
-568
-546
-520
-494
-475
-461
-444
-416
-379
-333
-280
-219
-167
-134
-118
-107
-96
-89
-79
-60
-30
6
39
69
98
115
115
101
82
62
47
41
50
79
125
178
237
292
335
363
371
366
352
331
301
264
229
200
176
153
128
98
60
6
-62
-124
-175
-219
-259
-295
-325
-357
-397
-448
-505
-563
-623
-674
-705
-712
-706
-698
-686
-672
-659
-649
-635
-618
-605
-597
-591
-575
-544
-497
-440
-378
-314
-257
-205
-154
-100
-46
13
78
155
236
316
395
477
558
634
711
796
889
980
1065
1152
1243
1327
1393
1433
1454
1453
1431
1393
1347
1299
1246
1188
1125
1064
1004
940
861
772
680
588
497
410
328
254
182
120
74
41
18
-13
-57
-114
-183
-252
-316
-362
-394
-418
-443
-476
-517
-568
-624
-680
-727
-758
-773
-773
-759
-738
-718
-710
-709
-709
-707
-709
-718
-728
-734
-731
-709
-661
-588
-500
-420
-365
-334
-325
-335
-354
-376
-392
-398
-392
-374
-340
-294
-246
-210
-191
-187
-187
-191
-195
-190
-170
-134
-87
-24
52
134
204
255
284
301
319
338
365
400
434
463
475
476
465
445
411
364
309
249
192
144
106
79
49
7
-53
-130
-216
-303
-383
-455
-516
-569
-612
-640
-655
-659
-656
-649
-641
-631
-616
-587
-546
-499
-449
-401
-356
-312
-275
-237
-200
-161
-119
-77
-26
34
101
169
232
288
337
380
422
466
520
582
647
712
775
836
895
950
999
1047
1094
1136
1168
1190
1201
1196
1176
1139
1091
1030
960
877
783
694
612
536
467
407
359
317
277
245
224
206
175
129
74
21
-34
-89
-137
-172
-201
-231
-256
-267
-260
-259
-277
-307
-343
-383
-424
-465
-497
-520
-562
-620
-667
-687
-679
-663
-648
-608
-565
-552
-548
-540
-535
-535
-561
-604
-613
-603
-592
-576
-564
-562
-580
-632
-681
-707
-727
-740
-751
-753
-728
-697
-675
-646
-617
-598
-585
-581
-559
-502
-436
-365
-284
-202
-119
-49
-6
33
67
89
102
116
146
195
237
264
287
287
259
205
130
59
1
-69
-140
-192
-231
-258
-280
-299
-301
-305
-316
-318
-309
-278
-225
-173
-105
2
129
274
438
605
773
931
1057
1163
1255
1317
1351
1350
1324
1293
1239
1163
1080
987
884
779
664
542
422
285
135
-18
-170
-307
-421
-519
-578
-595
-576
-515
-422
-309
-176
-36
97
226
337
427
494
529
557
593
626
667
706
726
738
743
725
689
633
551
453
347
249
179
130
97
79
61
59
83
104
116
122
113
90
66
44
25
8
-24
-72
-125
-164
-184
-206
-239
-272
-310
-368
-441
-532
-637
-748
-865
-977
-1065
-1116
-1137
-1156
-1177
-1186
-1192
-1207
-1225
-1254
-1289
-1307
-1310
-1296
-1249
-1168
-1074
-986
-916
-854
-792
-748
-723
-719
-729
-733
-741
-766
-773
-741
-704
-676
-647
-610
-569
-525
-495
-474
-445
-413
-403
-411
-387
-328
-294
-303
-318
-329
-347
-362
-386
-427
-459
-475
-477
-404
-162
219
629
1040
1487
1934
2331
2665
2900
3016
3031
2960
2816
2689
2659
2668
2615
2529
2487
2436
2306
2103
1805
1378
869
314
-249
-727
-1063
-1335
-1593
-1756
-1768
-1695
-1616
-1531
-1443
-1402
-1389
-1354
-1291
-1154
-920
-656
-383
-18
443
877
1219
1475
1632
1663
1595
1463
1281
1080
886
684
507
423
413
379
277
149
-10
-210
-420
-604
-764
-869
-888
-830
-676
-398
-68
213
438
618
747
815
826
791
721
655
600
569
568
586
577
469
289
63
-205
-504
-831
-1160
-1460
-1687
-1851
-1949
-1951
-1890
-1832
-1796
-1766
-1764
-1780
-1808
-1839
-1851
-1790
-1667
-1529
-1326
-1083
-851
-707
-664
-694
-832
-1030
-1257
-1465
-1645
-1753
-1747
-1701
-1574
-1372
-1221
-1191
-1191
-1189
-1241
-1276
-1274
-1268
-1250
-1145
-948
-674
-369
-105
92
160
213
260
208
93
2
-67
-127
113
669
1328
1999
2582
3068
3428
3679
3748
3617
3371
3065
2765
2506
2501
2771
2998
3029
3004
2909
2645
2284
1794
1167
508
-67
-565
-894
-904
-761
-633
-613
-574
-500
-550
-670
-830
-1008
-1177
-1184
-1025
-759
-263
276
648
904
1128
1232
1160
980
716
438
211
96
104
201
325
416
382
228
101
-118
-452
-768
-1050
-1273
-1350
-1222
-1022
-722
-382
-139
68
214
312
340
303
250
226
269
380
579
748
862
936
883
692
450
137
-280
-661
-994
-1250
-1363
-1366
-1325
-1284
-1218
-1222
-1258
-1323
-1441
-1544
-1685
-1767
-1743
-1648
-1499
-1300
-1072
-902
-752
-661
-652
-665
-770
-988
-1186
-1336
-1462
-1520
-1564
-1531
-1425
-1333
-1348
-1417
-1437
-1533
-1599
-1695
-1769
-1685
-1567
-1380
-1190
-938
-713
-559
-425
-375
-288
-296
-348
-370
-371
-352
-331
-292
-314
-248
-171
34
531
1192
1820
2251
2682
2972
3202
3340
3254
3187
3073
3054
3038
3107
3335
3478
3455
3135
2820
2439
1903
1405
859
351
-8
-188
-349
-394
-296
-297
-412
-573
-705
-872
-1007
-1079
-1000
-792
-504
-25
402
799
1177
1371
1368
1278
1216
1011
834
774
733
772
827
876
840
703
464
128
-267
-638
-895
-1103
-1231
-1214
-1089
-981
-842
-693
-653
-620
-623
-630
-617
-560
-432
-295
-85
122
321
461
476
450
327
113
-145
-378
-598
-786
-896
-986
-1041
-1063
-1104
-1204
-1302
-1415
-1526
-1586
-1630
-1585
-1474
-1361
-1246
-1116
-1019
-994
-960
-953
-928
-849
-808
-784
-726
-687
-675
-696
-876
-1074
-1220
-1397
-1541
-1574
-1528
-1509
-1417
-1362
-1336
-1211
-1174
-1237
-1396
-1483
-1362
-1155
-971
-752
-448
-263
-108
68
113
101
118
-56
-359
-399
-353
-343
-342
-239
174
760
1412
1881
2189
2375
2462
2550
2383
2349
2471
2427
2480
2755
3139
3337
3367
3125
2641
2222
1716
1194
807
517
315
189
114
175
248
10
-345
-650
-929
-1125
-1146
-1057
-878
-442
-69
297
797
1124
1294
1265
1142
1068
1106
1172
1193
1363
1484
1529
1580
1491
1336
1065
586
90
-240
-443
-540
-559
-618
-681
-670
-722
-821
-817
-890
-1029
-1051
-968
-753
-459
-195
-13
130
219
233
226
123
-29
-167
-315
-387
-326
-314
-447
-636
-905
-1197
-1441
-1650
-1836
-1951
-1994
-2010
-1914
-1800
-1725
-1695
-1754
-1819
-1825
-1742
-1647
-1456
-1203
-1006
-808
-641
-508
-495
-604
-794
-1015
-1158
-1233
-1157
-1017
-893
-781
-761
-854
-987
-1105
-1322
-1556
-1634
-1544
-1349
-1043
-704
-506
-382
-315
-269
-254
-272
-216
-139
-19
97
251
359
394
469
396
241
333
829
1463
1975
2312
2498
2658
2741
2709
2588
2458
2345
2300
2380
2575
2928
3070
2805
2408
2043
1658
1189
820
523
290
153
65
116
187
136
-117
-493
-813
-961
-1003
-1056
-943
-676
-430
-190
143
457
598
638
575
546
655
825
1013
1175
1325
1416
1418
1362
1288
1179
886
520
301
170
104
107
51
-87
-236
-382
-530
-619
-666
-743
-781
-729
-555
-292
-104
-11
44
21
-28
-5
42
73
113
132
113
121
97
-81
-328
-630
-952
-1180
-1334
-1408
-1443
-1504
-1600
-1684
-1755
-1876
-2012
-2191
-2389
-2430
-2362
-2240
-2018
-1777
-1571
-1405
-1267
-1198
-1161
-1135
-1249
-1373
-1420
-1341
-1114
-977
-906
-831
-791
-841
-899
-908
-964
-1016
-1129
-1191
-1115
-941
-693
-526
-442
-473
-469
-427
-337
-177
-110
-44
34
255
448
557
693
677
606
451
626
1222
1890
2404
2553
2708
2835
2978
3012
2795
2706
2628
2640
2689
2886
3173
3102
2770
2224
1801
1465
1119
885
654
531
397
330
259
165
21
-421
-842
-1109
-1146
-1073
-971
-776
-651
-465
-334
-158
30
48
65
16
72
236
465
696
817
973
983
966
1013
979
883
654
441
297
269
312
273
200
9
-171
-291
-427
-524
-608
-671
-717
-641
-513
-424
-319
-317
-361
-393
-397
-339
-251
-160
-124
-77
-50
-56
-57
-180
-376
-578
-761
-884
-931
-942
-1032
-1132
-1241
-1371
-1485
-1662
-1856
-2023
-2128
-2165
-2104
-1936
-1801
-1676
-1608
-1588
-1510
-1434
-1389
-1381
-1346
-1252
-1104
-943
-847
-763
-737
-789
-821
-811
-781
-797
-821
-878
-945
-885
-796
-786
-781
-806
-830
-815
-864
-888
-841
-832
-785
-659
-512
-264
-5
103
119
83
40
47
234
628
1115
1592
1946
2292
2631
2833
2824
2649
2513
2431
2459
2580
2793
3104
3201
3067
2832
2602
2390
2060
1695
1399
1253
1172
1064
956
829
657
385
87
-152
-280
-367
-484
-542
-564
-547
-502
-428
-348
-331
-329
-328
-267
-182
-102
4
89
227
385
545
713
810
849
809
771
796
825
850
863
900
950
942
907
852
757
622
464
322
215
141
68
-1
-60
-113
-151
-208
-266
-322
-408
-502
-570
-586
-603
-638
-662
-678
-678
-683
-694
-707
-709
-739
-800
-845
-894
-914
-939
-980
-1011
-1058
-1093
-1112
-1123
-1150
-1186
-1219
-1229
-1200
-1187
-1185
-1195
-1194
-1182
-1219
-1269
-1321
-1334
-1297
-1261
-1233
-1210
-1162
-1120
-1138
-1223
-1320
-1362
-1389
-1430
-1466
-1443
-1333
-1238
-1155
-1065
-994
-933
-944
-965
-907
-804
-722
-662
-520
-296
-79
44
227
603
958
1123
1162
1338
1687
1935
1951
1899
2122
2507
2724
2749
2813
3090
3304
3238
3027
2933
2945
2829
2610
2442
2403
2336
2118
1871
1686
1503
1161
752
452
260
82
-170
-380
-512
-604
-701
-841
-944
-1053
-1157
-1221
-1259
-1245
-1215
-1137
-1028
-916
-788
-664
-493
-347
-255
-158
-53
68
154
245
365
485
588
625
673
715
699
630
525
424
313
203
81
-22
-95
-203
-315
-405
-473
-572
-695
-805
-883
-928
-1002
-1072
-1116
-1121
-1094
-1070
-1047
-1043
-1002
-960
-937
-906
-881
-835
-784
-745
-739
-727
-689
-667
-643
-611
-573
-534
-527
-553
-552
-550
-593
-638
-650
-622
-592
-589
-604
-597
-583
-619
-662
-700
-716
-754
-841
-921
-963
-933
-963
-1057
-1125
-1139
-1070
-1033
-1062
-1097
-1055
-953
-896
-871
-853
-766
-656
-587
-511
-419
-305
-116
246
682
972
1097
1275
1661
2005
2019
1837
1893
2273
2600
2670
2701
3021
3425
3521
3356
3243
3268
3141
2845
2647
2643
2640
2460
2260
2164
2085
1816
1357
964
696
441
138
-114
-249
-347
-447
-546
-639
-776
-955
-1077
-1150
-1238
-1307
-1287
-1185
-1041
-896
-744
-554
-380
-285
-213
-86
39
128
231
396
603
773
882
976
1056
1051
967
883
809
711
572
438
366
305
180
20
-110
-246
-418
-605
-760
-868
-946
-1022
-1102
-1145
-1160
-1179
-1199
-1217
-1237
-1271
-1283
-1264
-1233
-1211
-1178
-1109
-1064
-1043
-1016
-975
-920
-884
-864
-828
-761
-678
-625
-609
-581
-554
-563
-595
-614
-615
-626
-644
-657
-663
-655
-658
-676
-727
-804
-894
-970
-988
-1009
-1080
-1168
-1171
-1100
-1073
-1109
-1149
-1122
-1060
-1028
-1010
-949
-833
-702
-601
-537
-455
-343
-153
189
563
775
890
1172
1652
2012
2003
1840
1968
2377
2651
2649
2668
2954
3290
3365
3243
3222
3284
3137
2836
2694
2748
2726
2484
2217
2119
2058
1781
1353
1018
789
553
278
29
-131
-267
-414
-559
-687
-866
-1081
-1207
-1247
-1268
-1313
-1321
-1256
-1160
-1064
-948
-808
-720
-692
-602
-403
-207
-104
-1
178
406
586
662
735
845
916
868
808
814
821
793
706
635
580
475
323
157
3
-163
-328
-485
-618
-676
-732
-832
-930
-1018
-1094
-1142
-1166
-1226
-1274
-1274
-1256
-1230
-1202
-1151
-1083
-1040
-1038
-1012
-949
-894
-860
-847
-819
-754
-698
-691
-683
-611
-554
-572
-589
-573
-531
-533
-593
-630
-624
-592
-601
-634
-632
-613
-631
-716
-812
-866
-908
-987
-1081
-1099
-1057
-1011
-988
-999
-975
-919
-895
-901
-877
-826
-774
-703
-614
-509
-440
-335
-29
417
718
760
869
1305
1823
1978
1757
1709
2111
2582
2721
2678
2859
3219
3400
3315
3249
3328
3271
2983
2745
2768
2849
2694
2376
2159
2069
1887
1518
1119
809
549
287
33
-179
-379
-559
-677
-767
-913
-1109
-1235
-1264
-1290
-1374
-1425
-1388
-1319
-1246
-1128
-931
-751
-670
-611
-456
-224
-67
-3
76
243
455
602
714
834
912
917
900
909
906
858
774
702
664
602
508
418
323
195
31
-142
-275
-369
-461
-562
-656
-739
-821
-873
-903
-944
-1002
-1066
-1107
-1118
-1108
-1083
-1054
-1041
-1034
-991
-913
-832
-771
-743
-737
-721
-684
-634
-570
-510
-450
-383
-319
-260
-253
-290
-339
-394
-464
-545
-591
-601
-600
-629
-708
-800
-890
-977
-1062
-1171
-1265
-1295
-1267
-1244
-1241
-1226
-1178
-1107
-1107
-1158
-1159
-1084
-989
-949
-925
-838
-700
-610
-507
-162
326
614
625
737
1278
1887
1993
1652
1572
2081
2668
2815
2685
2861
3347
3615
3501
3383
3459
3395
3056
2765
2794
2920
2757
2387
2167
2145
1998
1573
1095
757
513
218
-92
-314
-488
-648
-759
-827
-968
-1184
-1343
-1394
-1421
-1500
-1563
-1529
-1431
-1316
-1164
-955
-782
-725
-695
-558
-342
-210
-174
-84
129
368
527
646
764
836
823
781
771
746
682
621
614
647
627
549
467
401
289
108
-71
-201
-295
-382
-452
-500
-553
-640
-727
-785
-861
-967
-1074
-1147
-1171
-1167
-1128
-1064
-993
-965
-959
-900
-822
-778
-795
-812
-757
-667
-570
-476
-379
-310
-285
-255
-231
-256
-359
-478
-535
-550
-585
-663
-722
-728
-714
-757
-901
-1083
-1220
-1257
-1250
-1292
-1410
-1502
-1446
-1299
-1188
-1212
-1311
-1342
-1285
-1178
-1103
-1075
-1077
-1050
-927
-666
-217
204
354
328
521
1139
1748
1797
1405
1324
1911
2626
2848
2701
2792
3257
3635
3658
3586
3627
3562
3278
3069
3186
3371
3221
2802
2531
2532
2443
2035
1486
1065
797
536
241
-33
-259
-453
-593
-701
-887
-1164
-1398
-1494
-1539
-1620
-1708
-1719
-1646
-1550
-1399
-1188
-1017
-986
-1009
-889
-635
-421
-362
-326
-151
117
356
519
658
760
792
795
826
878
865
792
745
761
784
730
639
556
473
350
196
70
-26
-98
-169
-248
-342
-466
-583
-680
-769
-880
-989
-1052
-1074
-1064
-1053
-1036
-1018
-1024
-1038
-1017
-954
-910
-905
-879
-805
-701
-612
-544
-468
-403
-379
-383
-377
-377
-424
-497
-562
-606
-659
-747
-828
-875
-932
-1052
-1205
-1332
-1421
-1504
-1627
-1758
-1829
-1825
-1782
-1739
-1717
-1718
-1689
-1626
-1570
-1560
-1568
-1436
-1046
-545
-246
-154
86
669
1286
1444
1213
1186
1662
2263
2541
2627
2904
3395
3744
3833
3918
4063
3984
3608
3312
3373
3558
3485
3171
2964
2966
2894
2548
2067
1626
1230
839
479
209
-16
-246
-441
-588
-794
-1100
-1401
-1614
-1779
-1937
-2058
-2084
-2038
-1977
-1883
-1710
-1544
-1499
-1521
-1448
-1241
-1026
-892
-752
-496
-190
68
284
494
669
753
792
870
998
1103
1144
1191
1275
1338
1316
1238
1155
1054
903
725
581
477
381
287
200
114
-8
-157
-302
-427
-546
-681
-804
-893
-933
-928
-906
-891
-921
-969
-989
-967
-943
-942
-914
-841
-730
-613
-498
-381
-291
-256
-258
-260
-267
-288
-316
-332
-329
-344
-399
-473
-519
-575
-699
-896
-1114
-1297
-1430
-1549
-1691
-1850
-1997
-2086
-2109
-2123
-2175
-2254
-2306
-2298
-2247
-2206
-2144
-1946
-1623
-1283
-1004
-708
-301
148
482
645
799
1060
1395
1737
2086
2489
2897
3220
3470
3743
4000
4081
3965
3812
3772
3800
3780
3684
3571
3460
3291
3051
2765
2438
2046
1604
1183
831
537
260
10
-212
-452
-733
-1022
-1280
-1518
-1746
-1940
-2066
-2136
-2170
-2152
-2067
-1952
-1883
-1857
-1812
-1707
-1559
-1408
-1234
-1012
-761
-511
-259
7
247
425
543
659
787
913
1037
1170
1297
1386
1433
1452
1450
1399
1274
1117
970
845
730
626
536
436
304
138
-28
-193
-372
-556
-731
-864
-948
-983
-984
-978
-981
-1005
-1032
-1053
-1067
-1070
-1042
-979
-893
-791
-661
-495
-330
-222
-172
-139
-92
-47
-24
-12
14
43
39
12
-13
-40
-112
-246
-404
-553
-692
-840
-991
-1144
-1317
-1526
-1732
-1870
-1961
-2091
-2277
-2422
-2444
-2396
-2392
-2411
-2310
-2037
-1745
-1574
-1434
-1121
-643
-251
-81
59
388
851
1235
1494
1799
2223
2621
2862
3048
3310
3557
3623
3533
3496
3603
3699
3654
3523
3407
3301
3129
2864
2550
2227
1890
1541
1220
940
682
437
194
-78
-382
-684
-954
-1196
-1443
-1676
-1840
-1931
-1990
-2034
-2037
-1997
-1955
-1948
-1943
-1878
-1762
-1637
-1510
-1346
-1120
-862
-603
-353
-108
115
312
507
695
858
981
1092
1224
1362
1464
1502
1500
1476
1434
1365
1270
1145
981
801
643
519
384
202
-15
-225
-409
-579
-751
-919
-1075
-1202
-1290
-1341
-1370
-1394
-1419
-1439
-1440
-1424
-1382
-1317
-1242
-1155
-1042
-892
-723
-566
-434
-304
-169
-45
49
137
248
366
448
485
505
535
546
505
420
319
204
60
-110
-262
-379
-504
-694
-925
-1134
-1304
-1474
-1682
-1917
-2138
-2301
-2390
-2362
-2199
-1973
-1808
-1729
-1605
-1313
-939
-718
-716
-704
-439
62
572
952
1292
1681
2062
2357
2598
2814
2929
2889
2815
2906
3162
3375
3402
3326
3275
3227
3071
2785
2444
2111
1781
1470
1228
1052
886
690
469
227
-56
-386
-723
-1031
-1288
-1486
-1625
-1720
-1787
-1809
-1773
-1725
-1736
-1819
-1899
-1889
-1796
-1679
-1562
-1411
-1209
-981
-750
-518
-291
-103
32
152
306
506
708
870
1001
1130
1256
1354
1403
1405
1374
1309
1208
1096
997
907
804
661
484
298
118
-69
-277
-497
-707
-892
-1048
-1170
-1253
-1321
-1397
-1485
-1555
-1588
-1597
-1597
-1585
-1533
-1437
-1320
-1197
-1058
-911
-780
-666
-554
-425
-281
-133
24
203
389
553
687
802
907
995
1040
1043
1032
1031
1043
1057
1052
1018
955
867
761
645
511
343
142
-68
-264
-447
-630
-815
-992
-1156
-1315
-1469
-1612
-1733
-1840
-1958
-2101
-2228
-2287
-2286
-2291
-2279
-2106
-1722
-1352
-1232
-1230
-956
-363
78
10
-234
-37
634
1223
1421
1536
1901
2349
2569
2653
2855
3044
2896
2526
2430
2759
3066
2958
2627
2478
2521
2457
2169
1810
1482
1138
787
553
459
356
148
-89
-269
-429
-622
-834
-1026
-1204
-1366
-1455
-1457
-1437
-1448
-1431
-1342
-1264
-1295
-1384
-1383
-1260
-1127
-1051
-967
-816
-630
-458
-282
-92
50
84
60
103
237
371
432
443
463
506
547
572
565
482
323
164
76
43
-17
-135
-264
-348
-403
-484
-590
-684
-748
-812
-894
-958
-960
-913
-874
-876
-887
-859
-794
-729
-682
-620
-516
-394
-285
-172
-20
154
297
390
461
551
648
719
773
838
911
969
1007
1044
1089
1111
1079
1001
911
833
763
693
615
535
462
390
307
214
112
5
-119
-266
-408
-507
-559
-595
-645
-709
-763
-791
-811
-840
-882
-925
-961
-976
-958
-901
-831
-780
-755
-732
-684
-622
-574
-554
-544
-523
-486
-438
-387
-340
-316
-320
-324
-303
-256
-219
-215
-228
-218
-164
-92
-41
-27
-19
27
116
214
291
355
428
521
624
733
834
912
959
988
1036
1114
1188
1214
1200
1187
1205
1240
1251
1206
1111
1001
906
836
761
654
516
385
297
239
167
62
-64
-189
-302
-402
-490
-567
-636
-691
-721
-729
-722
-712
-708
-706
-709
-707
-687
-643
-590
-541
-482
-399
-305
-219
-149
-83
-17
37
73
103
136
176
210
230
245
256
267
260
238
207
177
144
97
42
-4
-33
-59
-108
-175
-233
-265
-292
-333
-382
-419
-439
-456
-469
-462
-447
-449
-467
-464
-409
-338
-296
-286
-256
-189
-132
-115
-124
-123
-119
-130
-155
-164
-156
-163
-197
-238
-269
-301
-366
-471
-579
-660
-719
-779
-831
-868
-884
-875
-808
-658
-507
-470
-527
-483
-247
1
31
-97
-77
218
570
748
818
957
1151
1264
1313
1438
1602
1600
1425
1346
1531
1781
1819
1660
1539
1543
1535
1420
1267
1134
973
766
612
572
563
461
273
102
-19
-138
-287
-439
-573
-690
-779
-822
-823
-814
-808
-788
-767
-782
-832
-865
-855
-824
-802
-777
-724
-649
-565
-453
-318
-208
-173
-184
-165
-89
4
62
90
119
155
197
253
308
320
259
166
107
96
93
58
-6
-73
-123
-153
-168
-192
-240
-306
-362
-386
-388
-385
-382
-380
-380
-384
-379
-357
-332
-318
-314
-300
-266
-218
-177
-135
-92
-53
-31
-26
-21
0
31
49
61
82
123
164
189
202
214
216
200
176
172
192
211
222
230
247
261
257
237
211
186
161
138
123
125
151
190
222
232
225
220
215
199
170
139
118
99
92
106
135
146
122
83
59
40
2
-51
-97
-127
-154
-182
-197
-196
-201
-226
-261
-290
-310
-327
-342
-353
-367
-381
-386
-371
-346
-332
-333
-335
-325
-310
-294
-279
-263
-247
-228
-202
-169
-133
-101
-74
-54
-40
-33
-34
-36
-31
-30
-40
-55
-61
-51
-39
-34
-30
-29
-31
-36
-29
-5
19
29
30
50
95
147
191
227
261
288
306
328
360
387
395
393
410
451
501
539
560
579
600
613
614
602
588
569
547
520
492
463
431
393
350
296
227
151
72
-1
-70
-140
-214
-290
-359
-414
-454
-490
-534
-589
-640
-674
-695
-710
-720
-731
-743
-747
-734
-703
-673
-660
-661
-650
-620
-583
-551
-523
-493
-460
-425
-383
-335
-293
-262
-236
-202
-162
-121
-86
-54
-26
-3
18
41
59
54
39
36
51
64
57
42
45
70
95
106
105
111
122
140
166
196
225
245
270
308
359
407
441
462
486
524
570
608
631
646
670
698
713
713
704
702
695
670
631
604
593
573
532
479
443
414
368
302
236
185
134
75
18
-18
-42
-77
-121
-157
-179
-201
-236
-273
-295
-302
-301
-298
-284
-261
-236
-215
-202
-186
-173
-169
-176
-188
-193
-191
-191
-198
-208
-209
-201
-200
-210
-224
-230
-232
-241
-253
-262
-267
-270
-269
-263
-256
-256
-264
-269
-262
-253
-258
-272
-288
-293
-290
-286
-289
-299
-316
-328
-327
-319
-314
-319
-324
-316
-293
-268
-248
-235
-220
-204
-186
-167
-143
-119
-96
-67
-36
-4
26
58
93
124
148
172
207
251
295
335
380
434
483
517
547
586
630
661
669
671
687
717
741
747
733
716
707
698
680
651
616
579
540
508
486
463
425
372
324
292
267
231
184
141
118
102
82
57
40
30
19
7
-2
-4
-9
-22
-37
-46
-52
-70
-104
-135
-153
-166
-194
-237
-282
-318
-346
-375
-416
-464
-512
-549
-575
-598
-631
-679
-726
-762
-786
-807
-829
-846
-857
-860
-851
-831
-808
-794
-790
-790
-776
-749
-721
-702
-684
-653
-605
-551
-505
-459
-407
-353
-299
-243
-181
-109
-36
42
129
213
294
374
457
543
607
650
692
743
791
822
833
845
865
885
892
886
872
853
831
804
762
705
647
599
557
511
457
403
359
319
273
222
172
125
77
31
-5
-31
-50
-70
-89
-110
-128
-141
-146
-151
-160
-172
-172
-154
-133
-123
-121
-116
-107
-98
-87
-75
-63
-55
-48
-36
-27
-31
-46
-61
-77
-99
-123
-135
-139
-151
-173
-190
-189
-191
-216
-255
-276
-275
-273
-289
-308
-308
-294
-280
-277
-281
-285
-287
-283
-274
-265
-259
-247
-222
-189
-163
-147
-132
-114
-107
-116
-128
-128
-120
-116
-122
-123
-107
-90
-88
-99
-112
-121
-133
-151
-166
-170
-163
-158
-157
-148
-125
-94
-75
-68
-61
-38
-1
32
53
67
88
121
155
183
204
226
249
273
295
319
343
364
376
387
407
434
458
472
481
486
489
482
468
451
431
409
386
368
355
342
322
297
271
245
216
182
143
107
75
50
25
-3
-26
-48
-64
-76
-86
-98
-111
-126
-134
-134
-137
-147
-157
-163
-163
-161
-155
-144
-134
-127
-124
-116
-109
-106
-110
-116
-120
-127
-131
-131
-124
-125
-134
-142
-145
-154
-172
-194
-212
-224
-239
-253
-260
-259
-252
-243
-236
-238
-244
-245
-232
-213
-202
-198
-182
-146
-98
-54
-27
-9
14
46
70
82
93
115
144
170
190
217
249
271
275
276
283
288
275
256
253
259
251
226
209
211
213
196
168
150
139
116
84
61
53
41
14
-16
-27
-23
-23
-37
-56
-72
-82
-85
-84
-82
-92
-104
-106
-89
-66
-50
-46
-39
-22
1
20
32
43
52
61
70
83
96
104
106
107
108
109
104
91
69
45
26
10
-8
-32
-57
-71
-77
-80
-86
-96
-111
-130
-144
-151
-158
-174
-192
-200
-191
-174
-158
-144
-133
-128
-125
-115
-95
-74
-64
-57
-35
3
48
82
102
112
119
133
151
163
161
151
154
171
189
194
191
189
185
168
144
125
109
83
43
8
-4
-7
-27
-63
-88
-94
-101
-122
-145
-155
-159
-167
-176
-174
-166
-167
-176
-174
-156
-140
-134
-127
-107
-79
-62
-56
-50
-41
-39
-41
-43
-34
-22
-14
1
23
41
42
31
23
19
7
-11
-23
-21
-7
8
24
40
50
51
43
36
34
31
26
28
43
70
99
119
128
129
131
131
120
103
90
94
104
110
111
115
125
128
118
98
80
66
51
34
22
18
14
8
-3
-19
-35
-50
-71
-99
-128
-147
-156
-161
-162
-163
-159
-153
-150
-141
-126
-115
-116
-117
-105
-80
-57
-42
-29
-12
6
21
38
61
78
85
91
103
120
131
133
133
132
125
116
110
107
104
91
75
62
55
51
46
39
27
13
-1
-10
-14
-15
-24
-45
-64
-68
-56
-46
-53
-67
-76
-75
-71
-74
-82
-89
-95
-101
-102
-92
-79
-72
-74
-80
-81
-70
-57
-52
-56
-56
-46
-33
-25
-24
-25
-25
-29
-36
-39
-37
-30
-23
-17
-8
-1
7
22
32
33
24
19
29
48
64
73
79
90
101
110
113
105
90
76
71
71
70
67
64
64
62
54
46
35
18
2
-8
-8
-6
-9
-8
2
11
11
2
-3
-3
-6
-11
-12
-7
3
9
14
23
30
25
14
10
12
13
6
-2
0
6
9
4
-2
-5
-10
-17
-20
-15
-9
-5
-2
4
13
20
26
31
35
37
44
59
75
84
84
83
85
87
77
65
55
44
30
17
11
6
-6
-26
-45
-61
-77
-94
-113
-130
-147
-162
-168
-162
-156
-161
-171
-174
-168
-158
-154
-153
-152
-152
-141
-118
-92
-76
-73
-70
-55
-32
-13
-6
-7
0
15
40
65
81
89
94
101
107
116
124
126
115
108
117
141
155
140
113
101
102
92
66
43
33
24
12
9
24
37
27
6
-1
5
7
-3
-13
-14
-13
-11
0
19
36
36
28
25
33
41
42
39
35
35
40
54
70
80
76
66
61
62
65
66
55
36
18
13
17
14
-3
-26
-46
-61
-74
-86
-102
-122
-145
-164
-173
-178
-182
-191
-203
-213
-216
-213
-204
-196
-191
-184
-166
-137
-103
-69
-40
-14
15
49
81
110
130
150
177
208
235
252
265
278
286
282
271
254
234
212
188
165
145
117
85
55
26
-3
-39
-78
-116
-147
-172
-191
-203
-219
-234
-248
-253
-255
-259
-265
-265
-257
-245
-231
-212
-190
-166
-144
-123
-99
-73
-47
-21
6
37
68
96
121
146
166
180
189
193
196
198
199
199
196
193
186
178
168
153
133
109
85
66
52
39
29
24
19
18
16
17
19
13
6
-2
2
14
27
38
49
64
81
96
106
111
112
106
105
109
115
119
116
112
109
105
94
79
58
36
12
-9
-27
-45
-64
-85
-110
-134
-157
-180
-209
-237
-262
-282
-299
-314
-326
-337
-345
-349
-350
-348
-345
-336
-324
-303
-280
-257
-232
-201
-168
-136
-103
-67
-28
11
46
85
128
168
202
225
247
271
291
302
308
317
326
330
328
323
316
301
277
250
225
202
175
147
125
111
95
73
48
27
9
-16
-45
-73
-94
-106
-120
-133
-141
-141
-143
-149
-159
-165
-169
-175
-185
-188
-183
-172
-158
-146
-130
-111
-90
-72
-56
-40
-25
-11
9
34
56
72
91
114
131
142
149
154
157
151
145
142
146
140
126
117
115
112
97
78
63
55
44
27
14
6
0
-10
-20
-24
-24
-27
-32
-36
-33
-28
-23
-20
-17
-11
-7
-1
7
15
21
25
31
39
48
51
51
48
44
42
36
28
17
6
-3
-16
-29
-44
-61
-81
-105
-125
-141
-159
-180
-199
-211
-218
-226
-238
-248
-251
-249
-251
-251
-244
-229
-212
-196
-174
-147
-121
-97
-73
-43
-10
17
41
70
102
134
162
187
213
238
259
277
292
304
310
314
317
318
314
303
292
278
260
239
218
196
168
136
104
75
49
20
-9
-38
-63
-84
-107
-124
-140
-154
-170
-184
-191
-190
-187
-186
-184
-177
-165
-150
-138
-128
-117
-106
-95
-85
-72
-56
-39
-27
-17
-3
13
25
28
27
29
31
33
30
32
37
42
39
36
38
40
36
24
13
9
11
10
9
11
16
20
20
22
20
15
11
8
13
20
24
28
35
45
52
56
55
53
49
47
48
49
51
49
46
44
42
35
25
13
-4
-18
-27
-32
-37
-45
-55
-61
-65
-73
-82
-91
-97
-104
-109
-107
-96
-85
-80
-77
-72
-65
-59
-59
-57
-52
-43
-35
-24
-8
7
15
16
16
17
18
17
15
15
21
30
40
49
55
59
59
54
48
48
49
51
53
55
65
76
83
84
82
78
75
69
66
67
70
70
67
69
71
69
59
45
34
26
17
9
5
2
-2
-6
-10
-16
-25
-39
-51
-58
-62
-64
-68
-68
-65
-62
-63
-67
-71
-77
-83
-87
-86
-82
-78
-75
-68
-58
-49
-43
-43
-43
-40
-37
-27
-18
-11
-3
7
20
31
38
43
43
42
43
45
47
47
45
43
45
44
40
33
25
16
5
-6
-14
-20
-24
-30
-36
-38
-43
-47
-54
-59
-65
-68
-72
-73
-71
-69
-63
-61
-58
-58
-57
-53
-49
-48
-49
-45
-35
-28
-24
-17
-9
-1
3
3
7
13
19
23
26
33
40
43
42
43
45
42
35
26
23
24
26
23
19
18
19
17
14
10
8
5
1
3
9
17
22
24
27
33
37
35
33
30
29
28
27
29
31
32
27
22
20
16
9
1
-8
-13
-16
-20
-22
-20
-17
-16
-18
-20
-20
-19
-17
-17
-15
-10
-3
6
16
26
35
40
42
44
49
53
53
51
51
53
54
52
49
43
34
22
11
1
-8
-19
-29
-36
-40
-43
-45
-50
-54
-59
-60
-59
-59
-56
-52
-42
-30
-17
-5
5
14
20
26
30
34
36
38
40
44
47
48
45
39
31
20
4
-13
-27
-40
-54
-65
-74
-79
-88
-96
-106
-116
-126
-135
-141
-142
-142
-136
-129
-117
-104
-89
-78
-67
-55
-42
-29
-13
4
24
45
63
84
102
115
127
136
142
147
150
155
162
167
170
172
172
169
164
156
144
132
120
110
99
90
81
71
59
46
32
18
1
-20
-37
-50
-62
-72
-83
-90
-93
-98
-102
-108
-112
-112
-112
-110
-107
-98
-89
-79
-68
-57
-44
-33
-25
-16
-6
3
9
16
24
30
36
38
39
41
40
36
35
32
27
23
17
12
9
2
-4
-10
-14
-18
-23
-29
-33
-36
-39
-40
-42
-43
-43
-42
-40
-40
-38
-37
-36
-33
-30
-25
-20
-16
-11
-5
1
7
11
15
18
24
28
33
38
41
45
46
49
50
48
44
37
32
29
25
20
13
7
0
-6
-14
-24
-32
-40
-46
-52
-57
-57
-58
-55
-54
-53
-53
-50
-48
-46
-41
-33
-26
-18
-9
-1
9
17
22
26
29
32
36
41
45
50
53
58
63
65
66
65
64
62
60
58
59
61
64
64
66
66
64
61
57
52
47
43
36
34
32
30
26
21
14
7
-1
-12
-21
-30
-38
-46
-51
-56
-59
-64
-68
-72
-79
-84
-89
-93
-93
-91
-88
-83
-79
-75
-69
-64
-59
-58
-54
-48
-39
-30
-22
-13
-5
2
6
11
12
15
15
14
15
18
19
19
16
16
13
9
3
-2
-7
-9
-12
-13
-11
-10
-8
-6
-4
-3
-2
0
3
7
13
20
31
40
47
56
62
67
71
75
79
82
85
90
93
94
95
91
87
81
71
61
52
42
30
18
6
-7
-19
-34
-49
-64
-79
-91
-102
-110
-116
-121
-124
-125
-123
-122
-119
-115
-110
-101
-90
-75
-60
-45
-31
-16
-2
11
24
36
47
59
71
83
96
107
115
122
124
125
126
126
122
119
117
115
113
107
100
89
77
63
50
35
20
6
-6
-16
-26
-36
-47
-59
-72
-84
-96
-105
-113
-117
-120
-119
-118
-113
-108
-106
-102
-100
-96
-93
-86
-78
-69
-59
-46
-36
-25
-14
-9
-5
-1
1
6
10
13
20
25
30
34
35
35
33
29
26
20
16
15
15
15
15
14
14
12
9
5
1
-2
-1
-1
-1
3
6
10
12
16
19
20
22
22
23
26
29
33
39
43
46
47
46
45
45
44
41
38
37
36
36
35
33
29
25
18
13
7
2
-3
-8
-12
-13
-15
-17
-19
-21
-25
-30
-33
-35
-36
-36
-34
-33
-29
-27
-24
-22
-22
-21
-20
-20
-17
-16
-13
-10
-8
-4
-1
-2
0
-1
-2
-3
-4
-3
-4
-2
1
3
4
4
4
3
3
3
2
1
0
-1
1
2
0
1
-1
-3
-5
-5
-7
-10
-14
-16
-17
-17
-18
-20
-21
-21
-24
-23
-24
-24
-23
-23
-21
-18
-13
-8
-6
-2
4
8
13
18
23
28
35
40
46
52
56
61
64
66
68
69
69
69
69
68
65
62
58
54
49
43
38
33
26
19
14
9
4
-2
-7
-11
-15
-19
-23
-25
-27
-29
-29
-30
-28
-26
-26
-25
-24
-22
-21
-20
-18
-16
-14
-13
-12
-11
-10
-10
-11
-12
-13
-15
-19
-21
-23
-25
-29
-32
-36
-38
-41
-43
-47
-51
-52
-54
-53
-53
-53
-53
-51
-49
-46
-41
-37
-32
-26
-20
-14
-7
0
6
13
20
26
33
39
43
46
48
50
51
53
54
53
52
51
47
44
41
35
29
25
20
13
8
3
-2
-7
-11
-14
-19
-24
-28
-32
-36
-37
-38
-39
-37
-38
-36
-34
-29
-27
-25
-21
-17
-11
-4
3
9
16
23
32
39
46
52
58
63
67
72
76
79
81
84
85
86
85
83
79
74
70
65
60
53
48
41
34
28
21
12
5
-3
-10
-16
-21
-25
-30
-34
-36
-38
-40
-40
-41
-42
-42
-39
-36
-34
-31
-27
-22
-19
-17
-15
-13
-11
-10
-10
-10
-11
-14
-16
-19
-23
-27
-34
-39
-44
-52
-57
-63
-67
-71
-77
-81
-83
-85
-86
-87
-85
-83
-76
-70
-63
-56
-47
-41
-33
-24
-16
-7
2
11
20
29
36
43
49
54
57
59
59
61
60
59
58
55
53
49
42
38
31
23
18
11
4
-1
-6
-10
-14
-17
-20
-24
-27
-30
-31
-32
-34
-32
-31
-27
-25
-23
-20
-18
-16
-15
-12
-9
-6
-4
2
5
8
13
17
19
21
25
28
30
34
35
39
42
44
47
49
50
51
50
50
50
50
49
49
48
49
48
47
44
41
37
33
29
25
22
18
16
12
10
8
6
1
-3
-7
-12
-17
-20
-22
-25
-27
-29
-31
-34
-37
-41
-45
-48
-52
-54
-56
-57
-55
-54
-54
-54
-53
-52
-52
-50
-48
-46
-43
-38
-33
-30
-26
-21
-18
-15
-12
-10
-9
-7
-7
-6
-7
-6
-6
-8
-10
-12
-16
-19
-23
-26
-29
-29
-31
-31
-31
-31
-32
-32
-30
-28
-26
-22
-17
-12
-4
3
10
19
28
36
43
51
57
65
72
79
85
90
94
98
100
101
98
96
94
91
86
80
74
68
61
52
44
35
24
14
4
-7
-15
-25
-32
-38
-44
-51
-56
-61
-64
-67
-69
-71
-71
-70
-66
-62
-58
-52
-47
-42
-38
-32
-28
-22
-16
-10
-5
1
7
13
18
22
26
27
26
27
26
26
26
27
27
27
27
25
22
19
14
9
5
1
-1
-5
-7
-9
-11
-14
-21
-25
-29
-33
-37
-39
-41
-42
-40
-42
-42
-43
-44
-45
-47
-48
-49
-47
-45
-43
-38
-36
-33
-30
-30
-29
-29
-30
-29
-28
-27
-24
-20
-19
-17
-16
-15
-15
-16
-16
-16
-16
-13
-9
-4
0
5
10
14
18
22
27
32
39
45
53
61
70
77
82
85
89
91
93
94
94
96
96
97
96
94
90
85
80
72
64
57
51
46
40
34
30
24
20
14
9
3
-2
-6
-10
-13
-15
-16
-18
-19
-21
-23
-25
-28
-31
-32
-35
-36
-37
-38
-37
-35
-36
-34
-36
-36
-35
-36
-34
-31
-30
-25
-20
-18
-13
-9
-5
-3
1
4
6
9
12
14
16
20
20
21
21
18
18
16
14
13
10
7
5
1
-1
-5
-8
-14
-18
-23
-28
-31
-35
-37
-41
-44
-47
-50
-52
-55
-57
-59
-58
-58
-58
-55
-54
-52
-48
-46
-43
-40
-37
-34
-29
-25
-20
-14
-9
-3
3
8
12
16
20
23
25
28
31
33
36
38
40
41
42
42
42
44
44
43
44
43
45
47
46
48
48
48
49
48
47
47
47
46
46
44
44
43
40
39
34
32
28
25
21
17
14
10
6
4
0
-5
-8
-12
-15
-19
-23
-27
-28
-29
-31
-32
-34
-34
-36
-36
-36
-38
-38
-38
-38
-37
-36
-32
-30
-29
-26
-26
-23
-22
-20
-17
-13
-11
-6
-2
1
6
11
12
16
19
21
24
27
30
34
37
40
43
43
45
46
46
46
45
44
43
44
40
38
36
34
29
23
16
9
3
-2
-7
-14
-19
-25
-31
-38
-43
-48
-53
-58
-62
-63
-63
-65
-64
-61
-60
-58
-54
-51
-48
-43
-38
-32
-27
-20
-14
-6
-1
4
9
12
13
14
16
15
16
18
16
17
16
14
12
9
7
4
3
1
1
0
1
3
4
6
8
10
13
16
21
26
30
36
41
48
52
58
61
63
66
66
66
66
65
65
63
59
55
51
45
36
28
19
9
0
-9
-18
-26
-34
-41
-49
-56
-65
-72
-77
-83
-86
-88
-88
-86
-88
-84
-82
-79
-74
-71
-67
-61
-56
-49
-41
-33
-25
-18
-10
-4
1
6
12
15
20
24
27
33
35
39
42
44
45
45
45
44
44
43
44
43
44
44
43
43
42
39
37
32
30
27
24
23
21
19
18
17
14
12
7
3
-2
-4
-7
-8
-7
-8
-9
-8
-9
-10
-11
-14
-15
-17
-17
-15
-15
-14
-12
-12
-11
-11
-13
-14
-17
-18
-19
-20
-21
-20
-20
-20
-21
-22
-24
-26
-27
-28
-28
-26
-25
-24
-21
-18
-14
-12
-7
-3
0
4
8
14
19
26
33
39
45
51
55
59
61
62
64
65
65
66
67
65
65
61
56
49
42
33
24
16
7
-1
-10
-20
-29
-39
-49
-59
-68
-77
-85
-93
-98
-102
-106
-107
-108
-107
-107
-107
-105
-100
-96
-90
-83
-75
-66
-55
-46
-35
-24
-13
-3
6
17
27
37
47
57
66
74
82
88
94
98
101
103
104
104
105
104
102
100
98
95
90
85
77
72
64
57
50
42
36
29
22
16
10
4
-3
-8
-13
-18
-22
-24
-26
-27
-27
-28
-28
-26
-26
-25
-23
-22
-19
-18
-15
-13
-11
-8
-7
-5
-6
-4
-5
-6
-6
-8
-8
-7
-9
-11
-11
-14
-16
-18
-21
-24
-27
-28
-30
-30
-31
-30
-30
-29
-27
-26
-24
-22
-20
-17
-13
-8
-4
2
8
12
15
19
23
25
29
33
35
38
40
42
42
42
41
39
37
33
30
27
23
19
14
9
4
0
-7
-14
-20
-27
-33
-40
-45
-50
-54
-56
-59
-61
-63
-66
-67
-67
-67
-65
-63
-60
-56
-50
-45
-40
-33
-27
-21
-15
-9
-3
5
12
18
24
29
34
39
43
46
51
53
56
59
60
61
61
61
59
58
55
52
50
48
46
42
39
36
31
27
22
18
15
11
7
5
2
-2
-4
-7
-9
-10
