SAMPLES:	13453
BITSPERSAMPLE:	16
CHANNELS:	1
SAMPLERATE:	16000
NORMALIZED:	FALSE
26
28
32
36
38
39
38
39
38
38
34
31
28
24
21
17
11
7
4
0
-4
-8
-10
-13
-15
-15
-17
-17
-19
-20
-21
-22
-23
-25
-25
-26
-27
-28
-29
-29
-29
-31
-30
-30
-30
-30
-30
-30
-31
-27
-26
-26
-24
-22
-19
-15
-13
-9
-5
0
4
7
11
13
16
18
17
18
19
19
18
17
16
15
15
13
10
9
9
5
4
3
3
4
5
8
10
14
17
21
24
27
30
32
35
36
38
40
41
42
42
41
40
38
36
33
30
27
23
19
15
10
6
2
-1
-3
-5
-8
-10
-11
-12
-14
-14
-15
-16
-17
-18
-19
-21
-22
-23
-23
-23
-24
-23
-24
-23
-22
-21
-20
-20
-18
-17
-15
-15
-13
-9
-6
-2
1
4
8
12
15
17
20
22
23
27
28
30
32
32
33
33
32
32
32
33
33
32
32
34
33
30
29
28
27
25
23
22
19
17
13
10
8
5
2
-1
-3
-5
-5
-6
-6
-7
-7
-8
-8
-8
-7
-6
-5
-4
-5
-3
-3
-4
-5
-7
-7
-9
-11
-12
-15
-19
-24
-28
-31
-36
-39
-41
-44
-46
-46
-47
-46
-43
-40
-38
-32
-26
-20
-14
-7
-2
5
12
17
22
28
33
36
40
41
43
45
44
43
41
39
36
33
30
26
23
20
17
15
11
10
9
6
5
4
3
3
5
3
4
5
5
5
4
2
0
-2
-5
-8
-12
-13
-15
-16
-18
-20
-20
-21
-20
-19
-17
-15
-12
-9
-5
-3
2
4
6
8
10
11
10
10
12
11
11
13
13
12
12
10
7
4
0
-3
-5
-8
-10
-11
-10
-8
-7
-6
-5
-3
-2
0
2
3
3
4
5
5
5
3
1
-1
-2
-5
-8
-10
-13
-15
-18
-21
-22
-25
-26
-25
-27
-28
-30
-29
-29
-28
-25
-22
-19
-17
-13
-10
-6
-2
0
3
5
8
11
13
14
17
18
20
19
19
21
20
21
22
25
27
28
29
29
30
30
29
27
25
22
20
18
17
16
13
11
9
7
4
1
-2
-4
-7
-8
-11
-12
-14
-15
-17
-19
-20
-21
-21
-21
-19
-18
-14
-12
-10
-5
-2
0
4
7
9
11
12
13
14
13
13
12
11
7
4
0
-5
-8
-13
-18
-22
-25
-30
-34
-39
-45
-50
-53
-57
-59
-59
-57
-57
-54
-51
-47
-44
-40
-36
-32
-30
-26
-23
-21
-20
-21
-21
-24
-27
-30
-32
-34
-37
-40
-42
-43
-43
-42
-40
-38
-34
-29
-25
-19
-15
-9
-3
3
10
18
25
31
38
43
46
49
50
49
49
48
45
42
36
30
22
14
8
0
-6
-12
-17
-20
-23
-25
-26
-24
-23
-22
-18
-15
-11
-8
-6
-4
-2
1
3
6
8
10
12
13
13
13
15
15
17
17
16
18
18
18
16
16
15
13
14
15
14
16
16
16
16
18
19
21
23
26
28
29
31
32
35
38
42
47
53
57
59
61
60
58
57
54
51
50
48
47
41
36
29
21
15
8
5
1
0
0
-2
-1
-1
-2
1
4
10
17
21
26
30
32
34
37
39
44
47
49
48
46
42
38
33
30
28
26
24
21
18
13
8
1
0
-2
-2
-1
-1
1
0
0
-1
-1
2
6
9
13
14
13
13
10
7
7
7
6
4
1
-5
-12
-20
-28
-34
-38
-39
-41
-43
-45
-49
-53
-57
-59
-58
-57
-52
-49
-46
-45
-46
-46
-44
-43
-41
-38
-36
-34
-34
-35
-36
-37
-37
-34
-31
-27
-23
-22
-21
-23
-22
-22
-19
-14
-9
-5
-3
-3
-4
-6
-9
-11
-12
-13
-13
-15
-18
-20
-24
-28
-29
-30
-31
-29
-30
-29
-29
-27
-26
-23
-19
-13
-7
-2
2
5
6
5
7
7
8
10
11
11
11
10
10
11
14
15
17
20
23
27
30
35
40
43
45
47
47
48
47
45
41
38
34
30
26
21
15
8
2
-4
-6
-8
-10
-9
-10
-11
-11
-10
-8
-2
1
3
8
8
8
9
7
6
7
6
3
2
-3
-6
-8
-10
-12
-10
-9
-7
0
5
7
12
16
18
25
29
35
40
43
41
39
35
30
27
22
17
12
7
-1
-5
-11
-18
-20
-23
-26
-25
-26
-28
-27
-29
-31
-29
-30
-30
-27
-27
-27
-28
-32
-38
-39
-43
-43
-41
-41
-42
-40
-41
-41
-37
-34
-30
-23
-14
-8
0
7
11
17
21
23
28
32
34
37
37
33
29
26
20
18
17
14
13
11
6
4
2
-3
-2
0
0
4
5
5
7
5
4
5
5
7
10
12
13
14
14
12
13
13
13
16
20
21
23
22
22
23
25
27
29
31
29
27
23
17
11
8
4
-1
-3
-6
-11
-17
-26
-31
-37
-41
-42
-42
-40
-37
-34
-35
-33
-30
-27
-23
-18
-14
-12
-10
-9
-9
-7
-7
-5
-5
-5
-6
-9
-9
-12
-10
-10
-5
1
6
11
11
11
10
8
7
6
10
13
17
18
18
14
8
5
0
0
-1
0
0
-1
0
-3
-1
2
6
10
13
19
21
25
26
29
29
31
34
36
40
41
39
36
30
25
19
16
14
13
13
9
5
-2
-7
-11
-13
-12
-10
-4
0
5
7
8
10
8
8
7
8
7
5
3
-2
-6
-14
-17
-20
-22
-21
-22
-20
-20
-18
-14
-9
-2
5
13
21
29
35
38
41
39
38
35
31
26
19
13
4
-5
-17
-28
-38
-47
-53
-56
-60
-61
-60
-60
-59
-58
-55
-51
-48
-43
-39
-33
-26
-23
-18
-16
-15
-15
-15
-12
-11
-10
-5
-3
3
7
12
17
22
29
33
38
45
51
57
61
61
60
54
50
43
37
33
26
23
20
15
12
5
0
-4
-7
-7
-7
-4
-5
-5
-7
-12
-16
-21
-25
-26
-28
-25
-23
-23
-23
-27
-32
-35
-39
-37
-35
-29
-24
-21
-16
-13
-10
-7
-4
4
10
19
28
35
39
40
38
34
30
25
21
18
17
13
11
7
4
0
-4
-4
-5
-2
4
7
9
9
9
9
6
7
7
10
13
16
19
21
21
17
11
7
1
-3
-5
-10
-14
-19
-25
-30
-34
-36
-35
-31
-26
-20
-12
-4
1
4
5
7
6
5
5
2
-1
-4
-10
-12
-17
-19
-20
-21
-20
-17
-15
-15
-12
-13
-11
-8
-6
-1
3
9
14
19
23
30
35
41
48
54
58
60
61
60
58
56
52
49
44
40
35
26
19
11
3
-2
-8
-13
-16
-18
-20
-24
-25
-26
-25
-22
-20
-14
-11
-7
-5
-4
-2
-1
4
8
13
19
24
28
32
34
37
40
44
49
52
54
52
49
46
39
36
31
28
26
22
16
9
-1
-10
-20
-27
-32
-35
-36
-38
-39
-42
-45
-48
-49
-46
-42
-37
-30
-26
-23
-26
-30
-35
-38
-40
-37
-31
-25
-18
-13
-13
-12
-10
-7
-3
3
11
16
20
22
17
14
8
3
0
1
4
9
12
13
8
3
-3
-10
-14
-15
-16
-18
-20
-24
-30
-35
-40
-41
-38
-34
-26
-18
-11
-6
-4
-4
-3
-2
0
3
9
13
14
15
12
7
4
0
-3
-4
-6
-9
-12
-16
-20
-23
-24
-24
-24
-22
-19
-12
-6
-2
5
8
11
11
9
7
4
0
-5
-9
-11
-13
-14
-10
-8
-4
0
7
16
24
32
40
45
49
48
45
43
38
35
34
33
32
29
27
24
21
19
16
15
15
12
8
3
-4
-12
-19
-27
-32
-35
-35
-35
-30
-25
-24
-22
-24
-27
-30
-34
-36
-38
-39
-39
-42
-40
-40
-38
-31
-25
-16
-6
5
17
26
34
39
40
39
36
33
31
29
29
29
31
34
32
31
26
24
22
17
14
8
0
-8
-19
-30
-41
-51
-58
-63
-62
-57
-53
-45
-38
-35
-32
-31
-31
-30
-29
-26
-25
-23
-25
-29
-32
-36
-38
-34
-29
-19
-9
1
7
9
10
8
2
0
-3
-3
-1
0
1
-3
-7
-14
-19
-19
-17
-10
-2
3
7
5
-2
-7
-13
-17
-16
-17
-12
-8
-7
-5
-8
-7
-6
-3
4
12
22
28
31
29
25
25
22
21
25
29
33
36
33
28
23
19
16
16
18
19
16
9
-3
-14
-26
-38
-46
-51
-50
-52
-53
-57
-64
-68
-71
-72
-68
-60
-54
-47
-46
-48
-51
-54
-59
-59
-55
-50
-41
-36
-31
-28
-26
-25
-21
-15
-6
4
10
15
15
11
3
-4
-10
-12
-12
-13
-10
-10
-14
-18
-24
-29
-28
-27
-22
-15
-8
-4
-2
-5
-10
-11
-10
-8
-3
2
6
9
7
6
4
4
8
12
18
26
31
33
34
32
32
32
31
34
36
39
40
36
30
26
23
20
23
26
32
37
38
36
36
31
27
25
23
21
19
13
6
-2
-12
-21
-26
-27
-23
-19
-14
-8
-6
-3
-1
0
5
10
16
21
22
22
18
13
8
7
9
16
27
37
44
49
52
49
47
45
46
51
53
55
53
46
36
24
18
16
23
34
49
64
73
77
76
70
63
61
61
64
69
69
64
51
34
19
7
3
7
19
31
37
36
30
18
4
-9
-16
-19
-19
-18
-22
-29
-39
-50
-61
-66
-63
-53
-41
-29
-22
-22
-24
-32
-39
-43
-40
-36
-29
-23
-18
-14
-12
-11
-7
-1
8
17
22
27
28
24
17
7
-2
-7
-13
-16
-19
-20
-20
-18
-16
-13
-7
-3
-1
-1
0
1
-1
-3
-4
-6
-10
-14
-19
-23
-27
-29
-28
-27
-24
-22
-22
-26
-29
-35
-40
-41
-39
-32
-25
-16
-10
-5
-2
2
5
10
21
31
40
43
40
30
18
5
-5
-7
-4
3
12
18
21
21
19
18
21
28
35
44
48
46
36
19
2
-12
-20
-20
-15
-8
-1
-2
-6
-13
-21
-25
-23
-16
-7
-2
0
-3
-10
-19
-26
-26
-17
-5
8
20
27
28
23
20
18
16
17
20
22
18
7
-4
-14
-23
-25
-21
-9
6
18
28
35
38
38
38
41
46
49
50
48
40
30
17
7
0
-1
1
6
14
18
17
14
13
10
11
17
26
35
41
40
33
20
1
-16
-26
-32
-33
-31
-26
-24
-24
-28
-32
-33
-28
-20
-7
9
20
23
21
14
3
-2
-2
6
21
35
46
51
46
32
17
5
-3
-4
0
2
1
-9
-25
-43
-54
-53
-46
-24
2
25
39
42
35
26
18
11
10
15
13
0
-22
-50
-82
-109
-123
-120
-104
-77
-52
-35
-25
-28
-37
-45
-45
-40
-23
-6
2
-1
-16
-37
-53
-57
-49
-23
11
40
60
68
65
50
33
25
26
38
53
62
66
57
34
10
-5
-11
-8
6
27
44
51
43
22
-3
-24
-36
-27
-6
15
23
20
1
-22
-36
-35
-21
2
24
35
35
20
-1
-23
-36
-39
-35
-17
-2
2
-10
-29
-43
-49
-41
-22
6
30
37
32
24
10
-5
-18
-20
-9
4
12
12
4
-17
-38
-44
-31
-3
31
56
72
76
69
63
63
62
59
56
52
44
32
20
8
-3
-18
-27
-24
-14
-8
-3
5
14
17
19
21
21
15
4
-3
1
6
2
-9
-19
-33
-52
-63
-66
-65
-68
-74
-75
-70
-65
-66
-67
-65
-66
-62
-45
-24
-12
-5
-5
-7
-7
-4
4
14
19
15
11
15
21
18
16
16
14
11
6
3
-2
-13
-30
-37
-32
-28
-29
-30
-29
-33
-33
-23
-3
19
28
28
31
26
10
-7
-25
-41
-54
-60
-54
-44
-37
-34
-33
-29
-30
-24
-11
-4
-2
1
9
16
21
26
36
43
42
38
46
47
35
25
25
27
25
21
23
25
13
-8
-14
-3
3
7
24
37
32
14
-5
-16
-15
-8
3
27
44
36
25
19
5
-4
2
6
8
15
6
-15
-29
-39
-45
-35
-22
-20
-14
-13
-33
-39
-16
7
23
46
62
60
54
37
20
21
15
-6
-3
16
17
15
22
20
13
14
10
16
31
26
4
-3
-9
-29
-38
-35
-37
-32
-20
-16
-6
8
1
-12
-9
-4
-4
-4
-11
-26
-30
-32
-42
-36
-25
-41
-63
-67
-63
-50
-31
-22
-18
-11
-17
-19
14
55
81
103
117
109
95
81
61
68
101
127
141
136
101
47
-1
-39
-42
1
50
75
82
69
31
-16
-59
-88
-76
-36
1
47
95
86
19
-65
-140
-179
-165
-115
-44
29
44
-5
-65
-115
-155
-166
-135
-79
-18
13
-5
-53
-101
-133
-143
-112
-37
30
49
28
-1
-25
-55
-89
-101
-85
-72
-67
-45
2
27
-5
-60
-92
-98
-78
-29
39
102
121
93
57
31
5
-14
-22
-15
24
67
97
123
107
49
-1
-25
-16
44
104
112
85
41
-17
-46
-46
-51
-46
-14
17
63
150
217
220
198
147
59
9
30
73
123
140
90
18
-38
-85
-82
0
89
130
157
182
162
96
18
-46
-70
-52
-43
-53
-43
-65
-162
-246
-259
-230
-175
-125
-92
-39
4
-23
-63
-56
-67
-119
-145
-113
-38
36
56
41
38
-4
-113
-177
-142
-81
-18
43
79
113
146
116
73
84
60
-2
30
122
148
117
39
-90
-150
-114
-84
-23
89
104
25
-5
-16
-45
-13
35
41
87
128
30
-90
-114
-145
-196
-164
-89
-40
8
11
-41
-40
-4
-27
-26
59
81
19
18
48
19
-24
-61
-107
-98
-21
35
85
135
106
40
46
89
101
86
18
-82
-114
-99
-103
-74
0
39
66
124
177
211
219
154
64
38
31
1
24
83
85
59
45
6
-17
21
41
22
23
37
56
77
70
45
58
71
74
127
172
102
-51
-195
-247
-145
-1
13
-38
-75
-154
-219
-134
40
165
208
116
-103
-275
-324
-367
-371
-216
-36
11
-2
-35
-155
-291
-353
-363
-229
89
323
317
241
164
7
-98
-64
-25
12
94
117
92
142
130
-45
-178
-162
-89
33
190
258
242
193
74
-10
72
167
113
50
81
124
171
214
173
70
-39
-196
-266
-98
86
52
-69
-158
-285
-365
-311
-197
-45
107
117
65
153
232
105
-76
-198
-327
-387
-296
-177
-92
-50
-151
-305
-279
-121
-40
39
181
254
248
267
275
213
138
37
-66
-47
63
107
90
73
-25
-155
-173
-100
17
167
259
228
193
201
192
169
167
179
198
222
197
157
161
140
35
-38
-15
-14
-62
-56
4
58
85
77
29
-7
-24
-63
-76
-9
63
50
17
-5
-61
-125
-127
-110
-124
-120
-100
-109
-133
-157
-233
-333
-378
-389
-393
-323
-200
-137
-101
-12
40
32
56
61
-4
-26
18
3
-13
24
-11
-130
-187
-195
-206
-155
-76
-47
33
174
205
182
238
250
150
95
94
59
46
62
46
88
158
104
-7
-18
-17
-48
4
88
118
153
186
144
122
162
127
37
37
101
138
162
147
29
-98
-179
-249
-253
-124
13
53
69
89
80
77
125
158
152
141
113
54
-4
-60
-150
-206
-178
-137
-104
-24
39
-14
-100
-127
-117
-98
-53
26
115
210
245
182
101
25
-100
-231
-271
-251
-203
-158
-161
-166
-129
-104
-117
-104
-50
3
27
39
48
46
22
-49
-151
-199
-200
-204
-153
-53
-17
-37
-48
-66
-65
14
114
175
237
292
257
160
96
12
-99
-143
-139
-126
-45
57
74
70
68
9
-37
17
116
176
221
244
207
133
58
-20
-88
-70
-20
13
61
90
56
-15
-67
-103
-81
2
87
146
188
215
160
78
41
7
-33
-38
-25
-50
-86
-152
-214
-201
-152
-98
-34
48
100
126
144
124
78
24
-3
-22
-27
-24
-31
-24
-33
-45
-55
-70
-100
-122
-112
-93
-19
73
147
193
202
181
150
136
105
66
5
-70
-128
-159
-142
-111
-93
-108
-113
-95
-81
-61
-55
-62
-76
-56
-19
22
79
69
-13
-87
-100
-112
-99
-46
-47
-84
-95
-88
-95
-67
-41
-71
-49
23
59
86
160
168
99
83
84
98
164
212
142
78
96
63
26
74
115
80
63
70
42
71
112
87
71
129
150
112
137
153
134
128
127
83
60
63
-8
-74
-77
-75
-88
-67
-27
-18
9
14
-6
-12
-24
-71
-107
-98
-119
-141
-126
-109
-98
-56
10
40
53
61
59
67
61
6
-70
-109
-140
-164
-138
-80
-36
-39
-58
-59
-17
28
36
22
15
10
-14
-41
-66
-105
-160
-200
-181
-100
-16
17
25
20
-1
-13
-4
-13
-43
-64
-87
-109
-105
-88
-102
-129
-138
-134
-106
-53
-14
6
40
54
42
60
88
77
36
15
7
13
29
45
49
41
34
32
65
128
183
211
224
218
192
175
158
122
79
41
16
15
52
84
89
78
80
87
102
124
136
150
163
166
159
155
117
48
-29
-96
-128
-128
-115
-97
-66
-34
-5
16
16
23
45
68
80
81
73
26
-48
-116
-153
-185
-199
-204
-192
-150
-107
-90
-94
-97
-118
-130
-112
-79
-53
-49
-64
-95
-109
-123
-162
-205
-228
-242
-250
-222
-188
-159
-137
-140
-159
-160
-136
-132
-139
-149
-167
-198
-223
-243
-274
-279
-253
-220
-166
-76
5
52
109
153
157
148
156
150
127
138
155
153
139
115
56
35
86
131
173
250
316
318
311
315
312
315
324
299
255
256
260
224
203
199
154
106
110
114
122
167
197
177
159
162
138
120
129
127
117
143
149
111
84
64
30
7
8
7
4
-5
-54
-116
-147
-138
-134
-145
-148
-145
-148
-167
-183
-204
-225
-255
-293
-320
-327
-333
-365
-398
-409
-403
-393
-389
-396
-431
-497
-580
-622
-628
-626
-610
-594
-602
-604
-576
-563
-541
-501
-493
-503
-455
-404
-389
-338
-291
-314
-345
-316
-302
-259
-143
-65
-35
39
123
152
245
390
477
562
666
726
740
789
792
743
763
825
860
898
985
1017
995
975
943
916
935
976
977
989
995
957
912
876
837
780
744
716
701
683
644
588
525
466
402
349
302
281
283
269
227
179
132
56
-12
-72
-133
-181
-216
-255
-293
-309
-358
-430
-502
-556
-607
-649
-667
-690
-717
-775
-843
-896
-923
-956
-1002
-1016
-1008
-971
-949
-959
-995
-1034
-1089
-1148
-1140
-1115
-1103
-1121
-1155
-1180
-1126
-1050
-1060
-1071
-1046
-1001
-955
-859
-796
-759
-678
-662
-680
-636
-518
-477
-403
-250
-71
306
882
1424
1752
2030
2119
1978
1841
1739
1575
1418
1373
1180
982
992
988
828
737
769
726
850
1138
1337
1466
1641
1664
1472
1386
1310
1108
888
738
514
261
119
-64
-285
-430
-500
-601
-608
-482
-390
-317
-215
-148
-168
-144
-117
-163
-187
-195
-232
-187
-43
-60
-174
-208
-262
-283
-79
108
91
140
190
98
157
379
386
313
398
401
359
515
640
512
422
430
310
244
355
354
171
70
-23
-228
-354
-388
-520
-700
-758
-817
-936
-973
-934
-989
-1071
-1040
-1058
-1152
-1182
-1216
-1356
-1449
-1457
-1547
-1665
-1723
-1775
-1830
-1819
-1752
-1689
-1577
-1411
-1244
-1099
-959
-825
-719
-624
-587
-578
-557
-530
-489
-467
-440
-402
-337
-271
-30
571
1339
1986
2365
2579
2630
2553
2401
2215
2028
1807
1579
1304
1157
1133
1018
737
481
424
460
633
903
1183
1367
1446
1409
1250
1147
1041
841
561
359
216
44
-121
-303
-486
-681
-797
-851
-839
-701
-513
-386
-320
-201
-123
-134
-152
-157
-165
-140
-84
-71
-69
-56
-108
-217
-268
-181
46
264
372
421
489
554
654
765
778
817
878
858
798
825
771
561
395
273
196
190
253
239
198
224
210
173
146
111
-47
-190
-271
-367
-438
-511
-628
-812
-955
-1077
-1161
-1191
-1214
-1246
-1312
-1341
-1351
-1352
-1359
-1377
-1400
-1416
-1388
-1354
-1340
-1403
-1516
-1579
-1570
-1484
-1354
-1262
-1218
-1160
-1081
-982
-818
-671
-589
-566
-603
-577
-493
-485
-544
-540
-550
-547
-416
-263
100
957
1998
2616
2858
2918
2678
2335
2120
1917
1639
1504
1321
957
829
937
776
333
110
114
303
744
1235
1530
1687
1753
1584
1376
1323
1282
1059
805
647
473
275
30
-287
-623
-843
-969
-960
-754
-498
-295
-188
-125
-80
-14
15
10
27
27
13
-31
-48
-76
-166
-338
-523
-618
-601
-473
-326
-157
-20
102
246
406
603
820
957
912
880
911
957
1004
1043
1001
849
700
498
289
166
141
68
1
90
197
254
298
325
243
166
138
88
72
105
77
-105
-288
-436
-621
-816
-962
-1096
-1206
-1201
-1175
-1159
-1159
-1182
-1262
-1336
-1341
-1325
-1359
-1444
-1473
-1508
-1572
-1653
-1720
-1729
-1688
-1638
-1544
-1372
-1246
-1131
-981
-822
-679
-577
-539
-533
-497
-526
-623
-739
-796
-902
-1022
-956
-760
-572
-386
75
985
2177
3025
3367
3455
3233
2813
2442
2126
1806
1639
1351
850
607
652
513
114
-77
-33
160
607
1234
1695
1971
2161
2003
1689
1551
1465
1166
817
561
307
35
-273
-550
-851
-1095
-1196
-1147
-940
-577
-205
-9
133
218
257
245
191
158
154
119
41
-4
-140
-333
-545
-739
-853
-836
-700
-494
-256
-38
220
429
588
806
1134
1393
1427
1341
1233
1112
1032
1100
1062
821
594
338
-13
-109
68
61
-16
95
214
247
420
573
460
310
267
197
98
154
148
-108
-382
-583
-860
-1134
-1242
-1340
-1448
-1431
-1356
-1343
-1301
-1213
-1204
-1261
-1267
-1319
-1501
-1581
-1537
-1569
-1585
-1534
-1661
-1848
-1804
-1731
-1683
-1456
-1246
-1229
-1167
-1015
-930
-799
-599
-521
-604
-656
-575
-460
-420
-463
-493
-495
-461
-374
-206
-63
58
521
1337
2144
2757
3193
3164
2785
2506
2246
1911
1690
1576
1218
849
768
713
443
247
244
187
355
868
1330
1566
1822
1883
1630
1437
1329
1167
947
767
526
284
40
-238
-522
-796
-973
-1077
-1020
-846
-605
-357
-145
-54
-9
112
121
82
101
127
78
70
32
-142
-314
-456
-559
-666
-663
-539
-401
-273
-78
136
240
408
586
717
952
1260
1397
1354
1311
1207
1143
1123
987
691
372
107
-128
-158
-29
81
99
140
177
202
364
459
380
281
264
187
127
112
-52
-336
-665
-968
-1225
-1327
-1308
-1295
-1370
-1431
-1420
-1431
-1421
-1437
-1500
-1560
-1560
-1544
-1480
-1416
-1425
-1491
-1657
-1796
-1823
-1804
-1795
-1647
-1466
-1338
-1212
-1123
-1024
-970
-957
-911
-751
-631
-544
-461
-538
-658
-725
-828
-1016
-1012
-792
-645
-560
-387
24
881
2176
3208
3566
3645
3540
3163
2774
2584
2348
2004
1603
1101
792
781
724
324
-78
-127
135
621
1232
1793
2085
2145
1985
1756
1681
1642
1421
1031
685
390
113
-201
-583
-960
-1260
-1439
-1466
-1240
-838
-493
-281
-117
21
128
242
302
275
239
205
112
-33
-198
-434
-753
-1052
-1211
-1247
-1179
-989
-761
-540
-293
-1
245
467
686
848
965
1087
1213
1217
1174
1169
1097
883
770
880
913
805
595
263
-64
-136
-91
-91
53
244
275
238
365
494
485
472
432
292
188
181
-5
-320
-571
-870
-1233
-1448
-1497
-1563
-1612
-1579
-1516
-1492
-1458
-1442
-1535
-1579
-1532
-1552
-1606
-1577
-1606
-1742
-1868
-1985
-2004
-1900
-1806
-1719
-1589
-1457
-1371
-1229
-968
-715
-678
-782
-812
-856
-850
-717
-582
-538
-587
-718
-797
-657
-470
-267
-162
-204
139
1240
2538
3283
3628
3671
3278
2747
2524
2376
2060
1887
1586
1009
794
1045
899
376
187
185
271
721
1393
1772
1921
2003
1804
1484
1438
1494
1168
737
530
314
44
-147
-389
-753
-1004
-1143
-1179
-964
-613
-375
-291
-223
-135
-48
-4
-48
-129
-176
-193
-251
-270
-261
-395
-652
-871
-975
-969
-837
-689
-539
-338
-115
74
209
346
455
500
484
519
614
697
724
666
567
462
386
363
477
626
726
898
1106
1146
1017
811
424
77
0
-1
-17
145
308
196
82
93
45
-80
-64
-31
-103
-92
-63
-262
-600
-859
-1198
-1571
-1697
-1664
-1645
-1628
-1568
-1553
-1539
-1456
-1398
-1431
-1487
-1480
-1554
-1628
-1602
-1640
-1830
-2067
-2237
-2315
-2153
-1841
-1526
-1241
-1030
-910
-989
-1018
-885
-724
-709
-693
-600
-568
-457
-386
-465
-684
-782
-765
-413
768
2365
3450
3701
3612
3226
2783
2649
2528
2201
1935
1781
1354
1118
1258
1148
542
0
-151
-50
519
1273
1729
1892
2009
1889
1625
1629
1623
1354
987
701
435
272
103
-312
-794
-1158
-1403
-1496
-1270
-913
-668
-484
-368
-349
-262
-92
-123
-247
-228
-202
-253
-238
-237
-428
-690
-894
-1089
-1166
-1005
-793
-681
-489
-230
-105
11
210
318
345
461
573
646
786
877
785
641
560
468
387
406
452
447
433
458
556
777
1045
1241
1319
1274
1168
985
682
417
290
166
51
31
-8
-112
-203
-339
-525
-629
-603
-544
-480
-389
-353
-469
-681
-901
-1136
-1304
-1360
-1391
-1402
-1357
-1326
-1394
-1511
-1611
-1721
-1894
-2048
-2070
-2001
-1886
-1791
-1827
-1959
-2038
-2111
-2108
-1854
-1526
-1316
-1149
-964
-829
-697
-626
-723
-883
-1005
-1039
-976
-818
-705
-682
-707
-572
169
1604
3012
3624
3682
3469
3046
2745
2658
2430
2100
1918
1523
1066
1098
1279
886
217
-112
-167
129
869
1578
1836
1971
2018
1722
1513
1649
1653
1289
974
758
518
338
97
-369
-892
-1233
-1443
-1430
-1153
-824
-627
-541
-494
-443
-319
-261
-318
-344
-308
-290
-260
-201
-293
-523
-744
-927
-1041
-988
-811
-686
-602
-459
-282
-163
-34
146
271
380
563
766
864
912
939
841
649
513
447
357
310
324
297
272
332
398
409
466
644
892
1073
1129
1109
1092
1154
1215
1086
772
386
-23
-390
-643
-756
-781
-858
-996
-1031
-934
-795
-635
-508
-433
-335
-221
-182
-244
-391
-632
-982
-1367
-1631
-1772
-1842
-1844
-1761
-1667
-1641
-1693
-1791
-1887
-1902
-1780
-1648
-1551
-1398
-1241
-1184
-1167
-1123
-1139
-1227
-1379
-1477
-1381
-1131
-895
-805
-796
-830
-902
-975
-925
-752
-549
-178
748
2192
3373
3767
3583
3053
2398
2019
1956
1904
1885
1829
1437
981
910
923
493
-65
-257
-115
340
1139
1844
2077
2068
1910
1519
1232
1282
1309
1063
818
685
512
259
-31
-463
-1009
-1367
-1468
-1374
-1056
-632
-399
-398
-453
-461
-402
-349
-334
-300
-247
-206
-153
-121
-217
-427
-700
-971
-1149
-1125
-919
-724
-583
-395
-182
-41
90
238
338
416
527
635
712
801
869
800
615
497
478
430
399
423
441
441
484
547
607
680
723
764
863
987
992
878
793
779
763
681
518
254
-51
-350
-614
-738
-721
-676
-678
-655
-565
-416
-286
-255
-316
-391
-424
-456
-511
-580
-718
-990
-1286
-1481
-1582
-1578
-1486
-1440
-1476
-1477
-1453
-1494
-1522
-1448
-1417
-1491
-1514
-1528
-1619
-1619
-1492
-1492
-1479
-1309
-1213
-1182
-979
-778
-797
-769
-700
-851
-1117
-1148
-1076
-1061
-926
-709
-224
966
2449
3180
3226
3112
2743
2342
2228
2202
2068
2057
1828
1216
850
868
587
-127
-543
-592
-373
261
997
1331
1486
1647
1426
1162
1304
1560
1523
1322
1154
968
798
514
40
-556
-977
-1218
-1368
-1261
-948
-690
-666
-738
-798
-681
-472
-335
-189
11
225
361
425
376
229
-19
-361
-668
-815
-726
-656
-690
-699
-661
-651
-583
-412
-236
24
307
497
622
793
952
986
929
854
811
770
760
742
681
608
479
308
187
240
390
526
588
586
559
556
655
801
905
922
781
463
144
-57
-195
-289
-361
-443
-466
-415
-362
-339
-328
-368
-480
-602
-596
-487
-448
-517
-660
-920
-1190
-1336
-1437
-1528
-1540
-1550
-1622
-1605
-1516
-1520
-1595
-1621
-1625
-1605
-1463
-1359
-1427
-1503
-1523
-1570
-1550
-1393
-1306
-1262
-1159
-1068
-1099
-1145
-1109
-1113
-1166
-1126
-1039
-1078
-1009
-760
-465
338
1757
2811
3052
3081
2926
2486
2329
2445
2331
2167
2153
1783
1253
1192
1172
563
-129
-408
-499
-210
538
1094
1253
1421
1447
1166
1083
1338
1468
1370
1278
1175
1034
953
748
252
-305
-719
-1074
-1258
-1158
-963
-830
-816
-922
-937
-761
-624
-562
-442
-296
-152
67
277
351
302
144
-178
-535
-656
-616
-660
-716
-680
-628
-553
-390
-265
-208
-112
11
111
269
599
911
1030
1040
1046
988
914
884
802
710
662
622
614
682
715
604
387
151
83
198
361
551
749
834
766
662
497
302
143
13
-112
-137
-36
17
-47
-155
-295
-528
-741
-834
-871
-868
-819
-836
-976
-1126
-1235
-1372
-1513
-1572
-1552
-1501
-1362
-1184
-1116
-1176
-1310
-1542
-1720
-1709
-1648
-1647
-1614
-1571
-1596
-1598
-1568
-1538
-1462
-1300
-1173
-1047
-836
-658
-593
-514
-452
-590
-775
-853
-938
-962
-797
-702
-783
-476
413
1389
2117
2636
2778
2544
2470
2613
2681
2758
2911
2638
2024
1707
1627
1341
862
383
-187
-589
-483
-148
62
260
465
380
246
428
783
1021
1147
1216
1186
1197
1264
1232
942
539
108
-372
-777
-965
-955
-962
-1073
-1224
-1284
-1260
-1180
-1024
-867
-702
-463
-172
48
239
459
571
484
323
257
204
178
193
142
-1
-107
-207
-362
-406
-323
-240
-202
-129
5
189
403
569
674
747
826
870
906
990
1087
1165
1169
1105
995
911
864
849
805
683
518
321
152
53
-2
-54
-105
-199
-327
-406
-454
-503
-553
-608
-665
-669
-615
-571
-566
-616
-717
-877
-1020
-1101
-1155
-1225
-1309
-1372
-1424
-1458
-1501
-1586
-1714
-1826
-1877
-1872
-1794
-1681
-1552
-1436
-1355
-1304
-1243
-1162
-1088
-949
-776
-620
-498
-400
-374
-409
-422
-456
-540
-583
-530
-528
-574
-504
-393
-366
-348
-279
-284
-241
103
635
1109
1521
1909
2066
2060
2127
2211
2203
2241
2317
2207
2039
1998
1977
1830
1619
1402
1079
722
465
313
181
106
79
-21
-149
-204
-154
-97
-39
28
77
78
92
193
309
412
516
569
502
371
275
171
42
-60
-115
-181
-228
-209
-204
-241
-282
-328
-442
-559
-598
-583
-567
-545
-504
-462
-424
-392
-378
-365
-343
-294
-207
-105
21
185
310
339
359
378
339
280
256
246
251
298
342
333
304
286
252
196
181
169
118
52
7
-40
-82
-108
-155
-210
-258
-264
-258
-257
-260
-268
-277
-268
-237
-214
-172
-139
-137
-152
-192
-237
-271
-303
-342
-350
-363
-386
-388
-380
-373
-350
-305
-276
-252
-232
-222
-242
-271
-301
-372
-455
-526
-595
-647
-657
-678
-722
-747
-767
-787
-800
-808
-820
-812
-771
-733
-710
-691
-683
-701
-698
-668
-629
-570
-532
-521
-495
-444
-397
-322
-216
-106
22
156
275
375
451
486
496
490
471
456
437
412
386
350
316
318
352
373
399
467
568
677
794
900
971
1018
1051
1073
1103
1136
1160
1171
1156
1112
1066
1029
987
953
923
906
928
946
904
815
709
585
462
373
317
272
220
162
75
-33
-133
-239
-357
-449
-508
-566
-589
-588
-611
-660
-732
-836
-924
-939
-913
-875
-835
-810
-801
-797
-799
-823
-819
-785
-755
-713
-640
-571
-496
-383
-292
-226
-143
-59
-11
60
171
266
335
397
428
420
421
439
444
453
491
516
517
530
527
476
416
366
315
284
310
371
409
402
383
333
260
206
148
57
-7
-57
-127
-184
-230
-289
-373
-482
-578
-661
-732
-766
-786
-799
-781
-757
-755
-731
-720
-738
-779
-828
-856
-866
-875
-856
-824
-812
-784
-749
-717
-658
-607
-557
-492
-433
-361
-257
-133
4
128
184
224
286
354
415
490
562
589
568
523
450
356
282
232
176
133
116
114
115
132
163
185
216
248
275
297
327
349
363
371
380
380
356
325
308
288
282
294
303
311
328
345
359
343
316
312
325
366
440
516
569
607
606
579
535
479
408
326
263
234
196
135
67
-12
-85
-129
-172
-217
-235
-229
-217
-201
-158
-110
-95
-100
-101
-122
-147
-154
-160
-168
-149
-137
-171
-221
-258
-297
-338
-353
-348
-344
-336
-318
-314
-316
-302
-286
-278
-248
-188
-112
-26
60
108
135
163
174
183
201
211
233
266
276
271
249
189
109
30
-40
-91
-129
-143
-148
-156
-149
-123
-106
-89
-77
-70
-48
-31
-15
11
17
10
6
-25
-63
-99
-181
-273
-340
-405
-459
-499
-525
-542
-556
-573
-581
-598
-587
-542
-490
-415
-309
-185
-34
109
213
279
294
271
235
180
132
102
54
-2
-42
-67
-103
-145
-179
-187
-176
-108
4
101
178
230
249
241
227
221
238
273
313
354
373
376
358
300
225
158
108
70
42
37
54
56
48
40
29
28
43
64
90
110
119
114
81
29
-18
-63
-107
-150
-183
-191
-181
-154
-116
-94
-70
-11
54
106
162
225
265
292
321
340
323
295
267
207
146
118
108
106
138
173
183
191
222
254
264
271
290
304
305
291
241
149
61
-9
-70
-133
-183
-231
-291
-328
-330
-320
-310
-288
-267
-240
-192
-133
-87
-67
-70
-90
-121
-153
-183
-224
-269
-301
-316
-319
-306
-266
-221
-188
-163
-138
-108
-67
-33
-25
-32
-39
-49
-69
-92
-112
-137
-170
-191
-188
-175
-145
-110
-86
-63
-37
-5
25
60
110
156
202
254
277
265
247
221
183
151
118
77
47
28
12
5
-2
-21
-38
-34
-13
10
28
33
24
30
48
45
36
33
-10
-82
-130
-170
-207
-206
-198
-210
-208
-193
-206
-225
-200
-168
-144
-88
-8
49
106
171
188
176
166
143
99
59
8
-58
-105
-114
-96
-87
-79
-62
-42
-24
10
60
110
149
173
183
182
190
202
199
188
180
163
144
132
117
103
106
127
161
197
242
279
301
293
259
211
181
173
163
152
133
110
67
9
-54
-117
-163
-180
-182
-166
-110
-50
-22
-4
24
44
49
50
34
12
3
-9
-53
-101
-132
-180
-237
-260
-251
-228
-178
-105
-30
42
101
123
128
149
170
182
208
236
230
187
117
29
-47
-86
-106
-121
-106
-83
-75
-69
-59
-64
-65
-58
-63
-58
-26
13
44
78
101
95
81
71
64
68
75
59
39
37
28
4
-34
-88
-145
-167
-166
-158
-147
-139
-152
-178
-180
-171
-173
-172
-164
-163
-151
-130
-125
-129
-130
-136
-153
-167
-173
-177
-181
-176
-168
-167
-151
-117
-77
-37
-1
25
45
56
63
77
85
87
97
102
91
71
53
34
22
25
38
47
49
55
37
15
21
41
43
53
76
97
126
161
189
200
206
195
170
153
167
200
224
241
238
207
159
114
69
34
17
13
22
52
92
111
94
54
1
-51
-77
-77
-72
-47
-15
1
12
15
-11
-51
-68
-78
-91
-96
-81
-67
-58
-44
-40
-40
-22
-4
-4
23
79
111
122
135
137
124
117
109
96
98
98
74
52
64
79
74
75
74
59
54
58
43
29
13
-33
-82
-86
-56
-30
-10
-4
-14
-18
-11
-12
-24
-16
0
4
17
39
40
17
-14
-47
-75
-99
-121
-149
-188
-217
-225
-227
-227
-213
-201
-202
-196
-179
-170
-159
-135
-121
-131
-137
-131
-136
-132
-120
-126
-137
-122
-94
-71
-36
4
28
49
80
112
137
160
161
146
139
132
118
108
102
84
63
54
49
43
42
41
31
16
6
2
9
36
69
91
116
137
139
130
127
122
117
114
112
107
101
95
69
23
-15
-36
-52
-63
-59
-43
-25
-14
-23
-51
-81
-101
-121
-143
-157
-154
-143
-130
-110
-85
-71
-62
-43
-26
-8
24
53
62
74
90
94
88
82
65
40
31
54
89
135
179
203
201
197
191
185
193
210
230
257
293
318
321
309
285
249
220
199
168
145
136
110
82
60
13
-51
-98
-136
-169
-176
-151
-133
-123
-90
-68
-77
-83
-87
-106
-120
-122
-135
-151
-154
-160
-180
-203
-218
-245
-276
-291
-289
-286
-279
-274
-264
-241
-215
-182
-140
-109
-91
-68
-47
-42
-42
-50
-81
-107
-107
-107
-103
-67
-21
2
20
50
65
70
95
129
150
170
199
208
215
233
239
223
209
201
187
176
174
173
168
172
180
178
168
140
102
70
48
27
10
2
-2
-4
-21
-52
-84
-104
-119
-121
-110
-101
-100
-105
-122
-142
-153
-153
-145
-128
-104
-73
-41
-21
-23
-36
-45
-53
-59
-56
-54
-63
-68
-72
-85
-93
-89
-80
-67
-47
-21
9
41
73
87
94
108
119
122
133
157
180
200
216
225
227
221
204
175
143
118
100
87
87
90
89
89
88
84
80
71
58
53
55
54
54
60
55
38
19
-6
-35
-54
-63
-78
-90
-89
-97
-114
-128
-131
-127
-117
-109
-102
-84
-60
-43
-38
-37
-44
-56
-66
-73
-74
-63
-64
-79
-90
-87
-87
-92
-91
-94
-96
-88
-86
-93
-92
-90
-106
-121
-113
-98
-82
-62
-49
-43
-34
-28
-34
-35
-21
-14
-9
5
20
34
49
53
47
52
70
90
111
128
134
130
123
110
90
64
27
-13
-44
-62
-72
-75
-74
-68
-49
-22
3
32
70
99
112
115
112
97
81
65
44
23
11
0
-18
-13
6
3
-19
-39
-57
-64
-50
-26
-10
5
17
13
-2
-5
-5
-15
-26
-28
-20
-4
10
17
16
12
13
17
26
46
77
108
134
160
190
207
203
186
158
118
80
54
34
19
11
0
-20
-31
-23
-6
15
41
60
73
91
104
103
97
87
66
38
13
-6
-19
-30
-53
-85
-102
-100
-97
-89
-81
-82
-83
-73
-57
-41
-13
13
16
10
12
10
2
-4
-9
-23
-37
-45
-55
-69
-69
-64
-72
-74
-58
-51
-57
-65
-75
-93
-107
-117
-128
-119
-88
-60
-48
-47
-58
-78
-94
-98
-87
-59
-28
-8
13
35
47
49
47
52
64
80
85
77
62
50
34
15
0
-6
-12
-20
-26
-34
-43
-48
-45
-40
-22
14
43
58
66
70
64
55
46
31
14
1
-12
-28
-34
-30
-29
-31
-22
-9
4
21
35
44
53
65
68
60
52
45
36
33
35
37
36
31
15
0
-4
-6
-15
-17
-10
5
29
53
64
67
71
65
55
59
71
69
63
60
52
38
31
19
-2
-11
-6
-3
-3
5
11
6
3
6
13
30
51
64
67
67
68
65
58
55
48
35
26
19
12
12
10
-3
-23
-41
-51
-52
-40
-18
1
22
43
57
69
81
83
71
56
42
23
-1
-24
-53
-86
-112
-131
-152
-166
-168
-171
-172
-156
-134
-116
-96
-82
-76
-65
-43
-18
-4
3
-6
-30
-53
-67
-81
-95
-106
-128
-159
-177
-175
-166
-154
-135
-112
-80
-31
15
47
76
106
125
140
162
179
182
171
148
114
87
64
39
9
-12
-26
-42
-56
-64
-59
-47
-31
-13
7
23
32
38
41
50
70
96
109
108
101
86
61
38
25
13
5
10
18
26
38
43
34
26
31
36
34
35
36
28
19
6
-15
-34
-39
-36
-24
5
38
60
73
80
79
79
84
82
79
85
88
83
75
62
39
16
-3
-23
-35
-27
-11
3
22
40
46
45
43
39
36
36
38
38
39
39
29
5
-18
-35
-52
-60
-57
-46
-30
-11
-1
-1
-5
-9
-17
-19
-12
-4
3
6
3
-10
-21
-35
-53
-63
-62
-59
-52
-39
-36
-41
-46
-50
-52
-44
-30
-23
-25
-27
-37
-55
-77
-101
-129
-156
-169
-173
-170
-154
-138
-128
-121
-110
-99
-84
-57
-28
-6
16
34
39
42
48
46
43
43
35
15
-7
-33
-65
-89
-91
-75
-47
-6
33
66
93
116
126
139
162
179
186
189
183
164
142
117
85
64
53
36
22
19
21
22
28
37
48
66
86
101
110
125
132
124
112
93
61
31
3
-22
-37
-50
-72
-93
-99
-95
-82
-59
-35
-15
-2
9
12
14
19
18
4
-5
-12
-30
-47
-60
-73
-87
-86
-73
-54
-25
11
34
52
72
81
83
88
91
84
74
70
59
37
11
-17
-46
-64
-69
-79
-83
-65
-44
-25
-4
16
24
24
23
22
28
52
70
68
62
57
44
13
-20
-53
-83
-105
-115
-116
-104
-82
-74
-93
-106
-102
-106
-109
-106
-104
-93
-85
-88
-94
-104
-118
-138
-160
-166
-149
-140
-142
-142
-151
-156
-156
-163
-165
-151
-132
-114
-97
-90
-85
-93
-106
-109
-110
-97
-72
-65
-65
-57
-47
-27
-1
6
16
34
52
67
76
98
120
114
112
146
203
275
314
287
248
243
240
241
267
299
332
332
313
328
353
371
369
321
294
327
346
342
348
331
275
201
119
66
33
-7
-54
-107
-149
-158
-169
-188
-192
-196
-211
-222
-226
-221
-206
-194
-179
-171
-176
-180
-183
-181
-158
-128
-102
-75
-59
-44
-21
10
47
73
78
83
89
89
101
113
101
75
45
8
-12
-21
-27
-19
-5
4
15
15
9
11
17
24
42
64
70
55
21
-10
-12
-7
-10
-13
-19
-23
-17
-9
-1
6
-3
-23
-35
-17
35
84
100
89
69
50
44
45
51
49
25
-19
-68
-104
-114
-121
-139
-153
-170
-193
-212
-222
-226
-216
-194
-175
-167
-165
-148
-120
-89
-51
-10
12
19
20
15
21
39
52
51
42
45
64
85
100
109
97
71
44
27
37
69
97
106
97
81
72
63
60
71
86
101
121
132
144
155
146
116
86
66
62
74
86
97
102
87
58
23
-5
-21
-24
-14
0
10
9
-7
-40
-73
-88
-90
-84
-72
-64
-72
-89
-105
-123
-134
-136
-132
-122
-107
-92
-81
-64
-57
-58
-49
-31
-4
23
43
51
58
64
70
83
103
120
124
115
99
88
89
91
88
78
69
59
41
30
28
34
31
20
11
8
19
38
51
56
55
56
65
91
124
158
176
165
137
105
87
89
104
118
115
99
80
65
54
44
38
30
21
6
-12
-20
-20
-35
-66
-101
-131
-146
-150
-144
-141
-140
-140
-142
-142
-136
-118
-96
-94
-113
-132
-135
-123
-101
-80
-72
-71
-70
-68
-61
-42
-13
-2
-19
-48
-62
-44
-3
25
28
18
-1
-22
-34
-25
-1
21
23
7
-7
0
21
27
10
-12
-23
-15
3
25
43
40
9
-30
-50
-29
18
56
62
37
-4
-34
-37
-21
9
39
44
18
-12
-36
-43
-34
-17
-2
8
9
-7
-30
-48
-67
-74
-62
-33
-1
18
11
-20
-56
-81
-83
-58
-11
40
61
44
7
-23
-19
26
95
158
189
174
119
60
39
69
127
182
207
184
131
83
56
53
69
89
96
90
74
58
43
42
47
44
48
63
81
95
89
54
5
-24
-33
-20
8
38
50
24
-36
-95
-127
-114
-71
-37
-26
-26
-38
-56
-66
-66
-55
-40
-41
-65
-84
-77
-54
-44
-60
-88
-111
-125
-123
-113
-96
-74
-72
-97
-129
-136
-106
-66
-47
-56
-81
-109
-129
-133
-114
-72
-36
-39
-85
-134
-155
-145
-111
-69
-41
-33
-39
-48
-51
-31
9
42
59
71
85
104
124
135
129
113
108
130
179
238
286
296
272
246
235
255
323
416
489
521
518
495
481
499
546
602
650
681
686
665
650
665
693
728
764
779
774
770
773
772
778
796
803
794
782
781
777
771
769
753
732
726
731
732
729
719
682
618
566
541
535
534
521
472
393
318
258
211
196
188
154
91
13
-51
-99
-125
-145
-186
-242
-301
-354
-406
-447
-471
-508
-568
-639
-718
-784
-834
-884
-959
-1072
-1189
-1295
-1395
-1486
-1571
-1644
-1714
-1794
-1876
-1955
-2005
-2026
-2045
-2064
-2062
-2021
-1975
-1962
-1967
-1967
-1934
-1868
-1796
-1724
-1663
-1602
-1566
-1565
-1545
-1464
-1339
-1220
-1135
-1075
-1042
-1013
-979
-942
-874
-776
-696
-691
-744
-786
-810
-818
-803
-793
-800
-822
-861
-921
-968
-944
-883
-832
-777
-712
-637
-556
-457
-348
-225
-47
164
360
551
743
920
1068
1223
1407
1611
1842
2063
2223
2343
2471
2618
2763
2912
3072
3194
3273
3323
3344
3370
3421
3475
3478
3437
3387
3305
3196
3081
2959
2824
2674
2503
2288
2060
1864
1680
1484
1290
1104
911
720
564
428
296
201
130
57
3
-17
-23
-39
-53
-73
-113
-140
-142
-149
-179
-229
-321
-458
-591
-698
-786
-830
-862
-982
-1180
-1357
-1483
-1567
-1558
-1506
-1541
-1642
-1741
-1851
-1926
-1853
-1696
-1607
-1577
-1545
-1552
-1573
-1513
-1393
-1296
-1176
-979
-787
-606
-403
-264
-244
-220
-84
125
378
640
775
737
640
557
521
588
728
786
676
472
219
-32
-185
-244
-317
-442
-588
-791
-1042
-1207
-1273
-1328
-1367
-1380
-1424
-1476
-1442
-1356
-1308
-1231
-1090
-953
-803
-594
-379
-217
-46
151
326
564
906
1199
1321
1335
1322
1329
1458
1702
1865
1883
1808
1607
1336
1193
1254
1351
1360
1260
1001
684
499
451
431
433
475
426
254
135
130
189
311
463
549
595
727
894
995
1118
1307
1475
1601
1746
1891
1982
2070
2148
2148
2145
2236
2327
2307
2203
2081
1907
1713
1576
1444
1287
1119
867
457
-3
-340
-580
-808
-1006
-1199
-1462
-1797
-2180
-2554
-2818
-2884
-2846
-2874
-2998
-3179
-3390
-3575
-3651
-3589
-3446
-3310
-3219
-3125
-2916
-2595
-2304
-2133
-2041
-1895
-1578
-1103
-598
-193
61
154
139
190
447
861
1265
1471
1414
1197
1011
981
1060
1168
1236
1158
902
558
279
157
162
178
69
-168
-414
-605
-729
-781
-780
-760
-769
-812
-860
-855
-755
-626
-545
-481
-377
-205
-17
147
292
417
558
704
835
982
1166
1346
1438
1443
1454
1501
1585
1671
1713
1725
1702
1623
1483
1322
1245
1263
1288
1236
1079
897
731
595
517
492
515
515
416
243
78
22
66
107
98
45
-20
-107
-220
-287
-285
-245
-222
-279
-385
-469
-515
-565
-647
-699
-709
-727
-784
-898
-1025
-1117
-1176
-1213
-1248
-1275
-1306
-1363
-1410
-1445
-1473
-1478
-1474
-1467
-1435
-1380
-1340
-1329
-1272
-1192
-1159
-1100
-999
-957
-962
-917
-845
-802
-723
-621
-623
-642
-572
-476
-328
-24
357
570
594
612
706
957
1398
1831
2069
2153
2173
2125
2113
2330
2650
2834
2842
2666
2389
2220
2210
2199
2117
2024
1841
1504
1163
899
698
564
412
157
-170
-406
-534
-699
-884
-1018
-1127
-1217
-1246
-1231
-1231
-1204
-1143
-1155
-1162
-1023
-814
-635
-510
-429
-377
-293
-128
43
208
409
592
672
659
694
815
920
1017
1109
1109
1061
1050
1012
890
841
917
908
776
629
473
316
223
203
169
90
27
-70
-251
-393
-393
-346
-362
-385
-401
-459
-514
-535
-559
-544
-477
-427
-443
-494
-535
-570
-609
-650
-666
-653
-676
-764
-883
-985
-1026
-1027
-1041
-1090
-1175
-1277
-1352
-1376
-1376
-1380
-1407
-1491
-1577
-1559
-1462
-1383
-1348
-1368
-1420
-1411
-1291
-1119
-986
-900
-865
-886
-895
-811
-629
-437
-301
-258
-310
-345
-270
-125
100
443
801
1010
1042
978
952
1165
1619
2052
2314
2424
2369
2196
2109
2250
2532
2801
2914
2739
2378
2105
2023
2010
1964
1899
1746
1446
1106
814
568
402
285
101
-152
-345
-475
-631
-814
-996
-1134
-1168
-1118
-1068
-1057
-1078
-1116
-1158
-1134
-983
-742
-508
-373
-354
-386
-332
-140
83
274
453
551
541
518
546
623
755
892
926
878
846
816
750
694
695
732
732
658
516
330
185
122
85
49
29
-40
-225
-424
-533
-572
-543
-481
-500
-585
-652
-719
-793
-792
-703
-613
-574
-592
-665
-741
-770
-756
-742
-742
-720
-717
-802
-913
-975
-997
-985
-951
-967
-1057
-1139
-1202
-1294
-1358
-1366
-1348
-1336
-1360
-1413
-1455
-1449
-1387
-1316
-1292
-1290
-1239
-1137
-1005
-822
-677
-658
-669
-648
-564
-356
-99
30
-7
-75
-69
39
235
446
663
916
1135
1251
1282
1329
1515
1849
2192
2431
2566
2621
2597
2541
2577
2756
2999
3122
3036
2819
2567
2449
2409
2305
2165
2048
1869
1559
1249
996
784
635
452
192
-53
-213
-344
-536
-733
-842
-878
-914
-959
-1014
-1033
-1030
-999
-1005
-951
-792
-619
-533
-465
-414
-324
-178
43
131
168
429
430
386
442
541
618
715
772
726
571
551
558
493
450
527
538
377
245
185
109
58
58
-23
-126
-222
-267
-358
-481
-508
-505
-549
-624
-646
-630
-654
-675
-683
-700
-671
-618
-586
-648
-678
-686
-722
-764
-780
-763
-782
-807
-872
-941
-978
-979
-993
-1052
-1137
-1220
-1301
-1345
-1353
-1348
-1365
-1407
-1467
-1538
-1531
-1471
-1417
-1375
-1362
-1385
-1367
-1249
-1110
-1029
-926
-841
-789
-697
-584
-468
-326
-222
-161
-127
-26
125
225
279
344
537
930
1320
1477
1446
1413
1474
1705
2133
2533
2761
2824
2704
2493
2478
2745
3061
3184
3074
2806
2520
2335
2277
2252
2189
2072
1824
1432
1074
899
773
600
381
90
-163
-314
-468
-661
-816
-942
-1029
-1115
-1150
-1104
-1049
-1062
-1142
-1207
-1172
-981
-749
-637
-586
-531
-509
-422
-270
-62
159
308
332
269
277
407
579
728
784
760
717
655
615
628
703
751
706
579
451
404
416
387
305
207
105
62
10
-45
-80
-96
-161
-257
-298
-265
-201
-195
-256
-350
-376
-324
-255
-246
-264
-303
-384
-492
-541
-528
-467
-453
-543
-701
-838
-916
-956
-979
-1005
-1046
-1142
-1267
-1413
-1493
-1484
-1464
-1473
-1525
-1592
-1681
-1716
-1685
-1594
-1468
-1382
-1378
-1394
-1374
-1287
-1161
-1005
-849
-772
-719
-716
-676
-551
-345
-210
-178
-173
-164
-105
36
276
580
865
1031
1063
1027
1098
1386
1774
2096
2323
2402
2359
2308
2342
2491
2696
2872
2869
2706
2510
2384
2312
2244
2154
2017
1834
1581
1336
1069
862
701
491
227
-2
-186
-357
-541
-730
-911
-1049
-1085
-1118
-1141
-1170
-1170
-1194
-1223
-1160
-1016
-870
-738
-657
-607
-523
-361
-187
-38
123
264
347
385
439
522
646
765
842
852
847
849
832
793
781
811
801
723
625
526
446
438
426
359
288
215
107
-7
-54
-27
16
20
-27
-113
-177
-165
-108
-81
-52
-22
-72
-142
-157
-163
-156
-139
-179
-279
-373
-423
-498
-567
-631
-741
-874
-991
-1065
-1116
-1165
-1211
-1283
-1396
-1515
-1614
-1653
-1630
-1556
-1526
-1629
-1747
-1759
-1697
-1587
-1479
-1423
-1421
-1442
-1411
-1303
-1140
-938
-793
-795
-860
-768
-532
-354
-226
-138
-138
-125
-16
109
255
539
921
1131
1141
1128
1160
1285
1592
1970
2231
2342
2387
2292
2149
2223
2485
2703
2770
2702
2481
2230
2130
2088
1999
1961
1913
1706
1372
1083
836
658
536
385
151
-66
-243
-457
-693
-839
-886
-927
-969
-1019
-1120
-1199
-1191
-1174
-1134
-1008
-848
-773
-735
-687
-622
-509
-341
-187
-99
10
130
200
244
331
417
466
533
606
619
635
661
652
633
669
725
710
656
595
533
493
515
519
474
416
350
250
170
165
186
183
166
96
-11
-75
-68
-56
-62
-50
-77
-148
-218
-265
-286
-289
-290
-336
-438
-545
-628
-694
-752
-789
-825
-907
-1016
-1106
-1159
-1192
-1218
-1305
-1411
-1479
-1498
-1538
-1590
-1614
-1591
-1553
-1522
-1534
-1562
-1524
-1438
-1382
-1342
-1226
-1058
-941
-893
-854
-783
-661
-519
-409
-339
-226
-98
-79
-107
-75
49
192
279
354
559
864
1080
1099
1030
1037
1266
1646
1952
2106
2184
2175
2077
2012
2161
2469
2693
2687
2463
2161
2009
2037
2078
2007
1927
1791
1493
1123
867
735
674
587
349
18
-225
-353
-500
-683
-808
-883
-952
-1030
-1127
-1194
-1196
-1171
-1178
-1196
-1113
-979
-892
-859
-843
-770
-598
-413
-283
-186
-72
36
103
182
285
436
606
683
675
695
753
812
868
920
936
948
952
872
780
776
777
714
635
561
478
395
336
254
172
156
117
5
-91
-119
-138
-188
-235
-270
-289
-284
-284
-347
-432
-467
-488
-529
-550
-538
-565
-645
-731
-820
-882
-884
-889
-930
-992
-1039
-1089
-1131
-1151
-1176
-1232
-1295
-1338
-1352
-1311
-1268
-1284
-1336
-1350
-1338
-1308
-1213
-1100
-1038
-987
-930
-912
-866
-708
-519
-414
-361
-327
-322
-307
-194
-34
72
151
182
114
52
199
563
906
1086
1067
895
804
1004
1417
1796
2044
2103
1939
1712
1696
1919
2251
2489
2470
2209
1914
1766
1774
1805
1806
1724
1511
1202
920
738
655
596
455
199
-58
-249
-396
-546
-695
-815
-911
-989
-1060
-1121
-1172
-1202
-1229
-1263
-1228
-1099
-970
-893
-855
-815
-742
-594
-400
-224
-74
54
127
160
234
369
540
682
782
824
836
856
902
943
985
1016
1001
927
845
789
758
744
713
628
515
401
291
203
147
110
72
28
-39
-134
-232
-306
-361
-372
-341
-311
-332
-395
-476
-566
-620
-598
-555
-546
-577
-663
-796
-892
-911
-888
-868
-883
-950
-1062
-1165
-1218
-1198
-1157
-1147
-1177
-1247
-1332
-1339
-1265
-1205
-1201
-1215
-1230
-1229
-1161
-1073
-1020
-963
-881
-829
-808
-764
-683
-600
-517
-459
-422
-358
-271
-214
-176
-109
-44
11
103
266
524
799
938
900
835
936
1219
1568
1856
1995
1986
1893
1825
1887
2113
2383
2502
2363
2092
1895
1850
1895
1916
1851
1692
1446
1161
909
768
718
633
440
161
-100
-281
-412
-557
-703
-811
-899
-1009
-1124
-1201
-1237
-1239
-1249
-1270
-1233
-1122
-1007
-954
-932
-876
-761
-595
-431
-305
-174
-41
62
158
292
444
582
677
722
751
815
889
924
938
957
962
930
867
802
758
752
729
655
580
524
454
365
279
206
166
151
99
11
-63
-123
-183
-230
-251
-245
-246
-297
-392
-481
-509
-493
-477
-477
-508
-572
-664
-747
-795
-779
-734
-748
-853
-959
-1031
-1064
-1059
-1050
-1070
-1112
-1173
-1263
-1345
-1343
-1273
-1201
-1164
-1184
-1243
-1275
-1250
-1181
-1077
-956
-902
-917
-931
-911
-831
-694
-577
-527
-497
-454
-422
-383
-296
-179
-74
4
70
194
438
734
901
910
888
980
1251
1624
1924
2062
2066
1977
1887
1950
2212
2509
2641
2532
2240
1974
1901
1958
1990
1939
1799
1529
1180
898
744
681
621
438
108
-224
-439
-576
-700
-813
-925
-1064
-1211
-1347
-1449
-1472
-1444
-1440
-1471
-1468
-1394
-1301
-1211
-1132
-1052
-940
-776
-608
-469
-335
-195
-87
13
184
402
551
629
667
675
723
864
996
1026
1031
1034
960
873
885
938
938
899
806
630
495
492
491
426
375
315
163
21
-19
-35
-63
-69
-126
-254
-322
-302
-306
-347
-366
-404
-485
-534
-535
-550
-583
-618
-687
-776
-799
-771
-797
-867
-925
-985
-1035
-1020
-999
-1035
-1091
-1148
-1220
-1261
-1233
-1194
-1213
-1266
-1324
-1380
-1376
-1298
-1217
-1191
-1188
-1193
-1203
-1153
-1014
-871
-774
-721
-717
-703
-594
-422
-275
-179
-105
-47
7
93
226
448
755
1006
1080
1031
1033
1174
1450
1779
2020
2111
2102
2036
1973
2041
2270
2470
2487
2343
2142
1971
1909
1895
1819
1687
1541
1315
1008
751
600
475
316
112
-138
-364
-510
-654
-852
-1010
-1089
-1166
-1264
-1336
-1387
-1431
-1438
-1433
-1439
-1386
-1259
-1151
-1096
-1020
-910
-797
-656
-481
-322
-180
-36
79
187
342
499
605
684
777
859
922
972
974
964
995
1015
989
962
936
856
752
675
624
586
571
511
373
243
173
117
56
32
3
-84
-184
-260
-321
-337
-310
-318
-384
-447
-485
-535
-584
-589
-582
-592
-616
-663
-734
-787
-804
-821
-858
-885
-898
-933
-982
-1014
-1037
-1079
-1105
-1106
-1121
-1156
-1181
-1214
-1253
-1249
-1217
-1226
-1256
-1250
-1233
-1210
-1152
-1088
-1054
-1028
-982
-926
-833
-712
-625
-572
-500
-406
-297
-156
-13
72
119
169
264
496
854
1123
1157
1080
1058
1172
1468
1843
2080
2119
2052
1920
1827
1960
2267
2473
2437
2225
1939
1730
1716
1784
1770
1668
1471
1125
750
540
495
458
339
89
-268
-555
-697
-795
-891
-940
-1006
-1156
-1324
-1424
-1449
-1393
-1316
-1313
-1353
-1325
-1225
-1137
-1057
-942
-825
-726
-612
-486
-359
-205
-49
50
148
329
531
639
667
688
728
798
907
989
1015
1032
1017
917
804
799
846
851
805
721
606
515
467
402
330
309
285
179
52
-23
-74
-129
-176
-235
-295
-322
-341
-405
-481
-504
-508
-538
-576
-600
-633
-682
-727
-765
-779
-758
-744
-787
-860
-902
-922
-944
-941
-915
-908
-940
-1016
-1108
-1150
-1110
-1063
-1071
-1122
-1175
-1217
-1246
-1239
-1204
-1146
-1089
-1073
-1101
-1101
-1027
-928
-850
-784
-714
-634
-550
-469
-382
-260
-120
-23
17
76
248
528
788
926
969
1004
1100
1300
1570
1818
1974
2018
1957
1873
1927
2139
2338
2377
2260
2053
1843
1729
1717
1707
1643
1506
1244
892
624
505
432
310
118
-138
-406
-602
-727
-825
-890
-949
-1066
-1222
-1323
-1331
-1292
-1250
-1244
-1264
-1254
-1190
-1112
-1017
-893
-777
-699
-634
-543
-414
-249
-94
-3
62
160
280
386
493
603
677
704
710
723
780
878
940
906
814
739
710
711
718
711
667
578
467
379
339
337
327
262
152
61
14
-13
-36
-44
-65
-116
-172
-221
-256
-253
-233
-262
-327
-366
-384
-414
-440
-468
-506
-539
-567
-622
-690
-725
-746
-786
-829
-862
-910
-969
-1026
-1083
-1123
-1127
-1133
-1172
-1221
-1264
-1305
-1323
-1302
-1251
-1202
-1180
-1200
-1238
-1241
-1191
-1105
-1004
-904
-834
-797
-764
-693
-573
-420
-264
-89
124
350
529
625
697
836
1086
1397
1677
1872
1972
1989
1976
2025
2190
2411
2561
2550
2387
2183
2058
2020
2009
1976
1871
1649
1330
1013
792
683
613
475
225
-82
-364
-577
-728
-830
-910
-1016
-1172
-1349
-1485
-1539
-1531
-1510
-1498
-1484
-1460
-1423
-1372
-1305
-1201
-1055
-903
-778
-659
-524
-391
-271
-144
-3
148
299
422
495
552
627
710
775
831
887
917
907
871
830
794
782
773
731
663
586
492
387
306
263
231
184
100
-6
-92
-141
-170
-197
-221
-250
-297
-355
-405
-424
-403
-377
-380
-407
-433
-451
-462
-454
-431
-405
-376
-366
-379
-384
-364
-346
-342
-319
-279
-241
-211
-209
-244
-262
-241
-207
-176
-145
-134
-169
-223
-259
-273
-251
-215
-222
-281
-355
-429
-485
-489
-450
-423
-446
-519
-626
-698
-697
-660
-628
-603
-614
-667
-717
-716
-672
-601
-526
-482
-430
-295
-126
-24
20
80
201
401
658
883
1018
1100
1142
1154
1234
1435
1656
1770
1750
1647
1531
1485
1512
1535
1520
1460
1301
1040
793
658
605
546
420
197
-69
-287
-445
-572
-641
-665
-733
-883
-1051
-1166
-1201
-1156
-1091
-1075
-1078
-1063
-1052
-1033
-951
-806
-665
-563
-475
-398
-300
-168
-50
38
152
293
403
464
514
561
613
672
716
739
776
806
782
719
670
648
639
623
581
504
418
324
216
127
87
53
-20
-128
-242
-344
-408
-440
-481
-530
-568
-620
-690
-739
-746
-731
-714
-706
-715
-721
-702
-671
-639
-588
-527
-474
-434
-402
-358
-298
-229
-169
-116
-57
2
47
87
125
166
214
260
291
311
325
330
329
338
364
378
370
347
325
312
304
302
293
274
259
240
215
190
186
197
201
190
174
152
128
127
144
158
163
155
131
106
104
112
108
103
105
103
95
88
78
64
59
55
41
25
18
11
0
-4
-13
-42
-83
-117
-137
-143
-140
-154
-187
-214
-235
-259
-280
-280
-270
-265
-272
-288
-300
-290
-260
-232
-211
-191
-174
-167
-163
-135
-78
-20
18
32
29
33
59
97
126
154
185
200
199
200
207
203
190
182
178
181
194
189
154
116
93
82
87
99
95
67
29
-3
-24
-25
-17
-29
-61
-102
-151
-193
-210
-211
-220
-241
-278
-333
-372
-372
-352
-330
-315
-319
-340
-346
-317
-271
-217
-161
-128
-118
-101
-68
-29
26
88
128
145
161
180
203
244
298
330
334
329
325
331
362
395
402
389
371
346
319
310
314
314
307
282
235
193
180
181
174
161
146
124
104
95
86
80
80
70
48
32
32
31
16
-6
-36
-64
-79
-88
-101
-109
-119
-149
-193
-222
-226
-215
-205
-212
-238
-267
-283
-290
-291
-281
-263
-255
-263
-276
-284
-283
-270
-247
-223
-201
-184
-175
-175
-169
-145
-117
-97
-81
-64
-53
-42
-28
-11
10
41
64
73
75
85
107
134
163
189
199
202
205
211
219
231
245
257
261
255
237
217
199
187
179
163
141
122
102
70
36
5
-21
-43
-51
-65
-94
-126
-154
-177
-191
-193
-194
-211
-231
-249
-263
-270
-261
-249
-244
-241
-232
-228
-219
-200
-170
-139
-104
-72
-52
-35
-4
36
74
110
143
167
186
207
226
243
258
270
272
269
271
277
277
271
259
241
220
204
191
178
170
160
136
108
87
77
71
70
68
59
47
39
32
27
29
38
35
23
15
6
-1
-1
-2
-13
-24
-28
-35
-48
-55
-63
-81
-96
-106
-120
-134
-143
-158
-187
-206
-210
-212
-215
-221
-237
-252
-249
-235
-222
-207
-189
-180
-175
-166
-153
-133
-100
-66
-49
-33
-10
7
21
45
76
107
143
169
176
177
190
208
227
251
264
252
232
216
207
209
217
210
186
160
137
119
107
106
109
105
88
61
37
24
23
22
14
-4
-32
-61
-86
-103
-111
-119
-141
-171
-197
-216
-227
-229
-234
-247
-259
-265
-270
-267
-250
-233
-227
-225
-220
-209
-184
-143
-109
-89
-74
-57
-40
-12
26
55
73
92
107
118
130
148
162
175
192
200
195
194
203
211
219
221
215
203
199
198
191
182
177
165
150
136
130
126
124
119
103
83
73
70
70
73
77
69
50
28
15
12
19
21
4
-26
-52
-66
-72
-76
-87
-105
-128
-147
-166
-180
-189
-194
-198
-208
-223
-238
-246
-248
-248
-251
-248
-237
-222
-210
-204
-199
-189
-168
-139
-108
-74
-39
-13
-2
8
29
62
99
133
156
170
182
187
187
194
211
228
232
221
198
180
174
171
164
152
136
110
79
56
42
38
38
26
0
-24
-38
-47
-49
-44
-43
-49
-61
-76
-86
-79
-68
-72
-88
-105
-115
-120
-119
-122
-133
-146
-162
-179
-189
-184
-176
-174
-180
-186
-185
-175
-157
-139
-126
-112
-100
-85
-60
-27
4
22
32
43
66
99
130
148
159
176
195
208
214
217
222
230
236
233
222
214
205
190
178
177
173
162
141
119
103
97
95
82
68
57
48
34
22
16
13
11
3
-13
-29
-32
-33
-39
-46
-52
-60
-72
-84
-95
-102
-103
-106
-120
-136
-143
-146
-149
-150
-153
-162
-173
-177
-176
-168
-151
-145
-153
-157
-146
-128
-112
-94
-72
-55
-40
-28
-23
-8
27
64
85
93
103
112
125
145
167
186
202
212
207
201
206
212
211
206
201
192
174
150
121
101
94
85
63
37
23
12
-2
-19
-35
-40
-31
-28
-38
-50
-58
-63
-72
-77
-84
-86
-91
-105
-126
-135
-134
-138
-145
-148
-146
-144
-139
-137
-131
-110
-90
-88
-92
-84
-67
-49
-35
-28
-24
-16
-9
-12
-12
3
17
23
25
30
37
44
48
51
57
64
63
54
54
65
76
78
70
60
59
63
67
73
84
91
87
74
61
62
70
73
62
48
33
19
8
-3
-11
-17
-24
-33
-39
-38
-38
-45
-52
-54
-51
-44
-38
-46
-53
-55
-60
-68
-71
-70
-71
-71
-75
-82
-85
-81
-76
-74
-65
-58
-53
-48
-41
-35
-25
-9
0
5
14
26
35
50
65
74
82
88
89
95
109
122
125
117
104
93
90
94
94
89
81
67
46
30
30
40
51
52
37
16
3
3
8
16
17
7
-14
-33
-44
-43
-37
-38
-50
-68
-81
-83
-83
-76
-69
-70
-80
-91
-97
-93
-79
-66
-61
-64
-67
-66
-61
-52
-43
-37
-26
-13
-4
1
3
1
7
17
26
29
32
29
22
17
17
22
30
37
34
28
24
21
28
43
59
64
57
43
33
37
47
47
43
38
32
23
14
5
-1
-1
-4
-12
-18
-17
-21
-29
-36
-41
-42
-41
-46
-55
-58
-58
-63
-67
-64
-61
-59
-62
-70
-71
-59
-46
-41
-40
-40
-42
-47
-49
-47
-34
-21
-18
-29
-40
-47
-46
-36
-24
-11
-5
-10
-19
-17
0
20
40
50
52
56
66
78
88
102
113
114
111
109
113
126
136
129
116
109
111
117
122
122
118
113
103
87
79
90
100
93
73
51
36
32
30
22
16
11
-4
-29
-45
-49
-43
-43
-61
-82
-95
-100
-108
-115
-117
-112
-112
-124
-140
-140
-126
-114
-104
-96
-89
-81
-77
-74
-63
-39
-19
-14
-16
-14
-11
-4
9
17
23
27
22
16
27
45
55
59
58
54
54
62
70
78
86
84
70
59
55
53
54
58
54
41
27
10
-1
-2
-1
-7
-18
-26
-35
-42
-45
-46
-48
-49
-48
-44
-40
-37
-31
-27
-23
-17
-10
-7
-5
2
4
3
-1
-6
-9
-11
-11
-17
-26
-33
-40
-45
-44
-39
-41
-45
-47
-47
-41
-31
-18
-10
-4
0
5
12
24
38
53
64
64
61
64
78
96
106
107
105
105
108
111
116
124
130
125
112
100
97
99
97
92
81
67
51
33
21
20
19
1
-24
-44
-52
-54
-59
-70
-81
-86
-93
-101
-106
-104
-99
-100
-110
-119
-119
-113
-108
-108
-113
-115
-117
-119
-117
-113
-113
-116
-119
-119
-112
-105
-101
-103
-102
-92
-82
-74
-65
-58
-45
-25
-7
4
13
26
41
55
70
85
96
104
108
106
103
111
122
126
123
115
103
93
91
95
101
101
91
74
59
57
58
56
49
44
35
22
6
-6
-13
-14
-15
-25
-35
-38
-40
-47
-56
-62
-60
-53
-47
-46
-51
-58
-67
-76
-73
-62
-51
-50
-62
-75
-82
-80
-73
-63
-54
-49
-53
-64
-68
-57
-35
-15
-5
-4
-6
-2
11
28
47
62
71
73
74
81
91
104
114
120
122
122
121
122
126
128
133
136
134
130
127
125
123
120
113
106
101
91
78
67
56
48
33
16
0
-13
-26
-39
-52
-64
-75
-86
-98
-106
-108
-112
-119
-125
-127
-127
-125
-122
-120
-116
-111
-110
-107
-97
-83
-75
-71
-68
-65
-62
-54
-44
-35
-30
-32
-39
-43
-38
-33
-30
-30
-30
-30
-31
-30
-23
-12
0
8
12
19
28
37
47
60
74
85
89
89
90
97
105
110
112
111
104
93
85
83
86
88
80
64
49
38
32
31
36
35
26
14
1
-6
-4
-1
-2
-6
-14
-24
-34
-42
-46
-52
-59
-69
-75
-82
-90
-98
-104
-108
-109
-106
-100
-93
-87
-84
-83
-75
-57
-36
-15
-1
9
18
26
37
54
76
93
101
102
98
101
108
120
128
130
127
117
108
106
109
110
109
101
89
81
77
70
64
58
49
40
32
23
11
-1
-13
-25
-36
-43
-46
-54
-65
-82
-96
-104
-102
-99
-97
-100
-106
-113
-119
-119
-111
-99
-91
-92
-96
-97
-95
-90
-83
-76
-70
-67
-68
-68
-64
-56
-51
-47
-42
-36
-31
-29
-28
-25
-16
-4
6
14
19
23
27
34
47
64
78
84
86
86
92
100
110
119
123
121
114
108
108
113
116
114
104
90
81
75
75
74
71
62
46
31
19
12
7
2
-10
-24
-40
-52
-60
-65
-72
-81
-88
-92
-96
-98
-97
-98
-102
-104
-100
-94
-83
-73
-72
-71
-69
-64
-54
-40
-26
-17
-15
-15
-17
-10
5
24
37
40
35
29
30
39
54
69
73
68
58
53
57
66
77
79
72
63
53
47
50
52
47
38
25
10
2
-3
-9
-16
-29
-44
-54
-59
-63
-68
-76
-81
-86
-89
-88
-87
-84
-82
-84
-89
-88
-80
-71
-65
-62
-62
-63
-60
-57
-53
-44
-36
-32
-32
-34
-34
-29
-23
-13
-3
6
11
10
13
21
36
54
69
79
85
89
94
102
115
129
139
141
135
128
126
129
129
125
116
103
90
78
69
63
54
39
19
3
-9
-14
-18
-28
-42
-55
-68
-77
-79
-75
-72
-75
-81
-88
-89
-82
-70
-63
-56
-50
-50
-49
-43
-33
-19
-8
-3
-1
-1
2
9
14
21
26
26
24
24
22
20
22
21
18
14
12
8
0
-7
-14
-17
-14
-11
-13
-17
-21
-21
-19
-15
-5
6
11
8
5
9
20
34
44
46
47
46
46
49
57
65
71
69
59
49
50
55
54
51
43
33
22
14
8
5
2
-8
-25
-42
-50
-51
-50
-55
-66
-79
-88
-95
-97
-91
-83
-79
-85
-95
-98
-89
-72
-58
-51
-48
-46
-43
-38
-26
-8
12
23
23
19
23
36
53
67
75
81
82
83
84
92
106
118
123
121
117
116
116
113
111
112
111
104
90
74
61
52
44
33
21
8
-7
-26
-45
-58
-65
-70
-77
-91
-104
-113
-119
-122
-119
-114
-109
-109
-112
-113
-109
-99
-90
-81
-74
-68
-60
-53
-51
-43
-35
-28
-21
-18
-15
-14
-15
-15
-16
-12
-7
-6
-9
-15
-20
-19
-14
-8
-4
-1
-3
-5
-4
4
18
30
37
37
34
37
45
57
67
74
73
69
63
62
67
75
81
77
69
60
53
51
51
51
50
45
35
25
18
12
7
0
-9
-16
-24
-34
-45
-58
-69
-78
-87
-94
-99
-105
-113
-123
-133
-138
-137
-132
-125
-121
-119
-118
-117
-110
-96
-77
-60
-45
-36
-28
-18
-4
14
32
51
66
75
81
90
104
119
133
144
152
156
158
160
161
162
165
166
161
154
146
132
120
108
97
91
81
67
48
27
11
0
-7
-13
-21
-31
-45
-62
-74
-78
-76
-74
-78
-85
-93
-99
-105
-108
-108
-105
-105
-109
-116
-120
-122
-121
-118
-116
-108
-101
-96
-94
-90
-81
-68
-55
-42
-30
-19
-9
-3
3
12
27
40
47
49
50
53
58
63
68
76
81
84
83
80
85
92
100
105
110
114
116
115
113
115
119
120
118
112
103
93
81
67
56
47
36
19
-5
-25
-42
-55
-67
-80
-92
-104
-117
-130
-139
-140
-139
-138
-139
-138
-135
-130
-123
-116
-107
-99
-89
-80
-71
-60
-49
-38
-30
-22
-12
1
12
21
30
37
46
54
63
73
84
90
97
101
104
111
116
120
122
121
122
122
119
117
117
116
110
104
96
91
87
81
76
68
62
57
51
43
37
33
30
24
15
8
4
-3
-10
-18
-26
-35
-45
-58
-68
-75
-81
-88
-99
-112
-122
-127
-130
-131
-130
-129
-131
-136
-140
-136
-126
-113
-106
-105
-108
-109
-108
-101
-91
-80
-74
-75
-81
-83
-77
-64
-50
-40
-35
-29
-23
-15
1
21
40
57
68
78
92
110
126
139
146
154
160
164
166
163
158
150
140
130
123
118
109
94
75
56
45
42
39
36
29
16
3
-8
-10
-4
3
1
-9
-23
-36
-41
-42
-42
-43
-49
-62
-79
-95
-102
-100
-100
-103
-111
-120
-127
-129
-126
-119
-108
-102
-99
-97
-90
-78
-63
-51
-41
-31
-21
-12
-4
6
19
29
36
40
46
57
68
76
81
86
93
101
109
120
130
137
140
136
137
143
151
154
150
143
135
128
118
110
105
97
83
61
39
26
18
9
-4
-21
-37
-53
-69
-81
-85
-85
-91
-105
-122
-133
-137
-137
-138
-140
-145
-151
-158
-164
-165
-154
-145
-141
-140
-141
-132
-119
-104
-88
-71
-56
-44
-34
-24
-5
16
32
42
49
56
64
72
77
83
87
90
87
84
84
87
89
87
83
82
83
83
82
82
81
82
80
76
73
73
73
67
59
50
45
40
33
26
19
11
-1
-14
-24
-30
-33
-38
-44
-51
-58
-62
-65
-65
-61
-59
-56
-58
-60
-58
-56
-52
-47
-45
-43
-42
-45
-45
-45
-43
-41
-36
-36
-34
-32
-31
-28
-21
-14
-4
5
11
16
21
25
34
43
51
58
61
61
62
65
69
74
77
79
78
76
74
76
77
80
81
79
76
70
65
59
56
52
45
36
26
15
7
-1
-9
-16
-23
-31
-40
-49
-55
-58
-61
-65
-68
-72
-76
-78
-78
-76
-76
-77
-79
-78
-78
-75
-70
-67
-62
-58
-52
-45
-36
-29
-21
-13
-7
0
7
16
26
33
38
42
45
49
53
57
61
64
65
65
64
65
66
68
70
70
68
65
63
62
62
62
62
59
55
51
48
44
42
40
37
34
29
23
16
10
3
-2
-8
-17
-25
-35
-45
-54
-63
-71
-78
-88
-99
-107
-116
-125
-131
-136
-141
-144
-146
-145
-141
-136
-131
-123
-114
-103
-89
-73
-56
-41
-29
-15
-2
12
26
38
46
53
57
61
66
72
78
81
83
83
82
85
87
90
92
91
89
88
86
84
82
76
70
62
52
44
34
23
13
-1
-15
-27
-40
-49
-57
-69
-80
-90
-98
-102
-105
-105
-105
-105
-103
-101
-96
-87
-77
-65
-54
-43
-33
-21
-11
2
12
22
31
38
43
48
51
56
60
62
65
68
69
70
71
71
74
75
78
78
77
77
75
71
69
68
65
62
55
49
43
35
29
21
15
9
3
-4
-13
-20
-25
-28
-32
-33
-34
-35
-36
-38
-38
-34
-27
-22
-18
-17
-13
-11
-11
-6
-1
3
5
0
-5
-8
-10
-11
-14
-18
-22
-30
-36
-41
-43
-43
-44
-47
-50
-54
-53
-51
-49
-47
-43
-42
-41
-38
-38
-30
-28
-27
-26
-24
-21
-15
-12
-8
-6
-5
-2
-2
4
10
17
20
21
23
25
30
36
42
46
48
49
49
49
51
55
56
56
52
50
46
43
44
42
41
38
33
26
20
16
11
9
6
-1
-6
-15
-22
-27
-33
-37
-43
-46
-49
-54
-58
-61
-63
-62
-60
-56
-52
-48
-43
-38
-32
-24
-13
-2
8
17
26
35
44
51
60
67
73
77
76
75
74
72
71
68
64
60
51
44
38
34
33
30
