SAMPLES:	14761
BITSPERSAMPLE:	16
CHANNELS:	1
SAMPLERATE:	16000
NORMALIZED:	FALSE
9
9
7
9
10
10
9
7
6
3
0
-2
-5
-7
-8
-8
-8
-10
-10
-10
-11
-12
-12
-11
-10
-9
-8
-6
-5
-6
-6
-6
-7
-8
-8
-7
-6
-5
-4
-4
-3
-3
-4
-3
-4
-3
-2
-2
-1
-1
-3
-4
-4
-7
-8
-9
-9
-8
-9
-9
-8
-8
-9
-9
-9
-8
-5
-3
1
1
4
3
3
4
2
1
0
1
2
5
7
8
9
9
7
7
7
6
7
9
9
10
10
10
9
5
2
1
-1
-3
-3
-3
-3
-2
-2
-4
-5
-6
-7
-9
-8
-6
-4
-1
0
1
0
-1
-1
-2
0
1
3
6
9
11
11
11
12
11
10
10
11
11
12
12
12
12
10
8
6
5
3
1
0
-1
-2
-4
-6
-8
-11
-13
-14
-16
-16
-16
-17
-15
-16
-16
-15
-16
-14
-15
-13
-11
-9
-7
-6
-5
-4
-2
-1
1
3
6
7
8
7
8
7
6
4
4
3
0
0
-2
-3
-5
-7
-10
-12
-13
-13
-15
-14
-14
-14
-14
-16
-16
-17
-18
-18
-16
-13
-11
-8
-6
-4
-2
-3
-1
0
1
3
4
5
7
8
9
8
7
7
6
8
9
9
10
10
10
10
8
6
3
2
1
0
2
2
2
2
0
0
-1
-3
-3
-3
-1
-1
-2
0
0
0
-2
-2
-2
-2
-1
3
3
6
8
7
8
7
6
6
6
7
8
8
9
8
7
7
4
4
3
3
3
4
4
4
5
5
4
4
3
4
3
5
6
6
8
7
7
7
4
6
5
5
8
7
10
9
8
8
7
6
5
5
4
4
4
4
4
2
1
-1
-2
-3
-3
-3
-1
-1
-2
-2
-2
-2
-3
-3
-3
-3
-4
-1
-2
-1
-1
-1
0
0
2
2
4
6
6
7
8
9
9
9
8
8
8
8
7
7
6
6
4
3
2
2
1
1
1
0
1
-1
-2
-3
-5
-5
-5
-5
-4
-3
-2
-1
-1
-1
-1
-2
-2
-2
-2
-1
1
0
1
1
-1
-1
-2
-1
0
-2
-3
-2
-3
-1
-2
-2
-3
-4
-5
-6
-7
-7
-8
-8
-8
-9
-10
-11
-12
-11
-10
-11
-11
-9
-10
-9
-9
-9
-8
-7
-8
-6
-5
-3
-2
-1
0
0
0
0
1
1
3
3
4
4
5
5
6
4
3
2
1
-1
-2
-2
-4
-4
-5
-7
-7
-8
-9
-10
-10
-10
-9
-8
-7
-6
-6
-7
-7
-6
-7
-5
-5
-3
-3
-1
0
1
2
3
3
4
6
6
6
8
9
9
9
9
8
8
7
5
5
5
4
4
4
3
2
0
-1
-2
-4
-4
-5
-6
-6
-7
-7
-7
-8
-8
-11
-10
-10
-9
-9
-9
-7
-8
-8
-7
-7
-7
-5
-5
-3
-1
-2
-1
0
0
0
0
0
0
0
1
2
2
3
3
3
5
5
3
3
3
1
1
2
2
1
1
1
1
2
2
2
2
2
2
3
3
3
3
3
5
5
4
7
6
6
7
6
7
7
7
8
8
8
7
7
6
6
5
5
4
3
4
3
3
3
2
2
1
1
1
1
2
3
1
2
2
2
2
1
2
2
2
2
3
3
4
3
3
3
2
4
3
4
4
4
4
4
4
4
4
4
4
4
5
4
5
5
4
5
6
3
3
4
4
4
2
1
0
1
0
0
-1
-2
-3
-3
-2
-1
-2
-2
-1
-1
0
-1
0
-2
-1
0
-1
0
0
1
2
2
2
1
2
2
2
3
3
2
2
2
2
1
0
-1
-1
-2
-3
-2
-3
-4
-5
-6
-6
-6
-6
-7
-7
-7
-7
-8
-9
-8
-8
-6
-7
-6
-5
-4
-4
-4
-4
-3
-2
0
2
3
4
4
5
3
3
3
3
4
4
6
7
7
7
5
3
1
2
1
0
2
0
1
2
2
0
-1
-2
-3
-4
-4
-1
0
1
0
0
-2
-4
-3
-5
-4
-3
-2
0
2
2
1
-1
-2
-2
-3
-3
-1
0
2
2
1
0
-1
-4
-6
-6
-6
-4
-1
0
0
0
-1
-3
-4
-6
-8
-7
-6
-6
-3
-3
-3
-4
-8
-9
-10
-11
-10
-9
-7
-6
-5
-4
-6
-8
-8
-9
-9
-7
-5
-3
-2
-1
-1
-2
-5
-6
-7
-7
-5
-4
-3
0
-1
0
-1
-3
-4
-5
-6
-6
-4
-3
-2
-3
-2
-5
-7
-10
-10
-9
-8
-5
-3
0
0
-2
-3
-4
-6
-6
-6
-5
-1
1
4
5
4
4
2
1
1
1
4
6
8
10
10
9
8
5
2
1
2
3
6
7
8
8
8
5
2
1
-1
0
2
4
6
7
6
5
3
1
0
-1
-1
2
4
5
4
2
0
-2
-4
-4
-4
-4
-2
1
2
4
2
0
-1
-3
-2
-1
0
2
5
6
6
5
3
1
0
0
1
3
4
5
6
5
1
-1
-4
-4
-2
-2
1
3
4
5
3
2
0
-2
-1
0
3
7
10
10
10
7
4
1
-1
-1
0
3
5
7
9
9
7
4
1
0
1
3
5
7
8
10
10
9
7
6
7
8
11
13
15
16
13
10
8
5
3
1
3
4
5
5
4
4
0
-2
-4
-6
-6
-4
-2
0
1
1
0
-2
-4
-6
-5
-4
0
3
6
7
7
5
2
0
-3
-3
-3
-2
0
0
0
0
-2
-6
-6
-6
-6
-4
-2
2
4
4
4
3
0
-1
-1
0
1
3
3
4
4
1
-1
-2
-4
-5
-5
-3
-4
-3
-3
-4
-6
-8
-7
-7
-5
-2
0
2
2
1
-1
-4
-9
-13
-14
-13
-14
-13
-11
-12
-12
-13
-14
-13
-13
-12
-10
-7
-4
-3
-2
-4
-5
-8
-11
-12
-12
-12
-11
-9
-7
-5
-4
-4
-4
-3
-2
1
1
4
5
6
5
3
0
-3
-4
-4
-3
0
3
6
7
6
5
2
-1
-5
-6
-6
-5
-3
-1
1
0
-1
-3
-4
-7
-7
-7
-5
-5
-4
-4
-5
-8
-10
-12
-13
-13
-10
-8
-4
1
3
6
8
10
10
12
14
14
14
14
12
9
4
-1
-5
-7
-8
-5
-1
4
8
12
14
14
15
12
11
11
12
13
12
11
7
2
-6
-13
-19
-24
-27
-26
-23
-19
-15
-11
-9
-9
-9
-11
-10
-9
-8
-4
-1
1
4
5
5
7
7
7
7
4
4
1
-2
-7
-11
-12
-11
-6
2
11
20
29
35
38
35
29
20
11
1
-5
-9
-13
-11
-10
-6
-5
-3
-1
-1
3
2
4
5
5
6
5
3
1
0
0
0
0
2
1
0
-2
-5
-9
-9
-7
-3
5
14
23
30
33
32
26
17
7
-4
-12
-17
-19
-14
-8
0
9
17
22
24
24
19
14
6
-3
-12
-20
-25
-28
-25
-20
-10
2
13
24
30
33
29
21
9
-3
-12
-20
-22
-23
-18
-12
-6
1
4
7
7
8
7
7
8
7
9
10
9
9
9
6
4
1
0
-3
-6
-8
-8
-10
-9
-5
1
7
14
19
21
21
17
9
-1
-10
-18
-22
-22
-16
-9
2
12
21
27
29
26
21
13
5
-4
-10
-15
-19
-20
-19
-18
-14
-9
-3
6
14
22
29
32
35
32
28
22
15
9
2
-4
-10
-17
-21
-25
-27
-28
-25
-17
-5
9
22
34
42
45
42
34
23
8
-6
-18
-26
-31
-32
-30
-26
-19
-14
-10
-5
0
3
7
11
11
10
6
0
-9
-18
-26
-34
-36
-37
-35
-31
-28
-25
-23
-23
-21
-19
-15
-7
3
12
21
26
27
23
13
1
-12
-24
-32
-37
-38
-36
-32
-28
-24
-17
-11
-6
2
9
16
21
25
24
20
16
9
3
-1
-2
0
4
8
10
9
4
-2
-8
-13
-14
-13
-7
1
9
16
18
15
9
2
-6
-8
-8
-3
6
14
22
28
31
28
23
15
7
-1
-7
-11
-15
-18
-22
-24
-26
-28
-26
-22
-17
-10
-4
0
2
2
1
1
-1
1
4
9
13
15
13
5
-3
-14
-24
-29
-30
-25
-18
-8
1
6
6
1
-7
-17
-26
-30
-31
-27
-17
-5
7
19
31
37
42
43
41
34
24
14
2
-10
-21
-28
-29
-26
-19
-9
4
15
24
30
32
30
26
22
19
18
18
20
22
23
18
11
1
-12
-26
-36
-41
-42
-36
-24
-10
6
19
28
33
34
31
24
15
3
-8
-17
-25
-31
-32
-28
-21
-10
4
17
28
33
30
20
6
-13
-30
-43
-47
-42
-31
-14
7
28
44
53
53
46
34
20
5
-9
-20
-27
-28
-24
-18
-7
8
22
35
46
51
49
41
27
10
-8
-20
-27
-26
-15
1
19
34
47
51
48
39
26
13
4
-2
-1
3
10
15
19
20
16
8
0
-10
-20
-28
-34
-38
-39
-36
-32
-24
-14
-2
10
20
28
30
27
21
10
-2
-13
-23
-31
-34
-33
-32
-31
-25
-20
-15
-6
5
16
27
39
43
42
34
19
-1
-21
-40
-55
-59
-54
-41
-19
6
27
45
55
57
47
34
14
-10
-31
-49
-60
-65
-62
-53
-39
-21
0
16
28
35
36
28
16
3
-11
-18
-22
-22
-18
-9
-1
2
4
-1
-11
-22
-31
-40
-45
-42
-39
-34
-24
-17
-15
-11
-12
-15
-16
-17
-17
-18
-16
-18
-20
-21
-22
-23
-19
-11
-3
8
19
27
31
31
25
16
8
3
1
4
11
20
28
34
39
38
33
27
19
10
5
1
-6
-8
-9
-10
-8
0
8
17
30
39
43
43
37
20
0
-22
-43
-58
-63
-59
-47
-26
-5
14
30
39
38
32
22
7
-6
-16
-23
-24
-24
-19
-11
-2
9
22
30
35
38
34
27
16
1
-13
-26
-37
-41
-42
-36
-29
-22
-11
-3
5
11
15
17
20
22
19
17
13
7
0
-5
-12
-17
-19
-19
-16
-12
-8
-5
-3
0
3
5
11
16
20
25
26
25
23
19
12
5
0
-3
-2
2
9
17
23
30
33
32
29
25
18
13
9
8
9
12
15
16
16
14
10
6
2
-3
-9
-13
-16
-19
-19
-19
-19
-18
-17
-16
-13
-11
-8
-6
-5
-2
0
3
4
6
7
6
5
2
-3
-9
-12
-16
-16
-12
-5
5
14
22
28
29
24
15
4
-8
-17
-23
-24
-19
-12
-2
7
14
18
19
20
17
13
10
3
-3
-13
-24
-37
-52
-64
-73
-77
-73
-60
-39
-15
13
39
61
77
85
84
75
60
40
17
-4
-22
-36
-43
-42
-36
-24
-9
8
21
29
30
24
13
2
-12
-21
-22
-19
-8
5
19
25
27
21
5
-16
-38
-57
-71
-76
-70
-57
-38
-14
12
35
53
66
72
70
60
44
22
0
-20
-37
-43
-39
-26
-1
32
66
94
114
117
103
75
37
-5
-45
-75
-92
-94
-79
-54
-25
5
30
44
49
42
24
-2
-29
-56
-81
-97
-103
-100
-84
-57
-28
4
35
55
64
63
49
25
0
-23
-42
-50
-45
-31
-13
10
28
39
42
40
29
14
2
-14
-26
-32
-34
-35
-29
-22
-12
-1
12
24
31
37
36
24
8
-13
-38
-59
-75
-81
-80
-66
-46
-20
6
27
39
43
42
31
18
6
-4
-12
-12
-9
-7
-1
8
12
15
20
21
17
16
14
7
1
-5
-13
-19
-21
-25
-27
-25
-28
-32
-33
-36
-36
-30
-15
5
29
58
80
93
99
89
61
26
-12
-53
-84
-96
-98
-84
-55
-25
5
35
54
57
52
37
12
-13
-29
-44
-53
-45
-31
-13
15
46
69
85
96
89
69
44
12
-24
-50
-64
-72
-62
-34
-4
26
58
76
77
73
57
30
2
-19
-38
-48
-43
-33
-21
-5
11
21
29
38
37
29
23
9
-8
-22
-33
-43
-44
-37
-27
-12
8
24
30
30
20
3
-17
-33
-43
-42
-29
-6
27
65
100
129
144
143
131
107
74
39
6
-28
-55
-70
-76
-74
-58
-39
-21
-4
12
16
9
-4
-31
-64
-90
-107
-119
-113
-92
-66
-35
2
33
50
60
59
42
26
16
4
-6
-3
0
-1
6
14
11
5
4
-7
-17
-15
-12
-15
-9
2
5
14
32
45
52
64
74
73
77
83
73
62
58
48
35
34
37
28
23
23
12
0
-3
-14
-33
-41
-44
-52
-51
-40
-38
-38
-26
-17
-14
2
20
23
28
43
45
41
44
39
22
16
14
4
-1
3
-4
-15
-16
-23
-38
-46
-50
-63
-69
-60
-55
-52
-39
-32
-37
-36
-34
-44
-52
-54
-64
-74
-71
-69
-75
-72
-65
-70
-68
-58
-56
-61
-61
-65
-82
-91
-99
-115
-124
-121
-118
-108
-85
-63
-48
-33
-21
-23
-29
-35
-47
-63
-69
-71
-71
-60
-42
-30
-17
0
12
18
28
32
27
23
21
15
12
14
14
17
30
47
64
85
104
114
120
126
124
118
115
111
106
107
115
125
135
146
152
155
156
154
145
134
120
105
90
82
76
69
67
65
64
61
58
52
42
30
17
3
-5
-6
-6
-2
10
23
34
46
56
53
43
30
4
-26
-54
-88
-125
-156
-182
-207
-224
-230
-239
-243
-239
-239
-243
-243
-244
-257
-266
-270
-280
-285
-278
-272
-264
-245
-226
-216
-202
-188
-193
-201
-206
-225
-249
-262
-277
-300
-308
-304
-308
-300
-274
-257
-243
-214
-195
-189
-174
-158
-163
-160
-142
-132
-117
-77
-36
-1
55
114
155
202
256
287
311
350
377
391
427
465
490
529
584
622
661
717
753
769
797
812
797
786
779
742
705
686
653
612
595
577
538
513
496
453
412
386
338
280
241
199
143
108
84
45
22
19
5
-7
3
6
-10
-13
-18
-45
-70
-88
-130
-178
-210
-250
-299
-332
-364
-408
-444
-471
-510
-546
-570
-609
-658
-693
-726
-769
-797
-818
-844
-861
-858
-852
-840
-810
-783
-765
-735
-704
-681
-660
-640
-633
-632
-625
-623
-630
-630
-634
-652
-664
-664
-669
-673
-670
-668
-665
-639
-595
-541
-461
-347
-211
-41
184
442
715
1000
1278
1528
1754
1946
2069
2121
2118
2059
1946
1816
1680
1519
1350
1194
1036
883
753
616
446
268
88
-103
-290
-451
-600
-733
-816
-846
-837
-765
-637
-498
-351
-179
-10
134
265
368
419
440
447
429
393
366
328
269
214
172
119
60
2
-78
-174
-265
-348
-432
-496
-534
-563
-572
-534
-463
-377
-272
-160
-60
42
150
237
297
346
371
367
359
350
324
287
243
192
138
97
55
-4
-65
-121
-180
-233
-264
-293
-311
-308
-293
-261
-207
-141
-80
-22
38
82
116
145
154
147
135
111
68
32
-4
-54
-104
-153
-224
-295
-353
-424
-511
-589
-677
-781
-854
-899
-950
-980
-965
-944
-915
-838
-749
-689
-619
-550
-528
-509
-460
-458
-492
-493
-497
-535
-554
-551
-577
-588
-564
-577
-615
-608
-610
-675
-730
-752
-795
-815
-771
-690
-521
-198
185
542
953
1425
1852
2215
2492
2631
2661
2637
2520
2304
2102
1924
1693
1456
1285
1156
1052
972
834
627
440
254
2
-285
-555
-830
-1085
-1248
-1334
-1336
-1221
-1040
-853
-612
-294
9
260
475
624
699
745
757
711
651
598
505
401
348
322
279
234
176
73
-31
-125
-258
-414
-551
-682
-809
-865
-840
-781
-686
-542
-377
-192
22
219
365
496
611
668
692
718
721
680
622
550
463
388
308
191
61
-44
-151
-275
-381
-467
-547
-599
-624
-630
-597
-515
-428
-346
-239
-121
-16
74
153
208
252
291
294
280
269
236
158
61
-36
-162
-297
-436
-602
-766
-905
-1047
-1202
-1321
-1404
-1489
-1548
-1560
-1545
-1506
-1426
-1337
-1269
-1180
-1090
-1056
-1024
-946
-879
-859
-827
-787
-781
-767
-760
-790
-811
-798
-804
-814
-626
-229
190
577
985
1460
1977
2510
2863
2966
3020
3039
2919
2680
2485
2305
2030
1745
1469
1266
1197
1189
1032
713
502
337
79
-230
-563
-940
-1310
-1550
-1730
-1821
-1703
-1494
-1303
-1054
-628
-141
282
679
967
1133
1274
1394
1400
1313
1236
1087
885
762
703
647
573
510
398
240
116
-37
-271
-557
-858
-1175
-1450
-1588
-1669
-1725
-1705
-1605
-1420
-1165
-862
-583
-337
-95
81
200
293
384
439
424
400
392
493
696
862
970
1051
1159
1230
1246
1169
947
691
394
76
-210
-395
-498
-613
-650
-590
-435
-197
46
226
311
415
475
426
360
243
51
-189
-374
-506
-597
-598
-614
-641
-624
-552
-498
-516
-545
-656
-840
-1012
-1168
-1317
-1449
-1533
-1621
-1658
-1575
-1439
-1287
-1129
-970
-831
-712
-595
-533
-542
-578
-625
-680
-723
-727
-725
-741
-747
-764
-777
-760
-774
-838
-931
-845
-517
-98
305
664
1132
1705
2322
2784
2984
3120
3182
3144
2953
2741
2582
2320
2014
1660
1400
1285
1238
1118
802
574
414
211
-45
-371
-709
-1090
-1377
-1607
-1769
-1751
-1633
-1475
-1296
-944
-477
-39
398
756
1005
1198
1380
1473
1453
1404
1271
1056
866
729
599
453
319
181
13
-113
-208
-354
-539
-752
-982
-1187
-1286
-1320
-1354
-1329
-1233
-1054
-812
-534
-239
23
261
455
601
725
839
900
859
779
710
661
613
525
418
319
232
152
55
-44
-127
-218
-336
-448
-489
-481
-463
-440
-411
-318
-176
-15
119
231
354
447
500
525
551
549
485
369
200
49
-76
-223
-410
-608
-785
-952
-1089
-1219
-1341
-1453
-1562
-1653
-1720
-1714
-1668
-1637
-1605
-1547
-1441
-1311
-1167
-1065
-998
-894
-809
-737
-649
-557
-494
-470
-410
-389
-387
-394
-438
-471
-545
-615
-732
-675
-289
156
538
830
1276
1849
2447
2917
3015
3062
3086
3024
2782
2497
2360
2069
1721
1331
1047
969
957
900
546
292
187
6
-240
-572
-877
-1263
-1529
-1707
-1849
-1752
-1550
-1337
-1167
-803
-269
210
667
1015
1244
1412
1592
1669
1591
1503
1356
1119
906
793
701
604
498
348
162
11
-84
-251
-481
-762
-1046
-1264
-1382
-1425
-1492
-1485
-1387
-1203
-936
-655
-324
6
315
548
723
904
1044
1140
1129
1052
993
956
918
814
700
612
514
406
294
181
65
-61
-214
-398
-509
-549
-622
-702
-749
-722
-646
-549
-445
-358
-224
-98
-35
-3
42
96
54
-34
-144
-252
-315
-396
-506
-630
-697
-761
-868
-963
-1049
-1110
-1185
-1259
-1341
-1399
-1397
-1402
-1422
-1426
-1369
-1294
-1209
-1116
-1036
-946
-868
-792
-737
-664
-606
-583
-563
-573
-556
-565
-558
-569
-646
-736
-782
-541
-105
351
691
1023
1579
2211
2798
3085
3170
3246
3253
3144
2844
2632
2440
2127
1733
1320
1123
1033
978
748
405
232
96
-82
-393
-714
-1041
-1389
-1642
-1864
-1929
-1826
-1640
-1471
-1246
-790
-248
261
691
1022
1268
1479
1646
1679
1608
1488
1294
1038
849
730
624
512
391
265
141
97
47
-90
-293
-527
-722
-876
-949
-1028
-1107
-1092
-983
-775
-529
-232
75
363
633
842
1024
1183
1301
1314
1228
1140
1086
1053
966
813
654
529
421
292
139
-17
-175
-365
-561
-723
-810
-878
-978
-1060
-1074
-992
-893
-796
-709
-628
-529
-470
-435
-414
-391
-417
-518
-609
-669
-689
-722
-780
-834
-867
-849
-849
-889
-946
-1023
-1128
-1263
-1390
-1488
-1556
-1600
-1652
-1666
-1610
-1502
-1356
-1231
-1100
-958
-805
-653
-560
-456
-380
-337
-317
-321
-272
-258
-249
-300
-265
66
539
1007
1327
1722
2245
2791
3259
3426
3479
3459
3379
3143
2781
2557
2279
1931
1516
1168
1002
912
873
629
359
215
83
-91
-394
-671
-998
-1312
-1547
-1768
-1838
-1775
-1610
-1466
-1236
-792
-298
183
597
924
1170
1374
1520
1519
1436
1326
1146
902
693
549
454
368
280
175
87
89
59
-61
-251
-460
-647
-829
-957
-1079
-1146
-1120
-1036
-860
-630
-318
10
311
595
820
1044
1211
1298
1289
1198
1107
994
895
773
639
537
439
345
246
177
110
4
-128
-283
-417
-511
-609
-729
-835
-867
-856
-840
-801
-742
-675
-613
-575
-566
-558
-550
-604
-724
-832
-907
-969
-1046
-1127
-1184
-1216
-1222
-1237
-1263
-1269
-1274
-1312
-1395
-1473
-1523
-1564
-1586
-1593
-1560
-1472
-1353
-1198
-1050
-890
-700
-514
-343
-223
-94
-1
44
57
16
21
3
-60
-201
-240
58
506
930
1205
1559
2116
2726
3238
3390
3439
3479
3432
3211
2835
2603
2334
1991
1574
1201
1083
1048
1024
775
519
439
331
153
-178
-492
-833
-1175
-1451
-1737
-1836
-1798
-1692
-1588
-1379
-929
-433
49
444
753
1023
1275
1444
1434
1339
1213
1017
760
547
384
264
154
22
-95
-168
-126
-133
-239
-396
-583
-713
-854
-950
-1069
-1157
-1132
-1064
-878
-641
-306
54
369
683
942
1232
1439
1527
1508
1411
1351
1254
1133
951
766
638
516
413
308
232
147
32
-109
-266
-375
-466
-581
-745
-869
-904
-885
-833
-782
-704
-605
-487
-404
-365
-309
-300
-367
-510
-658
-773
-893
-1004
-1150
-1270
-1328
-1365
-1391
-1429
-1428
-1448
-1502
-1559
-1623
-1654
-1700
-1747
-1787
-1788
-1703
-1593
-1447
-1292
-1109
-888
-662
-438
-250
-82
36
113
141
139
130
66
-65
-208
-114
224
636
976
1280
1758
2350
2952
3307
3438
3549
3567
3462
3148
2874
2643
2297
1893
1435
1194
1111
1093
984
735
646
577
479
268
-21
-306
-681
-998
-1327
-1564
-1636
-1640
-1586
-1505
-1208
-770
-312
137
504
834
1116
1351
1457
1424
1324
1145
880
605
383
204
64
-70
-196
-309
-351
-336
-374
-462
-609
-758
-894
-1024
-1129
-1247
-1304
-1319
-1289
-1164
-937
-580
-196
167
515
857
1210
1483
1656
1734
1724
1683
1572
1390
1185
978
785
551
344
202
82
0
-110
-213
-302
-346
-365
-459
-530
-571
-593
-603
-603
-549
-512
-438
-376
-347
-274
-191
-151
-228
-328
-421
-546
-666
-803
-953
-1108
-1226
-1339
-1458
-1524
-1574
-1666
-1781
-1848
-1892
-1921
-1941
-1955
-1960
-1908
-1790
-1689
-1554
-1382
-1178
-971
-763
-524
-322
-108
59
157
221
270
340
307
210
76
61
287
600
904
1135
1519
2048
2574
2988
3184
3359
3442
3397
3171
2867
2674
2383
2012
1567
1239
1115
1031
961
762
652
632
561
440
198
-27
-331
-661
-971
-1275
-1411
-1491
-1532
-1537
-1398
-1044
-647
-224
160
508
860
1153
1343
1395
1371
1278
1060
814
591
390
234
70
-96
-248
-314
-306
-363
-452
-584
-725
-860
-1026
-1185
-1340
-1372
-1353
-1357
-1251
-987
-582
-201
139
451
763
1131
1394
1510
1534
1553
1522
1378
1235
1087
951
810
651
491
377
376
322
185
39
-68
-156
-272
-390
-543
-648
-687
-724
-739
-677
-525
-414
-337
-244
-129
-6
44
-5
-141
-269
-393
-576
-770
-958
-1123
-1277
-1394
-1464
-1507
-1510
-1544
-1612
-1669
-1697
-1729
-1798
-1861
-1907
-1906
-1833
-1750
-1642
-1480
-1281
-1071
-878
-653
-437
-228
-20
116
214
258
300
311
242
154
-10
-36
149
444
747
981
1367
1841
2370
2806
3017
3188
3243
3224
3044
2801
2642
2368
2051
1649
1359
1242
1169
1128
942
818
744
651
528
290
56
-267
-595
-919
-1222
-1382
-1487
-1521
-1535
-1426
-1147
-778
-355
29
401
731
1026
1231
1324
1337
1244
1068
817
590
387
224
75
-90
-208
-291
-303
-340
-398
-479
-604
-710
-865
-1003
-1129
-1183
-1181
-1192
-1112
-958
-669
-336
7
346
650
1009
1290
1494
1598
1642
1625
1500
1375
1195
1025
851
664
491
333
258
149
35
-67
-142
-211
-313
-384
-487
-550
-593
-652
-697
-701
-608
-544
-469
-385
-307
-212
-166
-138
-192
-248
-325
-470
-609
-760
-872
-1011
-1137
-1239
-1365
-1435
-1501
-1558
-1615
-1653
-1669
-1715
-1729
-1732
-1712
-1648
-1576
-1500
-1413
-1278
-1126
-980
-810
-614
-440
-291
-156
-38
74
145
177
171
156
108
-11
-16
169
461
722
927
1259
1725
2281
2703
2909
3079
3203
3259
3120
2911
2745
2503
2207
1802
1478
1315
1231
1118
839
636
526
442
315
74
-166
-448
-707
-989
-1270
-1417
-1501
-1539
-1583
-1508
-1249
-900
-512
-172
161
506
845
1104
1241
1313
1316
1216
1019
809
626
474
294
72
-120
-224
-219
-238
-307
-391
-468
-525
-638
-721
-790
-843
-883
-934
-871
-721
-472
-228
-13
281
595
936
1202
1426
1620
1704
1735
1654
1538
1384
1173
919
593
347
159
-5
-139
-266
-330
-377
-390
-409
-455
-468
-500
-564
-657
-717
-724
-738
-760
-780
-777
-716
-632
-578
-543
-505
-468
-495
-553
-605
-691
-802
-959
-1120
-1264
-1381
-1462
-1573
-1650
-1683
-1691
-1680
-1662
-1593
-1530
-1442
-1337
-1250
-1137
-1005
-861
-774
-690
-565
-415
-248
-103
18
107
216
300
334
332
283
195
90
161
351
577
777
971
1307
1708
2153
2435
2589
2744
2813
2836
2713
2620
2502
2282
2030
1683
1479
1343
1247
1079
820
692
550
451
290
80
-135
-425
-675
-978
-1170
-1261
-1345
-1415
-1471
-1338
-1111
-810
-513
-255
33
311
577
752
902
1002
984
863
693
571
456
348
179
-9
-120
-154
-143
-180
-204
-239
-286
-336
-404
-429
-447
-456
-504
-541
-470
-328
-157
-14
150
355
582
811
997
1163
1311
1407
1423
1393
1356
1285
1147
952
737
534
362
200
38
-112
-228
-316
-402
-457
-504
-551
-602
-667
-724
-772
-787
-814
-864
-909
-944
-946
-947
-951
-964
-975
-962
-965
-970
-977
-981
-997
-1049
-1103
-1161
-1201
-1252
-1330
-1403
-1455
-1474
-1487
-1487
-1454
-1395
-1316
-1243
-1163
-1050
-935
-837
-770
-687
-561
-441
-330
-242
-142
-24
63
140
188
229
223
186
260
452
731
953
1137
1413
1786
2220
2520
2703
2847
2944
3003
2932
2840
2732
2565
2319
1979
1725
1528
1361
1143
864
657
476
340
168
-42
-238
-470
-707
-966
-1151
-1255
-1352
-1430
-1489
-1439
-1277
-1051
-815
-589
-316
-24
232
444
630
786
859
829
740
648
588
517
374
219
114
71
37
-23
-79
-148
-207
-286
-390
-463
-515
-553
-629
-689
-669
-597
-458
-306
-129
76
315
601
856
1107
1319
1460
1538
1552
1546
1479
1366
1214
1008
816
638
500
369
243
151
57
-12
-77
-138
-215
-334
-478
-657
-821
-958
-1076
-1183
-1291
-1350
-1353
-1311
-1254
-1193
-1118
-1047
-974
-918
-882
-864
-868
-902
-976
-1038
-1087
-1131
-1184
-1229
-1241
-1239
-1209
-1181
-1152
-1114
-1075
-1039
-1032
-991
-939
-887
-843
-815
-746
-650
-512
-403
-312
-193
-81
32
93
155
196
202
185
132
182
336
555
737
915
1218
1584
1981
2293
2532
2722
2851
2927
2877
2818
2746
2605
2353
2039
1821
1640
1484
1281
1044
846
682
561
384
201
13
-206
-463
-741
-944
-1122
-1266
-1406
-1520
-1542
-1475
-1316
-1159
-979
-768
-551
-337
-162
23
167
266
306
291
295
303
317
271
201
166
156
176
163
149
123
82
29
-50
-102
-148
-199
-270
-336
-324
-261
-180
-105
-6
127
262
399
527
664
792
879
917
922
946
977
955
879
807
768
739
701
643
569
497
427
325
191
62
-57
-198
-378
-544
-672
-780
-889
-1005
-1099
-1161
-1171
-1163
-1163
-1139
-1092
-1044
-1029
-1019
-985
-959
-951
-964
-969
-949
-901
-838
-812
-799
-769
-745
-744
-759
-760
-782
-835
-898
-958
-985
-982
-971
-976
-966
-904
-813
-720
-619
-496
-377
-278
-199
-137
-77
-25
0
-8
-10
4
26
100
250
470
694
903
1140
1425
1756
2032
2222
2348
2444
2523
2525
2490
2423
2324
2182
1991
1830
1698
1589
1437
1237
1051
884
730
539
313
96
-109
-309
-528
-719
-869
-1000
-1115
-1224
-1293
-1311
-1287
-1252
-1226
-1167
-1062
-944
-836
-720
-574
-435
-310
-178
-54
82
211
300
335
353
402
414
378
328
295
268
229
220
215
231
269
294
300
317
386
431
424
406
385
363
324
288
240
201
203
217
242
296
387
470
521
569
601
612
593
544
457
348
238
112
-21
-149
-258
-355
-442
-512
-571
-602
-628
-659
-696
-735
-762
-798
-828
-858
-875
-875
-870
-849
-819
-754
-683
-617
-541
-465
-387
-332
-296
-282
-289
-315
-376
-449
-517
-568
-615
-654
-670
-669
-643
-619
-600
-583
-561
-542
-544
-549
-552
-552
-543
-519
-481
-435
-362
-275
-190
-97
0
94
173
233
262
271
313
390
462
520
594
720
878
1048
1202
1335
1478
1612
1696
1725
1739
1756
1723
1623
1484
1348
1239
1132
1008
873
765
691
629
566
497
422
329
209
70
-83
-244
-424
-617
-794
-942
-1051
-1117
-1137
-1110
-1037
-924
-790
-641
-478
-320
-203
-134
-90
-66
-62
-76
-112
-157
-182
-175
-150
-115
-43
51
141
225
308
387
445
486
492
463
429
398
364
328
314
319
325
350
403
471
529
572
604
616
611
580
505
400
285
167
23
-128
-252
-358
-453
-543
-610
-655
-682
-694
-717
-737
-738
-716
-700
-693
-661
-610
-543
-470
-390
-291
-178
-48
62
149
233
311
364
368
353
324
285
234
163
101
53
15
-26
-70
-99
-129
-167
-224
-298
-365
-436
-520
-614
-693
-744
-783
-803
-803
-774
-715
-630
-533
-434
-326
-218
-132
-62
-2
42
59
56
52
52
59
73
88
108
132
164
194
212
224
217
191
150
112
83
51
25
1
-11
0
33
93
157
224
291
345
402
456
506
530
525
508
484
476
474
485
501
519
543
569
616
650
676
682
663
643
612
579
521
459
398
321
252
188
148
113
87
69
42
35
32
24
-13
-68
-119
-180
-229
-271
-306
-331
-337
-313
-280
-217
-138
-61
10
74
138
185
216
221
195
152
101
45
-27
-97
-162
-226
-293
-353
-400
-442
-483
-537
-595
-641
-677
-719
-775
-822
-841
-842
-828
-799
-742
-654
-543
-422
-293
-152
-2
130
242
339
423
494
540
572
590
608
630
644
658
670
689
707
717
715
688
653
604
540
458
352
250
145
50
-40
-122
-176
-218
-239
-256
-263
-257
-247
-233
-239
-246
-252
-263
-278
-303
-322
-336
-340
-335
-327
-311
-289
-260
-235
-214
-198
-195
-210
-235
-257
-277
-298
-318
-331
-330
-314
-283
-252
-220
-187
-160
-142
-134
-125
-127
-138
-158
-175
-171
-150
-109
-68
-18
52
135
232
314
384
440
484
526
552
569
570
557
542
520
512
512
518
523
518
529
548
574
583
566
544
514
486
438
376
321
271
237
200
175
174
187
212
226
245
260
266
259
229
189
135
70
-7
-85
-158
-235
-308
-373
-424
-459
-492
-522
-554
-575
-594
-622
-649
-680
-714
-750
-779
-791
-780
-745
-703
-654
-590
-510
-420
-335
-252
-179
-120
-74
-38
-3
34
67
81
86
101
134
176
212
247
277
309
339
365
382
389
390
375
361
353
347
334
314
303
293
289
287
287
290
285
282
274
269
264
246
217
180
155
133
105
75
43
8
-32
-68
-101
-133
-167
-210
-253
-286
-304
-320
-338
-352
-357
-360
-364
-363
-357
-347
-349
-363
-377
-377
-370
-375
-386
-390
-375
-343
-310
-278
-243
-195
-142
-90
-38
5
42
68
96
121
143
162
168
180
197
227
262
294
329
353
376
395
413
427
424
415
395
381
376
373
373
369
375
381
393
417
439
462
475
483
483
477
470
446
412
362
302
234
161
95
28
-44
-114
-181
-233
-267
-293
-326
-368
-407
-442
-471
-499
-536
-574
-609
-629
-631
-623
-601
-574
-542
-505
-458
-397
-339
-287
-250
-221
-195
-174
-151
-137
-123
-114
-107
-93
-71
-37
-13
7
28
47
73
94
116
136
163
195
216
238
265
295
317
330
342
349
355
357
352
348
341
332
312
291
279
264
251
239
231
227
219
214
208
205
200
182
160
133
108
76
39
4
-31
-59
-90
-121
-145
-166
-180
-202
-226
-255
-290
-320
-355
-386
-415
-436
-446
-456
-453
-443
-421
-385
-344
-304
-265
-220
-169
-117
-69
-32
-5
15
29
41
49
50
49
44
41
44
56
73
90
111
130
146
160
173
190
200
207
213
222
244
278
314
345
379
415
446
475
493
502
497
487
470
443
411
370
322
267
212
154
92
29
-31
-89
-139
-184
-230
-274
-320
-358
-393
-422
-447
-472
-484
-487
-474
-449
-414
-376
-337
-290
-241
-188
-134
-83
-45
-22
-7
3
11
11
-3
-25
-47
-56
-59
-56
-49
-45
-42
-39
-30
-20
-6
4
9
17
25
37
44
52
59
64
70
74
86
102
118
131
135
141
142
142
135
130
132
133
137
138
141
146
146
143
136
133
126
119
110
107
108
107
97
79
60
38
15
-5
-21
-34
-51
-76
-103
-120
-135
-161
-195
-227
-247
-257
-257
-249
-239
-224
-211
-196
-174
-144
-112
-90
-65
-37
-6
28
53
68
73
71
67
62
65
70
70
63
58
62
61
51
30
2
-19
-39
-53
-66
-68
-60
-56
-45
-30
-1
36
74
112
145
183
219
242
252
248
235
209
178
145
111
87
58
26
-7
-36
-61
-94
-128
-163
-189
-201
-208
-213
-216
-208
-192
-177
-161
-142
-114
-80
-44
-6
34
78
114
135
144
150
155
158
151
136
116
96
75
45
9
-34
-76
-115
-144
-162
-166
-158
-148
-136
-120
-101
-78
-55
-39
-27
-12
8
31
53
65
70
68
61
54
49
51
52
50
49
53
62
70
70
57
41
30
24
22
22
21
16
11
9
11
14
20
23
26
35
50
66
78
79
68
49
29
6
-15
-37
-56
-74
-86
-90
-88
-81
-76
-67
-52
-29
0
29
58
81
97
102
102
96
85
72
53
36
27
24
17
5
-8
-25
-40
-55
-69
-81
-89
-88
-91
-93
-91
-83
-71
-65
-58
-48
-28
0
27
53
70
90
106
117
128
136
141
137
130
125
116
101
72
38
-1
-38
-74
-111
-142
-170
-193
-216
-235
-247
-254
-254
-249
-235
-211
-171
-121
-70
-17
33
86
135
180
218
249
279
304
329
344
351
350
341
327
307
285
262
235
203
166
126
88
48
2
-48
-93
-126
-145
-158
-165
-166
-160
-154
-150
-147
-143
-141
-141
-144
-147
-144
-137
-131
-131
-130
-131
-128
-121
-115
-108
-95
-83
-74
-72
-70
-66
-67
-74
-85
-90
-88
-80
-77
-74
-69
-60
-54
-59
-64
-66
-63
-61
-65
-71
-71
-71
-75
-82
-87
-86
-77
-67
-49
-20
17
55
85
115
144
174
196
212
225
234
247
253
255
252
244
233
211
187
163
141
117
86
57
24
-4
-29
-54
-77
-95
-102
-104
-95
-76
-52
-27
-4
17
31
44
56
58
53
42
32
17
-1
-21
-41
-56
-74
-92
-108
-119
-124
-133
-147
-165
-182
-205
-231
-255
-277
-295
-307
-309
-297
-271
-232
-187
-136
-76
-12
54
114
173
225
266
294
312
329
338
344
342
338
338
342
348
351
351
347
333
314
289
262
229
191
150
112
82
59
42
26
11
0
-9
-19
-25
-34
-49
-71
-95
-118
-136
-152
-170
-187
-200
-208
-207
-200
-190
-181
-176
-170
-163
-152
-144
-139
-135
-132
-129
-130
-132
-132
-131
-135
-143
-149
-150
-143
-136
-134
-134
-133
-133
-138
-146
-152
-154
-156
-155
-148
-129
-98
-61
-22
17
60
105
148
183
212
238
256
270
278
282
286
290
292
291
291
291
287
276
261
239
207
171
132
92
58
27
2
-17
-23
-17
-8
8
24
39
53
64
73
74
72
63
46
24
2
-19
-39
-56
-76
-94
-102
-107
-107
-111
-118
-127
-141
-154
-166
-181
-192
-202
-211
-213
-207
-194
-177
-156
-132
-102
-67
-29
15
58
99
133
162
187
207
222
227
227
225
224
227
228
227
225
222
217
210
203
196
187
174
156
138
123
106
86
63
38
15
-3
-21
-38
-55
-77
-101
-130
-159
-188
-217
-248
-278
-304
-323
-332
-339
-345
-348
-349
-347
-341
-333
-323
-316
-311
-308
-303
-300
-296
-294
-296
-295
-290
-277
-263
-248
-233
-224
-215
-209
-206
-208
-211
-217
-222
-223
-218
-205
-186
-162
-134
-100
-61
-15
34
81
122
159
193
221
242
258
270
279
288
299
313
329
346
361
372
386
401
415
421
426
431
435
441
444
446
447
447
448
449
456
465
472
477
482
488
490
489
481
467
451
428
403
375
348
316
282
248
215
186
162
137
115
96
79
67
55
45
35
28
22
20
19
21
27
34
44
55
68
83
98
107
114
117
118
114
100
80
55
30
2
-29
-60
-90
-117
-144
-171
-194
-214
-230
-250
-271
-287
-301
-314
-330
-348
-366
-384
-404
-425
-447
-471
-495
-521
-547
-572
-598
-623
-645
-665
-680
-690
-696
-697
-694
-688
-678
-664
-647
-628
-607
-584
-561
-536
-511
-487
-465
-441
-416
-390
-362
-333
-303
-272
-240
-209
-180
-154
-133
-115
-104
-92
-81
-75
-65
-57
-47
-31
-9
19
51
89
128
172
217
258
296
326
349
366
375
381
385
388
391
395
404
414
426
437
449
460
470
477
479
479
475
466
453
438
424
410
399
389
383
381
381
381
379
375
368
356
340
322
304
285
265
246
225
206
188
168
147
122
94
64
36
6
-24
-54
-82
-110
-136
-158
-175
-186
-192
-194
-193
-187
-177
-166
-158
-152
-148
-141
-133
-128
-124
-119
-111
-103
-95
-87
-78
-69
-62
-56
-50
-41
-30
-23
-20
-18
-14
-9
-5
-2
5
12
21
32
45
59
67
70
67
62
55
43
25
1
-24
-46
-68
-87
-105
-121
-132
-139
-142
-140
-132
-120
-108
-98
-93
-87
-78
-63
-51
-46
-36
-22
-3
18
38
60
85
109
125
132
140
148
149
139
118
96
75
54
30
6
-16
-36
-54
-69
-80
-89
-96
-103
-113
-122
-124
-122
-115
-108
-106
-102
-93
-80
-64
-51
-38
-25
-13
-1
11
24
34
41
44
45
49
60
70
80
91
103
117
129
140
150
162
171
175
175
174
171
164
153
140
127
113
95
80
68
59
52
42
30
13
-2
-15
-24
-35
-51
-68
-82
-85
-84
-88
-90
-88
-81
-73
-66
-51
-25
5
15
2
-12
-11
-3
2
-5
-21
-28
-24
-22
-23
-23
-26
-36
-50
-60
-60
-50
-40
-35
-34
-32
-36
-39
-33
-31
-29
-23
-18
-11
4
13
17
18
12
-4
-18
-27
-36
-37
-27
-24
-26
-23
-21
-18
-12
-5
2
13
24
28
36
54
60
46
29
14
2
-3
-3
-2
8
25
27
5
-14
-19
-12
9
22
21
23
40
51
50
60
75
73
61
48
42
63
98
112
110
106
86
52
36
32
33
33
19
-6
-17
-16
-18
-27
-40
-62
-88
-106
-116
-110
-93
-86
-102
-121
-117
-96
-76
-72
-72
-62
-35
-13
-5
2
10
5
-11
-11
4
23
36
29
11
15
43
71
94
108
105
99
105
111
117
128
119
83
47
25
14
12
17
13
-4
-36
-86
-113
-79
-14
20
8
-25
-51
-53
-32
-2
17
1
-56
-113
-116
-58
17
65
65
19
-31
-41
-3
52
94
105
80
47
35
56
97
116
75
0
-63
-96
-97
-62
-23
-9
-24
-54
-84
-90
-66
-26
1
-15
-61
-91
-67
-15
13
6
-26
-66
-103
-109
-77
-28
0
-5
-22
-16
10
26
36
49
57
47
20
-3
-3
15
24
16
9
1
-14
-13
18
66
104
122
122
132
175
225
256
258
241
219
213
217
213
197
169
132
122
157
199
198
156
109
72
57
71
97
91
23
-62
-77
-2
66
29
-76
-144
-144
-112
-82
-64
-57
-67
-86
-92
-60
-8
-6
-72
-130
-115
-43
0
-26
-61
-51
-20
-27
-54
-41
2
10
-17
-6
61
103
63
-12
-32
5
25
-15
-79
-100
-72
-49
-51
-62
-87
-131
-172
-171
-129
-101
-126
-177
-181
-115
-82
-148
-245
-271
-201
-131
-165
-253
-255
-155
-76
-90
-118
-110
-89
-69
-45
-11
14
-9
-45
-40
-42
-67
-85
-91
-118
-156
-148
-106
-93
-123
-157
-162
-145
-152
-168
-146
-126
-126
-122
-126
-154
-183
-165
-115
-106
-157
-198
-165
-68
-1
-19
-57
-74
-80
-52
8
47
22
-31
-9
77
117
93
58
51
60
77
141
230
237
161
145
239
318
268
171
147
172
205
235
235
209
189
202
228
204
146
136
170
178
148
153
212
218
148
115
154
174
131
88
110
164
188
184
179
185
182
166
170
170
130
109
134
156
143
97
58
61
76
65
29
-6
-24
-19
24
43
-7
-62
-76
-65
-51
-66
-96
-99
-105
-140
-147
-119
-117
-157
-193
-198
-177
-146
-170
-250
-283
-245
-211
-244
-340
-395
-334
-272
-310
-367
-361
-344
-376
-431
-444
-408
-401
-461
-493
-424
-347
-351
-409
-451
-410
-307
-281
-360
-386
-283
-176
-186
-257
-259
-177
-140
-195
-208
-99
3
21
51
158
273
323
346
413
516
591
639
715
831
935
987
1022
1071
1128
1173
1198
1212
1229
1260
1287
1276
1245
1236
1232
1188
1104
1019
961
912
833
747
685
606
487
380
323
270
174
61
-10
-36
-71
-158
-250
-290
-308
-351
-420
-483
-505
-488
-477
-496
-511
-495
-472
-475
-486
-479
-471
-486
-506
-503
-489
-498
-527
-538
-542
-590
-665
-689
-649
-640
-706
-782
-806
-781
-761
-797
-871
-919
-912
-894
-911
-957
-982
-953
-891
-863
-875
-869
-829
-781
-741
-731
-755
-772
-746
-703
-672
-667
-668
-637
-592
-571
-569
-547
-507
-453
-329
-120
92
223
305
464
718
893
881
850
1015
1313
1507
1550
1634
1867
2086
2092
1977
1959
2027
1991
1848
1769
1802
1797
1663
1493
1373
1218
941
635
441
327
161
-64
-230
-290
-350
-503
-698
-834
-907
-988
-1087
-1133
-1102
-1052
-1027
-997
-941
-892
-880
-879
-831
-727
-633
-580
-500
-345
-185
-102
-74
-18
86
188
242
286
367
467
541
594
651
707
740
738
727
734
741
721
682
654
638
634
650
647
587
529
523
517
452
370
325
309
294
265
220
186
185
172
116
67
55
35
1
-2
16
-3
-60
-104
-123
-161
-244
-330
-377
-405
-443
-489
-543
-597
-628
-659
-735
-831
-887
-912
-952
-1016
-1060
-1058
-1047
-1096
-1199
-1264
-1267
-1266
-1284
-1292
-1292
-1299
-1313
-1311
-1294
-1307
-1356
-1381
-1357
-1340
-1359
-1381
-1393
-1389
-1360
-1365
-1440
-1379
-936
-355
-194
-399
-239
501
1030
778
365
675
1544
2057
1932
1890
2489
3212
3279
2901
2872
3214
3253
2928
2869
3186
3273
2926
2679
2781
2732
2176
1512
1262
1293
1074
530
164
232
299
-48
-541
-740
-781
-1031
-1397
-1529
-1435
-1406
-1497
-1505
-1382
-1307
-1397
-1531
-1516
-1362
-1285
-1343
-1295
-1005
-711
-637
-646
-533
-354
-255
-225
-164
-3
221
409
520
623
774
886
885
872
920
933
886
900
1005
1055
997
930
888
812
685
539
415
347
323
286
205
138
111
49
-90
-211
-255
-299
-369
-371
-283
-224
-224
-191
-118
-85
-107
-117
-73
-17
-2
-4
22
67
82
41
-23
-70
-117
-194
-279
-337
-383
-468
-573
-655
-731
-832
-953
-1051
-1103
-1156
-1258
-1350
-1373
-1387
-1474
-1597
-1666
-1666
-1659
-1695
-1746
-1739
-1658
-1568
-1537
-1560
-1558
-1502
-1455
-1464
-1468
-1389
-1275
-1205
-1053
-620
-90
113
58
280
871
1239
1061
866
1233
1941
2347
2324
2396
2902
3442
3460
3117
3025
3232
3239
2964
2862
3037
3057
2780
2556
2510
2301
1772
1268
1078
1002
714
283
73
155
142
-210
-618
-749
-758
-955
-1231
-1299
-1197
-1141
-1153
-1131
-1085
-1089
-1141
-1162
-1118
-1055
-1034
-1017
-885
-655
-512
-518
-506
-386
-291
-284
-244
-113
16
123
264
420
506
515
497
503
543
552
482
428
511
627
589
451
395
389
276
70
-84
-138
-165
-214
-269
-297
-308
-356
-448
-517
-533
-541
-558
-527
-418
-300
-242
-211
-131
-39
-18
-58
-50
42
142
180
184
221
285
294
220
133
88
51
-20
-95
-141
-179
-245
-332
-401
-459
-557
-688
-780
-818
-874
-975
-1052
-1064
-1074
-1135
-1232
-1314
-1343
-1333
-1343
-1407
-1441
-1379
-1306
-1341
-1417
-1408
-1365
-1368
-1387
-1393
-1344
-1081
-591
-231
-208
-142
313
825
891
654
717
1268
1844
2014
1978
2269
2899
3250
3034
2780
2917
3084
2903
2687
2787
2926
2778
2538
2458
2345
1947
1428
1126
1048
876
469
130
143
240
-8
-467
-683
-662
-788
-1104
-1268
-1157
-1026
-1037
-1065
-985
-890
-925
-1031
-1038
-931
-864
-887
-824
-583
-355
-322
-371
-285
-102
-40
-113
-98
106
329
416
432
505
618
648
571
487
473
489
476
467
497
508
438
330
263
186
24
-156
-245
-254
-275
-340
-397
-400
-403
-480
-601
-661
-630
-567
-518
-465
-381
-285
-196
-117
-61
-45
-61
-62
-4
96
156
150
143
175
183
115
10
-68
-118
-172
-239
-304
-355
-405
-475
-559
-632
-715
-822
-895
-915
-949
-1018
-1045
-1014
-1012
-1079
-1157
-1196
-1211
-1216
-1213
-1199
-1146
-1060
-1010
-1025
-1049
-1064
-1083
-1095
-1123
-1141
-957
-496
-106
-48
-18
348
803
868
642
673
1143
1652
1819
1804
2058
2628
2980
2790
2501
2585
2783
2669
2427
2449
2606
2539
2303
2144
1997
1667
1227
907
751
563
218
-89
-122
-50
-244
-663
-909
-898
-959
-1216
-1381
-1278
-1120
-1091
-1106
-1035
-911
-853
-884
-900
-832
-742
-681
-580
-374
-175
-103
-82
17
136
165
163
225
333
431
514
604
715
801
804
757
728
723
691
639
635
681
689
642
594
548
455
308
154
41
-25
-80
-131
-152
-149
-180
-267
-367
-440
-496
-554
-580
-554
-505
-457
-414
-377
-346
-343
-391
-441
-426
-369
-341
-330
-286
-232
-239
-299
-340
-356
-416
-519
-591
-604
-592
-599
-644
-703
-738
-759
-803
-861
-880
-853
-840
-870
-878
-840
-816
-825
-818
-805
-818
-831
-788
-694
-619
-596
-599
-593
-575
-581
-641
-694
-663
-618
-586
-359
81
371
342
346
630
900
835
679
873
1349
1659
1675
1726
2085
2530
2571
2238
2076
2249
2322
2131
2050
2233
2323
2105
1828
1688
1508
1136
748
524
412
254
7
-152
-104
-129
-471
-868
-980
-938
-1072
-1282
-1251
-1046
-950
-998
-1011
-913
-810
-818
-891
-881
-732
-584
-513
-365
-137
-24
-48
-44
71
185
213
303
512
653
675
727
844
949
982
911
838
891
901
963
1550
2141
1903
1336
1073
998
999
936
619
161
-94
23
93
-248
-676
-913
-1011
-1026
-1092
-1174
-1061
-862
-834
-928
-1010
-1077
-1002
-734
-553
-539
-502
-374
-188
-125
-332
-523
-510
-457
-449
-543
-653
-602
-576
-771
-1030
-1216
-1299
-1281
-1295
-1391
-1434
-1361
-1264
-1204
-1194
-1277
-1364
-1332
-1212
-1087
-1011
-896
-671
-502
-459
-454
-455
-407
-331
-362
-426
-364
-257
-252
-305
-311
-322
-285
108
851
1431
1603
1659
1791
1854
1819
1862
2079
2406
2672
2752
2816
3099
3325
3029
2383
1942
1780
1603
1419
1436
1492
1235
684
145
-244
-538
-842
-1172
-1359
-1330
-1259
-1241
-1150
-973
-946
-1163
-1308
-1124
-805
-525
-211
153
436
564
616
695
819
902
845
711
696
836
937
860
714
576
294
-77
-290
-356
-377
-378
-412
-416
-286
-130
-73
-68
-83
-145
-202
-114
180
536
771
855
887
959
1022
992
917
881
830
693
595
638
674
580
367
62
-215
-382
-477
-513
-496
-499
-573
-703
-780
-792
-841
-917
-952
-943
-885
-787
-693
-610
-580
-714
-929
-998
-988
-1058
-1118
-1121
-1167
-1226
-1302
-1454
-1589
-1658
-1752
-1878
-1908
-1826
-1745
-1691
-1606
-1541
-1514
-1450
-1341
-1179
-954
-752
-601
-437
-231
-32
102
204
318
425
471
434
388
402
419
324
176
350
1073
1893
2266
2249
2150
2055
1921
1845
1971
2298
2638
2750
2683
2780
2996
2808
2141
1498
1157
968
850
941
1171
1165
716
34
-505
-748
-900
-1113
-1225
-1086
-859
-763
-700
-504
-354
-506
-773
-745
-364
73
410
684
856
843
679
506
466
536
509
341
234
284
323
197
-6
-194
-457
-783
-962
-884
-698
-582
-548
-516
-422
-234
-38
71
173
316
406
512
820
1219
1433
1458
1431
1366
1294
1286
1282
1205
1068
865
618
435
352
253
48
-210
-430
-579
-643
-620
-546
-516
-608
-760
-812
-734
-655
-639
-641
-626
-603
-582
-560
-533
-528
-610
-782
-939
-1004
-1034
-1110
-1245
-1383
-1517
-1694
-1880
-1976
-2000
-2049
-2139
-2214
-2216
-2148
-2087
-2052
-1939
-1719
-1515
-1349
-1132
-907
-761
-664
-573
-455
-278
-77
98
269
445
523
458
385
350
265
143
13
-1
513
1552
2387
2597
2504
2369
2182
2076
2175
2409
2738
3043
3102
3032
3124
3171
2719
1907
1292
1023
873
834
990
1081
782
120
-574
-1007
-1161
-1214
-1266
-1207
-970
-731
-624
-517
-320
-260
-456
-553
-248
273
722
1038
1210
1184
972
679
469
428
460
390
217
109
101
-13
-310
-575
-768
-1077
-1367
-1337
-1080
-870
-758
-701
-686
-602
-386
-162
33
294
508
556
701
1071
1361
1418
1411
1370
1257
1170
1138
1086
988
818
530
253
149
118
-19
-204
-344
-474
-601
-661
-629
-513
-417
-455
-517
-474
-420
-441
-473
-474
-482
-515
-533
-495
-444
-481
-663
-926
-1112
-1194
-1294
-1416
-1493
-1603
-1783
-1947
-2060
-2110
-2115
-2155
-2212
-2191
-2079
-1938
-1799
-1639
-1458
-1329
-1228
-1047
-812
-588
-380
-238
-142
1
140
208
281
350
310
210
183
220
244
263
228
118
279
963
1731
2093
2155
2150
2081
2053
2206
2446
2698
2942
2993
2864
2868
2981
2818
2326
1817
1438
1144
967
965
1002
831
368
-214
-651
-856
-941
-989
-962
-840
-727
-688
-602
-387
-206
-219
-267
-116
178
477
778
1022
1091
980
755
543
483
498
426
309
229
103
-124
-376
-612
-843
-1026
-1129
-1146
-1051
-902
-820
-788
-693
-593
-533
-357
-13
312
540
735
887
981
1032
1016
970
986
1027
995
906
837
735
521
254
24
-175
-323
-395
-440
-487
-542
-660
-817
-898
-905
-901
-858
-757
-657
-593
-578
-604
-620
-596
-557
-535
-525
-521
-570
-666
-753
-865
-1039
-1226
-1409
-1563
-1623
-1636
-1681
-1747
-1810
-1882
-1920
-1870
-1761
-1645
-1532
-1387
-1175
-948
-757
-600
-476
-372
-245
-92
69
230
352
428
480
468
377
298
270
212
112
13
-107
-148
174
823
1374
1638
1750
1754
1653
1626
1765
1991
2286
2585
2730
2766
2867
2898
2618
2158
1787
1505
1250
1140
1219
1241
989
543
56
-405
-762
-963
-1030
-976
-842
-759
-773
-744
-629
-587
-639
-584
-366
-132
101
427
745
876
828
711
591
523
523
525
524
541
483
263
-30
-245
-424
-655
-802
-762
-693
-700
-670
-554
-480
-466
-410
-296
-144
67
279
434
596
749
765
675
672
755
769
721
704
660
507
283
45
-177
-364
-523
-657
-726
-755
-842
-979
-1083
-1137
-1192
-1251
-1249
-1163
-1059
-983
-916
-824
-733
-694
-703
-684
-597
-516
-510
-552
-612
-696
-807
-926
-1040
-1142
-1265
-1425
-1554
-1610
-1650
-1687
-1655
-1574
-1516
-1453
-1356
-1267
-1152
-986
-855
-758
-579
-347
-159
32
247
390
442
474
481
441
412
416
400
331
277
436
901
1409
1660
1709
1739
1744
1712
1729
1815
1971
2186
2346
2439
2595
2713
2521
2091
1737
1529
1370
1280
1296
1291
1097
738
351
25
-259
-556
-847
-1006
-974
-863
-776
-711
-688
-779
-938
-963
-762
-482
-245
-17
214
365
440
507
571
597
560
493
517
656
754
702
548
383
203
-22
-200
-258
-309
-427
-507
-491
-452
-435
-430
-430
-406
-346
-286
-181
30
259
364
376
425
506
543
543
539
517
476
417
353
304
219
27
-214
-386
-486
-570
-667
-758
-822
-887
-993
-1090
-1108
-1086
-1105
-1153
-1146
-1048
-900
-770
-695
-691
-739
-780
-777
-758
-768
-827
-931
-1037
-1092
-1122
-1184
-1277
-1381
-1511
-1625
-1649
-1611
-1595
-1615
-1624
-1591
-1488
-1311
-1120
-950
-777
-614
-500
-381
-189
12
160
274
366
434
514
606
674
695
628
491
532
959
1534
1900
2062
2157
2109
1916
1791
1815
1901
2030
2166
2272
2453
2647
2530
2082
1650
1340
1035
845
913
1045
967
707
415
127
-160
-444
-713
-905
-947
-896
-799
-614
-418
-412
-590
-723
-692
-577
-434
-217
39
215
311
407
506
538
464
321
224
260
363
433
445
386
208
-67
-289
-343
-355
-457
-553
-549
-511
-480
-424
-369
-356
-381
-419
-386
-191
70
215
276
360
422
424
440
495
510
439
330
259
260
253
155
18
-102
-242
-401
-502
-549
-614
-724
-845
-918
-910
-890
-933
-999
-1016
-1012
-994
-919
-785
-658
-607
-634
-671
-695
-757
-858
-958
-1067
-1193
-1276
-1284
-1261
-1288
-1413
-1581
-1664
-1659
-1670
-1687
-1634
-1564
-1523
-1436
-1268
-1089
-934
-811
-713
-562
-347
-178
-69
78
225
289
325
397
465
522
584
598
536
539
768
1180
1577
1821
1944
2031
2076
2044
2000
2002
2057
2155
2258
2382
2565
2673
2492
2099
1754
1501
1275
1138
1122
1066
869
618
381
125
-163
-472
-774
-981
-1035
-997
-918
-783
-656
-654
-751
-789
-718
-622
-512
-319
-78
131
315
491
607
617
526
402
346
378
412
435
494
504
345
80
-144
-306
-441
-547
-607
-603
-536
-499
-527
-521
-489
-553
-650
-611
-447
-270
-105
57
187
259
266
248
261
273
229
172
174
188
136
51
-26
-130
-270
-413
-534
-623
-680
-746
-810
-822
-817
-845
-875
-848
-797
-763
-723
-652
-568
-495
-445
-414
-400
-429
-519
-623
-700
-767
-812
-815
-829
-905
-998
-1087
-1201
-1316
-1419
-1514
-1553
-1504
-1422
-1357
-1257
-1126
-1048
-1009
-936
-836
-727
-570
-391
-253
-127
-1
70
131
253
341
349
389
470
502
516
648
939
1269
1524
1711
1882
2009
2044
2008
1968
1964
1995
2052
2134
2258
2372
2332
2122
1875
1647
1386
1150
1048
1013
897
704
513
315
60
-232
-492
-688
-821
-890
-886
-797
-668
-607
-634
-653
-620
-583
-543
-437
-244
-38
118
255
396
486
491
442
381
318
284
319
381
388
304
131
-98
-303
-452
-590
-720
-765
-748
-751
-741
-667
-605
-622
-662
-654
-597
-501
-368
-239
-145
-83
-42
-4
64
141
160
123
86
76
79
75
49
23
-15
-107
-217
-282
-332
-400
-449
-472
-495
-486
-441
-423
-402
-369
-406
-435
-364
-297
-252
-186
-201
-280
-312
-369
-495
-563
-622
-760
-818
-790
-871
-963
-966
-1058
-1221
-1294
-1344
-1367
-1239
-1096
-1064
-1005
-923
-931
-886
-730
-623
-544
-424
-317
-189
-29
68
104
128
137
166
269
393
444
464
486
462
452
489
487
507
651
839
994
1172
1379
1498
1488
1442
1405
1367
1400
1503
1609
1720
1832
1879
1821
1690
1521
1314
1078
888
787
713
623
533
425
235
-3
-213
-391
-540
-633
-680
-697
-659
-603
-576
-551
-515
-514
-537
-498
-384
-272
-171
-37
69
89
75
68
39
-9
-44
-61
-82
-105
-105
-123
-175
-208
-239
-310
-375
-397
-398
-404
-375
-305
-278
-312
-313
-285
-272
-261
-216
-141
-105
-71
-6
-3
-47
-50
-47
-38
-53
-103
-109
-146
-234
-258
-286
-357
-375
-337
-328
-346
-309
-309
-377
-292
-207
-289
-223
-158
-272
-244
-239
-368
-347
-345
-399
-355
-358
-383
-440
-520
-539
-629
-676
-701
-823
-760
-681
-748
-688
-650
-669
-595
-602
-637
-586
-512
-371
-305
-310
-175
-62
-70
-42
9
5
14
66
107
173
272
324
351
381
400
396
379
385
423
458
474
513
546
556
554
505
493
529
491
501
607
638
632
663
697
725
703
663
681
694
669
643
617
607
597
565
533
527
532
493
447
417
372
334
314
324
332
316
277
227
202
148
54
34
41
-39
-120
-134
-154
-188
-200
-251
-317
-301
-312
-389
-348
-313
-395
-413
-395
-414
-417
-377
-341
-392
-383
-276
-316
-342
-251
-302
-306
-227
-323
-284
-184
-262
-170
-132
-227
-90
-100
-220
-109
-148
-206
-140
-171
-175
-203
-89
80
-100
-91
-42
-238
-81
-61
-194
-1
-97
-308
-199
-133
-272
-456
-378
-379
-631
-487
-340
-554
-518
-364
-506
-679
-486
-351
-648
-524
-137
-326
-430
-51
-3
-263
-104
88
-10
82
227
191
224
344
405
279
224
440
242
38
372
270
119
435
360
120
266
310
82
75
245
130
26
223
168
42
239
268
92
180
293
148
174
319
264
300
460
417
248
237
242
209
187
126
183
167
61
96
89
55
67
-70
-213
-167
-168
-115
-78
-114
16
-42
-125
-34
-66
-107
-42
17
0
60
91
75
81
25
2
-65
-106
46
55
-123
136
227
-115
38
48
-171
37
54
-64
113
115
46
68
23
51
-171
-190
240
38
-162
166
-25
-109
97
-249
-168
90
-198
-167
-130
-177
-116
-134
-137
-164
3
-54
-219
48
55
-180
78
118
-149
197
148
-141
159
126
-193
-227
63
-64
-497
-282
-150
-552
-400
-187
-702
-542
-268
-753
-641
-384
-637
-625
-366
-340
-499
-401
-111
-343
-289
197
-94
-93
413
362
158
294
446
299
371
569
370
392
689
430
361
631
315
265
444
267
200
261
228
219
267
97
60
159
29
18
203
201
78
127
190
130
38
116
46
-120
78
52
-142
-5
74
-143
-227
-183
-207
-166
-196
-210
-233
-208
-110
-209
-302
-134
-64
-356
-224
9
-211
-159
-41
-185
-211
-104
-144
-243
-211
-52
-233
-322
42
-145
-236
-82
-224
-119
-100
-103
27
44
76
206
214
96
110
168
178
133
372
443
215
412
439
210
283
355
262
285
193
177
308
21
194
286
-257
-56
94
-106
32
7
51
88
18
77
-78
16
264
25
-37
58
29
86
-13
95
36
-133
163
-151
-376
-22
-336
-433
-283
-508
-406
-397
-581
-382
-478
-729
-410
-452
-550
-265
-360
-245
-157
-235
-25
-111
1
165
-80
-1
292
276
220
294
274
150
295
404
190
431
484
116
348
277
181
309
111
195
152
-38
191
173
36
241
196
141
211
311
365
92
205
387
135
53
241
177
53
320
60
-83
205
-78
-243
-32
-78
-362
-314
-236
-297
-302
-294
-366
-575
-398
-321
-421
-420
-341
-276
-412
-122
-88
-374
-137
-175
-298
-30
-225
-290
117
-192
-328
157
-27
-234
145
129
-230
146
272
-99
61
315
178
-37
260
250
-20
302
259
176
354
286
415
368
261
441
390
275
177
232
277
34
138
383
44
37
323
-64
-40
170
-57
23
69
145
153
35
358
188
-238
101
139
-268
-48
99
-68
-90
-53
-143
-187
-135
-519
-376
-260
-570
-227
-333
-396
-66
-410
-591
-269
-284
-547
-333
-78
-289
-217
31
-59
-168
-116
135
-55
-280
430
179
-260
677
424
-190
297
305
-115
57
253
115
197
157
120
135
187
117
-36
62
112
182
30
251
319
-2
356
160
-111
379
216
-165
321
242
-194
212
261
3
70
67
-251
-154
52
-204
-81
-77
104
-104
-265
122
-320
-195
-18
-442
-262
32
-182
-285
244
-131
-579
-15
-96
-625
-194
264
-458
-145
237
-503
-308
254
-145
-629
-45
56
-575
-113
298
-141
-270
182
83
-474
256
396
-465
363
494
-254
596
627
93
482
262
311
296
87
529
276
219
305
106
208
223
117
-6
160
119
-58
189
108
106
212
39
-8
43
85
43
-1
170
210
-136
-22
251
-55
-268
72
-43
-587
163
135
-826
132
106
-748
-138
-123
-326
-322
-279
61
-414
-384
67
-488
-401
-22
-264
-265
-56
117
-225
-286
412
40
-313
227
192
-202
-13
383
-16
-119
295
18
-158
144
216
-103
10
339
-24
-158
419
209
-279
405
232
-232
362
190
-6
382
148
37
239
117
234
181
-114
188
76
-222
120
129
-193
14
62
-309
95
8
-318
-30
-242
-182
-15
-235
-68
187
-168
-105
210
-194
-67
-32
-313
35
44
-148
87
126
-112
-127
-65
-118
-206
-253
-118
-12
-86
-1
56
-238
-54
-53
-369
-48
113
11
-21
167
257
119
190
284
154
-23
264
221
92
369
226
68
91
235
98
-61
230
-35
-147
243
25
7
318
86
-126
40
118
-52
-64
230
102
-83
198
175
-88
68
43
-235
-13
41
-158
-75
47
-32
-287
-215
-113
-377
-341
-109
-297
-212
-104
-279
-106
-60
-33
-195
-146
135
-101
-73
-14
-47
60
-72
24
44
213
152
-93
216
-13
-110
251
-112
-71
256
-98
39
126
31
245
-224
-130
299
-213
133
358
-92
327
313
-88
219
131
17
63
-11
322
88
-96
352
100
-205
315
24
-428
6
83
-168
-198
182
-1
-435
126
-64
-515
39
-44
-349
-76
81
-85
90
174
-173
-209
-29
-115
-178
-10
-8
-93
-50
79
-3
-167
-54
-140
-196
-160
-199
47
-88
-83
173
-53
18
159
161
-8
-7
335
135
45
363
244
132
310
191
-45
116
232
-81
74
179
-133
24
73
-139
-217
43
61
-301
112
53
-315
129
-2
-192
81
-52
52
88
-113
151
-30
-82
221
-169
15
181
-201
143
74
-235
106
-49
-155
-15
-144
66
32
-301
47
-94
-448
-26
-105
-445
37
248
-345
-219
257
-177
-322
264
-73
-153
268
35
62
188
119
142
35
0
214
-2
-145
300
31
-108
247
173
-77
0
119
-61
-70
212
161
-261
127
323
-209
14
223
-189
-261
277
85
-326
234
177
-265
26
151
-280
19
326
-208
32
231
-307
-102
5
-98
-50
-163
54
23
-105
-18
45
-133
-175
41
-193
-37
80
-241
14
-8
-247
-11
-2
-197
38
-18
-69
207
-95
-214
119
-163
-235
336
-5
-206
491
346
-72
104
225
100
-87
133
118
-19
127
66
34
-6
-46
-62
-31
-79
-86
-131
-38
113
-222
-171
-59
-233
19
89
-68
104
246
50
58
266
119
143
109
28
316
95
-3
252
-184
-137
118
-245
-53
174
-152
-134
-30
-82
-135
-150
-104
-262
-202
-87
-49
7
-127
-259
9
-63
-227
247
178
-46
235
88
-26
342
274
36
84
9
97
32
137
331
-49
-21
187
-36
36
76
129
192
-44
-25
117
3
-20
128
-5
-155
-25
105
-139
-9
60
-97
214
-22
-104
243
-59
-170
10
-90
-116
-164
-187
92
-215
-288
322
-4
-275
125
-82
-365
1
74
-200
15
78
-62
-51
34
-130
-106
-90
-226
-46
-85
-45
-92
-182
-12
-167
-178
31
-251
-177
200
-199
175
283
-342
97
135
-175
143
218
108
202
281
211
192
241
348
121
43
338
14
23
314
62
-19
128
61
38
-70
-123
62
-120
-73
-29
-161
95
32
-105
-8
-68
-65
-149
-111
101
-32
-61
198
161
89
83
-64
-3
11
12
-44
-103
121
135
-167
-62
96
-277
-259
36
-188
-271
-85
-154
-165
-125
-172
-115
-252
-154
38
-217
-74
319
31
-97
238
35
-21
121
123
200
125
135
111
111
14
113
51
-124
155
74
-125
275
289
-316
150
253
-289
97
188
-126
108
347
-25
-147
231
168
-119
70
122
-73
-98
114
119
-202
-46
121
-162
-142
99
-153
-258
50
-185
-206
-109
-159
-69
-169
12
-90
-302
24
-64
-351
18
22
-154
119
-15
-25
32
21
-28
-161
-128
-91
132
-186
-103
171
-208
-43
109
-37
-163
4
154
-141
-14
320
80
61
282
72
53
209
245
64
0
248
157
33
204
153
-82
23
68
-215
15
281
-75
-123
146
49
-21
157
135
-61
-32
122
28
30
140
175
-25
-38
136
-169
-83
114
-121
-140
-63
-37
-117
-84
-61
-267
-241
-190
-260
-112
-137
-98
-110
-257
-110
-90
-123
-54
-79
-39
27
96
10
26
202
26
-41
64
18
24
34
58
95
-6
137
51
-35
217
96
-53
117
246
-2
-101
312
142
-223
307
128
-183
374
111
-197
211
193
39
31
15
104
-27
-144
154
-51
-150
222
-16
-281
75
173
-206
-34
52
-226
-131
46
-188
-240
-5
-77
-312
-188
114
-195
-126
142
-178
-172
112
-42
-135
109
37
-72
5
100
-152
-240
77
-103
-76
14
-111
185
-75
-275
95
-135
-111
179
-124
49
314
34
41
211
111
-57
179
281
64
254
299
19
237
195
-126
-39
105
-56
-138
113
84
-18
94
-86
-110
255
-23
-288
72
73
-110
26
137
5
99
102
-133
37
206
-30
-119
111
74
-214
49
128
-156
-7
-91
-137
55
-168
-324
7
-162
-244
-131
-299
-68
-12
-177
-203
-31
81
-225
-248
166
118
-229
223
368
-188
132
280
-228
55
232
-185
-82
325
268
-94
156
292
-238
25
187
-219
10
227
-183
41
296
-131
-34
138
115
-61
-46
168
-1
92
231
8
61
109
-67
-144
63
-16
-151
178
-24
-6
95
-288
-151
-59
-267
-136
-56
-73
57
-53
-57
99
-52
-174
-127
39
83
-80
76
169
-17
-4
83
-31
-63
53
-82
-148
72
17
-168
-102
-143
-100
-102
-66
38
-23
2
-69
-43
124
-68
-39
160
53
14
176
159
-29
92
109
8
117
85
20
66
58
-10
122
-41
-150
146
-45
-173
86
50
-170
57
204
64
18
51
125
-61
183
227
-114
191
187
-69
47
168
28
-231
-9
123
-189
-170
42
-207
-330
-18
-93
-404
-166
55
-329
-209
239
-125
-307
57
193
-111
-23
251
29
44
128
79
6
52
235
21
-36
296
116
-86
91
69
-77
-41
66
-104
-5
84
-137
123
124
-207
36
59
-163
44
74
-80
-8
190
11
-27
292
47
-61
195
19
-188
19
269
-20
-249
125
55
-251
-41
-4
-324
-223
82
-130
-235
105
-40
-170
-98
-140
-12
-125
3
95
-128
30
165
-25
-48
95
-66
8
146
51
133
23
36
67
-124
-55
83
-30
-60
8
57
126
-100
46
277
-127
-26
143
-174
11
210
18
92
158
51
9
19
184
172
-141
-25
176
0
85
174
-131
-45
81
-90
11
-58
-110
101
-70
-149
76
-30
-90
10
11
-109
-25
111
-24
1
-38
23
16
45
81
-239
38
16
-213
144
0
-168
27
-4
-145
-56
18
-126
-140
9
-81
-139
-33
-25
-10
-95
-78
89
-54
49
174
-182
-48
105
-61
39
109
72
107
49
12
96
-36
-49
20
-67
188
201
-90
177
110
-183
61
5
-132
76
43
-34
136
92
12
63
-12
-34
-32
-112
78
161
-134
96
216
-265
-95
92
-194
-212
17
-49
-65
-22
-9
36
-254
-76
13
-240
-47
13
-91
-81
32
76
-4
-85
24
-16
-83
111
40
29
24
-75
92
81
-153
-42
73
-108
-39
76
-47
-92
31
89
-101
-103
224
101
-130
221
103
-151
105
126
17
24
130
97
5
57
129
66
-96
57
22
-131
63
82
-9
-38
-74
-18
54
-135
-76
72
-241
-130
53
-153
-100
49
-9
-26
-43
-44
-5
-38
-24
-82
-26
83
52
-15
18
71
-38
-6
90
-55
22
69
-3
96
104
-5
95
95
-109
97
80
-131
68
126
25
84
96
65
6
11
-15
-65
-19
25
47
59
10
81
102
-21
54
-47
-39
90
30
33
19
19
11
-40
42
124
-68
-128
93
17
-99
65
31
-137
-34
112
-175
-98
121
-233
-185
93
-108
-147
21
-36
-155
-39
-5
-150
-74
68
1
-145
69
123
-179
74
64
-210
92
109
-84
129
113
-36
122
-4
-38
133
-44
-95
29
75
1
-33
132
65
-104
42
142
-99
13
245
-29
-50
144
56
-108
54
128
-65
21
139
-6
1
175
-38
-88
133
-80
-32
182
-45
-51
142
3
-108
68
-6
-73
47
-10
52
10
14
5
-81
43
4
-47
-27
60
37
-37
29
18
-83
7
76
-185
-33
69
-180
-125
23
-26
-212
-141
89
-36
-185
102
38
-188
-14
2
-122
-2
156
89
36
89
159
31
-34
69
54
-55
62
120
-26
76
72
0
-1
-47
-210
-36
219
-98
-173
72
57
-95
24
58
-103
20
64
27
-9
-36
38
-92
1
174
-61
-123
57
11
-120
-90
-71
-43
-54
-195
-96
-26
-16
23
-126
-19
62
-152
-44
24
-33
59
-122
-103
118
68
-40
56
28
-181
-79
-42
-70
6
-4
-65
-113
111
73
-163
52
75
-149
1
199
1
-21
179
52
59
108
22
117
126
36
20
33
75
49
127
137
-41
71
87
-36
-6
-15
8
-63
6
118
-93
-73
119
-73
-128
29
7
-135
-46
65
-25
14
9
-81
-32
-33
-24
31
-56
-15
7
-60
-60
-49
57
-84
-50
57
-95
-57
-31
-36
-75
-59
75
53
-22
-22
9
-73
-53
101
-8
-77
24
67
19
31
40
42
37
-46
31
70
-28
28
96
56
-59
-1
108
-11
-8
74
-44
83
41
-36
191
10
2
167
-33
-13
197
60
-28
29
56
61
-37
150
134
-130
74
45
-191
-40
-73
-145
-78
-68
-44
-57
16
-48
-164
-112
12
-85
-99
32
-66
10
-51
-53
143
-57
-20
63
-50
-43
-7
25
-26
-5
107
33
-101
136
49
-208
79
77
-24
91
49
50
67
83
73
-19
51
159
7
51
166
-16
77
226
1
39
336
71
-48
327
57
-275
145
163
-167
104
117
-56
36
28
-141
-218
-58
-125
-161
126
86
-51
49
-21
-111
-101
-57
-69
-92
94
140
-38
67
152
-131
-134
-82
-143
-75
-81
-59
-22
-68
-25
31
-88
-150
-52
-131
-115
41
-19
8
70
35
113
86
-41
9
37
0
32
36
92
102
61
48
-43
-43
-48
-75
-6
-18
-41
-19
12
20
-42
-76
-93
-48
24
-42
-58
-66
-47
66
38
57
17
-78
19
43
-80
40
104
-66
-48
81
66
-2
52
16
-100
-14
-13
-82
9
45
-50
-57
91
6
-84
24
-91
-122
-18
39
12
-72
43
90
-116
-36
109
-105
-12
109
-81
-62
103
72
-61
11
36
-73
-81
-10
15
-24
-11
-43
-83
56
88
-83
-24
6
-86
41
83
1
-3
113
146
-4
77
111
-99
37
197
-52
28
159
24
92
-40
-32
100
-119
-4
183
-84
-68
109
-40
-19
-13
-80
-23
-31
-24
-5
13
-15
6
-20
-130
-20
63
-114
-52
110
-132
-79
147
-60
-114
29
-42
-33
-67
-65
102
-139
-65
197
-96
-137
133
-3
-152
38
-25
-92
65
18
-34
-20
38
73
-151
-70
105
-110
-31
93
-15
-56
69
105
-65
8
105
-66
-29
165
-33
-52
101
38
96
36
-27
22
-22
27
-39
-103
100
36
-90
85
29
-97
15
16
-41
2
38
50
54
27
62
70
-1
52
18
-5
140
131
92
27
-26
83
-28
-33
103
-93
3
135
-83
-3
67
-68
-101
-8
23
-113
-4
53
-62
17
-62
-143
6
7
-69
-36
41
-33
-54
85
-6
-66
85
-5
-107
113
77
-29
21
46
70
17
77
44
1
66
63
69
30
55
102
51
65
107
-12
3
152
-15
-65
136
-31
-60
30
-68
-26
-119
-17
56
-141
-13
43
-127
-65
54
3
-20
-27
36
-71
-91
127
-79
-140
89
-6
-110
-7
21
-56
-68
115
5
-191
64
53
-120
21
121
-75
-72
100
-20
-39
87
34
-107
-15
85
-67
-109
65
51
-115
12
108
-100
-68
109
-63
-114
38
21
-36
2
91
-48
-58
120
-10
-53
53
13
7
13
89
148
-31
71
181
-97
-30
159
-7
-106
30
108
-28
-8
86
-19
-5
11
-94
-39
47
-34
-31
62
71
-54
-21
93
-99
-61
12
-72
37
-34
-59
106
-25
-141
6
-57
-180
-25
38
-105
1
88
-91
-7
51
-106
-43
90
-43
-117
27
90
22
-89
79
99
-131
15
74
-82
8
122
2
-9
74
-42
-49
36
2
-19
-66
-24
32
-74
-45
-31
-92
-48
-35
-18
-8
-99
8
-5
-91
72
-51
-13
80
-15
65
-26
-46
-6
-67
-22
47
42
-10
-40
-7
-28
-59
-4
-1
7
-2
43
-8
-5
94
-67
-110
39
3
-86
58
72
-3
32
-28
-29
-15
-2
45
36
36
95
70
24
52
28
-19
-70
-13
41
-9
79
79
-22
-86
-65
-28
-124
-61
-14
-26
-29
-20
104
-12
-99
17
-60
-107
84
103
-79
80
287
-1
-18
202
15
-114
27
126
3
31
136
35
-26
65
36
-37
10
-4
23
-23
14
53
-35
29
49
22
-41
-50
3
-36
15
53
-63
33
62
-79
19
51
43
12
24
21
-59
100
27
-82
84
-7
-134
94
92
-153
-3
39
-125
-33
26
-2
41
43
42
10
-82
19
3
-98
65
77
-2
33
76
-18
-96
-38
-29
-18
-8
60
4
-48
109
64
-115
-8
89
-106
-48
146
2
3
163
-14
-103
108
50
-77
65
99
-32
25
191
35
-40
86
-7
59
60
-72
31
-2
-19
65
-15
-33
-13
-36
32
-12
-107
14
-35
-123
60
-30
-90
28
-59
-13
-2
3
30
-133
-60
71
-33
3
63
-62
-8
39
-52
-31
-2
-6
-90
-89
26
45
-58
-62
34
-46
-89
-83
-57
-19
-37
19
3
32
41
-4
25
20
64
-12
-54
124
139
-23
35
109
-45
-51
41
-20
-62
-23
-37
-12
-28
-64
-48
-135
-49
-15
-163
-32
67
-27
-53
-18
120
93
-111
3
79
-69
24
111
6
12
115
53
-40
65
82
-106
-65
143
9
-85
81
0
-47
31
-84
-37
76
-41
-55
100
60
-43
0
10
-17
-7
81
-7
-104
90
-13
-181
45
14
-186
-3
114
-60
-110
2
-33
-116
-30
-56
-65
1
21
37
-31
88
47
-159
4
42
-76
39
77
-46
55
118
-50
-19
69
0
-71
43
120
-48
-4
117
-16
3
170
-6
-101
76
23
-36
36
87
-31
-66
149
44
-96
33
-51
-157
-44
2
-26
-14
-15
10
-24
-42
-8
-49
-104
-69
33
-7
-20
44
-25
-56
8
38
-21
-24
53
4
-6
106
31
-53
83
54
-53
10
54
86
33
57
75
-59
20
67
53
64
17
35
-47
-21
76
-5
-33
1
-24
-71
-9
62
36
-15
20
57
16
-6
11
75
27
42
61
16
104
33
4
20
-13
44
21
-32
-31
3
27
53
-38
-23
20
-103
-5
34
-75
-54
4
23
-5
-41
-54
-84
-89
-3
-39
-106
-10
46
-70
-69
92
-11
-109
-41
-62
-7
68
-10
18
39
-34
-12
-37
-6
-8
-39
46
35
-18
25
51
-1
22
31
-26
61
139
46
38
106
119
71
-3
85
118
-45
20
181
28
17
137
-10
-26
139
46
-65
72
76
-37
-29
96
50
-79
35
5
-104
-65
-35
-42
-47
-12
-32
-49
-27
-68
-124
-110
-49
-44
-101
-79
13
-2
-92
-70
-62
-155
-139
-17
-44
-89
36
13
-38
36
11
-61
-22
90
26
15
171
82
61
157
-3
5
82
-39
-31
61
35
-20
40
34
-27
-9
-41
-88
-31
38
-20
-19
109
52
-43
37
34
-3
-35
-1
64
65
117
1
16
103
-54
-25
25
-25
23
42
3
1
48
8
-94
-49
-27
-128
-85
-30
-34
-7
-95
-57
-44
-167
-81
-107
-146
-46
-81
-94
-24
18
-77
-84
2
-94
-128
-107
-43
-10
-45
51
12
-13
38
-68
-65
11
-66
-37
77
16
53
83
-4
29
47
-4
-56
7
75
36
26
101
120
13
36
61
24
82
35
-4
69
51
32
35
71
52
-54
-9
13
-29
-61
-67
-19
-27
3
3
-55
-37
-20
-37
-16
-16
-28
14
8
28
44
-15
-20
41
24
-71
-4
20
-37
54
21
-41
27
-14
-56
4
-12
36
44
-30
79
67
1
18
-44
-10
29
-18
13
93
25
9
92
11
-53
-42
-18
16
61
99
41
72
73
6
31
-18
8
24
-76
-12
95
41
-17
36
-4
-67
-37
-2
-24
-45
16
12
0
26
29
20
-18
-5
-30
-42
11
-46
-44
65
17
-34
57
-9
-81
0
-20
-46
-60
13
90
-29
2
1
-85
-18
-25
-58
-52
-16
-24
-45
35
23
-90
-51
16
-54
11
107
15
-38
57
107
13
38
73
51
106
56
68
104
26
52
112
63
50
131
97
40
66
49
29
42
55
42
38
25
22
19
-11
-45
-73
-11
3
-18
4
-26
-30
-25
13
15
-35
-36
-24
-5
9
35
-25
-81
-38
1
-18
-48
1
-62
-64
-18
-81
-12
35
-25
-51
21
13
-44
-3
1
9
-26
12
52
-7
38
14
-67
-42
-4
-43
4
44
-7
30
-43
-34
45
-49
-75
-41
-7
-31
10
41
-47
-45
-81
-88
-72
-55
-24
-51
38
43
10
16
-18
-49
-51
78
8
1
103
23
88
69
-42
-50
-46
-53
-40
15
27
20
-43
-19
1
-91
-66
-39
-22
-1
20
15
11
39
-3
5
-75
-69
13
-34
64
31
-51
-4
8
23
-30
-48
-29
2
-8
-7
40
-26
25
40
-53
-27
-19
-11
-21
-25
-19
-37
16
52
45
4
-7
-2
-30
14
-11
-17
49
-21
-10
71
32
19
29
-45
-45
17
-4
-30
-22
56
22
-27
70
44
-2
3
3
-32
-52
23
-7
-15
45
37
6
-36
-7
-39
-86
29
14
-84
1
77
31
30
11
-58
-21
-12
-36
18
39
-1
20
33
-15
23
0
-35
-2
-5
27
22
60
87
22
39
49
20
24
32
25
18
23
11
-11
7
31
-22
-59
-17
-8
-33
-61
-6
6
-94
8
70
-44
-12
36
-23
-28
47
20
-89
-49
23
-35
-35
14
-25
-70
-28
15
-64
-79
-4
-9
8
13
-23
3
55
54
-2
4
36
9
16
12
-15
38
49
5
21
34
-2
-27
25
-3
-67
-12
2
-12
-14
5
30
-20
17
34
-94
-27
73
-14
9
85
97
66
44
125
90
-24
36
65
3
36
58
46
33
15
54
-29
-90
10
-74
-135
24
10
-46
55
-2
-90
-60
-56
-16
-33
-70
-21
-20
-7
7
-37
-61
-33
-12
-45
-18
50
22
9
38
2
19
26
-12
55
71
11
34
93
61
-26
-19
14
20
39
21
20
48
15
28
54
18
24
26
38
23
-7
64
60
14
55
29
-44
-11
57
-6
-94
-49
10
-16
13
41
-57
-101
-49
-66
-100
-47
-17
-49
-39
20
-12
-111
-75
-21
-93
-66
19
0
37
50
-7
-20
-29
-17
-14
-8
43
56
25
33
69
-1
-69
-21
-9
-41
2
22
-27
-10
23
3
-19
2
-6
-61
-35
5
-14
-8
27
63
65
20
-3
-8
-47
-25
39
24
31
74
69
74
36
-24
-14
-41
-47
23
33
15
51
57
3
11
5
-80
-83
-19
39
56
16
8
32
-15
-10
35
-9
-21
-14
-1
3
-15
52
2
-75
16
-4
-49
9
-42
-114
-73
-46
-54
-31
-39
-60
-52
-12
-4
-71
-77
-43
-77
-78
-1
38
22
27
24
4
-7
7
28
33
28
27
51
56
64
80
42
38
48
33
60
47
15
51
44
-3
29
44
38
45
19
10
-24
-35
-13
-28
-33
-14
7
-13
-16
-2
-43
-76
-88
-85
-40
-27
-62
-5
20
-89
-67
-13
-84
-86
-14
-4
-33
8
63
17
-30
19
18
-20
13
38
35
27
31
41
6
-10
27
5
-38
-8
-6
6
41
6
20
20
-31
-21
18
34
10
3
24
30
54
72
24
14
52
35
16
35
66
39
13
31
18
24
37
34
24
25
26
-5
12
30
-11
-14
3
-17
0
27
24
22
-33
-56
-38
-39
19
12
-36
-17
-20
-35
-48
-64
-79
-54
-66
-74
1
-8
-27
-31
-74
-69
-71
-68
-28
-20
-27
22
43
28
65
32
-6
40
83
66
28
102
113
56
82
80
48
29
61
38
-14
9
32
43
19
26
31
3
24
16
-18
-23
9
14
-2
30
33
29
-5
4
40
-36
-15
8
-76
-48
-25
-54
-19
-7
-7
9
-23
-19
-35
-83
-50
-75
-61
-10
-16
17
19
23
12
-24
-38
-66
-48
-2
20
30
48
41
12
23
-20
-84
-72
-61
-49
16
42
-1
-10
-32
-53
-47
-51
-55
-71
-51
-11
7
-4
26
23
-49
4
26
-26
-7
4
5
-5
-30
-18
31
46
53
99
92
73
73
74
48
38
95
110
145
184
162
144
133
105
55
71
89
42
66
123
102
65
53
-9
-68
-95
-117
-97
-93
-75
-74
-96
-86
-91
-109
-144
-142
-123
-139
-107
-63
-65
-87
-58
-47
-79
-38
-26
-62
-25
15
-7
-10
13
3
-12
-24
-18
-12
-17
29
32
-14
-4
19
23
11
12
32
22
32
62
45
39
43
17
16
16
6
22
26
13
30
