SAMPLES:	16306
BITSPERSAMPLE:	16
CHANNELS:	1
SAMPLERATE:	16000
NORMALIZED:	FALSE
-10
-9
-9
-9
-9
-6
-6
-4
-2
-1
2
1
4
5
7
8
7
10
10
11
10
11
11
11
11
11
11
10
9
8
9
7
6
6
7
4
4
4
5
5
3
4
2
3
3
2
1
2
1
1
2
1
2
2
2
2
2
3
4
4
4
4
4
3
3
3
3
3
2
3
1
1
0
-1
-2
-2
-3
-4
-4
-4
-6
-4
-4
-4
-3
-4
-2
-2
-1
0
0
1
1
2
4
3
5
5
6
7
7
8
8
9
10
9
10
7
8
7
7
5
4
2
1
-1
-2
-4
-6
-7
-9
-10
-11
-12
-15
-16
-17
-17
-19
-19
-18
-19
-19
-20
-19
-20
-19
-19
-18
-17
-15
-15
-14
-14
-13
-12
-11
-9
-9
-9
-8
-8
-7
-6
-5
-5
-3
-3
-2
-1
-1
0
0
1
1
2
4
4
6
6
7
9
9
10
10
11
12
13
14
13
15
16
17
16
15
15
14
13
12
11
10
9
6
4
2
1
-3
-5
-8
-10
-13
-14
-18
-19
-20
-23
-23
-24
-24
-25
-25
-25
-26
-26
-25
-24
-24
-22
-21
-20
-18
-17
-15
-14
-14
-14
-13
-13
-12
-12
-11
-11
-11
-11
-11
-12
-13
-12
-12
-11
-11
-11
-11
-11
-10
-9
-8
-5
-5
-3
-1
1
3
6
8
11
13
16
19
21
23
25
27
27
30
30
30
29
29
28
29
28
27
26
24
24
23
20
19
16
14
14
12
10
9
7
6
6
6
5
6
6
6
7
7
9
9
11
11
10
9
8
9
7
7
6
4
3
0
-1
-3
-3
-7
-11
-12
-15
-17
-19
-20
-21
-22
-22
-23
-22
-22
-22
-20
-18
-17
-15
-13
-12
-9
-7
-6
-3
-3
0
2
4
6
6
7
7
7
8
9
11
11
11
12
13
14
14
15
16
17
18
17
18
18
19
18
18
17
16
16
16
15
15
15
14
13
13
11
11
10
9
9
8
8
7
6
5
4
3
2
0
-2
-4
-6
-8
-9
-12
-13
-16
-17
-18
-20
-20
-22
-22
-22
-22
-21
-21
-20
-18
-16
-14
-12
-11
-8
-7
-4
-1
0
3
4
6
8
8
10
10
11
11
11
11
9
9
8
6
6
4
3
2
1
0
0
-1
-1
-1
-1
0
1
0
1
1
2
2
3
4
5
6
7
8
9
11
11
12
11
11
13
13
13
14
14
12
12
13
11
10
8
6
5
2
1
-1
-4
-6
-9
-10
-13
-14
-14
-15
-15
-15
-14
-14
-12
-11
-9
-6
-3
-1
1
3
6
6
7
8
8
7
7
7
5
4
2
1
-2
-3
-4
-5
-5
-8
-5
-6
-6
-7
-7
-5
-6
-6
-5
-4
-5
-4
-4
-4
-6
-6
-7
-8
-10
-11
-12
-14
-15
-17
-19
-17
-18
-18
-17
-18
-17
-16
-16
-16
-16
-17
-18
-19
-20
-20
-21
-21
-22
-23
-24
-23
-23
-23
-23
-23
-21
-20
-18
-14
-12
-10
-6
-4
0
2
5
8
10
12
13
14
13
13
13
12
11
9
9
9
9
9
9
9
10
10
11
12
13
15
15
17
19
18
20
21
21
23
23
22
20
20
19
17
14
13
10
8
8
6
5
5
3
3
3
2
3
2
1
1
1
1
-1
-2
-1
-1
-2
-3
-3
-4
-4
-4
-5
-6
-6
-5
-6
-6
-4
-3
-3
-2
-1
0
1
2
3
3
4
6
6
8
7
7
8
6
4
4
2
2
1
0
-2
-3
-3
-4
-5
-3
-2
-3
0
0
2
4
5
8
10
13
14
16
17
18
20
19
20
21
20
19
18
17
15
13
10
10
7
7
5
3
1
0
-1
-2
-2
-3
-3
-3
-3
-3
-4
-4
-5
-5
-5
-6
-5
-6
-6
-6
-6
-6
-5
-5
-5
-7
-5
-5
-4
-3
-2
-1
-1
0
0
2
2
2
3
2
4
2
1
1
-1
-2
-4
-5
-7
-8
-10
-10
-10
-11
-10
-10
-12
-11
-10
-9
-9
-8
-7
-7
-5
-4
-4
-4
-5
-4
-6
-7
-8
-9
-10
-10
-11
-11
-11
-11
-10
-9
-8
-7
-6
-5
-3
-1
2
3
5
8
9
11
11
13
14
13
12
11
10
7
8
5
3
2
-1
-2
-5
-6
-8
-9
-9
-9
-8
-7
-7
-7
-6
-4
-2
-1
2
3
5
6
7
8
8
8
8
7
7
6
5
3
2
1
0
-2
-2
-3
-5
-4
-5
-5
-5
-5
-5
-4
-3
-3
-2
-2
-3
-3
-3
-5
-5
-6
-7
-8
-7
-9
-10
-9
-9
-9
-7
-6
-6
-3
-2
0
1
2
3
4
6
7
7
7
6
4
3
2
0
-3
-4
-6
-8
-9
-9
-11
-11
-10
-11
-9
-9
-7
-6
-5
-2
-2
-1
0
0
0
1
0
-1
-2
-3
-4
-5
-7
-10
-11
-13
-13
-13
-14
-14
-15
-14
-14
-14
-13
-12
-12
-11
-10
-9
-8
-8
-8
-8
-7
-7
-7
-8
-8
-7
-6
-6
-5
-3
-3
-1
1
1
3
5
8
11
13
16
18
21
21
24
24
26
27
27
28
27
28
26
25
25
23
22
19
16
14
12
9
6
4
1
-1
-3
-5
-7
-9
-10
-11
-10
-10
-9
-8
-8
-8
-8
-8
-6
-6
-6
-6
-6
-5
-5
-3
-2
-1
-1
0
1
2
3
5
5
6
7
7
8
9
11
11
12
13
15
14
14
16
17
17
17
17
18
18
19
19
19
19
19
20
21
21
21
21
20
20
19
19
17
15
14
12
11
10
8
6
5
3
2
0
-1
-2
-4
-5
-6
-9
-9
-9
-11
-10
-12
-12
-12
-15
-15
-17
-18
-19
-20
-20
-22
-23
-23
-24
-25
-24
-24
-24
-25
-24
-23
-23
-21
-18
-17
-14
-13
-11
-10
-8
-7
-4
-2
0
2
4
6
8
9
10
11
11
11
11
11
10
10
8
7
6
5
4
3
2
0
-2
-3
-5
-7
-8
-9
-10
-11
-12
-12
-13
-13
-14
-15
-14
-15
-14
-14
-13
-13
-12
-10
-11
-9
-9
-8
-7
-6
-6
-5
-5
-6
-4
-5
-5
-6
-5
-5
-6
-5
-5
-6
-6
-7
-6
-5
-5
-4
-4
-2
-2
-2
0
1
1
3
5
5
6
7
9
11
13
13
15
16
18
18
19
19
20
19
17
18
17
16
14
12
10
7
5
3
-1
-4
-7
-10
-13
-15
-15
-17
-19
-18
-18
-19
-19
-18
-17
-15
-14
-11
-10
-8
-6
-3
-2
-1
0
1
3
4
3
4
5
5
5
4
3
2
2
0
-1
0
-2
-3
-4
-6
-8
-9
-12
-12
-13
-13
-12
-14
-13
-13
-13
-14
-12
-12
-10
-9
-9
-6
-6
-5
-4
-2
1
0
-1
0
1
1
2
2
3
3
3
2
1
0
-2
-2
-3
-3
-4
-5
-6
-8
-10
-11
-11
-12
-12
-11
-14
-15
-16
-16
-15
-16
-15
-12
-10
-8
-8
-6
-5
-3
1
4
9
12
15
17
19
20
21
23
25
25
25
26
24
25
24
22
22
24
23
23
21
20
19
17
17
18
16
17
16
15
14
12
9
9
7
5
5
1
0
-1
-5
-6
-6
-7
-8
-9
-9
-10
-8
-9
-10
-7
-7
-5
-4
-3
-1
-1
0
1
3
4
5
7
7
6
7
6
8
8
8
9
8
9
7
7
7
6
7
6
6
5
5
4
4
3
2
1
-1
-2
-3
-4
-6
-6
-7
-7
-8
-8
-8
-9
-9
-8
-8
-7
-7
-4
-3
-2
-2
-2
0
2
3
5
7
6
9
8
11
12
14
15
16
17
17
18
18
18
18
18
18
17
16
15
13
12
10
8
6
3
1
0
-2
-5
-6
-9
-11
-12
-14
-15
-18
-20
-22
-23
-26
-27
-30
-32
-34
-35
-34
-36
-36
-36
-36
-35
-34
-33
-32
-31
-30
-30
-29
-28
-27
-24
-25
-25
-25
-25
-25
-23
-22
-21
-20
-19
-16
-14
-12
-8
-7
-4
0
3
6
10
13
16
18
19
19
21
21
20
20
19
18
18
17
16
16
16
17
17
19
20
21
22
23
23
24
25
25
25
24
22
21
20
17
15
14
13
10
8
6
4
2
2
2
0
0
-2
-3
-5
-7
-7
-8
-9
-11
-13
-15
-17
-19
-20
-21
-23
-22
-22
-22
-21
-21
-21
-20
-19
-15
-13
-11
-8
-7
-6
-5
-4
-4
-3
-2
-3
-3
-2
-3
-3
-4
-3
-3
-3
-3
0
0
0
3
3
6
7
8
10
13
14
15
15
14
16
16
14
16
16
13
14
13
13
14
13
14
14
14
14
16
16
16
17
17
17
18
16
15
15
14
13
11
8
6
2
1
-2
-4
-6
-7
-8
-10
-10
-12
-12
-12
-11
-10
-9
-8
-7
-6
-5
-3
-3
-2
-2
-1
-2
-3
-3
-4
-5
-5
-5
-6
-7
-7
-7
-7
-7
-8
-6
-6
-5
-5
-3
-1
-1
0
1
2
3
5
5
6
6
7
8
8
10
11
11
12
11
11
12
12
13
13
14
13
12
12
10
9
8
7
5
5
3
3
2
-1
-2
-4
-5
-7
-6
-6
-7
-7
-7
-8
-7
-7
-7
-6
-6
-5
-4
-2
-2
-2
-1
-2
-2
-2
-2
-3
-4
-4
-6
-7
-8
-10
-12
-14
-16
-17
-18
-19
-20
-21
-21
-23
-24
-23
-23
-21
-19
-19
-17
-15
-13
-11
-9
-6
-3
0
2
4
6
9
10
12
14
15
16
15
17
16
15
14
12
10
8
7
5
4
2
1
0
-1
-4
-5
-6
-7
-7
-8
-9
-9
-10
-9
-8
-7
-7
-6
-3
-2
0
3
6
8
12
12
16
17
20
22
22
23
22
22
21
20
17
15
13
10
7
3
1
-2
-5
-7
-10
-12
-14
-16
-18
-19
-20
-22
-21
-21
-21
-20
-21
-20
-18
-17
-15
-12
-10
-8
-6
-3
-3
1
4
7
9
11
14
13
15
14
13
13
11
10
9
8
5
4
2
-1
-3
-5
-7
-7
-9
-12
-14
-16
-17
-18
-19
-18
-17
-19
-18
-18
-19
-18
-17
-16
-14
-14
-11
-9
-8
-6
-5
-2
0
2
4
4
5
5
5
5
4
5
4
3
1
-1
-2
-4
-6
-7
-8
-7
-10
-11
-10
-10
-10
-10
-8
-7
-5
-3
-2
0
1
2
4
6
7
10
10
12
13
14
16
16
17
17
17
17
17
17
17
17
15
13
12
11
9
7
4
2
-1
-1
-4
-7
-6
-10
-11
-13
-14
-14
-15
-16
-16
-15
-13
-13
-11
-8
-6
-5
-3
0
1
3
5
6
6
6
8
8
8
7
8
8
7
7
5
2
0
-2
-3
-5
-6
-7
-7
-7
-8
-6
-6
-5
-3
-2
0
1
4
6
7
9
11
11
12
13
13
12
12
12
11
10
9
9
8
7
8
8
7
7
6
6
6
6
5
5
5
5
6
6
6
5
5
4
1
1
-1
0
0
-1
1
1
1
2
2
3
4
5
5
7
8
10
10
10
11
12
13
12
12
11
11
10
7
8
7
6
3
3
3
2
4
3
4
5
5
7
8
10
11
12
14
15
16
16
17
17
17
16
15
15
14
14
13
13
12
12
12
10
10
11
11
12
13
13
14
12
12
10
9
7
5
3
1
-2
-5
-7
-10
-11
-13
-16
-17
-19
-21
-21
-21
-22
-22
-21
-20
-18
-17
-15
-14
-13
-12
-12
-11
-11
-11
-12
-13
-13
-14
-15
-15
-16
-17
-19
-19
-18
-19
-18
-20
-18
-18
-19
-18
-18
-18
-17
-16
-17
-17
-19
-18
-19
-21
-22
-24
-25
-26
-27
-27
-26
-27
-26
-25
-24
-20
-20
-18
-16
-11
-10
-6
-2
1
4
6
8
11
14
14
17
19
19
15
13
12
10
8
8
10
10
8
6
3
0
-6
-13
-18
-20
-20
-19
-14
-11
-14
-19
-22
-24
-27
-28
-28
-28
-26
-23
-19
-16
-14
-17
-20
-23
-23
-24
-23
-22
-26
-28
-26
-24
-24
-25
-26
-29
-30
-28
-25
-21
-22
-28
-29
-23
-17
-15
-15
-20
-33
-44
-45
-33
-21
-12
-2
9
24
39
52
67
82
91
112
160
228
287
331
362
375
370
367
374
392
405
403
400
405
406
381
338
285
211
129
69
42
28
2
-37
-87
-138
-192
-244
-283
-307
-335
-367
-371
-348
-328
-323
-327
-339
-359
-374
-367
-334
-290
-262
-252
-237
-218
-211
-211
-204
-197
-203
-204
-180
-143
-116
-110
-118
-128
-135
-138
-127
-96
-65
-54
-42
-14
18
41
57
75
90
105
131
175
224
258
267
268
277
287
292
299
308
300
280
270
273
269
249
212
170
136
109
87
77
59
22
-25
-60
-75
-92
-111
-132
-157
-183
-198
-197
-188
-187
-200
-220
-224
-211
-194
-175
-158
-153
-162
-160
-142
-118
-101
-97
-96
-90
-75
-58
-36
-20
-18
-26
-24
-1
26
48
65
74
78
83
98
118
136
139
133
135
149
161
165
166
158
141
126
124
129
126
110
89
75
66
58
50
40
23
-4
-27
-35
-39
-48
-66
-83
-94
-99
-101
-97
-96
-108
-129
-142
-139
-128
-119
-111
-104
-101
-99
-92
-80
-76
-84
-97
-101
-88
-70
-53
-37
-29
-33
-39
-33
-13
8
22
32
49
73
103
135
167
189
198
201
216
245
266
274
266
249
225
204
196
193
186
158
127
100
76
57
32
12
-10
-39
-57
-53
-26
-5
-13
-26
-39
-68
-62
-46
-19
14
6
11
26
43
55
49
39
27
25
8
39
84
53
16
-29
-67
-98
-97
-85
-113
-87
-105
-161
-152
-152
-180
-197
-168
-162
-174
-111
-52
-70
-100
-125
-169
-176
-126
-138
-134
-46
-145
-220
-95
-189
-291
-183
-253
-315
-137
-210
-318
-94
-210
-352
-154
-260
-307
-140
-214
-226
-71
-127
-197
-37
-84
-175
-38
-50
-95
-6
-6
-50
4
64
72
62
74
79
62
144
162
109
155
176
187
230
253
226
250
270
172
193
252
174
137
248
248
147
225
195
117
179
149
96
116
174
153
168
203
115
107
90
58
62
71
137
127
74
118
124
-23
37
115
-54
89
189
16
121
142
-72
22
100
-156
-15
140
-78
90
123
-137
-23
-18
-187
-9
62
-75
55
36
1
67
-126
-32
-62
-209
104
51
-149
67
33
-104
-11
-52
-71
3
-71
-76
41
-3
-128
48
153
-188
-53
188
-169
-116
-2
-211
-41
65
-183
-33
180
-151
-178
63
-138
-180
-16
-27
-14
57
14
-120
124
105
-292
29
159
-363
-31
329
-61
-18
179
-63
-127
169
-3
-235
117
56
-131
141
170
-55
21
175
-147
-111
111
-72
-7
81
101
-9
-71
72
-18
-137
-9
47
-147
62
4
-281
209
34
-393
138
88
-399
118
211
-409
221
248
-344
300
142
-323
268
50
-275
344
-17
-152
517
-41
-235
395
-15
-309
241
-70
-234
399
-122
-123
433
-224
-152
267
-299
-125
485
-215
-195
524
-120
-117
335
-64
-39
144
-12
204
271
-106
123
236
-183
21
72
-139
186
38
-264
209
-10
-373
86
-181
-130
241
-294
-170
236
-363
-229
256
-401
-162
285
-272
160
254
-427
-109
105
-408
-148
408
-82
-26
251
-25
-67
-64
67
-110
-173
120
21
27
228
31
8
-50
-212
62
94
-43
85
139
-95
-19
222
-91
-11
218
-131
-28
163
-46
56
118
9
-98
-164
63
-12
71
147
-126
-39
58
-83
-255
233
101
-311
29
-127
111
91
-259
-101
111
-33
-128
259
-84
58
63
-421
183
17
-245
343
180
-202
75
170
-202
-67
109
-250
-4
285
-125
-45
259
-133
-46
19
-109
203
1
-160
143
63
-280
278
154
-379
497
26
-454
417
71
-275
127
297
-159
-19
420
-180
-6
288
-373
-106
409
-259
-153
353
-182
-39
65
-331
-30
125
-252
-10
91
-157
190
-50
-205
257
-84
-295
133
95
-79
154
-19
-108
127
20
-52
34
110
15
-96
22
-27
-28
73
-79
131
62
-194
-43
-40
-46
63
-12
-137
118
-19
-332
251
170
-428
189
96
-218
249
-152
-225
229
-43
-311
372
126
-177
109
-106
18
58
-12
64
280
-55
-77
297
-318
15
488
-389
-51
405
-304
51
234
-394
164
120
-413
241
197
-348
79
59
-361
55
161
-71
-27
112
-94
-245
345
-53
-348
334
79
-289
159
239
-143
148
164
-333
83
284
-207
-58
230
-34
-123
80
-55
-19
-127
-87
70
-214
172
100
-244
323
39
-477
194
65
-312
320
-49
-179
308
-105
232
72
-295
308
-221
-366
413
113
-294
317
150
-488
256
234
-489
205
226
-428
54
364
-78
-77
316
-168
-181
264
-108
17
155
78
-69
-119
279
-109
-261
86
18
-219
78
51
-21
100
-129
-70
22
-220
-74
112
-308
156
250
-398
303
13
-429
426
-123
-462
434
210
-510
236
223
-243
201
-92
-77
69
-65
55
-82
67
111
-114
76
264
-160
30
207
-262
163
336
-226
-31
398
-26
-192
319
49
-285
245
72
-370
266
252
-453
201
219
-465
46
156
-237
83
111
-89
-63
-23
159
-211
-229
369
-192
-185
294
-178
-92
107
-52
-29
-47
0
1
-74
67
-107
-68
279
-195
-164
298
-95
-36
153
-232
131
301
-260
-35
367
-232
-252
606
-147
-331
589
-152
-481
533
28
-415
364
-121
-306
283
-8
-414
159
335
-563
57
564
-669
16
534
-864
154
519
-692
358
304
-624
6
253
-139
-41
115
-261
86
-18
-193
195
-123
84
15
-224
76
65
-131
-56
207
-122
-27
241
-209
35
268
-351
2
384
-342
196
391
-262
-72
290
-30
-129
354
-158
-203
370
-61
-1
221
-17
-108
70
175
-215
-6
344
-158
-158
303
32
-185
377
-3
-442
311
18
-254
361
36
-424
236
240
-480
62
274
-326
-203
429
-240
-364
516
-399
-187
610
-474
-338
354
-13
-356
125
85
-251
265
11
-274
231
-51
-381
167
187
-406
8
449
-90
-212
230
-9
-168
144
-118
-101
207
-40
-20
318
-14
-138
200
-104
-211
154
222
-84
55
104
-156
107
-180
7
205
-265
47
231
-121
-86
95
-122
-47
158
-186
-29
215
-19
-5
-14
95
1
-292
179
179
-237
264
80
-279
305
-20
-218
179
-61
32
-15
4
265
-47
-72
163
19
-231
45
82
-314
191
199
-360
103
399
-478
-365
651
-140
-515
395
-28
-176
259
-202
-142
362
-171
-168
517
-283
-69
302
-266
142
59
-252
89
504
-314
-125
718
-434
-294
372
-327
-145
587
-114
-555
604
-128
-642
702
-348
-415
439
-338
-260
445
-46
-394
442
-145
-345
299
-297
135
92
-345
462
21
-229
111
-128
-8
224
-3
-120
190
-54
-140
-21
-10
176
45
-211
-141
227
-86
-244
465
-24
-448
347
178
-232
269
-158
-427
530
-52
-435
383
-8
-216
450
-179
-452
289
78
-77
-19
-93
-7
160
17
40
41
-54
106
-133
127
77
-95
246
48
42
14
13
-60
-56
181
-245
-202
286
55
-237
-103
7
-136
-52
183
-20
65
4
-85
135
-331
32
317
-281
-39
144
-85
297
317
-377
-62
124
-432
372
463
-323
-88
-37
160
343
-136
-209
121
336
-113
-178
230
-81
-122
308
307
-82
-310
-81
408
200
-423
-373
-1
-4
-107
184
293
-11
-379
-170
131
-231
-331
42
139
80
-74
-181
103
128
-85
-165
-222
58
389
-26
-259
115
27
-100
187
-64
-48
206
-247
-32
429
-141
-168
143
-210
60
37
-427
239
352
-468
4
128
-152
223
-74
-134
222
-72
-266
154
218
-47
61
70
16
142
56
11
124
179
297
19
-167
243
100
-198
9
25
42
100
110
229
356
-55
-287
-19
80
318
65
-183
23
152
68
-137
-100
-277
-69
266
-61
78
209
-223
-133
109
-223
-207
138
-76
36
253
51
56
-37
-344
-132
174
-95
-162
104
151
88
21
-116
-130
-48
-46
-228
-129
75
80
80
-79
-24
76
-9
-75
-103
-72
-60
-75
-151
-105
62
153
77
-115
-206
-76
99
41
-173
-269
11
197
100
-100
-290
-105
46
-131
-234
-82
37
4
-28
-202
-203
-92
-54
-83
-257
-183
25
-17
-117
-181
-222
-88
-37
-71
56
157
91
106
152
136
126
130
198
209
186
265
181
134
246
211
177
186
155
118
139
116
75
116
86
66
68
90
136
39
-25
28
12
52
92
13
6
102
47
41
75
-26
17
20
-35
73
80
-19
33
26
-50
-16
7
-27
0
-4
30
29
-8
37
14
-1
-19
23
14
-1
23
12
51
-32
-46
28
-10
-42
-17
4
-44
-55
-22
-39
-61
-63
-31
-42
-79
-53
-59
-92
-49
-50
-94
-41
0
-80
-61
-19
-109
-28
18
-69
-62
-1
-57
-62
3
-25
-15
28
-16
-32
-3
-30
-41
-1
-23
-77
-28
0
-15
-19
-19
-10
-28
2
-31
-29
2
-29
-46
-5
20
13
-24
-49
-12
-20
-27
45
4
-21
30
-15
-29
-9
-6
-44
-29
-1
-2
-26
-22
-2
-26
-1
5
-23
14
12
21
46
21
8
45
25
-6
3
51
48
13
70
59
4
31
94
40
21
46
-17
27
46
-20
7
54
11
11
-2
-15
38
-30
-31
20
-24
-26
19
-5
-63
-41
-7
-42
-8
-16
-30
-12
-31
-48
44
38
-46
41
45
-1
71
30
-21
66
21
-15
95
24
-39
75
31
-19
10
-41
15
9
-45
9
21
-40
1
13
-73
10
32
-35
2
-5
-44
-35
-19
-17
6
2
10
41
-10
-55
-15
-44
-65
1
-4
-13
13
-13
-44
-4
-9
-49
5
-7
-7
20
-21
11
47
-25
-28
15
-21
-7
31
-3
-36
-16
-28
13
35
-18
19
4
-19
24
35
-6
11
34
52
65
35
42
42
59
36
13
54
52
-8
24
52
-1
9
52
3
-6
15
-25
-8
-1
-30
-41
-42
-3
-8
-14
-20
-41
9
-31
-69
1
-16
-48
-12
10
-20
-31
-12
-46
-22
-17
-35
10
-13
-30
-36
-41
-28
-31
-35
-20
-14
-22
-26
-5
13
-33
-33
-16
-14
-14
20
2
-49
1
-23
-62
11
23
-28
11
19
-12
11
19
18
3
-2
29
26
1
8
28
4
28
42
19
46
49
24
37
53
27
13
47
61
38
39
21
7
50
23
-15
36
35
-5
78
48
-31
26
35
31
11
23
25
-1
26
33
20
-14
18
14
-10
57
17
1
10
-2
33
-10
-30
13
-31
-9
22
-30
-31
2
-6
-6
-15
-30
-13
-28
-32
-17
-55
-28
17
-24
-7
-9
-72
-24
7
-54
-26
-11
-21
3
-20
-25
2
-23
-41
-14
-22
-32
1
8
9
-14
6
13
-17
-7
-4
10
23
-6
10
15
-26
-4
-15
-14
25
-21
-11
23
11
-7
-21
-19
-7
-8
-13
13
-14
-9
33
28
-18
-18
17
-10
-7
26
11
7
10
14
-19
-53
14
-8
-63
8
-17
-68
1
-4
-39
11
-24
-41
-11
-36
8
11
21
43
-8
11
17
-9
15
55
13
14
44
11
32
35
6
21
39
25
1
5
15
-10
-2
32
11
-18
21
19
-22
18
20
-24
-5
5
-21
-34
-20
4
-10
-35
-1
-25
-30
11
-29
-26
5
-32
-27
3
-1
-2
-3
0
21
-8
-1
-6
-34
13
0
-7
34
34
13
12
-17
-24
0
10
33
23
11
9
-3
4
6
3
6
21
17
26
2
-5
3
-27
-27
5
4
-29
18
21
7
3
-33
-6
-1
-19
4
21
1
26
2
-9
14
-27
-12
0
-5
14
0
-16
1
-1
-33
-30
-15
-18
-1
-27
-40
4
-4
-22
-10
-20
4
5
-17
0
17
-10
-5
35
23
10
12
14
0
-17
6
7
1
16
24
4
0
6
-9
-5
26
15
-17
36
35
-19
21
43
-18
4
50
-13
-18
24
27
21
15
-1
-53
-9
42
1
-2
13
-10
16
58
5
4
25
1
8
39
33
20
61
9
11
26
-17
29
15
16
15
-8
4
-5
2
6
4
4
17
-10
-6
27
-9
4
5
16
20
18
40
26
36
25
-2
8
10
-28
-12
5
-18
7
2
-30
-43
-49
-53
-50
-42
-54
-41
-39
-39
-54
-49
-13
-43
-50
-23
-18
-22
-16
5
-24
-34
-14
-7
-10
-11
-12
-11
-35
-31
0
-20
3
7
-21
-5
-14
-31
-28
-15
1
14
-8
-9
16
-5
15
9
-15
4
12
22
8
31
33
9
26
19
-3
0
27
16
5
49
41
2
27
27
4
25
15
-2
18
5
-5
9
-4
-14
-4
-13
-32
-8
7
-30
-8
-9
-48
-15
-11
-23
-7
-9
-3
7
-20
-11
28
1
-9
25
23
17
43
31
8
21
16
17
1
14
28
-9
-8
-7
-18
-22
-16
-31
-34
-24
-24
-43
-76
-39
-47
-51
-26
-49
-49
-44
-42
-50
-18
-23
-42
8
-11
-33
6
14
-18
-18
-3
12
22
25
37
18
23
34
27
29
38
43
35
64
38
16
42
33
32
30
19
9
46
21
-16
32
-4
-21
7
-6
-6
-4
-11
-13
8
-3
-19
6
-19
-20
12
1
-4
2
12
4
-15
29
21
-20
9
-7
-33
12
13
-10
5
4
-6
1
-11
-17
-18
-11
10
-17
-28
1
-12
-30
0
-3
-24
-8
-30
-17
6
-17
-6
-6
-7
23
25
17
27
10
-3
33
32
22
35
31
28
36
45
27
35
42
14
15
37
30
10
23
3
16
19
-2
17
-23
1
26
-26
-11
16
-21
-13
-8
-44
-1
0
-58
-12
4
-39
-12
-10
-10
1
-31
-3
6
-7
16
0
6
17
0
19
28
7
19
30
23
29
24
23
31
11
-2
10
9
6
10
7
-3
-20
-5
4
-17
-16
7
-7
-13
12
-3
-17
-27
-14
-13
-23
-11
-30
-17
-4
-9
-11
-12
-9
-43
-21
-10
-33
3
-13
-30
-22
-17
-6
-11
-6
-6
-19
-15
14
5
-2
19
6
-13
4
1
-11
11
5
-5
13
12
17
20
7
2
15
6
7
29
0
22
53
17
1
39
35
-3
33
31
3
38
27
16
13
2
-1
4
9
-17
-6
13
-21
6
10
-33
-8
-29
-44
3
-11
-23
0
-19
-22
0
-34
-27
-15
-15
10
-18
-13
-6
-11
-5
-28
-10
-11
-25
5
12
8
-6
-12
-8
-6
4
1
-7
1
20
12
-7
6
10
0
-1
6
-7
-3
5
0
9
6
3
-2
-4
12
-2
-31
-21
-5
-8
13
-2
-14
4
-12
5
21
-15
-9
3
-13
30
23
-15
29
24
-4
15
18
20
25
9
24
32
-8
20
47
12
26
22
-2
17
17
24
6
-4
9
10
7
-9
-5
-8
-25
-40
-19
-6
-10
-21
-36
-17
-28
-48
-20
-9
-27
-14
-14
-27
-3
-9
-20
2
-10
-21
9
25
-8
-15
10
7
-9
5
11
-14
0
8
-9
-6
-11
-15
2
-13
-14
5
-17
5
11
-17
8
-3
-7
27
10
-17
5
24
11
17
17
12
-8
5
46
12
0
23
-4
-1
23
-1
-8
17
7
4
12
4
5
0
7
2
6
17
-1
9
7
-8
0
-1
-4
-2
-6
-12
6
-9
-17
13
-26
-31
8
-8
-16
-4
-13
-16
4
-2
-9
-7
-8
10
7
2
13
-3
-2
17
-7
-5
19
0
-3
18
7
3
10
-10
0
9
-7
8
9
1
16
24
-6
-2
23
-9
3
26
-12
6
22
-13
20
19
-24
8
7
-11
11
8
-10
9
26
-8
-3
16
2
3
21
13
-5
0
-1
19
10
-17
0
-5
-2
-5
-27
-14
-15
-33
-36
-22
-22
-38
-18
-19
-30
-16
-36
-32
-3
-11
-19
-5
-2
-17
-8
1
2
8
-6
1
8
3
6
6
13
-3
1
19
-2
3
15
-4
-7
4
-4
6
12
-3
11
17
-1
3
11
1
-2
4
16
9
4
19
3
-3
6
-5
3
11
2
11
9
7
18
-3
-2
24
0
7
19
6
23
19
15
26
11
7
21
6
4
26
7
-10
1
0
-6
-12
-16
-13
-16
-26
-18
-22
-45
-23
-23
-36
-12
-35
-31
-13
-40
-18
-17
-48
-20
-7
-25
-13
-16
-19
-11
-29
-25
-17
-24
-18
-23
-5
-6
-30
-10
-14
-28
-1
-7
-7
13
-10
0
16
-5
5
7
-11
3
20
10
6
11
7
8
23
16
-3
20
20
6
22
18
10
19
28
25
13
18
28
19
18
23
21
21
23
21
8
9
11
3
8
8
-12
5
15
-16
1
6
-14
7
-4
-11
11
1
-3
7
-6
-14
7
7
1
-3
0
12
1
-4
2
11
10
6
6
9
17
13
11
15
18
17
16
19
25
18
11
25
18
2
12
14
5
0
9
2
-11
-6
-4
-12
-9
-5
-22
-6
7
-23
-6
5
-20
-4
13
-3
-1
9
6
5
5
12
10
13
26
5
8
21
4
12
12
2
10
10
8
6
1
5
6
-9
7
10
-8
10
2
-7
11
1
1
8
-7
4
17
-10
1
17
-10
3
11
0
13
-2
-10
11
5
-5
4
3
-3
0
10
6
-2
1
4
1
6
2
-6
6
5
-4
8
4
-3
9
0
-1
2
-4
16
11
-9
18
15
-13
16
14
-15
9
4
-10
18
1
-14
10
-6
-16
1
-7
-16
-8
-6
-18
-15
-19
-27
-15
-21
-27
-18
-23
-25
-20
-28
-30
-25
-18
-13
-15
-15
-6
-6
-18
-22
0
4
-6
10
13
12
19
3
4
14
7
11
14
3
6
7
-10
-9
-17
-19
-2
-11
-25
-22
-13
-27
-43
-29
-41
-39
-20
-46
-44
-33
-59
-68
-61
-64
-61
-49
-59
-72
-76
-73
-71
-78
-73
-69
-76
-70
-73
-80
-71
-82
-87
-73
-83
-100
-84
-87
-109
-85
-84
-102
-87
-87
-90
-90
-91
-76
-82
-86
-72
-82
-85
-87
-101
-85
-84
-101
-73
-78
-106
-94
-97
-108
-116
-121
-122
-116
-106
-115
-113
-89
-84
-92
-76
-51
-45
-41
-35
22
81
79
80
75
141
202
134
115
156
167
173
157
160
211
217
165
155
155
126
136
102
102
248
249
155
162
112
114
174
124
108
161
158
197
270
274
352
382
334
351
306
307
455
641
652
497
586
776
755
635
447
330
386
378
344
431
459
369
185
-98
-269
-264
-256
-340
-460
-450
-340
-401
-645
-807
-763
-705
-763
-791
-691
-529
-486
-609
-696
-681
-585
-464
-389
-356
-313
-223
-187
-247
-292
-194
-54
-39
-92
-86
6
30
-36
-93
-67
19
36
304
500
-46
-443
-322
-267
-16
266
375
481
233
-133
-175
-20
240
541
612
314
153
425
745
720
514
615
759
660
641
848
1156
1210
943
729
711
839
1059
1171
1067
930
848
711
573
568
729
923
766
388
321
375
271
141
98
210
299
159
-56
-158
-186
-158
-164
-242
-237
-246
-312
-387
-482
-429
-399
-583
-698
-705
-698
-644
-722
-885
-927
-1008
-1160
-1124
-966
-1002
-1145
-1240
-1423
-1503
-1319
-1264
-1455
-1528
-1563
-1731
-1876
-2025
-2064
-1916
-1816
-1828
-1961
-2179
-2324
-2373
-2311
-2140
-1968
-1804
-1814
-1955
-1593
-606
294
458
86
-47
348
1008
1730
2578
3391
3759
3489
2944
2953
3728
4597
4979
4885
4610
4376
4068
3679
3624
3801
3713
3243
2598
2104
1877
1592
1008
417
1
-276
-530
-880
-1148
-1342
-1644
-2014
-2274
-2290
-2045
-1839
-1949
-2055
-1999
-1879
-1644
-1350
-1021
-631
-254
41
318
587
841
1113
1362
1651
2004
2302
2368
2304
2264
2201
2187
2206
2179
2051
1802
1429
967
626
432
245
-30
-370
-718
-1098
-1506
-1848
-2034
-2178
-2363
-2590
-2813
-2959
-3014
-2976
-3007
-3092
-3100
-3036
-2906
-2792
-2724
-2699
-2689
-2653
-2518
-2294
-2077
-1936
-2033
-2228
-2321
-2321
-2203
-2112
-2133
-2197
-2350
-2564
-2652
-2732
-2845
-3023
-3337
-2858
-1141
471
494
-862
-1875
-1485
-200
1186
2608
3903
4374
3631
2296
2020
3617
5769
6705
6357
5776
5494
5208
4773
4851
5456
5753
5255
4191
3435
3354
3220
2387
1336
811
760
571
-85
-781
-1214
-1727
-2518
-3098
-2958
-2347
-2072
-2649
-3475
-3730
-3440
-3015
-2645
-2193
-1684
-1513
-1785
-1879
-1316
-318
513
732
733
1041
1462
1752
2056
2538
3064
3333
3213
3069
3243
3495
3499
3241
2984
2979
2991
2642
2154
1828
1575
1275
847
456
303
104
-382
-955
-1316
-1389
-1415
-1614
-1852
-1967
-2092
-2335
-2510
-2459
-2221
-1981
-2001
-2230
-2349
-2251
-2113
-2006
-1835
-1603
-1558
-1829
-2047
-1979
-1787
-1665
-1722
-1913
-2068
-2133
-2259
-2425
-2539
-2561
-2661
-2970
-3200
-3240
-3206
-3282
-3463
-3682
-3831
-3797
-3759
-3884
-4042
-3296
-1521
-59
-142
-1417
-2010
-1103
616
2101
3149
4042
4458
4010
3171
3479
5312
7164
7482
6709
6294
6408
6417
6031
5887
6125
6068
5389
4445
3949
3864
3409
2184
1106
909
1087
756
-288
-1260
-1829
-2254
-2698
-2833
-2493
-2271
-2739
-3751
-4346
-3968
-3146
-2713
-2696
-2681
-2595
-2542
-2562
-2183
-1301
-528
-314
-493
-379
260
876
1082
1214
1610
2146
2450
2448
2487
2684
2845
2766
2650
2835
3133
3065
2509
1949
1790
1836
1744
1512
1317
1077
572
-93
-474
-424
-253
-385
-876
-1310
-1481
-1563
-1648
-1663
-1504
-1339
-1461
-1730
-1832
-1678
-1442
-1360
-1396
-1391
-1342
-1355
-1457
-1522
-1425
-1351
-1479
-1636
-1645
-1543
-1642
-2055
-2424
-2557
-2496
-2433
-2563
-2794
-3048
-3293
-3549
-3748
-3706
-3523
-3503
-3768
-4028
-4123
-4083
-4023
-4020
-4042
-4052
-3311
-1767
-523
-539
-1605
-2143
-1290
486
2199
3241
3658
3628
3313
3068
3786
5514
7063
7240
6405
5904
6042
6402
6486
6350
6241
5953
5428
4869
4471
4185
3562
2410
1498
1316
1414
1118
157
-960
-1774
-2208
-2369
-2331
-2221
-2354
-3010
-3884
-4218
-3817
-3107
-2752
-2791
-2836
-2796
-2659
-2481
-2033
-1332
-768
-511
-411
-108
433
867
1009
1208
1665
2214
2589
2628
2612
2693
2803
2846
2859
2994
3038
2749
2300
2043
2057
2052
1759
1257
791
480
281
102
-23
-107
-390
-905
-1356
-1445
-1226
-1060
-1130
-1324
-1480
-1535
-1530
-1473
-1323
-1117
-954
-946
-994
-927
-862
-875
-908
-880
-750
-652
-748
-998
-1284
-1471
-1454
-1407
-1422
-1621
-2093
-2552
-2789
-2745
-2664
-2810
-3119
-3474
-3783
-3977
-4026
-4007
-3964
-4068
-4260
-4400
-4422
-4251
-4134
-4194
-4260
-3677
-2268
-939
-744
-1594
-2060
-1290
365
1823
2662
3205
3482
3406
3195
3766
5245
6563
6732
6108
5876
6218
6569
6494
6279
6242
6198
5774
5132
4783
4521
3970
3037
2364
2346
2339
1663
429
-543
-907
-939
-1076
-1334
-1607
-2061
-2746
-3372
-3297
-2675
-2221
-2366
-2844
-2986
-2718
-2371
-2156
-1856
-1443
-1121
-1015
-946
-560
-74
217
263
447
975
1440
1562
1418
1424
1663
1883
1963
2043
2155
2085
1824
1585
1644
1805
1722
1326
896
726
651
505
291
146
24
-256
-599
-750
-683
-646
-756
-962
-1021
-901
-839
-888
-933
-812
-613
-540
-483
-353
-245
-226
-341
-406
-291
-178
-257
-489
-668
-745
-851
-1081
-1302
-1388
-1432
-1747
-2307
-2681
-2763
-2669
-2762
-3059
-3274
-3483
-3736
-3995
-4115
-3940
-3703
-3814
-4143
-4362
-4307
-4086
-4024
-3908
-3754
-3852
-3634
-2542
-1073
-374
-996
-1835
-1444
87
1828
2801
2974
3123
3172
3115
3581
4906
6410
6780
6008
5454
5815
6494
6831
6626
6345
6251
5918
5376
4931
4837
4724
3979
3102
2716
2603
2136
1139
224
-68
-29
-221
-790
-1428
-1797
-2201
-2699
-2797
-2481
-2225
-2540
-3217
-3493
-3226
-2831
-2607
-2591
-2419
-2099
-2069
-2115
-1900
-1372
-866
-695
-554
-162
290
483
463
532
986
1507
1678
1698
1801
2030
2006
1783
1765
1967
2159
1995
1625
1353
1302
1259
1037
857
835
764
405
35
-112
-24
36
-173
-410
-533
-534
-541
-622
-623
-500
-514
-693
-777
-712
-592
-660
-838
-912
-850
-845
-1031
-1229
-1371
-1404
-1518
-1656
-1727
-1796
-1935
-2323
-2690
-2805
-2646
-2587
-2754
-3014
-3309
-3468
-3630
-3594
-3451
-3346
-3355
-3663
-3919
-3927
-3654
-3436
-3408
-3405
-3405
-3434
-3058
-1761
-509
-269
-1062
-1620
-757
876
2275
2774
2759
2994
3328
3443
3986
5217
6209
6253
5535
5380
6021
6468
6420
6013
5789
5865
5663
5065
4605
4398
4139
3559
2942
2816
2606
1856
850
172
203
327
-6
-666
-1284
-1660
-1949
-2332
-2402
-2132
-2158
-2535
-3031
-3116
-2772
-2644
-2718
-2738
-2537
-2205
-2169
-2292
-2055
-1620
-1298
-1126
-1024
-600
-176
-105
-48
126
562
1003
1081
1126
1329
1528
1604
1548
1570
1790
1862
1751
1609
1502
1559
1478
1277
1191
1169
1118
845
544
472
456
364
231
73
9
-44
-257
-397
-443
-415
-412
-649
-813
-793
-837
-942
-1071
-1193
-1256
-1406
-1587
-1656
-1687
-1656
-1761
-1982
-2117
-2235
-2340
-2413
-2439
-2367
-2394
-2657
-2831
-2932
-2899
-2748
-2830
-2842
-2864
-2956
-2978
-3121
-3065
-2793
-2760
-2887
-2974
-3014
-2903
-2985
-2670
-1289
-121
-34
-1048
-1885
-981
753
2002
2482
2510
2769
2977
2712
3191
4594
5698
5885
5133
4909
5647
6016
5912
5646
5575
5909
5680
4905
4610
4556
4360
3791
3051
2966
2912
2168
1202
511
466
545
-25
-699
-1095
-1409
-1725
-2267
-2477
-2201
-2272
-2697
-3156
-3275
-2943
-2855
-3069
-2981
-2692
-2434
-2445
-2678
-2383
-1835
-1555
-1361
-1235
-890
-494
-499
-452
-41
442
814
850
781
1072
1300
1308
1396
1545
1830
1914
1620
1433
1524
1720
1790
1625
1513
1534
1366
1122
1023
1059
1151
994
674
545
546
514
321
77
9
-3
-124
-316
-460
-504
-614
-882
-1103
-1192
-1227
-1311
-1545
-1722
-1699
-1728
-1870
-1998
-2089
-2177
-2340
-2499
-2461
-2263
-2173
-2334
-2671
-2917
-2881
-2763
-2685
-2596
-2635
-2873
-3124
-3219
-3026
-2724
-2709
-2939
-3188
-3200
-2972
-2944
-2674
-1559
-479
-479
-1391
-1956
-1064
626
1775
2087
2078
2306
2587
2572
2964
4199
5356
5515
4903
4702
5277
5700
5649
5521
5645
5930
5709
4960
4537
4621
4644
4212
3610
3415
3278
2589
1670
1119
1137
1203
676
-115
-642
-948
-1274
-1769
-2052
-1901
-1962
-2484
-3023
-3201
-2976
-2857
-3093
-3168
-2924
-2696
-2743
-2951
-2726
-2150
-1808
-1696
-1622
-1334
-912
-786
-706
-347
110
489
566
540
843
1135
1183
1251
1438
1750
1856
1629
1553
1721
1970
2078
1854
1744
1827
1714
1561
1472
1522
1701
1508
1109
964
894
872
745
440
367
354
133
-119
-341
-425
-477
-760
-1027
-1138
-1248
-1380
-1644
-1871
-1866
-1896
-2058
-2250
-2409
-2411
-2449
-2639
-2707
-2732
-2774
-2811
-2946
-2960
-2910
-2979
-3058
-3114
-3087
-3021
-3166
-3361
-3237
-3051
-2911
-2909
-3140
-3150
-3027
-3060
-2905
-2148
-1012
-275
-665
-1556
-1390
-164
1255
2117
2251
2383
2682
2781
2965
3809
4965
5647
5407
4878
5141
5800
6087
5971
5794
5877
5924
5505
4992
4913
4933
4634
3987
3471
3340
3017
2210
1360
1049
1098
889
246
-478
-906
-1182
-1606
-2034
-2050
-1967
-2233
-2779
-3266
-3202
-2932
-2931
-2990
-2936
-2810
-2744
-2880
-2897
-2366
-1851
-1676
-1637
-1572
-1164
-847
-769
-504
-123
271
510
509
696
1146
1335
1316
1328
1555
2029
2139
2005
2008
2013
2078
2038
1982
2189
2285
2032
1707
1499
1585
1694
1404
1156
1068
887
685
328
94
141
4
-320
-613
-829
-879
-1074
-1483
-1636
-1614
-1677
-1903
-2227
-2307
-2219
-2250
-2416
-2616
-2693
-2610
-2645
-2725
-2680
-2725
-2818
-2979
-3023
-2811
-2727
-2836
-3042
-3201
-3182
-3087
-3106
-3061
-2821
-2759
-2999
-3283
-3278
-3104
-2725
-1980
-1124
-522
-858
-1545
-1455
-517
963
1997
2128
2207
2475
2510
2837
3627
4576
5412
5329
4919
5106
5487
5859
5991
5791
5843
5977
5589
5145
4923
4809
4726
4341
3894
3634
3181
2427
1707
1346
1346
1254
643
-197
-810
-1186
-1500
-1717
-1831
-1982
-2306
-2873
-3302
-3278
-3084
-3026
-3142
-3265
-3200
-3045
-3058
-2977
-2596
-2198
-1898
-1814
-1744
-1380
-993
-757
-490
-105
334
657
697
767
1096
1381
1602
1758
1914
2138
2137
1956
1974
2200
2432
2479
2245
2067
2049
1921
1789
1724
1725
1705
1413
1014
812
780
709
477
172
-4
-91
-324
-569
-716
-808
-931
-1223
-1476
-1583
-1632
-1744
-1946
-2081
-2129
-2155
-2372
-2626
-2668
-2584
-2495
-2626
-2803
-2964
-3121
-3111
-3081
-2992
-2888
-3032
-3263
-3445
-3573
-3450
-3264
-3253
-3137
-3152
-3371
-3343
-3402
-3367
-2596
-1663
-819
-650
-1491
-1801
-1099
177
1588
2230
2238
2377
2460
2581
3431
4450
5318
5630
5113
5026
5445
5844
6119
6050
5951
6000
5830
5373
5081
4934
4773
4437
3951
3622
3227
2606
1838
1269
1165
1069
655
12
-715
-1222
-1555
-1912
-1969
-1945
-2237
-2684
-3198
-3419
-3202
-3057
-3117
-3089
-3073
-3014
-2951
-3025
-2766
-2347
-2073
-1842
-1695
-1493
-1220
-1030
-869
-454
14
342
477
446
647
947
1247
1473
1635
1834
1818
1750
1753
1923
2246
2374
2209
2001
1858
1748
1813
1800
1783
1778
1435
1101
844
656
701
634
388
210
-71
-403
-559
-729
-761
-779
-1054
-1299
-1494
-1676
-1752
-1863
-1984
-1943
-2000
-2249
-2445
-2588
-2626
-2571
-2601
-2669
-2731
-2943
-3133
-3226
-3294
-3117
-2981
-3064
-3212
-3442
-3602
-3537
-3390
-3260
-3162
-3271
-3332
-3367
-3227
-2389
-1452
-924
-1168
-1730
-1526
-656
470
1381
1778
2018
2221
2171
2545
3522
4382
4989
4878
4618
5052
5409
5605
5792
5682
5730
5797
5390
5202
5179
4893
4627
4180
3868
3813
3324
2543
1947
1594
1506
1304
723
204
-282
-821
-1256
-1564
-1585
-1627
-2040
-2597
-2983
-3038
-2932
-2978
-3059
-3063
-3101
-3124
-3196
-3099
-2707
-2443
-2348
-2246
-2116
-1806
-1487
-1381
-1060
-633
-338
-79
-42
122
527
842
1077
1252
1366
1457
1472
1525
1839
2124
2238
2121
1797
1761
1821
1855
1934
1799
1665
1439
1037
908
930
859
758
448
102
2
-222
-469
-578
-780
-860
-1009
-1367
-1509
-1612
-1774
-1854
-1996
-2122
-2133
-2262
-2487
-2598
-2671
-2703
-2711
-2800
-2847
-2878
-2977
-3088
-3169
-3171
-3114
-3126
-3204
-3271
-3287
-3258
-3247
-3259
-3262
-3306
-3300
-3159
-3117
-2890
-2190
-1462
-1030
-1233
-1652
-1312
-348
705
1490
1767
1903
2187
2287
2676
3685
4595
5105
5009
4687
4978
5476
5729
5918
5928
5832
5780
5395
5053
5066
4930
4621
4235
3811
3511
3075
2352
1796
1592
1432
1152
567
-90
-554
-929
-1236
-1447
-1563
-1790
-2242
-2724
-2981
-2900
-2732
-2769
-2956
-3046
-3128
-3159
-3035
-2838
-2486
-2258
-2290
-2216
-2003
-1696
-1307
-1104
-912
-539
-365
-241
-21
207
628
925
980
1105
1217
1278
1415
1478
1657
1978
1966
1813
1629
1482
1612
1644
1618
1641
1468
1225
970
705
733
832
667
487
235
-12
-146
-436
-581
-520
-594
-742
-989
-1306
-1424
-1490
-1617
-1651
-1706
-1792
-1987
-2298
-2392
-2323
-2281
-2344
-2523
-2683
-2781
-2889
-2952
-2939
-2909
-2897
-3086
-3249
-3212
-3158
-3078
-3142
-3222
-3229
-3229
-3140
-3052
-2968
-2892
-2580
-1911
-1192
-883
-1191
-1455
-990
121
1150
1724
1918
1952
2162
2417
2966
3955
4725
4966
4749
4507
4828
5395
5638
5713
5645
5459
5323
5073
4895
4895
4693
4284
3873
3542
3323
2926
2257
1736
1449
1221
880
378
-94
-512
-916
-1275
-1506
-1595
-1777
-2214
-2647
-2831
-2815
-2718
-2785
-2897
-2883
-2955
-3007
-2918
-2723
-2413
-2205
-2199
-2097
-1811
-1542
-1286
-1092
-913
-609
-362
-170
86
357
604
734
817
988
1269
1547
1609
1595
1633
1640
1756
1905
1900
1928
1832
1583
1558
1548
1512
1542
1273
1001
952
732
621
607
352
198
-21
-377
-451
-528
-736
-869
-1121
-1363
-1397
-1525
-1700
-1789
-1947
-2088
-2173
-2240
-2281
-2314
-2440
-2663
-2694
-2664
-2706
-2677
-2809
-2906
-2832
-2928
-2970
-2850
-2848
-2854
-2897
-3033
-2806
-2582
-2682
-2625
-2706
-2667
-2358
-2078
-1264
-527
-510
-918
-1248
-654
565
1501
1894
1986
2102
2305
2516
3025
4011
4707
4820
4547
4331
4818
5271
5291
5359
5298
5285
5252
4824
4611
4626
4325
3966
3645
3374
3230
2723
1922
1491
1312
1156
915
371
-98
-483
-1008
-1355
-1466
-1472
-1593
-2046
-2551
-2703
-2652
-2651
-2687
-2767
-2705
-2672
-2812
-2791
-2599
-2311
-2126
-2103
-1950
-1636
-1353
-1225
-1146
-915
-523
-241
-69
149
350
533
672
856
1163
1455
1495
1366
1361
1520
1743
1802
1750
1727
1674
1531
1370
1370
1382
1366
1212
902
752
663
527
360
195
61
-100
-349
-582
-660
-788
-955
-1119
-1279
-1298
-1390
-1638
-1860
-1955
-1925
-1907
-2020
-2136
-2208
-2307
-2410
-2496
-2455
-2404
-2528
-2690
-2762
-2694
-2551
-2614
-2778
-2776
-2867
-2847
-2718
-2712
-2546
-2554
-2751
-2727
-2635
-2532
-2015
-1184
-590
-471
-1127
-1472
-559
622
1583
1996
1879
2030
2285
2355
2980
4085
4753
4862
4447
4246
4881
5340
5337
5359
5285
5223
5123
4711
4538
4652
4377
3857
3490
3266
3105
2628
1827
1399
1316
1121
751
206
-283
-640
-1043
-1479
-1574
-1470
-1698
-2157
-2602
-2753
-2581
-2528
-2660
-2678
-2617
-2639
-2648
-2633
-2389
-2011
-1934
-1959
-1765
-1452
-1175
-998
-953
-708
-326
-156
-14
137
324
553
711
877
1142
1316
1185
1091
1168
1373
1628
1610
1441
1379
1298
1167
1164
1199
1219
1180
859
600
580
513
431
296
68
-25
-167
-463
-601
-639
-731
-857
-1081
-1258
-1267
-1365
-1597
-1740
-1776
-1749
-1800
-1966
-2117
-2169
-2185
-2277
-2241
-2174
-2288
-2407
-2591
-2605
-2414
-2394
-2486
-2542
-2555
-2634
-2628
-2601
-2482
-2231
-2351
-2424
-2357
-2386
-2299
-2104
-1407
-529
-181
-669
-1226
-773
258
1270
1762
1850
2110
2280
2224
2501
3450
4332
4667
4393
4051
4500
4982
4947
4899
4913
4977
4965
4568
4261
4367
4186
3695
3316
3107
3051
2722
1920
1357
1301
1197
896
430
19
-232
-595
-1084
-1329
-1221
-1297
-1631
-2046
-2289
-2151
-2125
-2300
-2378
-2258
-2216
-2281
-2303
-2221
-1857
-1746
-1867
-1761
-1513
-1174
-990
-999
-890
-566
-424
-377
-188
49
384
421
342
482
697
911
889
879
1036
1121
1092
1013
985
1105
1154
935
869
893
809
808
611
489
603
409
168
55
-116
-145
-231
-480
-531
-560
-777
-962
-1139
-1222
-1153
-1286
-1471
-1496
-1580
-1702
-1832
-1934
-1869
-1834
-1921
-2025
-2112
-2105
-2124
-2216
-2244
-2174
-2117
-2170
-2268
-2333
-2268
-2263
-2254
-2117
-2104
-2048
-2063
-2169
-2030
-1863
-1912
-1705
-1008
-395
-96
-580
-1028
-277
632
1296
1703
1719
1955
2223
2056
2385
3460
4052
4198
3952
3730
4331
4649
4469
4567
4664
4673
4631
4262
4111
4276
3984
3527
3287
3211
3130
2666
1961
1577
1500
1337
1049
671
371
5
-521
-948
-1092
-910
-1043
-1503
-1837
-2012
-2023
-2082
-2232
-2245
-2066
-2132
-2272
-2205
-2137
-1920
-1885
-1965
-1683
-1334
-1221
-1249
-1250
-1143
-796
-532
-390
-140
-82
-142
-95
79
411
715
699
533
548
583
640
785
841
853
803
581
461
549
578
534
462
331
294
278
82
-52
-93
-211
-283
-348
-407
-434
-588
-835
-922
-846
-844
-908
-1059
-1216
-1213
-1259
-1389
-1369
-1366
-1525
-1569
-1586
-1626
-1515
-1641
-1833
-1714
-1732
-1789
-1743
-1842
-1788
-1695
-1796
-1840
-1851
-1856
-1734
-1687
-1735
-1595
-1595
-1712
-1629
-1346
-708
-235
-295
-666
-674
36
750
1144
1310
1490
1728
1849
1992
2474
3224
3509
3362
3271
3527
4040
4179
4032
4046
4159
4122
4010
3968
4020
3932
3494
3146
3104
3165
2990
2448
1921
1663
1498
1249
1064
823
488
30
-515
-718
-671
-680
-947
-1375
-1650
-1742
-1829
-1951
-1932
-1947
-2009
-2115
-2173
-2007
-1923
-1917
-1933
-1854
-1615
-1428
-1383
-1397
-1259
-1131
-1003
-837
-673
-489
-461
-427
-375
-233
-30
28
87
141
142
119
170
272
380
432
297
225
365
435
292
230
369
314
222
397
323
258
152
-182
255
329
-13
246
-32
-297
-213
-376
-224
199
-350
-975
-371
-662
-954
-382
-788
-877
-788
-1214
-1090
-841
-1171
-1466
-1157
-1176
-1525
-1400
-1192
-1321
-1558
-1589
-1452
-1231
-1128
-1312
-1399
-1241
-1258
-1192
-874
-747
-646
-691
-819
-645
-338
-37
223
448
453
426
569
823
1265
1459
1516
1733
1884
2003
2130
2332
2533
2643
2654
2637
2776
2899
2869
2784
2754
2764
2702
2613
2518
2475
2333
2018
1800
1710
1647
1456
1154
921
751
518
259
148
76
-27
-244
-554
-656
-672
-795
-859
-901
-1048
-1199
-1314
-1280
-1168
-1326
-1570
-1336
-1197
-1524
-1426
-1340
-1475
-1231
-1300
-1472
-1200
-1083
-1214
-1145
-1006
-1016
-802
-742
-812
-505
-549
-590
-371
-303
-119
-145
-24
206
124
298
175
164
708
624
629
534
397
835
809
609
533
693
805
740
492
357
569
461
208
154
204
179
-41
-192
-271
-336
-287
-394
-529
-662
-608
-620
-820
-901
-888
-868
-866
-886
-1027
-965
-959
-1047
-1030
-1016
-933
-896
-835
-806
-996
-894
-683
-691
-556
-476
-470
-396
-281
-179
-86
55
130
258
379
406
569
672
713
834
971
1042
1113
1190
1205
1290
1344
1369
1460
1470
1386
1412
1436
1365
1395
1434
1361
1299
1230
1155
1111
1053
978
905
823
691
587
519
409
288
224
162
89
19
-99
-253
-337
-371
-453
-464
-489
-584
-636
-711
-794
-821
-801
-732
-684
-728
-842
-856
-798
-838
-737
-620
-628
-575
-615
-652
-524
-425
-351
-248
-277
-274
-210
-191
-108
-16
54
124
114
82
119
155
167
220
319
337
287
246
236
266
245
202
239
300
218
67
-1
2
67
96
30
-23
-85
-191
-212
-176
-173
-186
-265
-370
-404
-415
-393
-375
-410
-429
-520
-586
-565
-532
-521
-547
-582
-608
-573
-569
-575
-586
-590
-560
-544
-497
-442
-383
-373
-398
-339
-202
-88
-46
4
48
148
265
374
497
565
654
693
769
904
979
1069
1083
1091
1141
1152
1189
1213
1208
1186
1164
1129
1074
1063
1036
961
852
726
645
584
470
367
295
202
96
-47
-164
-237
-314
-376
-437
-529
-631
-711
-811
-860
-849
-867
-855
-864
-915
-954
-996
-1036
-990
-884
-807
-785
-810
-828
-788
-744
-647
-513
-444
-400
-393
-349
-210
-59
5
44
144
230
268
336
428
507
583
614
599
645
717
717
708
723
730
736
699
648
642
598
531
465
451
445
365
251
129
79
71
47
3
-58
-140
-234
-279
-286
-281
-298
-361
-420
-488
-491
-467
-492
-494
-507
-541
-562
-568
-556
-515
-531
-574
-556
-562
-524
-521
-547
-524
-526
-498
-472
-424
-368
-367
-374
-315
-207
-124
-60
-60
-48
30
103
171
270
401
444
443
494
573
652
746
826
808
835
887
878
904
933
956
938
904
891
870
829
753
680
581
532
498
397
314
187
64
-7
-107
-201
-280
-388
-491
-559
-650
-735
-806
-897
-945
-953
-980
-998
-996
-1012
-1038
-1021
-1006
-978
-894
-846
-802
-759
-732
-649
-574
-502
-387
-301
-246
-192
-109
3
127
215
259
338
411
463
515
597
711
779
787
760
775
803
795
798
819
826
811
762
664
620
615
565
526
487
440
387
293
179
105
95
69
25
-26
-88
-144
-201
-228
-218
-204
-234
-290
-335
-360
-358
-342
-337
-345
-377
-399
-424
-446
-417
-415
-440
-425
-424
-424
-444
-499
-492
-447
-408
-381
-366
-369
-365
-372
-375
-289
-181
-101
-89
-106
-79
-10
86
172
266
344
376
367
403
510
598
676
708
736
755
743
770
783
797
811
800
763
710
662
601
540
480
444
382
293
196
56
-13
-59
-134
-200
-282
-368
-489
-576
-611
-645
-683
-747
-789
-808
-826
-841
-828
-805
-817
-838
-835
-779
-710
-676
-654
-623
-571
-521
-467
-391
-323
-239
-172
-123
-32
55
138
207
253
313
393
448
497
560
602
662
698
699
712
738
738
705
695
707
721
702
626
571
534
481
429
389
378
331
271
191
117
68
21
0
-19
-27
-88
-163
-184
-202
-208
-209
-244
-263
-270
-323
-330
-317
-308
-294
-353
-380
-383
-378
-376
-392
-360
-347
-367
-386
-380
-386
-362
-325
-319
-259
-255
-263
-268
-256
-175
-113
-42
-25
26
-23
-9
183
184
241
322
343
382
385
409
464
549
575
568
598
570
549
601
622
615
582
523
503
495
446
386
351
322
261
202
119
50
-15
-98
-150
-196
-218
-277
-388
-465
-498
-526
-548
-575
-603
-637
-696
-713
-703
-673
-633
-666
-722
-710
-638
-593
-567
-513
-473
-440
-417
-369
-290
-205
-134
-115
-38
63
129
191
228
300
407
469
510
554
597
645
677
700
726
770
775
716
664
669
706
696
655
594
504
437
398
354
347
315
218
120
59
15
-27
-49
-97
-146
-188
-245
-294
-316
-324
-359
-393
-393
-389
-395
-415
-441
-426
-422
-439
-426
-384
-366
-384
-390
-366
-308
-278
-306
-306
-269
-236
-204
-192
-157
-129
-151
-149
-137
-92
-33
-18
-2
-19
-8
40
65
108
144
185
214
224
259
298
342
365
405
459
479
482
460
462
505
522
508
486
464
447
414
347
297
289
271
208
146
81
-5
-49
-95
-137
-136
-201
-315
-380
-401
-416
-447
-478
-487
-503
-567
-604
-599
-564
-515
-556
-602
-589
-571
-514
-453
-425
-381
-360
-360
-322
-249
-146
-71
-51
-15
28
90
161
214
286
341
405
440
458
527
570
582
601
613
653
679
639
609
608
603
578
539
501
451
383
328
270
226
206
151
64
-5
-87
-149
-162
-192
-221
-263
-319
-357
-398
-416
-419
-418
-403
-397
-417
-439
-437
-422
-398
-365
-353
-333
-324
-337
-305
-293
-246
-175
-184
-196
-184
-146
-108
-92
-48
-19
-18
-34
-43
-1
49
64
70
100
94
83
106
111
159
222
257
284
278
268
286
331
393
442
469
463
430
410
428
466
472
458
435
394
337
290
253
240
229
167
92
21
-54
-108
-147
-192
-240
-275
-332
-414
-452
-490
-520
-527
-559
-558
-566
-602
-618
-599
-552
-535
-539
-529
-495
-432
-387
-363
-322
-269
-221
-179
-126
-60
2
58
96
129
197
259
289
329
376
411
453
469
481
507
514
515
524
533
538
516
467
436
420
417
400
350
302
243
168
134
123
104
74
10
-58
-122
-171
-192
-196
-189
-219
-277
-322
-360
-367
-350
-344
-348
-355
-370
-382
-377
-362
-335
-319
-314
-309
-291
-261
-256
-221
-176
-169
-141
-125
-123
-90
-69
-51
-9
23
30
22
15
31
58
90
123
131
136
143
141
162
204
249
286
310
314
306
332
372
402
438
456
452
428
404
399
413
424
405
370
331
275
214
176
157
120
69
8
-54
-102
-161
-220
-258
-294
-325
-360
-395
-429
-475
-503
-517
-524
-510
-502
-516
-529
-521
-504
-478
-444
-420
-386
-348
-331
-289
-227
-184
-140
-96
-43
6
59
115
142
189
251
279
315
352
364
406
454
473
494
488
463
466
474
490
497
476
418
357
338
334
325
295
253
191
137
93
62
60
25
-14
-54
-111
-148
-180
-197
-202
-240
-283
-285
-304
-352
-379
-404
-404
-383
-386
-400
-409
-427
-425
-392
-390
-362
-319
-322
-311
-295
-270
-213
-158
-142
-128
-95
-72
-29
12
49
85
86
103
131
157
196
217
213
225
258
278
299
310
313
338
362
364
368
388
387
395
409
400
399
386
353
347
355
338
325
296
244
216
174
143
132
96
66
27
-39
-89
-115
-146
-177
-198
-233
-276
-310
-329
-343
-367
-388
-400
-406
-411
-424
-431
-426
-413
-399
-402
-391
-371
-357
-329
-298
-264
-225
-196
-180
-144
-92
-41
4
38
86
140
178
204
248
296
337
371
397
425
449
458
450
457
486
487
477
463
429
401
376
339
319
302
250
194
148
93
50
17
-27
-80
-116
-152
-201
-250
-281
-300
-325
-338
-361
-375
-380
-410
-419
-394
-371
-371
-372
-361
-335
-301
-281
-262
-229
-196
-176
-163
-131
-82
-40
-19
-14
7
30
47
78
103
117
128
125
125
141
159
163
169
172
164
178
184
183
204
217
225
235
238
242
258
273
287
311
321
306
288
289
308
317
305
287
268
227
189
170
165
157
106
36
-13
-48
-89
-137
-176
-206
-237
-296
-360
-386
-410
-425
-446
-485
-486
-493
-510
-503
-507
-495
-453
-441
-436
-401
-367
-318
-269
-245
-195
-141
-109
-62
4
63
116
149
165
211
269
313
352
375
384
404
423
441
471
471
458
445
432
439
426
400
375
335
301
270
232
204
169
116
67
27
-8
-33
-74
-122
-158
-192
-217
-242
-272
-287
-300
-325
-343
-357
-365
-358
-359
-362
-361
-363
-363
-356
-332
-300
-282
-274
-268
-250
-214
-177
-153
-124
-93
-75
-50
-22
17
54
69
94
126
142
157
183
209
222
227
240
265
284
280
275
273
294
320
319
322
322
308
296
291
296
311
306
274
242
227
219
208
187
157
128
89
54
22
6
-10
-55
-106
-145
-164
-180
-214
-245
-270
-290
-316
-341
-346
-350
-363
-392
-400
-394
-386
-370
-377
-382
-365
-353
-338
-309
-285
-268
-241
-216
-191
-146
-109
-78
-35
1
37
67
103
149
190
227
251
273
300
325
348
369
394
406
399
396
393
403
414
399
372
353
328
310
298
277
255
214
161
119
100
86
54
12
-32
-73
-113
-146
-165
-188
-215
-252
-295
-312
-319
-337
-351
-360
-368
-370
-377
-386
-375
-356
-341
-324
-313
-297
-271
-251
-227
-186
-146
-125
-106
-82
-49
-7
27
48
69
98
113
133
161
187
210
215
218
232
251
271
277
282
290
296
300
305
314
322
320
311
304
301
306
311
292
265
247
232
217
199
173
149
115
70
35
8
-18
-55
-101
-139
-169
-200
-239
-277
-305
-326
-349
-371
-389
-412
-427
-439
-444
-431
-426
-422
-417
-421
-407
-381
-354
-314
-279
-261
-237
-198
-159
-124
-79
-29
29
71
98
127
171
219
254
291
330
356
372
384
403
437
449
439
435
428
425
424
410
387
362
327
287
267
246
216
178
130
82
42
15
-14
-46
-80
-122
-161
-191
-218
-244
-264
-286
-309
-323
-335
-354
-366
-370
-371
-369
-361
-356
-350
-332
-321
-308
-281
-262
-246
-219
-192
-162
-130
-107
-91
-71
-44
-12
19
43
64
83
92
99
122
152
182
198
199
203
213
227
243
265
279
285
286
288
293
299
301
300
299
292
286
278
261
238
216
194
178
164
136
100
66
29
-3
-33
-59
-80
-106
-144
-186
-215
-234
-257
-275
-290
-298
-311
-338
-358
-360
-350
-342
-337
-328
-317
-313
-311
-301
-269
-227
-196
-183
-169
-144
-113
-73
-35
-7
30
59
79
108
138
175
210
229
247
268
287
303
317
336
351
356
355
349
345
343
343
338
330
314
288
264
241
223
208
185
151
112
82
56
28
-1
-35
-68
-98
-131
-157
-180
-209
-237
-260
-280
-292
-306
-328
-341
-349
-353
-346
-349
-354
-350
-340
-325
-314
-297
-275
-257
-234
-209
-172
-134
-112
-89
-61
-24
19
52
80
112
136
155
182
204
228
257
271
278
285
294
306
315
319
323
324
323
316
306
305
298
289
282
263
243
228
204
181
166
144
116
86
51
21
0
-27
-61
-96
-125
-146
-169
-190
-216
-239
-260
-284
-295
-296
-294
-301
-315
-324
-320
-309
-301
-290
-269
-255
-253
-242
-225
-199
-168
-147
-126
-96
-69
-50
-31
-11
20
61
96
122
143
157
173
194
222
259
289
299
295
294
301
319
336
340
341
333
312
294
281
271
262
244
220
189
158
123
91
68
43
21
-2
-41
-84
-120
-146
-160
-168
-184
-210
-241
-269
-284
-290
-291
-293
-302
-312
-324
-329
-323
-315
-308
-295
-281
-272
-259
-246
-226
-200
-170
-142
-112
-85
-63
-33
-2
25
61
98
123
142
163
186
213
234
249
262
274
281
286
292
298
299
294
286
281
277
269
257
239
226
212
197
176
154
137
116
92
68
45
21
-5
-32
-57
-76
-96
-123
-152
-177
-196
-211
-225
-240
-260
-281
-294
-300
-297
-293
-296
-305
-313
-305
-288
-272
-259
-247
-236
-222
-207
-186
-157
-129
-109
-87
-57
-32
-12
9
36
67
98
126
150
169
183
194
217
249
275
288
286
286
291
298
307
313
314
304
287
268
253
241
231
214
193
170
141
109
76
45
26
11
-11
-40
-77
-114
-147
-169
-178
-180
-195
-225
-257
-284
-296
-293
-284
-281
-290
-308
-321
-320
-308
-286
-268
-258
-248
-237
-226
-210
-183
-151
-119
-88
-69
-46
-23
-1
26
57
99
130
145
153
169
188
209
237
256
267
266
254
259
273
289
297
290
278
280
275
263
266
254
239
231
218
200
181
157
130
123
95
63
28
-5
-13
-44
-85
-118
-137
-160
-198
-231
-248
-263
-294
-301
-302
-284
-269
-296
-333
-346
-278
-231
-234
-251
-209
-171
-209
-215
-210
335
593
-184
-372
-56
150
248
-195
-336
157
381
12
-167
66
189
251
56
-94
161
292
214
95
110
247
264
190
142
217
287
230
153
151
212
222
149
80
92
129
79
3
-2
18
14
-53
-122
-96
-79
-124
-148
-140
-138
-151
-185
-195
-167
-189
-231
-218
-186
-187
-225
-243
-230
-212
-221
-216
-180
-167
-167
-162
-162
-147
-111
-87
-60
-30
-10
15
30
37
61
92
113
141
164
160
162
166
185
211
213
228
224
213
231
240
241
223
193
227
252
226
213
189
186
204
185
179
181
133
102
92
88
94
39
-10
-25
-26
-31
-90
-107
-139
-155
-130
-180
-177
-201
-259
-255
-288
-326
-325
-278
-265
-282
-268
-248
-236
-266
-246
-187
-173
-170
-188
-152
-58
-38
-112
-97
6
-12
-3
43
16
89
126
79
163
251
253
215
199
232
271
269
205
233
302
320
279
221
240
224
244
191
102
159
103
82
99
34
36
28
-6
-81
-79
-31
-80
-81
-121
-165
-114
-121
-172
-198
-183
-144
-182
-239
-231
-197
-152
-185
-262
-233
-178
-199
-231
-223
-199
-154
-134
-150
-154
-115
-83
-80
-50
-54
3
74
37
55
54
88
156
120
143
200
200
205
208
202
282
310
204
193
237
235
251
221
161
226
240
150
155
162
145
107
101
120
78
66
8
3
23
-58
-63
-24
-16
-73
-143
-136
-98
-126
-202
-238
-235
-145
-177
-291
-261
-238
-174
-197
-292
-263
-232
-178
-154
-178
-162
-127
-136
-128
-93
-121
-85
-44
-48
8
17
-8
39
128
133
73
76
154
225
197
167
193
235
278
264
223
257
289
265
257
206
202
243
200
202
146
84
135
104
51
29
9
12
1
-49
-85
-88
-92
-93
-139
-128
-87
-130
-122
-155
-214
-156
-118
-164
-171
-152
-167
-124
-151
-198
-128
-151
-187
-129
-127
-126
-62
-107
-163
-53
-48
-76
-42
-93
-29
56
16
-1
46
91
64
60
96
148
176
139
135
176
232
216
178
209
194
204
218
184
170
195
244
208
154
133
140
160
144
122
73
91
96
55
77
33
-14
-21
-15
-20
-111
-151
-123
-79
-117
-222
-226
-179
-163
-236
-324
-271
-206
-216
-239
-284
-273
-223
-205
-206
-261
-252
-180
-157
-137
-148
-141
-88
-63
-30
-18
-35
8
49
67
98
85
136
175
132
156
178
200
227
212
213
220
187
204
260
238
214
218
231
211
126
96
153
165
91
97
39
-15
75
-12
-45
-35
-96
-5
-33
-149
-138
-74
-95
-173
-144
-127
-98
-102
-201
-180
-149
-139
-136
-148
-108
-147
-100
-27
-125
-157
-137
-69
-17
-100
-141
-79
26
-15
-104
-54
4
57
45
-16
19
86
114
110
53
69
94
99
203
139
79
158
119
138
166
110
71
139
191
125
118
90
133
167
43
69
131
118
82
17
91
138
25
-19
-3
24
44
-98
-130
3
-53
-143
-140
-161
-140
-82
-203
-322
-153
-138
-248
-213
-295
-252
-118
-166
-248
-243
-130
-141
-135
-157
-230
-35
-18
-107
-120
-96
99
40
-67
19
86
98
98
148
108
171
215
121
198
259
220
223
246
166
163
257
191
181
184
108
184
173
22
55
147
104
33
52
8
-29
40
-35
-59
-26
-76
-52
-35
-88
-182
-76
-49
-177
-113
-196
-141
-106
-231
-92
-154
-166
-170
-254
-73
-34
-142
-271
-135
42
-123
-126
-121
-48
85
-87
-95
-30
-8
130
47
-43
45
31
136
140
-16
96
181
134
60
136
142
112
208
44
64
201
177
79
41
129
77
163
24
-111
197
111
-89
-4
46
-12
9
52
-47
23
-37
-24
67
-163
-50
102
-6
-136
-161
-8
42
-18
-241
-203
81
-54
-199
-242
-161
115
-163
-280
-196
-199
182
-84
-386
-79
-13
-110
-27
-38
-207
36
71
-132
47
67
29
90
-7
14
256
184
-111
73
258
264
177
-94
206
445
150
-3
170
244
270
242
-75
237
365
-85
135
309
26
65
80
-90
130
184
-134
-34
50
-197
-56
27
-173
-74
-110
-208
-24
-230
-214
0
-253
-216
-89
-126
-231
-142
-170
-261
-27
-133
-183
-147
-135
-105
21
3
-295
14
-69
0
166
-214
67
74
85
87
-9
87
79
197
60
36
88
223
164
-9
125
163
205
-26
20
188
41
274
-61
-134
261
75
42
70
-2
-125
175
58
-124
183
-116
-93
145
-8
-70
-50
-8
-52
-38
-12
-168
-5
24
-225
-77
-99
-130
-7
-154
-197
-75
3
-254
-211
27
-76
-12
-218
-262
116
32
-117
-22
-114
-13
82
3
55
-43
-49
92
181
50
-45
180
24
-26
359
97
-54
208
7
163
318
-9
116
215
58
104
179
70
161
177
18
113
-48
20
304
17
-107
193
-74
-235
214
188
-194
-143
-45
-45
200
-143
-331
173
70
-319
-126
115
4
-173
-161
-73
-118
61
-86
-172
-130
-141
104
-152
-213
-119
87
-89
-332
49
56
135
-289
-371
262
267
-96
-244
-30
163
309
-190
-329
367
273
36
-107
-157
252
328
-92
-186
208
138
113
14
-123
29
305
117
-307
201
109
-82
248
-46
-168
275
-25
-150
287
-32
-271
251
107
-305
90
-84
101
146
-300
-218
150
119
-345
-57
47
-2
-52
-302
-22
239
-235
-203
192
-207
49
41
-191
200
-35
-222
-136
159
226
3
-264
-155
257
168
8
-350
-59
522
119
-405
-52
418
116
-145
-147
29
733
40
-808
304
494
210
8
-474
-56
638
304
-318
-159
-257
337
532
-482
-329
-34
219
472
-495
-628
254
235
18
-261
-609
163
545
-454
-535
207
228
-197
-345
-112
184
165
-302
-302
89
255
-47
-208
92
-33
302
204
-436
-159
681
521
-460
-437
-54
920
798
-845
-659
408
717
331
-476
-403
297
528
-110
-506
157
396
6
-190
-233
124
429
-114
-506
154
432
-100
-146
-319
218
691
-230
-808
-183
838
370
-326
-521
-204
515
198
-85
-327
-96
202
-49
328
-190
-617
240
284
110
-154
-602
23
486
195
-803
-185
584
-355
-193
96
23
-110
41
-289
-256
548
-94
-350
235
-172
218
431
-721
-180
797
383
-529
-216
285
448
359
-772
-17
927
117
-468
-255
556
668
44
-967
-179
1077
268
-122
-670
33
690
59
-104
-680
62
559
471
-373
-1210
259
844
-14
-805
-439
479
352
-302
-775
-135
634
-256
-304
167
-729
429
570
-899
-186
419
-204
-220
516
-366
-32
355
-677
142
716
-310
-507
454
179
65
-8
-506
283
615
-77
-495
-103
721
391
-501
-406
338
670
93
-597
-200
724
369
-296
-406
51
525
327
-204
-717
399
553
-46
-24
-901
328
1051
-365
-480
-173
206
632
-149
-553
-150
339
417
-38
-484
-419
538
424
48
-774
-596
821
686
-183
-1296
-156
1039
482
-629
-1231
665
826
-323
-520
-675
413
1029
-417
-1375
292
773
98
-125
-1200
25
1218
-150
-735
-249
399
435
-346
-446
236
503
-96
-158
11
-16
377
339
-248
-187
509
-107
243
609
-754
69
681
-54
112
-245
-273
548
335
-409
-173
93
-70
121
-222
-236
240
-175
-77
-284
-198
236
-148
-121
-407
-42
347
-342
-235
-54
-100
137
-248
-170
211
-74
-206
-9
89
-97
-151
-7
260
161
-355
-186
332
106
119
2
-281
182
394
57
-369
119
355
6
-9
46
119
182
-189
-129
586
-41
-237
-90
-21
734
-288
-499
432
41
77
-17
-242
276
261
-254
-187
181
290
126
-340
-217
429
317
-323
-206
-13
128
558
-464
-552
513
175
-288
-100
-120
-17
314
-5
-559
-178
492
131
-374
-371
238
369
-357
-436
153
469
-94
-655
-104
532
194
-366
-521
-123
794
226
-713
-457
214
882
-167
-775
-263
744
869
-921
-719
642
733
140
-891
-348
1009
675
-645
-615
241
520
664
-794
-602
849
296
30
-763
-425
1248
272
-1027
-551
468
947
-202
-1020
-339
842
414
-869
-123
255
221
-48
-682
-51
603
490
-589
-767
359
468
277
-303
-679
248
537
91
-503
-8
389
-24
97
-454
-184
954
263
-725
-305
404
328
114
39
-485
276
382
-312
269
-119
-3
244
-93
2
-117
420
29
-301
-78
-85
521
-175
37
86
-573
421
36
-27
188
-394
-27
6
411
6
-135
58
-700
427
510
-343
49
-72
-97
-42
98
-129
9
378
-488
-208
163
-45
213
-127
-162
-456
-191
803
111
-447
-319
-216
390
162
-235
-56
185
56
-279
136
-37
221
206
-597
173
377
47
-80
-181
14
40
99
-222
220
275
-331
-84
-229
-11
415
290
-484
-430
384
102
274
-64
-522
341
170
-100
213
-110
158
-27
-162
14
92
254
-85
-40
-357
-20
459
-107
-381
-127
164
191
-249
-267
5
167
100
-405
37
83
62
130
-658
131
517
-149
40
-285
-138
394
286
-308
-192
391
118
156
39
-149
311
196
-194
90
352
273
51
-316
-370
406
572
-120
-418
-165
135
199
10
-386
-75
250
-138
-432
-58
304
134
-125
-558
-407
440
484
-316
-453
-92
331
340
-458
-373
268
469
-75
-258
-196
-46
498
6
-340
-285
-46
612
-97
-664
88
123
508
-204
-1066
173
831
434
-522
-605
50
617
404
-596
-135
450
259
-21
-325
76
381
-83
-223
85
97
200
4
-499
-51
237
-122
21
-71
-94
28
-212
18
244
-13
-434
-123
441
298
-29
-73
-129
-74
189
159
326
46
-185
-174
222
341
-65
13
-216
262
49
-341
170
-8
1
-140
-381
-219
209
467
-244
-656
-433
202
580
-239
-348
-85
-51
201
9
-296
20
572
-166
-358
317
16
370
226
-780
187
762
-56
-53
-81
-327
386
395
-533
111
445
-229
-219
-15
34
382
5
-779
66
415
29
113
-356
-366
170
60
23
78
-106
166
-72
-473
22
546
262
-354
-76
15
-57
433
-50
-101
242
-175
-127
52
294
137
-202
-68
-224
160
388
-146
-89
49
-80
-55
82
-6
131
134
-351
-149
330
88
-53
14
-440
-8
253
-195
72
-140
-324
80
60
-31
72
-161
-106
214
-52
-150
189
124
106
-40
-187
96
285
146
-105
-95
-178
239
315
-492
-75
112
-221
137
-241
-359
237
57
-456
-69
157
-50
69
-228
-96
347
97
-253
-57
239
46
16
-99
-33
229
110
-90
-253
192
242
5
91
-174
-6
347
-30
-416
19
411
148
-107
-370
-4
577
128
-289
-270
134
465
205
-209
-167
104
-44
26
169
83
108
-112
-286
109
381
43
-259
67
61
-14
161
-172
4
9
-305
-80
-93
45
75
-132
-308
-405
40
381
-69
-397
-120
0
377
133
-413
-98
287
275
46
-45
-60
280
312
-35
-25
109
134
255
128
-204
-27
94
30
-1
-189
-164
182
-40
-612
-166
210
-160
-184
-283
-263
223
81
-379
-160
76
47
289
35
-240
335
281
-183
-77
201
470
397
-253
-470
213
507
321
-177
-298
80
28
194
-31
-441
85
159
-350
-235
-90
4
283
-197
-682
-48
332
-27
-285
-291
-119
102
-90
-341
108
197
-79
-119
-130
89
388
229
-93
54
113
120
276
110
81
304
203
7
8
-13
299
332
-195
-320
-34
433
233
-356
-463
-184
102
109
-100
-206
111
144
-340
-434
1
453
374
-237
-375
119
427
136
-460
-284
459
361
-15
-36
-38
208
205
-357
-217
375
350
50
-383
-410
109
226
-189
-458
-310
-12
153
-211
-361
-159
-207
-141
-88
-49
40
187
-65
-119
91
-41
241
290
99
24
19
195
245
265
8
45
236
-97
124
248
-99
20
-79
-150
51
28
28
91
-238
-455
-7
150
36
108
-146
-243
48
-119
-152
302
265
-115
-69
78
121
322
125
-155
143
234
105
205
142
18
-107
-170
-59
36
126
26
-152
-282
-263
-65
-108
-194
-205
-188
-11
-24
-313
-343
78
-24
-277
38
-145
119
396
-373
-190
286
83
209
224
-57
172
374
37
-56
-25
-35
283
292
-233
-285
419
390
-415
-507
-41
539
412
-317
-555
-46
427
66
-121
-176
-81
291
102
-239
-181
137
183
-144
-218
-157
144
437
-133
-360
48
109
121
65
-252
-17
330
38
-72
-28
-49
152
286
27
-82
5
65
171
-37
-168
44
83
-111
-170
-128
-19
112
-95
-269
-159
-77
-30
-39
-96
-168
-247
-139
160
150
-45
-66
-33
48
127
106
116
135
73
17
0
139
150
149
40
-77
195
158
-47
39
42
-61
-94
-23
45
81
139
30
-152
-163
91
180
65
-31
-215
-67
144
-52
-134
-233
-194
204
130
-259
-324
-13
174
194
-28
-291
67
339
121
-70
-38
72
176
15
-316
-102
165
9
-249
-261
-79
110
261
-128
-364
-26
121
189
99
-239
-164
177
155
-50
-78
-6
151
243
22
-51
205
244
100
-24
-149
33
274
208
7
-318
-257
101
173
51
-265
-269
96
170
-135
-300
-107
101
131
-206
-279
84
181
74
-197
-367
-16
279
135
19
-146
-89
97
-16
65
127
226
245
-63
-149
16
411
320
-195
-239
-122
54
180
55
-291
-426
-169
-146
-61
155
-13
-133
-255
-372
26
311
203
95
-49
-68
69
149
299
346
94
-60
20
200
366
232
-126
-220
-75
54
109
11
-124
-195
-273
-324
-145
72
17
-141
-277
-305
-148
22
41
-5
-139
-169
41
94
-3
20
61
-37
44
89
37
201
131
-21
115
188
121
201
227
134
146
67
-40
90
124
67
32
-58
-27
-31
-93
-99
-30
88
118
-71
-220
-42
67
-19
-43
0
36
43
33
-9
28
41
-3
-19
22
183
109
-62
-106
-161
22
140
-10
-54
-56
-96
-76
-114
-165
-61
-94
-274
-248
-78
-67
-160
-219
-282
-201
-53
16
-41
-118
-81
-45
-20
54
158
197
116
72
116
209
290
226
187
95
16
99
201
177
32
54
8
-52
59
84
71
30
-113
-179
-64
105
137
-83
-308
-287
-92
54
77
-20
-137
-142
-93
-18
56
118
152
128
4
22
204
272
166
-34
-71
50
267
306
33
-66
-29
-100
-139
-35
90
75
-17
-291
-428
-189
-17
-87
-200
-215
-116
-6
-72
-195
-118
28
5
-60
-51
115
276
167
-61
-131
37
243
290
226
161
84
31
28
-18
47
222
205
-18
-175
-96
37
92
14
-177
-95
33
-69
-72
-54
-113
-132
-176
-198
-19
147
101
-73
-230
-205
10
188
206
78
-98
-67
68
108
60
74
106
65
16
8
127
237
134
-100
-138
-16
117
157
-48
-214
-203
-157
-101
-84
-72
-42
-103
-211
-246
-128
58
67
-66
-139
-69
78
159
86
-6
70
130
112
215
260
200
98
-30
6
105
177
201
75
-87
-148
-91
17
34
-23
-81
-90
-59
-86
-47
-15
-69
-67
-62
-59
23
91
0
-107
-125
-64
64
88
25
-23
-19
-39
-59
-5
10
67
86
19
-28
-14
15
-12
5
-12
25
113
19
-34
-34
-82
-14
7
-56
20
64
-23
-81
-117
-124
-88
-21
-42
-60
13
-21
-63
-29
16
116
150
70
59
139
179
166
118
55
80
94
72
86
47
-1
-39
-105
-117
-44
-13
-90
-130
-119
-144
-109
-91
-80
-21
-70
-102
-36
-24
-14
12
4
66
116
71
62
82
80
34
43
104
87
68
4
-16
-4
21
48
-36
-40
33
31
-15
-72
-106
-92
-128
-125
-73
-59
-46
-111
-174
-153
-81
1
23
32
-5
-6
66
57
74
71
66
93
65
100
162
178
128
49
13
47
126
178
148
14
-62
-20
-7
-20
8
24
-30
-85
-125
-76
6
-4
-38
-67
-60
-34
16
7
-28
0
6
2
3
64
112
92
52
5
36
89
84
63
47
28
30
-10
-53
-32
4
6
-14
-42
-37
28
18
-39
-68
-20
6
-23
-52
-47
45
30
-65
-88
-64
-17
28
25
17
2
3
4
-24
12
6
14
32
-9
-2
21
32
-16
-73
-79
-85
-64
0
8
-44
-110
-162
-142
-86
-53
-33
-21
-100
-133
-110
-75
6
-1
-31
-3
48
57
101
113
87
110
79
91
140
143
147
100
24
3
18
31
39
50
-19
-64
-62
-83
-42
-19
-16
-27
-77
-99
-70
-56
-30
-4
-49
-57
-49
-10
24
12
35
26
4
24
77
128
112
84
42
47
96
119
133
82
41
19
-1
1
4
-2
-76
-111
-99
-102
-69
-87
-136
-132
-140
-125
-95
-78
-68
-78
-85
-76
-48
-29
3
18
27
43
53
60
79
94
69
89
90
80
85
55
83
64
19
27
-3
16
-1
-29
-22
-28
4
-19
-67
-76
-77
-43
-19
-58
-44
-31
-43
-52
-80
-38
-18
12
27
6
34
32
46
9
-7
41
18
21
32
13
7
-23
-17
-39
-62
0
42
28
-4
1
23
16
-17
-6
29
38
46
16
3
38
37
4
-9
24
25
49
57
28
52
45
22
13
40
47
52
75
34
12
34
32
20
0
-24
-1
38
5
-27
-29
-39
-18
-38
-72
-64
-49
-63
-95
-47
-21
-36
-72
-132
-92
-3
24
-1
-29
-49
-27
-10
-27
1
13
-11
-24
-24
20
35
22
-21
-98
-27
35
11
21
-25
-32
-10
-66
-65
2
43
16
-13
-21
-21
34
37
10
33
58
39
47
62
60
73
75
48
12
77
131
106
78
38
19
41
54
60
78
67
42
5
-9
18
43
38
-6
9
-22
-33
28
-27
-50
-68
-84
-31
-38
-40
-41
-75
-76
-90
-55
-29
-42
-9
-16
-53
-38
-27
-25
-2
-17
-8
38
2
-13
16
7
15
20
20
3
1
2
-12
2
-22
-33
-18
-13
2
-35
-46
-12
5
24
-11
-13
-6
-23
19
4
-37
-3
9
-5
10
-5
-14
2
-17
10
71
59
69
81
25
30
68
62
72
82
63
44
20
6
0
14
19
15
-15
-16
12
7
-8
-51
-55
-23
-6
-10
-12
-26
-39
-37
-41
-16
31
11
-10
-6
-32
-6
31
18
3
-6
3
0
-3
22
26
7
-17
3
13
7
30
2
-36
-36
-8
12
5
-7
-35
-42
-37
-41
-26
-29
-28
-15
-33
-36
-37
-32
-13
-19
-14
-17
-3
36
30
6
4
7
27
43
37
44
37
31
26
8
9
3
-7
5
-6
-13
-6
-12
-36
-57
-33
-27
-45
-46
-45
-19
-17
-41
-45
-31
14
16
-5
-2
25
61
52
55
56
37
34
37
53
69
54
24
17
-3
8
15
-14
-10
-28
-21
-11
-10
3
-16
-38
-47
-34
-22
-32
-37
-14
-23
-57
-70
-76
-62
-42
-13
-9
-40
-24
2
-10
-7
11
28
26
9
24
39
21
3
-23
-23
1
9
4
-22
-46
-39
-25
-49
-51
-21
-17
-21
-22
-20
6
11
-11
1
30
51
59
50
39
50
74
49
36
73
54
51
53
4
23
15
-29
-18
-18
-37
-16
-18
-58
-48
-44
-59
-36
-32
-57
-37
-17
-26
-27
-33
-24
-11
-19
-10
10
17
18
-11
-23
-7
9
15
-10
-22
9
38
-3
-28
-6
-12
-25
-27
-26
25
66
5
-28
-27
-6
49
26
-19
17
56
49
29
8
5
36
46
34
56
75
90
64
36
57
50
83
82
41
75
81
57
55
40
56
48
6
11
12
15
27
5
-4
8
0
-30
-44
-36
-23
-8
-10
-46
-43
-14
-54
-59
-51
-70
-47
-49
-74
-78
-71
-72
-65
-61
-88
-72
-50
-75
-60
-68
-94
-60
-17
-5
36
18
-130
-115
-19
17
107
111
65
39
-60
-82
-9
42
59
74
64
37
92
103
57
-8
-11
60
62
92
155
181
118
-7
-59
-54
1
85
130
108
49
2
-44
-83
-61
4
34
11
-38
-31
8
-31
-78
-97
-97
-71
-71
-28
21
-9
-64
-112
-138
-104
-25
9
-16
-37
-37
-25
-49
-64
-10
24
19
13
18
28
30
29
8
-2
24
56
34
4
35
59
35
-6
-12
37
75
66
22
19
50
29
23
43
68
95
78
44
32
44
72
60
9
9
51
59
34
-7
-33
-13
-33
-68
-68
-64
-54
-42
-69
-119
-111
-100
-96
-86
-99
-84
-45
-34
-60
-67
-44
-29
-39
-28
-1
27
31
7
16
22
16
21
7
7
22
34
54
28
7
9
6
11
13
26
9
15
21
12
51
42
28
17
6
50
57
48
39
25
25
35
41
18
32
37
18
26
26
24
25
13
-21
-6
36
21
-10
-20
-28
-32
-28
-51
-58
-33
-48
-67
-63
-73
-84
-89
-99
-89
-59
-55
-52
-38
-43
-51
-61
-47
-16
6
32
20
11
31
24
26
41
53
52
46
55
60
76
68
45
41
40
45
50
58
54
34
12
-10
-2
28
27
10
-26
-64
-36
-10
-23
-40
-45
-54
-57
-65
-67
-39
-43
-53
-52
-42
-10
-1
-10
-36
-35
-3
12
32
26
19
25
5
-4
-7
16
31
5
4
10
13
8
-15
-14
-2
7
11
3
9
26
14
3
10
10
16
30
26
7
9
22
23
25
21
21
18
3
8
14
14
13
15
18
8
15
15
-6
-18
-22
1
22
14
0
-20
-17
-12
-27
-28
-15
10
5
-6
-2
-7
5
-2
-24
-8
14
23
33
10
-8
6
9
4
3
-6
-4
4
-6
-9
-5
-10
-14
-6
-11
-12
-6
-8
4
6
8
9
1
5
10
20
20
16
31
38
40
46
53
49
22
8
35
57
66
53
22
27
33
10
7
15
12
16
12
-13
-8
3
-21
-35
-54
-45
-13
-10
-22
-54
-64
-56
-54
-44
-44
-44
-42
-41
-49
-53
-38
-39
-34
-30
-30
-4
2
-5
-9
-8
4
23
28
18
30
48
41
20
8
12
32
40
23
20
29
16
2
-7
-3
15
4
-9
0
3
10
3
-13
-6
-4
3
13
12
24
26
4
3
32
26
5
9
4
14
33
17
-6
-6
0
-5
-19
-27
-7
2
-20
-36
-34
-19
-20
-44
-40
-17
-14
-25
-43
-37
-4
4
-26
-39
-11
5
3
-5
-17
4
19
-3
-24
-14
25
38
11
-17
-8
16
18
5
-11
10
32
9
-12
-5
3
22
13
-30
-9
27
4
-19
-25
-22
2
-1
-35
-34
-17
-13
-20
-32
-24
-8
-12
-22
-15
4
8
3
-15
-12
15
23
27
16
4
10
15
8
20
32
9
5
2
-10
14
26
0
-21
-17
2
21
17
-6
1
8
8
13
15
31
39
24
10
13
32
43
23
13
21
24
26
17
9
11
11
9
2
-2
0
6
1
-12
-9
-9
-6
-6
-6
9
8
-10
-23
-11
3
1
0
-5
-6
-7
-9
-7
-7
-7
3
2
-11
-5
-1
-6
-10
-17
-5
13
3
-7
-5
-17
-18
-8
-10
-14
-11
-1
0
-13
-21
-22
-18
-14
-11
5
8
-2
-8
-16
-15
4
15
9
5
10
21
22
13
10
12
15
24
33
37
37
25
7
3
13
27
26
16
3
-7
5
4
-15
-12
-12
-20
-20
-22
-14
-9
-22
-30
-32
-29
-21
-19
-17
-15
-27
-31
-20
-13
-13
-13
-19
-26
-20
-17
-15
-14
-12
-12
-17
-18
-19
-9
4
1
0
6
3
0
9
13
22
31
18
11
22
34
41
38
31
29
34
33
36
42
33
32
30
20
24
20
9
9
5
-9
-15
-17
-28
-22
-16
-26
-37
-45
-46
-33
-21
-26
-30
-31
-34
-24
-11
-12
-12
-12
-13
-6
1
6
9
-4
-12
-4
1
12
18
2
-9
1
5
11
16
2
-3
4
8
15
21
25
18
12
16
25
37
36
21
22
39
40
38
45
44
46
45
41
43
49
60
52
45
43
38
39
34
28
20
19
16
2
1
-1
-13
-22
-35
-43
-34
-35
-47
-50
-49
-50
-55
-62
-65
-52
-35
-44
-54
-44
-34
-26
-35
-37
-20
-10
-12
-22
-21
-3
10
-2
-23
-19
2
12
7
-9
-15
-1
-1
-10
-10
-2
12
8
-10
-15
-2
13
6
-12
-8
12
19
8
-3
-10
5
16
-2
-7
6
13
6
-8
-14
0
11
1
-7
0
5
6
-1
-13
-10
-1
2
-4
-11
-4
-6
-13
-9
-7
-8
-9
-12
-13
-9
-7
-12
-13
-7
-10
-14
-10
-10
-9
-10
-22
-23
-15
-12
-12
-23
-27
-25
-17
-12
-17
-14
-9
-9
-13
-13
-1
11
17
12
7
24
32
30
29
30
35
39
43
40
45
49
42
30
30
37
40
36
30
27
29
24
13
15
15
12
11
5
2
7
4
-3
-6
-11
-8
-4
-13
-15
-13
-15
-17
-24
-22
-12
-10
-19
-27
-21
-11
-5
-8
-19
-12
0
6
6
5
3
8
12
13
25
33
30
18
14
24
36
36
28
21
20
23
23
17
13
16
12
-1
-5
-2
5
3
-12
-19
-16
-6
-4
-11
-16
-15
-8
-10
-14
-11
-2
1
-10
-18
-16
-2
6
-4
-11
-11
-7
-4
-10
-14
-7
-9
-19
-22
-19
-10
-6
-19
-29
-27
-19
-12
-14
-22
-25
-18
-17
-18
-13
-12
-8
-7
-8
1
6
10
11
12
13
12
20
25
27
30
26
28
32
31
28
24
30
33
25
19
16
25
23
13
8
5
10
10
7
-1
0
7
-1
-10
-11
-5
3
0
-7
-5
-1
-2
-11
-12
0
6
5
0
-1
1
1
-5
-11
-10
-5
-1
-2
-7
-12
-14
-22
-29
-27
-18
-11
-12
-15
-15
-15
-14
-13
-10
-5
0
8
16
20
12
10
16
19
21
21
24
31
30
24
24
24
21
19
10
8
20
23
17
12
5
10
13
3
0
9
13
11
13
9
16
19
7
4
9
19
25
21
18
19
17
12
10
13
15
10
6
8
11
8
2
-6
-10
-7
-8
-10
-9
-8
-12
-20
-22
-20
-14
-14
-12
-11
-10
-13
-15
-13
-9
-4
-1
3
0
-4
-2
0
4
6
4
2
2
5
7
6
0
-7
-10
-8
-4
-2
-1
-6
-17
-21
-18
-16
-14
-14
-16
-17
-19
-26
-25
-21
-21
-24
-33
-30
-21
-20
-24
-28
-27
-28
-31
-34
-26
-13
-17
-25
-27
-20
-12
-12
-21
-18
-4
-3
-10
-8
0
5
1
-12
-12
5
11
2
-5
0
3
-3
-10
-9
2
11
6
-3
-3
5
14
12
8
9
17
22
25
24
30
32
27
28
33
39
46
43
33
34
42
41
41
41
38
42
43
38
32
34
35
34
32
32
31
31
27
19
18
22
25
21
18
16
16
13
7
5
9
8
4
1
1
4
0
-7
-11
-9
-7
-8
-10
-8
-6
-6
-7
-12
-9
0
-1
-5
-5
2
13
12
9
9
16
20
18
15
18
26
26
20
15
17
21
16
7
1
3
6
-2
-13
-17
-14
-16
-28
-33
-31
-28
-30
-39
-40
-35
-30
-31
-34
-34
-27
-20
-20
-18
-12
-6
-3
-5
-3
9
13
12
11
10
14
18
18
17
15
11
8
5
4
3
-1
-5
-10
-10
-8
-13
-14
-14
-17
-18
-18
-15
-10
-8
-14
-20
-18
-11
-5
-6
-7
-5
-3
-6
-10
-8
-3
-2
-9
-14
-13
-9
-10
-19
-29
-29
-24
-27
-31
-35
-38
-38
-40
-44
-41
-34
-36
-41
-42
-39
-29
-23
-23
-24
-21
-15
-11
-9
-10
-9
-5
-1
1
5
4
1
-2
-5
-5
-4
1
-1
-5
-8
-12
-11
-13
-15
-16
-18
-16
-14
-11
-12
-13
-14
-15
-12
-9
-5
-2
-2
1
-1
-3
-1
5
7
7
5
5
6
6
1
0
1
2
-1
-5
-8
-3
-1
-7
-12
-14
-12
-10
-13
-15
-15
-10
-12
-18
-17
-12
-7
-12
-19
-17
-9
-5
-8
-14
-8
-1
0
-2
-4
4
12
10
7
9
16
23
21
17
21
29
29
25
23
27
35
34
27
27
30
32
32
25
25
29
30
27
26
26
26
25
21
18
20
24
23
22
16
14
15
11
10
10
5
4
2
-3
-6
-8
-8
-10
-10
