SAMPLES:	13399
BITSPERSAMPLE:	16
CHANNELS:	1
SAMPLERATE:	16000
NORMALIZED:	FALSE
0
-1
1
-1
2
-2
1
4
-1
4
0
-1
4
-1
2
1
0
1
0
-1
-3
1
1
-3
2
0
0
1
2
1
2
5
1
4
5
4
7
4
4
6
7
6
7
7
5
7
5
6
7
6
7
6
6
7
7
9
8
8
10
8
9
10
7
11
10
8
12
9
10
11
9
10
11
11
11
12
11
11
13
8
12
9
8
13
5
11
7
6
10
5
9
5
6
7
4
7
5
7
3
6
4
0
7
-1
2
5
-2
5
-1
-1
1
-5
-1
-6
-4
-3
-5
-2
-6
-4
-3
-5
-4
-7
-6
-8
-6
-8
-11
-5
-11
-10
-7
-12
-8
-11
-10
-11
-10
-9
-12
-10
-12
-13
-8
-12
-13
-10
-10
-12
-11
-9
-13
-9
-8
-13
-8
-12
-9
-8
-11
-7
-10
-7
-7
-8
-6
-8
-5
-5
-6
-5
-3
-4
-5
-2
-5
-4
-1
-5
0
-1
-3
1
-2
-2
1
-1
-1
1
0
0
3
1
2
2
3
4
2
4
2
4
3
0
3
3
1
2
1
1
3
2
-1
3
2
1
3
0
2
1
0
2
1
1
2
2
2
1
3
2
-1
-1
0
-1
1
0
-3
2
2
-2
3
-3
-2
2
-2
-1
0
-2
-1
-2
-4
-3
0
-2
-2
-3
-2
-2
-2
-2
-3
-1
0
-4
-1
-2
-3
1
-4
-4
-1
-3
-2
0
-2
-2
2
-1
-1
0
0
-1
-1
-2
-2
0
2
-3
1
2
-1
2
0
-2
4
1
0
3
1
3
6
1
4
5
4
5
4
4
4
5
4
3
3
4
3
3
3
2
5
5
1
5
3
2
4
2
2
5
3
2
4
1
3
2
1
2
0
3
1
2
3
3
2
3
1
1
2
1
2
2
1
1
2
0
3
2
1
2
1
4
2
3
3
2
3
3
1
3
2
2
3
2
3
4
5
4
5
4
4
6
2
4
3
2
4
3
4
1
2
3
0
3
1
2
2
1
1
1
2
0
2
1
-1
2
-1
0
1
0
0
-1
-1
-1
-2
-1
-3
-1
-1
-3
-1
-3
-2
-1
-1
-2
-2
-1
-3
-1
-2
-3
-1
-3
-3
-1
-3
-2
-2
-4
-4
-4
-3
-4
-3
-3
-4
-3
-5
-4
-4
-4
-4
-4
-4
-4
-3
-2
-4
-2
-2
-3
-2
-3
-3
-2
-3
-4
-3
-2
-2
-2
-1
-2
0
1
0
2
0
2
0
1
1
1
3
1
2
4
2
3
4
3
4
6
4
5
5
6
6
6
5
7
7
6
7
5
8
7
6
8
5
7
8
4
7
5
4
5
4
4
5
5
4
5
4
4
6
2
5
3
1
3
0
2
2
0
3
-1
0
1
0
0
0
0
-2
0
-1
-1
-1
-2
-1
-4
-2
-3
-4
-3
-4
-4
-2
-3
-3
-2
-4
-3
-4
-5
-5
-4
-5
-3
-4
-5
-3
-4
-3
-4
-4
-4
-4
-4
-3
-4
-2
-2
-3
-2
-2
-3
-2
-3
-4
-1
-4
-4
-2
-3
-3
-4
-3
-4
0
-2
-2
-1
-1
-1
-1
0
-3
-1
0
-1
-1
0
-3
0
0
-3
-1
0
-1
0
1
0
2
1
0
2
2
-1
1
1
0
1
0
-1
-1
0
0
-1
1
-1
1
1
-1
0
0
-1
-1
-1
-1
0
0
-1
0
0
-1
0
-2
-1
-1
-1
-1
-1
-2
-1
-1
0
0
-1
-1
0
0
0
2
0
3
1
0
-1
-2
1
1
1
0
1
1
1
0
2
3
2
3
2
2
4
3
4
5
4
4
7
5
6
7
6
7
8
5
6
5
6
5
6
7
6
7
7
6
8
7
7
9
8
9
8
8
6
8
7
7
8
6
5
6
5
5
5
5
5
5
3
3
3
5
4
4
4
4
3
4
3
3
4
2
4
2
1
1
0
0
0
-2
-3
-4
-3
-3
-4
-4
-2
-2
-3
-3
-3
-3
-3
-3
-3
-4
-5
-4
-5
-3
-4
-5
-4
-5
-4
-6
-5
-6
-4
-4
-5
-4
-6
-3
-2
-4
-3
-2
-2
-2
-2
-3
-5
-2
-4
-3
-1
-4
-3
-3
-5
-3
-3
-3
-2
1
-1
0
1
-2
1
1
1
0
2
-1
-1
0
-3
-1
-1
-3
-2
-2
-5
-2
-2
-3
-2
0
-4
-1
-1
-1
0
0
-1
0
1
-1
-1
0
-2
-2
-1
-5
-7
-3
-6
-6
-4
-7
-4
-2
-4
-1
2
-2
3
1
-1
0
2
-2
-1
0
-3
-2
-1
-4
-4
-3
-5
-6
-3
-6
-3
-1
-3
-2
2
0
2
3
2
4
6
3
3
6
3
4
5
1
1
2
-1
-2
1
-2
0
2
0
0
4
1
4
6
3
4
6
3
4
6
1
4
4
1
1
2
-2
0
1
-1
0
2
-2
-1
2
2
1
4
1
2
5
3
2
5
2
3
5
2
1
3
-1
-2
1
-4
-1
1
-1
0
2
0
1
3
1
2
4
1
2
2
-2
-1
-1
-3
-1
-1
-3
-3
-1
-1
-1
0
-3
-2
-2
-3
-5
-3
-4
-3
-2
-3
-1
1
0
-1
1
0
0
1
-2
-3
-1
-3
-3
1
-1
-1
1
2
2
4
2
1
3
0
1
3
1
1
2
1
2
3
1
1
4
1
2
2
3
3
3
3
2
3
1
0
3
1
0
4
2
3
5
4
4
7
4
4
4
0
-1
2
0
1
2
0
2
3
2
3
4
2
2
1
-1
-2
-1
-2
-2
0
-2
-1
2
-1
1
1
0
0
0
-1
-2
-2
-4
-4
0
-2
-1
0
0
1
3
2
1
1
0
-2
0
-3
-4
-3
-4
-5
-1
-4
-4
-2
-4
-2
-2
-4
-3
-2
-5
-4
-5
-6
-4
-5
-6
-4
-5
-7
-5
-5
-7
-4
-6
-7
-5
-6
-7
-3
-5
-5
-4
-5
-5
-2
-1
-3
1
0
0
2
1
-1
2
0
-2
2
-2
-2
3
0
0
5
5
4
9
5
5
10
6
6
9
5
4
9
4
2
7
5
4
10
6
5
9
4
5
7
4
4
6
3
4
6
4
5
7
5
6
8
6
6
7
4
4
4
1
1
2
0
1
3
1
4
5
3
5
6
3
3
3
-1
1
-1
-2
-1
-1
-2
0
1
0
1
3
0
2
2
0
-1
-1
-3
-1
-3
-2
-1
-1
0
1
0
-1
0
-2
-2
-3
-4
-4
-4
-7
-5
-5
-7
-4
-2
-3
1
-1
-2
-2
-3
-5
-5
-6
-7
-8
-7
-8
-5
-5
-4
-2
-2
-2
-1
0
-3
-1
-2
-3
-4
-5
-5
-5
-4
-3
-2
-1
0
0
2
0
0
0
0
-3
-1
-2
-3
0
0
0
3
3
1
4
2
4
3
3
0
1
-1
-2
-3
-3
-2
-4
0
0
0
1
4
2
1
1
2
-2
1
0
-2
0
0
0
2
3
-1
3
3
2
2
2
-1
-1
-1
-3
-2
-3
-1
-2
1
0
3
2
3
3
1
2
1
1
0
2
-1
1
0
1
-1
2
1
2
4
4
3
3
3
2
2
0
2
0
2
1
3
2
3
4
2
3
3
2
2
3
0
0
-1
-1
-3
-1
-1
-2
0
1
1
2
3
-1
1
0
-2
-2
-1
-3
-3
-2
-1
0
0
0
0
1
1
1
-1
-1
-1
-2
-4
-3
-3
-4
0
-1
-2
1
3
0
2
2
-2
-1
-2
-4
-3
-4
-5
-3
-4
-2
-1
1
2
1
3
3
1
-1
0
0
-1
-3
0
-3
-3
0
-1
0
2
0
-1
2
-2
0
-1
-1
-3
-2
-2
-2
-2
-2
-1
0
1
0
5
0
3
3
0
2
1
-1
0
-1
-4
0
-3
0
-1
2
0
2
2
1
2
2
0
-1
1
-4
-2
-2
-2
-1
1
-4
1
-1
0
0
0
-1
-1
-2
-5
-2
-3
-4
-6
-1
-7
-1
0
-2
2
2
-4
0
-2
-5
-2
-6
-5
-5
-4
-6
-2
-4
-3
-2
-2
-3
-2
-1
-5
0
-3
-4
-2
-3
-7
0
-5
-2
1
-1
1
2
3
0
3
0
2
0
1
-4
1
-2
0
2
0
3
6
4
3
7
1
6
6
5
3
5
3
5
7
5
7
5
7
4
10
8
8
9
7
5
7
3
4
6
1
4
6
2
4
9
2
7
9
3
5
8
1
4
6
-2
3
4
0
3
5
-2
4
3
0
5
1
-1
3
1
-4
1
-3
-3
-2
-1
-3
0
0
-2
0
-1
-4
-4
-1
-6
-3
-4
-5
-3
-5
-5
-2
-3
-3
-1
-5
-4
-4
-4
-5
-4
-3
-7
-4
-2
-8
-1
-1
-8
1
-3
-7
2
-4
-5
0
-5
-4
-3
-6
-4
-4
-4
-2
-2
-2
-3
-3
0
-3
-1
0
-5
-1
0
-5
0
-1
-6
1
-1
-3
2
3
-2
4
3
-1
4
3
-3
3
2
-1
4
1
1
4
4
4
7
4
3
1
3
1
1
2
-3
1
1
-3
3
4
0
7
2
2
5
1
3
2
-1
1
-3
-3
0
-4
0
2
1
3
2
6
4
-1
9
-4
-7
8
-13
-7
9
-13
-2
8
-13
2
5
-6
3
2
-4
-2
-6
-6
-6
-9
-3
-8
-6
0
-5
-1
1
-2
2
-2
-3
-2
-8
-7
-7
-13
-8
-9
-11
-5
-8
-5
-4
-3
-2
-4
-4
-4
-6
-8
-5
-10
-8
-6
-7
-6
-3
-3
-4
1
-2
-2
-2
-2
-4
-4
-4
-6
-6
-5
-4
-4
-2
1
1
2
4
2
2
3
2
-1
0
1
-3
0
3
-1
3
6
2
6
9
6
8
7
6
7
4
7
4
4
8
3
6
10
5
6
12
8
9
11
7
7
8
8
3
4
7
5
6
11
7
10
13
7
12
10
7
9
6
7
8
6
6
8
5
8
8
5
11
9
7
9
8
6
6
5
2
5
2
4
4
4
3
6
5
1
9
1
4
8
-2
4
2
-5
1
1
-4
5
0
0
5
3
1
3
4
0
2
1
-2
-2
1
-7
-2
0
-7
0
2
-4
2
3
-3
1
-1
-7
-3
-6
-10
-3
-6
-9
-2
-4
-10
1
-5
-6
2
-5
-6
-4
-6
-13
-5
-11
-12
-6
-8
-11
-3
-6
-9
-1
-6
-7
-5
-6
-11
-7
-10
-12
-8
-10
-12
-4
-7
-9
2
-5
-7
3
-6
-4
1
-8
-4
-2
-4
-7
2
-4
-2
5
-1
0
7
0
-2
9
-6
1
3
-5
1
2
-3
3
5
1
6
6
4
4
6
2
1
4
0
-2
4
-2
0
4
0
2
7
1
5
9
0
5
5
-1
3
3
-3
4
1
2
5
3
5
4
5
5
2
4
2
-2
2
-4
-4
2
-5
1
4
-5
7
0
-2
6
-1
-1
4
-2
0
1
-3
3
0
4
2
3
5
4
5
7
6
5
5
5
6
3
7
4
2
2
0
2
4
7
7
1
5
-1
-1
8
4
-1
3
-9
-10
-4
-7
1
0
-1
-4
-8
-12
-13
-12
-11
-11
-14
-14
-15
-13
-16
-13
-14
-18
-15
-16
-17
-13
-12
-17
-15
-16
-18
-14
-8
-6
-5
-1
-8
-9
-12
-13
-8
-3
-3
1
1
1
3
6
5
7
3
1
-2
0
-1
5
11
8
15
11
8
4
3
-3
3
4
8
11
9
5
1
3
1
5
6
4
1
-1
0
3
6
8
4
-1
-6
-9
-8
-4
-2
1
-1
2
4
1
6
4
2
2
-1
-7
-10
-12
-6
4
22
36
34
32
18
6
10
12
13
14
-3
-10
12
46
94
128
113
61
-8
-56
-54
-11
46
83
77
48
20
17
36
52
48
14
-41
-68
-58
-27
18
40
23
-4
-36
-46
-27
-20
-27
-54
-91
-111
-90
-49
-8
6
-16
-56
-89
-99
-84
-58
-55
-68
-84
-91
-77
-43
-13
-10
-25
-59
-83
-84
-69
-36
-6
-2
-3
-11
-20
-1
16
25
23
2
-11
-3
18
45
71
71
49
36
36
44
61
67
48
30
20
31
63
82
84
72
42
7
9
22
28
45
45
27
18
16
20
35
23
8
-6
-27
-23
-4
8
6
3
1
-8
-7
8
-3
-19
-32
-37
-23
-16
-5
5
-10
-11
8
18
14
7
-3
-24
-27
-7
10
19
24
26
32
27
25
31
14
0
13
36
32
31
29
14
9
23
39
41
26
7
-5
-20
-3
27
44
32
6
-14
-28
-27
11
23
-3
-29
-56
-60
-25
17
34
18
-35
-71
-56
-21
-1
-4
-46
-86
-67
-28
-4
4
-14
-49
-59
-53
-45
-33
-32
-45
-45
-33
-28
-11
-19
-51
-55
-52
-46
-23
-18
-25
-11
-4
-8
-23
-40
-23
1
-3
-7
-10
-12
-1
13
12
9
11
17
21
0
-3
10
16
16
25
25
12
9
9
0
7
22
23
11
-23
-31
-3
9
9
24
4
-21
-28
-50
-62
-52
-32
-5
3
-14
-28
-45
-60
-51
-32
-33
-50
-57
-47
-35
-9
8
-5
-34
-49
-38
-14
4
17
16
-6
-13
9
32
46
49
37
24
16
35
64
71
84
86
65
57
64
93
118
107
85
62
36
48
85
105
120
117
101
63
38
33
45
53
50
40
33
28
43
67
48
15
-26
-58
-56
-23
5
10
-20
-55
-50
-28
-10
-14
-52
-113
-141
-129
-98
-54
-41
-57
-82
-114
-117
-101
-100
-121
-149
-173
-169
-137
-99
-85
-100
-133
-161
-165
-160
-147
-152
-192
-227
-235
-210
-169
-150
-156
-191
-225
-242
-251
-267
-285
-303
-306
-292
-266
-246
-247
-271
-316
-343
-348
-331
-291
-257
-250
-238
-240
-234
-217
-195
-171
-140
-118
-105
-79
-50
3
62
117
143
161
167
175
212
252
294
336
355
368
380
395
411
425
435
450
472
499
531
548
556
551
551
557
564
574
577
572
552
537
527
513
518
514
507
487
467
442
413
385
351
329
298
266
237
206
169
148
132
105
83
52
11
-13
-34
-39
-49
-67
-94
-125
-153
-182
-197
-222
-244
-270
-283
-301
-326
-351
-394
-438
-474
-496
-509
-515
-519
-532
-547
-572
-591
-604
-623
-641
-656
-671
-679
-664
-653
-666
-688
-728
-763
-773
-760
-745
-740
-733
-735
-720
-724
-723
-726
-748
-767
-775
-775
-780
-773
-774
-771
-757
-731
-692
-667
-645
-601
-540
-484
-430
-364
-309
-202
-5
273
606
972
1322
1591
1756
1821
1833
1808
1804
1835
1839
1793
1711
1585
1421
1251
1072
865
666
498
387
358
397
457
498
505
503
524
551
603
661
695
725
748
759
753
717
628
489
333
165
24
-85
-172
-245
-314
-399
-494
-559
-607
-626
-611
-536
-398
-234
-74
60
166
258
373
480
505
445
307
142
40
46
93
102
42
-81
-199
-254
-229
-168
-118
-100
-95
-61
18
125
189
184
124
35
-42
-73
-61
-52
-67
-117
-207
-305
-372
-425
-485
-541
-607
-686
-739
-757
-753
-774
-847
-967
-1097
-1173
-1179
-1159
-1156
-1178
-1246
-1339
-1396
-1387
-1319
-1219
-1121
-1068
-1058
-1065
-1083
-1126
-1183
-1223
-1251
-1248
-1221
-1208
-1235
-1270
-1314
-1376
-1386
-1309
-1181
-1064
-1033
-1062
-917
-327
674
1759
2571
2919
2837
2609
2520
2638
2863
3005
2899
2539
2169
1983
1863
1601
1130
537
15
-202
-94
167
428
588
574
468
493
700
942
1105
1171
1164
1155
1239
1351
1351
1195
856
355
-130
-396
-465
-477
-530
-669
-874
-1058
-1124
-1096
-1029
-957
-901
-850
-713
-434
-128
90
190
189
125
83
95
99
92
69
18
-35
-57
-78
-150
-256
-355
-393
-335
-177
45
252
430
546
581
564
541
517
498
526
551
558
556
537
469
366
260
135
33
-18
-12
22
60
88
61
-11
-96
-194
-322
-433
-498
-536
-536
-518
-521
-564
-618
-668
-731
-767
-774
-768
-766
-752
-737
-763
-820
-890
-974
-1067
-1133
-1188
-1260
-1323
-1354
-1354
-1329
-1273
-1222
-1209
-1189
-1100
-950
-840
-807
-867
-996
-1087
-1060
-974
-913
-884
-900
-986
-1053
-1016
-907
-813
-761
-804
-866
-673
-15
959
1897
2536
2725
2545
2307
2262
2365
2497
2541
2350
1939
1577
1392
1195
851
420
-22
-326
-316
-56
231
470
633
644
606
711
952
1142
1252
1296
1273
1245
1278
1279
1128
872
537
142
-156
-230
-193
-197
-241
-340
-491
-560
-505
-415
-334
-230
-174
-138
-7
193
329
375
344
216
75
-1
-35
-63
-90
-130
-222
-315
-358
-375
-405
-423
-389
-308
-138
77
272
396
475
502
488
491
503
499
480
442
375
325
282
202
117
43
-30
-75
-82
-60
-40
-19
-52
-133
-229
-299
-358
-405
-421
-438
-470
-522
-577
-632
-663
-676
-691
-711
-723
-739
-784
-859
-932
-1008
-1076
-1130
-1189
-1264
-1316
-1337
-1348
-1332
-1275
-1229
-1226
-1209
-1190
-1162
-1105
-1082
-1129
-1183
-1188
-1157
-1135
-1107
-1089
-1059
-1010
-921
-849
-882
-1024
-1177
-1238
-1175
-983
-774
-435
281
1285
2149
2660
2837
2702
2492
2436
2477
2541
2636
2572
2181
1764
1480
1153
715
313
24
-143
-48
189
420
658
886
993
955
1034
1267
1467
1576
1682
1745
1711
1652
1477
1095
685
339
-35
-345
-411
-412
-479
-561
-664
-773
-784
-693
-636
-519
-326
-159
-36
95
210
265
264
180
58
-9
-76
-128
-182
-202
-214
-271
-363
-463
-514
-551
-533
-453
-340
-168
3
167
411
674
801
808
778
664
573
566
522
438
438
367
156
29
-36
-173
-240
-203
-201
-180
-82
-113
-240
-290
-340
-421
-459
-449
-454
-455
-463
-519
-561
-607
-645
-678
-734
-745
-720
-732
-816
-857
-920
-1062
-1192
-1314
-1399
-1367
-1248
-1198
-1237
-1264
-1342
-1424
-1448
-1357
-1203
-1039
-925
-934
-1005
-1092
-1124
-1152
-1146
-1088
-1048
-997
-930
-907
-981
-1085
-1159
-1244
-1267
-1255
-962
-64
1286
2450
3036
3108
2772
2479
2488
2605
2675
2762
2669
2229
1845
1623
1276
765
248
-146
-340
-132
208
462
699
908
948
834
919
1144
1364
1497
1583
1623
1616
1628
1446
1023
534
117
-267
-510
-439
-292
-262
-364
-500
-658
-707
-563
-456
-340
-137
97
230
347
485
478
343
112
-104
-257
-309
-280
-294
-345
-423
-508
-619
-730
-718
-663
-621
-533
-339
-130
40
193
249
237
250
364
574
815
1019
1054
901
646
449
340
207
148
129
53
-86
-91
-61
-144
-148
-170
-272
-299
-156
-57
-53
20
-9
-168
-296
-333
-378
-427
-390
-418
-483
-504
-485
-536
-658
-738
-855
-1024
-1154
-1179
-1221
-1286
-1313
-1375
-1490
-1567
-1546
-1518
-1443
-1260
-1085
-1033
-1017
-961
-1026
-1146
-1151
-1156
-1246
-1232
-1167
-1241
-1254
-1135
-1206
-1486
-1632
-1687
-1705
-1538
-1355
-1110
-287
1178
2517
3288
3527
3211
2770
2638
2767
2902
3045
3016
2541
1951
1511
1081
556
67
-263
-449
-312
41
380
669
899
1019
933
975
1245
1559
1783
1938
2017
1917
1796
1563
1080
532
87
-265
-576
-602
-531
-590
-721
-872
-992
-1066
-927
-745
-537
-257
12
223
335
484
518
378
186
17
-100
-153
-73
-70
-160
-252
-424
-637
-741
-692
-638
-507
-299
-142
29
185
252
265
326
376
425
537
716
988
1201
1203
1071
865
556
287
137
-22
-85
-7
-52
-182
-199
-276
-477
-534
-488
-471
-313
-113
-62
-17
61
-19
-180
-276
-370
-437
-424
-415
-425
-450
-570
-746
-919
-1084
-1158
-1146
-1193
-1226
-1178
-1218
-1307
-1278
-1237
-1243
-1175
-1122
-1197
-1166
-977
-842
-769
-670
-641
-737
-829
-965
-1176
-1347
-1376
-1351
-1364
-1284
-1196
-1285
-1463
-1487
-1445
-1475
-1413
-1127
-339
1080
2628
3503
3601
3339
2899
2565
2452
2468
2479
2419
2140
1619
1170
772
286
-255
-653
-786
-657
-261
180
607
958
1150
1166
1151
1348
1586
1761
1847
1915
1897
1737
1466
980
437
-5
-331
-581
-665
-562
-546
-608
-667
-695
-677
-557
-362
-206
34
291
503
673
791
772
576
326
60
-117
-156
-161
-179
-232
-337
-515
-657
-726
-728
-633
-506
-347
-160
29
190
297
359
391
419
421
440
571
739
830
830
757
572
366
203
28
-111
-136
-139
-204
-270
-305
-385
-476
-502
-470
-395
-247
-108
-49
-20
5
-3
-46
-90
-123
-152
-144
-120
-128
-192
-315
-478
-664
-856
-1013
-1091
-1128
-1120
-1069
-1014
-984
-986
-1003
-1028
-1068
-1087
-1055
-991
-928
-822
-732
-689
-656
-673
-846
-1052
-1125
-1205
-1296
-1268
-1158
-1080
-1054
-1109
-1297
-1479
-1476
-1310
-1084
-845
-635
-539
-269
555
1676
2454
2733
2686
2405
2254
2367
2395
2213
2096
1890
1391
965
775
578
327
152
-26
-166
12
364
655
905
1174
1295
1272
1373
1540
1632
1612
1594
1492
1315
1151
867
449
66
-144
-351
-529
-539
-498
-476
-417
-278
-190
-77
86
165
231
343
465
490
498
470
332
143
-63
-201
-299
-375
-472
-591
-709
-788
-778
-734
-622
-426
-256
-170
-95
32
140
248
337
350
331
381
504
598
643
643
526
312
176
126
52
-15
-29
-114
-217
-219
-238
-324
-325
-247
-219
-156
-23
54
104
175
200
137
66
26
-28
-92
-148
-178
-268
-408
-523
-650
-826
-960
-1015
-1084
-1094
-974
-861
-798
-731
-708
-781
-827
-776
-696
-592
-509
-499
-609
-784
-913
-979
-985
-942
-874
-926
-1127
-1302
-1373
-1371
-1314
-1184
-1089
-1047
-978
-990
-1088
-1075
-886
-709
-571
-458
-462
-277
440
1455
2288
2778
2767
2292
1905
1811
1802
1860
1988
1837
1363
974
662
341
158
101
-21
-89
139
459
742
1063
1329
1354
1240
1239
1242
1213
1286
1408
1369
1198
1026
688
247
-58
-219
-354
-368
-199
-86
-27
68
101
35
25
107
109
151
306
426
450
431
339
108
-119
-318
-500
-591
-589
-566
-560
-511
-479
-459
-405
-324
-187
-35
111
230
362
437
436
422
365
310
329
393
404
416
440
349
218
122
10
-111
-132
-135
-187
-183
-154
-159
-162
-116
-84
-42
19
30
13
0
27
48
29
-3
-42
-133
-272
-355
-414
-473
-493
-524
-618
-708
-764
-843
-876
-826
-767
-733
-696
-672
-695
-742
-807
-849
-847
-798
-704
-624
-611
-632
-667
-751
-839
-878
-956
-1107
-1190
-1216
-1249
-1148
-876
-692
-724
-840
-1074
-1303
-1199
-847
-590
-395
-232
-314
-478
-489
-443
-191
562
1431
1937
2183
2222
2080
1991
1974
1780
1531
1441
1298
1084
981
922
752
534
328
92
-5
168
463
739
1022
1244
1273
1193
1169
1181
1138
1119
1113
1040
942
874
767
582
423
285
78
-84
-113
-76
-28
55
139
129
84
76
61
40
68
120
108
58
32
-6
-73
-123
-186
-303
-407
-447
-428
-383
-279
-145
-89
-108
-154
-198
-239
-190
-77
-36
-19
14
-12
-47
37
146
174
183
164
86
35
51
36
30
59
33
-50
-118
-126
-111
-79
-7
74
106
98
74
25
-18
-8
-6
-73
-117
-141
-197
-227
-217
-217
-262
-299
-374
-459
-465
-412
-382
-385
-394
-442
-528
-591
-645
-725
-816
-857
-894
-874
-754
-620
-605
-689
-774
-914
-1005
-911
-822
-904
-983
-952
-1017
-1035
-846
-725
-781
-864
-1027
-1306
-1324
-1002
-723
-624
-589
-577
-648
-649
-489
-251
100
670
1285
1556
1677
1902
2010
1904
1810
1714
1473
1346
1369
1269
1075
973
817
463
213
167
187
276
517
774
868
986
1140
1184
1160
1217
1275
1210
1218
1298
1263
1130
1020
827
492
238
81
-86
-175
-99
-51
-111
-97
-93
-223
-326
-272
-223
-203
-69
51
58
99
183
132
34
31
-21
-142
-170
-130
-170
-195
-180
-263
-403
-439
-426
-435
-370
-222
-112
-13
156
271
270
267
242
144
70
95
112
126
198
198
95
0
-58
-139
-184
-126
-54
1
60
78
11
-31
-1
20
20
20
0
-57
-99
-118
-149
-174
-192
-233
-323
-424
-480
-531
-607
-676
-726
-768
-767
-727
-701
-697
-701
-757
-846
-883
-832
-732
-608
-536
-567
-658
-763
-864
-956
-986
-980
-951
-912
-932
-1035
-1160
-1216
-1214
-1205
-1144
-1048
-995
-933
-753
-540
-320
-46
88
-68
-273
-270
-21
584
1359
1843
1934
1837
1655
1432
1337
1361
1368
1335
1248
1127
1016
1026
1056
925
651
403
313
384
638
950
1169
1271
1273
1190
1069
1038
1076
1117
1123
1087
1044
968
873
737
546
307
106
-20
-120
-117
-23
23
-15
-66
-115
-165
-133
-63
-8
72
148
189
210
233
194
96
-28
-174
-289
-388
-452
-473
-468
-468
-470
-460
-485
-489
-447
-390
-334
-255
-106
65
222
335
393
378
347
322
227
131
99
38
-83
-145
-175
-240
-233
-181
-181
-143
-20
80
132
209
253
233
217
222
182
109
64
8
-86
-166
-230
-348
-468
-544
-649
-765
-800
-775
-751
-709
-657
-651
-674
-670
-645
-628
-601
-560
-590
-633
-619
-585
-570
-542
-552
-645
-709
-802
-1003
-1186
-1267
-1278
-1179
-976
-915
-937
-882
-850
-951
-1073
-1137
-1182
-1005
-693
-538
-489
-334
-228
-335
-288
99
680
1333
1882
2018
1832
1763
1773
1650
1575
1634
1564
1332
1187
1058
901
903
925
700
387
311
344
404
625
916
1065
1103
1144
1073
994
1087
1217
1173
1049
994
870
708
632
547
357
170
15
-161
-247
-148
-48
-46
-75
-105
-163
-176
-90
0
61
99
108
49
15
44
49
3
-90
-217
-356
-429
-445
-430
-401
-369
-359
-388
-428
-426
-364
-288
-183
-58
39
126
242
297
304
325
303
211
134
81
-7
-61
-57
-62
-41
49
103
99
85
84
65
54
88
114
121
136
149
81
-12
-90
-178
-276
-319
-327
-354
-342
-329
-354
-388
-402
-403
-410
-402
-387
-384
-399
-435
-492
-573
-659
-710
-752
-809
-867
-901
-902
-881
-850
-825
-862
-983
-1084
-1158
-1234
-1233
-1159
-1126
-1069
-916
-840
-867
-842
-814
-842
-801
-719
-719
-690
-565
-484
-458
-354
-123
152
447
755
1008
1188
1373
1570
1637
1644
1714
1737
1664
1637
1638
1567
1517
1486
1339
1126
986
888
778
727
735
725
689
675
669
635
641
694
689
645
648
663
638
642
664
646
621
616
570
489
443
408
340
248
147
12
-122
-216
-289
-362
-422
-447
-488
-530
-546
-545
-534
-497
-441
-421
-375
-307
-255
-231
-189
-168
-165
-144
-145
-167
-184
-195
-210
-200
-164
-124
-84
-55
-55
-45
-46
-52
-49
-32
-10
29
100
155
215
252
258
230
217
206
180
165
145
124
102
79
36
-12
-61
-118
-187
-236
-251
-241
-217
-217
-246
-284
-314
-342
-366
-390
-403
-415
-422
-420
-418
-430
-471
-507
-571
-636
-671
-678
-682
-663
-643
-647
-654
-662
-711
-779
-798
-806
-791
-755
-721
-712
-692
-688
-714
-711
-671
-611
-535
-434
-361
-314
-270
-251
-266
-286
-283
-247
-156
-2
170
349
548
733
868
934
979
1022
1100
1209
1315
1391
1431
1458
1450
1424
1386
1345
1284
1208
1122
1023
932
851
777
682
569
459
380
330
306
306
306
293
280
271
241
221
212
213
203
218
228
210
171
125
62
-25
-101
-172
-234
-285
-306
-322
-337
-339
-342
-359
-393
-422
-458
-471
-463
-435
-408
-374
-348
-346
-365
-390
-403
-402
-393
-379
-338
-301
-271
-260
-244
-218
-181
-140
-102
-54
-7
46
77
100
115
130
121
102
117
142
175
196
225
237
249
254
228
185
159
151
141
133
122
108
92
87
59
15
-25
-41
-47
-38
-39
-53
-57
-72
-97
-136
-165
-201
-211
-207
-222
-241
-271
-327
-411
-466
-509
-526
-515
-508
-527
-547
-546
-547
-529
-500
-468
-440
-399
-357
-316
-277
-250
-249
-263
-277
-290
-312
-329
-329
-330
-315
-299
-291
-290
-281
-265
-238
-182
-124
-66
-11
53
100
133
156
179
205
219
239
254
292
348
402
436
472
535
590
639
687
749
806
861
908
934
943
958
972
963
959
950
908
857
827
791
746
702
647
566
500
455
416
394
380
350
305
278
244
209
168
136
96
65
42
-3
-61
-134
-212
-313
-397
-457
-504
-549
-591
-635
-683
-705
-721
-726
-718
-684
-651
-618
-576
-529
-483
-435
-389
-354
-319
-285
-248
-211
-161
-108
-55
-20
-4
21
49
78
112
163
194
220
239
245
248
263
270
251
251
254
253
259
279
293
296
305
295
276
250
232
209
183
141
76
11
-48
-101
-164
-243
-308
-356
-388
-423
-462
-500
-531
-542
-554
-549
-528
-480
-436
-409
-390
-390
-393
-417
-444
-482
-515
-543
-580
-618
-660
-685
-706
-707
-689
-652
-609
-557
-493
-440
-377
-294
-212
-142
-75
-18
15
49
94
128
157
181
194
187
191
224
257
313
394
488
570
670
763
838
914
991
1043
1065
1090
1107
1106
1091
1070
1030
989
949
910
862
820
781
728
669
609
563
512
477
441
416
382
334
295
267
249
229
208
151
89
24
-64
-158
-226
-283
-355
-425
-490
-555
-610
-657
-707
-737
-761
-770
-765
-734
-684
-628
-596
-596
-577
-541
-501
-467
-416
-374
-330
-273
-206
-140
-83
-46
-43
-35
-9
44
89
136
188
249
276
294
319
331
334
334
337
327
340
349
346
326
315
298
262
228
207
206
202
197
172
125
60
-2
-79
-172
-249
-306
-354
-387
-390
-399
-418
-429
-436
-444
-439
-434
-440
-439
-428
-424
-438
-457
-494
-527
-545
-560
-582
-605
-639
-668
-673
-655
-632
-610
-590
-577
-551
-525
-492
-446
-402
-362
-320
-286
-257
-219
-166
-112
-62
1
43
72
105
145
192
257
357
459
549
634
700
746
792
830
871
911
948
965
949
932
914
907
905
904
904
888
855
818
783
775
774
759
733
691
662
636
617
597
562
524
480
430
385
327
269
197
112
36
-44
-110
-184
-251
-317
-384
-441
-482
-525
-566
-595
-618
-644
-670
-674
-687
-683
-661
-642
-631
-614
-577
-542
-503
-463
-430
-392
-338
-278
-230
-193
-149
-112
-86
-56
-12
47
98
151
187
208
220
226
218
200
197
201
203
213
242
246
244
236
230
234
251
268
263
261
238
186
132
82
32
-1
-33
-66
-110
-149
-196
-248
-277
-307
-331
-362
-395
-427
-448
-450
-439
-443
-460
-488
-529
-554
-566
-543
-527
-523
-523
-543
-554
-566
-570
-577
-588
-596
-601
-590
-563
-538
-515
-497
-484
-463
-433
-384
-340
-279
-215
-147
-65
16
88
154
226
297
367
433
492
548
619
695
756
806
840
876
914
972
1025
1064
1093
1090
1065
1024
980
921
869
827
792
770
751
729
692
662
634
598
553
494
450
418
372
335
293
235
186
125
41
-28
-92
-163
-201
-241
-291
-314
-323
-334
-337
-340
-368
-396
-412
-427
-428
-435
-465
-467
-458
-479
-485
-481
-494
-493
-484
-471
-427
-399
-353
-282
-256
-232
-152
-92
-62
13
55
69
478
930
717
390
202
-28
42
271
240
143
103
-10
-101
-153
-151
-83
-100
-157
-113
-49
10
97
124
71
0
-33
-101
-183
-191
-159
-177
-250
-316
-375
-391
-391
-412
-445
-480
-508
-514
-528
-549
-508
-443
-403
-397
-400
-409
-403
-412
-442
-464
-481
-468
-466
-494
-531
-536
-534
-543
-542
-556
-572
-559
-543
-544
-512
-445
-354
-265
-182
-93
20
148
272
388
468
556
646
732
789
875
984
1070
1141
1184
1212
1222
1253
1266
1244
1213
1186
1137
1057
958
864
788
711
645
542
427
352
304
233
182
162
160
180
184
183
162
151
141
112
90
101
104
82
60
41
22
23
41
11
-21
-13
3
-3
-19
-29
-20
-7
1
13
16
-4
-39
-82
-139
-162
-159
-160
-170
-196
-217
-229
-234
-215
-196
-178
-138
-107
-81
-68
-56
-32
-11
3
-1
-15
-20
-15
-21
-32
-55
-84
-135
-200
-234
-249
-263
-259
-255
-286
-306
-323
-351
-386
-418
-435
-452
-493
-554
-592
-617
-632
-636
-661
-709
-744
-765
-754
-736
-750
-749
-755
-816
-848
-829
-818
-793
-773
-792
-818
-824
-830
-878
-925
-924
-901
-877
-828
-786
-790
-786
-683
-462
-126
249
561
787
925
1017
1147
1322
1527
1788
1998
2107
2159
2165
2144
2126
2068
1930
1765
1560
1345
1149
980
844
715
540
300
48
-181
-321
-389
-421
-417
-387
-363
-370
-365
-309
-203
-62
74
160
240
351
448
536
636
715
736
734
699
631
587
581
550
463
353
225
59
-89
-209
-311
-372
-418
-488
-558
-577
-568
-560
-520
-467
-434
-353
-232
-130
-2
178
311
384
459
517
546
607
696
727
710
687
648
552
464
417
336
247
158
51
-99
-243
-325
-414
-512
-515
-522
-589
-594
-599
-629
-616
-578
-582
-594
-571
-545
-541
-541
-504
-512
-566
-616
-719
-850
-911
-919
-938
-974
-1008
-1088
-1247
-1387
-1466
-1515
-1482
-1392
-1343
-1334
-1326
-1329
-1354
-1324
-1230
-1127
-1062
-1069
-1079
-1038
-945
-847
-819
-885
-923
-786
-408
210
894
1441
1703
1682
1549
1560
1792
2204
2732
3114
3194
3041
2777
2510
2335
2245
2126
1891
1617
1364
1105
890
759
579
223
-174
-537
-831
-864
-656
-434
-280
-238
-342
-495
-560
-428
-149
187
505
709
771
796
834
856
887
904
826
691
579
495
436
381
273
50
-279
-570
-755
-832
-773
-655
-605
-643
-726
-822
-838
-715
-507
-293
-92
45
140
239
362
508
600
637
651
660
744
912
1047
1096
1044
853
609
453
352
320
390
391
256
73
-127
-285
-363
-370
-344
-360
-386
-394
-417
-419
-366
-353
-393
-425
-469
-481
-405
-313
-289
-360
-519
-701
-880
-996
-986
-943
-952
-1024
-1185
-1399
-1549
-1564
-1488
-1405
-1347
-1357
-1433
-1476
-1451
-1371
-1274
-1204
-1145
-1161
-1201
-1117
-989
-939
-931
-954
-1005
-1013
-974
-965
-1040
-1141
-1216
-1197
-864
-76
836
1441
1674
1605
1405
1462
1880
2469
3113
3621
3706
3400
3012
2756
2626
2555
2463
2214
1834
1516
1301
1059
851
637
204
-332
-684
-796
-679
-365
-74
-31
-194
-395
-550
-538
-248
214
578
777
890
863
771
806
857
825
794
726
575
466
456
404
222
-59
-423
-821
-1088
-1133
-1059
-983
-927
-980
-1166
-1276
-1218
-1044
-736
-384
-125
52
204
335
475
633
774
867
877
880
965
1085
1195
1243
1119
871
640
484
428
486
577
553
376
141
-70
-210
-220
-136
-70
-75
-114
-205
-287
-270
-211
-196
-235
-307
-399
-456
-438
-397
-422
-518
-674
-846
-969
-991
-956
-954
-1000
-1105
-1270
-1427
-1509
-1521
-1509
-1505
-1522
-1607
-1674
-1627
-1540
-1466
-1378
-1319
-1357
-1383
-1300
-1200
-1091
-930
-870
-942
-972
-1037
-1211
-1290
-1240
-1250
-1307
-1367
-1434
-1206
-444
557
1274
1574
1593
1432
1405
1858
2641
3432
4052
4199
3751
3174
2914
2841
2819
2871
2795
2391
1896
1554
1232
900
654
286
-265
-589
-553
-399
-173
100
118
-196
-471
-488
-319
105
722
1116
1159
1077
931
736
696
838
882
757
624
492
311
169
52
-218
-602
-924
-1170
-1301
-1224
-1058
-1028
-1153
-1302
-1440
-1487
-1298
-963
-655
-390
-166
-17
126
322
548
714
816
913
962
998
1093
1163
1176
1146
993
777
620
518
518
581
545
430
300
78
-111
-102
-29
10
82
128
69
29
38
22
1
-16
-62
-132
-178
-177
-230
-360
-483
-653
-852
-965
-1043
-1119
-1127
-1172
-1310
-1445
-1551
-1614
-1621
-1614
-1586
-1557
-1567
-1579
-1583
-1582
-1528
-1462
-1463
-1477
-1426
-1314
-1218
-1167
-1167
-1280
-1421
-1403
-1272
-1133
-1026
-1072
-1309
-1564
-1706
-1760
-1628
-1048
-24
991
1583
1639
1355
1224
1560
2180
2861
3550
4012
3972
3612
3259
3051
3017
2931
2672
2412
2200
2009
1848
1623
1289
828
198
-345
-450
-208
129
379
383
144
-169
-371
-324
5
476
840
985
1004
975
930
886
842
739
569
397
290
269
291
217
-62
-492
-935
-1258
-1357
-1267
-1127
-1025
-1046
-1187
-1336
-1406
-1332
-1126
-891
-663
-453
-261
-51
152
311
430
467
452
506
637
801
976
1087
1083
987
831
683
612
638
707
731
703
640
505
329
205
142
113
116
133
149
170
159
82
-26
-132
-220
-274
-298
-299
-313
-400
-541
-683
-820
-932
-989
-1014
-1031
-1027
-1042
-1097
-1163
-1243
-1334
-1417
-1480
-1503
-1479
-1440
-1392
-1354
-1382
-1444
-1472
-1464
-1408
-1304
-1215
-1140
-1083
-1090
-1145
-1191
-1198
-1164
-1070
-958
-892
-877
-917
-996
-1075
-1140
-1036
-540
279
1034
1373
1277
1086
1121
1417
1870
2364
2758
2916
2806
2611
2592
2718
2727
2527
2252
2038
1916
1862
1858
1848
1693
1291
763
402
364
519
647
676
609
441
227
111
177
330
434
433
390
405
481
550
584
569
444
207
-21
-109
-59
9
-35
-207
-434
-664
-843
-917
-901
-862
-873
-942
-997
-977
-913
-829
-755
-711
-662
-604
-524
-382
-208
-77
-23
-37
-37
30
123
230
329
366
390
414
433
481
538
557
546
529
509
477
448
424
394
355
305
250
214
220
187
107
53
-3
-50
-38
-23
-36
-60
-115
-210
-278
-284
-267
-245
-215
-205
-220
-234
-232
-235
-275
-325
-398
-475
-514
-515
-519
-542
-577
-645
-765
-885
-962
-989
-957
-909
-883
-894
-930
-975
-1020
-1034
-988
-940
-934
-936
-921
-933
-934
-886
-875
-900
-911
-964
-1008
-949
-853
-745
-612
-484
-412
-386
-361
-288
-163
23
222
364
475
588
697
846
1060
1260
1420
1529
1598
1683
1802
1932
2053
2142
2199
2192
2145
2122
2127
2126
2098
2045
1969
1889
1814
1723
1623
1546
1449
1316
1165
1024
903
797
702
615
486
306
116
-46
-152
-215
-281
-361
-445
-545
-650
-762
-857
-925
-992
-1072
-1122
-1159
-1180
-1188
-1206
-1230
-1258
-1301
-1318
-1267
-1177
-1074
-980
-906
-860
-793
-707
-596
-436
-276
-177
-92
-31
11
77
154
226
322
420
472
512
561
572
552
542
532
543
587
658
694
697
683
629
556
534
536
525
540
567
543
482
426
340
230
115
-11
-144
-253
-325
-391
-485
-564
-677
-843
-996
-1108
-1195
-1238
-1257
-1297
-1364
-1428
-1480
-1527
-1535
-1525
-1523
-1541
-1553
-1564
-1566
-1532
-1476
-1447
-1433
-1439
-1439
-1407
-1354
-1298
-1262
-1236
-1136
-948
-720
-498
-346
-260
-161
-10
173
403
632
821
988
1189
1410
1643
1846
1994
2105
2199
2289
2375
2478
2622
2735
2756
2730
2675
2612
2557
2518
2466
2391
2268
2092
1909
1763
1645
1530
1365
1181
1008
841
709
602
482
314
117
-62
-205
-295
-336
-399
-496
-616
-746
-878
-974
-1015
-1046
-1106
-1161
-1217
-1266
-1287
-1312
-1360
-1404
-1426
-1444
-1437
-1382
-1315
-1246
-1183
-1126
-1046
-941
-801
-631
-454
-293
-175
-73
30
128
258
405
531
658
772
836
884
943
982
988
994
985
962
974
992
977
946
890
814
737
687
653
610
560
504
424
333
241
154
36
-109
-253
-399
-519
-600
-690
-804
-912
-1025
-1159
-1263
-1308
-1361
-1421
-1473
-1535
-1592
-1628
-1644
-1646
-1641
-1630
-1642
-1657
-1650
-1636
-1616
-1585
-1554
-1520
-1489
-1440
-1374
-1310
-1277
-1280
-1276
-1238
-1110
-848
-530
-272
-142
-131
-110
47
299
561
800
982
1095
1231
1452
1709
1952
2124
2169
2157
2209
2324
2474
2647
2777
2780
2688
2591
2516
2459
2425
2373
2256
2095
1935
1790
1691
1633
1548
1374
1148
943
769
620
512
396
232
59
-74
-164
-219
-258
-321
-443
-597
-729
-826
-879
-878
-869
-920
-1013
-1102
-1176
-1240
-1264
-1270
-1297
-1306
-1276
-1244
-1197
-1129
-1082
-1080
-1059
-991
-895
-770
-620
-480
-351
-218
-99
16
137
256
364
465
574
680
769
847
915
963
990
989
968
960
931
880
841
804
770
756
730
666
581
487
403
347
315
284
225
153
69
-26
-120
-204
-275
-340
-435
-526
-610
-710
-798
-859
-935
-1033
-1120
-1203
-1274
-1322
-1369
-1435
-1502
-1547
-1585
-1628
-1631
-1596
-1561
-1537
-1519
-1520
-1531
-1532
-1486
-1413
-1327
-1238
-1172
-1137
-1134
-1138
-1140
-1121
-1004
-759
-478
-238
-101
-123
-193
-130
92
360
590
751
843
947
1164
1471
1734
1910
1981
1937
1909
2021
2232
2440
2592
2642
2569
2435
2357
2337
2313
2277
2191
2030
1854
1754
1714
1679
1626
1523
1300
1029
845
743
680
633
543
376
199
75
-13
-93
-164
-269
-445
-612
-709
-762
-793
-832
-908
-1033
-1155
-1218
-1237
-1251
-1252
-1274
-1338
-1381
-1367
-1316
-1212
-1076
-978
-926
-869
-799
-714
-601
-460
-309
-146
8
126
222
295
332
351
381
429
508
610
682
715
747
752
699
661
644
597
585
609
598
562
547
520
480
460
435
372
308
273
223
136
61
12
-61
-145
-218
-300
-391
-459
-529
-624
-726
-813
-901
-981
-1030
-1058
-1116
-1203
-1275
-1341
-1418
-1464
-1498
-1559
-1591
-1568
-1531
-1496
-1462
-1445
-1443
-1435
-1401
-1354
-1291
-1207
-1125
-1079
-1052
-1029
-1011
-967
-798
-450
-27
283
382
285
109
63
229
491
715
877
964
1029
1199
1470
1700
1822
1836
1732
1589
1590
1753
1940
2079
2142
2090
1989
1939
1936
1926
1901
1847
1730
1615
1581
1614
1659
1683
1638
1492
1273
1084
959
854
748
635
485
308
173
74
-38
-178
-371
-625
-849
-968
-1026
-1069
-1087
-1110
-1170
-1232
-1263
-1267
-1274
-1285
-1286
-1262
-1192
-1072
-932
-786
-627
-479
-394
-341
-254
-144
-34
128
305
422
488
541
574
605
665
690
668
655
653
626
614
631
617
558
503
456
409
361
308
245
194
161
125
68
12
-51
-133
-228
-319
-404
-496
-588
-656
-703
-732
-749
-777
-820
-875
-936
-984
-1004
-992
-985
-997
-1005
-1027
-1067
-1119
-1171
-1200
-1206
-1209
-1221
-1225
-1211
-1159
-1057
-965
-952
-1017
-1114
-1166
-1130
-1023
-913
-866
-886
-982
-1110
-1192
-1238
-1311
-1323
-1095
-559
184
908
1394
1534
1428
1293
1317
1543
1833
2002
2012
1981
2007
2082
2122
2066
1837
1430
971
695
697
870
1053
1173
1223
1205
1164
1156
1203
1267
1270
1207
1189
1281
1425
1517
1533
1457
1248
909
577
360
218
68
-115
-295
-457
-576
-663
-731
-802
-901
-1045
-1147
-1111
-976
-845
-719
-577
-470
-413
-378
-338
-302
-277
-257
-206
-106
1
65
106
151
160
126
89
79
89
100
135
251
443
631
742
786
787
739
685
702
767
804
799
756
683
615
524
369
220
134
49
-70
-148
-217
-327
-424
-458
-498
-601
-753
-902
-986
-978
-977
-1037
-1102
-1097
-1074
-1078
-1084
-1093
-1130
-1160
-1118
-1042
-1016
-1054
-1124
-1221
-1333
-1423
-1479
-1482
-1396
-1280
-1222
-1210
-1198
-1204
-1182
-1056
-878
-728
-613
-541
-507
-492
-475
-463
-418
-366
-385
-503
-648
-785
-891
-940
-827
-378
441
1387
2117
2446
2364
2025
1723
1680
1873
2087
2127
1980
1773
1604
1406
1109
733
341
-23
-248
-198
139
573
903
1061
1104
1087
1080
1150
1307
1442
1492
1485
1477
1465
1386
1161
809
421
49
-269
-463
-513
-513
-548
-612
-671
-701
-688
-622
-507
-373
-232
-92
57
211
320
340
277
186
102
26
-14
-39
-62
-87
-115
-145
-156
-159
-159
-121
-18
138
293
434
562
652
677
704
789
876
928
926
852
712
583
477
357
233
107
-59
-235
-329
-353
-388
-418
-420
-451
-503
-503
-458
-449
-466
-494
-561
-653
-718
-742
-782
-805
-795
-816
-882
-916
-927
-967
-995
-976
-964
-955
-900
-850
-852
-864
-874
-933
-1012
-1060
-1082
-1080
-1011
-887
-776
-704
-653
-594
-543
-496
-470
-501
-593
-646
-591
-472
-299
-139
-133
-299
-469
-603
-731
-808
-861
-981
-1157
-1326
-1462
-1332
-635
473
1473
2063
2222
1997
1636
1476
1567
1726
1813
1703
1406
1144
1041
907
612
270
-42
-315
-353
-4
558
1038
1361
1564
1674
1765
1883
1958
1976
1975
1924
1813
1736
1663
1419
980
489
35
-363
-623
-683
-655
-618
-589
-574
-548
-466
-352
-257
-137
8
127
232
368
461
419
270
66
-158
-344
-469
-560
-592
-555
-524
-517
-467
-409
-401
-372
-258
-98
90
300
458
546
620
697
752
778
769
687
530
399
349
305
221
135
-1
-190
-318
-354
-376
-350
-252
-192
-160
-76
2
-4
-39
-70
-150
-214
-241
-263
-320
-387
-464
-561
-668
-767
-841
-934
-1028
-1077
-1100
-1112
-1075
-997
-958
-942
-929
-943
-979
-974
-948
-960
-974
-938
-859
-751
-574
-401
-318
-337
-406
-513
-595
-609
-552
-456
-338
-247
-255
-387
-550
-660
-759
-868
-890
-900
-1008
-1128
-1173
-1238
-1321
-1354
-1265
-762
244
1274
1939
2300
2316
1996
1705
1652
1688
1710
1603
1277
967
907
855
669
463
252
14
-16
298
795
1256
1557
1705
1764
1816
1884
1904
1854
1756
1608
1391
1234
1155
977
645
283
-48
-365
-557
-592
-537
-459
-372
-310
-234
-95
52
134
178
221
226
190
165
166
137
31
-116
-293
-451
-547
-580
-597
-566
-501
-451
-386
-286
-196
-141
-54
35
136
267
393
469
483
531
589
598
557
508
406
246
184
153
75
31
32
-78
-181
-129
-134
-176
-70
56
83
164
272
211
113
73
-47
-204
-287
-369
-496
-592
-656
-730
-806
-876
-963
-1059
-1142
-1154
-1130
-1070
-963
-822
-734
-686
-654
-719
-801
-853
-842
-796
-710
-610
-572
-587
-650
-700
-740
-769
-729
-634
-551
-493
-385
-313
-329
-389
-465
-562
-633
-650
-685
-752
-765
-795
-895
-976
-1015
-1093
-1212
-1272
-1311
-1180
-589
344
1206
1816
2186
2192
1949
1751
1663
1592
1513
1371
1072
850
826
807
673
512
359
172
158
412
754
1037
1258
1433
1551
1671
1787
1806
1708
1575
1443
1314
1241
1203
1072
818
534
292
75
-62
-82
-64
-47
4
82
134
183
244
227
156
106
87
54
28
8
-68
-188
-309
-421
-529
-586
-603
-638
-649
-606
-527
-444
-349
-264
-232
-196
-147
-96
-79
-78
-92
-136
-161
-83
59
148
191
224
205
155
176
228
228
250
274
225
185
222
224
181
186
194
117
69
59
0
-88
-135
-180
-269
-322
-337
-363
-403
-413
-425
-456
-473
-469
-476
-496
-513
-528
-541
-539
-504
-467
-451
-485
-543
-598
-676
-724
-778
-836
-890
-868
-839
-826
-779
-720
-716
-737
-725
-713
-682
-610
-562
-593
-642
-707
-828
-946
-969
-1000
-1077
-1116
-1138
-1186
-1205
-1146
-1146
-1186
-1186
-1130
-814
-88
845
1579
2070
2271
2126
1851
1662
1531
1385
1240
996
661
505
555
634
642
616
542
422
438
637
947
1280
1604
1850
1983
2114
2216
2200
2068
1911
1691
1416
1226
1069
867
631
434
217
11
-108
-178
-237
-271
-286
-307
-279
-167
-19
110
201
227
186
91
-38
-164
-270
-369
-484
-573
-642
-704
-759
-839
-921
-956
-912
-848
-729
-561
-391
-247
-104
2
42
58
78
130
207
298
355
399
424
437
452
448
420
358
284
186
144
174
202
212
221
224
188
187
192
183
155
131
65
-9
-23
-31
-46
-49
-25
-45
-82
-121
-179
-253
-335
-419
-495
-530
-562
-593
-624
-656
-720
-791
-860
-937
-984
-994
-971
-940
-865
-825
-832
-857
-892
-958
-1014
-979
-939
-891
-832
-808
-873
-929
-958
-1020
-1042
-1003
-992
-1010
-944
-855
-806
-746
-706
-744
-761
-683
-608
-565
-458
-179
287
865
1376
1738
1901
1848
1653
1439
1287
1200
1120
960
830
841
913
938
963
1001
958
882
915
1064
1258
1447
1617
1726
1792
1847
1834
1742
1617
1460
1223
986
848
713
537
363
230
73
-51
-126
-191
-253
-291
-300
-290
-202
-84
11
42
41
-2
-99
-217
-317
-412
-534
-622
-687
-737
-764
-768
-819
-872
-844
-768
-666
-512
-323
-188
-62
49
127
163
216
275
314
372
433
463
421
383
327
248
189
190
200
199
241
265
249
246
284
280
273
314
339
340
362
384
333
267
191
84
-43
-103
-116
-136
-147
-150
-156
-193
-230
-300
-405
-510
-595
-661
-713
-706
-692
-703
-744
-766
-773
-795
-822
-841
-868
-911
-937
-929
-914
-884
-827
-782
-748
-699
-663
-717
-853
-1003
-1127
-1186
-1136
-1004
-920
-887
-830
-761
-734
-719
-665
-633
-617
-584
-536
-456
-327
-216
-214
-228
-94
190
523
837
1142
1351
1421
1429
1426
1399
1366
1331
1211
1077
1068
1121
1133
1159
1219
1206
1152
1156
1173
1167
1150
1145
1144
1194
1295
1373
1397
1369
1291
1150
981
844
715
563
395
269
177
108
63
11
-62
-120
-153
-200
-252
-266
-266
-277
-287
-277
-255
-269
-303
-363
-457
-562
-629
-661
-672
-624
-561
-509
-444
-368
-341
-351
-325
-279
-210
-102
22
114
195
262
259
221
194
175
161
189
266
349
425
500
544
525
466
406
335
300
305
316
318
340
369
349
294
222
126
3
-99
-158
-190
-189
-159
-130
-141
-160
-191
-263
-359
-444
-534
-645
-742
-810
-867
-872
-812
-754
-741
-772
-855
-996
-1115
-1177
-1186
-1174
-1128
-1047
-962
-850
-725
-614
-600
-681
-830
-990
-1058
-1001
-880
-785
-714
-711
-815
-919
-947
-948
-918
-797
-656
-543
-374
-175
-32
46
76
68
168
523
959
1316
1581
1752
1761
1671
1592
1499
1388
1249
1066
882
818
901
1003
1073
1123
1150
1119
1091
1124
1149
1155
1177
1218
1267
1345
1432
1405
1289
1138
948
712
514
376
232
113
22
-58
-116
-115
-124
-191
-246
-266
-272
-273
-254
-221
-200
-192
-205
-242
-283
-323
-383
-479
-554
-599
-627
-640
-596
-525
-476
-429
-368
-284
-183
-71
16
82
136
166
191
222
263
278
265
230
228
254
288
343
418
469
484
501
507
496
476
447
384
337
292
220
168
154
143
112
75
10
-64
-110
-151
-194
-220
-244
-296
-350
-392
-426
-450
-475
-529
-613
-693
-775
-853
-909
-948
-973
-984
-994
-1007
-1005
-999
-988
-954
-905
-870
-851
-809
-778
-772
-778
-780
-806
-846
-881
-934
-981
-995
-996
-1037
-1067
-1038
-974
-888
-781
-634
-495
-344
-168
-11
100
178
244
279
378
621
942
1218
1437
1594
1625
1565
1480
1377
1249
1152
1066
940
840
841
864
850
865
927
980
1013
1089
1162
1209
1264
1308
1297
1266
1266
1218
1106
972
838
667
506
400
305
194
80
-11
-96
-155
-184
-195
-202
-198
-196
-194
-171
-120
-76
-67
-77
-104
-133
-179
-234
-274
-302
-355
-422
-473
-504
-513
-479
-423
-387
-352
-288
-182
-41
118
251
350
390
380
364
355
345
327
300
236
200
222
256
274
317
353
326
300
310
309
284
283
265
208
161
137
91
27
-33
-109
-201
-273
-313
-367
-424
-448
-456
-477
-493
-500
-530
-574
-597
-606
-607
-594
-589
-618
-652
-691
-774
-879
-978
-1065
-1147
-1175
-1160
-1085
-934
-777
-665
-606
-591
-642
-710
-773
-839
-866
-820
-750
-689
-616
-569
-594
-639
-691
-776
-797
-697
-552
-420
-265
-153
-100
-6
110
145
189
416
720
983
1252
1490
1590
1597
1574
1447
1292
1231
1163
990
856
859
854
810
824
864
867
884
946
992
1064
1185
1259
1243
1233
1245
1178
1026
896
780
625
477
378
286
183
113
25
-69
-103
-83
-98
-129
-109
-87
-90
-90
-58
-34
-18
-20
-76
-141
-195
-252
-309
-348
-382
-420
-457
-485
-493
-451
-426
-424
-373
-239
-93
38
181
273
303
327
359
338
327
340
296
213
189
203
174
160
192
200
187
217
231
186
167
205
211
202
221
202
108
28
-8
-65
-139
-176
-212
-287
-333
-358
-407
-455
-460
-476
-539
-582
-597
-638
-691
-709
-715
-755
-800
-822
-872
-938
-988
-1034
-1106
-1152
-1150
-1126
-1075
-969
-836
-760
-699
-625
-584
-607
-636
-640
-677
-695
-678
-664
-678
-645
-580
-590
-607
-547
-495
-471
-365
-186
-45
95
251
303
293
384
573
760
1014
1312
1479
1509
1530
1517
1410
1329
1274
1130
962
905
915
895
908
946
897
823
827
842
815
843
915
915
892
923
934
867
800
728
586
440
368
305
237
225
222
165
107
82
42
-14
-25
-34
-76
-89
-65
-65
-87
-89
-120
-182
-209
-212
-236
-232
-200
-198
-205
-185
-181
-213
-205
-156
-92
6
116
179
200
199
188
169
183
190
174
154
125
112
134
177
208
232
255
233
206
204
198
168
143
106
41
-10
-22
-45
-96
-140
-207
-299
-357
-366
-372
-377
-364
-347
-373
-394
-430
-509
-586
-647
-696
-763
-778
-775
-781
-780
-776
-803
-840
-872
-903
-917
-905
-909
-926
-892
-814
-720
-636
-606
-647
-684
-725
-792
-797
-685
-572
-503
-405
-337
-340
-348
-399
-535
-633
-605
-535
-470
-313
-150
-59
3
58
56
33
122
356
674
1025
1367
1618
1721
1722
1679
1554
1389
1275
1162
980
853
839
827
767
740
691
554
451
457
457
485
613
750
806
877
986
979
903
837
749
591
459
393
314
260
277
264
182
113
77
-11
-115
-133
-112
-105
-67
9
50
88
161
179
127
82
53
-17
-74
-76
-90
-122
-128
-79
-14
53
101
86
28
-22
-40
-49
-39
24
62
42
8
-1
-5
-24
-34
-67
-97
-101
-81
-61
-33
13
38
32
9
-28
-62
-104
-133
-140
-158
-182
-216
-256
-314
-352
-388
-430
-485
-544
-579
-597
-577
-551
-544
-563
-590
-609
-632
-638
-622
-619
-624
-633
-648
-685
-711
-752
-839
-894
-903
-894
-837
-735
-659
-627
-611
-653
-709
-707
-680
-648
-555
-428
-342
-259
-189
-190
-214
-233
-313
-395
-376
-303
-221
-40
138
202
212
242
235
208
318
499
691
931
1171
1261
1286
1370
1384
1264
1172
1122
1005
885
855
827
769
783
772
649
548
538
485
410
439
510
541
586
676
717
713
747
722
609
520
483
407
322
323
327
296
288
301
252
182
153
86
-35
-84
-66
-46
1
79
122
124
128
114
55
-9
-15
20
67
139
246
311
298
253
207
96
-8
-34
-79
-160
-175
-152
-187
-185
-133
-155
-221
-229
-231
-264
-241
-150
-118
-106
-75
-74
-121
-154
-146
-169
-206
-234
-273
-327
-356
-346
-372
-419
-448
-491
-557
-626
-662
-707
-743
-746
-723
-680
-628
-563
-528
-533
-550
-573
-607
-640
-653
-673
-704
-679
-625
-565
-532
-531
-591
-677
-752
-823
-822
-734
-615
-521
-467
-436
-412
-367
-320
-269
-182
-119
-126
-174
-175
-129
-55
42
104
113
80
18
-62
-76
29
137
210
310
496
731
990
1256
1424
1477
1451
1354
1246
1204
1246
1250
1177
1075
968
870
773
708
616
489
365
256
194
215
317
408
451
504
532
518
488
474
460
442
432
393
366
356
349
318
260
206
142
48
-41
-99
-118
-116
-58
3
33
59
76
59
26
27
51
94
174
246
282
285
257
209
132
65
17
-13
-47
-60
-45
-51
-63
-69
-94
-158
-218
-279
-355
-393
-380
-367
-352
-327
-302
-296
-288
-283
-292
-309
-342
-363
-372
-357
-337
-333
-351
-395
-436
-490
-541
-590
-630
-672
-704
-704
-696
-685
-665
-639
-624
-615
-602
-592
-587
-571
-562
-551
-519
-461
-416
-392
-370
-389
-447
-514
-560
-579
-562
-495
-427
-382
-331
-288
-277
-270
-231
-188
-142
-77
-27
8
60
136
189
249
322
339
315
293
291
313
361
411
439
465
450
398
385
447
564
680
783
852
898
932
936
968
1022
1040
968
845
730
661
652
653
644
619
551
445
337
283
266
271
276
254
249
265
290
305
326
321
260
183
100
60
77
124
151
162
177
159
115
76
44
13
-1
24
71
125
177
185
149
90
15
-81
-146
-171
-207
-231
-237
-221
-209
-200
-195
-201
-212
-236
-251
-235
-207
-207
-203
-208
-261
-324
-376
-407
-375
-354
-407
-492
-559
-588
-596
-547
-426
-355
-362
-333
-329
-334
-255
-226
-265
-242
-233
-245
-183
-127
-95
-100
-166
-189
-179
-199
-188
-171
-194
-166
-97
-61
-23
5
-2
-6
13
77
129
144
177
194
157
143
178
168
129
86
18
-28
-29
4
48
87
103
87
57
47
72
79
69
87
109
133
161
202
227
222
190
129
75
50
55
70
95
114
107
91
61
35
24
11
9
13
33
66
95
128
164
167
146
124
86
47
38
30
34
51
73
93
94
106
102
72
48
46
41
54
92
118
144
165
156
145
134
117
102
82
59
54
78
92
108
117
101
85
82
90
102
119
129
131
133
137
142
133
136
126
97
79
51
16
-1
-34
-80
-112
-129
-149
-176
-197
-212
-229
-236
-211
-209
-214
-187
-191
-213
-208
-221
-250
-261
-269
-281
-280
-271
-255
-230
-230
-220
-192
-155
-112
-66
-39
-23
-8
-20
-12
5
8
15
28
45
52
60
49
18
15
8
-4
-10
1
26
57
107
152
189
217
237
236
216
228
233
231
222
191
160
136
107
79
39
-27
-91
-131
-142
-124
-90
-72
-45
-18
5
51
88
95
90
59
8
3
20
6
10
26
-14
-43
-80
-122
-124
-145
-166
-146
-144
-167
-136
-103
-78
-44
-68
-96
-76
-73
-60
-6
-3
-10
38
40
-7
-1
40
22
-12
-5
-8
-3
18
48
54
26
30
54
39
-2
14
5
-17
101
198
115
1
-40
-45
-23
58
112
97
66
41
43
96
175
229
202
103
54
95
132
195
290
248
91
41
93
76
75
121
-13
-210
-181
-132
-165
-102
-38
-56
-105
-124
-98
-103
-113
-59
-28
-30
16
13
-91
-113
-65
-62
-47
-65
-127
-108
-40
-50
-31
47
84
85
-15
-116
-57
-2
19
114
124
39
21
73
99
56
11
-1
-79
-125
7
44
21
128
127
29
84
121
60
63
105
61
-14
59
170
141
82
31
-81
-108
-64
-30
-13
-40
13
136
123
87
140
104
-13
-65
18
97
51
45
67
-31
-102
-103
-79
-3
-3
-123
-216
-237
-201
-139
-118
-74
-91
-187
-153
-100
-121
-45
-54
-203
-218
-197
-208
-62
47
-41
-98
-138
-197
-130
-56
-100
-111
-68
-9
68
63
6
15
14
9
45
56
73
63
7
45
118
97
26
-44
17
188
188
30
-15
72
143
162
173
197
184
152
175
181
175
202
145
104
200
195
99
90
50
-26
-34
-77
-102
-54
-94
-95
-27
-82
-88
28
33
10
21
-44
-97
-37
58
115
116
38
-109
-198
-133
1
111
139
34
-108
-159
-142
-46
134
215
130
9
-74
-107
0
197
255
137
-30
-166
-129
72
256
288
118
-139
-238
-144
27
264
399
290
90
-12
31
169
271
309
270
128
-27
-96
-47
95
176
89
-81
-255
-295
-118
31
35
24
-97
-262
-272
-208
-122
-9
11
-77
-142
-150
-126
-98
-56
-35
-84
-190
-249
-243
-180
-88
-71
-136
-232
-297
-264
-223
-207
-141
-127
-207
-243
-177
-112
-58
8
24
-42
-92
-47
29
84
110
102
66
-10
-29
28
36
70
121
44
-11
71
88
52
61
-21
-75
50
123
95
77
24
18
83
129
168
184
130
93
115
120
129
191
216
202
177
129
106
104
114
117
81
10
-58
-93
-91
-11
98
74
-43
-89
-124
-178
-105
-1
50
107
51
-86
-90
-72
-45
84
110
0
-102
-185
-173
-30
67
54
17
-50
-64
24
103
156
164
140
108
60
56
121
168
133
55
8
37
56
36
22
-55
-88
30
70
18
37
14
8
104
126
125
198
191
144
167
123
21
63
97
0
-28
4
-65
-94
1
-4
-51
-49
-122
-166
-123
-91
10
111
60
24
30
-21
1
39
-34
-104
-94
-72
-111
-170
-172
-184
-212
-157
-98
-113
-164
-215
-224
-217
-205
-102
50
49
-69
-156
-234
-238
-122
17
82
27
-61
-86
-73
-28
54
113
80
-18
-69
-47
-9
61
121
66
-43
-35
22
-8
5
63
4
-51
-2
36
71
113
75
37
78
89
52
57
71
97
113
76
110
118
6
-30
3
-3
0
-11
6
33
-71
-128
-8
47
-1
0
-16
-71
-27
42
33
20
9
-4
19
54
44
18
10
-21
-38
21
28
-31
-48
-89
-76
6
30
42
40
38
75
106
127
104
64
63
72
115
143
66
28
61
0
-59
-3
18
-19
2
-5
-36
10
61
98
111
84
57
76
131
138
113
75
-2
-36
28
50
32
74
58
-48
-119
-121
-86
-43
-1
29
-4
-78
-68
-7
30
80
53
-89
-172
-128
-59
-1
5
-88
-188
-195
-127
-85
-90
-83
-65
-77
-91
-77
-48
-13
-13
-21
-24
-57
-40
-46
-74
-16
-32
-75
6
47
0
-14
-22
-26
-16
11
73
94
25
-56
-56
-21
-1
2
-41
-94
-94
-45
-44
-51
1
-22
-91
-68
-54
-106
-75
44
114
86
28
9
17
44
96
145
119
41
-3
-20
-8
82
119
53
-12
-86
-83
1
13
30
40
-38
-65
-61
-53
36
109
122
105
0
-95
-18
80
78
90
59
-27
-56
-35
29
60
9
-24
-2
6
24
59
88
120
158
142
80
84
86
103
129
80
23
-2
20
104
121
52
4
-43
-45
-1
11
37
48
-11
-17
76
114
96
102
63
2
-37
0
80
96
61
73
56
-23
-48
-50
-30
-13
-26
-45
-52
-70
-48
27
43
-25
-67
-79
-90
-32
4
-15
-42
-82
-58
12
25
-6
-61
-118
-115
-84
-79
-43
-13
-40
-89
-99
-44
-1
-18
-32
-41
-97
-84
-10
7
-8
3
-23
-89
-91
-21
30
-22
-62
-85
-121
-72
-44
-79
-98
-112
-100
-81
-88
-65
-63
-120
-133
-69
-18
-35
-25
42
29
-51
-36
46
57
80
111
51
18
63
55
16
47
34
-10
27
38
20
32
-2
-12
49
72
76
85
67
93
101
62
113
137
93
141
181
114
54
43
22
-7
42
95
68
31
-21
-87
-72
13
115
181
117
-2
-68
-73
-2
107
152
82
-34
-101
-122
-103
-8
60
27
-66
-136
-146
-169
-133
-28
2
-26
-47
-58
-51
23
100
97
87
90
59
25
33
79
103
107
117
65
-15
-29
-16
-28
-13
58
71
14
6
3
-13
25
62
59
79
52
-68
-137
-66
30
75
108
61
-72
-129
-107
-61
5
-10
-76
-106
-130
-155
-99
8
-4
-77
-126
-178
-128
-22
-14
-15
-5
-83
-135
-102
-71
-63
-69
-86
-95
-128
-149
-106
-74
-65
-63
-96
-113
-90
-87
-101
-62
-39
-73
-44
11
11
-2
29
44
43
58
76
103
103
96
114
122
129
148
105
74
96
101
92
90
63
44
40
9
21
69
90
93
95
84
50
15
53
107
100
53
67
84
31
20
52
29
7
12
-12
-47
-43
-3
8
39
83
58
-4
-3
22
28
45
52
30
-23
-50
-26
-9
-6
15
-13
-90
-116
-84
-94
-106
-43
5
-2
-6
-9
-29
-27
6
66
114
66
-6
16
27
31
78
60
6
-49
-98
-58
44
73
53
35
-12
-36
5
34
56
101
112
83
51
42
54
43
30
55
57
39
48
44
7
-43
-86
-90
-79
-68
-49
-42
-56
-67
-75
-97
-104
-83
-59
-50
-49
-51
-83
-109
-71
4
21
-43
-111
-154
-192
-169
-80
-18
-35
-108
-165
-150
-77
-11
4
-42
-110
-136
-127
-104
-33
43
60
35
14
17
19
-1
-15
-20
-18
37
86
75
107
131
64
50
79
54
52
85
95
86
47
10
37
93
135
118
56
12
-2
14
55
89
96
62
53
71
55
36
38
33
48
48
15
8
15
38
73
63
32
-3
-45
-23
15
12
22
6
-17
-17
-36
-23
-15
-64
-65
-21
-40
-56
-33
-36
-22
-25
-60
-71
-72
-50
8
17
15
35
-11
-74
-38
22
27
37
49
8
-8
26
53
65
47
2
-14
25
61
67
61
28
-28
-4
71
98
98
77
20
-15
-6
33
53
28
7
7
4
14
42
14
-12
0
-47
-68
-14
-17
-3
39
-9
-44
-53
-94
-86
-33
-16
-30
-66
-87
-104
-111
-67
-8
-12
-61
-119
-171
-183
-148
-94
-63
-85
-110
-134
-166
-141
-62
-28
-49
-92
-115
-115
-94
-39
10
21
6
-17
3
39
56
82
96
73
36
43
104
146
150
129
83
51
44
53
102
113
93
80
36
-4
20
37
45
30
-9
-13
4
19
54
55
33
46
46
19
24
68
84
83
82
68
23
10
33
45
27
-18
-68
-84
-60
-12
11
2
-24
-87
-127
-87
-8
38
41
0
-44
-58
-24
33
63
42
-4
-59
-70
-31
13
49
50
15
-36
-71
-71
-26
39
79
67
57
23
15
87
131
114
94
49
15
45
62
65
85
81
59
56
37
29
29
9
0
17
4
-19
11
56
45
29
32
17
16
26
10
-12
-27
-28
3
5
1
-6
-57
-99
-96
-92
-110
-114
-81
-95
-120
-103
-123
-126
-74
-73
-127
-150
-173
-168
-104
-62
-67
-69
-91
-105
-109
-93
-44
-33
-58
-55
-73
-86
-60
-22
40
62
15
-29
-44
-43
13
73
87
65
32
4
25
75
97
102
90
50
28
25
35
66
80
70
58
50
18
9
27
24
40
66
49
45
39
33
63
86
104
96
68
45
43
58
76
82
61
17
-3
-6
1
34
54
32
-11
-34
-31
-22
-2
23
21
6
-2
16
40
27
7
-11
-25
-19
-12
1
8
-22
-45
-61
-83
-73
-40
-27
-21
-22
-42
-24
8
23
52
59
36
45
58
79
100
84
70
42
17
15
10
8
3
-9
-7
-14
-19
-19
-20
-13
-6
17
43
35
18
21
30
27
24
40
28
10
10
13
18
7
-17
-40
-87
-127
-116
-84
-57
-44
-59
-97
-117
-116
-93
-69
-76
-92
-102
-115
-98
-73
-50
-37
-64
-87
-99
-107
-76
-31
-11
-14
-37
-51
-66
-68
-51
-41
-53
-62
-67
-64
-37
4
18
9
13
4
0
10
47
79
79
85
88
59
58
88
103
110
103
70
46
59
79
99
103
78
72
67
37
45
56
54
58
54
41
14
9
33
54
47
25
-7
-17
-11
5
12
7
-11
-27
-21
-29
-35
-32
-49
-63
-55
-72
-85
-70
-44
-23
-9
-20
-43
-53
-54
-40
-4
20
23
22
3
-2
8
11
9
28
26
5
-13
-18
-1
35
53
56
64
43
34
44
54
68
73
57
58
57
39
42
50
44
34
24
12
17
25
27
47
63
52
32
17
4
7
17
11
11
11
2
6
0
-15
-14
-20
-33
-34
-46
-50
-44
-52
-57
-70
-85
-93
-101
-115
-112
-111
-109
-86
-71
-67
-60
-67
-89
-87
-78
-70
-71
-78
-75
-64
-50
-32
-30
-43
-45
-42
-39
-26
-8
3
6
4
11
18
25
29
33
32
32
32
45
71
91
103
91
84
89
81
77
84
71
59
56
45
38
29
21
5
-17
-23
-25
-27
-23
-14
14
39
50
62
65
52
48
45
46
55
46
34
17
-9
-13
2
-8
-11
-28
-60
-64
-64
-52
-25
-9
-16
-31
-31
-13
7
28
38
18
-3
-11
-18
-7
22
32
3
-12
-13
-21
-17
-11
-15
-27
-39
-43
-22
-16
-8
13
28
37
45
52
55
68
69
65
56
48
59
68
61
47
35
25
15
13
24
16
-2
0
2
4
21
34
23
2
-10
-18
-19
-15
4
2
-12
-26
-44
-57
-52
-48
-60
-70
-86
-96
-95
-73
-55
-71
-84
-79
-83
-77
-56
-60
-57
-53
-66
-44
-27
-32
-26
-22
-34
-40
-42
-41
-34
-43
-46
-40
-33
-22
-19
-26
-29
-27
-28
-18
0
19
25
31
34
36
52
62
59
54
42
24
39
55
48
53
52
32
33
45
42
35
35
29
32
50
60
66
67
51
38
34
27
33
36
27
34
49
37
37
41
33
34
33
17
5
-8
-17
-17
-22
-21
-34
-44
-38
-34
-32
-21
-26
-23
-10
-5
1
4
6
17
15
2
-8
-30
-48
-52
-49
-49
-43
-40
-34
-29
-9
5
11
26
37
45
64
68
63
70
64
59
55
49
50
47
25
5
0
-6
-10
0
1
1
5
-4
-1
16
15
11
14
11
14
12
3
6
11
7
7
8
2
-3
-5
-5
-4
-5
-12
-34
-50
-48
-46
-53
-51
-54
-66
-75
-71
-61
-67
-76
-77
-78
-71
-53
-45
-51
-66
-78
-91
-89
-71
-67
-75
-71
-71
-66
-55
-50
-39
-36
-37
-29
-15
-6
13
27
31
27
27
27
26
27
29
28
25
30
36
32
42
56
55
47
50
55
54
63
74
78
69
63
73
68
60
63
49
37
46
43
38
39
38
33
34
27
19
15
-2
4
19
14
14
4
-16
-25
-17
-8
-11
-15
-20
-22
-11
-8
-4
-5
-20
-22
-26
-24
-26
-34
-40
-40
-29
-24
-18
-10
-11
-4
2
7
18
20
33
45
45
51
49
49
47
53
54
36
29
32
27
29
34
44
40
40
41
36
35
38
39
44
45
43
27
28
33
19
8
-3
-13
-18
-19
-23
-27
-28
-35
-30
-26
-33
-44
-51
-52
-52
-68
-72
-73
-70
-69
-70
-69
-74
-80
-76
-72
-67
-76
-83
-75
-58
-46
-46
-47
-54
-57
-56
-65
-56
-49
-50
-35
-23
-17
-13
-18
-16
-8
-6
-9
-15
-15
-7
6
13
19
26
23
25
30
28
30
41
55
58
64
68
69
75
75
70
68
55
50
51
49
48
42
31
26
18
8
1
-6
-3
2
-4
-6
-11
-12
-3
8
11
7
-2
0
2
6
6
2
0
-1
-8
-11
-8
-19
-23
-18
-26
-28
-28
-27
-24
-31
-31
-27
-31
-23
-17
-16
-13
-10
-4
4
12
10
14
18
20
32
36
35
38
34
39
41
48
45
29
31
34
27
32
31
28
25
25
27
26
26
17
15
20
20
23
19
18
13
7
10
13
18
15
-2
-4
-5
-3
0
1
-3
-19
-25
-23
-26
-20
-26
-34
-40
-44
-40
-39
-36
-43
-49
-53
-57
-50
-52
-56
-54
-58
-54
-53
-53
-47
-41
-37
-41
-39
-40
-50
-43
-37
-28
-16
-20
-19
-21
-28
-25
-14
-9
-9
-8
-11
-10
3
11
16
19
12
17
15
22
35
39
46
49
52
53
51
56
60
61
65
63
60
64
63
58
51
47
45
42
33
29
29
27
28
36
36
20
13
8
9
10
12
9
2
-4
-5
-10
-18
-20
-27
-32
-33
-40
-48
-51
-44
-31
-29
-32
-41
-53
-54
-51
-37
-34
-34
-26
-24
-23
-14
-6
0
3
5
6
1
2
10
24
36
38
35
21
17
21
18
21
24
14
12
14
21
22
23
30
32
25
13
11
9
14
24
29
25
19
12
4
4
-3
-10
-18
-21
-21
-23
-32
-37
-39
-42
-44
-43
-45
-51
-54
-51
-43
-37
-26
-23
-22
-24
-31
-28
-28
-20
-10
-13
-18
-29
-31
-28
-25
-23
-27
-39
-42
-46
-44
-33
-30
-30
-29
-23
-22
-17
-8
8
16
19
20
23
22
23
32
34
31
34
33
29
35
34
33
31
28
25
21
21
19
21
20
22
27
27
25
24
19
16
15
22
28
28
32
29
29
32
34
35
28
14
4
1
0
6
13
9
2
-5
-16
-15
-23
-23
-25
-28
-27
-21
-14
-12
-11
-12
-14
-17
-15
-16
-15
-14
-8
-3
2
7
12
12
7
6
5
8
15
20
19
25
22
22
23
25
18
10
7
4
3
7
16
14
18
21
21
17
17
15
18
20
22
24
26
33
34
41
38
36
28
20
18
18
16
14
8
1
-2
-10
-14
-23
-30
-39
-41
-44
-39
-30
-28
-29
-28
-24
-23
-18
-19
-18
-28
-28
-30
-30
-31
-36
-38
-43
-49
-53
-56
-62
-60
-62
-60
-62
-59
-56
-53
-43
-39
-35
-31
-30
-25
-18
-15
-6
-4
1
4
3
9
10
11
12
11
12
12
13
20
20
26
25
24
28
26
30
29
31
30
26
29
27
26
34
25
23
22
18
21
17
18
18
10
11
12
12
13
11
13
8
7
2
-1
3
-4
1
0
-6
-6
-11
-14
-15
-23
-20
-26
-29
-26
-31
-23
-20
-18
-18
-20
-14
-12
-8
-1
2
7
3
4
10
6
13
12
12
6
-5
5
7
11
18
8
5
2
3
11
14
21
13
11
17
17
25
33
37
39
26
25
22
21
34
33
32
25
18
18
17
21
19
8
6
-2
-2
2
0
4
1
0
-8
-18
-22
-23
-20
-13
-21
-26
-35
-36
-32
-31
-27
-36
-41
-43
-48
-48
-41
-40
-36
-36
-38
-37
-39
-35
-33
-25
-25
-21
-18
-15
-15
-9
-8
-2
2
2
2
2
3
8
17
20
24
24
26
22
25
30
35
41
41
40
36
36
36
40
42
38
31
27
22
23
24
21
21
16
13
8
6
6
5
4
4
0
-1
-5
-6
-7
-12
-13
-18
-22
-25
-29
-33
-37
-40
-39
-37
-38
-39
-44
-45
-44
-39
-34
-31
-31
-31
-29
-23
-17
-16
-15
-9
-6
-7
-1
-1
3
6
9
15
14
16
19
20
25
26
29
32
32
38
40
43
46
45
47
43
45
46
45
46
47
43
