SAMPLES:	12697
BITSPERSAMPLE:	16
CHANNELS:	1
SAMPLERATE:	16000
NORMALIZED:	FALSE
-8
-10
-12
-13
-16
-18
-18
-20
-21
-22
-23
-23
-24
-24
-25
-24
-25
-23
-22
-22
-21
-19
-17
-15
-12
-9
-6
-4
-1
2
5
7
10
14
17
20
24
26
27
29
30
31
32
32
32
32
32
30
30
30
28
24
22
18
15
12
8
5
3
-1
-6
-8
-13
-16
-20
-22
-25
-28
-30
-32
-34
-36
-37
-38
-39
-39
-39
-39
-37
-36
-35
-32
-30
-27
-26
-23
-20
-17
-14
-10
-8
-4
-1
2
4
7
8
9
12
12
14
15
14
15
15
16
15
15
14
13
13
12
11
8
7
6
4
3
2
0
-1
-3
-4
-5
-6
-5
-7
-8
-8
-9
-8
-9
-7
-7
-5
-3
-1
-1
1
1
3
4
6
7
8
9
9
11
12
13
14
14
14
14
15
15
14
14
12
12
11
9
9
7
5
4
2
2
-1
-3
-3
-6
-7
-9
-11
-12
-13
-14
-14
-15
-16
-16
-17
-17
-15
-13
-14
-13
-11
-10
-9
-7
-5
-5
-3
-2
0
1
2
2
3
4
6
7
7
8
8
8
6
6
6
5
4
3
3
2
1
-2
-2
-4
-6
-7
-6
-7
-8
-8
-9
-8
-9
-10
-9
-9
-8
-8
-7
-5
-4
-2
-1
2
4
6
8
10
12
14
16
18
20
23
23
26
27
28
28
28
26
26
26
23
22
21
19
17
14
12
9
6
3
-1
-5
-8
-10
-13
-15
-18
-21
-23
-25
-27
-29
-30
-31
-33
-32
-32
-32
-32
-32
-30
-28
-25
-24
-22
-19
-17
-14
-12
-10
-5
-3
0
3
6
8
11
14
16
19
20
22
23
25
27
27
27
28
28
28
28
27
29
27
26
26
26
24
22
22
20
19
16
15
13
12
10
9
8
5
4
3
2
-1
-2
-4
-6
-7
-6
-8
-9
-9
-10
-10
-11
-11
-13
-12
-14
-14
-13
-13
-14
-14
-14
-15
-15
-16
-18
-17
-16
-17
-17
-17
-17
-19
-19
-19
-19
-18
-18
-17
-17
-16
-17
-17
-15
-15
-14
-15
-15
-14
-13
-13
-12
-10
-10
-9
-9
-8
-7
-7
-6
-5
-4
-3
-3
-2
-1
0
1
0
1
1
2
2
2
3
3
3
2
3
3
3
4
4
2
3
2
3
3
2
2
2
1
1
0
1
0
0
-1
-1
-2
-2
-2
-2
-2
-3
-2
-3
-2
-2
-1
-1
0
1
2
3
4
6
7
7
9
11
12
13
15
16
16
18
20
21
22
22
22
22
22
23
23
22
21
19
19
19
16
14
12
10
8
6
3
2
0
-2
-5
-7
-9
-11
-13
-14
-16
-19
-20
-21
-21
-21
-22
-23
-23
-21
-22
-21
-21
-20
-19
-19
-16
-15
-14
-14
-15
-13
-12
-11
-11
-10
-9
-9
-8
-6
-8
-9
-8
-8
-6
-6
-6
-7
-8
-8
-6
-5
-4
-5
-7
-6
-5
-3
-4
-2
-1
-1
3
4
5
6
7
9
11
14
14
14
16
17
19
20
20
18
19
19
21
21
20
19
18
18
19
20
16
14
12
11
11
9
6
3
1
0
0
-1
-2
-5
-6
-6
-6
-6
-6
-8
-9
-8
-5
-4
-3
-4
-5
-2
1
3
5
4
5
8
10
12
14
13
13
14
16
19
18
15
15
15
14
15
15
12
10
7
7
6
4
1
-2
-4
-5
-5
-6
-9
-11
-13
-13
-12
-14
-17
-18
-19
-18
-18
-17
-18
-18
-19
-17
-16
-15
-15
-15
-14
-12
-9
-8
-7
-6
-4
-3
0
2
2
4
4
5
6
8
8
8
10
12
10
11
11
11
11
11
11
11
10
8
9
8
8
8
7
5
2
2
-1
-2
-2
-4
-6
-7
-9
-10
-12
-13
-14
-15
-16
-17
-16
-17
-17
-16
-16
-16
-16
-16
-16
-15
-14
-13
-12
-10
-9
-6
-5
-2
-1
1
3
4
5
7
9
10
11
12
14
14
15
16
15
15
15
15
15
14
13
12
12
10
9
8
7
5
4
4
2
2
1
0
-1
-2
-2
-1
-2
-2
-3
-3
-3
-4
-3
-4
-4
-4
-4
-4
-5
-6
-6
-6
-6
-8
-9
-9
-9
-10
-10
-9
-12
-12
-14
-14
-14
-16
-15
-17
-17
-17
-18
-16
-17
-17
-14
-15
-13
-13
-12
-11
-10
-7
-6
-6
-3
0
0
2
5
5
7
9
10
11
13
14
14
13
15
16
16
15
13
12
12
10
9
8
8
6
5
5
3
2
0
-2
-3
-4
-6
-6
-8
-9
-10
-9
-10
-10
-10
-12
-12
-12
-11
-10
-10
-8
-7
-7
-6
-5
-4
-3
-1
-1
1
2
2
3
4
5
6
7
7
8
8
8
8
8
7
6
6
5
5
3
4
2
2
1
1
0
-1
-2
-3
-4
-3
-3
-4
-4
-4
-4
-5
-3
-4
-4
-5
-5
-6
-4
-3
-4
-3
-3
-2
-2
0
-1
0
-1
0
3
4
5
5
7
7
8
10
10
10
12
13
14
14
15
15
15
16
16
15
15
15
16
16
16
16
15
14
12
11
10
9
8
5
4
3
2
0
-4
-4
-6
-7
-9
-9
-12
-13
-15
-16
-16
-16
-18
-17
-17
-16
-15
-15
-15
-15
-13
-12
-9
-8
-5
-4
-1
1
3
5
6
7
9
10
11
12
13
13
14
14
16
15
13
13
12
12
11
9
8
6
5
4
3
0
-2
-3
-4
-4
-5
-5
-6
-6
-9
-8
-6
-8
-8
-9
-8
-6
-6
-5
-5
-6
-5
-4
-4
-2
-1
-2
-1
-1
-1
-1
0
-1
-2
-2
0
-1
-2
-2
-3
-4
-4
-5
-6
-7
-7
-8
-8
-7
-9
-10
-9
-9
-10
-9
-8
-8
-8
-7
-6
-4
-4
-3
-2
-1
1
3
5
6
8
9
11
12
14
14
16
17
17
19
19
19
19
18
17
17
18
15
15
14
12
11
10
8
7
6
4
2
1
-1
-2
-3
-5
-5
-8
-9
-9
-11
-10
-11
-11
-11
-11
-11
-11
-11
-10
-10
-10
-10
-8
-8
-7
-6
-7
-4
-5
-3
-2
-3
-2
-2
-2
-2
-3
-2
-2
-5
-4
-5
-6
-7
-8
-8
-8
-10
-10
-11
-10
-11
-11
-12
-12
-11
-10
-9
-9
-8
-8
-8
-6
-6
-4
-2
-2
-1
0
1
2
3
3
3
4
5
6
7
9
9
10
11
11
11
11
11
11
10
10
10
10
10
10
10
9
9
9
9
8
7
7
5
4
3
3
3
2
3
3
3
3
3
3
3
3
3
4
5
5
4
5
6
6
7
8
9
9
10
11
11
11
12
12
13
13
13
13
13
15
15
15
16
16
15
14
12
12
11
8
7
7
5
4
2
1
-1
-3
-5
-6
-7
-10
-12
-14
-15
-16
-17
-19
-21
-22
-24
-25
-26
-27
-27
-27
-28
-27
-28
-28
-27
-26
-26
-25
-26
-24
-25
-23
-22
-22
-19
-18
-15
-15
-12
-11
-9
-6
-4
-3
-1
2
4
5
7
9
12
14
15
18
19
20
22
25
27
27
29
30
31
30
31
29
28
28
27
26
26
25
24
23
21
19
18
16
15
13
11
9
8
7
5
4
2
0
-1
-2
-3
-4
-5
-6
-6
-8
-8
-9
-10
-11
-13
-12
-13
-12
-11
-10
-9
-8
-8
-8
-7
-7
-8
-6
-5
-6
-3
-2
-2
0
1
2
3
2
3
4
2
2
1
-2
-2
-4
-6
-7
-10
-11
-13
-14
-14
-15
-17
-17
-18
-20
-21
-20
-22
-22
-22
-22
-21
-22
-19
-19
-17
-14
-12
-11
-9
-8
-6
-5
-3
-2
0
2
3
6
6
6
8
10
11
14
14
15
15
13
15
13
12
12
10
11
9
10
9
8
6
7
7
4
2
0
-1
-3
-5
-8
-9
-11
-11
-13
-14
-14
-14
-14
-14
-14
-15
-15
-16
-16
-17
-17
-18
-19
-20
-20
-19
-17
-14
-10
-8
-4
-1
2
3
4
3
3
2
-2
-3
-5
-6
-7
-5
-4
-1
1
5
9
12
13
15
14
13
8
4
0
-3
-5
-8
-9
-10
-6
-4
3
10
17
24
28
30
30
29
25
21
17
12
9
6
6
7
11
17
24
31
37
42
45
47
46
42
36
28
20
9
0
-7
-12
-15
-13
-12
-8
-4
1
5
7
8
5
2
-3
-10
-18
-24
-30
-34
-35
-34
-32
-29
-23
-18
-11
-5
0
4
4
3
1
-3
-5
-7
-9
-9
-8
-7
-3
1
4
10
16
18
19
19
18
16
14
12
11
8
7
7
8
11
16
21
23
25
24
20
16
8
0
-8
-14
-19
-23
-23
-22
-17
-11
-3
5
11
15
16
16
12
6
-1
-10
-19
-25
-28
-26
-22
-17
-10
-5
2
8
17
28
37
44
44
39
33
22
12
1
-8
-14
-20
-21
-21
-17
-12
-5
6
15
23
27
28
25
18
8
-3
-16
-29
-42
-50
-53
-51
-47
-44
-40
-41
-41
-40
-33
-26
-19
-16
-17
-21
-26
-29
-30
-27
-24
-20
-18
-20
-24
-29
-33
-31
-22
-9
7
22
33
40
44
46
46
45
42
36
27
19
13
9
7
7
6
7
12
18
26
33
37
38
34
28
20
10
0
-10
-18
-25
-32
-36
-39
-40
-41
-37
-29
-20
-12
-5
1
3
5
5
2
-5
-16
-28
-41
-49
-49
-45
-35
-23
-7
10
28
42
52
57
55
48
38
26
10
-3
-12
-13
-9
1
10
12
8
3
3
12
30
46
56
53
39
20
0
-15
-22
-25
-22
-19
-14
-14
-19
-27
-32
-31
-22
-4
13
24
27
26
24
25
26
25
17
4
-12
-25
-30
-34
-34
-32
-28
-18
-2
18
38
50
57
55
48
42
31
17
-1
-20
-38
-51
-54
-52
-45
-38
-34
-28
-21
-8
9
29
44
51
50
38
15
-15
-47
-73
-85
-84
-73
-58
-46
-38
-31
-16
9
42
74
92
92
77
52
22
-6
-29
-46
-59
-59
-47
-22
10
41
63
73
74
69
63
57
58
61
63
59
45
17
-18
-50
-71
-72
-55
-28
-1
17
27
30
32
35
38
36
28
11
-10
-31
-50
-64
-77
-84
-81
-68
-49
-27
-13
-11
-17
-21
-10
18
57
92
107
91
43
-19
-77
-114
-119
-94
-50
-1
40
60
62
52
40
38
45
56
68
68
52
23
-9
-40
-62
-71
-68
-49
-22
9
38
57
56
44
21
-8
-31
-42
-44
-37
-29
-26
-25
-31
-40
-45
-47
-45
-32
-14
3
19
24
15
3
-10
-14
-4
10
13
8
-16
-50
-73
-82
-74
-39
11
65
120
157
168
150
102
39
-12
-37
-30
4
41
56
45
7
-38
-64
-60
-22
37
95
130
134
104
52
-6
-56
-86
-91
-77
-58
-39
-33
-45
-57
-62
-46
-2
51
89
97
65
5
-58
-103
-118
-106
-85
-69
-62
-65
-72
-71
-60
-32
12
66
116
151
155
123
68
2
-49
-79
-86
-77
-60
-51
-49
-49
-45
-24
19
72
125
164
166
132
78
18
-25
-40
-36
-33
-41
-64
-94
-109
-96
-54
4
57
85
87
71
53
46
51
60
60
38
-6
-59
-111
-152
-165
-153
-122
-74
-22
26
64
85
84
69
42
11
-15
-33
-44
-47
-51
-57
-60
-66
-65
-49
-27
-3
24
44
53
62
65
55
37
3
-42
-70
-77
-59
-11
34
62
70
62
50
62
88
109
121
110
70
18
-33
-79
-106
-112
-99
-69
-29
9
35
47
55
72
91
109
119
108
82
49
11
-33
-76
-127
-177
-195
-179
-131
-56
4
34
54
63
67
86
97
84
63
27
-15
-42
-65
-98
-126
-141
-131
-80
-14
40
69
61
29
7
4
17
35
29
1
-30
-51
-44
-20
7
29
32
23
27
45
64
87
92
71
42
12
-20
-45
-63
-83
-98
-87
-50
10
80
131
144
125
94
61
46
55
60
51
34
1
-23
-40
-69
-93
-104
-108
-79
-26
18
44
35
-10
-43
-33
10
64
101
105
85
43
-6
-50
-96
-123
-122
-129
-91
-5
6
-24
-46
-98
-101
-36
18
79
128
118
81
34
12
27
20
-11
-22
-19
-9
3
13
15
-12
-62
-102
-98
-43
44
121
142
118
79
22
-21
-8
34
54
43
17
-10
-26
-38
-55
-73
-82
-80
-52
-11
25
37
8
-54
-101
-100
-70
-34
3
41
69
83
87
79
53
8
-31
-48
-44
-22
-23
-74
-125
-157
-164
-117
-36
45
115
152
169
177
170
155
117
49
-6
-35
-69
-84
-85
-111
-144
-144
-118
-70
7
79
131
166
179
181
166
116
41
-43
-111
-136
-119
-74
-45
-64
-103
-136
-144
-88
24
124
183
191
139
58
-5
-30
-39
-34
-21
-9
2
-4
-35
-59
-86
-109
-85
-26
45
119
154
142
111
65
10
-30
-61
-71
-53
-36
-16
10
10
-7
-18
-23
-12
9
24
35
52
61
38
5
-36
-96
-128
-119
-98
-47
-7
-13
-14
-13
-17
4
1
-30
-45
-62
-74
-47
-14
2
-1
-31
-61
-71
-76
-69
-42
-8
33
69
74
54
24
-17
-56
-63
-40
-5
18
9
-12
-26
-36
-32
2
46
87
115
110
82
54
16
-27
-46
-43
-24
1
13
13
15
13
5
4
12
18
26
43
55
65
71
61
39
23
20
26
26
17
2
-16
-15
0
12
28
43
37
26
28
38
51
58
58
56
64
74
75
53
21
-9
-39
-66
-61
-36
-22
-9
1
3
12
24
18
-2
-23
-35
-44
-50
-35
-23
-31
-42
-55
-73
-78
-75
-83
-80
-48
-20
1
20
14
-3
-19
-35
-45
-47
-63
-91
-114
-126
-119
-95
-67
-41
0
42
82
116
121
98
61
17
-4
12
38
63
69
42
6
-31
-54
-49
-32
-10
23
38
32
38
39
34
55
79
80
88
93
79
74
88
94
92
78
65
63
61
72
89
77
53
46
24
0
5
15
14
9
15
34
48
61
88
113
117
124
119
78
45
36
22
10
13
19
12
-9
-32
-41
-60
-86
-91
-81
-67
-42
-16
-8
-17
-29
-48
-79
-118
-139
-146
-161
-159
-124
-111
-131
-136
-143
-156
-139
-102
-77
-65
-72
-102
-143
-177
-188
-190
-207
-217
-207
-196
-181
-141
-103
-94
-95
-99
-90
-52
-10
3
-15
-61
-102
-112
-96
-46
23
53
40
22
3
-14
-18
-18
-9
18
52
88
123
141
153
155
138
140
176
200
206
211
201
179
156
146
147
154
162
167
161
157
180
207
217
220
230
231
225
242
259
243
212
176
129
106
111
113
95
54
18
5
1
18
55
59
41
34
19
-2
-11
-28
-64
-85
-87
-94
-111
-151
-211
-258
-284
-281
-241
-206
-204
-215
-230
-246
-246
-252
-282
-326
-373
-416
-440
-451
-461
-475
-497
-524
-531
-514
-500
-496
-499
-511
-523
-531
-528
-513
-515
-537
-562
-593
-606
-567
-512
-475
-431
-387
-376
-368
-339
-322
-317
-307
-294
-257
-186
-108
-32
27
74
128
175
214
278
355
424
497
582
657
706
743
767
785
825
864
884
903
917
932
941
939
940
943
938
939
958
976
983
987
975
954
950
931
875
817
753
689
644
592
533
471
390
314
268
230
196
164
110
61
40
16
-17
-51
-106
-174
-233
-289
-338
-377
-435
-495
-538
-576
-595
-602
-618
-624
-618
-616
-606
-596
-612
-650
-702
-756
-793
-818
-843
-866
-897
-929
-949
-973
-1002
-1019
-1025
-1023
-962
-842
-747
-720
-749
-822
-913
-953
-924
-907
-923
-937
-974
-1020
-971
-863
-812
-802
-788
-766
-721
-636
-528
-436
-377
-307
-200
-100
23
226
448
722
1180
1677
1956
2021
1937
1703
1449
1320
1293
1287
1280
1250
1144
1019
998
1039
1005
966
1057
1233
1425
1632
1775
1745
1577
1379
1184
1027
955
913
773
538
305
92
-126
-305
-402
-459
-486
-433
-317
-208
-134
-110
-162
-259
-313
-287
-225
-185
-174
-195
-280
-402
-481
-511
-508
-430
-313
-219
-127
-35
25
67
106
167
265
362
461
574
657
703
722
688
621
560
506
475
464
421
355
270
139
25
-36
-89
-123
-127
-147
-186
-241
-326
-430
-564
-716
-835
-932
-1033
-1113
-1205
-1332
-1453
-1573
-1692
-1768
-1769
-1702
-1626
-1592
-1589
-1607
-1664
-1709
-1677
-1603
-1534
-1457
-1410
-1425
-1439
-1424
-1446
-1456
-1341
-1190
-1129
-1103
-1054
-1040
-1027
-909
-703
-502
-314
-77
272
912
1954
2978
3437
3381
3086
2583
2085
1903
1869
1748
1593
1364
999
738
731
702
447
249
406
805
1282
1817
2162
2091
1806
1533
1291
1177
1235
1205
899
472
101
-239
-597
-897
-1089
-1209
-1219
-1052
-764
-470
-247
-163
-215
-286
-254
-115
36
138
174
151
67
-77
-221
-320
-416
-516
-514
-385
-201
-1
162
210
170
160
226
340
500
703
867
912
899
918
906
830
757
687
588
555
616
663
677
709
703
593
482
426
355
249
156
70
-26
-110
-187
-286
-389
-458
-500
-549
-567
-515
-479
-510
-555
-623
-740
-867
-984
-1107
-1209
-1287
-1352
-1399
-1413
-1401
-1411
-1443
-1441
-1393
-1330
-1236
-1142
-1117
-1120
-1125
-1159
-1194
-1189
-1188
-1241
-1299
-1313
-1299
-1299
-1296
-1271
-1261
-1233
-1184
-1197
-1264
-1274
-1233
-1182
-1055
-873
-767
-761
-622
11
1218
2548
3383
3536
3193
2610
2086
1790
1689
1682
1643
1386
969
706
713
732
488
173
173
542
1121
1794
2319
2441
2258
1981
1707
1603
1711
1768
1529
1079
636
264
-100
-417
-612
-744
-792
-670
-421
-134
122
223
96
-110
-197
-112
35
106
80
-76
-341
-596
-763
-855
-898
-904
-892
-791
-553
-258
-52
14
30
49
108
257
458
619
721
771
730
658
631
619
569
504
490
527
604
718
802
797
734
682
639
615
642
691
668
543
420
339
246
153
72
-76
-298
-492
-672
-836
-864
-773
-713
-727
-754
-788
-817
-825
-846
-910
-1008
-1089
-1156
-1233
-1326
-1438
-1584
-1738
-1813
-1777
-1659
-1497
-1343
-1264
-1241
-1198
-1141
-1094
-1036
-977
-951
-981
-1023
-1012
-944
-890
-954
-1130
-1267
-1264
-1223
-1206
-1190
-1208
-1266
-1348
-1454
-1475
-1301
-1101
-895
-191
1285
2977
4066
4312
3924
3171
2494
2172
2009
1868
1832
1598
947
411
331
276
-86
-428
-371
110
958
1996
2733
2872
2713
2469
2119
1956
2130
2197
1864
1343
824
347
-49
-389
-748
-1101
-1252
-1139
-909
-590
-212
-25
-104
-221
-236
-127
83
210
148
-11
-202
-433
-671
-867
-1024
-1167
-1262
-1216
-1033
-778
-537
-420
-414
-380
-246
-40
198
432
611
683
658
616
587
565
565
560
564
620
692
735
751
731
704
719
748
807
905
944
879
741
573
439
342
270
295
342
272
143
-4
-209
-369
-418
-464
-513
-476
-409
-406
-465
-542
-670
-878
-1061
-1151
-1240
-1339
-1378
-1447
-1592
-1662
-1633
-1626
-1611
-1509
-1412
-1359
-1233
-1039
-890
-801
-763
-836
-999
-1108
-1121
-1148
-1205
-1166
-1099
-1101
-1006
-802
-752
-879
-1043
-1243
-1380
-1329
-1232
-1219
-1227
-1187
-1107
-834
60
1636
3141
3922
4053
3676
3014
2557
2330
2003
1700
1551
1233
705
386
349
156
-347
-708
-607
-108
764
1783
2392
2494
2434
2235
1890
1716
1751
1659
1311
935
684
447
125
-251
-704
-1147
-1300
-1138
-844
-442
-20
154
37
-160
-274
-253
-148
-60
-27
-30
-42
-105
-257
-431
-606
-846
-1051
-1040
-826
-521
-237
-113
-146
-153
-42
106
270
484
642
663
672
739
781
797
817
764
659
663
786
875
896
925
933
874
829
823
754
621
497
386
301
292
333
333
257
194
194
158
53
-13
-53
-129
-160
-133
-171
-277
-385
-551
-788
-955
-1010
-1070
-1162
-1203
-1239
-1347
-1439
-1435
-1425
-1448
-1399
-1270
-1145
-1013
-856
-798
-872
-948
-1003
-1077
-1064
-925
-808
-811
-929
-1137
-1372
-1532
-1561
-1532
-1506
-1373
-1131
-994
-1013
-1067
-1162
-1234
-1216
-1260
-1397
-1415
-1334
-1384
-1306
-413
1318
2950
3756
3810
3302
2568
2188
2132
1992
1926
1987
1619
877
496
531
371
-112
-459
-389
111
1044
2047
2506
2398
2126
1744
1359
1382
1766
2001
1851
1487
1105
750
392
28
-379
-767
-903
-751
-509
-251
-40
-77
-388
-714
-802
-589
-229
73
228
244
175
50
-140
-366
-599
-804
-860
-731
-506
-230
-15
-52
-262
-375
-353
-277
-88
198
418
567
760
906
892
853
867
812
768
926
1161
1252
1281
1321
1230
993
823
708
519
419
492
511
450
472
455
279
122
78
44
12
82
207
207
90
-3
-145
-411
-611
-713
-892
-1080
-1160
-1248
-1391
-1495
-1590
-1730
-1846
-1869
-1812
-1707
-1527
-1300
-1159
-1125
-1065
-990
-987
-958
-871
-883
-969
-1023
-1119
-1290
-1436
-1551
-1605
-1508
-1330
-1155
-1030
-1024
-1072
-1087
-1080
-942
-643
-473
-546
-715
-950
-1221
-1412
-1436
-1323
-1228
-1017
-157
1356
2793
3668
3834
3285
2550
2238
2255
2277
2333
2312
1834
985
389
225
28
-316
-499
-409
53
1010
2023
2434
2293
1993
1641
1345
1479
2016
2377
2305
1997
1547
996
553
186
-302
-741
-848
-698
-492
-260
-75
-155
-462
-686
-648
-374
85
542
752
729
597
396
152
-96
-319
-475
-546
-541
-434
-257
-172
-261
-424
-526
-503
-298
62
410
637
771
851
864
879
959
982
914
976
1183
1263
1203
1084
773
374
164
59
-27
57
186
143
61
50
25
-63
-162
-181
-126
-36
125
240
130
-71
-257
-586
-933
-1066
-1136
-1280
-1387
-1453
-1547
-1635
-1670
-1655
-1633
-1601
-1523
-1465
-1424
-1265
-1036
-915
-863
-820
-865
-945
-950
-939
-1011
-1131
-1278
-1483
-1631
-1537
-1224
-886
-650
-547
-604
-710
-687
-626
-725
-814
-705
-605
-595
-499
-415
-543
-790
-1059
-1297
-1281
-963
-644
-525
-315
507
1861
3040
3601
3611
3221
2675
2304
2156
2116
2108
1939
1405
700
300
279
215
-48
-148
133
657
1290
1888
2212
2174
1930
1687
1591
1753
2094
2264
2016
1519
1044
620
212
-150
-440
-664
-805
-791
-643
-491
-414
-442
-583
-674
-494
-88
319
558
603
511
323
85
-153
-388
-603
-721
-744
-722
-630
-489
-430
-487
-556
-548
-418
-157
159
427
617
766
911
1058
1161
1160
1044
860
731
735
777
790
774
636
362
141
56
64
165
249
208
132
142
219
279
287
257
171
27
-57
-92
-232
-430
-629
-908
-1173
-1271
-1282
-1328
-1383
-1440
-1509
-1544
-1470
-1334
-1276
-1297
-1309
-1301
-1247
-1108
-993
-989
-1049
-1166
-1312
-1340
-1188
-992
-904
-938
-1057
-1201
-1234
-1113
-977
-854
-666
-520
-458
-283
-20
-4
-281
-503
-501
-398
-259
-123
-121
-285
-510
-731
-860
-794
-610
-526
-594
-545
-43
964
2148
3054
3394
3219
2802
2409
2213
2205
2166
1950
1581
1107
708
594
602
397
43
-111
66
501
1105
1644
1821
1665
1455
1333
1377
1650
1896
1798
1448
1087
742
407
134
-153
-498
-753
-814
-741
-571
-364
-293
-398
-481
-396
-192
69
336
499
509
446
344
159
-36
-166
-332
-537
-601
-493
-343
-217
-179
-286
-395
-320
-95
157
396
603
778
955
1116
1200
1166
989
729
520
417
438
573
644
505
275
98
18
52
153
232
288
332
379
428
395
254
72
-139
-335
-401
-377
-419
-582
-836
-1129
-1376
-1478
-1424
-1318
-1230
-1142
-1076
-1067
-1065
-1050
-1083
-1161
-1182
-1128
-1103
-1142
-1202
-1322
-1484
-1547
-1486
-1422
-1364
-1241
-1089
-1009
-983
-903
-811
-743
-562
-306
-192
-185
-207
-289
-328
-279
-214
-134
-126
-193
-134
-80
-257
-467
-652
-927
-1049
-881
-631
-420
-300
-289
-317
-226
401
1629
2705
3150
3226
3038
2629
2321
2116
1828
1549
1339
1077
742
529
545
442
-2
-323
-193
152
624
1188
1549
1605
1522
1420
1389
1484
1669
1799
1695
1426
1200
974
639
271
-70
-376
-598
-687
-593
-412
-284
-229
-261
-326
-244
28
326
495
506
453
389
277
171
113
-14
-203
-325
-394
-392
-272
-160
-199
-330
-410
-347
-185
16
269
557
823
973
956
840
694
548
492
506
543
703
849
701
417
211
-3
-115
-40
28
93
220
256
191
98
-29
-118
-196
-317
-335
-281
-329
-427
-602
-921
-1172
-1260
-1304
-1262
-1109
-993
-988
-1073
-1200
-1322
-1463
-1594
-1623
-1555
-1438
-1328
-1314
-1398
-1504
-1626
-1709
-1645
-1409
-1100
-873
-780
-735
-726
-799
-847
-733
-489
-219
-40
-74
-203
-167
-23
-76
-316
-470
-466
-405
-314
-211
-223
-423
-667
-798
-813
-621
-190
66
-85
-189
62
600
1496
2591
3269
3320
3074
2734
2366
2109
2019
1884
1552
1193
908
625
439
371
147
-169
-183
105
499
980
1405
1538
1446
1371
1403
1522
1747
1966
1925
1619
1290
965
559
172
-135
-427
-666
-727
-619
-460
-323
-220
-217
-279
-193
82
358
564
727
769
651
474
336
211
40
-142
-304
-466
-546
-503
-478
-534
-555
-487
-383
-265
-59
277
615
806
863
859
833
833
837
736
547
451
465
383
212
120
9
-202
-326
-313
-248
-83
134
215
169
135
156
137
39
-21
-55
-227
-455
-600
-776
-974
-1058
-1127
-1238
-1230
-1117
-1082
-1159
-1245
-1299
-1366
-1427
-1423
-1407
-1419
-1389
-1365
-1440
-1534
-1563
-1584
-1606
-1506
-1277
-1102
-1016
-894
-818
-846
-787
-650
-586
-483
-323
-295
-321
-248
-183
-205
-227
-214
-249
-373
-434
-368
-368
-443
-462
-546
-678
-554
-299
-251
-283
-170
61
568
1575
2700
3288
3314
3147
2841
2455
2341
2447
2339
2022
1713
1310
857
656
556
192
-220
-247
25
343
766
1200
1296
1127
1051
1098
1228
1569
1950
2001
1738
1422
1092
678
287
32
-189
-439
-578
-579
-562
-496
-401
-455
-598
-585
-377
-65
282
565
689
610
398
230
141
45
-30
-101
-247
-358
-332
-321
-389
-421
-443
-494
-421
-167
119
404
694
802
685
598
599
565
562
613
569
442
360
273
109
-37
-102
-177
-249
-157
53
171
221
269
192
37
14
71
50
-11
-107
-347
-653
-845
-962
-1117
-1224
-1223
-1208
-1174
-1064
-987
-1062
-1221
-1373
-1495
-1550
-1480
-1325
-1218
-1207
-1219
-1254
-1341
-1384
-1364
-1385
-1423
-1344
-1178
-1010
-803
-552
-377
-373
-466
-503
-461
-387
-220
-28
-43
-172
-193
-278
-516
-636
-622
-691
-765
-746
-746
-737
-592
-388
-271
-217
-98
64
269
843
1921
2939
3391
3402
3138
2678
2360
2319
2311
2275
2264
2031
1481
1002
780
542
139
-190
-278
-176
132
572
864
933
927
847
707
808
1252
1695
1894
1870
1658
1307
955
683
388
81
-96
-219
-395
-503
-483
-527
-719
-897
-941
-822
-485
-13
338
472
523
508
383
341
463
521
444
333
195
46
-56
-123
-247
-431
-540
-514
-405
-180
145
383
446
438
445
496
612
744
840
852
762
665
575
435
279
112
-67
-194
-214
-125
-53
-76
-124
-225
-351
-327
-226
-183
-165
-184
-308
-496
-633
-723
-825
-907
-970
-1010
-1023
-1048
-1054
-1140
-1329
-1442
-1530
-1589
-1518
-1403
-1344
-1390
-1495
-1581
-1600
-1591
-1338
-834
-915
-1209
-986
-1004
-1180
-943
-771
-760
-494
-194
-296
-435
-271
-249
-638
-990
-889
-621
-429
-145
-16
-171
-338
-579
-845
-953
-730
-251
-52
-72
57
279
694
1412
2112
2531
2750
2742
2571
2533
2659
2842
2935
2704
2248
1829
1515
1297
1074
762
417
74
-152
-135
25
241
413
364
200
213
447
847
1348
1725
1856
1792
1596
1406
1277
1146
1006
743
341
6
-234
-410
-535
-727
-995
-1219
-1314
-1240
-958
-554
-206
-2
42
54
157
358
635
853
905
855
720
513
357
240
71
-116
-270
-383
-422
-302
-84
88
191
214
190
223
368
541
670
764
746
653
564
459
386
316
164
3
-108
-184
-172
-115
-143
-186
-218
-316
-389
-396
-417
-421
-460
-590
-728
-872
-1007
-1112
-1195
-1224
-1213
-1217
-1258
-1281
-1288
-1282
-1288
-1356
-1426
-1509
-1540
-1446
-1364
-1287
-1160
-1107
-1166
-1219
-1213
-1174
-1056
-864
-706
-659
-649
-610
-676
-793
-718
-608
-633
-555
-393
-350
-312
-246
-295
-410
-453
-449
-474
-507
-459
-342
-335
-358
-244
-121
99
625
1206
1605
1955
2237
2330
2325
2383
2521
2653
2761
2849
2821
2650
2513
2408
2125
1761
1449
1073
663
372
227
131
52
19
-50
-188
-207
-61
83
266
532
743
901
1069
1213
1326
1394
1365
1227
976
695
472
267
111
-28
-263
-473
-658
-901
-1032
-1060
-1095
-1028
-919
-845
-689
-480
-261
-52
58
120
135
75
78
157
213
322
456
461
420
406
370
358
354
343
353
354
381
416
386
361
294
122
-32
-118
-166
-157
-146
-169
-212
-264
-291
-290
-270
-230
-205
-226
-260
-278
-320
-371
-402
-451
-519
-577
-604
-634
-702
-755
-824
-936
-1003
-1048
-1098
-1122
-1140
-1158
-1177
-1195
-1185
-1143
-1067
-985
-899
-793
-699
-608
-539
-497
-451
-413
-375
-369
-398
-401
-384
-362
-321
-259
-243
-282
-300
-324
-330
-250
-167
-129
-71
-6
33
67
137
204
229
258
291
290
259
241
229
207
243
327
400
488
596
688
740
780
835
892
966
1061
1163
1268
1354
1390
1357
1264
1154
1046
953
880
823
768
737
745
752
781
866
928
958
1005
1032
1042
1088
1123
1097
1032
940
821
707
595
475
353
206
47
-115
-264
-383
-450
-472
-482
-482
-464
-454
-457
-432
-381
-352
-329
-318
-360
-407
-446
-512
-582
-654
-725
-758
-773
-784
-776
-760
-749
-721
-665
-588
-487
-379
-305
-271
-238
-178
-107
-33
49
129
173
176
193
234
265
320
367
358
356
374
368
373
396
399
394
384
366
339
311
279
214
131
54
-26
-111
-202
-289
-362
-449
-539
-604
-667
-686
-632
-597
-582
-545
-562
-594
-593
-608
-604
-572
-575
-599
-625
-652
-648
-622
-602
-584
-606
-627
-612
-600
-560
-477
-406
-344
-284
-217
-118
-5
100
187
235
284
358
407
441
452
417
367
309
265
292
353
397
430
446
453
466
472
481
511
545
598
639
629
608
560
453
341
249
171
105
47
-10
-69
-98
-105
-104
-69
-4
84
185
304
441
558
638
685
691
694
733
773
772
739
671
565
464
357
251
187
152
147
179
237
302
344
380
426
458
485
504
482
430
390
328
225
134
37
-85
-182
-243
-292
-312
-307
-306
-305
-314
-337
-349
-366
-384
-365
-350
-350
-321
-306
-301
-274
-290
-338
-371
-400
-401
-383
-384
-375
-359
-362
-337
-272
-206
-144
-100
-68
-27
21
72
107
100
80
48
-10
-44
-51
-61
-80
-115
-158
-192
-197
-185
-187
-195
-181
-151
-129
-113
-103
-106
-101
-103
-132
-158
-163
-172
-206
-250
-302
-354
-399
-452
-483
-486
-483
-451
-403
-379
-345
-275
-212
-148
-68
-8
21
40
41
18
-17
-48
-88
-142
-164
-134
-84
-40
-8
16
43
96
159
224
322
432
518
580
620
642
652
639
592
532
460
382
304
227
169
116
58
22
27
74
144
220
300
358
394
430
457
490
522
528
532
512
444
360
283
189
95
31
-18
-49
-38
6
59
114
182
240
271
319
377
406
410
389
343
286
208
130
65
4
-47
-104
-174
-226
-246
-240
-225
-231
-236
-208
-169
-130
-90
-68
-44
-6
8
11
17
8
-21
-65
-130
-198
-247
-293
-340
-375
-389
-366
-332
-320
-298
-271
-254
-208
-150
-111
-67
-45
-74
-112
-139
-172
-192
-219
-264
-301
-338
-367
-377
-394
-387
-362
-348
-321
-292
-264
-224
-189
-160
-124
-111
-107
-91
-92
-106
-115
-137
-170
-183
-182
-177
-171
-147
-100
-70
-43
8
50
88
128
165
212
259
280
280
274
250
211
164
103
64
72
84
87
97
94
85
100
134
177
238
309
364
413
469
502
496
479
439
357
288
243
170
99
41
-30
-87
-107
-100
-61
2
69
131
167
181
201
234
277
316
334
329
296
226
138
33
-81
-169
-221
-253
-259
-228
-196
-176
-155
-131
-95
-35
57
163
239
276
287
256
202
172
135
74
31
-24
-101
-148
-168
-190
-200
-199
-197
-183
-136
-66
-13
31
69
80
88
121
145
150
151
129
73
19
-21
-71
-122
-154
-180
-197
-180
-148
-129
-109
-94
-86
-59
-13
31
66
69
33
-13
-56
-92
-129
-164
-193
-236
-289
-335
-373
-401
-395
-356
-313
-269
-214
-161
-124
-92
-75
-60
-28
17
60
83
80
57
11
-49
-111
-155
-177
-192
-213
-221
-219
-215
-201
-184
-162
-103
-20
64
162
240
275
295
290
262
257
272
280
265
234
200
166
149
148
155
166
190
223
248
279
315
342
354
342
318
279
222
161
84
6
-49
-108
-158
-178
-176
-142
-87
-28
33
90
137
170
190
206
225
238
234
205
153
93
7
-107
-198
-273
-340
-363
-366
-371
-356
-339
-330
-307
-271
-217
-158
-111
-56
5
30
36
29
-14
-63
-92
-121
-136
-125
-127
-138
-131
-115
-100
-74
-44
-21
3
35
73
106
137
177
212
247
287
308
293
265
216
147
100
84
76
77
84
78
69
79
84
76
84
102
113
125
134
125
103
71
38
15
-2
-20
-42
-93
-169
-228
-264
-278
-267
-249
-237
-221
-198
-173
-143
-105
-68
-38
-11
20
48
63
64
29
-29
-74
-112
-142
-152
-169
-195
-216
-220
-212
-193
-159
-107
-52
7
73
120
144
165
170
151
141
129
107
92
73
49
33
22
26
45
79
127
178
215
233
245
247
241
219
183
138
91
58
34
10
-2
-5
-10
-8
6
19
25
35
56
76
94
124
147
156
167
176
155
119
89
52
10
-25
-53
-89
-132
-157
-162
-175
-183
-177
-186
-195
-165
-125
-106
-88
-70
-59
-49
-35
-24
-30
-44
-49
-62
-75
-65
-51
-58
-64
-64
-72
-78
-77
-76
-73
-63
-38
-6
17
41
65
91
125
162
191
198
192
177
147
111
98
100
90
77
68
47
23
14
11
14
28
39
43
47
57
68
64
51
39
20
-2
-20
-37
-56
-66
-76
-87
-87
-76
-57
-30
0
24
33
35
40
35
25
19
3
-23
-62
-109
-154
-199
-244
-274
-295
-310
-302
-279
-267
-255
-231
-206
-175
-128
-72
-26
6
33
41
30
27
34
34
25
22
22
16
23
38
47
54
65
81
106
137
171
190
184
166
150
138
126
117
115
115
107
102
105
104
99
103
98
81
78
80
84
84
86
101
116
133
152
148
127
117
102
77
55
36
9
-24
-65
-107
-139
-162
-182
-210
-246
-269
-269
-261
-238
-202
-167
-133
-104
-89
-71
-47
-30
-28
-30
-29
-26
-12
2
3
-5
-7
-14
-29
-23
9
35
53
79
105
133
177
219
236
241
242
225
191
165
147
127
110
92
68
51
50
47
41
47
49
42
35
25
12
1
-4
-23
-50
-69
-87
-113
-134
-146
-159
-174
-183
-191
-192
-170
-134
-97
-63
-34
-24
-22
-23
-29
-33
-40
-54
-75
-103
-128
-156
-178
-182
-183
-187
-189
-189
-188
-170
-147
-138
-131
-110
-82
-48
4
60
92
100
102
100
106
140
166
174
181
181
168
152
145
147
145
150
159
162
169
174
158
126
100
80
69
80
101
113
120
118
111
102
104
114
116
115
116
110
106
113
120
116
115
111
98
91
85
70
48
28
3
-24
-40
-53
-79
-102
-118
-135
-148
-154
-161
-166
-154
-129
-99
-68
-42
-27
-22
-24
-29
-34
-41
-56
-76
-94
-103
-106
-114
-122
-140
-162
-167
-157
-137
-94
-38
5
40
75
100
112
125
131
111
83
59
29
-1
-21
-40
-69
-92
-96
-86
-62
-18
22
37
36
37
32
30
42
45
33
19
1
-19
-29
-28
-32
-45
-59
-66
-63
-51
-28
-3
19
44
61
59
54
43
16
-11
-26
-43
-55
-61
-74
-89
-96
-99
-101
-102
-100
-96
-94
-85
-64
-44
-24
-4
3
-2
-2
6
11
15
20
21
27
42
57
64
69
75
77
80
95
112
123
128
121
104
93
87
76
61
50
43
44
49
55
62
64
66
71
82
102
122
131
127
108
88
83
92
103
115
115
100
75
42
12
-12
-28
-43
-56
-71
-84
-94
-108
-125
-141
-150
-149
-132
-106
-82
-69
-67
-73
-83
-84
-67
-45
-24
-11
-15
-39
-74
-122
-169
-202
-210
-196
-176
-161
-146
-134
-135
-131
-114
-87
-43
10
59
107
140
151
141
114
82
60
51
44
43
42
30
13
-3
-16
-15
-1
17
32
46
57
63
59
48
33
21
17
14
13
22
36
43
54
63
63
65
72
71
72
77
75
65
49
32
18
4
-13
-28
-50
-69
-79
-88
-98
-100
-101
-104
-105
-92
-78
-70
-59
-46
-39
-31
-19
-14
-8
2
13
24
32
37
37
25
19
29
43
59
75
86
88
89
88
90
91
91
95
92
80
73
62
46
37
30
21
14
16
25
31
40
49
45
29
16
9
8
21
37
50
58
62
56
44
33
20
4
-10
-22
-30
-37
-53
-77
-101
-119
-132
-128
-108
-82
-52
-23
-3
6
17
27
30
34
47
58
68
79
71
42
4
-31
-62
-78
-73
-62
-58
-61
-71
-87
-97
-91
-80
-65
-38
-3
27
58
79
81
73
63
52
47
56
67
67
57
40
14
-1
1
7
14
28
39
37
37
40
40
41
51
62
68
75
82
73
55
47
44
37
38
40
26
11
2
-5
-12
-8
0
-4
-12
-17
-24
-39
-51
-58
-68
-75
-74
-81
-100
-119
-141
-164
-175
-167
-144
-120
-98
-86
-85
-88
-79
-68
-57
-44
-33
-25
-22
-16
-7
-2
-3
0
4
13
32
50
56
51
46
39
41
53
73
91
100
103
100
91
86
83
74
63
54
46
37
28
16
7
1
2
14
32
52
67
74
72
65
61
61
56
44
32
18
-3
-20
-34
-54
-76
-88
-94
-89
-72
-50
-32
-22
-12
0
12
25
36
38
26
14
2
-7
-11
-18
-34
-58
-80
-94
-101
-100
-91
-78
-66
-49
-28
-8
13
29
38
42
53
72
93
108
116
114
98
83
69
58
46
31
9
-19
-43
-57
-64
-68
-71
-76
-80
-79
-69
-51
-30
-14
-5
-3
-8
-11
-6
0
6
10
14
7
-7
-21
-36
-49
-49
-37
-26
-12
3
9
5
1
-4
-12
-24
-30
-37
-46
-53
-61
-80
-100
-110
-113
-104
-81
-49
-23
-6
5
14
15
18
23
23
24
29
29
26
23
16
4
-1
4
16
30
45
62
73
86
101
112
122
129
129
128
127
124
118
98
76
54
31
18
12
5
7
11
12
18
24
34
48
59
71
87
99
108
103
74
51
41
25
8
-7
-26
-48
-75
-105
-123
-134
-134
-129
-127
-108
-82
-64
-46
-32
-32
-40
-51
-58
-56
-47
-38
-43
-58
-56
-55
-77
-95
-98
-98
-84
-64
-56
-53
-39
-17
-18
-38
-31
-9
3
21
39
49
56
56
52
47
38
33
14
-13
-20
-30
-63
-78
-76
-76
-79
-89
-95
-90
-66
-29
-2
29
94
136
126
109
90
77
77
77
75
69
67
79
74
49
35
15
-22
-33
-17
11
36
34
12
-18
-49
-59
-48
-28
-1
-9
-50
-73
-57
-12
29
36
12
-19
-50
-60
-54
-42
-29
-38
-68
-78
-61
-37
-28
-45
-59
-55
-35
5
56
105
139
155
168
186
201
214
215
196
188
213
252
271
252
202
122
15
-78
-122
-133
-122
-85
-42
-11
3
-19
-83
-153
-187
-163
-95
-4
79
131
141
109
49
-11
-43
-43
-24
11
52
65
39
-14
-93
-182
-228
-209
-156
-107
-83
-81
-100
-131
-151
-162
-178
-179
-156
-124
-99
-85
-90
-121
-163
-193
-198
-184
-159
-133
-107
-91
-90
-90
-72
-37
4
40
75
116
156
187
206
215
227
247
258
244
219
195
174
151
128
119
117
114
102
93
90
84
86
99
114
131
154
169
174
173
161
130
85
51
45
59
69
68
64
55
36
7
-19
-25
-19
-15
-17
-20
-29
-37
-50
-70
-90
-92
-77
-58
-35
-15
-11
-28
-49
-61
-58
-57
-64
-69
-73
-77
-84
-97
-111
-119
-121
-124
-125
-123
-110
-84
-61
-44
-33
-22
-15
-6
10
32
50
54
44
23
-6
-29
-43
-53
-62
-76
-94
-110
-120
-123
-125
-128
-134
-137
-133
-119
-95
-63
-25
9
31
40
45
54
71
88
100
105
98
84
68
50
34
18
4
-4
3
22
47
69
86
95
100
103
114
141
180
212
226
225
220
214
205
190
174
161
152
152
157
168
178
171
149
122
107
117
155
210
263
303
322
318
308
315
345
376
402
417
420
408
388
367
345
326
305
271
225
195
192
189
176
154
132
119
112
105
94
80
64
39
6
-21
-33
-43
-69
-114
-176
-241
-294
-329
-350
-366
-380
-406
-450
-500
-532
-547
-553
-558
-569
-588
-611
-630
-644
-657
-671
-697
-758
-843
-914
-956
-968
-976
-1011
-1092
-1207
-1334
-1444
-1508
-1500
-1426
-1343
-1302
-1307
-1322
-1301
-1200
-1011
-753
-450
-125
177
427
652
904
1195
1517
1848
2165
2453
2697
2878
2991
3053
3091
3115
3118
3096
3050
2965
2815
2602
2328
2034
1760
1513
1280
1056
830
582
304
24
-215
-387
-487
-541
-587
-654
-737
-807
-837
-802
-708
-581
-443
-313
-205
-111
-6
121
249
356
436
484
505
501
464
384
267
113
-82
-296
-498
-690
-895
-1113
-1316
-1509
-1708
-1905
-2067
-2185
-2266
-2339
-2425
-2500
-2514
-2471
-2424
-2388
-2336
-2254
-2156
-2053
-1927
-1759
-1553
-1380
-1324
-1355
-1354
-1279
-1205
-1168
-1136
-1106
-1129
-1235
-1381
-1486
-1522
-1522
-1466
-1175
-510
304
797
748
412
219
428
1058
1969
2929
3629
3757
3268
2594
2346
2745
3475
4054
4218
3963
3411
2728
2119
1799
1838
1993
1884
1404
794
288
-107
-477
-830
-1092
-1223
-1296
-1421
-1575
-1647
-1663
-1775
-1990
-2082
-1859
-1381
-897
-605
-509
-485
-428
-304
-38
452
1056
1487
1565
1383
1204
1222
1432
1688
1861
1914
1827
1577
1238
998
968
1042
1027
844
571
331
172
39
-99
-196
-216
-221
-266
-302
-262
-177
-148
-207
-238
-108
171
451
599
604
538
455
395
430
612
854
961
804
443
78
-120
-135
-81
-91
-220
-474
-844
-1249
-1539
-1629
-1605
-1631
-1791
-2037
-2260
-2392
-2465
-2530
-2557
-2516
-2453
-2416
-2367
-2272
-2168
-2100
-2085
-2088
-2013
-1800
-1555
-1436
-1433
-1435
-1452
-1537
-1629
-1620
-1505
-1391
-1410
-1487
-1249
-449
540
1030
833
427
347
757
1551
2532
3464
4045
3969
3274
2608
2716
3582
4487
4842
4621
4073
3417
2813
2416
2356
2555
2620
2152
1282
544
175
-69
-426
-848
-1191
-1409
-1581
-1796
-1987
-2025
-1996
-2114
-2315
-2251
-1793
-1222
-879
-831
-897
-842
-581
-187
302
882
1356
1447
1181
924
985
1344
1734
1914
1849
1654
1393
1066
801
766
901
921
668
275
-46
-218
-315
-442
-573
-606
-571
-602
-700
-725
-639
-553
-539
-511
-333
1
309
420
370
338
418
578
784
1034
1272
1352
1180
848
593
575
705
765
655
414
89
-285
-642
-882
-953
-958
-1091
-1413
-1779
-2020
-2131
-2206
-2284
-2354
-2398
-2410
-2424
-2451
-2442
-2362
-2279
-2233
-2159
-2003
-1822
-1692
-1659
-1712
-1750
-1674
-1513
-1357
-1211
-1089
-1073
-1173
-1273
-1291
-1263
-1230
-1217
-1270
-1406
-1550
-1521
-1061
-161
668
843
412
-8
89
771
1815
2878
3604
3736
3283
2646
2484
3131
4146
4770
4692
4146
3496
3004
2803
2848
2964
2921
2507
1736
978
591
495
341
-26
-492
-905
-1192
-1383
-1531
-1639
-1714
-1854
-2076
-2161
-1917
-1487
-1191
-1162
-1261
-1249
-987
-541
-68
347
637
709
599
556
793
1243
1649
1798
1677
1454
1300
1235
1228
1281
1339
1254
967
615
376
296
283
210
43
-140
-278
-405
-530
-581
-541
-499
-507
-513
-458
-349
-265
-256
-271
-199
-16
185
325
406
431
389
322
312
398
527
585
493
274
40
-126
-230
-302
-378
-507
-728
-1026
-1327
-1551
-1666
-1725
-1816
-1968
-2128
-2247
-2334
-2395
-2417
-2401
-2383
-2392
-2398
-2351
-2237
-2086
-1953
-1865
-1803
-1717
-1600
-1481
-1367
-1233
-1101
-1014
-967
-928
-894
-896
-941
-993
-1005
-970
-961
-963
-748
-149
568
898
703
347
281
686
1458
2330
3019
3294
3071
2567
2310
2713
3585
4317
4484
4132
3569
3111
2939
3025
3206
3269
3000
2344
1576
1064
869
757
529
160
-269
-663
-976
-1216
-1386
-1484
-1587
-1759
-1883
-1810
-1609
-1472
-1477
-1538
-1512
-1301
-956
-628
-385
-214
-140
-152
-90
194
604
919
1005
895
738
691
779
896
974
1000
902
642
353
210
219
264
238
104
-86
-245
-345
-417
-430
-343
-247
-249
-309
-318
-253
-163
-68
36
169
326
443
484
515
577
620
622
634
673
682
603
433
233
102
66
26
-110
-324
-569
-828
-1066
-1231
-1318
-1371
-1455
-1646
-1937
-2185
-2261
-2201
-2120
-2068
-2070
-2155
-2290
-2360
-2279
-2068
-1825
-1668
-1641
-1665
-1640
-1542
-1420
-1300
-1173
-1052
-975
-929
-876
-837
-862
-950
-1045
-1088
-1052
-989
-983
-927
-538
152
636
568
235
152
508
1182
1961
2618
2981
2958
2592
2248
2451
3250
4023
4210
3861
3344
2925
2744
2807
2958
3011
2816
2266
1489
893
706
689
522
175
-229
-615
-952
-1239
-1462
-1569
-1591
-1667
-1809
-1836
-1688
-1558
-1582
-1654
-1582
-1301
-911
-581
-378
-239
-132
-90
-22
242
668
1018
1109
971
783
733
836
959
1018
1027
943
700
396
229
249
329
334
224
59
-77
-156
-208
-220
-156
-59
-23
-59
-99
-96
-57
-3
62
153
276
377
394
346
306
304
324
361
423
468
427
276
82
-54
-88
-87
-150
-292
-480
-696
-926
-1102
-1184
-1209
-1247
-1345
-1518
-1714
-1837
-1857
-1817
-1772
-1759
-1810
-1900
-1950
-1929
-1861
-1772
-1685
-1634
-1599
-1557
-1542
-1554
-1514
-1397
-1284
-1215
-1133
-1033
-986
-1031
-1114
-1130
-1032
-903
-857
-904
-987
-1006
-752
-110
595
835
539
180
209
718
1536
2358
2875
2921
2547
2075
2034
2681
3587
4062
3904
3409
2907
2608
2602
2771
2869
2741
2313
1637
1023
765
737
590
235
-182
-561
-858
-1070
-1257
-1440
-1564
-1655
-1766
-1802
-1667
-1507
-1508
-1611
-1623
-1445
-1091
-689
-415
-304
-264
-228
-145
112
542
919
1050
958
787
704
808
1020
1160
1165
1067
862
594
423
437
521
528
403
191
6
-83
-123
-167
-172
-125
-95
-100
-88
-45
-10
9
42
113
247
408
496
486
442
400
366
390
490
571
547
427
260
113
66
98
77
-54
-237
-435
-644
-801
-866
-905
-1000
-1167
-1400
-1653
-1812
-1824
-1768
-1733
-1751
-1852
-2019
-2139
-2128
-2025
-1898
-1784
-1735
-1768
-1811
-1810
-1767
-1663
-1491
-1327
-1249
-1238
-1236
-1215
-1146
-1034
-936
-879
-868
-931
-1051
-1123
-1103
-936
-469
256
745
586
70
-163
183
968
1862
2538
2792
2609
2145
1795
2055
2945
3795
3984
3578
3014
2592
2433
2533
2719
2782
2589
2064
1336
793
655
672
510
169
-184
-495
-792
-1087
-1344
-1482
-1472
-1437
-1475
-1499
-1443
-1424
-1516
-1578
-1432
-1069
-644
-348
-256
-270
-249
-145
51
368
750
1008
1012
844
714
756
947
1153
1249
1212
1077
874
672
596
691
831
840
689
477
298
181
125
139
221
308
289
137
-28
-74
-8
76
148
216
260
249
183
106
90
165
266
301
257
174
64
-77
-194
-232
-206
-208
-324
-560
-814
-983
-1068
-1111
-1128
-1149
-1247
-1445
-1664
-1797
-1799
-1729
-1682
-1716
-1813
-1930
-2035
-2096
-2074
-1959
-1815
-1747
-1788
-1862
-1876
-1805
-1667
-1482
-1287
-1161
-1147
-1202
-1210
-1086
-871
-696
-632
-644
-691
-744
-771
-767
-700
-399
202
794
952
654
297
284
747
1525
2290
2744
2764
2393
1910
1815
2370
3200
3697
3634
3180
2622
2249
2212
2408
2613
2627
2294
1640
1002
705
682
653
489
223
-106
-447
-745
-981
-1116
-1135
-1145
-1233
-1303
-1277
-1247
-1301
-1370
-1335
-1146
-850
-585
-439
-382
-349
-324
-266
-71
266
587
733
674
520
460
571
751
892
975
952
783
569
462
498
615
705
641
434
239
148
117
132
218
294
257
163
96
63
76
132
160
151
183
231
200
132
117
132
137
160
188
167
115
54
-41
-127
-124
-93
-156
-288
-413
-559
-721
-828
-879
-938
-1025
-1168
-1373
-1548
-1615
-1629
-1667
-1716
-1780
-1892
-2014
-2083
-2087
-2022
-1910
-1853
-1889
-1911
-1854
-1757
-1631
-1466
-1317
-1219
-1141
-1072
-996
-860
-684
-570
-528
-470
-401
-400
-440
-451
-456
-467
-382
-83
396
797
824
507
252
391
892
1518
2063
2366
2316
1970
1642
1727
2317
3031
3355
3149
2697
2319
2144
2184
2378
2543
2477
2091
1483
971
800
840
784
537
210
-112
-412
-671
-854
-935
-963
-1043
-1194
-1290
-1224
-1099
-1100
-1209
-1231
-1078
-828
-611
-486
-413
-356
-330
-293
-118
188
452
529
442
340
365
503
651
749
780
729
585
411
342
434
570
602
502
340
198
134
149
212
301
351
303
193
116
129
193
244
278
321
344
319
264
211
184
201
222
204
187
189
162
61
-69
-148
-168
-193
-262
-360
-461
-575
-699
-819
-921
-1000
-1101
-1246
-1396
-1510
-1590
-1654
-1710
-1767
-1815
-1863
-1924
-1967
-1958
-1896
-1803
-1727
-1695
-1670
-1617
-1551
-1475
-1354
-1187
-1026
-914
-845
-787
-726
-668
-616
-573
-553
-551
-566
-609
-664
-665
-477
-27
463
636
451
224
248
594
1165
1763
2198
2339
2160
1854
1798
2215
2870
3296
3290
3000
2644
2367
2285
2400
2549
2545
2268
1736
1193
895
800
694
486
213
-94
-412
-698
-905
-1025
-1102
-1195
-1322
-1410
-1373
-1279
-1268
-1328
-1332
-1230
-1050
-840
-651
-516
-434
-407
-376
-237
36
327
489
484
406
365
403
514
652
749
748
630
438
315
363
506
593
556
413
242
132
110
159
258
345
331
214
100
96
174
245
296
342
351
317
267
226
234
294
331
321
325
362
353
270
166
98
76
78
66
-4
-129
-269
-413
-556
-637
-648
-684
-806
-976
-1140
-1258
-1306
-1321
-1359
-1423
-1507
-1612
-1702
-1716
-1634
-1535
-1491
-1498
-1530
-1561
-1543
-1443
-1300
-1146
-1008
-949
-984
-1013
-961
-853
-745
-674
-657
-691
-750
-809
-849
-842
-792
-780
-785
-606
-197
162
237
122
59
198
580
1112
1627
1995
2102
1919
1664
1721
2205
2798
3125
3090
2814
2472
2253
2236
2352
2496
2513
2209
1645
1154
932
873
803
635
360
32
-299
-614
-849
-933
-941
-1023
-1188
-1293
-1287
-1270
-1289
-1299
-1257
-1123
-929
-792
-719
-628
-539
-493
-413
-218
36
246
325
268
196
233
367
507
608
679
669
546
420
414
506
600
618
522
397
336
314
302
335
386
360
249
128
79
143
255
305
265
202
167
142
109
117
184
252
281
268
232
210
216
190
130
114
129
113
60
-5
-77
-147
-211
-276
-335
-369
-401
-493
-660
-816
-895
-939
-995
-1046
-1101
-1179
-1266
-1337
-1362
-1332
-1298
-1318
-1363
-1367
-1306
-1228
-1175
-1127
-1062
-1005
-975
-947
-902
-840
-787
-768
-774
-761
-726
-718
-771
-842
-872
-872
-889
-926
-956
-965
-906
-690
-335
-10
115
52
-11
128
520
1041
1516
1829
1924
1811
1670
1765
2161
2635
2910
2889
2645
2335
2121
2085
2178
2274
2234
1959
1509
1096
873
791
717
562
312
6
-280
-496
-634
-697
-735
-827
-976
-1086
-1093
-1057
-1051
-1082
-1103
-1074
-976
-831
-686
-560
-484
-479
-489
-413
-230
-11
140
182
157
150
217
343
500
646
710
644
530
506
614
765
862
853
755
631
533
484
502
570
604
523
354
200
122
109
121
124
110
73
16
-64
-133
-149
-123
-107
-107
-98
-82
-85
-99
-97
-75
-52
-43
-47
-58
-74
-103
-141
-175
-196
-222
-289
-395
-497
-565
-613
-665
-719
-771
-832
-915
-1008
-1073
-1082
-1056
-1046
-1071
-1106
-1129
-1151
-1162
-1136
-1079
-1021
-980
-952
-950
-960
-960
-944
-915
-865
-802
-769
-778
-805
-833
-846
-822
-756
-689
-668
-706
-735
-630
-336
11
201
204
168
216
390
702
1116
1508
1728
1712
1572
1548
1774
2125
2381
2438
2330
2136
1958
1888
1943
2043
2066
1908
1569
1211
1007
947
909
825
664
414
115
-151
-322
-376
-375
-440
-612
-808
-935
-996
-1023
-1014
-974
-947
-942
-943
-932
-877
-775
-684
-628
-548
-411
-266
-152
-66
7
85
184
299
432
586
713
749
706
682
716
770
820
846
820
740
630
508
412
379
367
305
185
41
-94
-196
-241
-251
-268
-303
-353
-429
-491
-482
-413
-342
-291
-257
-242
-212
-133
-28
63
129
160
150
124
120
120
99
66
32
-22
-94
-169
-249
-334
-414
-491
-563
-615
-657
-719
-807
-887
-934
-956
-955
-937
-928
-952
-997
-1024
-1019
-987
-943
-906
-882
-870
-863
-852
-830
-794
-756
-731
-711
-688
-678
-686
-687
-665
-634
-606
-571
-509
-397
-222
-35
88
154
225
349
528
759
1009
1216
1341
1387
1389
1429
1562
1736
1865
1909
1885
1812
1718
1643
1597
1561
1514
1421
1269
1102
969
852
722
591
459
310
158
25
-91
-187
-267
-357
-455
-526
-558
-594
-651
-697
-718
-712
-665
-589
-530
-512
-519
-536
-526
-438
-290
-167
-114
-116
-131
-121
-65
29
133
216
247
220
171
170
233
302
330
317
287
257
229
209
210
233
242
219
185
158
146
148
153
159
177
200
210
212
212
203
181
173
193
223
229
206
162
109
70
46
15
-24
-62
-124
-229
-334
-403
-436
-458
-494
-550
-603
-636
-662
-688
-691
-662
-641
-653
-670
-667
-656
-642
-625
-609
-588
-561
-558
-578
-582
-564
-556
-554
-529
-491
-465
-473
-516
-575
-619
-624
-601
-568
-527
-509
-550
-620
-648
-615
-543
-442
-340
-256
-183
-94
24
176
354
521
657
775
899
1018
1123
1222
1314
1378
1419
1452
1475
1482
1466
1414
1353
1318
1291
1233
1141
1030
913
806
712
632
560
481
369
226
96
12
-41
-92
-132
-176
-250
-336
-388
-396
-375
-346
-361
-414
-449
-437
-399
-346
-286
-260
-277
-293
-278
-238
-174
-103
-73
-94
-112
-91
-49
-4
34
38
18
16
19
15
26
54
63
52
58
79
97
119
141
150
154
171
190
199
216
247
261
267
283
291
269
238
212
181
158
154
147
120
75
2
-85
-156
-182
-190
-217
-269
-335
-409
-473
-508
-519
-519
-521
-546
-593
-635
-652
-649
-649
-652
-655
-665
-692
-726
-733
-712
-689
-686
-706
-722
-710
-685
-669
-651
-617
-592
-592
-589
-561
-523
-493
-471
-447
-407
-341
-271
-212
-150
-71
5
78
177
298
414
521
625
717
804
897
989
1068
1147
1214
1244
1246
1246
1244
1243
1250
1251
1232
1185
1123
1055
995
943
884
805
722
639
546
450
375
316
259
186
92
-7
-88
-155
-219
-267
-295
-331
-395
-463
-520
-555
-563
-553
-548
-552
-572
-611
-653
-651
-591
-504
-423
-373
-357
-351
-319
-257
-179
-89
-5
45
73
103
143
186
233
278
315
337
345
345
344
344
329
300
278
261
229
189
163
148
128
96
57
11
-28
-60
-100
-143
-179
-203
-225
-247
-274
-310
-351
-391
-425
-451
-463
-473
-497
-535
-572
-590
-590
-587
-601
-633
-667
-696
-706
-690
-664
-646
-654
-685
-719
-728
-697
-631
-552
-487
-458
-459
-453
-407
-315
-204
-92
-4
46
71
108
182
306
436
528
566
574
579
601
661
749
830
863
843
797
765
768
799
835
859
855
812
751
712
720
749
772
777
766
743
707
666
641
651
670
675
657
616
557
483
413
362
326
285
214
114
6
-94
-179
-250
-311
-377
-456
-546
-640
-721
-775
-804
-818
-822
-813
-801
-787
-768
-744
-705
-642
-558
-467
-382
-309
-252
-199
-133
-56
20
92
147
175
179
175
168
156
142
119
78
21
-43
-111
-173
-224
-272
-338
-414
-490
-556
-605
-631
-657
-689
-722
-744
-751
-743
-724
-706
-684
-649
-596
-531
-464
-409
-371
-332
-276
-205
-120
-40
15
49
84
136
207
279
338
368
382
394
418
462
527
586
606
599
599
623
668
720
758
777
798
812
808
809
838
876
893
888
873
850
826
796
751
708
678
639
566
482
405
319
227
154
99
51
-2
-79
-186
-279
-327
-348
-362
-373
-394
-439
-493
-523
-519
-481
-419
-365
-337
-317
-290
-258
-212
-140
-59
1
37
58
72
96
133
164
170
156
123
74
33
13
-1
-37
-102
-185
-264
-324
-370
-421
-478
-540
-605
-666
-705
-713
-711
-723
-754
-787
-799
-775
-723
-662
-615
-583
-553
-514
-453
-375
-293
-224
-172
-125
-82
-29
36
103
157
198
230
257
292
344
400
440
463
475
482
492
519
559
603
636
642
621
596
590
603
621
642
652
638
611
585
570
557
547
535
513
484
446
408
380
360
330
281
233
199
171
140
107
81
62
38
3
-40
-80
-104
-120
-136
-148
-148
-149
-169
-206
-240
-248
-236
-221
-214
-220
-227
-236
-249
-248
-219
-179
-156
-155
-167
-180
-187
-180
-161
-142
-131
-147
-186
-225
-238
-229
-218
-215
-227
-256
-296
-320
-321
-307
-291
-293
-312
-326
-320
-305
-289
-267
-240
-213
-184
-151
-114
-81
-60
-48
-31
8
59
96
102
92
79
68
62
61
64
63
42
1
-43
-64
-69
-74
-87
-104
-116
-127
-138
-139
-118
-84
-54
-29
-6
17
47
82
127
177
231
281
321
357
389
408
420
440
469
499
516
507
473
430
398
379
366
352
323
269
200
141
106
92
87
71
39
-7
-58
-100
-121
-121
-117
-125
-146
-170
-192
-212
-226
-229
-225
-220
-223
-228
-230
-232
-235
-238
-234
-216
-193
-182
-183
-191
-203
-210
-205
-182
-149
-124
-121
-137
-149
-143
-120
-89
-62
-44
-43
-57
-67
-54
-25
2
7
-7
-19
-20
-17
-19
-17
-7
8
15
13
10
14
19
17
9
11
24
31
18
-3
-16
-16
-13
-11
-10
-12
-19
-34
-41
-26
13
53
77
88
95
111
137
170
212
254
278
280
277
281
290
295
289
274
262
243
208
162
114
70
18
-38
-90
-138
-186
-236
-287
-328
-360
-381
-401
-418
-426
-431
-430
-414
-385
-353
-321
-283
-240
-200
-167
-139
-105
-55
-1
41
70
97
115
120
123
146
179
207
211
195
180
180
187
189
194
206
213
211
210
223
245
257
250
228
211
210
220
229
235
228
202
164
130
111
103
93
72
41
7
-25
-57
-77
-80
-75
-80
-94
-107
-111
-105
-103
-100
-91
-71
-53
-48
-52
-54
-51
-47
-35
-12
16
38
36
16
-1
2
22
43
62
65
49
16
-13
-28
-31
-30
-35
-45
-58
-75
-97
-119
-133
-135
-134
-129
-128
-137
-151
-164
-168
-163
-153
-152
-159
-168
-170
-160
-143
-121
-102
-93
-88
-81
-61
-29
1
26
54
85
108
121
133
150
171
191
207
216
216
205
179
151
134
131
122
96
56
7
-39
-75
-102
-122
-138
-156
-185
-216
-235
-236
-227
-207
-184
-161
-140
-124
-113
-94
-56
-7
43
85
118
138
149
162
187
225
265
294
298
293
291
296
313
331
346
351
344
331
315
307
306
304
288
263
233
201
171
142
118
93
63
20
-29
-75
-113
-142
-167
-191
-219
-255
-293
-326
-350
-362
-367
-372
-377
-380
-383
-381
-373
-360
-345
-327
-308
-286
-262
-233
-203
-176
-153
-135
-121
-108
-85
-54
-22
1
12
13
10
15
30
57
86
100
96
83
78
90
115
140
152
147
127
107
98
102
113
120
113
93
62
38
26
19
11
-2
-15
-27
-36
-44
-49
-46
-41
-38
-30
-16
6
25
38
47
60
83
110
135
151
161
163
160
161
174
194
203
195
165
130
103
88
81
77
66
36
-9
-56
-88
-104
-110
-115
-127
-142
-154
-163
-166
-157
-143
-130
-119
-106
-88
-66
-45
-29
-16
-2
13
27
38
55
67
72
71
70
72
74
78
84
89
90
86
76
69
72
77
78
77
75
68
55
37
18
12
14
15
4
-14
-34
-60
-92
-115
-121
-116
-114
-129
-156
-181
-196
-201
-198
-182
-160
-147
-151
-161
-161
-145
-117
-90
-70
-51
-35
-27
-19
-7
10
29
46
60
70
73
71
66
63
71
89
101
101
88
64
44
38
48
66
79
79
63
38
26
32
50
70
81
73
55
42
35
39
51
59
59
44
23
4
-5
1
10
11
6
-1
-8
-13
-7
11
39
64
79
84
90
103
118
137
159
183
202
203
193
181
175
170
163
148
130
107
77
41
8
-15
-34
-59
-96
-134
-161
-181
-197
-214
-228
-242
-260
-279
-291
-285
-267
-248
-239
-238
-235
-231
-220
-197
-155
-109
-73
-59
-58
-53
-34
-3
32
68
101
114
108
94
95
114
145
169
182
184
173
152
139
143
163
181
182
168
143
112
81
61
59
72
77
59
24
-16
-47
-61
-56
-35
-15
-18
-48
-82
-96
-85
-64
-48
-41
-42
-50
-62
-76
-78
-70
-67
-69
-70
-67
-64
-75
-89
-93
-81
-59
-41
-32
-25
-17
-12
-5
17
56
92
110
108
99
98
108
124
143
159
157
131
93
71
76
93
103
93
66
34
8
-5
0
20
35
25
0
-19
-20
-4
19
41
59
66
62
54
58
80
108
125
129
126
117
108
99
92
87
75
53
26
2
-16
-39
-71
-103
-131
-155
-178
-201
-217
-233
-249
-266
-279
-281
-277
-272
-269
-262
-253
-248
-243
-231
-209
-185
-169
-159
-150
-134
-114
-94
-75
-53
-32
-18
-5
13
37
60
78
87
96
112
129
144
157
169
175
173
169
170
178
187
186
179
170
159
146
136
133
135
134
125
111
97
94
91
85
84
81
74
60
44
33
32
29
20
9
3
0
-9
-23
-33
-31
-31
-33
-37
-39
-39
-46
-52
-54
-42
-28
-22
-25
-26
-24
-23
-26
-23
-9
4
8
-1
-8
-13
-19
-29
-33
-30
-25
-37
-59
-81
-94
-103
-113
-125
-135
-145
-165
-187
-199
-193
-178
-169
-165
-160
-150
-134
-114
-86
-45
-4
20
35
54
81
107
130
149
167
181
186
179
173
176
174
162
146
129
111
86
53
24
8
-3
-18
-41
-64
-78
-90
-99
-99
-95
-88
-91
-100
-108
-107
-101
-96
-93
-88
-80
-80
-88
-88
-76
-60
-45
-34
-29
-22
-19
-17
-7
14
42
61
69
70
75
85
99
118
141
161
169
164
153
150
157
168
178
182
174
158
134
112
105
108
112
105
89
66
42
22
11
9
11
5
-10
-29
-44
-52
-57
-57
-53
-49
-47
-52
-60
-66
-70
-69
-68
-67
-66
-69
-75
-83
-88
-86
-80
-73
-67
-65
-67
-70
-72
-66
-53
-35
-21
-15
-16
-22
-26
-22
-10
3
9
3
-11
-29
-43
-47
-44
-37
-36
-43
-61
-85
-99
-101
-90
-72
-57
-52
-57
-66
-71
-57
-28
7
33
44
45
43
50
72
103
135
161
172
166
160
160
169
180
190
193
184
168
145
124
109
103
99
89
71
48
22
-5
-25
-34
-39
-44
-59
-86
-112
-128
-131
-130
-126
-126
-135
-149
-161
-162
-149
-126
-108
-102
-106
-111
-109
-96
-75
-52
-31
-21
-19
-18
-11
8
36
61
79
89
96
100
104
112
125
142
152
151
141
132
126
117
109
100
91
80
60
33
10
-3
-13
-25
-39
-50
-57
-65
-79
-90
-90
-84
-76
-76
-75
-71
-71
-75
-78
-71
-57
-45
-42
-46
-47
-45
-44
-40
-29
-11
2
6
3
6
17
31
44
55
66
70
67
64
67
78
87
86
76
63
52
40
30
22
12
-2
-23
-47
-66
-77
-85
-94
-105
-116
-128
-138
-141
-136
-124
-114
-109
-106
-99
-83
-64
-39
-14
8
24
33
44
60
80
101
117
125
129
123
113
106
106
113
116
112
98
78
57
44
40
48
57
56
39
17
-2
-9
-5
6
14
13
-1
-23
-40
-45
-39
-31
-34
-46
-60
-73
-79
-77
-70
-64
-63
-68
-70
-62
-47
-36
-30
-26
-19
-9
2
14
23
29
30
26
30
41
54
60
53
46
40
41
44
48
55
54
44
27
14
14
20
23
19
12
7
-2
-13
-18
-14
-7
-3
-6
-11
-11
-14
-21
-26
-24
-13
-5
-8
-16
-24
-32
-42
-43
-37
-25
-21
-33
-47
-55
-51
-43
-33
-19
-7
-1
-5
-9
-2
13
28
38
47
54
56
51
43
45
52
60
59
55
48
37
23
13
10
14
15
6
-8
-19
-24
-26
-24
-20
-14
-12
-15
-14
-6
9
20
24
28
36
49
60
72
82
87
83
75
75
83
95
100
92
75
56
38
25
20
21
15
-3
-31
-55
-72
-83
-91
-98
-104
-115
-127
-140
-149
-151
-150
-151
-149
-144
-138
-131
-127
-124
-117
-106
-95
-81
-65
-53
-46
-44
-39
-27
-8
6
17
21
22
18
17
26
40
54
62
62
58
55
57
66
77
86
91
89
84
85
87
89
93
97
96
95
90
84
80
74
68
61
57
52
42
29
14
1
-7
-15
-20
-28
-39
-53
-68
-77
-83
-83
-86
-91
-96
-99
-101
-99
-93
-82
-70
-60
-48
-35
-21
-6
6
24
43
62
76
85
92
96
100
101
101
103
101
96
83
69
55
42
29
17
7
-4
-14
-24
-34
-38
-44
-48
-48
-46
-36
-28
-23
-19
-15
-9
1
13
28
40
46
44
37
34
37
43
44
40
28
13
-3
-15
-22
-25
-28
-37
-50
-63
-71
-73
-74
-73
-71
-70
-71
-70
-67
-60
-56
-54
-51
-44
-33
-23
-18
-17
-13
-8
-1
5
15
23
25
23
18
19
25
33
37
37
32
25
19
20
27
35
36
27
18
11
15
24
36
41
37
27
18
17
29
43
51
50
42
32
27
32
41
48
48
37
23
13
11
12
13
11
1
-15
-32
-41
-43
-40
-41
-49
-58
-66
-68
-66
-59
-50
-43
-37
-33
-25
-13
0
15
27
40
54
67
75
83
93
100
107
111
114
114
110
103
95
89
81
71
56
36
21
3
-12
-27
-43
-54
-69
-82
-94
-102
-107
-111
-115
-116
-114
-112
-108
-105
-101
-91
-82
-72
-61
-55
-47
-40
-35
-25
-12
-3
3
5
2
5
11
16
24
26
23
15
8
7
14
21
20
18
8
3
0
0
6
8
7
1
-8
-12
-11
-9
-7
-6
-10
-13
-16
-20
-18
-18
-16
-11
-9
-6
-4
-7
-9
-5
3
15
26
29
29
24
20
26
36
50
61
60
51
40
39
45
59
67
68
60
45
36
32
35
43
43
34
22
7
-4
-10
-14
-16
-18
-25
-31
-42
-52
-58
-64
-67
-67
-63
-63
-70
-82
-91
-92
-86
-75
-67
-67
-71
-79
-83
-73
-56
-36
-24
-22
-24
-26
-17
-1
19
37
48
47
44
44
51
63
73
77
73
64
52
42
38
37
34
27
15
2
-12
-23
-31
-36
-36
-38
-43
-50
-56
-58
-58
-53
-47
-39
-34
-32
-33
-30
-21
-12
-3
4
9
12
13
14
18
25
31
31
31
29
30
30
29
29
28
26
22
18
15
16
16
11
4
2
1
1
-2
-5
-7
-9
-12
-13
-13
-13
-15
-18
-20
-18
-14
-10
-12
-14
-12
-11
-7
-2
6
10
11
8
5
8
17
22
25
26
23
23
20
23
30
36
38
36
33
32
34
33
34
32
29
28
24
19
16
11
6
1
-3
-5
-9
-15
-23
-28
-31
-32
-33
-33
-35
-37
-40
-43
-39
-30
-25
-24
-25
-25
-22
-14
-4
7
17
21
21
22
30
41
54
63
68
70
70
68
68
74
78
81
76
73
68
62
56
52
51
51
52
48
40
31
24
17
16
18
20
19
12
0
-9
-14
-13
-8
-3
-3
-9
-19
-25
-26
-21
-15
-10
-12
-18
-26
-33
-35
-31
-27
-26
-29
-35
-38
-38
-37
-33
-27
-23
-17
-11
-5
3
12
16
21
27
36
45
49
48
43
36
28
24
25
24
19
4
-16
-31
-40
-43
-46
-48
-56
-67
-80
-89
-87
-83
-75
-72
-73
-70
-66
-57
-45
-31
-17
-7
4
17
34
49
61
68
73
78
85
93
98
98
93
81
70
64
62
61
54
43
28
14
5
-3
-6
-10
-15
-23
-32
-40
-43
-45
-50
-52
-56
-57
-59
-64
-67
-71
-76
-79
-78
-74
-69
-69
-73
-76
-78
-75
-67
-59
-49
-43
-42
-45
-44
-39
-29
-18
-10
-4
-1
-3
-3
-1
8
21
31
37
38
38
39
42
50
60
70
76
78
77
75
75
75
76
80
81
79
70
60
47
36
31
26
23
16
4
-10
-25
-35
-39
-38
-38
-40
-44
-53
-60
-62
-59
-52
-45
-42
-41
-44
-46
-43
-38
-30
-24
-19
-15
-13
-13
-12
-9
-5
1
7
11
11
9
7
7
9
12
15
16
13
6
0
-1
-1
-1
-2
-6
-11
-16
-20
-21
-20
-18
-17
-16
-15
-16
-15
-11
-7
0
6
10
14
17
18
21
26
33
37
38
35
29
26
24
24
26
24
17
7
-4
-10
-12
-12
-11
-15
-22
-28
-32
-33
-30
-28
-26
-29
-32
-31
-29
-25
-22
-20
-20
-18
-16
-13
-7
0
6
9
15
22
31
40
47
54
61
65
71
79
86
90
91
89
87
86
84
83
78
71
64
55
49
44
40
34
26
15
