SAMPLES:	14998
BITSPERSAMPLE:	16
CHANNELS:	1
SAMPLERATE:	16000
NORMALIZED:	FALSE
-9
-10
-9
-9
-10
-9
-10
-12
-10
-10
-10
-8
-6
-4
-3
2
4
5
9
8
8
10
7
7
5
5
3
0
1
-5
-7
-8
-12
-13
-13
-11
-13
-10
-4
-5
3
9
11
18
23
26
29
34
37
36
41
41
41
44
41
39
37
34
29
24
19
10
3
-2
-11
-17
-23
-28
-35
-41
-44
-50
-52
-54
-58
-55
-53
-50
-46
-39
-33
-28
-20
-12
-7
3
8
12
21
24
28
28
31
30
26
26
20
16
12
5
0
-7
-10
-17
-22
-25
-30
-31
-31
-34
-31
-28
-26
-23
-21
-14
-11
-3
4
8
16
22
27
33
36
37
38
40
39
36
36
32
30
27
21
17
11
6
2
-4
-6
-10
-12
-12
-13
-10
-10
-8
-6
-5
-1
-1
2
4
4
6
8
10
9
11
11
9
9
8
4
2
-1
-6
-10
-15
-19
-25
-29
-35
-40
-41
-46
-48
-49
-52
-51
-51
-48
-45
-41
-36
-30
-23
-17
-9
-1
6
13
19
24
28
31
35
37
38
38
39
38
36
35
31
26
24
21
18
15
13
10
8
6
4
2
-1
-1
-3
-3
-3
-3
-2
-1
2
4
4
7
9
10
13
14
15
15
14
14
11
10
7
5
1
-2
-5
-9
-11
-15
-18
-21
-22
-24
-24
-23
-23
-22
-20
-19
-16
-14
-12
-11
-10
-9
-8
-8
-9
-8
-8
-8
-8
-8
-8
-7
-7
-5
-4
-4
-2
-2
1
2
3
5
7
7
7
8
8
8
7
7
6
7
6
7
9
9
10
11
12
12
11
11
11
12
12
12
13
14
12
13
14
14
16
16
18
18
18
19
20
20
20
20
20
18
13
12
8
6
1
-1
-4
-9
-12
-17
-21
-24
-27
-29
-31
-32
-33
-32
-32
-32
-31
-32
-31
-30
-27
-25
-22
-17
-12
-8
-3
3
6
11
17
21
26
29
31
34
33
35
32
29
28
23
20
15
11
7
3
0
-3
-4
-6
-7
-6
-7
-5
-4
-2
0
1
4
4
5
4
3
2
1
0
-1
-2
-3
-5
-6
-6
-6
-6
-5
-5
-3
-1
1
4
5
7
8
9
9
10
10
9
10
9
7
7
5
4
2
0
-2
-6
-8
-10
-14
-16
-20
-23
-25
-29
-32
-34
-35
-35
-35
-33
-31
-26
-22
-15
-9
-3
2
7
13
19
24
28
31
33
34
32
33
31
26
23
19
14
10
6
3
1
-1
-4
-6
-6
-8
-9
-11
-12
-12
-14
-14
-17
-17
-18
-19
-18
-19
-18
-15
-12
-9
-5
-1
4
10
15
20
25
29
33
36
38
38
38
38
33
29
24
18
13
5
0
-7
-13
-17
-24
-28
-31
-35
-39
-41
-45
-47
-48
-49
-49
-48
-48
-47
-44
-42
-38
-35
-29
-27
-20
-15
-11
-6
-2
3
6
11
14
15
17
15
14
14
11
10
9
8
8
9
10
14
16
19
23
26
32
34
38
42
43
45
47
47
46
45
43
40
36
33
29
25
22
21
18
17
17
13
11
10
7
4
3
-1
-5
-8
-10
-15
-21
-24
-29
-33
-37
-39
-41
-43
-43
-44
-42
-41
-41
-38
-35
-32
-27
-24
-21
-19
-16
-14
-13
-9
-7
-4
-1
1
4
8
11
13
15
16
17
17
17
15
13
12
6
2
-4
-9
-14
-19
-24
-27
-28
-27
-25
-21
-16
-8
-1
8
17
26
36
43
51
57
62
65
64
64
61
57
51
44
38
32
27
20
16
11
5
2
-1
-4
-6
-9
-11
-11
-13
-16
-20
-23
-27
-32
-36
-42
-45
-48
-48
-47
-46
-42
-39
-35
-30
-25
-19
-14
-10
-6
-1
0
3
4
4
4
3
3
3
2
2
4
7
11
15
20
25
30
34
37
40
41
41
39
36
32
26
20
14
8
2
-5
-10
-14
-15
-16
-16
-13
-12
-8
-6
-3
0
1
2
2
1
-1
-4
-8
-12
-16
-22
-27
-31
-33
-34
-35
-33
-31
-27
-24
-20
-16
-12
-8
-6
-3
-2
-3
-3
-7
-8
-12
-16
-18
-23
-23
-25
-24
-23
-20
-17
-11
-5
-1
5
10
15
19
22
25
26
27
27
25
23
22
19
15
14
13
14
15
16
18
20
21
22
23
22
21
20
16
13
8
3
-3
-9
-15
-20
-23
-26
-26
-24
-21
-17
-13
-7
-1
3
7
10
12
14
15
14
12
9
5
2
-3
-7
-11
-15
-17
-18
-17
-15
-13
-9
-5
-3
-1
-2
-2
-3
-6
-8
-11
-15
-20
-23
-26
-29
-31
-31
-30
-27
-21
-15
-7
0
9
16
23
28
32
34
34
35
31
27
23
16
10
3
-2
-8
-12
-15
-16
-15
-14
-11
-8
-4
-1
3
7
10
12
13
13
14
13
12
11
9
9
8
5
6
5
7
8
10
10
11
12
12
11
8
7
4
3
0
-3
-4
-6
-8
-10
-10
-9
-8
-7
-5
-1
1
3
4
4
3
1
-3
-8
-13
-19
-25
-29
-34
-39
-43
-47
-48
-50
-49
-45
-41
-34
-28
-19
-12
-4
3
9
14
18
22
24
27
28
30
31
32
34
36
36
37
38
38
38
37
36
36
36
35
34
33
31
27
24
21
18
14
12
9
9
10
11
13
17
22
24
29
31
33
32
31
28
24
20
13
6
1
-6
-12
-19
-24
-29
-34
-37
-40
-41
-42
-43
-40
-37
-33
-27
-24
-21
-18
-17
-16
-18
-18
-20
-21
-21
-20
-16
-13
-8
-5
-1
4
8
10
13
15
16
18
18
19
18
17
15
13
11
7
4
1
-3
-4
-7
-6
-5
-3
1
3
7
9
12
14
14
14
13
11
8
6
4
3
-1
-2
-4
-4
-5
-4
-5
-7
-8
-10
-8
-10
-7
-5
-3
-1
-1
0
0
-1
-1
-3
-4
-4
-3
1
4
9
14
18
21
23
24
25
25
20
19
16
13
12
8
7
2
-1
-5
-8
-12
-16
-17
-20
-19
-18
-16
-13
-10
-7
-4
-2
-2
-2
-6
-8
-12
-14
-16
-18
-18
-16
-13
-10
-6
-3
0
1
2
4
6
6
8
10
12
14
17
16
17
13
9
5
0
-3
-6
-6
-4
0
3
7
10
12
12
12
8
6
2
-1
-5
-8
-9
-9
-10
-11
-11
-12
-12
-15
-17
-19
-20
-21
-20
-18
-18
-16
-15
-14
-16
-18
-22
-27
-31
-35
-38
-39
-38
-35
-31
-23
-17
-7
-1
5
9
11
14
15
16
16
19
20
23
24
23
23
19
16
11
5
0
-3
-4
-4
-3
0
1
3
4
4
3
-1
-4
-7
-8
-7
-6
-3
2
9
13
20
25
30
33
35
35
34
34
33
33
30
28
25
21
14
7
-1
-11
-20
-29
-36
-41
-45
-45
-42
-39
-33
-26
-19
-14
-9
-6
-4
0
2
5
9
12
17
20
24
26
27
27
25
22
19
15
14
13
14
16
19
22
23
23
24
20
16
13
9
5
1
0
-2
0
-1
1
1
0
1
-2
-3
-6
-9
-9
-10
-8
-6
-3
-1
2
3
3
2
-1
-4
-8
-11
-12
-12
-11
-9
-4
-1
1
2
2
1
-2
-5
-7
-9
-8
-8
-5
-3
-1
1
2
1
0
-1
-2
-3
-5
-2
0
3
7
11
14
16
16
14
11
8
4
0
-2
-5
-4
-3
-1
3
4
8
9
10
11
12
13
13
14
16
17
20
21
23
21
18
14
9
4
-3
-8
-12
-16
-16
-16
-14
-12
-9
-7
-7
-8
-9
-10
-12
-14
-15
-17
-17
-17
-16
-16
-17
-18
-19
-21
-23
-23
-23
-21
-20
-17
-13
-8
-3
0
4
6
5
4
2
0
-2
-3
-3
0
1
4
7
8
9
9
8
6
5
4
4
3
5
4
3
3
1
0
-4
-6
-11
-12
-15
-14
-13
-10
-3
3
10
17
23
28
32
34
35
35
34
34
32
30
29
29
29
29
27
25
23
21
18
16
16
16
18
22
25
29
30
31
30
25
18
10
2
-6
-13
-19
-22
-22
-23
-21
-20
-21
-20
-22
-24
-27
-29
-30
-31
-29
-28
-27
-26
-27
-29
-32
-36
-42
-46
-51
-53
-54
-52
-49
-44
-38
-33
-27
-23
-20
-19
-19
-19
-17
-17
-16
-14
-11
-7
-2
2
6
10
14
18
21
24
26
28
32
36
39
42
44
42
42
38
33
29
21
16
9
5
1
1
2
5
9
13
15
16
16
13
10
9
6
5
4
3
3
3
1
0
-4
-8
-13
-17
-22
-25
-28
-28
-26
-25
-24
-23
-23
-24
-27
-29
-33
-37
-38
-41
-40
-40
-39
-36
-33
-29
-24
-19
-16
-11
-6
-3
0
5
6
10
13
15
18
20
23
22
22
20
18
15
10
9
7
7
7
9
12
13
16
16
13
11
8
5
3
2
1
1
3
4
5
3
2
-1
-5
-7
-11
-12
-14
-13
-12
-11
-7
-5
-4
-3
-2
-2
0
0
1
3
6
10
14
18
19
21
23
23
26
25
22
23
20
20
17
16
13
10
10
8
6
4
3
1
0
-1
-2
-1
-1
1
2
5
7
10
14
15
14
15
14
12
11
9
6
5
5
3
3
0
-2
-5
-8
-11
-13
-15
-16
-16
-16
-16
-15
-14
-13
-12
-14
-14
-13
-13
-13
-11
-10
-9
-7
-4
-2
1
3
6
8
9
11
10
11
11
10
10
9
10
9
9
9
10
10
10
9
9
10
10
11
12
14
16
16
15
15
12
7
3
-2
-8
-13
-17
-20
-23
-23
-24
-24
-25
-24
-23
-21
-19
-15
-10
-6
-1
4
8
13
17
17
18
16
14
11
8
5
1
-1
-3
-2
-3
-3
-3
-1
0
0
0
0
0
2
3
5
6
9
10
11
14
12
13
12
11
13
12
13
13
15
16
18
17
17
16
14
11
8
2
-3
-9
-14
-17
-23
-26
-29
-32
-35
-37
-39
-39
-40
-39
-37
-32
-29
-24
-19
-14
-9
-6
-4
-3
-2
-2
-3
-4
-6
-7
-7
-7
-8
-8
-8
-7
-5
-2
0
4
9
13
17
20
26
27
30
32
34
36
35
36
35
36
34
34
33
30
30
29
28
28
28
29
30
28
26
23
20
13
7
1
-5
-11
-16
-19
-25
-29
-32
-35
-38
-39
-40
-41
-38
-37
-34
-31
-29
-26
-27
-27
-28
-30
-32
-34
-38
-41
-44
-47
-48
-50
-52
-53
-51
-48
-43
-38
-30
-22
-17
-9
-5
2
6
10
13
14
18
21
25
27
29
29
27
27
27
25
25
26
28
31
32
33
33
32
27
23
18
12
8
4
-1
-3
-5
-7
-8
-9
-9
-9
-7
-4
1
5
9
11
14
14
13
11
8
3
-1
-5
-10
-14
-20
-25
-30
-35
-39
-41
-41
-40
-37
-30
-25
-19
-13
-9
-4
-2
0
1
2
4
5
7
10
11
12
13
14
16
16
17
19
23
26
30
34
34
35
35
33
29
26
22
17
15
11
8
8
6
5
6
6
9
9
12
16
19
22
22
25
25
25
26
24
21
22
19
18
16
14
13
11
12
13
14
16
17
21
23
27
27
29
28
26
24
20
18
16
13
10
7
6
3
1
0
0
0
-1
-3
-2
-4
-4
-5
-6
-9
-10
-14
-16
-17
-22
-25
-30
-32
-34
-35
-37
-35
-34
-31
-29
-25
-22
-21
-18
-18
-15
-14
-13
-13
-13
-13
-14
-13
-14
-12
-13
-12
-10
-9
-5
-2
2
5
7
10
12
14
14
15
13
10
9
5
4
1
-1
-2
-4
-4
-5
-4
-3
0
2
4
6
9
10
8
8
7
4
2
0
-3
-5
-8
-9
-11
-12
-12
-13
-11
-9
-5
-2
-2
1
2
4
5
4
5
4
4
3
1
-1
-5
-9
-10
-11
-12
-12
-10
-7
-2
2
5
9
9
9
10
7
6
7
6
8
9
10
11
11
13
12
13
11
12
13
12
13
12
13
9
8
6
2
0
-2
-2
-8
-11
-10
-16
-17
-21
-27
-30
-28
-27
-27
-19
-16
-19
-19
-20
-25
-32
-39
-50
-59
-62
-68
-67
-64
-63
-67
-70
-65
-64
-59
-54
-48
-40
-37
-31
-24
-14
-13
-14
-11
-14
-16
-14
-12
-10
-12
-14
-20
-15
-10
-9
-2
7
15
14
21
27
23
22
23
23
21
21
22
18
21
20
17
15
13
8
-3
3
9
8
2
-2
-5
-17
-20
-16
-7
-6
-9
-6
-7
-7
1
6
8
22
45
59
114
202
242
268
319
335
301
317
348
316
324
358
327
317
382
362
274
278
226
65
15
33
-57
-106
-50
-118
-214
-164
-200
-337
-326
-318
-479
-515
-408
-460
-489
-357
-355
-448
-374
-330
-424
-356
-242
-312
-302
-149
-142
-173
-37
5
-83
-40
4
-63
-32
64
28
11
93
68
14
72
95
43
58
87
56
84
135
127
142
169
130
99
120
110
95
123
118
101
120
114
86
105
105
51
43
63
39
43
90
90
71
88
74
34
45
47
8
3
25
5
-13
16
16
-19
-29
-32
-64
-75
-56
-52
-55
-35
-24
-42
-39
-18
-41
-66
-47
-49
-74
-51
-17
-37
-40
-14
-35
-52
-19
-16
-37
-1
23
-4
16
58
32
11
37
22
-4
31
46
30
54
67
31
30
58
36
25
58
62
55
91
119
121
139
143
109
100
103
81
78
94
85
69
68
57
41
36
9
-23
-37
-60
-76
-61
-46
-51
-56
-57
-74
-84
-82
-96
-101
-97
-117
-138
-130
-118
-127
-118
-105
-125
-132
-124
-126
-121
-100
-117
-136
-117
-104
-92
-68
-53
-50
-49
-51
-39
-33
-34
-18
-15
-18
13
26
30
72
92
83
80
80
74
80
97
84
73
74
62
63
70
70
56
45
44
32
34
40
38
26
24
25
11
21
53
33
10
41
-5
-17
29
-17
-7
42
5
3
56
30
26
130
94
48
174
148
102
222
215
163
240
233
153
232
257
144
170
248
182
141
204
135
65
135
99
-20
40
111
-77
-15
189
-123
-132
101
-244
-238
93
-253
-360
73
-212
-349
24
-208
-348
-65
-73
-256
-150
-75
-208
-187
-72
-49
-227
-164
-13
-167
-48
-23
-204
-160
-82
-118
-176
-92
-194
-139
-8
-159
-112
-17
-94
-211
23
-16
-255
-31
-143
-76
69
-223
-68
-26
-162
-9
-65
-40
1
-94
-48
82
53
-66
75
14
109
208
2
157
0
84
183
-144
192
95
-56
242
143
142
75
-43
97
58
17
26
-93
141
276
-99
-45
303
-181
-73
489
-326
-37
443
-275
119
378
-215
-122
409
-217
-273
446
-317
-59
622
-456
-182
539
-426
-49
455
-565
-45
482
-423
-165
456
-366
-145
493
-473
-74
351
-375
114
296
-309
-51
277
-140
-117
63
-20
89
-36
-124
279
-144
-186
448
-296
-208
402
-107
-114
256
45
-103
100
-138
-93
56
-194
199
88
-258
324
60
-325
365
-27
-321
222
65
-30
-117
27
194
-169
-203
302
-170
-359
400
-36
-343
263
86
-362
8
85
-97
-142
27
181
-231
-34
263
-132
-310
218
107
-393
100
299
-242
-169
435
23
-455
359
159
-554
226
94
-270
153
-17
313
-136
-140
526
-457
-59
611
-469
-111
573
-346
-94
277
-33
-259
56
203
-364
217
191
-388
302
256
-570
492
108
-547
643
-42
-341
419
72
-316
293
95
-117
29
192
-124
-173
383
-506
-10
317
-526
168
317
-574
250
14
-499
369
-233
-40
83
-314
406
-136
-395
533
-215
-467
245
87
-288
85
357
-172
-293
551
-71
-629
724
-130
-381
456
74
-363
202
218
-323
158
3
-132
50
235
-220
29
81
18
-1
-145
397
-272
-130
241
-215
62
76
-319
260
52
-491
326
66
-465
200
189
-475
181
393
-357
-138
388
32
-614
394
398
-639
424
228
-572
386
2
-219
173
-20
-67
165
-30
-146
436
-180
-37
379
-124
82
3
240
273
-426
373
218
-568
386
349
-311
-11
485
-261
-307
451
-102
-586
400
93
-519
372
149
-172
-81
-81
169
-364
-301
489
-429
-303
623
-444
111
135
-315
296
-323
108
-17
-83
450
-577
435
275
-845
637
85
-821
647
335
-1054
725
534
-980
413
205
-580
109
210
137
-209
-106
498
-403
-332
654
-190
-440
457
481
-709
221
770
-797
-249
831
-617
-541
901
-15
-625
417
447
-677
41
463
-53
-410
324
652
-1092
462
774
-930
262
574
-491
-395
729
-208
-664
586
39
-647
62
654
-853
-168
979
-721
-534
598
-64
-605
165
374
-576
-50
591
-340
-51
-135
184
-226
-335
706
-541
-225
484
-88
-688
519
395
-723
818
-125
-469
288
110
-268
-464
726
-109
-548
602
230
-588
316
257
-454
193
80
-14
161
-106
316
84
-394
548
220
-374
212
172
-220
-206
350
-28
-432
483
-26
-313
265
-20
-126
185
-411
87
509
-927
477
325
-579
645
-436
79
259
-561
539
-255
-485
850
-78
-631
719
210
-1023
496
731
-1320
310
1017
-1120
81
640
-669
176
287
-537
313
-123
-218
225
-423
207
172
-470
220
382
-263
-111
488
-430
-209
751
-647
-131
814
-733
-226
1004
-766
-139
1132
-1013
-124
1054
-1042
54
709
-749
457
213
-642
287
78
-593
216
169
-345
435
50
-411
481
-333
-445
893
-802
51
786
-681
190
311
-196
-207
-61
613
-183
-396
709
-13
-661
335
293
-660
111
818
-632
-327
1157
-628
-738
1035
-182
-593
950
95
-806
663
142
-942
514
192
-728
746
588
-755
385
544
-819
76
690
-641
-27
707
-15
-78
268
-90
115
-241
-184
660
-497
122
875
-675
-168
775
-575
-487
641
-297
-232
548
-246
-391
642
-191
-737
893
-328
-675
772
-139
-777
370
113
-862
554
169
-645
581
-244
46
49
-568
374
-22
-588
371
381
-777
193
419
-374
-238
321
-253
-464
429
213
-878
393
913
-1471
109
1233
-892
-307
882
-268
-888
1386
308
-1354
715
766
-846
-17
1102
-787
-71
914
-565
-179
862
-408
-358
741
-530
-196
567
-471
181
255
-566
334
421
-492
-241
520
-147
-645
448
343
-786
409
351
-605
380
170
-324
10
556
12
-386
220
236
-457
238
676
-868
347
697
-830
250
466
-410
-311
153
49
-210
-34
93
358
-315
-376
550
-68
-605
115
198
-492
63
625
-244
-445
627
-175
-434
476
-78
-358
324
232
-582
490
57
-846
452
201
-629
258
146
-165
-12
-289
387
-116
-616
401
141
-234
344
76
-277
-35
-206
-117
66
157
-18
-262
47
216
-227
68
192
-458
74
275
-452
203
541
-715
-229
617
-14
-280
238
104
-376
108
145
-342
3
502
-198
-263
281
295
-246
-330
623
-244
-542
939
-67
-449
581
63
-183
-261
73
411
-247
-30
260
82
-375
-65
132
-293
94
91
-177
273
-112
-98
251
-560
-153
388
-44
-172
276
-152
-166
22
-368
308
-57
-190
552
-182
-601
257
181
-214
51
77
-127
-157
138
96
-192
88
-56
-137
433
86
-96
142
-97
-115
227
313
-202
115
202
-221
-241
240
-292
23
577
-390
-307
301
-101
-97
210
-163
-170
250
50
-534
248
531
-300
-357
330
217
-313
27
279
-164
-134
-149
94
512
36
-400
94
434
-367
-74
293
-303
-72
297
-138
-118
43
98
180
-209
-145
91
-57
202
260
100
-25
-383
-42
328
-181
-396
807
224
-745
308
600
-123
-266
104
28
45
58
-80
-42
32
7
117
-200
21
429
90
-92
-314
-72
299
-291
-370
287
137
-56
-118
-92
325
5
-274
-16
-3
-133
-22
122
272
132
-374
-160
344
1
-326
-23
209
-89
-247
113
115
108
-195
-382
95
236
74
113
-242
-170
269
59
-461
-287
377
327
33
-298
182
554
-88
-431
-326
300
341
-258
-73
317
121
-72
-174
-40
291
39
-198
160
248
83
16
-105
69
209
-81
-126
254
101
-40
38
-103
36
174
134
-52
-84
270
152
-170
91
8
-280
-180
7
83
-121
-154
-97
-83
210
126
-141
1
53
-80
-202
37
135
-71
-182
-195
-27
101
1
-254
-84
131
-12
-57
-147
-188
81
83
150
48
-166
-69
110
135
-52
-325
-53
302
137
42
-112
-195
-77
-22
-134
-93
-205
-220
28
-38
-77
-118
-303
-54
72
-136
-63
-108
-100
114
39
-87
-126
-51
92
42
-34
22
-37
80
93
-74
120
239
37
69
173
51
107
202
86
48
159
165
86
137
194
102
54
162
157
37
146
133
-16
6
70
57
-15
93
116
-61
-68
83
-33
-88
64
-46
-56
-8
-66
-26
42
35
-27
-156
44
70
-149
43
96
-100
16
77
-47
42
93
-20
-13
-4
13
56
-49
5
64
-36
-36
30
-18
22
46
-63
-32
-48
-44
29
8
-40
-61
-25
-66
-59
-79
-171
-56
28
-124
-129
68
-69
-128
58
-64
-125
27
-84
-111
-6
-5
-42
-111
-65
43
-34
-87
-37
-43
-59
-4
-43
-47
35
-64
-18
62
-22
69
100
-28
36
91
19
68
122
66
48
60
60
28
34
56
29
44
22
-9
3
5
-38
-48
-32
44
0
-63
34
-63
-101
59
-45
-126
72
30
-118
-12
61
-40
-21
56
-32
-21
16
-6
36
22
53
47
7
78
95
10
48
85
28
93
62
33
109
40
-31
61
72
3
27
39
-32
-12
28
-37
-46
31
-16
-60
-1
9
-74
-40
2
-45
-44
12
-5
-89
10
33
-73
-30
59
-50
-60
54
-7
-62
49
27
-27
-11
12
19
-22
15
78
15
21
95
59
-30
47
95
-27
-5
67
-50
-27
56
-61
-70
27
-44
-45
-1
-24
-4
-20
18
10
3
11
24
51
27
12
1
16
-27
12
37
-28
-36
23
-7
-27
39
36
-30
-61
7
25
-64
5
82
-39
-8
60
-29
-2
89
26
15
27
8
-8
-11
43
30
-21
-9
0
-64
-31
3
-42
-119
-21
-1
-171
-46
39
-125
-96
12
-94
-110
-29
-1
-14
-40
58
44
-24
67
27
-5
79
42
2
32
42
-18
-2
31
-27
8
40
36
-1
-15
27
7
-8
39
8
-72
30
45
-41
32
57
-28
37
23
-48
19
41
21
37
-13
17
81
-1
-13
76
30
-42
61
27
-56
33
28
-77
-43
57
-2
-81
34
27
-96
-22
-33
-77
-49
-27
-68
-96
-28
-12
-61
-17
20
-10
3
11
19
44
1
-10
3
-31
-15
-27
9
51
3
-5
65
29
-15
31
46
9
14
41
15
33
72
45
-32
7
22
-47
-1
-7
-58
-12
12
-19
-26
7
-7
-37
-20
2
19
-1
22
24
23
42
49
2
11
72
1
-40
20
1
-29
-1
7
-21
-44
1
14
-48
-26
17
-40
-53
21
-12
-49
18
-45
-43
-6
-30
-29
12
19
-40
22
0
-35
21
28
-31
19
31
-18
22
19
13
5
-14
36
21
54
69
59
74
80
30
39
41
33
34
3
24
7
-20
-11
-5
-53
-52
-29
-41
-76
-51
-17
-39
-46
25
20
-24
1
6
-10
-14
15
8
50
-15
-60
48
-30
-68
-6
-43
-56
-21
-25
-41
5
-29
-29
9
2
10
-11
34
55
31
16
56
66
-11
-9
48
-30
-59
28
-53
-53
24
-36
-40
-21
-14
21
19
-12
41
47
-7
38
27
39
38
14
-3
7
24
-5
-10
61
30
-25
22
35
-18
6
42
16
26
48
55
22
64
51
20
18
26
5
33
22
-8
13
41
-18
-37
38
-17
-24
-27
-60
-1
-13
-97
-7
52
-64
-7
74
-72
-50
18
-68
-67
-11
-28
-36
-46
-49
-14
-44
-50
-11
-41
-14
-32
-26
-20
0
-21
-21
40
27
-20
20
34
-34
-4
7
7
-6
4
-25
-35
-9
-19
-17
-2
-4
-11
37
-2
-9
39
25
40
32
66
114
34
20
109
42
-3
64
14
-4
28
-34
2
44
-40
-51
0
-46
-63
0
-24
-47
-1
-7
-17
10
24
19
20
22
32
25
30
40
-3
7
38
-16
-20
26
-10
-16
-3
-14
-26
43
19
6
84
32
6
96
76
-11
65
66
-17
26
38
-19
-20
10
-24
-57
-35
-15
-86
-92
-23
-88
-76
-20
-32
-1
1
9
3
10
52
8
3
24
-6
6
11
-9
11
-1
3
-6
-31
-24
-7
-29
-26
-6
-19
-1
17
5
8
14
-42
-6
35
-31
-49
1
-54
-72
-8
-44
-95
-53
-35
-61
-49
12
-18
-45
4
32
11
15
88
37
34
91
22
21
81
39
-18
1
19
-3
11
-6
1
9
-23
-12
11
-25
-16
27
-6
-11
85
68
35
76
61
51
44
33
46
19
25
9
-15
13
9
-43
-35
6
-24
-36
3
-17
-59
9
-4
-37
-6
22
-16
-25
18
-1
-32
-5
18
-17
8
3
-12
-7
-35
-16
-2
-30
1
33
-28
-22
5
-21
-22
44
30
-9
0
1
-28
-21
-5
-31
-16
-23
3
-7
-49
-37
-1
-64
-37
59
7
-23
64
38
-13
35
17
26
17
40
30
7
32
-2
-22
2
19
-23
-17
-8
-33
-13
-4
-17
-7
-20
-7
25
-14
-1
42
10
-3
6
30
46
16
23
26
0
8
-10
-24
-22
-38
-41
-14
-33
-42
-4
-15
-17
-32
-37
-2
-16
-32
26
6
-29
10
-4
-28
-16
13
-32
-29
14
-1
-46
-24
35
-18
-9
26
-8
-5
34
16
-27
30
54
26
13
37
7
-14
46
11
-13
44
9
-19
25
2
-39
23
-5
3
41
8
40
69
16
20
61
21
35
23
29
29
-2
-4
-23
-32
12
-14
-77
-28
-3
-59
-68
-19
-45
-59
-27
-10
-45
-27
6
1
-34
-6
47
3
-3
22
21
-11
23
33
9
41
34
-13
20
56
17
14
37
37
0
15
40
16
7
47
42
-5
17
20
-12
11
-17
-26
-1
-28
-13
-24
-33
-25
-30
-18
16
8
-11
14
2
-1
14
35
17
24
39
44
11
11
48
-3
-3
38
-11
-30
6
-18
-41
8
-12
-82
-14
20
-57
-15
4
-49
-27
-21
-31
-20
-18
-18
-9
-33
-12
14
-33
-6
48
-6
-17
44
6
2
63
24
16
63
58
32
52
85
25
33
83
56
17
27
46
-16
-18
52
-9
-26
31
18
-51
-21
20
-21
-18
-1
-9
-18
36
3
-13
39
17
2
25
25
24
17
-20
-11
-23
-30
-14
-14
-25
-41
6
-16
-48
-3
-10
-42
13
16
-44
20
35
-8
47
49
8
15
42
29
-5
-5
-8
-5
-11
-25
-7
-9
-42
-14
-30
-18
3
-18
-2
-21
-7
-10
-29
-16
10
-36
-15
22
-32
-17
-4
-48
-32
-18
-45
-44
-29
-14
-37
-43
15
-9
-30
20
-2
-26
10
-2
-32
-15
2
-14
-44
-14
-19
-31
-29
-15
-7
-57
-25
-13
-19
-18
-9
19
-25
13
50
-12
9
42
22
-12
17
32
12
19
13
16
16
19
25
16
13
24
36
23
38
56
40
16
43
41
10
28
20
8
13
24
5
-4
7
-8
-11
5
-12
-3
13
10
21
24
31
18
29
35
17
9
21
-30
-55
-20
-40
-71
-61
-52
-72
-78
-74
-103
-119
-67
-64
-76
-40
-47
-39
-6
-1
11
-6
15
6
5
50
8
-14
7
-1
2
-7
5
20
-1
10
37
24
14
36
20
-2
21
41
20
33
62
49
53
41
30
27
-9
7
10
22
23
-9
1
24
22
30
22
10
29
27
32
28
-25
-31
19
-23
-37
30
-13
-66
-17
-17
-51
-41
-7
-25
-48
15
31
-6
12
30
24
35
78
60
22
55
50
-24
5
20
-35
-19
8
-32
-41
-3
-72
-91
-48
-48
-51
-44
-38
-34
-20
-34
-29
-27
-53
-47
-18
2
-19
-7
17
-50
-33
29
-24
-7
46
16
18
47
46
18
16
-1
-18
-9
-13
177
69
-77
21
-100
-59
16
-70
-47
-4
-32
-53
-23
-25
-88
-62
-42
-70
-55
-5
16
-3
-4
0
-13
-20
-14
-17
-35
-16
16
-24
-44
-14
-41
-74
-9
-1
-47
-3
-2
-69
-54
0
-40
-10
-52
140
667
386
68
143
-20
160
204
14
149
237
222
225
225
100
-22
-42
-169
-200
-113
-101
-57
-103
-225
-188
-143
-199
-240
-223
-217
-187
-177
-250
-225
-118
-124
-117
-51
-129
-134
27
39
23
20
-24
27
88
73
56
102
144
136
99
104
73
50
74
3
32
161
176
190
143
50
49
68
128
165
102
107
130
89
10
-28
-16
-47
-27
-6
-33
33
96
101
152
85
-49
-52
52
142
183
319
505
436
254
214
200
225
236
148
183
220
229
283
176
62
58
66
6
-78
-97
-78
-34
-62
-128
-56
-14
-119
-186
-204
-212
-186
-247
-261
-216
-203
-120
-76
-140
-212
-224
-235
-222
-215
-199
-71
34
-41
-138
-132
-105
-87
-89
-100
-108
-63
-31
-86
-78
-58
-64
-74
-140
-149
-81
-9
4
-41
-50
-45
-65
-75
-66
-20
46
56
21
-41
-22
48
48
72
117
122
136
120
60
55
91
145
231
272
284
325
288
198
198
188
128
195
308
360
388
295
144
68
44
78
150
201
200
156
136
147
142
161
143
86
96
155
213
229
189
173
186
172
182
199
188
200
122
50
92
90
72
131
142
112
29
-170
-236
-169
-156
-102
-59
-125
-150
-193
-361
-420
-373
-349
-273
-262
-332
-311
-288
-357
-390
-378
-407
-425
-422
-427
-415
-386
-426
-483
-501
-555
-563
-573
-642
-657
-674
-725
-724
-733
-734
-678
-682
-742
-797
-846
-866
-796
-683
-594
-578
-587
-608
-595
-447
-302
-204
-132
-143
-60
91
195
367
568
722
848
932
988
1104
1271
1390
1453
1529
1627
1737
1810
1822
1808
1742
1693
1677
1659
1696
1708
1603
1459
1316
1141
1039
980
821
710
619
426
297
188
74
22
-95
-256
-378
-429
-449
-493
-525
-611
-735
-771
-794
-755
-685
-728
-753
-772
-827
-805
-765
-786
-841
-875
-863
-871
-895
-894
-931
-1006
-1074
-1135
-1211
-1258
-1301
-1336
-1335
-1380
-1434
-1522
-1642
-1680
-1695
-1712
-1698
-1712
-1740
-1808
-1855
-1863
-1901
-1924
-1969
-2026
-2021
-1992
-1984
-1949
-1925
-1926
-1903
-1842
-1765
-1663
-1533
-1465
-1284
-785
-57
568
795
702
650
871
1318
1997
2808
3430
3688
3563
3247
3235
3680
4270
4715
4843
4678
4334
3934
3683
3670
3781
3727
3361
2845
2299
1851
1559
1247
882
552
176
-256
-640
-938
-1179
-1410
-1626
-1827
-1887
-1863
-1829
-1820
-1911
-1874
-1717
-1600
-1390
-1028
-704
-540
-445
-357
-183
168
502
754
983
1048
1037
1084
1128
1305
1564
1661
1601
1447
1233
1095
1055
1015
952
840
566
208
-86
-299
-381
-499
-753
-991
-1266
-1521
-1667
-1825
-1898
-1950
-2093
-2195
-2290
-2333
-2330
-2399
-2398
-2357
-2297
-2149
-2066
-2031
-1975
-1943
-1920
-1903
-1791
-1609
-1505
-1419
-1416
-1535
-1592
-1523
-1455
-1424
-1381
-1415
-1576
-1685
-1728
-1747
-1775
-1863
-1859
-1829
-1963
-1959
-1369
-350
355
198
-397
-579
-125
681
1551
2365
2972
3096
2729
2346
2691
3800
4759
5011
4823
4594
4401
4218
4196
4438
4692
4560
3956
3260
2902
2834
2643
2156
1631
1234
861
407
9
-199
-400
-787
-1293
-1626
-1603
-1452
-1558
-1900
-2129
-2197
-2183
-2049
-1814
-1536
-1319
-1334
-1471
-1339
-889
-405
-116
-31
65
217
319
469
809
1215
1429
1411
1239
1173
1376
1515
1469
1481
1440
1292
1162
965
829
854
754
467
196
47
-34
-189
-410
-599
-742
-863
-999
-1121
-1157
-1167
-1293
-1515
-1596
-1532
-1492
-1499
-1555
-1627
-1616
-1553
-1567
-1535
-1378
-1344
-1414
-1423
-1424
-1306
-1104
-1106
-1200
-1263
-1297
-1193
-1133
-1145
-1148
-1318
-1537
-1610
-1675
-1697
-1608
-1648
-1828
-2023
-2234
-2369
-2335
-2270
-2294
-2379
-2563
-2721
-2807
-2814
-2215
-977
37
16
-809
-1287
-866
250
1569
2544
3113
3253
2863
2456
2787
4042
5479
5942
5523
5118
4830
4749
4962
5271
5599
5510
4777
3873
3367
3371
3351
2916
2269
1726
1317
757
123
-238
-523
-884
-1278
-1717
-1830
-1766
-2085
-2607
-2927
-2883
-2606
-2463
-2429
-2346
-2334
-2391
-2428
-2234
-1645
-1036
-822
-981
-1062
-802
-448
-30
454
803
1040
1075
944
1085
1511
1859
1989
1904
1827
1836
1770
1737
1789
1846
1788
1532
1220
987
920
848
570
308
176
15
-200
-489
-778
-886
-998
-1181
-1244
-1294
-1380
-1501
-1698
-1762
-1604
-1430
-1390
-1443
-1521
-1560
-1577
-1533
-1332
-1060
-952
-1101
-1258
-1282
-1248
-1187
-1209
-1201
-1033
-1028
-1258
-1440
-1513
-1462
-1422
-1508
-1563
-1608
-1706
-1889
-2080
-2131
-2131
-2095
-2140
-2283
-2409
-2514
-2603
-2751
-2734
-2682
-2725
-2185
-1133
-306
-388
-1178
-1365
-734
308
1497
2243
2581
2669
2426
2274
2794
4124
5331
5360
4878
4701
4696
4918
5247
5462
5560
5299
4713
4071
3819
4084
3985
3305
2652
2155
1808
1427
912
544
215
-224
-691
-1128
-1281
-1344
-1791
-2410
-2723
-2645
-2471
-2500
-2620
-2733
-2853
-2825
-2779
-2606
-2074
-1753
-1826
-1907
-1739
-1195
-662
-372
-127
128
333
482
723
1141
1649
1918
1839
1732
1882
2217
2351
2322
2306
2218
2045
1770
1619
1636
1564
1382
1022
625
470
328
23
-265
-428
-583
-850
-1134
-1306
-1352
-1373
-1541
-1716
-1721
-1657
-1661
-1783
-1867
-1776
-1668
-1633
-1559
-1468
-1414
-1392
-1492
-1531
-1293
-1096
-1073
-1082
-1168
-1196
-1146
-1195
-1185
-1088
-1041
-1050
-1267
-1479
-1448
-1431
-1395
-1369
-1450
-1525
-1656
-1796
-1952
-2079
-2025
-2006
-2148
-2334
-2493
-2543
-2622
-2833
-2583
-1698
-809
-480
-1105
-1710
-1273
-331
783
1613
1963
2239
2173
1948
2284
3346
4691
5306
4960
4664
4771
5018
5397
5682
5895
5936
5500
4957
4610
4607
4718
4285
3597
3197
2891
2470
1843
1171
759
397
-59
-511
-894
-1114
-1514
-2226
-2710
-2810
-2771
-2827
-3156
-3453
-3521
-3561
-3521
-3363
-3076
-2720
-2679
-2780
-2633
-2232
-1651
-1225
-1026
-730
-410
-209
90
585
1124
1542
1633
1533
1650
1992
2301
2444
2510
2589
2558
2354
2151
2154
2212
2124
1875
1502
1251
1117
811
497
300
96
-125
-419
-733
-883
-1025
-1315
-1546
-1654
-1714
-1764
-1948
-2193
-2236
-2158
-2169
-2190
-2131
-2057
-2009
-2029
-2028
-1871
-1675
-1561
-1513
-1484
-1415
-1331
-1292
-1191
-1014
-901
-936
-1048
-1024
-913
-872
-913
-1024
-1037
-1042
-1196
-1325
-1357
-1343
-1333
-1428
-1637
-1844
-1991
-2111
-2277
-2329
-2363
-2457
-1944
-984
-377
-607
-1475
-1616
-811
281
1372
1779
1782
1949
1885
1940
2818
4196
5196
5081
4416
4395
4848
5389
5916
6038
5950
5758
5230
4732
4686
4962
4877
4112
3366
2985
2638
2183
1531
941
606
236
-293
-954
-1418
-1674
-2251
-2901
-3080
-2978
-3004
-3347
-3842
-4129
-4102
-3892
-3682
-3576
-3323
-3096
-3213
-3155
-2678
-2032
-1501
-1310
-1116
-742
-329
154
633
1078
1577
1878
1863
2042
2523
2933
3066
2939
2896
2984
3045
3005
2841
2734
2584
2325
2054
1791
1712
1492
899
419
186
-29
-219
-479
-890
-1221
-1442
-1704
-1937
-2037
-2080
-2265
-2576
-2734
-2643
-2521
-2482
-2477
-2479
-2412
-2293
-2183
-2063
-1868
-1653
-1593
-1566
-1374
-1102
-934
-933
-962
-920
-828
-685
-555
-542
-559
-605
-802
-906
-846
-867
-1009
-1153
-1251
-1351
-1376
-1432
-1614
-1786
-1960
-2138
-2260
-2326
-2414
-2159
-1396
-699
-595
-1261
-1630
-999
33
1111
1637
1645
1815
1993
2142
2738
3835
4846
5082
4591
4375
4760
5295
5783
5871
5711
5562
5196
4720
4492
4655
4753
4280
3505
2951
2598
2166
1613
1055
705
459
0
-681
-1311
-1620
-1909
-2388
-2679
-2660
-2704
-3008
-3469
-3771
-3670
-3383
-3163
-3095
-3016
-2814
-2798
-2789
-2395
-1739
-1139
-836
-774
-570
-79
465
911
1275
1697
2068
2187
2353
2679
3067
3324
3325
3333
3449
3580
3547
3277
3058
2961
2830
2574
2271
1952
1588
1145
659
321
115
-150
-562
-1092
-1511
-1755
-1981
-2257
-2492
-2690
-2973
-3276
-3481
-3553
-3477
-3448
-3565
-3649
-3619
-3496
-3366
-3295
-3164
-3018
-2957
-2893
-2747
-2449
-2148
-2003
-1916
-1854
-1748
-1587
-1464
-1312
-1156
-1100
-1029
-1006
-975
-805
-833
-1008
-1055
-979
-855
-876
-1001
-1189
-1336
-1390
-1453
-1564
-1703
-1127
-152
299
86
-767
-999
-192
889
1904
2163
2050
2176
2126
2257
3149
4300
5041
4989
4401
4348
4796
5386
5957
5934
5804
5719
5196
4782
4819
4997
4979
4451
3763
3353
2929
2468
1995
1499
1300
1059
450
-259
-808
-1117
-1447
-1882
-2042
-2066
-2366
-2767
-3272
-3563
-3258
-3011
-2958
-2959
-3020
-2931
-2939
-2827
-2319
-1783
-1448
-1355
-1336
-1055
-435
170
629
969
1180
1413
1545
1809
2390
2774
2914
2883
2778
2864
2994
3032
2978
2842
2717
2470
2086
1812
1646
1432
1122
749
451
145
-237
-609
-975
-1209
-1330
-1568
-1908
-2179
-2381
-2577
-2739
-2803
-2746
-2789
-2953
-3066
-3159
-3084
-2866
-2773
-2721
-2630
-2605
-2590
-2451
-2238
-1939
-1816
-1820
-1656
-1566
-1465
-1306
-1267
-1101
-855
-815
-874
-867
-838
-743
-763
-869
-753
-678
-705
-788
-1003
-1036
-972
-1090
-1216
-1492
-1527
-696
16
173
-223
-990
-784
23
774
1503
1588
1617
1754
1566
1898
2931
3794
4199
3948
3508
3782
4188
4538
4942
4906
4867
4641
4041
3885
4087
4239
4041
3363
2839
2532
2083
1714
1308
989
917
452
-255
-725
-1050
-1257
-1562
-1936
-1986
-2068
-2426
-2765
-3109
-3119
-2795
-2761
-2796
-2742
-2720
-2607
-2600
-2422
-1829
-1389
-1227
-1126
-1035
-689
-157
321
761
1148
1400
1422
1409
1784
2406
2786
2839
2740
2663
2734
2847
2901
2964
3011
2875
2503
2101
1952
1911
1696
1380
1033
687
351
-26
-377
-629
-751
-946
-1340
-1750
-2033
-2251
-2475
-2649
-2729
-2746
-2887
-3107
-3206
-3222
-3090
-2929
-2880
-2872
-2835
-2752
-2723
-2543
-2217
-1949
-1715
-1598
-1559
-1522
-1445
-1242
-913
-681
-585
-513
-643
-706
-621
-556
-383
-316
-367
-447
-629
-755
-800
-794
-824
-988
-1125
-1379
-1465
-722
-30
144
-289
-1152
-985
-77
812
1536
1440
1262
1419
1369
1668
2665
3502
3826
3543
3027
3307
3907
4340
4631
4408
4245
4121
3692
3577
3811
3942
3770
3121
2536
2353
2095
1783
1373
898
778
491
-95
-568
-935
-1124
-1413
-1854
-1902
-1920
-2241
-2555
-2943
-3041
-2661
-2556
-2624
-2577
-2533
-2415
-2395
-2309
-1791
-1276
-1025
-895
-860
-559
2
379
835
1396
1796
2000
1866
1978
2575
3044
3411
3466
3278
3358
3304
3155
3288
3366
3379
3107
2441
2090
2027
1843
1662
1271
800
446
-93
-559
-769
-915
-1042
-1487
-2067
-2351
-2553
-2706
-2808
-2950
-2985
-3087
-3332
-3491
-3476
-3280
-3098
-3141
-3195
-3070
-2965
-2868
-2636
-2451
-2133
-1896
-1958
-1859
-1662
-1403
-1092
-948
-810
-693
-699
-755
-667
-542
-417
-350
-575
-575
-521
-696
-731
-899
-950
-919
-1107
-1249
-1563
-1462
-638
-113
-99
-702
-1316
-970
-196
612
1089
926
973
1128
1027
1486
2438
3098
3388
3061
2696
3083
3534
3960
4312
4152
4097
3961
3485
3427
3708
3816
3621
3089
2582
2333
2035
1683
1357
1054
934
538
-138
-620
-942
-1105
-1366
-1706
-1727
-1910
-2249
-2495
-2858
-2831
-2478
-2494
-2555
-2501
-2480
-2370
-2288
-2126
-1649
-1260
-1114
-1000
-966
-598
138
582
941
1229
1321
1504
1668
2031
2578
2835
2943
2853
2677
2831
2993
2980
2985
2825
2613
2343
1942
1802
1684
1392
1137
748
393
173
-202
-616
-906
-1131
-1314
-1592
-2003
-2291
-2533
-2762
-2850
-2952
-2969
-2972
-3149
-3282
-3310
-3193
-2935
-2828
-2794
-2653
-2629
-2521
-2174
-1955
-1628
-1402
-1482
-1350
-1202
-991
-597
-486
-416
-281
-386
-369
-214
-176
-75
-48
-183
-249
-313
-353
-355
-500
-580
-634
-917
-1116
-1296
-1059
-237
143
-45
-706
-1125
-597
135
781
1153
1179
1182
1154
1207
1806
2847
3409
3388
3068
2911
3346
3768
4079
4249
4167
4080
3743
3348
3402
3639
3611
3263
2684
2256
2059
1707
1344
1005
697
534
69
-537
-851
-1106
-1411
-1731
-2058
-2143
-2225
-2558
-2843
-3052
-2999
-2779
-2796
-2805
-2689
-2571
-2486
-2451
-2215
-1733
-1396
-1248
-1112
-1004
-617
-162
98
620
1042
1262
1344
1189
1523
2050
2367
2637
2515
2414
2477
2328
2316
2510
2566
2475
2103
1559
1360
1250
1095
941
528
209
-115
-670
-1013
-1153
-1251
-1385
-1769
-2198
-2428
-2654
-2797
-2852
-2916
-2783
-2758
-2981
-3071
-3060
-2928
-2690
-2602
-2484
-2303
-2275
-2190
-2101
-1931
-1467
-1212
-1187
-1195
-1173
-976
-807
-645
-434
-316
-258
-353
-496
-482
-358
-219
-225
-254
-265
-501
-770
-905
-954
-807
-769
-1060
-1267
-931
-295
177
-112
-809
-689
-55
650
1222
1136
1191
1536
1481
1636
2313
3084
3587
3407
2937
3154
3750
4157
4356
4264
4156
4153
3882
3612
3776
3994
3868
3315
2676
2413
2266
1967
1484
977
783
501
-41
-580
-971
-1140
-1409
-1917
-2186
-2231
-2452
-2715
-3008
-3194
-2968
-2819
-2923
-2937
-2835
-2628
-2492
-2414
-2164
-1742
-1445
-1360
-1266
-1011
-578
-6
439
651
872
1010
1095
1454
1936
2420
2609
2431
2336
2301
2375
2597
2645
2525
2396
2120
1735
1497
1367
1234
937
527
195
-188
-519
-795
-1121
-1324
-1461
-1683
-2049
-2407
-2624
-2789
-2937
-2994
-3008
-3081
-3159
-3252
-3333
-3215
-3019
-2860
-2774
-2732
-2624
-2516
-2348
-2090
-1840
-1581
-1423
-1409
-1305
-1059
-784
-503
-456
-459
-377
-507
-434
-301
-343
-218
-300
-445
-441
-596
-719
-777
-909
-919
-1026
-1426
-1141
-370
39
-24
-847
-1191
-539
222
961
1164
1038
1226
1247
1137
1772
2790
3395
3484
2987
2913
3480
3891
4290
4379
4306
4413
4152
3723
3729
3919
3894
3510
2931
2677
2501
2128
1700
1148
938
854
384
-125
-542
-873
-1165
-1593
-1879
-1770
-1824
-2203
-2587
-2915
-2750
-2433
-2492
-2558
-2583
-2529
-2439
-2387
-2121
-1661
-1332
-1281
-1251
-1064
-454
163
320
472
542
822
1286
1431
1888
2225
2164
2266
2174
2166
2598
2649
2367
2265
2025
1932
1927
1551
1414
1243
769
499
151
-135
-163
-479
-1008
-1371
-1653
-1847
-2068
-2350
-2481
-2682
-2885
-3028
-3225
-3158
-3015
-3093
-3155
-3215
-3178
-2973
-2881
-2769
-2519
-2450
-2341
-2102
-1977
-1700
-1482
-1573
-1399
-1135
-984
-750
-776
-756
-589
-608
-479
-406
-449
-301
-398
-534
-450
-605
-632
-664
-964
-991
-962
-459
363
452
-137
-867
-848
-73
904
1530
1444
1301
1167
1084
1415
2269
3239
3601
3297
2829
2978
3510
3933
4263
4182
4018
3965
3745
3569
3729
3863
3560
3093
2715
2551
2470
2100
1591
1168
937
775
447
-38
-420
-670
-1044
-1384
-1473
-1567
-1837
-2245
-2676
-2873
-2664
-2492
-2556
-2655
-2749
-2700
-2611
-2456
-2069
-1688
-1520
-1516
-1465
-1258
-550
180
393
542
472
570
1045
1456
2089
2400
2245
2193
2078
2117
2622
2898
2734
2616
2293
2024
1968
1784
1773
1597
1140
770
327
-28
-171
-446
-859
-1161
-1457
-1801
-2154
-2489
-2608
-2737
-2846
-2887
-3104
-3197
-3243
-3421
-3376
-3202
-3016
-2803
-2839
-2924
-2736
-2648
-2447
-2070
-1959
-1777
-1699
-1739
-1428
-1173
-982
-849
-919
-907
-761
-656
-585
-489
-507
-577
-604
-699
-607
-562
-743
-811
-1151
-1083
-57
594
704
-28
-988
-510
435
1267
1912
1717
1604
1686
1443
1820
2992
3715
3873
3479
3015
3556
4140
4268
4439
4293
4236
4278
3890
3728
3966
3896
3576
3091
2762
2783
2460
1913
1433
1094
1131
921
334
-131
-519
-913
-1228
-1573
-1603
-1496
-1977
-2521
-2893
-3054
-2674
-2560
-2761
-2800
-2876
-2925
-2807
-2599
-2201
-1782
-1737
-1747
-1474
-981
-371
-75
-54
127
454
834
1209
1490
1765
1936
1896
1946
2171
2461
2660
2512
2286
2262
2280
2243
2069
1807
1630
1398
1061
808
600
398
91
-409
-789
-980
-1172
-1421
-1753
-2053
-2201
-2382
-2648
-2767
-2798
-2794
-2815
-2986
-3044
-2987
-2975
-2925
-2874
-2762
-2562
-2472
-2485
-2390
-2169
-1980
-1868
-1791
-1664
-1457
-1283
-1260
-1222
-1085
-979
-923
-901
-911
-807
-706
-765
-787
-817
-842
-874
-1079
-1243
-1238
-643
229
572
197
-742
-880
28
996
1793
1890
1660
1702
1676
1785
2538
3519
3984
3844
3321
3323
3988
4362
4525
4496
4357
4444
4308
3968
3930
4010
3860
3494
3082
2930
2831
2392
1806
1310
1168
1141
755
173
-332
-692
-992
-1283
-1472
-1485
-1680
-2245
-2727
-2961
-2798
-2541
-2676
-2900
-3002
-2997
-2923
-2816
-2587
-2267
-2037
-2009
-1928
-1532
-923
-512
-373
-268
12
535
956
1199
1475
1667
1826
1985
2092
2351
2597
2493
2341
2337
2369
2424
2275
1959
1751
1546
1322
1064
724
482
222
-200
-567
-834
-1046
-1321
-1692
-1990
-2158
-2286
-2439
-2648
-2828
-2862
-2913
-3034
-3068
-3070
-2979
-2881
-2890
-2784
-2667
-2616
-2439
-2241
-2064
-1914
-1907
-1823
-1613
-1427
-1182
-1020
-1006
-991
-1006
-983
-795
-610
-512
-553
-698
-718
-722
-714
-668
-732
-858
-942
-470
252
521
252
-416
-396
340
970
1473
1565
1628
1833
1702
1715
2309
3067
3417
3286
3077
3279
3698
3800
3790
3862
4002
4124
3937
3669
3691
3704
3482
3232
3055
3005
2797
2245
1756
1489
1482
1419
1006
540
159
-217
-613
-878
-953
-1031
-1347
-1923
-2298
-2426
-2399
-2359
-2578
-2724
-2747
-2835
-2869
-2804
-2594
-2360
-2243
-2181
-1997
-1723
-1328
-947
-802
-579
-352
-73
417
769
1112
1304
1245
1422
1678
1891
2176
2226
2106
2128
2058
1973
2029
1919
1777
1617
1278
1063
872
561
366
150
-147
-377
-675
-1013
-1248
-1456
-1634
-1808
-1979
-2161
-2303
-2324
-2372
-2478
-2551
-2531
-2509
-2579
-2434
-2207
-2325
-2514
-2296
-2042
-1964
-1674
-1565
-1639
-1468
-1395
-1218
-919
-872
-885
-863
-769
-632
-450
-349
-396
-282
-337
-453
-293
-294
-365
-358
-426
-516
-591
-385
83
341
319
-38
-293
139
718
1107
1296
1163
1257
1514
1571
1859
2372
2656
2731
2688
2687
3051
3401
3384
3375
3407
3466
3532
3413
3358
3409
3301
3096
2932
2834
2781
2522
2097
1799
1624
1473
1225
837
492
215
-152
-525
-774
-949
-1111
-1467
-1857
-2014
-2119
-2225
-2353
-2481
-2453
-2420
-2544
-2594
-2464
-2328
-2190
-2109
-2001
-1777
-1542
-1251
-1083
-918
-692
-544
-249
58
359
648
677
732
901
1060
1248
1425
1433
1354
1347
1262
1214
1331
1315
1164
971
699
574
570
405
123
38
-25
-513
-597
-316
-754
-1083
-1144
-1102
-932
-1256
-1282
-1430
-1776
-1355
-1587
-1834
-1300
-1560
-1689
-1378
-1708
-1517
-1128
-1436
-1306
-909
-1009
-1069
-552
-556
-987
-410
-263
-486
-8
-62
-59
135
-138
38
266
96
240
321
131
165
151
106
155
97
173
137
-73
22
91
2
125
274
318
347
244
204
364
542
707
862
942
962
1006
1097
1240
1473
1680
1770
1818
1927
2030
2079
2135
2183
2198
2171
2129
2075
2020
1958
1776
1564
1403
1271
1133
928
696
441
203
-3
-173
-261
-370
-518
-659
-766
-858
-946
-1029
-1082
-1013
-1082
-1265
-1138
-1143
-1221
-1105
-1111
-1032
-918
-919
-813
-666
-531
-461
-456
-271
-100
-59
109
139
190
292
390
434
406
619
501
450
568
402
510
514
371
432
482
329
180
252
181
97
64
-34
-190
-204
-110
-345
-597
-542
-625
-725
-742
-847
-796
-855
-1079
-1024
-888
-985
-1112
-869
-771
-955
-838
-672
-654
-544
-466
-512
-430
-346
-337
-187
-146
-221
-148
-82
-68
-40
-7
50
88
120
171
223
263
235
235
299
333
335
329
376
366
302
327
347
330
321
277
267
298
327
301
312
353
351
369
375
398
462
482
484
478
498
518
527
526
510
486
443
397
369
364
346
310
289
241
196
161
117
114
154
190
179
98
74
81
66
113
101
59
61
35
8
-5
21
46
75
104
95
96
122
164
205
232
284
345
378
370
352
390
438
483
501
466
441
421
367
332
326
302
247
166
103
52
-11
-48
-84
-111
-161
-228
-287
-390
-428
-433
-486
-539
-589
-641
-689
-721
-757
-811
-819
-837
-845
-831
-830
-840
-825
-795
-765
-677
-620
-653
-616
-567
-514
-427
-384
-380
-370
-379
-380
-303
-205
-99
-29
-37
-33
-23
-3
114
231
268
313
314
267
332
453
528
568
601
545
505
536
535
593
631
574
538
499
491
535
546
537
509
473
462
465
470
479
485
454
416
406
367
314
290
254
186
142
72
13
-10
-72
-156
-208
-244
-261
-268
-308
-373
-430
-472
-490
-512
-537
-570
-615
-625
-607
-597
-584
-571
-552
-502
-474
-419
-323
-260
-207
-156
-109
-26
78
158
231
311
353
419
496
552
620
666
663
649
628
635
642
645
677
681
651
586
531
510
452
419
390
317
264
212
144
83
25
-35
-54
-111
-216
-261
-318
-370
-382
-417
-439
-447
-440
-453
-490
-483
-469
-471
-462
-436
-410
-371
-357
-389
-417
-416
-379
-347
-330
-297
-305
-353
-376
-363
-300
-222
-197
-189
-191
-179
-135
-92
-10
77
115
123
105
123
159
199
250
302
324
301
286
297
349
420
445
445
459
469
483
497
476
494
548
567
558
532
491
506
509
434
401
366
316
279
205
171
146
112
68
13
-29
-103
-179
-227
-255
-292
-333
-409
-509
-537
-569
-577
-593
-660
-677
-720
-737
-675
-638
-628
-640
-652
-641
-597
-524
-465
-424
-373
-285
-221
-165
-88
-41
23
95
129
198
283
338
404
447
500
567
597
621
625
640
657
649
662
655
634
591
536
507
501
498
424
321
248
155
95
68
21
-19
-47
-99
-159
-204
-245
-231
-228
-283
-295
-317
-349
-366
-389
-365
-340
-329
-309
-333
-356
-329
-336
-320
-242
-208
-202
-192
-191
-179
-134
-96
-91
-49
-25
-33
-28
-6
17
34
73
71
63
89
72
90
136
170
213
209
202
210
225
260
280
252
232
233
230
255
272
279
277
232
196
180
191
195
190
161
105
84
69
81
86
80
71
16
-39
-74
-83
-79
-103
-132
-177
-234
-266
-289
-319
-296
-302
-355
-396
-438
-439
-424
-423
-427
-435
-430
-425
-408
-386
-345
-313
-318
-320
-320
-262
-223
-200
-129
-86
-47
-3
28
68
151
250
309
377
430
488
536
554
575
623
667
673
676
635
606
593
532
511
484
433
368
269
206
163
106
63
17
-53
-99
-124
-179
-215
-211
-244
-286
-334
-394
-393
-394
-397
-393
-428
-440
-454
-478
-448
-409
-370
-353
-340
-295
-260
-204
-153
-134
-81
-59
-45
-11
11
40
83
109
104
126
159
170
207
250
263
281
293
305
338
372
391
377
354
329
302
315
316
293
253
189
150
150
130
99
92
47
9
-10
-40
-29
-23
-29
-8
-21
-69
-66
-60
-84
-63
-49
-82
-103
-132
-186
-197
-212
-249
-270
-302
-313
-329
-353
-358
-364
-347
-327
-295
-286
-305
-284
-245
-228
-209
-186
-193
-204
-195
-192
-147
-93
-96
-93
-71
-36
23
52
75
102
135
182
218
252
287
328
354
370
395
417
430
432
453
481
480
476
455
403
395
382
330
324
315
266
226
168
109
66
24
-14
-81
-131
-186
-242
-267
-314
-342
-385
-441
-469
-488
-482
-476
-454
-423
-422
-400
-356
-316
-275
-221
-171
-138
-113
-105
-93
-57
-12
32
67
91
83
72
103
157
193
229
270
297
309
302
304
328
354
394
402
387
381
358
327
320
325
293
264
237
179
148
120
82
83
75
29
-11
-37
-77
-88
-74
-92
-100
-115
-170
-194
-206
-245
-244
-224
-231
-236
-252
-274
-282
-295
-307
-292
-254
-252
-240
-224
-214
-175
-167
-158
-137
-133
-108
-92
-90
-91
-95
-80
-62
-69
-56
-32
-14
5
18
35
61
94
108
133
174
190
219
243
250
266
271
272
277
282
285
293
294
299
297
274
260
248
237
261
282
252
227
196
118
62
33
16
7
-32
-87
-154
-213
-257
-273
-264
-288
-302
-339
-383
-369
-378
-370
-350
-353
-319
-309
-334
-300
-265
-240
-210
-220
-210
-183
-159
-128
-109
-61
-18
1
21
43
72
124
175
204
228
251
289
328
344
366
388
377
372
385
387
379
370
350
307
283
274
248
228
200
158
115
84
65
39
15
-15
-49
-87
-141
-162
-199
-240
-227
-231
-258
-285
-324
-357
-371
-365
-337
-302
-310
-334
-340
-330
-283
-233
-205
-199
-198
-190
-187
-158
-118
-93
-96
-108
-105
-85
-46
-4
36
49
44
58
72
108
167
200
232
249
238
251
248
231
253
250
231
235
218
210
198
158
157
168
171
170
150
164
180
165
175
162
150
150
97
84
78
33
36
21
-23
-56
-109
-143
-169
-197
-211
-214
-231
-264
-291
-304
-297
-293
-312
-299
-286
-289
-292
-289
-267
-266
-253
-246
-241
-209
-188
-157
-123
-88
-45
-25
-9
20
74
137
175
215
253
260
283
322
336
344
362
360
349
357
357
346
338
326
334
331
312
302
274
259
256
244
219
180
141
94
46
7
-29
-81
-136
-161
-194
-245
-290
-330
-345
-349
-379
-406
-412
-418
-399
-374
-364
-339
-315
-322
-317
-253
-203
-191
-188
-197
-192
-158
-115
-105
-95
-50
-50
-63
-48
-33
12
35
47
94
129
131
127
149
181
191
213
226
186
181
189
165
181
175
154
162
152
151
151
141
140
134
142
150
142
147
144
138
148
138
113
101
84
62
55
41
16
8
-12
-50
-54
-63
-91
-106
-130
-148
-152
-162
-165
-182
-211
-239
-256
-262
-275
-276
-268
-287
-299
-287
-270
-246
-239
-238
-223
-209
-175
-131
-83
-39
-18
10
37
83
154
200
225
245
271
282
307
349
368
399
418
403
398
409
405
400
403
378
363
352
310
279
257
227
191
142
92
56
7
-47
-88
-142
-167
-189
-245
-272
-289
-329
-329
-332
-366
-351
-351
-357
-328
-327
-315
-291
-291
-277
-267
-231
-196
-180
-134
-133
-151
-127
-103
-59
-2
17
13
21
36
63
130
196
224
239
237
238
257
265
269
278
277
273
271
264
242
218
207
198
180
162
137
101
93
106
93
83
77
35
-8
-23
-35
-47
-47
-57
-75
-89
-99
-92
-72
-76
-78
-55
-51
-60
-52
-42
-41
-38
-39
-38
-25
-42
-86
-114
-141
-161
-156
-164
-175
-184
-203
-215
-213
-208
-208
-216
-218
-205
-168
-127
-104
-70
-56
-41
-3
7
32
59
68
106
127
139
170
185
198
201
196
205
213
230
242
237
243
245
246
258
253
247
235
210
197
179
157
121
80
63
32
4
-5
-44
-94
-134
-171
-205
-231
-238
-237
-250
-267
-287
-314
-328
-323
-316
-316
-314
-316
-319
-301
-270
-238
-210
-192
-177
-164
-141
-94
-35
16
49
83
118
146
175
218
247
266
299
306
311
328
328
331
342
351
353
340
306
271
256
240
231
228
211
179
135
112
101
70
47
27
-16
-48
-67
-90
-105
-112
-128
-161
-185
-208
-217
-209
-221
-212
-204
-204
-182
-182
-189
-181
-164
-146
-134
-121
-117
-111
-108
-107
-100
-95
-83
-73
-75
-85
-97
-114
-114
-86
-54
-31
-34
-38
-29
-26
-6
29
49
65
79
95
115
142
165
173
179
180
193
204
207
226
235
215
199
179
171
188
188
181
169
136
111
94
86
92
86
70
43
11
-3
-29
-50
-55
-74
-97
-123
-151
-163
-178
-203
-229
-249
-247
-251
-280
-303
-300
-273
-243
-227
-234
-249
-254
-252
-215
-169
-140
-109
-104
-105
-70
-33
1
34
59
90
103
110
131
165
202
217
224
233
238
252
260
266
276
266
247
244
241
232
244
241
203
180
159
138
129
107
71
39
19
-18
-56
-71
-93
-114
-136
-171
-185
-185
-199
-209
-208
-219
-231
-219
-194
-181
-183
-213
-228
-202
-185
-160
-147
-152
-133
-131
-116
-92
-85
-67
-60
-51
-23
1
11
38
45
29
47
53
56
76
83
89
105
109
97
122
149
162
173
163
165
165
183
197
180
172
159
139
117
117
118
101
120
118
80
61
73
66
39
48
33
20
32
30
13
-31
-45
-57
-83
-82
-99
-120
-149
-177
-176
-181
-191
-215
-245
-219
-245
-264
-235
-292
-49
95
-401
-497
-152
-24
-12
-225
-302
-8
100
-43
-86
2
90
98
48
71
170
235
195
163
236
249
211
223
251
292
293
264
262
265
248
238
224
204
202
182
182
170
128
113
68
38
31
8
5
-25
-57
-86
-104
-96
-118
-144
-171
-185
-193
-229
-227
-233
-270
-277
-298
-309
-262
-253
-278
-262
-245
-249
-250
-236
-216
-187
-157
-164
-143
-95
-69
-34
-19
-8
-7
-3
27
63
89
83
104
128
134
142
136
144
147
162
168
162
203
228
204
167
151
163
182
196
209
232
239
210
164
173
155
140
113
88
409
405
-29
16
91
38
43
-146
-145
5
-48
-121
-119
-96
-103
-166
-204
-183
-197
-224
-238
-248
-214
-209
-262
-294
-273
-267
-236
-188
-216
-232
-214
-202
-186
-184
-155
-100
-53
-40
-41
22
67
77
144
156
126
159
186
217
262
258
245
249
257
240
225
225
248
267
223
196
214
228
204
168
171
165
150
107
23
29
81
47
-17
-60
-97
-97
-89
-177
-251
-198
-164
-182
-230
-285
-220
-192
-249
-251
-268
-258
-187
-211
-276
-210
-162
-181
-167
-147
-116
-114
-91
-87
-119
-69
-62
-71
9
27
20
58
61
108
131
104
132
130
199
235
159
179
148
175
279
222
176
220
292
243
178
255
245
211
256
215
146
179
208
206
151
44
71
143
129
6
-9
63
-51
-112
-159
-155
-5
-150
-283
-177
-186
-183
-148
-285
-295
-131
-190
-193
-254
-328
-53
-146
-317
-170
-173
-239
-181
-62
-192
-252
-156
-72
31
-106
-147
-79
34
96
-13
58
-51
109
304
-82
79
327
176
242
179
90
279
400
283
128
129
316
331
105
127
290
337
146
1
236
335
219
-5
-165
124
299
39
-188
-84
10
-117
-98
-173
-149
127
-262
-434
39
-100
-257
-212
-324
-165
-127
-296
-248
-110
-218
-278
-136
-185
-194
-216
-212
-49
-131
-204
-2
-50
-167
-86
59
141
-12
52
127
171
94
-29
266
231
143
95
124
460
77
129
359
-37
337
265
-105
421
257
29
307
42
78
295
112
85
207
-35
-40
187
165
62
-206
9
162
-19
-98
-280
50
119
-180
-113
-329
91
134
-544
-8
-175
-244
101
-637
13
207
-513
-121
-244
-71
257
-474
-377
54
53
-52
-474
-91
355
-171
-302
32
61
222
-12
-312
123
149
93
269
40
-333
103
621
-226
-18
398
-344
282
365
-120
367
268
-68
93
356
353
334
-65
-19
435
37
93
107
-87
249
-109
-244
84
-183
-411
-11
260
-317
-600
-120
86
-87
-189
-335
-236
-32
-206
-254
-61
-187
-220
-88
-333
-186
248
-384
-412
208
-194
-256
23
20
253
-6
-572
190
626
209
-195
-70
85
298
410
268
45
-14
376
-133
339
631
-301
83
261
-78
339
354
-203
380
354
-695
474
700
-286
144
-75
206
309
-471
70
413
315
-440
-1031
577
672
-521
-673
-29
218
-201
-253
-209
128
-320
-426
16
-19
-34
-487
-301
147
68
-379
-470
328
47
-480
-535
1
705
-295
-908
-18
385
256
-388
-480
403
275
-292
-242
-35
388
376
-593
-71
447
-175
282
179
97
16
-186
420
207
135
380
-395
198
619
-102
500
171
-626
510
275
49
358
-456
128
335
-209
14
6
-66
135
66
-532
-155
412
-13
-297
-372
-47
236
-232
-378
125
-56
61
-571
-421
591
-324
-499
-228
-225
664
75
-973
-299
492
153
-150
-271
41
326
-175
-88
-142
550
437
-899
429
572
100
705
-854
-358
1141
636
270
-724
77
862
364
212
-493
611
563
-438
207
-192
273
820
-387
-557
-258
633
392
-498
-41
-347
-28
-10
-52
625
-224
-703
-239
525
275
-324
-296
-322
326
254
-716
-217
292
-58
-325
-619
122
482
-240
-930
-483
456
33
-230
-337
-720
511
185
-645
40
184
317
-29
-153
-211
392
618
-142
78
-298
451
1278
-356
-542
69
321
694
117
-274
-135
396
271
-244
116
220
164
309
-132
-549
507
442
-515
-9
-194
48
80
-218
-334
-208
193
-418
-27
509
-651
-99
434
-410
334
220
-713
373
428
-379
-385
-319
602
-233
-648
-122
-63
176
-523
-348
-56
198
-94
-573
274
27
-527
136
287
153
76
-481
-130
634
530
-77
-383
527
533
-8
83
-4
432
301
-49
257
-13
-22
451
318
-251
77
249
177
100
-498
616
710
-730
181
408
-273
370
159
-458
-19
296
-363
-16
134
-543
-89
2
-409
-147
-215
84
-118
-568
-381
-267
359
-7
-505
-171
-158
211
-382
-351
727
-213
-300
43
-420
248
756
-192
-860
168
803
157
-80
-364
-13
725
-2
-236
205
536
409
-405
-297
221
465
791
198
-116
45
-460
538
837
-250
-21
-333
-10
832
-387
-170
516
-1108
-2
838
-372
387
-341
-217
357
-576
223
377
199
-128
-581
-156
121
501
-451
-860
316
-130
-328
369
-349
-475
-88
-384
-261
311
106
-785
-451
-133
149
470
-525
-179
437
-438
-41
231
12
139
39
-82
-309
524
378
-495
-6
-162
-124
796
398
-626
3
268
496
293
-619
788
762
30
-340
-96
709
370
496
-718
-364
1290
-70
-294
-84
-378
459
295
-402
-521
312
253
-537
83
-201
-183
736
-721
-676
626
-186
-67
-73
-735
258
70
-277
12
-732
136
217
-439
-131
-370
226
-11
-635
-134
355
375
-377
-305
-198
212
964
-493
-644
446
370
348
-188
22
393
-112
344
155
-254
608
616
-468
-421
300
250
521
45
-855
286
527
135
253
-499
214
365
-364
279
214
283
59
-351
-164
-121
538
425
-676
-713
54
249
164
-221
-640
117
423
-774
-377
493
121
-169
-774
-254
747
-221
-458
-52
-334
-227
146
-184
-137
258
-48
-361
-267
328
442
2
-346
-322
334
574
-74
-258
304
217
84
475
120
-43
271
57
143
235
379
267
-206
384
428
87
334
-19
-115
648
295
-673
264
193
-105
465
-373
-99
522
-110
-183
-538
-122
376
-13
-397
-627
73
259
-341
-95
-38
-148
35
-122
-223
-202
-68
-328
-581
243
140
-601
-182
-351
-366
383
-559
-716
766
-70
-625
-12
-384
97
781
178
-799
165
500
-135
471
-206
-31
780
-168
-215
372
344
492
286
-505
35
751
299
298
-251
-119
-28
-578
550
358
-83
125
-613
-291
238
-52
165
437
-509
-492
389
18
175
382
-477
-328
69
-119
442
156
-452
-412
-169
228
-150
367
62
-818
1
-179
77
313
-147
164
-251
-358
-232
84
423
-201
-91
-181
-656
367
207
-73
115
-1047
-266
830
0
-66
394
204
25
-654
-629
585
1066
81
-991
-259
566
369
-12
-165
-66
525
371
-739
-289
860
327
2
-471
-693
749
1056
16
-794
-99
576
255
-137
-297
343
578
-343
-795
-307
617
765
-546
-916
-32
567
106
-783
-378
-211
-65
183
-453
-45
-61
-137
79
-409
-56
212
288
-391
-551
746
256
-189
126
-356
206
669
23
166
165
-19
603
642
-18
210
574
-327
130
729
28
211
331
-212
-328
470
101
-340
268
-134
-274
-27
-178
-119
-2
-87
-691
-362
445
-222
-246
-149
-535
-33
-278
-450
-17
97
112
-257
-487
0
240
94
495
-27
-144
707
-161
-172
552
-63
-77
-179
-447
486
516
-200
-673
-578
269
119
-60
203
-228
-333
-101
-452
-399
428
452
-233
-379
-279
51
837
200
-1013
-19
838
561
255
-225
44
369
271
99
-250
890
961
-634
-155
-188
175
1064
-394
-520
30
257
727
-201
-153
-63
-583
207
6
-87
473
-135
-806
-663
-129
366
334
-478
-589
-124
-73
34
383
320
-497
-860
-81
287
182
112
-424
-537
21
72
414
607
-318
-162
150
47
346
347
355
399
-305
-628
328
1026
323
107
170
-637
91
772
95
591
36
-729
188
186
-158
53
69
-396
-476
-333
131
330
-147
-722
-822
38
279
-21
-164
-141
-90
-99
516
77
-446
404
-51
-273
217
137
242
-36
-513
-507
336
675
111
-186
-95
-16
32
71
41
-229
-246
261
-224
-315
211
-218
-421
-363
-332
239
343
168
-8
-655
-384
481
208
152
488
-435
188
446
-371
546
129
-420
445
20
26
470
104
-133
-289
-180
88
486
316
-227
-151
-220
-349
107
664
521
-623
-446
238
62
438
-23
-907
-289
48
-234
116
264
77
-432
-769
5
776
986
-255
-973
-1
360
591
245
-522
-68
176
-153
-282
-300
266
558
-373
-978
1
1023
578
-430
-835
-481
758
707
-497
-299
-125
259
99
-849
266
837
255
10
-488
56
524
98
-354
-541
338
686
160
-68
-454
-355
709
509
-534
-82
523
574
204
-220
-143
722
960
-406
-335
474
36
237
-127
-1091
-345
275
-350
-652
-309
-499
-268
-231
-1313
-699
556
17
-479
-895
-615
680
432
-148
-18
128
314
364
276
222
483
359
79
-265
83
1258
687
-58
-192
-172
614
207
-233
-123
-398
-222
-131
-12
-124
304
518
-249
-97
27
453
619
-177
-172
245
549
195
-191
-4
110
425
105
-33
264
-90
-234
-298
-615
-385
366
44
-596
-246
-595
-697
-64
-384
-317
-129
-402
-336
-396
-6
-129
-662
-182
51
139
277
63
-87
-321
-340
131
433
481
218
-181
-31
255
124
-344
-344
265
620
455
189
53
435
305
30
429
597
773
570
4
-10
494
567
230
41
-8
316
529
-50
-209
211
25
-335
-386
-212
220
287
-414
-796
-205
-110
-119
146
-416
-440
-249
-466
-277
-88
-112
-229
-293
-415
-495
-7
268
-375
-546
-134
-189
303
429
-223
-196
-82
-21
-75
203
517
124
-180
-463
-383
406
603
83
-231
-244
176
489
57
-127
-125
12
18
-373
191
442
71
33
-372
-92
627
544
428
380
-2
-94
414
205
-35
179
62
223
162
88
289
25
-62
-106
-211
181
187
-203
-186
-240
-367
-10
91
-173
-57
-78
-24
180
-141
-198
159
116
-23
-70
138
223
-221
-310
63
344
-68
-290
-139
-320
-151
-183
-312
-212
-415
-287
-127
-280
-315
-452
-211
70
-126
-29
494
590
31
-151
85
462
709
289
280
532
286
277
321
260
333
507
479
118
-36
179
291
-23
-336
-236
13
186
-169
-545
-233
-206
-568
-520
-132
-9
-89
-39
-433
-677
-324
-332
-91
83
-355
-152
-39
-313
-58
42
118
75
75
171
-84
110
343
4
-211
-171
-103
189
280
-84
-330
-169
-30
-14
7
22
177
76
-148
-275
-24
330
72
7
102
-47
51
315
364
280
288
204
54
105
250
269
62
0
104
123
143
-1
98
-31
-444
-80
35
74
556
102
-327
-288
-327
100
371
100
-96
-14
-43
-49
47
-37
-65
-85
-249
-134
278
294
-71
-186
-393
-427
77
347
441
41
-428
-188
-282
-251
199
112
-7
-129
-238
-52
5
118
141
155
81
-37
400
478
-11
-126
-78
123
418
404
244
131
43
-114
-133
-47
96
138
77
-83
-268
-59
55
-319
-357
-190
67
247
-25
-61
52
-30
-23
-10
3
228
229
-67
-162
-28
66
21
-100
-209
-74
125
3
-184
-276
-239
-176
-137
-30
-33
51
46
-181
-120
81
58
71
137
75
120
278
242
116
168
140
162
243
68
134
240
-50
-55
-40
-122
86
107
-99
-195
-196
-181
-184
-219
-173
-116
-181
-272
-202
-37
-77
-69
-101
-161
-4
-21
-67
-36
-173
-171
-75
-91
-78
67
162
24
-144
-106
130
271
111
-58
48
156
118
13
-62
27
191
128
-28
40
231
256
84
-120
-66
185
281
160
-29
41
169
89
-13
13
18
51
-58
-169
-57
-16
-28
-48
-173
-192
-42
38
-29
-157
-151
-80
-125
-95
21
88
107
22
-99
6
135
133
113
4
20
82
83
74
35
-64
-60
17
60
57
-29
-112
-59
-40
-118
-18
14
74
97
-81
-8
108
74
78
55
122
183
92
-54
-52
57
57
6
1
85
97
8
13
8
68
80
-61
10
121
33
-52
-29
-55
-45
14
-30
1
46
-49
-157
-222
-135
-31
-23
-49
-89
-102
-93
-58
-15
25
19
-29
-98
-3
110
42
-75
-142
-138
-74
53
68
-38
-85
-186
-218
-113
-31
64
59
-121
-168
-25
19
-23
-9
-29
-2
105
127
91
135
102
33
59
63
79
79
23
-30
62
70
-63
-84
-117
-115
48
42
-24
-33
-78
-73
-10
31
77
172
162
66
100
218
197
196
127
41
86
125
88
50
33
10
28
-16
-64
-19
-43
-64
-68
-152
-99
-7
-48
-42
-70
-143
-156
-141
-141
-135
-81
-130
-199
-207
-203
-161
-90
-144
-242
-160
-81
-86
-70
-65
-74
-48
-70
-107
-8
101
91
160
182
150
204
236
199
162
196
214
197
170
162
154
166
131
69
79
94
136
145
86
29
41
55
24
52
33
3
-28
-41
-44
-62
-34
-83
-148
-126
-172
-147
-110
-147
-108
-133
-128
-90
-125
-113
-64
-77
-69
1
29
16
9
-42
-33
-1
-34
0
26
8
54
16
-64
-38
-15
-8
-24
0
66
36
47
-3
-37
69
102
69
144
114
94
161
74
34
76
100
112
124
126
117
96
103
82
33
54
60
61
74
12
-48
-97
-96
-85
-102
-59
-38
-42
-106
-109
-75
-130
-112
-100
-118
-57
-47
-94
-49
-47
-111
-126
-66
-57
-62
-60
-47
-12
-9
-37
-37
26
-20
-64
-51
-39
-4
-11
-57
-26
22
32
10
-11
-7
7
28
38
32
95
122
42
24
52
96
112
59
-1
8
59
52
17
15
-12
-30
1
-5
17
76
85
7
-52
-15
56
46
39
49
39
73
31
-14
-5
-1
4
1
5
33
58
15
-50
-39
-25
-10
2
21
60
54
76
40
5
-27
-79
-34
-25
-58
-63
-65
-127
-147
-145
-139
-103
-93
-108
-117
-65
-37
-76
-88
-78
-99
-45
-9
31
58
36
34
45
104
124
156
150
99
118
121
100
134
92
64
67
24
58
88
66
57
-4
-12
46
2
-8
11
26
38
-15
-40
-30
-38
-29
-15
-3
50
40
-16
-31
-16
38
81
39
-18
31
48
-19
-11
-9
-5
22
-2
-48
-76
-44
-49
-97
-82
-67
-50
-22
-59
-42
-28
-64
-31
-30
-18
40
77
25
-69
-56
-60
-16
39
-42
-51
-26
-39
-61
-57
-8
5
-44
-89
-71
15
48
-70
-121
-89
2
89
48
40
52
56
77
59
54
97
137
68
28
96
128
121
47
-21
8
27
36
-19
-36
-16
-43
-70
-96
-47
-10
-4
-5
-28
-5
3
-20
-41
-38
15
50
53
-1
-49
-44
-64
-49
-74
-70
-28
-62
-72
-26
16
7
-11
-50
-44
16
42
35
58
23
-17
-4
3
60
86
40
-12
-57
-37
13
-4
2
-2
4
13
34
57
23
-23
-44
-9
67
103
86
115
91
29
-9
-16
33
82
112
89
51
11
-13
-22
-31
-21
9
32
19
8
-13
-57
-81
-54
-38
-19
22
46
2
-48
-48
-74
-60
-22
-14
51
45
-62
-68
-64
-83
-72
-38
10
65
59
-7
-10
-9
-30
-10
22
56
73
74
61
54
38
20
38
56
26
4
-15
-34
-27
-56
-70
-8
0
-36
-20
-43
-59
-56
-80
-84
-20
31
8
-24
-18
-12
9
18
-41
-6
43
-7
-5
-2
-65
-33
0
-46
-23
39
35
17
5
-13
37
65
53
82
95
106
84
70
86
74
60
48
17
40
71
52
24
-40
-68
-82
-106
-65
-40
-45
-29
-40
-61
-46
-64
-98
-79
-37
-17
-11
-13
-47
-54
-46
-43
-19
-4
11
-30
-79
-43
2
30
12
-38
-2
38
12
39
12
-23
-3
-43
-40
-7
13
20
-12
-33
-44
32
67
17
35
18
8
26
21
30
44
62
40
46
71
103
134
88
27
-37
-24
23
12
4
-16
-5
-6
-23
-9
-20
-15
-4
-15
26
97
126
75
35
22
25
62
68
51
49
45
18
-8
-21
-46
-62
-66
-77
-71
-69
-82
-109
-161
-165
-140
-149
-120
-97
-101
-60
-65
-81
-46
-32
-12
26
34
34
42
22
10
32
30
29
52
34
16
43
70
64
40
41
47
44
62
88
74
62
55
28
30
39
65
101
109
72
33
70
78
44
12
-2
16
27
13
-35
-33
18
12
-1
16
6
-10
-4
-16
-20
-13
-7
11
6
13
9
-12
-34
-76
-75
-16
15
-3
-45
-59
-78
-69
-53
-95
-71
-37
-37
-47
-52
-31
-28
-45
-62
-30
9
22
33
22
-12
-36
3
-1
-34
12
37
10
9
24
28
32
20
-12
-25
0
34
19
-34
-37
11
11
-6
-4
-15
21
-5
-59
-32
-20
4
21
-20
-18
16
-15
-34
26
56
64
49
13
47
71
43
15
14
9
8
23
9
28
39
7
-6
6
30
53
34
0
-16
-8
11
0
9
26
6
-40
-57
-23
7
25
16
-10
17
41
36
11
-4
11
15
2
-17
-6
-6
-42
-61
-53
4
20
22
21
-15
0
-22
-39
-6
27
48
53
44
37
51
24
-19
-9
26
38
44
3
-32
-37
-43
-43
-69
-61
-39
-43
-55
-75
-53
-55
-54
-24
-27
13
23
-23
-35
-34
-15
6
21
41
54
46
7
-11
3
26
10
-23
-6
-19
-10
22
-3
-18
-37
-46
-9
21
11
-8
-4
-15
-43
-27
16
59
62
19
14
6
6
9
2
21
36
27
-4
-4
11
14
-30
-75
-49
1
54
40
4
5
-13
-28
-40
-30
18
29
2
-27
-38
-19
-7
-38
-56
-10
25
-7
-33
-1
18
-5
-30
-48
-20
5
-21
-44
-46
-20
17
-19
-52
-25
-10
5
-14
-45
-50
-37
-8
-13
-17
8
13
17
35
60
76
86
98
89
101
121
109
99
86
58
38
46
62
25
18
3
-59
-41
-17
-38
-45
-40
-44
-61
-71
-89
-79
-81
-142
-126
-74
-55
-34
-46
-77
-72
-37
-35
-40
-31
-20
-32
-46
-34
-36
-16
-28
-45
-26
-28
-4
36
48
41
26
27
32
47
99
100
56
38
37
47
57
64
72
61
49
57
62
60
48
30
37
33
43
64
24
-10
-24
-24
-5
8
11
-2
-9
-7
-11
-10
18
60
50
41
68
50
15
7
6
10
20
39
40
29
11
-38
-41
-41
-66
-37
-29
-62
-51
-49
-72
-76
-91
-108
-92
-77
-51
-33
-33
-12
-13
-30
-25
15
48
29
23
41
64
71
52
33
32
38
27
49
82
72
62
48
24
26
42
64
77
72
67
47
30
21
-6
-16
21
44
31
17
-11
-54
-60
-71
-91
-66
-28
-44
-74
-81
-99
-79
-56
-76
-52
-27
-35
-5
-15
-42
-23
-28
-18
14
17
12
2
-28
-29
-11
0
23
9
0
15
6
7
19
12
17
33
13
4
38
29
6
12
5
12
26
24
18
20
29
23
3
-6
13
17
5
20
26
27
24
-7
-1
-5
-2
36
5
-17
-1
-11
-19
-40
-65
-68
-34
-16
-34
-35
-32
-36
-53
-68
-50
-3
23
20
23
26
11
0
30
37
21
47
61
66
51
8
-6
-5
-5
15
26
14
17
1
-40
-33
-21
-20
4
-15
-26
12
8
-25
-23
-17
-2
35
33
10
14
11
-16
-10
18
19
27
37
5
2
23
10
13
34
44
53
36
14
32
59
55
27
19
26
39
48
14
3
26
18
11
14
13
2
-23
-40
-47
-33
-10
-18
-45
-50
-44
-57
-66
-60
-59
-35
-21
-50
-56
-51
-66
-51
-29
-40
-29
-3
-5
-23
-18
-5
-12
-2
14
13
39
47
25
40
33
4
12
27
28
23
13
17
21
10
-14
-9
10
-15
-33
-23
0
22
9
-25
-48
-43
-33
-28
-6
-18
-29
-16
-34
-26
-27
-48
-39
-17
23
34
34
36
22
36
56
54
60
80
77
76
90
75
55
50
42
19
25
32
-2
-3
-17
-48
-35
-38
-42
-40
-51
-49
-51
-42
-33
-36
-24
-15
-10
2
13
1
4
15
10
20
43
55
42
14
3
10
26
28
-2
2
32
16
-11
-22
-42
-49
-50
-62
-33
-4
-31
-55
-72
-81
-37
-10
-26
-30
-29
2
41
32
11
33
56
47
55
83
101
107
79
51
75
101
96
87
69
48
52
68
54
37
39
26
19
28
29
18
13
6
-4
15
14
-4
10
-4
-26
-23
-31
-36
-39
-51
-45
-42
-71
-84
-54
-41
-52
-77
-86
-66
-50
-49
-65
-63
-59
-62
-39
-32
-43
-48
-59
-56
-45
-43
-31
-28
-46
-49
-27
-2
-7
-19
-11
-4
22
49
37
29
42
43
40
54
62
54
60
50
29
54
64
30
9
2
2
18
24
12
14
14
-5
-8
-5
-8
17
37
35
36
33
36
32
17
12
15
24
17
-4
-19
-33
-35
-34
-50
-45
-38
-45
-41
-38
-44
-38
-32
-41
-35
-8
-14
-23
-17
-34
-33
-18
-21
-17
-21
-30
-31
-38
-40
-29
-11
-20
-33
-17
-10
-8
-12
-24
-18
5
20
30
51
46
18
11
18
30
55
62
49
52
40
18
28
35
26
29
32
40
55
49
32
13
15
26
35
48
33
19
12
-5
-6
-6
-21
-22
-17
-27
-25
-19
-41
-45
-36
-43
-36
-29
-38
-29
-30
-39
-15
0
-11
-2
0
-17
-21
-17
-7
10
18
20
11
5
8
8
12
14
20
30
42
48
39
27
16
9
9
24
32
27
27
21
2
-10
-22
-32
-11
6
-7
-5
-5
-22
-22
-21
-25
-19
-15
-8
9
26
17
9
2
-12
6
23
11
10
16
28
36
18
10
13
18
27
19
12
22
26
13
-2
-7
-8
-9
-21
-23
-8
-3
-14
-35
-50
-55
-45
-39
-51
-55
-46
-48
-47
-39
-44
-64
-74
-60
-41
-25
-23
-25
-15
-9
-11
-12
-7
3
3
0
3
28
50
38
21
3
-3
19
25
23
26
21
17
16
23
21
14
17
12
21
39
49
52
38
33
42
45
46
53
57
50
38
31
25
21
15
9
6
3
3
-3
-6
-18
-38
-44
-33
-11
-7
-28
-33
-21
-11
-21
-26
-17
-14
2
8
3
8
2
0
0
1
12
14
7
-7
-10
11
25
12
2
1
-2
1
-4
-10
-3
-6
-15
-13
0
3
-10
-24
-31
-20
0
8
1
-3
2
1
-3
-3
7
27
24
8
7
16
25
18
7
7
-1
-3
8
7
6
3
-5
-17
-15
2
1
-8
-26
-38
-15
2
-11
-24
-25
-27
-19
-11
-27
-27
-16
-13
-12
-19
-27
-15
-7
-17
-18
-4
1
1
-4
-4
7
11
6
6
21
36
33
16
12
27
31
20
4
1
11
10
-2
-17
-23
-26
-35
-43
-48
-44
-44
-48
-52
-51
-41
-44
-52
-52
-39
-10
2
-14
-25
-3
19
19
14
13
26
41
36
36
48
48
45
36
34
48
49
41
35
30
25
26
29
19
6
-3
-14
-15
-15
-24
-21
-22
-39
-45
-43
-36
-23
-27
-42
-44
-35
-27
-16
-12
-19
-19
-19
-18
-6
-1
-12
-19
-20
-21
-17
-17
-29
-37
-44
-48
-36
-29
-33
-33
-32
-31
-21
-15
-10
6
9
11
24
28
30
30
26
36
38
31
35
40
38
25
16
13
18
25
19
20
25
20
25
31
29
31
42
50
59
67
54
52
59
57
63
66
63
60
43
38
46
34
20
14
10
10
7
-4
-14
-27
-42
-49
-48
-40
-40
-43
-47
-58
-58
-56
-54
-42
-40
-45
-40
-29
-22
-19
-21
-22
-19
-14
-3
2
3
0
-4
-1
5
8
7
11
13
8
5
8
17
26
17
8
17
21
17
11
7
6
8
0
-14
-10
0
-9
-19
-28
-33
-26
-31
-41
-37
-33
-34
-40
-37
-32
-31
-23
-18
-15
-5
4
3
-1
6
12
15
19
18
20
24
19
8
2
4
7
17
20
11
5
-4
-7
3
10
11
14
10
11
17
18
15
15
16
22
33
30
25
29
20
9
9
15
24
21
8
-2
-6
-3
-3
0
2
-2
3
7
4
7
14
12
10
16
23
33
31
14
8
16
22
20
11
5
4
4
-3
-6
-5
-8
-15
-22
-18
-8
-4
-10
-26
-32
-21
-11
-6
-7
-10
-6
-2
-9
-14
-14
-9
-13
-19
-19
-13
-9
-19
-34
-39
-29
-21
-19
-17
-19
-16
-16
-18
-17
-9
1
-2
-10
-12
-4
3
-8
-22
-21
-11
-10
-19
-25
-24
-19
-17
-24
-26
-20
-14
-13
-14
-10
-1
5
3
2
12
18
16
13
14
25
30
22
17
17
17
17
11
6
8
15
12
5
3
6
6
4
-2
-1
6
7
6
4
9
10
4
0
-2
5
17
15
10
10
10
10
6
8
13
18
16
12
11
14
13
4
5
10
12
11
8
7
3
-2
-6
-7
-5
-5
-5
-5
-5
-6
-13
-13
-6
-6
-1
0
-1
2
1
-3
-6
-1
5
7
3
-5
2
8
3
1
3
10
14
9
4
6
10
6
3
2
3
6
5
-5
-14
-11
-13
-18
-18
-18
-11
-12
-23
-25
-20
-15
-14
-9
0
6
7
3
4
7
13
18
20
17
16
14
10
9
11
7
5
9
8
12
16
14
14
17
23
30
34
36
39
41
37
36
42
41
37
30
21
20
18
11
4
-2
-3
-7
-9
-10
-8
-4
-5
-5
2
10
14
18
18
20
24
26
29
30
28
23
17
8
4
7
2
-4
-12
-21
-18
-19
-26
-28
-28
-27
-21
-20
-23
-21
-17
-20
-21
-19
-13
-9
-12
-19
-22
-19
-24
-29
-28
-23
-18
-19
-25
-24
-17
-12
-13
-11
