SAMPLES:	13216
BITSPERSAMPLE:	16
CHANNELS:	1
SAMPLERATE:	16000
NORMALIZED:	FALSE
4
4
3
4
3
3
3
2
4
2
3
2
0
-1
-2
-3
-5
-6
-9
-10
-12
-15
-17
-19
-21
-22
-25
-26
-27
-27
-28
-29
-30
-30
-29
-29
-27
-27
-25
-22
-20
-18
-16
-12
-11
-9
-6
-5
-3
-2
0
1
2
4
4
5
4
5
4
5
4
4
5
4
5
4
4
3
3
5
4
5
4
4
4
2
2
0
0
-1
-3
-3
-6
-8
-9
-10
-11
-11
-12
-11
-11
-12
-12
-11
-11
-9
-9
-8
-6
-5
-3
-2
0
3
5
7
11
12
16
17
19
21
22
24
25
24
26
27
29
29
29
28
27
27
25
25
23
22
20
18
16
14
13
10
7
6
5
4
3
3
3
1
0
1
2
4
3
4
5
7
8
10
9
11
10
11
13
14
15
15
15
14
14
14
12
12
11
10
10
8
7
6
4
2
2
1
1
1
0
0
-2
-2
-1
-2
-2
-3
-2
-2
-2
0
2
1
1
2
2
3
4
4
6
4
5
5
6
5
4
4
3
2
2
2
3
1
1
-1
-3
-5
-5
-7
-9
-10
-10
-11
-11
-11
-13
-14
-14
-13
-14
-14
-12
-13
-12
-13
-13
-12
-9
-9
-9
-8
-8
-7
-7
-6
-7
-8
-7
-8
-9
-8
-8
-10
-12
-12
-12
-13
-13
-14
-14
-15
-16
-17
-15
-16
-15
-14
-13
-11
-10
-9
-7
-5
-2
0
2
5
8
10
13
16
18
23
25
28
29
31
32
32
33
34
33
34
33
32
31
29
27
25
23
22
20
19
16
15
12
10
8
6
4
2
0
-4
-7
-10
-13
-16
-17
-19
-21
-23
-25
-26
-27
-28
-29
-29
-27
-26
-25
-23
-22
-21
-18
-16
-15
-11
-10
-8
-6
-5
-3
-3
-2
0
0
2
3
4
5
6
7
8
8
10
11
13
11
11
13
12
12
11
9
9
9
6
5
2
0
-2
-4
-5
-7
-8
-8
-9
-9
-8
-8
-7
-6
-4
-2
-1
1
3
4
6
7
8
8
9
10
8
8
7
5
5
2
0
1
0
0
0
-1
-2
-2
-3
-5
-5
-5
-6
-4
-5
-5
-6
-8
-10
-9
-10
-11
-10
-10
-9
-7
-7
-7
-5
-4
-2
-1
1
3
4
6
7
9
10
12
13
13
14
14
14
15
14
15
13
11
9
8
8
8
7
5
4
1
0
-1
-1
-1
-2
-2
-2
-2
-1
-2
-2
-2
-1
-1
0
0
2
2
3
3
4
4
6
7
9
8
10
9
8
9
8
9
11
10
9
9
9
8
8
8
6
7
6
8
7
8
6
6
5
5
3
4
3
2
2
1
-2
-1
-4
-3
-5
-4
-6
-5
-8
-8
-11
-12
-13
-13
-15
-14
-16
-14
-16
-15
-16
-16
-15
-14
-12
-11
-9
-8
-6
-6
-4
-3
-2
-2
0
2
3
5
6
6
9
9
10
11
14
16
17
15
15
14
15
14
15
14
13
11
11
8
7
6
5
2
2
-2
-1
-4
-6
-7
-8
-10
-9
-12
-11
-13
-13
-16
-17
-19
-19
-20
-21
-21
-21
-22
-21
-20
-22
-21
-20
-21
-20
-19
-18
-16
-15
-12
-12
-11
-10
-8
-6
-4
-2
1
1
5
6
7
10
11
12
12
13
13
13
14
15
14
15
18
18
19
20
20
19
19
19
18
17
16
13
10
8
6
3
0
-5
-8
-11
-14
-17
-18
-20
-22
-23
-23
-26
-26
-26
-27
-27
-27
-27
-26
-26
-23
-23
-21
-20
-17
-15
-13
-10
-9
-8
-4
-2
0
1
2
5
7
8
12
14
16
19
22
23
26
28
30
32
33
32
34
33
33
30
29
28
27
27
22
21
18
17
16
15
12
13
11
10
7
6
4
3
0
-1
-4
-5
-6
-8
-10
-10
-13
-12
-14
-13
-13
-14
-14
-14
-16
-16
-16
-16
-16
-16
-17
-16
-17
-15
-15
-14
-15
-14
-14
-14
-13
-13
-14
-13
-15
-17
-19
-19
-21
-22
-21
-21
-21
-20
-19
-19
-17
-17
-15
-12
-9
-7
-5
-5
-4
-2
0
1
4
4
7
9
9
11
13
14
14
15
16
16
17
17
17
17
18
18
18
17
16
14
14
13
12
12
11
10
9
7
7
4
4
2
2
2
1
1
2
1
2
2
2
2
3
3
6
8
9
11
12
13
15
14
14
14
14
12
11
8
6
6
4
3
0
1
0
-2
-3
-5
-6
-7
-8
-11
-12
-14
-15
-14
-17
-17
-18
-19
-19
-19
-19
-19
-18
-17
-17
-15
-15
-13
-13
-11
-9
-7
-4
-1
1
3
5
6
9
12
12
14
12
14
13
14
15
13
14
13
13
13
13
14
12
13
13
11
10
9
8
6
6
4
3
2
1
0
-2
-2
-3
-4
-4
-6
-6
-5
-6
-6
-7
-7
-8
-7
-8
-6
-6
-6
-6
-7
-8
-10
-11
-12
-14
-15
-16
-18
-17
-17
-17
-17
-15
-14
-14
-11
-11
-9
-8
-7
-6
-6
-3
-1
1
2
6
9
13
15
19
21
25
27
29
30
29
28
28
29
27
27
26
24
24
21
20
16
13
9
4
-1
-6
-11
-15
-18
-23
-26
-29
-33
-35
-37
-39
-40
-42
-42
-43
-42
-42
-41
-42
-41
-39
-37
-34
-31
-28
-22
-18
-14
-10
-5
-3
2
4
6
10
11
13
15
16
19
20
22
22
22
21
21
19
17
16
14
12
10
7
7
5
4
4
4
2
1
-1
-2
-3
-4
-4
-5
-6
-8
-8
-8
-7
-6
-4
-1
0
1
2
3
5
5
4
5
5
4
3
2
2
1
1
2
3
2
2
0
-1
-3
-4
-6
-9
-10
-12
-12
-14
-15
-15
-15
-15
-14
-14
-13
-13
-13
-14
-13
-13
-12
-8
-7
-3
0
4
8
12
17
19
22
25
27
29
31
32
33
34
35
35
36
38
37
38
36
36
34
33
31
28
24
22
18
15
13
9
7
5
2
1
-2
-5
-7
-9
-11
-12
-14
-15
-16
-15
-16
-15
-15
-13
-12
-10
-9
-7
-5
-4
-2
-1
0
2
3
4
6
5
6
5
5
6
6
5
6
6
7
6
5
4
2
2
2
1
0
0
0
-1
-2
-2
-4
-4
-5
-6
-6
-7
-7
-8
-9
-8
-7
-9
-8
-9
-9
-10
-10
-10
-10
-10
-10
-11
-10
-10
-10
-11
-10
-11
-10
-9
-9
-8
-6
-8
-7
-7
-5
-5
-4
-3
-3
-1
0
0
0
1
2
5
5
6
7
8
8
8
7
7
5
3
3
0
-2
-3
-6
-8
-9
-11
-14
-14
-15
-16
-18
-17
-18
-19
-17
-18
-16
-14
-13
-12
-10
-7
-5
-3
0
3
5
7
9
13
15
15
17
18
19
20
21
19
18
19
18
15
13
8
5
3
-2
-5
-8
-10
-11
-13
-16
-17
-20
-21
-22
-24
-24
-24
-23
-24
-22
-21
-21
-19
-17
-13
-12
-10
-7
-6
-3
-2
-1
-1
0
1
3
2
2
2
2
2
2
1
1
0
-1
-2
-4
-4
-6
-8
-9
-8
-9
-7
-6
-4
-1
0
4
6
9
12
15
18
21
23
25
28
31
32
34
36
36
36
36
33
35
32
30
27
24
21
18
13
10
5
2
-1
-5
-6
-11
-12
-13
-17
-17
-19
-19
-20
-21
-20
-18
-18
-17
-16
-15
-14
-11
-10
-8
-5
-4
-3
-2
-1
-2
-1
-2
-1
-1
-1
-2
-3
-3
-3
-3
-4
-5
-7
-7
-9
-8
-9
-11
-10
-11
-11
-10
-11
-9
-9
-10
-8
-8
-6
-5
-5
-4
-3
-3
-2
0
2
2
3
3
4
4
5
5
6
7
7
7
5
6
5
5
5
5
5
5
7
8
8
10
11
12
13
12
14
13
14
14
13
14
13
12
11
10
9
7
5
4
2
-2
-5
-7
-10
-12
-13
-15
-17
-17
-19
-22
-20
-21
-22
-22
-22
-21
-21
-20
-19
-17
-16
-14
-13
-9
-8
-6
-4
0
1
3
5
6
8
10
10
11
12
12
10
12
11
10
9
8
6
3
2
0
-3
-4
-7
-8
-8
-8
-8
-8
-7
-5
-4
-1
2
5
8
11
15
19
22
26
29
32
34
37
38
40
42
42
42
41
39
36
33
31
28
22
18
14
10
5
0
-5
-10
-14
-18
-22
-25
-30
-33
-36
-38
-39
-41
-41
-39
-38
-37
-36
-34
-32
-29
-24
-21
-18
-16
-14
-7
-1
1
3
4
5
7
9
10
11
14
13
13
13
12
11
11
9
6
5
4
3
3
3
0
-2
-3
-3
-3
-2
-3
-3
-5
-4
-3
-2
-2
-1
0
0
1
3
5
7
10
11
12
11
11
12
12
12
11
11
10
12
12
10
8
6
4
5
3
4
-1
-4
-6
-8
-10
-12
-13
-15
-16
-18
-19
-21
-21
-21
-21
-21
-23
-25
-26
-25
-26
-26
-25
-26
-24
-23
-22
-20
-19
-17
-13
-12
-9
-9
-7
-6
-3
-1
2
5
9
11
12
13
14
16
20
25
28
29
28
29
29
31
32
33
35
35
37
35
34
32
31
32
35
35
35
31
24
20
16
14
14
14
11
5
-1
-6
-9
-9
-10
-11
-17
-25
-31
-33
-34
-33
-33
-36
-40
-43
-43
-40
-36
-34
-33
-32
-34
-36
-38
-35
-32
-28
-25
-22
-20
-16
-11
-7
0
6
13
19
23
27
28
28
27
28
28
28
28
25
25
23
25
29
32
32
30
24
21
20
19
22
23
18
8
-2
-12
-16
-14
-10
-7
-8
-12
-18
-26
-28
-29
-25
-20
-15
-11
-10
-10
-12
-13
-13
-10
-6
1
8
11
10
5
0
-4
-2
5
15
26
32
35
35
34
33
32
32
31
33
31
30
29
24
17
10
1
-1
2
12
21
25
21
11
-3
-17
-24
-26
-24
-19
-17
-21
-31
-45
-56
-63
-60
-51
-40
-32
-31
-37
-47
-57
-61
-54
-42
-27
-16
-11
-14
-21
-24
-24
-17
-6
5
11
11
6
2
3
16
31
43
50
51
48
43
45
52
58
62
57
46
32
19
17
23
35
49
55
49
35
19
6
-3
-2
8
11
7
-6
-26
-44
-55
-51
-39
-23
-7
3
4
-5
-19
-33
-44
-44
-36
-24
-20
-21
-29
-42
-53
-52
-42
-23
1
20
32
37
35
28
17
8
7
12
25
42
53
47
31
7
-7
-5
13
42
69
84
79
56
23
-2
-11
1
25
50
58
45
13
-22
-46
-54
-41
-18
2
6
-6
-30
-57
-70
-70
-56
-34
-10
8
10
-2
-28
-55
-73
-72
-51
-26
-6
-7
-30
-59
-78
-77
-53
-13
25
50
54
39
19
-2
-12
-8
10
30
43
40
23
-4
-31
-44
-37
-7
29
56
59
45
22
-4
-20
-19
1
27
51
66
65
44
12
-18
-35
-23
5
26
40
42
21
-14
-49
-70
-67
-54
-35
0
38
65
74
60
31
8
-2
8
40
71
74
36
-26
-85
-125
-142
-123
-75
-20
25
50
61
64
55
38
28
34
46
47
26
-14
-57
-98
-124
-119
-86
-51
-24
-11
-4
7
17
22
26
22
4
-24
-49
-60
-52
-36
-21
-11
-19
-48
-85
-106
-85
-25
50
119
151
130
62
-22
-81
-89
-50
7
59
85
70
30
-20
-59
-70
-49
-3
63
120
143
128
74
-4
-72
-105
-91
-34
37
90
109
87
36
-16
-51
-57
-35
2
39
64
63
41
11
-8
-1
19
41
60
69
62
45
20
-10
-34
-55
-78
-90
-81
-64
-47
-35
-31
-28
-25
-22
-9
15
28
26
15
2
-9
-18
-27
-28
-13
7
21
33
33
19
-6
-24
-20
13
64
103
116
100
52
-20
-78
-99
-82
-26
44
105
143
148
105
34
-23
-60
-71
-57
-28
-11
-16
-43
-80
-103
-101
-78
-39
18
66
83
67
31
-6
-36
-52
-46
-21
-2
-4
-20
-39
-54
-60
-60
-50
-31
-14
-5
10
26
38
50
62
62
48
24
-26
-88
-126
-135
-116
-60
2
34
33
10
-24
-39
-21
10
43
74
83
59
18
-29
-72
-93
-81
-33
39
102
120
91
27
-35
-59
-29
48
131
170
149
80
-8
-77
-100
-66
2
79
138
162
149
100
27
-52
-105
-122
-110
-68
-12
18
14
-16
-68
-111
-111
-68
3
87
145
136
74
-3
-75
-110
-89
-50
-22
-22
-60
-111
-136
-122
-78
-14
50
95
117
121
109
89
62
28
-5
-22
-25
-22
-21
-27
-34
-47
-58
-55
-35
-12
17
50
70
74
66
40
17
19
24
24
22
3
-36
-63
-64
-49
-23
-10
-22
-39
-41
-29
-6
23
31
12
-18
-32
-20
11
43
50
39
23
7
-7
-3
7
5
3
19
42
66
81
66
32
6
-3
3
36
72
82
68
44
19
2
-5
-6
-2
16
37
48
50
34
-12
-71
-112
-121
-101
-59
-19
4
9
-5
-28
-40
-29
-11
4
12
5
-21
-60
-99
-123
-132
-126
-111
-87
-56
-33
-26
-27
-29
-38
-41
-22
14
59
94
97
73
43
7
-22
-27
-20
-16
-14
-15
-9
11
35
51
60
66
68
72
76
90
95
81
65
58
61
75
90
82
62
30
-15
-44
-38
-16
9
38
46
38
22
-1
-21
-28
-33
-45
-62
-89
-113
-128
-137
-129
-112
-103
-84
-58
-38
-7
19
16
4
-9
-30
-35
-21
-11
-3
6
2
0
16
40
70
97
107
108
107
96
84
73
60
55
51
43
48
51
40
30
12
-9
-16
-19
-26
-28
-39
-57
-75
-84
-85
-76
-62
-46
-24
-3
14
28
31
26
12
-8
-22
-34
-45
-61
-79
-93
-94
-78
-55
-33
-18
-15
-15
-5
21
44
62
69
60
34
4
-19
-33
-26
-5
17
35
55
55
39
35
33
43
67
74
64
41
-3
-42
-71
-85
-76
-65
-58
-44
-39
-40
-36
-39
-44
-50
-62
-74
-86
-100
-110
-119
-111
-87
-69
-51
-31
-20
-11
3
17
32
41
33
15
1
-5
-11
-15
-13
-3
12
33
57
86
115
128
136
145
152
153
148
133
117
109
102
101
107
109
96
63
29
7
-16
-12
15
33
48
62
46
20
26
32
29
57
73
39
0
-38
-102
-151
-173
-195
-187
-148
-113
-83
-95
-100
-80
-141
-124
-36
-75
-37
11
-105
-123
-132
-239
-202
-181
-227
-185
-226
-274
-228
-268
-254
-165
-168
-113
-69
-132
-117
-124
-184
-164
-167
-174
-133
-133
-126
-119
-151
-143
-137
-141
-79
-46
-61
-27
-11
-20
25
85
132
189
241
260
264
291
322
355
401
432
453
460
448
450
465
484
522
545
551
575
591
583
584
574
569
587
582
573
590
590
578
566
534
485
442
403
368
356
329
282
232
170
123
100
77
69
67
49
11
-19
-51
-112
-182
-250
-321
-376
-415
-448
-480
-515
-544
-575
-604
-593
-573
-560
-538
-551
-616
-682
-752
-800
-804
-804
-797
-783
-798
-825
-843
-859
-862
-849
-844
-849
-831
-811
-798
-769
-762
-792
-818
-849
-888
-917
-948
-1001
-1075
-1133
-1116
-916
-383
388
1076
1554
1820
1830
1723
1626
1510
1446
1483
1455
1275
1055
818
505
208
57
73
249
550
853
1085
1270
1392
1418
1415
1453
1481
1483
1500
1470
1317
1055
679
250
-69
-252
-352
-361
-312
-294
-315
-326
-321
-311
-259
-188
-131
-40
64
111
87
-12
-171
-330
-468
-563
-596
-602
-587
-556
-565
-587
-565
-505
-344
-82
163
380
556
595
592
599
543
519
563
537
472
448
385
285
254
267
262
306
397
434
433
439
391
295
184
50
-76
-204
-333
-427
-518
-634
-758
-890
-997
-1044
-1051
-1051
-1047
-1025
-1015
-1033
-1054
-1087
-1155
-1262
-1373
-1444
-1512
-1580
-1610
-1639
-1666
-1675
-1734
-1770
-1687
-1631
-1640
-1593
-1546
-1559
-1582
-1600
-1608
-1595
-1593
-1481
-767
847
2596
3465
3570
3373
2870
2306
1967
1828
1992
2283
2124
1545
1053
634
35
-483
-421
181
865
1420
1843
2071
2128
2060
1872
1743
1779
1796
1742
1725
1683
1398
693
-242
-956
-1297
-1385
-1294
-1058
-797
-684
-723
-753
-740
-686
-572
-455
-240
118
358
340
160
-111
-413
-685
-877
-921
-869
-824
-811
-800
-752
-713
-697
-611
-404
-93
265
582
812
958
977
893
796
745
734
700
654
637
597
486
347
211
108
99
128
174
272
387
498
635
737
761
725
561
367
284
207
79
-5
-115
-289
-422
-530
-607
-583
-518
-470
-385
-239
-97
-30
-44
-112
-212
-286
-337
-424
-524
-598
-634
-650
-686
-740
-774
-807
-781
-674
-592
-522
-417
-344
-332
-338
-397
-502
-584
-631
-651
-666
-706
-796
-928
-1059
-1136
-1171
-1214
-1254
-1325
-1450
-1572
-1649
-1696
-1701
-1677
-1693
-1789
-1828
-1057
926
2882
3583
3475
3138
2489
1835
1397
1140
1304
1647
1399
668
186
-163
-819
-1372
-1165
-403
385
1091
1649
1996
2222
2299
2152
2016
2065
2096
2046
2085
2151
1877
1094
85
-716
-1092
-1175
-1111
-900
-621
-454
-425
-367
-277
-188
-92
5
180
505
766
701
428
93
-289
-682
-1017
-1191
-1236
-1261
-1261
-1206
-1125
-1033
-956
-870
-646
-304
71
395
640
872
1005
968
895
822
708
631
597
584
619
609
529
418
331
339
394
451
582
797
1053
1295
1402
1340
1140
834
568
401
287
241
214
100
-56
-209
-398
-543
-577
-547
-457
-301
-169
-134
-200
-377
-609
-806
-932
-1003
-1064
-1084
-1031
-970
-970
-1002
-1070
-1151
-1165
-1079
-897
-671
-480
-383
-383
-479
-638
-797
-920
-938
-874
-789
-722
-693
-735
-847
-920
-949
-1014
-1101
-1143
-1182
-1242
-1260
-1312
-1417
-1500
-1543
-1588
-1595
-1612
-1693
-1070
826
2836
3611
3553
3310
2729
2096
1666
1348
1395
1695
1472
745
311
42
-612
-1272
-1163
-427
331
1033
1594
1924
2180
2308
2148
1974
2027
2028
1925
1945
2057
1860
1091
91
-691
-1082
-1163
-1074
-867
-559
-308
-251
-166
24
172
247
315
478
760
979
893
612
286
-113
-563
-968
-1218
-1354
-1402
-1365
-1270
-1120
-990
-942
-898
-700
-403
-84
248
522
722
808
755
607
460
330
219
188
206
224
180
83
-55
-188
-206
-127
12
194
438
799
1253
1574
1646
1570
1295
909
653
488
354
315
255
53
-129
-261
-424
-506
-431
-235
-16
185
343
364
240
84
-113
-407
-634
-751
-855
-866
-761
-713
-806
-943
-1112
-1277
-1301
-1168
-961
-735
-519
-442
-539
-733
-946
-1132
-1269
-1291
-1224
-1097
-1017
-1081
-1228
-1366
-1461
-1518
-1472
-1363
-1221
-1103
-1064
-1058
-1114
-1178
-1180
-1168
-1233
-1262
-1272
-1309
-609
1220
3009
3658
3601
3263
2565
1988
1647
1350
1390
1722
1630
1071
685
350
-281
-865
-797
-217
399
1056
1625
1947
2163
2261
2017
1632
1487
1458
1458
1589
1732
1501
796
-30
-723
-1137
-1233
-1142
-996
-728
-383
-144
57
221
251
156
59
83
235
430
487
378
155
-154
-560
-1002
-1302
-1439
-1430
-1295
-1106
-902
-728
-638
-611
-460
-196
61
309
545
772
931
944
818
661
523
382
281
277
348
354
276
220
204
243
315
374
460
604
699
721
771
830
884
972
1090
1136
1071
966
737
372
98
-60
-228
-272
-205
-236
-240
-180
-239
-311
-273
-247
-285
-295
-282
-295
-367
-474
-566
-665
-720
-736
-791
-874
-948
-1003
-1064
-1077
-973
-828
-777
-780
-751
-783
-845
-847
-873
-949
-975
-932
-923
-955
-959
-949
-952
-925
-860
-905
-1031
-1116
-1169
-1183
-1149
-1142
-1189
-1203
-1240
-1320
-1356
-1362
-1443
-1667
-1402
88
2094
3280
3563
3452
2950
2303
1701
1130
973
1287
1399
1008
648
434
-74
-775
-1011
-646
-140
429
1013
1453
1854
2161
2125
1862
1709
1611
1492
1497
1647
1645
1194
479
-191
-643
-818
-819
-724
-458
-64
207
334
420
444
382
270
266
443
655
723
637
432
137
-213
-644
-1038
-1233
-1247
-1170
-1016
-782
-553
-433
-420
-381
-295
-231
-148
10
243
494
635
602
456
231
-27
-256
-402
-355
-166
-11
103
195
185
102
26
-8
73
271
527
754
967
1273
1482
1351
1082
811
435
196
195
180
209
296
186
-20
-90
-128
-160
-62
151
371
511
552
488
301
85
-110
-321
-473
-520
-576
-650
-670
-695
-820
-1013
-1161
-1254
-1249
-1056
-818
-708
-655
-698
-896
-1087
-1234
-1383
-1454
-1444
-1393
-1259
-1103
-1011
-1022
-1194
-1398
-1530
-1634
-1661
-1565
-1461
-1418
-1331
-1199
-1204
-1388
-1486
-1500
-1638
-1724
-1725
-1460
-165
1921
3376
3817
3813
3319
2505
1868
1449
1292
1554
1835
1593
1123
803
320
-465
-915
-705
-264
317
1074
1702
2105
2376
2370
2064
1844
1794
1720
1677
1788
1809
1398
721
74
-422
-723
-829
-792
-639
-360
-83
105
181
137
-8
-204
-274
-127
148
377
446
353
132
-190
-591
-907
-1057
-1092
-997
-831
-695
-617
-582
-605
-628
-566
-417
-216
-34
170
420
579
593
537
451
342
296
303
313
341
378
365
257
150
90
92
244
493
684
815
943
980
949
898
785
650
490
309
189
141
115
128
148
105
82
73
-4
-91
-106
-61
-52
-83
-152
-277
-442
-591
-710
-818
-839
-787
-731
-673
-601
-545
-604
-758
-880
-924
-960
-961
-913
-932
-948
-919
-981
-1141
-1245
-1263
-1279
-1236
-1142
-1061
-955
-799
-749
-902
-1098
-1303
-1537
-1679
-1677
-1587
-1416
-1136
-925
-928
-1060
-1203
-1376
-1584
-1671
-1676
-1456
-351
1656
3331
3886
3826
3428
2688
2004
1544
1269
1402
1733
1562
1018
676
362
-295
-868
-795
-370
119
783
1482
2014
2374
2412
2054
1729
1668
1664
1643
1751
1874
1584
914
240
-305
-691
-842
-850
-800
-588
-351
-241
-161
-83
-99
-202
-198
-1
301
545
626
541
303
-59
-506
-886
-1105
-1167
-1087
-988
-906
-808
-749
-825
-906
-836
-665
-405
-87
220
455
617
681
598
455
347
256
155
161
278
314
260
211
152
45
5
147
427
719
951
1131
1199
1185
1153
993
777
700
639
453
334
321
246
142
75
-17
-133
-189
-209
-212
-118
26
68
13
-62
-183
-369
-569
-698
-734
-728
-693
-644
-620
-641
-728
-899
-1051
-1089
-1082
-1064
-1024
-986
-983
-1028
-1116
-1240
-1343
-1333
-1218
-1079
-951
-894
-939
-1022
-1131
-1195
-1168
-1218
-1384
-1491
-1456
-1323
-1176
-1096
-1010
-911
-896
-911
-965
-1091
-1156
-1158
-1299
-1410
-791
741
2276
3066
3358
3251
2669
2079
1614
1225
1343
1763
1674
1230
1012
787
204
-412
-595
-464
-192
386
1087
1655
2171
2451
2268
2042
2045
2032
1933
1936
2037
1907
1396
745
137
-372
-681
-879
-1011
-906
-677
-501
-322
-156
-79
-99
-166
-80
218
470
565
515
318
62
-252
-610
-853
-957
-1069
-1203
-1266
-1181
-1039
-983
-924
-816
-675
-455
-232
-31
271
558
682
767
803
697
520
330
220
213
210
244
352
418
452
514
557
632
721
746
794
884
938
942
898
839
791
698
551
411
295
226
156
43
-47
-135
-233
-309
-380
-433
-446
-486
-548
-605
-687
-751
-828
-945
-995
-963
-935
-896
-873
-899
-910
-939
-1081
-1296
-1472
-1571
-1595
-1553
-1543
-1638
-1706
-1626
-1493
-1283
-984
-817
-830
-864
-896
-953
-999
-1076
-1122
-1031
-907
-863
-884
-876
-857
-899
-972
-951
-820
-686
-611
-652
-777
-955
-1081
-605
803
2464
3472
3835
3761
3261
2603
2000
1566
1520
1729
1609
1168
922
812
413
-217
-619
-700
-566
-113
594
1331
1957
2284
2122
1777
1656
1635
1516
1425
1438
1283
852
355
-107
-506
-773
-981
-1176
-1174
-955
-714
-478
-238
-73
-55
-112
-60
203
531
710
674
479
194
-171
-547
-778
-824
-812
-869
-977
-1004
-920
-810
-711
-566
-370
-159
57
284
499
671
783
785
732
694
612
537
609
673
602
484
314
158
202
322
367
460
579
598
587
626
690
763
789
708
613
592
536
391
262
175
68
-20
-124
-272
-382
-490
-638
-717
-704
-676
-630
-637
-739
-825
-902
-1013
-1053
-976
-872
-801
-770
-849
-1051
-1244
-1373
-1503
-1576
-1531
-1525
-1549
-1477
-1392
-1366
-1355
-1362
-1384
-1355
-1224
-1004
-744
-533
-448
-558
-762
-913
-1047
-1148
-1129
-997
-857
-766
-740
-825
-985
-1125
-1202
-1251
-1234
-1167
-1072
-502
813
2269
3172
3518
3456
3023
2510
2103
1842
1902
2200
2158
1647
1240
960
443
-145
-509
-639
-503
-86
439
1036
1611
1874
1711
1382
1330
1529
1687
1837
1997
1917
1526
1016
465
2
-320
-579
-778
-878
-778
-622
-589
-529
-414
-431
-495
-405
-188
188
604
788
742
524
203
-159
-508
-691
-682
-691
-795
-855
-871
-841
-795
-814
-775
-628
-427
-200
33
257
453
585
609
624
637
569
499
549
665
696
698
700
679
678
618
494
426
421
379
312
311
381
410
315
250
263
284
352
406
393
347
256
98
-68
-176
-266
-438
-683
-869
-999
-1097
-1110
-1115
-1112
-1072
-1046
-1036
-1021
-975
-907
-883
-928
-1022
-1229
-1455
-1548
-1565
-1528
-1451
-1465
-1591
-1710
-1709
-1604
-1423
-1127
-864
-762
-674
-568
-579
-646
-739
-918
-1047
-999
-855
-745
-668
-610
-681
-857
-970
-962
-838
-633
-492
-500
-604
-769
-782
-170
1139
2457
3208
3489
3383
2919
2475
2194
2007
2047
2169
1942
1502
1282
1161
804
272
-197
-560
-704
-486
-49
499
1066
1352
1233
994
950
1077
1211
1347
1526
1573
1393
1122
819
494
153
-229
-631
-932
-1013
-956
-925
-891
-793
-770
-859
-858
-664
-318
64
348
462
431
362
265
109
-1
-9
-71
-254
-439
-573
-671
-725
-748
-746
-679
-558
-457
-350
-151
109
341
491
608
768
892
932
1023
1149
1179
1151
1079
912
740
609
434
241
138
96
9
-54
4
92
179
319
418
415
433
464
424
345
261
142
-53
-241
-394
-574
-735
-859
-1007
-1131
-1156
-1167
-1205
-1216
-1173
-1098
-1066
-1039
-994
-976
-983
-1058
-1221
-1354
-1409
-1505
-1604
-1636
-1653
-1638
-1612
-1593
-1535
-1448
-1357
-1217
-1001
-799
-668
-632
-664
-698
-686
-620
-570
-567
-600
-687
-788
-801
-747
-733
-772
-831
-908
-1012
-1097
-1101
-1083
-804
76
1252
2222
2951
3380
3346
3061
2752
2470
2378
2547
2679
2535
2293
2119
1785
1201
607
53
-443
-691
-682
-516
-183
219
478
518
533
663
786
869
1058
1282
1427
1507
1469
1329
1190
1009
702
263
-180
-469
-666
-834
-873
-832
-796
-799
-869
-932
-891
-751
-567
-390
-178
81
246
270
297
340
313
176
-34
-203
-279
-306
-327
-344
-321
-281
-347
-491
-551
-513
-449
-347
-185
23
273
507
626
709
814
845
813
782
737
693
640
526
385
260
156
91
57
80
176
246
240
198
130
34
-84
-182
-233
-250
-250
-287
-411
-556
-694
-855
-976
-1012
-983
-896
-787
-703
-661
-640
-624
-639
-666
-678
-721
-814
-931
-1079
-1240
-1367
-1446
-1483
-1516
-1525
-1483
-1432
-1349
-1211
-1067
-920
-769
-630
-472
-318
-206
-154
-195
-270
-342
-444
-548
-611
-640
-638
-628
-658
-690
-726
-779
-820
-823
-729
-578
-469
-411
-319
-68
359
851
1307
1680
1876
1920
1889
1832
1862
2015
2184
2257
2247
2207
2140
2030
1892
1742
1538
1302
1052
786
600
539
552
537
443
305
173
53
-15
-3
32
80
112
76
8
-41
-50
-27
-3
6
-3
-42
-95
-143
-188
-198
-169
-92
8
73
135
157
77
-48
-173
-321
-453
-577
-718
-821
-875
-896
-877
-837
-763
-687
-671
-665
-608
-533
-441
-300
-109
94
256
379
412
339
235
88
-109
-236
-234
-179
-118
-80
-107
-170
-192
-156
-103
8
188
325
400
442
404
311
246
169
68
17
1
-45
-132
-200
-254
-331
-382
-399
-386
-309
-180
-63
17
65
79
77
53
15
-41
-134
-229
-317
-426
-569
-723
-860
-961
-1027
-1040
-992
-900
-758
-613
-510
-428
-375
-359
-344
-313
-285
-264
-251
-263
-296
-349
-398
-437
-458
-445
-411
-347
-230
-95
-7
52
110
146
162
188
230
268
312
352
344
286
211
134
74
72
121
170
215
249
239
193
156
136
137
153
174
192
190
169
141
104
64
52
77
112
148
208
279
314
313
307
301
305
302
272
230
188
134
61
-10
-62
-84
-69
-43
-7
72
205
344
451
526
593
649
668
678
694
675
587
426
226
54
-54
-120
-143
-116
-56
1
40
76
100
133
211
293
357
437
482
446
378
285
146
-15
-166
-280
-340
-353
-346
-361
-398
-432
-462
-458
-385
-255
-108
15
86
107
90
47
6
-38
-91
-148
-209
-265
-316
-374
-435
-492
-550
-606
-629
-578
-486
-392
-284
-168
-73
-25
-29
-73
-145
-205
-224
-225
-220
-224
-257
-315
-361
-384
-370
-314
-233
-123
-11
60
56
3
-51
-94
-127
-153
-194
-243
-260
-274
-308
-328
-336
-351
-365
-349
-293
-230
-157
-83
-24
18
42
44
46
91
173
248
289
307
296
244
207
205
220
253
257
202
134
68
-2
-38
-37
-22
-10
-7
11
41
69
107
137
160
188
196
199
259
365
470
561
598
561
454
321
209
112
45
20
-3
-51
-109
-190
-281
-331
-314
-226
-83
100
274
385
450
490
483
435
383
310
200
81
-39
-144
-220
-261
-294
-333
-343
-338
-341
-330
-270
-180
-81
27
119
186
221
220
188
153
126
82
15
-51
-81
-82
-90
-106
-120
-129
-132
-115
-87
-36
43
116
167
185
174
145
114
89
75
72
74
66
16
-64
-139
-198
-229
-236
-221
-182
-136
-98
-74
-70
-75
-74
-93
-138
-187
-233
-265
-276
-266
-257
-276
-304
-318
-323
-305
-254
-206
-151
-60
15
39
36
20
-19
-69
-110
-149
-164
-127
-81
-75
-86
-108
-147
-168
-161
-145
-121
-75
-36
-29
-14
29
50
53
74
95
97
90
84
70
38
19
32
55
84
118
137
142
142
114
61
32
31
44
63
95
127
125
103
76
21
-37
-53
-45
-11
71
172
248
291
301
252
178
124
76
26
6
-8
-53
-104
-157
-232
-291
-299
-272
-224
-138
-28
67
155
247
303
321
319
281
221
177
149
110
61
23
-21
-81
-128
-160
-192
-202
-184
-159
-98
10
128
225
292
311
278
239
218
183
144
127
104
89
100
95
62
26
-20
-70
-98
-86
-44
-1
40
76
78
70
84
86
54
30
17
-11
-51
-93
-139
-183
-188
-170
-165
-162
-157
-157
-143
-111
-99
-120
-162
-215
-261
-283
-260
-202
-143
-116
-121
-147
-185
-208
-196
-154
-92
-29
1
-9
-29
-48
-77
-118
-176
-226
-264
-280
-256
-223
-223
-251
-280
-295
-268
-186
-77
17
93
154
160
145
148
136
104
99
100
74
66
81
79
66
66
67
49
44
66
94
134
190
220
196
167
156
150
147
133
102
63
29
-26
-95
-146
-166
-158
-125
-53
51
172
282
358
397
390
327
231
150
89
38
13
-3
-25
-69
-145
-226
-274
-275
-235
-152
-34
107
233
299
312
282
216
127
44
-10
-41
-44
-29
-21
-38
-66
-115
-182
-250
-287
-267
-207
-107
25
140
206
213
153
72
37
44
65
104
152
177
170
146
102
34
-41
-117
-159
-122
-34
46
99
99
49
1
-42
-70
-54
-13
29
69
92
72
23
-8
-6
12
45
71
55
26
11
-6
-32
-65
-124
-199
-257
-277
-259
-222
-175
-145
-158
-172
-172
-179
-172
-129
-75
-38
-17
-19
-39
-68
-95
-117
-129
-125
-137
-171
-190
-191
-192
-200
-210
-210
-190
-149
-88
-17
47
88
98
95
100
104
107
111
100
90
95
96
93
97
99
105
126
157
177
185
194
206
218
234
243
237
222
205
168
116
69
27
-23
-66
-79
-67
-45
-13
16
34
53
74
78
65
43
-1
-48
-77
-101
-119
-117
-117
-128
-121
-113
-127
-144
-156
-162
-137
-82
-19
45
106
137
116
55
-18
-98
-157
-157
-115
-52
31
93
103
68
-3
-89
-160
-179
-141
-62
47
168
254
278
245
182
115
68
51
65
111
174
215
215
185
137
87
38
3
4
51
114
147
141
113
77
34
6
4
19
42
55
31
-12
-41
-67
-100
-102
-73
-55
-57
-56
-62
-83
-102
-144
-220
-285
-310
-311
-283
-225
-191
-201
-230
-260
-270
-249
-199
-156
-124
-84
-54
-44
-46
-71
-109
-119
-120
-135
-146
-158
-176
-184
-185
-196
-198
-170
-126
-68
29
137
211
257
292
303
296
286
262
228
206
200
182
157
144
118
66
22
2
-14
-17
-7
1
7
24
47
67
106
157
174
154
133
107
60
20
-2
-14
-12
-1
-3
-21
-21
-14
-19
-17
1
7
1
8
8
-5
-10
-12
-28
-40
-37
-39
-45
-32
-28
-26
0
43
73
101
123
120
106
89
53
-1
-40
-53
-49
-25
7
18
6
-10
-46
-107
-148
-155
-140
-92
-4
85
135
153
136
103
81
67
49
41
64
88
86
63
26
-23
-71
-96
-92
-60
-14
21
35
42
51
46
35
42
60
69
72
66
45
36
42
35
11
-11
-36
-72
-94
-97
-102
-106
-117
-156
-206
-233
-241
-242
-226
-205
-192
-184
-173
-157
-118
-53
17
77
124
156
155
120
74
24
-22
-64
-106
-149
-184
-216
-260
-297
-314
-315
-293
-244
-171
-76
29
111
157
186
208
221
227
230
213
175
139
104
69
49
45
36
26
20
17
26
53
86
103
117
135
148
156
171
184
181
160
121
74
43
26
7
-13
-31
-50
-75
-90
-83
-70
-54
-29
-18
-14
2
12
10
8
-2
-36
-70
-84
-86
-79
-58
-34
-28
-28
-19
-15
1
43
82
112
148
180
191
187
172
132
91
70
55
33
12
-17
-74
-144
-198
-235
-237
-199
-138
-66
15
83
114
122
122
113
110
128
152
171
176
150
100
49
-6
-58
-89
-88
-68
-60
-72
-98
-131
-160
-167
-151
-112
-59
-25
-14
1
38
86
116
122
115
90
55
28
12
-1
-17
-53
-103
-156
-200
-239
-264
-259
-240
-229
-235
-232
-210
-163
-96
-22
41
93
134
156
157
139
106
67
29
-4
-24
-36
-52
-75
-104
-132
-150
-157
-151
-132
-97
-49
-2
40
77
97
102
111
118
107
76
41
24
27
42
58
66
68
70
63
35
5
-17
-38
-44
-24
2
22
32
22
-2
-17
-26
-32
-25
-8
-3
-3
5
20
37
63
100
131
153
165
153
136
140
141
125
100
66
11
-46
-90
-119
-140
-143
-140
-141
-123
-83
-51
-26
7
40
71
100
120
136
148
145
117
82
63
53
40
25
8
-16
-45
-85
-122
-125
-96
-58
-26
1
18
18
17
13
12
15
19
14
11
21
26
15
3
-5
-12
-13
-9
-9
-7
2
2
-10
-18
-17
-16
-17
-16
-20
-30
-31
-20
-5
21
50
62
63
62
58
48
35
16
-3
-17
-27
-33
-32
-20
-12
-18
-37
-58
-67
-60
-40
-12
18
37
43
45
44
45
36
18
-4
-22
-32
-47
-67
-87
-113
-147
-179
-199
-205
-191
-174
-167
-164
-159
-154
-140
-96
-26
48
100
121
107
72
41
27
29
49
73
79
63
43
18
-16
-44
-57
-57
-54
-40
-18
3
22
31
29
23
26
34
39
50
68
73
74
85
98
101
100
103
104
110
118
128
134
134
122
94
71
64
65
56
47
40
31
16
4
5
19
33
33
19
5
1
8
15
29
47
49
37
29
27
26
20
-3
-31
-52
-73
-89
-93
-86
-73
-64
-59
-51
-39
-28
-23
-17
-12
-16
-29
-43
-52
-56
-59
-62
-62
-54
-36
-16
2
10
0
-24
-48
-60
-63
-55
-42
-36
-36
-46
-61
-72
-65
-49
-28
-8
13
35
50
56
54
43
34
24
13
5
3
-3
-16
-36
-63
-87
-99
-93
-71
-36
-4
16
22
20
18
19
24
38
57
72
82
83
66
30
-15
-61
-102
-128
-134
-129
-121
-115
-116
-120
-110
-81
-39
13
71
114
128
124
111
102
103
107
105
96
78
49
12
-20
-40
-46
-44
-36
-29
-28
-29
-35
-38
-29
-14
1
14
23
22
15
6
-4
-11
-4
1
4
12
25
39
53
62
59
48
31
14
6
8
7
9
21
40
58
73
82
77
59
33
4
-9
-9
-5
2
15
29
28
20
8
6
7
8
25
38
41
28
11
0
6
13
17
31
46
61
62
58
63
54
32
16
-3
-18
-24
-34
-27
-24
-37
-48
-75
-91
-96
-89
-61
-28
-4
6
12
-9
-35
-67
-102
-113
-122
-115
-90
-61
-31
-9
-1
-31
-52
-64
-75
-77
-92
-85
-71
-58
-39
-20
3
9
5
-14
-23
-7
11
20
33
49
42
19
-20
-70
-109
-115
-103
-67
-27
-14
16
27
6
-29
-67
-79
-68
-29
18
126
138
31
13
-5
37
90
42
81
137
119
114
93
55
67
63
52
106
90
48
56
31
34
40
6
-8
-13
-20
-2
3
-2
3
-1
-14
-37
-71
-103
-105
-81
-48
-15
8
35
52
56
53
57
87
100
97
89
78
63
39
16
-16
-57
-93
-97
-69
-30
2
13
45
62
54
51
51
94
128
128
156
174
171
166
123
87
70
16
-32
-43
-39
-30
-52
-93
-100
-88
-74
-37
-2
34
81
103
95
60
22
3
-3
-18
-42
-55
-69
-97
-138
-173
-195
-203
-212
-219
-185
-147
-117
-95
-83
-47
-18
-10
-6
11
39
64
70
54
55
40
10
-7
-36
-41
-50
-74
-82
-95
-99
-75
-43
-6
23
4
-10
4
20
52
72
76
84
68
29
-3
-35
-37
-3
20
49
62
55
58
48
29
6
-18
-31
-23
-5
22
51
49
35
21
27
48
49
49
52
54
43
15
-5
-15
-11
-18
-23
-21
-15
-12
-28
-32
-46
-65
-63
-55
-37
-22
-13
-7
-13
-26
-40
-53
-56
-56
-70
-75
-60
-44
-35
-27
-24
-13
-5
0
19
34
46
50
35
29
27
22
25
23
16
13
26
34
33
36
46
63
65
47
28
25
45
72
103
143
173
176
162
142
117
95
61
26
16
17
22
6
-20
-13
-1
9
20
23
28
44
48
44
55
56
47
26
-8
-27
-33
-35
-42
-61
-89
-110
-117
-141
-145
-143
-142
-125
-117
-107
-85
-59
-54
-63
-80
-85
-65
-47
-19
8
15
-8
-59
-98
-109
-88
-80
-86
-77
-56
-32
-26
-45
-56
-41
-38
-38
-36
-30
4
20
24
25
11
0
-4
-2
6
27
42
64
82
87
99
102
108
102
101
110
116
123
107
106
102
89
84
72
66
58
44
25
21
13
-5
-21
-46
-41
-14
18
51
67
71
70
73
58
37
21
22
55
75
69
51
36
17
-1
-24
-36
-26
-24
-16
-16
-11
-7
-19
-33
-42
-24
-11
-12
-19
-32
-39
-46
-57
-76
-84
-89
-86
-63
-50
-31
-27
-35
-35
-37
-23
-12
-12
-17
-14
2
19
21
14
16
13
9
-11
-43
-58
-65
-62
-48
-40
-36
-36
-54
-72
-81
-70
-34
2
24
33
33
24
12
8
17
35
42
35
22
18
24
35
59
78
83
75
57
59
80
97
105
98
77
58
51
62
102
138
154
160
146
114
80
60
58
68
63
50
46
48
66
86
100
108
107
104
107
128
150
180
205
214
209
191
168
143
124
111
116
125
123
115
92
62
35
18
26
62
100
120
114
70
17
-36
-75
-79
-65
-41
-27
-42
-84
-129
-170
-192
-197
-204
-201
-190
-177
-165
-179
-205
-223
-229
-233
-241
-258
-286
-312
-347
-373
-392
-397
-380
-351
-323
-314
-317
-326
-323
-304
-285
-264
-251
-244
-240
-233
-225
-223
-221
-207
-183
-165
-162
-168
-167
-154
-132
-105
-77
-36
12
49
70
90
117
157
213
275
342
412
470
515
544
574
605
634
664
699
727
728
713
690
683
703
737
770
790
790
760
709
660
629
615
602
592
563
515
467
413
364
321
277
236
197
158
112
67
43
27
2
-26
-54
-73
-91
-108
-128
-148
-172
-211
-246
-261
-258
-267
-305
-361
-430
-500
-563
-606
-644
-684
-734
-791
-826
-837
-824
-793
-775
-780
-817
-876
-914
-923
-910
-887
-879
-902
-950
-999
-1025
-1032
-1026
-1023
-1042
-1084
-1116
-1114
-1081
-1039
-1022
-1034
-1045
-1043
-1041
-1026
-985
-937
-894
-882
-882
-868
-861
-837
-707
-400
50
459
657
666
640
732
1010
1444
1966
2435
2673
2625
2420
2286
2377
2645
2910
3020
2937
2681
2325
1980
1750
1664
1621
1468
1158
770
417
130
-125
-351
-521
-649
-783
-934
-1057
-1125
-1168
-1233
-1301
-1298
-1180
-993
-822
-701
-605
-503
-397
-251
-14
308
661
916
999
972
970
1081
1272
1474
1622
1653
1535
1309
1068
915
871
844
732
507
221
-66
-305
-456
-526
-581
-685
-859
-1072
-1224
-1286
-1294
-1286
-1291
-1280
-1250
-1228
-1194
-1146
-1094
-1060
-1046
-1024
-958
-858
-778
-752
-768
-794
-812
-810
-783
-747
-757
-848
-999
-1167
-1258
-1246
-1196
-1192
-1288
-1436
-1584
-1675
-1689
-1663
-1637
-1655
-1701
-1751
-1764
-1702
-1581
-1460
-1402
-1408
-1417
-1387
-1321
-1172
-800
-140
568
944
911
749
784
1126
1716
2461
3170
3570
3461
3006
2691
2850
3387
3906
4128
4020
3654
3166
2726
2509
2555
2667
2553
2104
1512
1011
642
333
40
-209
-417
-646
-910
-1139
-1269
-1347
-1484
-1662
-1713
-1538
-1247
-1019
-903
-844
-785
-702
-563
-280
144
555
762
741
687
762
955
1192
1416
1578
1613
1475
1249
1126
1209
1374
1396
1220
980
768
585
435
352
315
244
55
-240
-497
-605
-614
-640
-704
-751
-773
-791
-818
-846
-839
-810
-803
-811
-757
-610
-484
-488
-573
-635
-645
-626
-603
-598
-636
-755
-968
-1192
-1300
-1266
-1209
-1265
-1449
-1698
-1934
-2094
-2148
-2109
-2042
-2062
-2221
-2435
-2563
-2541
-2417
-2276
-2196
-2216
-2296
-2354
-2335
-2218
-2033
-1855
-1748
-1709
-1673
-1580
-1445
-1306
-1185
-1101
-1076
-999
-611
153
907
1168
940
674
769
1266
1997
2759
3316
3441
3083
2570
2446
2930
3674
4135
4090
3691
3190
2767
2541
2566
2728
2761
2426
1801
1240
939
775
560
271
-32
-319
-590
-813
-946
-1022
-1146
-1376
-1581
-1544
-1289
-1039
-938
-951
-966
-920
-777
-511
-146
205
386
350
270
360
623
921
1141
1244
1234
1140
1023
972
1044
1169
1188
1009
742
540
423
351
306
271
193
39
-167
-349
-424
-402
-378
-424
-493
-524
-537
-551
-545
-500
-430
-368
-330
-293
-233
-180
-183
-231
-244
-194
-133
-98
-106
-175
-317
-502
-654
-712
-704
-742
-910
-1169
-1410
-1584
-1707
-1785
-1840
-1919
-2064
-2265
-2450
-2538
-2520
-2463
-2447
-2509
-2606
-2695
-2720
-2619
-2418
-2229
-2128
-2115
-2140
-2150
-2105
-1980
-1801
-1601
-1416
-1274
-1196
-1181
-1191
-1171
-1123
-1074
-914
-432
335
949
994
595
289
460
1073
1867
2598
3054
3041
2585
2091
2098
2726
3518
3918
3774
3317
2855
2563
2502
2651
2848
2809
2381
1751
1285
1132
1101
960
690
376
72
-213
-447
-574
-619
-702
-870
-990
-910
-674
-494
-476
-520
-484
-308
-6
385
805
1113
1199
1130
1145
1405
1836
2220
2421
2442
2351
2233
2182
2265
2452
2587
2518
2240
1936
1755
1695
1663
1598
1471
1263
976
686
496
423
385
277
85
-112
-250
-352
-468
-592
-688
-763
-854
-951
-997
-998
-1041
-1191
-1390
-1516
-1546
-1539
-1558
-1618
-1739
-1942
-2182
-2367
-2436
-2432
-2469
-2626
-2869
-3096
-3239
-3304
-3327
-3360
-3450
-3612
-3796
-3912
-3892
-3768
-3650
-3618
-3656
-3704
-3717
-3671
-3561
-3417
-3282
-3204
-3193
-3172
-3065
-2887
-2726
-2639
-2592
-2547
-2494
-2404
-2251
-2066
-1917
-1847
-1808
-1735
-1634
-1544
-1406
-1052
-454
117
341
234
138
326
810
1458
2130
2678
2911
2783
2578
2708
3282
4012
4530
4708
4643
4488
4379
4428
4677
5030
5252
5162
4854
4597
4517
4507
4436
4307
4169
3992
3739
3476
3290
3178
3015
2727
2423
2253
2188
2085
1897
1695
1526
1363
1210
1130
1157
1195
1107
881
675
613
650
689
704
695
622
473
297
189
185
214
152
-28
-234
-395
-539
-685
-767
-791
-857
-1028
-1249
-1419
-1508
-1545
-1555
-1553
-1567
-1640
-1782
-1914
-1939
-1858
-1741
-1669
-1670
-1723
-1795
-1839
-1830
-1745
-1606
-1498
-1494
-1567
-1634
-1656
-1636
-1570
-1461
-1363
-1354
-1453
-1588
-1653
-1618
-1537
-1471
-1435
-1449
-1533
-1668
-1777
-1789
-1715
-1629
-1591
-1611
-1666
-1737
-1811
-1851
-1842
-1801
-1759
-1730
-1724
-1743
-1776
-1796
-1791
-1746
-1665
-1580
-1524
-1507
-1520
-1539
-1527
-1466
-1390
-1322
-1257
-1226
-1260
-1279
-1108
-681
-171
152
161
18
26
343
888
1500
2029
2304
2241
2002
1946
2290
2894
3402
3563
3407
3133
2899
2793
2865
3060
3174
3006
2588
2132
1817
1650
1530
1371
1161
895
548
169
-123
-280
-387
-533
-692
-790
-821
-859
-954
-1077
-1137
-1089
-970
-813
-636
-500
-470
-512
-504
-348
-64
232
413
449
402
343
329
412
599
797
874
791
632
499
462
510
579
606
546
380
168
17
-18
12
18
-33
-139
-288
-447
-567
-608
-575
-509
-484
-534
-614
-686
-726
-721
-647
-535
-453
-435
-467
-497
-487
-435
-368
-302
-251
-241
-290
-376
-450
-488
-493
-483
-495
-546
-633
-759
-903
-1020
-1083
-1124
-1182
-1265
-1367
-1487
-1614
-1721
-1784
-1788
-1762
-1756
-1802
-1883
-1968
-2035
-2048
-1981
-1858
-1734
-1655
-1633
-1649
-1655
-1612
-1527
-1421
-1300
-1172
-1078
-1042
-985
-752
-291
209
469
451
378
487
825
1315
1859
2307
2487
2362
2146
2173
2552
3059
3386
3415
3236
2979
2751
2667
2756
2878
2822
2494
2046
1699
1528
1429
1282
1068
815
534
236
-6
-133
-179
-254
-418
-590
-658
-622
-575
-559
-540
-492
-424
-333
-189
14
204
302
324
373
532
759
966
1111
1197
1242
1252
1259
1314
1424
1518
1513
1410
1305
1250
1218
1169
1102
1013
866
661
455
315
251
197
93
-56
-218
-384
-538
-639
-654
-633
-654
-743
-866
-964
-1005
-990
-933
-858
-806
-826
-911
-988
-998
-947
-893
-879
-896
-938
-1015
-1106
-1175
-1194
-1190
-1210
-1273
-1369
-1477
-1588
-1688
-1744
-1739
-1705
-1705
-1772
-1892
-2014
-2076
-2062
-2008
-1951
-1902
-1884
-1897
-1894
-1821
-1697
-1578
-1479
-1394
-1312
-1215
-1096
-973
-847
-720
-625
-570
-500
-386
-271
-202
-193
-179
-8
412
910
1176
1125
968
945
1154
1581
2132
2624
2826
2650
2301
2172
2471
2984
3354
3420
3224
2871
2497
2277
2294
2442
2491
2267
1818
1366
1055
844
651
462
264
4
-324
-649
-893
-1050
-1191
-1361
-1503
-1550
-1537
-1558
-1634
-1704
-1722
-1675
-1555
-1359
-1122
-924
-837
-830
-773
-568
-264
24
236
364
429
461
515
644
843
1025
1093
1030
920
845
832
863
916
941
876
718
561
507
553
596
549
418
275
174
124
117
137
138
67
-75
-207
-252
-216
-163
-157
-203
-268
-315
-328
-304
-260
-244
-286
-362
-420
-436
-429
-437
-483
-564
-664
-758
-827
-856
-875
-936
-1049
-1168
-1241
-1258
-1263
-1313
-1404
-1469
-1475
-1468
-1470
-1452
-1410
-1381
-1377
-1376
-1350
-1292
-1215
-1141
-1063
-976
-918
-909
-891
-804
-674
-566
-507
-482
-463
-434
-410
-369
-199
153
530
709
653
533
552
796
1207
1656
2007
2155
2048
1816
1749
2023
2494
2857
2934
2756
2471
2232
2131
2195
2350
2407
2190
1748
1326
1081
958
844
680
444
127
-243
-595
-842
-953
-1010
-1118
-1282
-1427
-1521
-1595
-1651
-1650
-1573
-1451
-1337
-1250
-1164
-1057
-950
-862
-740
-523
-261
-59
44
96
161
256
382
540
719
868
912
853
795
820
913
1003
1049
1049
1002
909
794
713
713
772
794
714
556
386
242
138
94
103
116
65
-71
-247
-386
-450
-451
-413
-367
-357
-416
-521
-605
-619
-573
-515
-482
-485
-522
-584
-653
-691
-675
-634
-624
-656
-715
-779
-835
-868
-865
-840
-819
-843
-923
-1019
-1077
-1082
-1067
-1063
-1082
-1123
-1163
-1184
-1194
-1199
-1189
-1174
-1161
-1138
-1097
-1049
-1005
-950
-884
-836
-810
-782
-746
-724
-694
-566
-254
179
506
561
446
419
633
1061
1582
2049
2305
2277
2072
1958
2150
2601
3036
3204
3080
2802
2536
2398
2423
2526
2549
2358
1956
1506
1185
1011
869
672
405
77
-292
-638
-888
-1032
-1140
-1284
-1469
-1624
-1700
-1727
-1741
-1730
-1678
-1594
-1487
-1358
-1218
-1094
-997
-904
-763
-537
-266
-31
124
216
277
349
471
651
844
992
1054
1026
961
935
959
999
1025
1015
945
811
662
542
471
434
403
351
279
185
59
-81
-175
-203
-197
-186
-172
-170
-212
-295
-365
-358
-269
-159
-90
-59
-44
-41
-50
-36
31
121
173
163
117
80
68
61
28
-33
-115
-223
-353
-472
-556
-617
-700
-829
-982
-1123
-1243
-1351
-1439
-1495
-1528
-1584
-1668
-1729
-1737
-1719
-1706
-1685
-1631
-1558
-1492
-1438
-1379
-1306
-1223
-1134
-1030
-914
-809
-732
-688
-665
-610
-409
-14
432
694
685
572
586
826
1248
1738
2152
2330
2212
1953
1848
2083
2538
2918
3020
2848
2536
2243
2104
2170
2339
2410
2224
1814
1373
1083
956
889
789
610
327
-36
-386
-616
-708
-755
-851
-1011
-1160
-1261
-1343
-1423
-1464
-1436
-1364
-1295
-1229
-1148
-1061
-999
-956
-867
-684
-443
-246
-138
-90
-55
13
145
342
564
726
762
691
610
607
691
807
899
920
848
705
564
498
522
582
599
544
440
316
202
134
133
168
177
124
21
-84
-150
-168
-149
-104
-66
-75
-131
-178
-162
-90
-10
37
39
4
-55
-113
-139
-124
-103
-125
-197
-287
-372
-451
-526
-592
-646
-704
-779
-871
-969
-1063
-1149
-1217
-1258
-1283
-1318
-1381
-1446
-1481
-1483
-1478
-1472
-1446
-1391
-1324
-1264
-1198
-1115
-1022
-955
-915
-857
-751
-625
-521
-448
-406
-387
-328
-146
172
495
655
626
551
604
844
1217
1616
1919
2004
1870
1701
1732
2029
2433
2707
2725
2533
2276
2102
2086
2203
2324
2282
2015
1622
1278
1078
990
912
755
489
136
-233
-521
-681
-752
-839
-1000
-1198
-1366
-1463
-1504
-1510
-1489
-1453
-1417
-1384
-1328
-1241
-1146
-1059
-960
-812
-623
-435
-287
-176
-74
29
141
275
443
616
724
750
731
734
789
875
946
973
946
866
765
692
682
710
720
671
570
440
309
216
179
183
181
131
31
-68
-123
-132
-112
-82
-72
-104
-161
-196
-174
-98
-19
25
17
-32
-91
-122
-100
-45
-16
-48
-121
-200
-270
-332
-382
-419
-450
-500
-585
-698
-817
-928
-1021
-1072
-1069
-1046
-1059
-1139
-1253
-1336
-1335
-1260
-1163
-1104
-1108
-1155
-1192
-1165
-1060
-916
-801
-756
-773
-792
-769
-695
-594
-488
-421
-426
-459
-394
-148
188
420
456
402
429
612
914
1276
1612
1808
1789
1656
1640
1864
2218
2487
2554
2446
2251
2061
1968
2008
2100
2074
1844
1487
1160
947
814
687
525
299
2
-318
-571
-698
-750
-837
-1003
-1199
-1339
-1402
-1416
-1397
-1354
-1314
-1308
-1321
-1286
-1159
-979
-821
-715
-619
-497
-356
-214
-63
104
260
369
453
558
696
808
847
848
873
942
1018
1061
1067
1035
962
858
771
746
758
740
642
489
335
211
125
82
75
51
-34
-180
-311
-356
-320
-267
-246
-257
-280
-307
-313
-280
-212
-146
-116
-116
-122
-112
-94
-80
-67
-50
-41
-55
-93
-139
-185
-236
-293
-344
-387
-436
-511
-612
-713
-791
-845
-883
-921
-967
-1033
-1117
-1192
-1223
-1198
-1145
-1101
-1085
-1090
-1099
-1093
-1055
-975
-868
-773
-725
-722
-716
-667
-575
-477
-397
-335
-299
-293
-274
-160
87
386
587
620
564
559
687
940
1253
1526
1661
1623
1497
1452
1602
1895
2148
2220
2100
1888
1705
1640
1704
1809
1818
1639
1309
964
727
619
575
505
351
96
-214
-489
-651
-694
-690
-714
-798
-916
-1028
-1104
-1133
-1104
-1027
-936
-864
-814
-777
-743
-698
-624
-513
-363
-205
-79
-10
15
34
83
178
313
445
531
552
523
494
506
573
660
721
728
674
580
485
432
431
455
457
408
318
209
108
33
7
15
11
-33
-104
-157
-181
-184
-175
-157
-144
-154
-175
-174
-134
-86
-66
-69
-68
-62
-63
-69
-62
-49
-46
-60
-78
-91
-111
-144
-187
-229
-270
-310
-336
-349
-373
-433
-517
-596
-648
-669
-672
-670
-683
-714
-754
-779
-771
-738
-710
-699
-701
-697
-678
-652
-635
-632
-632
-626
-622
-626
-615
-581
-552
-546
-551
-538
-504
-464
-399
-278
-111
34
105
145
238
408
619
846
1070
1247
1330
1345
1386
1524
1720
1878
1940
1921
1851
1752
1670
1646
1666
1646
1514
1285
1038
834
685
562
444
312
143
-76
-303
-474
-574
-637
-719
-824
-926
-1005
-1062
-1102
-1108
-1083
-1047
-1021
-988
-926
-846
-776
-718
-635
-511
-366
-233
-121
-17
81
165
249
358
489
601
655
666
679
716
754
771
770
753
714
652
588
542
512
467
386
291
209
149
87
21
-36
-77
-114
-159
-202
-229
-239
-260
-291
-308
-297
-272
-254
-240
-218
-191
-177
-174
-161
-125
-88
-62
-47
-29
-21
-39
-77
-104
-102
-79
-67
-83
-119
-157
-189
-206
-202
-190
-192
-226
-275
-309
-310
-288
-261
-250
-260
-294
-341
-366
-351
-314
-292
-304
-336
-371
-402
-422
-416
-389
-369
-383
-422
-449
-449
-429
-403
-368
-333
-314
-309
-296
-258
-205
-151
-99
-37
36
103
166
246
348
444
513
551
588
637
697
769
848
915
948
937
897
873
873
880
873
842
794
726
647
569
506
450
382
295
197
103
17
-60
-127
-181
-230
-279
-325
-355
-364
-366
-371
-377
-370
-344
-310
-273
-231
-177
-120
-61
1
78
160
224
265
300
346
395
430
446
455
456
438
402
365
334
298
242
179
130
89
30
-50
-121
-161
-178
-198
-230
-263
-290
-319
-341
-339
-310
-283
-277
-280
-274
-250
-216
-178
-144
-112
-92
-81
-65
-36
-3
13
13
2
-11
-23
-28
-24
-21
-36
-83
-146
-198
-224
-231
-238
-253
-281
-323
-370
-405
-406
-379
-357
-367
-407
-448
-470
-468
-453
-435
-427
-441
-468
-488
-484
-451
-410
-385
-387
-399
-399
-374
-322
-253
-185
-140
-119
-100
-48
40
140
223
287
350
422
502
586
670
738
777
794
820
873
935
973
967
928
881
845
829
823
806
757
674
577
485
419
379
342
281
186
79
-2
-45
-64
-85
-119
-172
-232
-277
-285
-251
-208
-187
-193
-201
-195
-169
-128
-85
-55
-50
-60
-61
-36
5
37
43
27
1
-20
-26
-12
3
-4
-44
-95
-127
-129
-114
-107
-122
-154
-190
-221
-231
-215
-184
-159
-153
-163
-168
-158
-137
-109
-80
-55
-48
-61
-82
-90
-77
-65
-71
-98
-134
-165
-193
-215
-233
-256
-298
-358
-418
-456
-470
-479
-506
-552
-606
-648
-667
-665
-650
-640
-647
-658
-652
-620
-569
-512
-460
-415
-376
-335
-277
-202
-119
-50
8
65
128
191
249
306
368
428
483
529
578
629
675
708
732
757
782
804
820
838
860
881
891
890
888
887
887
882
871
852
824
790
762
736
702
656
603
555
515
473
420
361
304
249
197
145
90
28
-40
-98
-145
-185
-242
-322
-409
-480
-527
-563
-596
-634
-678
-724
-767
-795
-809
-816
-821
-817
-800
-777
-754
-732
-706
-675
-637
-585
-515
-438
-372
-325
-287
-236
-171
-96
-20
47
95
122
144
171
201
224
233
231
221
206
185
161
140
120
94
62
32
3
-23
-44
-62
-75
-91
-112
-136
-151
-151
-141
-125
-117
-117
-124
-129
-113
-79
-35
-3
12
11
11
28
60
103
141
172
191
204
221
242
276
309
336
352
364
384
405
431
451
465
469
464
465
474
496
508
503
486
469
465
472
484
490
478
444
399
368
358
362
352
323
279
230
185
148
128
115
94
58
14
-20
-41
-54
-72
-98
-123
-150
-176
-202
-217
-229
-244
-266
-292
-308
-321
-337
-356
-369
-375
-383
-397
-416
-424
-430
-441
-459
-478
-483
-484
-487
-499
-520
-543
-564
-573
-568
-553
-549
-565
-587
-603
-591
-560
-523
-495
-484
-479
-473
-442
-384
-302
-219
-158
-121
-97
-59
-3
71
149
221
276
308
328
353
400
461
509
530
526
524
536
563
597
622
628
608
578
558
564
584
589
567
523
480
450
436
433
433
425
397
355
314
287
273
258
236
209
182
147
103
58
17
-23
-69
-122
-173
-212
-247
-286
-329
-366
-394
-420
-444
-462
-471
-475
-482
-486
-481
-465
-446
-427
-404
-376
-346
-324
-306
-282
-250
-216
-189
-165
-144
-125
-109
-94
-72
-47
-29
-22
-25
-24
-18
-10
3
21
39
42
27
8
6
17
29
34
31
23
5
-16
-31
-26
-9
2
-2
-16
-34
-48
-51
-39
-15
8
17
14
8
11
27
48
66
72
63
47
33
33
46
60
67
63
47
29
13
1
-3
4
15
27
37
38
37
36
41
47
58
78
110
143
158
154
148
155
175
201
221
235
237
226
206
199
209
223
219
196
164
137
120
109
103
90
60
14
-28
-51
-59
-67
-86
-109
-137
-165
-185
-196
-196
-195
-203
-218
-229
-229
-222
-215
-210
-202
-200
-207
-221
-232
-231
-225
-219
-217
-220
-228
-241
-252
-250
-238
-221
-210
-204
-196
-182
-164
-139
-107
-73
-41
-16
7
31
56
78
104
135
166
189
205
217
230
241
253
266
284
299
308
305
299
295
297
310
325
344
348
337
311
290
285
292
303
309
300
271
229
186
160
157
155
142
110
70
34
3
-11
-12
-9
-14
-32
-54
-71
-77
-79
-76
-75
-80
-93
-120
-145
-162
-170
-176
-187
-205
-234
-268
-298
-311
-307
-302
-307
-326
-347
-364
-366
-351
-324
-297
-285
-287
-289
-279
-251
-212
-168
-130
-100
-81
-67
-45
-12
30
67
99
122
141
158
177
195
213
229
241
244
242
236
230
227
224
225
227
224
213
198
180
168
164
170
178
180
168
148
128
113
103
95
85
72
46
10
-25
-56
-76
-93
-108
-125
-144
-171
-198
-216
-220
-213
-204
-193
-185
-178
-170
-158
-139
-118
-97
-78
-59
-37
-13
9
27
42
58
76
99
118
132
138
138
136
139
148
161
171
170
159
143
133
129
130
126
115
97
78
63
56
49
42
30
8
-17
-40
-53
-60
-67
-79
-93
-109
-124
-135
-139
-137
-134
-139
-147
-149
-144
-141
-137
-134
-126
-118
-113
-110
-108
-109
-113
-120
-124
-121
-118
-125
-139
-156
-171
-181
-189
-191
-190
-190
-193
-197
-193
-175
-148
-118
-92
-67
-43
-22
1
35
83
134
171
191
203
218
240
269
298
322
330
318
299
288
295
305
309
297
274
245
215
193
182
180
169
145
113
85
67
56
47
41
32
18
-10
-38
-57
-64
-66
-70
-77
-88
-105
-128
-144
-149
-144
-143
-156
-177
-199
-214
-221
-222
-219
-221
-230
-250
-263
-263
-247
-227
-207
-192
-181
-172
-160
-139
-103
-59
-19
8
28
48
74
98
123
152
180
204
217
228
234
242
246
250
256
263
266
259
238
215
190
172
159
151
140
117
83
37
-3
-31
-46
-56
-70
-94
-125
-158
-185
-202
-200
-189
-178
-182
-193
-201
-196
-178
-152
-122
-97
-81
-77
-72
-59
-34
-6
15
27
34
37
41
40
45
49
56
60
66
69
64
51
31
20
29
50
70
79
75
62
49
49
67
102
129
142
134
125
118
121
130
145
157
153
132
101
78
68
63
60
52
38
13
-22
-55
-75
-78
-84
-97
-118
-134
-147
-156
-163
-162
-159
-159
-164
-167
-165
-154
-144
-136
-129
-122
-116
-111
-102
-89
-78
-76
-82
-91
-92
-87
-78
-72
-68
-72
-85
-101
-106
-102
-88
-79
-73
-68
-65
-57
-44
-23
6
36
59
77
98
124
153
181
209
238
261
275
284
295
308
317
319
319
318
316
305
289
272
253
233
211
188
166
138
101
61
24
-1
-22
-45
-75
-109
-145
-178
-202
-217
-225
-231
-244
-257
-261
-259
-250
-240
-230
-219
-208
-198
-185
-169
-151
-135
-120
-102
-82
-65
-55
-52
-49
-42
-30
-13
4
14
15
12
11
19
35
52
66
73
71
67
71
87
106
122
128
129
130
133
140
151
165
174
174
166
156
152
148
144
135
125
113
91
68
46
30
17
4
-8
-22
-37
-56
-76
-89
-95
-95
-97
-100
-106
-114
-120
-127
-125
-118
-110
-113
-121
-132
-141
-144
-144
-142
-141
-142
-152
-169
-184
-194
-196
-195
-190
-184
-184
-185
-185
-178
-160
-134
-104
-73
-45
-22
3
32
70
115
160
202
237
263
281
300
322
347
369
384
388
380
365
347
336
326
315
295
264
227
188
151
121
95
70
41
7
-30
-67
-95
-118
-135
-150
-168
-185
-204
-217
-223
-221
-215
-210
-208
-207
-202
-191
-172
-151
-130
-112
-99
-87
-74
-56
-36
-18
-5
2
5
7
11
18
23
27
25
19
12
6
1
-5
-10
-15
-18
-20
-23
-24
-26
-30
-32
-31
-28
-20
-14
-11
-6
0
10
27
45
60
67
70
74
82
96
112
126
131
126
113
102
95
96
99
93
80
58
34
12
-1
-5
-8
-16
-35
-61
-85
-102
-107
-104
-102
-106
-120
-140
-154
-160
-157
-148
-137
-132
-132
-134
-138
-136
-127
-112
-93
-76
-61
-52
-47
-44
-36
-19
3
28
50
62
66
66
71
83
105
128
146
153
154
150
148
155
168
184
193
194
184
173
164
160
163
171
172
162
143
120
101
89
84
79
68
48
21
-11
-34
-49
-58
-67
-81
-99
-119
-140
-153
-159
-158
-155
-155
-160
-163
-161
-157
-149
-137
-125
-113
-105
-99
-92
-85
-76
-67
-57
-48
-40
-36
-36
-37
-35
-31
-25
-17
-14
-16
-22
-27
-28
-22
-16
-12
-12
-17
-25
-30
-29
-22
-11
-6
-7
-9
-9
-3
10
23
36
43
46
47
54
68
84
99
104
103
100
100
105
115
125
128
121
109
97
89
92
97
99
95
81
63
49
41
39
41
36
25
11
-6
-21
-30
-39
-48
-60
-74
-85
-96
-109
-120
-131
-140
-146
-149
-148
-145
-145
-148
-150
-147
-135
-118
-99
-87
-74
-66
-58
-42
-16
13
40
56
65
73
85
105
130
155
175
181
177
171
172
182
193
202
201
190
171
148
129
120
114
106
89
64
34
3
-25
-45
-58
-70
-85
-108
-133
-156
-173
-183
-186
-182
-177
-177
-183
-186
-180
-165
-142
-116
-90
-71
-60
-51
-35
-9
23
51
69
78
80
80
85
96
109
117
110
95
78
64
56
53
49
42
29
10
-5
-11
-11
-9
-8
-9
-11
-12
-9
-2
10
20
27
31
37
47
57
67
75
84
88
93
97
101
106
109
107
103
102
99
94
85
74
59
44
29
18
8
-6
-24
-47
-67
-83
-95
-107
-118
-130
-147
-169
-187
-196
-197
-199
-203
-210
-218
-225
-227
-219
-205
-189
-178
-169
-160
-146
-126
-102
-74
-45
-18
2
19
41
66
91
114
135
155
171
180
189
199
212
220
225
227
229
227
220
212
207
205
197
184
170
155
139
118
97
82
67
48
24
-2
-26
-50
-75
-95
-109
-120
-137
-159
-175
-184
-190
-193
-192
-183
-175
-172
-168
-156
-138
-116
-96
-77
-55
-35
-21
-11
5
26
43
55
64
71
75
73
66
65
69
67
58
47
36
26
12
-1
-8
-9
-15
-26
-36
-40
-40
-44
-46
-43
-36
-30
-29
-27
-19
-11
-8
-4
6
18
26
28
29
34
40
42
44
50
58
60
56
53
55
57
56
55
54
55
52
43
37
34
29
20
8
-1
-8
-18
-31
-44
-55
-67
-83
-97
-107
-110
-118
-129
-140
-146
-149
-153
-152
-145
-134
-129
-128
-123
-110
-91
-72
-50
-26
-4
14
30
52
79
105
127
145
162
178
189
196
204
213
219
219
214
210
202
188
171
158
147
131
112
89
65
42
19
-4
-23
-41
-64
-90
-116
-136
-152
-166
-177
-189
-198
-210
-221
-224
-220
-213
-207
-202
-194
-181
-169
-152
-130
-105
-81
-60
-40
-18
8
32
55
77
97
113
126
136
147
157
162
162
161
159
154
145
133
122
112
100
88
79
69
56
38
24
19
18
20
17
15
9
3
-1
4
18
31
35
32
25
24
25
30
41
50
49
37
24
17
18
23
24
23
15
2
-12
-20
-19
-12
-13
-22
-34
-44
-51
-56
-55
-52
-53
-61
-75
-85
-86
-83
-81
-82
-84
-90
-99
-104
-101
-93
-87
-88
-93
-92
-89
-84
-77
-70
-65
-62
-62
-55
-41
-26
-16
-12
-5
6
20
33
49
65
76
80
87
98
115
128
134
134
134
134
134
137
139
139
131
115
101
94
90
84
72
58
42
23
6
-8
-16
-28
-43
-62
-79
-92
-103
-114
-122
-127
-132
-136
-141
-140
-134
-128
-123
-113
-97
-79
-62
-47
-32
-16
1
20
43
65
85
96
102
108
117
128
138
141
140
132
121
110
104
100
94
80
59
38
20
6
-5
-14
-25
-42
-63
-80
-91
-95
-95
-99
-106
-116
-125
-129
-129
-121
-113
-106
-106
-107
-104
-97
-89
-77
-64
-51
-43
-35
-28
-19
-5
7
20
30
39
43
44
44
48
54
59
61
59
52
38
24
15
10
11
7
-5
-22
-42
-57
-66
-66
-62
-59
-66
-80
-90
-94
-86
-72
-57
-44
-37
-36
-33
-19
2
27
46
62
75
87
100
117
133
151
165
174
181
188
193
196
195
193
192
190
186
178
167
152
134
118
103
90
76
56
32
6
-19
-40
-56
-73
-91
-111
-134
-155
-172
-185
-193
-201
-209
-216
-222
-225
-223
-217
-211
-200
-188
-177
-166
-151
-134
-116
-96
-77
-55
-37
-20
-3
12
27
41
54
66
76
82
87
90
95
96
99
98
97
96
92
88
86
82
80
77
75
73
71
66
62
59
57
56
56
55
53
51
47
46
45
44
43
40
37
36
34
32
30
29
27
24
22
20
19
19
18
15
13
11
9
8
6
5
2
-4
-9
-14
-18
-20
-26
-30
-35
-42
-49
-55
-60
-61
-65
-68
-71
-75
-79
-80
-80
-77
-74
-70
-69
-68
-64
-60
-54
-47
-39
-32
-26
-19
-12
-3
7
17
25
33
42
49
59
66
75
83
93
99
103
106
107
107
105
100
97
92
84
73
59
45
32
18
4
-10
-25
-43
-63
-80
-93
-104
-116
-125
-135
-142
-149
-154
-155
-150
-143
-138
-130
-122
-110
-99
-85
-69
-51
-33
-19
-5
9
24
39
54
69
83
92
97
100
103
109
113
115
114
112
107
99
94
90
87
82
76
68
62
56
50
45
44
41
36
31
26
22
18
12
7
2
-1
-6
-12
-16
-23
-30
-37
-44
-49
-52
-55
-59
-64
-66
-69
-72
-72
-68
-66
-67
-66
-66
-62
-58
-55
-49
-43
-38
-36
-34
-29
-24
-19
-15
-12
-11
-11
-11
-10
-9
-7
-6
-7
-9
-10
-11
-12
-12
-10
-10
-10
-11
-10
-7
-5
-2
1
4
8
9
12
19
25
32
38
43
45
49
52
55
61
66
69
68
67
66
64
63
62
61
58
52
46
38
32
27
21
17
10
3
-5
-15
-23
-30
-34
-38
-41
-44
-49
-57
-64
-67
-67
-64
-61
-59
-60
-63
-65
-64
-57
-47
-36
-30
-28
-28
-26
-22
-14
-2
9
15
15
12
13
16
22
28
32
33
31
27
22
21
24
27
28
27
25
24
21
19
22
24
28
28
26
25
23
20
17
17
16
14
9
2
-4
-11
-15
-19
-20
-22
-25
-30
-35
-37
-35
-30
-24
-17
-12
-7
-2
6
16
29
37
45
52
58
65
70
77
81
82
81
77
74
72
69
64
58
49
37
27
18
11
5
-4
-14
-25
-35
-42
-49
-52
-53
-56
-60
-63
-65
-65
-62
-57
-54
-47
-41
-36
-32
-25
-18
-9
-1
8
15
20
23
26
30
33
36
36
35
33
28
22
17
11
5
-1
-8
-17
-25
-35
-43
-49
-55
-59
-62
-67
-69
-70
-71
-70
-67
-61
-54
-46
-40
-32
-23
-14
-2
8
18
29
38
45
51
56
61
64
67
68
65
63
58
53
50
45
42
35
28
19
14
9
4
3
-2
-5
-7
-9
-9
-7
-5
-3
0
2
4
6
8
11
14
17
19
19
19
19
16
13
9
5
-1
-7
-15
-23
-31
-40
-48
-55
-61
-68
-76
-82
-87
-91
-92
-91
-89
-88
-86
-84
-78
-71
-63
-53
-44
-36
-31
-25
-17
-7
5
12
20
25
29
33
37
43
49
53
53
49
47
45
46
45
43
41
37
32
24
21
16
14
14
11
10
8
6
4
4
9
13
16
18
20
21
21
24
28
32
36
34
31
29
27
24
24
26
24
21
14
8
4
2
2
0
-2
-4
-7
-12
-14
-14
-14
-14
-15
-16
-17
-18
-20
-20
-18
-16
-16
-15
-15
-14
-13
-14
-13
-11
-9
-8
-9
-9
-10
-11
-11
-11
-8
-6
-7
-8
-7
-7
-5
-4
-2
0
1
3
5
8
13
18
22
23
24
26
30
33
37
39
39
38
36
35
33
32
28
23
16
8
0
-7
-15
-22
-31
-42
-52
-60
-68
-74
-79
-84
-87
-92
-94
-94
-92
-87
-80
-75
-70
-62
-54
-44
-32
-21
-9
1
10
18
28
38
47
55
61
66
69
72
74
76
78
76
74
70
66
63
62
57
51
45
40
37
32
28
25
19
15
10
7
7
6
6
5
3
3
3
5
7
9
12
11
11
11
12
12
10
9
8
4
1
-2
-5
-7
-11
-14
-16
-20
-23
-26
-29
-31
-31
-33
-32
-32
-32
-33
-34
-32
-32
-29
-26
-24
-20
-18
-16
-15
-13
-10
-5
-2
-2
-2
-1
-1
1
3
4
5
4
2
1
1
1
3
5
6
5
6
5
6
8
11
15
17
19
21
23
24
29
32
36
37
39
40
41
40
41
41
40
37
33
27
21
17
12
6
0
-7
-16
-25
-33
-39
-43
-47
-53
-58
-62
-67
-67
-66
-62
-58
-53
-49
-43
-37
-29
-20
-11
-3
5
13
21
29
34
40
45
49
52
53
53
53
52
50
47
44
40
34
31
27
21
17
13
8
5
2
0
-1
-3
-4
-5
-4
-3
-2
-1
1
1
2
1
1
1
2
2
-2
-5
-10
-13
-19
-23
-29
-34
-39
-45
-50
-56
-59
-64
-68
-70
-71
-71
-70
-69
-66
-61
-56
-52
-47
-39
-31
-24
-16
-8
0
7
13
21
27
34
39
42
45
45
45
44
42
40
38
35
31
26
21
15
9
4
-1
-2
-6
-10
-14
-15
-15
-15
-12
-9
-6
-4
-4
-3
0
3
8
11
14
15
15
15
15
16
18
17
15
11
5
-2
-7
-11
-15
-19
-25
-32
-40
-47
-52
-54
-56
-58
-61
-66
-71
-73
-73
-70
-63
-57
-51
-47
-41
-35
-27
-17
-7
3
11
19
25
34
45
56
66
76
80
83
84
84
87
90
93
95
94
88
82
78
75
74
71
68
62
55
48
39
33
29
25
21
12
4
-5
-11
-14
-17
-20
-25
-34
-42
-52
-59
-64
-65
-66
-69
-72
-75
-78
-78
-76
-72
-68
-64
-61
-58
-54
-50
-40
-29
-18
-9
-1
8
17
26
35
45
51
58
64
67
69
72
76
77
77
74
70
63
55
49
43
37
31
22
13
5
-3
-10
-15
-20
-23
-27
-30
-32
-32
-29
-26
-23
-20
-17
-14
-8
0
9
19
27
31
32
32
31
31
32
34
34
32
28
22
14
5
-3
-10
-20
-30
-42
-51
-59
-66
-71
-77
-83
-90
-96
-99
-100
-98
-94
-90
-85
-80
-76
-72
-65
-56
-45
-33
-22
-12
-3
6
15
24
34
42
49
55
59
62
63
63
63
64
62
59
56
51
44
39
34
29
22
14
7
-1
-6
-8
-10
-12
-13
-18
-21
-25
-28
-27
-24
-21
-18
-17
-16
-14
-14
-14
-12
-10
-8
-6
-7
-6
-5
-4
-4
-6
-7
-9
-11
-12
-13
-12
-10
-9
-9
-10
-10
-11
-11
-8
-5
0
3
6
9
11
13
16
18
21
24
26
27
30
