SAMPLES:	16772
BITSPERSAMPLE:	16
CHANNELS:	1
SAMPLERATE:	16000
NORMALIZED:	FALSE
29
27
25
24
25
24
21
16
14
14
13
8
3
3
2
0
-4
-9
-8
-9
-12
-15
-17
-18
-17
-19
-22
-23
-22
-20
-19
-24
-22
-20
-19
-17
-21
-20
-16
-16
-16
-16
-16
-12
-12
-14
-14
-15
-12
-11
-14
-15
-14
-13
-12
-15
-18
-14
-16
-15
-19
-21
-19
-18
-19
-21
-22
-21
-19
-21
-23
-20
-19
-16
-17
-18
-13
-12
-8
-7
-9
-5
-1
2
3
6
9
16
16
17
20
22
28
30
29
31
34
36
37
36
36
39
39
39
38
35
39
38
35
33
29
32
32
26
23
23
23
24
17
14
13
13
11
7
3
4
4
-1
-5
-8
-8
-6
-11
-15
-15
-15
-14
-16
-22
-21
-19
-19
-22
-26
-24
-21
-21
-24
-25
-24
-19
-19
-23
-23
-20
-15
-14
-17
-16
-12
-7
-6
-8
-5
-1
4
2
2
4
11
14
11
11
14
20
21
19
17
21
25
26
23
20
23
26
25
21
20
23
25
24
19
15
19
21
16
13
11
14
14
11
6
6
10
9
6
2
5
7
6
4
1
2
5
5
0
-1
1
5
5
1
-1
3
5
3
-1
-2
2
2
-1
-3
-5
-2
-2
-5
-8
-9
-6
-6
-9
-13
-11
-9
-8
-12
-14
-13
-10
-9
-15
-16
-13
-11
-11
-15
-16
-14
-11
-12
-17
-16
-11
-10
-11
-15
-15
-10
-7
-10
-11
-12
-7
-7
-10
-12
-11
-6
-5
-8
-10
-6
-3
-1
-6
-8
-4
-2
-2
-6
-7
-2
2
1
-3
-3
1
4
2
-2
0
5
5
4
-2
1
5
6
3
0
1
5
6
1
-1
0
4
4
-1
-4
0
1
0
-6
-7
-3
-2
-4
-10
-11
-8
-5
-7
-14
-13
-10
-9
-14
-18
-18
-15
-14
-18
-21
-19
-15
-17
-19
-23
-20
-15
-16
-19
-20
-16
-11
-14
-16
-17
-12
-7
-8
-9
-9
-2
1
1
-2
2
7
10
9
7
10
16
17
15
15
18
23
25
21
21
23
27
27
23
22
26
27
26
23
22
25
27
24
20
19
22
22
20
17
16
19
17
14
9
10
11
10
7
4
4
5
4
-1
-4
-3
-2
-4
-7
-10
-8
-7
-9
-12
-14
-12
-11
-12
-16
-18
-15
-14
-18
-21
-19
-18
-15
-17
-20
-18
-17
-16
-20
-22
-19
-18
-16
-20
-22
-20
-17
-17
-21
-23
-21
-17
-19
-21
-20
-18
-14
-17
-18
-16
-14
-9
-11
-13
-11
-8
-4
-5
-6
-4
0
2
1
0
2
5
8
6
5
8
10
11
8
9
8
13
13
9
10
12
16
14
11
11
13
16
13
12
12
12
14
11
10
10
12
13
11
8
8
11
9
5
3
5
6
6
2
-1
0
2
2
-2
-3
0
-1
0
-4
-4
-3
-2
-4
-8
-8
-6
-4
-6
-8
-7
-3
-2
-5
-6
-4
-2
1
-2
-3
-1
0
3
1
0
2
5
4
4
5
5
7
6
3
3
6
8
7
6
5
7
7
8
5
3
5
6
5
2
3
4
5
2
2
3
3
5
2
1
3
5
7
3
3
2
5
5
3
3
4
7
7
4
5
5
6
7
3
4
5
7
5
2
2
3
3
3
0
0
3
2
3
0
-1
1
1
1
-2
0
0
1
-1
-2
0
0
-1
-3
-5
-3
-1
-2
-3
-3
-2
-1
-3
-4
-3
-2
0
-1
-3
-2
-2
0
-2
-3
0
2
1
1
1
1
5
4
3
3
6
9
7
7
7
9
12
9
8
9
11
13
10
10
10
12
14
11
10
8
11
10
7
5
5
7
7
3
2
3
3
2
-1
-1
-2
-2
-4
-7
-8
-8
-7
-8
-12
-13
-11
-12
-13
-16
-15
-14
-16
-18
-22
-20
-19
-20
-21
-24
-21
-20
-21
-24
-23
-21
-20
-18
-21
-19
-18
-16
-16
-17
-14
-13
-10
-9
-10
-8
-5
-2
-2
-2
0
2
4
4
4
6
9
9
9
8
11
14
14
13
14
17
17
19
17
17
19
20
19
19
20
21
22
22
20
20
22
21
21
20
21
23
22
22
20
20
22
21
20
19
19
22
20
20
19
20
21
19
18
16
18
17
17
14
14
15
13
11
7
8
8
7
5
2
3
2
0
-2
-4
-4
-6
-6
-10
-10
-10
-11
-12
-16
-14
-14
-13
-14
-19
-18
-18
-16
-18
-20
-20
-18
-17
-19
-19
-18
-17
-17
-18
-20
-18
-17
-16
-17
-19
-17
-16
-16
-17
-18
-15
-14
-14
-15
-16
-13
-12
-12
-14
-13
-11
-10
-10
-12
-10
-9
-6
-7
-9
-8
-6
-5
-7
-7
-7
-3
-4
-3
-3
-2
1
0
0
2
2
3
4
3
5
7
7
8
7
7
7
9
8
7
7
7
9
8
5
8
6
6
5
3
3
2
2
-1
0
0
-1
0
-3
-3
-2
-6
-4
-7
-6
-3
-7
-5
-5
-7
-6
-6
-8
-7
-8
-10
-6
-7
-8
-5
-8
-6
-5
-8
-7
-6
-7
-5
-6
-7
-4
-2
-4
-3
-5
-4
-2
-3
-3
-4
-1
0
-2
-2
2
0
4
3
-1
6
5
4
7
6
9
12
9
10
12
10
11
13
11
16
18
15
19
16
19
20
17
17
16
17
17
15
18
16
18
18
13
17
14
10
13
10
10
12
8
8
12
9
7
8
5
6
6
-1
5
4
0
4
-1
-1
3
-3
-5
-2
-5
-3
-3
-10
-7
-1
-11
-7
-9
-16
-5
-11
-18
-9
-16
-15
-6
-22
-18
-6
-24
-15
-9
-34
-8
-12
-38
0
-22
-31
7
-30
-27
1
-35
-17
0
-35
-5
-3
-27
7
-7
-22
12
-8
-8
16
-12
3
17
-8
13
12
-1
23
15
7
25
15
18
29
16
23
29
22
29
25
19
31
25
23
27
20
27
25
16
19
16
15
15
8
7
10
7
5
0
-6
-2
-5
-9
-11
-16
-14
-16
-20
-21
-23
-21
-23
-26
-27
-27
-26
-27
-29
-27
-29
-24
-26
-28
-24
-24
-21
-18
-21
-19
-13
-16
-12
-9
-14
-3
-2
-5
4
0
0
12
6
10
18
12
19
23
17
24
25
21
31
25
24
31
28
30
31
27
30
31
28
26
25
25
25
21
19
18
18
17
11
9
10
6
5
0
-5
-2
-7
-10
-10
-15
-14
-13
-20
-20
-20
-25
-22
-28
-28
-27
-29
-30
-32
-31
-29
-29
-29
-30
-28
-26
-24
-25
-24
-21
-22
-18
-17
-17
-13
-12
-10
-8
-8
-5
-2
-1
-1
2
4
6
9
8
9
13
12
15
15
14
18
18
18
20
18
18
22
16
18
19
17
19
15
12
15
13
11
11
7
8
8
5
4
0
-1
2
-2
-6
-3
-9
-5
-7
-14
-9
-14
-17
-14
-20
-20
-16
-21
-19
-18
-24
-18
-19
-23
-17
-20
-18
-13
-19
-16
-12
-14
-9
-11
-11
-6
-5
-4
-2
-2
1
3
2
4
4
6
10
6
9
10
10
14
11
11
15
12
15
15
10
15
15
11
17
12
11
18
9
11
15
8
12
11
3
9
8
2
9
4
0
8
1
-1
6
-4
-2
4
-7
1
2
-7
2
-2
-9
1
-5
-7
2
-8
-6
2
-8
-4
1
-9
1
3
-6
4
1
0
11
2
3
10
1
7
11
2
10
10
2
11
7
5
14
4
5
9
1
7
5
-3
5
4
0
8
-1
1
8
-2
3
5
0
9
3
-1
7
3
3
9
-2
5
8
1
6
0
-4
5
0
-1
2
-7
-1
-2
-7
-3
-6
-8
-2
-4
-5
1
-3
1
1
-3
3
4
3
7
4
3
10
4
2
5
1
7
10
1
3
3
1
7
0
0
5
-1
2
4
0
5
9
0
2
2
2
12
6
5
8
4
3
2
-5
0
2
-5
-5
-12
-15
-16
-19
-22
-21
-22
-24
-27
-34
-33
-32
-34
-32
-34
-36
-30
-32
-33
-29
-29
-22
-23
-26
-26
-22
-18
-16
-17
-18
-14
-17
-17
-15
-13
-8
-7
-10
-11
-13
-15
-12
-12
-5
0
3
5
-3
-10
-8
-4
8
16
9
6
2
-3
6
6
-3
-2
-1
6
10
-1
-3
0
-1
3
1
1
14
23
27
45
54
58
69
56
56
96
162
215
196
145
131
158
199
237
239
233
235
200
175
176
156
149
152
128
103
80
61
42
-12
-65
-72
-64
-61
-82
-128
-147
-159
-197
-210
-208
-210
-199
-196
-205
-215
-231
-233
-220
-221
-219
-202
-186
-170
-172
-186
-186
-180
-172
-155
-134
-122
-115
-108
-105
-109
-117
-105
-77
-59
-44
-29
-24
-23
-24
-18
0
26
49
68
79
82
85
91
111
123
123
139
157
163
166
168
163
157
144
138
153
164
161
142
114
104
99
90
93
83
70
66
58
48
39
35
32
30
26
25
27
27
26
18
12
15
12
-7
-18
-15
-8
-3
-13
-38
-57
-64
-63
-65
-64
-60
-66
-77
-88
-95
-99
-88
-76
-75
-64
-51
-50
-46
-45
-44
-25
-1
18
32
33
40
50
47
52
63
81
96
91
85
92
93
89
70
52
61
67
60
58
50
24
7
-8
-25
-23
-10
0
-9
-30
-51
-60
-43
-35
-44
-36
-14
1
-1
-21
-28
-19
-7
9
17
18
31
14
-20
-21
-8
3
10
-10
-27
-18
-20
-29
-32
-38
-25
-24
-41
-38
-28
-11
13
-1
-34
-26
-8
12
34
30
39
46
21
8
10
32
59
48
26
25
19
16
-3
-26
-9
-11
-24
-4
-27
-41
-27
-89
-90
-12
-32
-38
-17
-76
-63
-20
-57
-24
19
-22
-24
-21
-15
32
35
21
9
-20
26
62
31
44
35
0
46
36
-7
57
61
0
2
4
14
59
40
-12
-26
-17
18
43
34
31
-10
-41
4
17
32
81
21
-55
-7
30
37
68
24
-40
-18
8
6
54
60
-24
-53
-46
-33
40
50
-22
-46
-70
-82
7
27
-52
-37
-42
-82
-31
-32
-44
19
-31
-84
-20
-25
-29
10
-39
-26
21
-26
16
16
-110
-19
98
-3
-20
-6
-34
33
7
-86
-18
78
37
-38
-45
-34
-11
38
1
-48
20
17
-58
12
50
-61
-21
58
-41
-15
60
5
15
-44
-63
101
69
-30
-31
-34
66
80
-30
-22
10
-12
15
34
28
75
9
-158
-7
153
-3
21
40
-112
22
42
-96
129
108
-198
-24
79
-109
77
87
-139
52
-15
-195
143
116
-144
-2
-29
-29
159
-26
-150
39
71
51
56
-26
2
102
39
-43
39
124
118
58
-32
-24
72
168
128
-107
-109
141
97
20
94
-107
-138
127
7
-75
139
28
-161
-100
11
105
70
-39
-96
-61
50
-16
-27
151
96
-134
-219
-20
125
105
125
-210
-259
209
-35
-175
167
-141
-116
168
-259
-80
216
-229
-25
39
-315
164
143
-225
58
-100
-76
188
-175
-41
194
-135
-59
122
70
-45
-198
-22
84
92
171
-144
-184
17
-45
136
91
-68
32
-132
-62
136
39
99
84
-174
-173
212
202
-159
144
162
-314
77
176
-236
257
284
-386
-126
175
28
136
-20
-275
-86
101
123
1
-158
-88
-60
-67
87
-56
-174
158
45
-326
-57
198
3
-78
-10
-75
-5
171
-13
-144
75
55
-24
128
19
-142
4
82
131
60
-157
18
7
-110
231
6
-216
141
-7
-96
2
-58
172
-65
-220
156
-83
14
209
-323
15
264
-236
145
63
-308
419
135
-362
301
-3
-254
401
54
-188
267
-18
-147
168
-56
-88
249
45
-254
-10
123
-20
7
-107
-54
149
-156
-88
181
-50
25
-97
-186
315
66
-254
62
50
69
122
-73
11
-11
-118
148
194
23
-109
-205
134
176
-225
39
231
-264
-153
241
-99
-69
162
-193
-20
58
-136
288
-103
-230
424
-282
-229
563
-96
-102
83
-312
281
277
-288
75
5
-159
218
27
-200
-10
75
110
-153
-257
147
87
-132
-22
-152
-16
251
-185
-170
151
-235
107
365
-351
-29
125
-257
365
88
-364
375
-84
-332
446
-81
-17
370
-451
-17
223
-206
471
-68
-441
361
-240
-65
546
-402
-127
359
-413
90
328
-478
268
168
-700
367
199
-395
462
-172
-482
402
5
-176
312
-99
-257
207
43
-18
144
-82
-64
-72
166
328
-216
-102
52
-23
158
-122
38
140
-125
49
-166
-93
238
-37
-94
-31
-149
17
203
-90
-116
55
-269
201
314
-457
184
227
-434
355
212
-411
191
179
-119
151
-34
-63
234
-102
-203
133
115
36
-63
-92
-23
-90
137
91
-197
75
-42
-174
198
117
-69
-106
-78
57
205
152
-241
-84
199
-122
5
255
-47
-112
25
-103
27
181
-45
-23
-20
-99
82
5
-24
55
-41
-38
-48
100
85
-131
155
24
-334
226
149
-139
357
-270
-323
686
-239
-482
591
47
-190
200
-229
-152
221
88
-9
80
-37
-303
90
219
-142
136
-35
-214
183
-129
-74
245
-222
17
158
-355
142
10
-301
330
-134
-113
259
-472
-50
388
-247
-7
207
-308
-96
132
-44
103
1
-34
-107
-88
196
-221
160
469
-594
-188
383
-178
276
157
-557
83
259
-82
74
-83
-137
71
132
-67
-250
135
117
-140
135
-230
-237
397
-46
-56
165
-507
69
626
-452
-207
468
-326
145
338
-626
177
406
-185
128
-287
-153
493
157
-199
-338
149
255
-242
159
92
-200
74
-50
-90
137
99
-229
-55
89
-75
228
-102
-271
113
-127
95
154
-206
-22
118
-164
-327
369
333
-506
-134
164
-120
195
138
-430
49
207
-425
227
392
-487
-16
330
-579
26
633
-500
104
319
-847
448
540
-839
460
286
-853
783
206
-1024
813
290
-737
620
-40
-426
723
-192
-444
622
6
-330
255
-27
-146
330
71
-321
-41
160
41
26
107
-174
-190
237
51
-74
-72
-40
300
-181
-159
169
-136
533
-139
-935
556
389
-77
311
-664
-347
576
8
103
93
-376
101
31
-75
172
-103
321
15
-805
321
681
-252
192
-181
-820
645
536
-321
276
-367
-283
509
-439
64
634
-494
-45
66
-532
464
313
-490
93
-159
-184
608
-197
-303
280
-287
113
248
-293
253
78
-370
269
-27
-158
428
-339
-146
429
-527
111
398
-549
260
-45
-566
508
-57
-246
316
-487
-167
445
-69
-76
-21
-231
43
175
-82
121
72
-400
72
290
-207
203
176
-331
-24
79
21
388
134
-480
22
250
-190
452
265
-494
-10
33
97
296
115
-36
-239
27
113
-89
418
131
-607
181
396
-503
242
421
-626
337
220
-646
628
-58
-509
750
-383
-244
568
-496
151
100
-520
534
-75
-576
372
15
-245
62
-105
-54
-77
10
196
-374
-70
274
-304
105
-108
-207
511
-265
-398
171
-63
234
83
-435
44
102
-100
266
-279
-149
622
-437
-244
566
-411
69
568
-456
-1
278
-419
410
565
-582
-112
328
-187
355
178
-591
294
288
-514
147
312
-148
-17
41
-156
28
351
-243
-179
366
-301
15
456
-406
-90
181
-359
258
491
-284
-209
-108
-148
360
237
-6
-240
-406
503
63
-343
356
-298
78
362
-691
81
470
-222
-6
-131
-310
369
29
-601
318
298
-418
-67
-51
-167
15
122
202
-207
-165
-96
-145
370
87
-15
155
-356
158
68
-223
769
-57
-624
332
-190
-128
747
-152
-430
196
-303
-132
504
26
-132
-185
-154
59
-71
373
189
-634
-116
453
-78
59
291
-169
-78
-172
-73
691
187
-449
-143
-88
113
351
-67
-84
-309
-334
592
166
-516
-113
157
-111
9
232
-365
155
361
-742
159
643
-370
103
18
-631
560
536
-470
46
-43
-372
232
446
130
-179
-142
-218
-91
536
120
-258
246
-354
-324
447
40
214
138
-538
-132
41
178
428
23
-317
-387
11
81
202
488
-357
-551
38
65
309
180
-304
-119
-46
-210
340
401
-276
-64
-118
-527
472
744
-419
-172
-19
-378
561
187
-572
280
118
-319
136
171
46
-34
-115
-175
270
328
-247
19
-20
-16
410
-241
-115
96
-300
321
178
-253
-24
-91
43
-144
93
397
-438
-171
278
-104
307
429
-482
-315
554
163
257
236
-508
263
195
-328
411
102
-39
111
-459
76
319
-151
0
-186
-262
87
91
-145
-263
-62
32
-24
-180
-14
104
-175
93
218
-226
146
193
-634
15
484
-179
255
-40
-603
328
121
-363
521
225
-575
114
-34
-230
674
81
-339
238
-439
29
699
-310
144
114
-906
318
438
-315
263
-438
-370
360
-376
131
347
-267
-113
-457
74
468
-59
78
-376
-223
341
71
290
15
-139
159
-317
85
301
-20
99
-239
-103
15
-49
287
-198
-106
249
-225
136
325
-139
78
62
-16
212
48
276
34
-282
203
111
6
-13
-25
70
-268
0
-83
30
167
-508
1
119
-450
106
195
-285
-128
-106
-438
-1
394
-131
-164
-41
-254
5
271
-109
65
169
-325
-129
414
258
-7
-243
-230
240
85
-83
-65
27
144
-440
-240
491
-59
-198
75
-491
-64
775
-101
-188
160
-265
227
173
-117
381
-36
-131
194
-12
276
-83
-116
223
-40
311
-93
-279
196
-50
232
50
-172
145
-131
-193
140
464
182
-263
-278
-213
150
324
219
-404
-675
347
246
-25
-79
-386
86
-190
-24
328
12
199
-562
-218
376
-212
244
-92
-134
129
-372
259
307
-229
43
-270
-148
142
275
184
-199
-134
-268
-45
539
25
-63
-10
-530
90
497
-280
-168
189
-264
-11
-78
-112
230
-9
-40
78
-203
97
3
216
519
-384
126
298
-400
280
4
-133
281
-204
43
119
-345
158
249
-313
218
-109
-20
370
-277
229
157
-218
20
-190
217
285
155
-53
-485
49
290
167
5
-180
73
-305
-158
338
-320
93
97
-534
196
-105
-376
559
100
-589
-239
83
174
118
184
-140
-576
260
572
114
148
-194
48
236
-20
113
68
65
-148
-258
-15
-249
-80
431
164
-381
-139
89
-223
-227
-9
-83
218
546
-2
-59
-84
-356
379
231
-46
481
-111
-51
384
-58
21
215
-172
-143
226
174
57
56
-195
-197
23
-85
-58
37
15
-105
-272
30
74
-120
132
-123
-307
62
23
-22
190
-211
-218
199
-1
113
207
-116
-26
-50
-154
134
179
122
64
-273
-175
6
0
189
-49
-269
-57
-46
45
175
2
-176
-131
-78
119
154
88
59
-133
-61
201
156
218
309
-77
-99
60
34
283
155
-83
-180
-155
-49
-100
-3
-194
-301
-54
45
-50
-216
-266
-170
2
25
143
56
-125
44
6
74
209
213
150
-89
-31
220
213
129
10
-226
-223
46
93
133
-20
-287
-187
-78
-47
142
69
-166
-80
-118
52
181
93
225
-112
-217
147
93
280
183
-209
106
204
-4
182
73
-103
26
-22
77
146
-141
-213
-71
81
57
-154
-174
-226
-202
73
-11
-129
-76
-168
-68
-17
41
211
-29
-155
-71
-13
201
209
65
-48
-102
-3
-3
39
121
-45
-119
-79
-3
157
144
-67
-230
-109
-5
43
180
61
-145
-112
-135
-132
35
-17
-100
-42
-139
-116
-14
-54
-47
-128
-162
-108
-134
24
177
9
-194
-146
-98
-127
44
182
82
-15
-47
28
133
66
-22
60
9
-10
145
258
171
4
-4
-16
10
189
233
180
89
-52
50
152
117
116
13
-110
15
98
91
88
-25
-142
-43
70
134
189
111
-35
-36
-20
38
178
117
5
-74
-75
-10
20
74
44
-102
-209
-166
-70
-7
25
-74
-174
-213
-257
-184
-146
-180
-206
-330
-402
-229
-204
-307
-290
-322
-399
-361
-266
-224
-215
-265
-371
-380
-340
-153
-54
-238
-182
-212
-333
-153
-103
-119
-23
-153
-211
-83
-62
83
211
79
39
134
221
294
421
448
370
389
482
550
636
725
679
644
639
696
843
909
868
781
770
729
736
839
769
692
637
580
604
590
509
435
390
318
285
310
263
209
200
117
134
167
50
26
89
61
92
126
10
27
109
15
-28
-4
-118
-187
-175
-316
-373
-355
-536
-660
-744
-869
-917
-947
-1071
-1160
-1231
-1334
-1367
-1406
-1435
-1459
-1472
-1449
-1432
-1432
-1458
-1500
-1518
-1483
-1442
-1323
-1214
-1206
-1142
-1156
-1220
-1225
-1216
-1205
-1129
-985
-758
-135
616
1100
1203
1076
1177
1401
1673
2163
2694
3101
3264
3195
3139
3138
3026
2713
2361
2213
2304
2356
2177
1810
1297
695
116
-294
-403
-450
-509
-644
-987
-1243
-1415
-1566
-1686
-1672
-1525
-1308
-1049
-813
-535
-373
-328
-212
-115
196
532
880
1217
1354
1428
1390
1376
1417
1439
1457
1420
1302
1191
1177
1109
1031
764
385
196
-73
-180
-87
-164
-277
-342
-504
-663
-601
-568
-574
-520
-448
-367
-284
-174
-106
-136
-176
-152
-146
-115
-54
-154
-245
-426
-728
-819
-938
-1081
-1113
-1203
-1451
-1661
-1808
-2030
-2099
-2157
-2294
-2309
-2287
-2214
-2243
-2313
-2384
-2469
-2409
-2351
-2244
-2090
-2079
-2039
-1874
-1734
-1613
-1495
-1360
-705
430
1383
1928
2083
2066
2118
2230
2552
3177
3861
4179
4114
3945
3755
3526
3102
2379
1824
1646
1551
1502
1395
1020
251
-620
-1324
-1752
-1684
-1502
-1446
-1508
-1614
-1585
-1535
-1493
-1368
-1118
-803
-432
126
695
1172
1488
1525
1474
1646
1864
2058
2311
2446
2459
2292
1972
1633
1282
968
629
304
6
-193
-335
-633
-935
-1217
-1514
-1781
-1907
-1806
-1632
-1445
-1243
-1114
-1015
-750
-369
-15
229
325
485
678
901
1201
1454
1584
1615
1554
1301
1158
1107
931
726
533
425
336
182
-29
-296
-619
-911
-997
-1044
-1012
-822
-755
-836
-930
-1011
-1059
-1028
-921
-785
-707
-590
-562
-656
-756
-884
-930
-1025
-1179
-1234
-1276
-1361
-1477
-1594
-1771
-1948
-2130
-2339
-2472
-2607
-2679
-2753
-2837
-2843
-2821
-2783
-2643
-2416
-2255
-2194
-1759
-576
826
1874
2424
2645
2755
2891
3293
3846
4483
5116
5373
5210
4913
4788
4433
3677
2870
2263
1932
1670
1458
1160
526
-346
-1285
-1997
-2338
-2291
-2073
-2038
-2063
-1988
-1906
-1836
-1675
-1349
-941
-566
-97
490
1127
1758
2123
2177
2190
2251
2306
2368
2450
2484
2380
2016
1538
1094
625
144
-378
-938
-1335
-1533
-1738
-1944
-2135
-2337
-2504
-2656
-2618
-2328
-1986
-1575
-1140
-822
-513
-75
328
664
1174
1880
2394
2597
2627
2509
2372
2243
2186
2163
2086
2031
1672
1076
592
139
-275
-730
-945
-918
-936
-973
-1075
-1213
-1381
-1420
-1330
-1206
-792
-278
88
183
121
57
-77
-101
5
157
258
241
101
-157
-487
-852
-1177
-1498
-1721
-1806
-1863
-1957
-2102
-2203
-2515
-2944
-3188
-3361
-3362
-3189
-3039
-2945
-2853
-2803
-2846
-2873
-2780
-2490
-2207
-1938
-1057
537
2170
3137
3368
3247
3060
3058
3346
3859
4591
5275
5386
4902
4370
3935
3328
2361
1372
825
688
680
659
422
-190
-979
-1861
-2569
-2661
-2226
-1637
-1288
-1128
-893
-682
-494
-240
60
480
934
1359
1828
2363
2859
3024
2788
2430
2162
1958
1757
1637
1522
1251
807
197
-408
-917
-1343
-1785
-2166
-2322
-2292
-2190
-2152
-2148
-2060
-2014
-1922
-1660
-1252
-709
-183
263
606
867
1115
1323
1455
1622
1760
1796
1834
1972
2157
2152
1852
1387
870
422
157
33
-110
-154
-161
-387
-626
-744
-816
-907
-976
-921
-756
-435
-33
291
503
531
497
449
350
452
660
700
636
488
272
-9
-341
-550
-748
-1037
-1259
-1518
-1801
-1911
-1979
-2067
-2165
-2288
-2376
-2428
-2526
-2588
-2529
-2482
-2413
-2291
-2186
-2058
-1934
-1941
-2153
-2308
-2389
-2380
-2165
-1955
-1722
-1555
-1513
-1068
34
1345
2298
2681
2700
2713
2829
3131
3691
4309
4816
4945
4615
4250
4080
3787
3208
2398
1695
1356
1127
987
852
458
-196
-1010
-1782
-2175
-1990
-1587
-1283
-1046
-887
-710
-560
-375
-53
299
606
831
1059
1426
1806
2024
2017
1753
1473
1251
967
743
580
340
-28
-464
-792
-1035
-1237
-1478
-1753
-2009
-2145
-2111
-1960
-1713
-1375
-1028
-782
-599
-334
-48
236
561
846
1081
1321
1498
1557
1575
1483
1292
1043
806
646
533
559
631
549
357
30
-344
-592
-705
-572
-319
-142
72
168
136
208
280
306
323
421
561
763
965
1023
1010
833
547
249
-72
-250
-340
-433
-562
-706
-890
-1189
-1551
-1937
-2174
-2283
-2336
-2285
-2186
-2082
-1983
-1935
-1954
-2046
-2074
-2067
-2031
-1853
-1583
-1306
-1156
-1202
-1347
-1629
-1951
-2162
-2359
-2425
-2223
-1967
-1766
-1610
-1609
-1532
-1002
80
1405
2518
3198
3550
3774
3936
4226
4707
5130
5400
5378
4976
4589
4388
3936
3054
1991
949
106
-420
-716
-917
-1211
-1738
-2404
-3008
-3291
-3118
-2728
-2316
-1866
-1345
-815
-279
265
751
1184
1519
1784
2065
2387
2722
2889
2832
2609
2219
1754
1203
649
212
-200
-637
-1081
-1537
-1952
-2208
-2411
-2650
-2707
-2676
-2590
-2353
-2008
-1539
-1024
-483
-38
278
657
984
1281
1565
1717
1848
1934
1920
1876
1812
1601
1263
992
723
500
397
209
-49
-302
-542
-729
-799
-695
-530
-392
-254
-170
-106
-27
108
197
234
349
475
589
651
632
602
414
151
23
-78
-86
-58
-197
-382
-555
-797
-988
-1181
-1351
-1441
-1569
-1656
-1674
-1686
-1684
-1723
-1749
-1732
-1685
-1577
-1567
-1638
-1697
-1751
-1683
-1561
-1525
-1473
-1585
-1868
-2125
-2373
-2425
-2288
-2111
-1891
-1717
-1501
-1283
-1229
-1312
-1144
-108
1532
3030
4098
4677
4838
4723
4572
4482
4506
4824
4980
4620
4098
3689
3278
2433
1183
-60
-1185
-1943
-2213
-2208
-2089
-1976
-2110
-2549
-2927
-2908
-2472
-1858
-1150
-328
414
1003
1541
2009
2342
2591
2631
2438
2346
2389
2438
2372
2097
1636
972
126
-690
-1290
-1745
-2088
-2340
-2624
-2805
-2808
-2836
-2826
-2688
-2468
-2111
-1673
-1111
-332
438
1114
1678
2011
2173
2255
2283
2311
2406
2507
2462
2288
2003
1586
1115
544
-51
-525
-866
-1017
-969
-847
-758
-748
-838
-987
-1037
-863
-573
-284
104
483
689
831
897
893
879
831
783
766
747
750
725
590
380
33
-429
-840
-1135
-1319
-1454
-1571
-1632
-1682
-1782
-1908
-2029
-2095
-2088
-2089
-2018
-1801
-1559
-1391
-1287
-1291
-1348
-1370
-1378
-1357
-1361
-1358
-1301
-1308
-1353
-1425
-1605
-1828
-1976
-2040
-2011
-1863
-1640
-1416
-1271
-1256
-1217
-551
850
2355
3472
4058
4234
4106
3915
3894
4022
4272
4438
4199
3560
2971
2576
2010
1143
107
-879
-1635
-2051
-2047
-1861
-1698
-1632
-1858
-2228
-2365
-2087
-1498
-803
-27
692
1227
1637
1974
2263
2434
2500
2456
2278
2122
2053
1954
1700
1322
815
124
-597
-1175
-1597
-1858
-2009
-2135
-2233
-2293
-2270
-2149
-1938
-1576
-1152
-743
-299
158
648
1191
1686
2115
2429
2526
2470
2344
2170
1981
1818
1571
1214
879
605
362
72
-303
-781
-1286
-1643
-1837
-1802
-1555
-1277
-1047
-975
-972
-842
-627
-328
36
362
604
783
910
1009
1099
1139
1078
835
531
316
161
56
-74
-255
-530
-885
-1189
-1428
-1560
-1635
-1676
-1670
-1754
-1833
-1827
-1816
-1725
-1595
-1521
-1513
-1576
-1582
-1514
-1394
-1196
-1052
-987
-991
-1077
-1178
-1286
-1391
-1509
-1626
-1753
-1850
-1814
-1732
-1620
-1483
-1426
-1433
-1533
-1728
-1723
-953
615
2341
3659
4212
4091
3721
3373
3224
3399
3840
4221
4124
3549
3027
2780
2353
1483
362
-700
-1466
-1871
-1847
-1462
-962
-664
-932
-1542
-1831
-1644
-1209
-637
49
735
1302
1666
1885
2144
2356
2369
2148
1752
1512
1470
1412
1323
1194
920
412
-263
-968
-1514
-1749
-1839
-1935
-1989
-1958
-1867
-1739
-1549
-1295
-955
-637
-389
-57
371
912
1473
1838
2080
2171
2007
1732
1463
1260
1132
969
683
334
48
-273
-618
-852
-1058
-1203
-1312
-1458
-1475
-1331
-1137
-932
-740
-515
-253
-36
147
331
559
861
1062
1155
1274
1351
1338
1288
1177
1027
858
592
236
-68
-276
-471
-733
-1012
-1308
-1611
-1810
-1964
-2047
-2037
-2068
-2108
-2116
-2056
-1891
-1706
-1516
-1369
-1252
-1128
-1059
-984
-863
-777
-762
-780
-853
-979
-1066
-1212
-1464
-1719
-1944
-2109
-2216
-2242
-2182
-2146
-2181
-2316
-2520
-2357
-1422
103
1689
2824
3318
3329
3100
2899
3009
3504
4105
4397
4206
3801
3560
3487
3212
2489
1477
418
-503
-1038
-1068
-745
-418
-461
-948
-1575
-1917
-1862
-1560
-1071
-516
-13
400
689
997
1403
1778
1964
1910
1753
1667
1690
1769
1843
1825
1642
1221
606
42
-335
-578
-770
-1004
-1255
-1447
-1581
-1644
-1624
-1509
-1313
-1148
-1059
-932
-693
-378
-1
368
630
798
851
764
684
715
762
742
648
514
371
220
71
-54
-137
-209
-331
-506
-646
-726
-770
-776
-774
-750
-647
-518
-366
-126
129
301
391
411
449
576
760
926
1025
1087
1046
886
713
541
399
260
31
-244
-486
-670
-793
-900
-1055
-1267
-1533
-1836
-2071
-2115
-1973
-1751
-1578
-1465
-1390
-1408
-1452
-1431
-1355
-1163
-914
-765
-677
-660
-721
-741
-830
-1004
-1153
-1326
-1433
-1416
-1306
-1124
-1012
-1049
-1165
-1287
-1440
-1597
-1524
-1064
-259
708
1574
2169
2430
2390
2170
1969
1986
2229
2509
2650
2633
2637
2741
2763
2602
2234
1631
933
323
-57
-42
252
522
636
537
311
147
28
-20
16
17
7
-17
-13
146
387
602
719
638
416
165
-90
-260
-319
-287
-171
-142
-209
-204
-200
-232
-271
-383
-512
-580
-602
-538
-298
63
391
600
631
469
216
-73
-352
-497
-457
-347
-289
-299
-362
-437
-510
-667
-868
-1061
-1215
-1257
-1175
-892
-503
-223
-86
-95
-168
-204
-188
-42
184
373
473
585
793
945
1072
1132
864
542
425
276
239
417
400
274
266
229
220
68
-469
-855
-828
-831
-769
-531
-392
-304
-217
-164
-127
-230
-360
-385
-306
-20
259
455
665
541
249
189
49
-245
-494
-710
-771
-674
-671
-795
-888
-1047
-1334
-1507
-1511
-1501
-1462
-1303
-1068
-820
-582
-428
-382
-383
-391
-332
-124
171
446
669
800
817
737
580
412
282
182
88
1
-34
-40
-41
-3
22
-4
-44
-97
-113
-77
-26
74
226
397
576
728
816
878
903
857
822
821
806
818
875
925
987
1002
886
701
476
273
122
-14
-52
1
24
22
10
-35
-62
-58
-42
7
96
227
346
418
483
538
571
572
489
370
307
232
131
110
110
42
-56
-192
-341
-440
-551
-704
-810
-885
-927
-878
-840
-828
-787
-781
-792
-762
-673
-534
-367
-177
-2
151
289
401
457
448
430
414
427
448
416
390
323
166
5
-182
-362
-451
-507
-551
-559
-550
-535
-512
-486
-444
-362
-293
-234
-116
20
167
364
534
624
652
616
518
411
323
260
239
176
48
-37
-85
-173
-275
-374
-513
-643
-710
-728
-678
-590
-530
-504
-497
-525
-542
-466
-334
-240
-182
-133
-114
-121
-131
-115
-84
-102
-166
-236
-273
-265
-247
-208
-150
-131
-129
-128
-111
-73
-57
-51
-35
-28
-7
40
85
124
156
163
157
165
187
229
283
312
353
410
425
416
383
318
263
255
270
309
372
426
474
495
485
465
428
442
536
603
644
726
806
830
809
771
772
751
653
573
545
523
483
397
304
241
148
-9
-177
-288
-375
-481
-570
-634
-654
-622
-580
-560
-574
-564
-530
-534
-509
-427
-328
-211
-101
-70
-114
-142
-131
-114
-128
-200
-257
-270
-319
-386
-474
-575
-590
-624
-732
-793
-837
-844
-762
-636
-475
-320
-182
-69
-23
38
147
262
392
469
532
594
583
556
502
377
251
120
-49
-204
-304
-370
-418
-478
-559
-597
-630
-672
-658
-606
-482
-319
-206
-115
-38
89
239
312
403
468
483
502
470
456
473
455
395
279
179
84
-34
-138
-217
-258
-286
-259
-239
-234
-188
-195
435
1674
1848
925
-24
-606
-334
288
684
1118
1161
519
-392
-899
-636
-118
189
99
-160
-337
-717
-925
-832
-731
-359
-249
-404
-186
-182
-387
-394
-319
43
423
479
410
397
483
480
557
842
1073
1237
1065
725
798
992
1093
1060
807
677
598
381
176
83
125
85
-99
-316
-530
-525
-514
-685
-676
-595
-585
-496
-511
-540
-349
-251
-273
-118
39
70
97
83
92
147
123
91
151
193
32
-150
-192
-280
-288
-358
-728
-832
-673
-742
-805
-705
-662
-648
-499
-496
-567
-269
-178
-361
-283
-427
-486
-162
-234
-340
-303
-571
-696
-770
-981
-858
-697
-704
-647
-757
-927
-866
-914
-1089
-955
-674
-535
-386
-277
-369
-389
-209
-110
14
268
279
177
232
140
80
280
366
489
773
780
761
971
1008
1052
1208
1179
1313
1484
1353
1421
1606
1685
1892
1904
1725
1648
1552
1426
1294
1248
1235
1100
976
718
423
348
148
-56
-112
-243
-306
-445
-719
-781
-761
-766
-698
-590
-481
-415
-405
-479
-492
-380
-384
-381
-298
-294
-244
-223
-224
-17
156
96
12
3
31
72
84
97
211
345
354
362
384
378
422
397
299
322
421
444
401
363
295
204
132
3
-123
-126
-126
-213
-271
-298
-379
-425
-448
-549
-667
-772
-807
-745
-750
-803
-854
-916
-950
-1048
-1096
-1015
-957
-827
-753
-758
-578
-479
-469
-415
-556
-584
-408
-374
-277
-260
-528
-686
-769
-898
-916
-1048
-1315
-1428
-1626
-1952
-2003
-1955
-1978
-1907
-1938
-1983
-1686
-1219
-850
-616
-462
-222
223
777
1207
1496
1820
2056
2145
2281
2460
2764
3183
3302
3184
3158
3106
3014
2868
2566
2383
2341
2165
1955
1770
1568
1405
1118
767
588
380
83
-155
-457
-674
-700
-754
-772
-750
-803
-867
-998
-1115
-1065
-938
-814
-814
-863
-786
-713
-629
-479
-390
-282
-153
-155
-131
42
168
216
272
264
289
381
390
396
445
465
467
430
380
354
325
261
171
110
44
-35
-83
-141
-151
-95
-89
-142
-173
-186
-210
-178
-75
9
77
109
78
96
126
96
45
-8
-21
-45
-82
-53
-27
-23
-65
-208
-333
-419
-520
-614
-696
-732
-734
-747
-765
-812
-878
-982
-1147
-1275
-1312
-1298
-1272
-1257
-1226
-1227
-1283
-1315
-1383
-1482
-1513
-1537
-1555
-1521
-1535
-1642
-1788
-1911
-1950
-1919
-1935
-2025
-2058
-1882
-1393
-756
-344
-122
166
586
1111
1483
1611
1821
2146
2411
2599
2796
3225
3748
3946
3759
3491
3477
3599
3471
3083
2680
2425
2255
1973
1636
1439
1375
1204
810
430
200
27
-216
-629
-1004
-1134
-1180
-1249
-1285
-1262
-1179
-1146
-1219
-1256
-1211
-1169
-1162
-1178
-1114
-891
-659
-498
-357
-249
-151
-81
-22
137
318
417
423
406
468
593
692
739
790
824
728
581
506
488
502
448
320
204
96
20
-36
-50
9
-6
-94
-169
-197
-103
-1
10
8
17
52
92
118
185
304
414
447
423
421
418
390
326
249
210
139
51
-17
-131
-245
-389
-584
-712
-801
-889
-983
-1125
-1229
-1293
-1355
-1380
-1432
-1519
-1585
-1664
-1718
-1672
-1591
-1507
-1431
-1440
-1447
-1360
-1249
-1170
-1221
-1413
-1598
-1727
-1742
-1665
-1670
-1712
-1731
-1816
-1961
-2104
-2087
-1693
-1091
-707
-618
-454
118
975
1631
1806
1814
2038
2433
2754
2996
3438
4100
4529
4454
4149
4081
4305
4362
3970
3390
3001
2817
2554
2105
1680
1417
1140
680
196
-110
-277
-486
-872
-1279
-1472
-1518
-1570
-1636
-1657
-1616
-1576
-1554
-1458
-1273
-1153
-1183
-1229
-1176
-1017
-808
-629
-459
-245
-68
0
37
129
256
293
241
263
387
524
619
631
648
719
697
582
527
517
481
396
233
93
85
99
70
62
63
78
79
15
-31
-25
-24
-8
5
32
128
228
275
298
321
319
283
282
299
293
310
309
274
248
188
95
18
-32
-79
-139
-198
-266
-338
-439
-583
-692
-775
-848
-909
-1017
-1109
-1178
-1290
-1404
-1506
-1565
-1567
-1566
-1572
-1569
-1532
-1511
-1549
-1550
-1530
-1505
-1443
-1476
-1557
-1571
-1573
-1557
-1513
-1460
-1414
-1432
-1507
-1624
-1764
-1812
-1633
-1149
-484
41
269
447
925
1654
2250
2458
2457
2641
3010
3271
3449
3778
4243
4517
4327
3924
3788
3920
3878
3394
2706
2197
1906
1608
1183
783
533
276
-119
-520
-754
-835
-972
-1302
-1672
-1892
-1968
-1960
-1893
-1799
-1675
-1526
-1396
-1227
-997
-850
-809
-812
-775
-621
-433
-254
-24
197
365
473
548
688
835
879
817
722
727
810
849
866
864
823
762
647
531
479
425
298
118
-36
-68
-16
-10
-45
-77
-101
-85
-65
-87
-87
-50
-18
26
95
193
287
345
362
337
308
297
301
299
241
150
95
74
57
55
30
-72
-192
-286
-402
-517
-612
-694
-750
-818
-917
-1000
-1046
-1062
-1095
-1183
-1291
-1375
-1422
-1462
-1491
-1493
-1496
-1506
-1497
-1475
-1465
-1444
-1386
-1353
-1371
-1382
-1406
-1440
-1425
-1401
-1373
-1333
-1320
-1303
-1279
-1289
-1317
-1383
-1395
-1060
-404
172
476
667
1071
1764
2377
2595
2535
2582
2878
3111
3162
3321
3711
4041
3962
3566
3338
3460
3563
3211
2476
1833
1476
1198
812
404
174
35
-250
-629
-870
-935
-992
-1204
-1545
-1797
-1822
-1718
-1567
-1396
-1214
-1050
-958
-839
-640
-473
-361
-308
-282
-173
-31
57
129
238
357
425
473
553
677
743
656
558
557
613
660
606
519
512
525
527
552
592
607
527
372
225
131
130
177
194
217
244
242
233
205
188
171
99
27
-36
-94
-95
-86
-86
-75
-81
-137
-206
-228
-238
-267
-296
-311
-279
-231
-242
-284
-318
-350
-369
-386
-423
-448
-477
-562
-677
-762
-794
-813
-853
-913
-1017
-1112
-1177
-1261
-1334
-1393
-1460
-1509
-1549
-1561
-1535
-1541
-1545
-1477
-1429
-1462
-1496
-1502
-1446
-1303
-1233
-1266
-1268
-1189
-1057
-1001
-1072
-1168
-1181
-917
-310
298
637
866
1208
1737
2302
2566
2557
2593
2772
2943
2955
3010
3339
3660
3599
3219
2959
3092
3282
3064
2401
1689
1251
980
663
308
89
-24
-265
-626
-890
-945
-895
-979
-1254
-1527
-1633
-1596
-1516
-1382
-1162
-922
-769
-657
-476
-267
-125
-70
-42
31
126
217
293
402
544
608
616
670
797
919
886
758
716
766
810
761
633
537
545
558
513
506
538
532
453
294
182
159
152
118
46
20
59
101
100
67
44
-11
-114
-232
-322
-356
-369
-377
-392
-420
-403
-370
-330
-276
-257
-295
-367
-382
-352
-338
-310
-299
-300
-304
-359
-397
-411
-427
-455
-551
-676
-757
-808
-885
-968
-1033
-1119
-1182
-1200
-1195
-1152
-1147
-1179
-1170
-1133
-1081
-1067
-1119
-1143
-1120
-1101
-1124
-1155
-1125
-1101
-1114
-1131
-1158
-1169
-1178
-1243
-1353
-1436
-1476
-1550
-1471
-991
-284
275
515
700
1194
1942
2529
2652
2539
2581
2751
2867
2896
3089
3503
3671
3379
2959
2859
3106
3178
2709
1927
1301
958
673
338
64
-39
-121
-366
-627
-702
-616
-585
-765
-1052
-1223
-1195
-1096
-979
-809
-618
-402
-241
-100
120
280
341
320
261
267
295
319
331
378
464
514
567
630
671
663
574
499
474
470
442
337
230
171
154
184
248
368
434
366
248
158
129
102
28
-55
-103
-87
-86
-113
-110
-124
-195
-332
-463
-499
-474
-469
-503
-519
-489
-414
-306
-217
-150
-88
-65
-79
-71
-12
44
69
83
69
34
6
-42
-133
-233
-308
-405
-545
-674
-778
-886
-990
-1069
-1134
-1188
-1230
-1273
-1297
-1322
-1374
-1406
-1399
-1341
-1273
-1311
-1418
-1418
-1260
-1142
-1236
-1399
-1439
-1358
-1279
-1335
-1489
-1550
-1446
-1371
-1474
-1628
-1678
-1529
-1092
-462
84
408
719
1262
1960
2544
2742
2642
2634
2800
2953
3009
3115
3386
3544
3311
2892
2767
3044
3208
2834
2060
1386
1109
989
743
407
205
152
1
-216
-278
-148
-2
-109
-458
-802
-914
-802
-680
-588
-507
-437
-360
-290
-159
-20
38
43
-17
-67
-89
-106
-66
7
111
194
249
357
480
559
515
420
402
407
389
302
193
175
206
234
216
198
230
197
82
-72
-167
-161
-185
-288
-408
-425
-305
-179
-137
-181
-202
-184
-174
-155
-150
-91
20
51
38
52
143
292
407
444
402
347
313
284
252
176
110
50
-56
-151
-246
-341
-445
-542
-628
-765
-891
-977
-1079
-1171
-1269
-1367
-1414
-1381
-1299
-1281
-1315
-1348
-1359
-1359
-1395
-1417
-1455
-1503
-1475
-1451
-1486
-1557
-1585
-1555
-1573
-1620
-1664
-1681
-1627
-1578
-1596
-1662
-1720
-1719
-1683
-1397
-678
171
716
996
1435
2190
2969
3308
3128
2925
3030
3301
3435
3405
3490
3626
3467
3053
2820
3000
3228
3039
2321
1442
950
815
669
418
170
23
-99
-235
-272
-162
-24
-90
-386
-726
-921
-860
-708
-643
-631
-619
-551
-420
-224
-36
43
14
-76
-170
-238
-257
-228
-196
-160
-119
-68
43
197
325
355
314
289
268
218
127
53
57
118
180
201
221
267
280
276
265
243
242
227
165
96
79
132
199
244
261
267
297
360
401
363
280
219
176
141
112
106
141
191
202
149
67
11
-3
-31
-136
-264
-352
-425
-489
-560
-647
-723
-776
-839
-941
-1005
-992
-977
-1012
-1118
-1226
-1272
-1280
-1266
-1263
-1276
-1281
-1281
-1301
-1330
-1330
-1339
-1399
-1479
-1543
-1587
-1628
-1657
-1630
-1573
-1534
-1521
-1498
-1435
-1371
-1345
-1392
-1460
-1486
-1513
-1435
-1014
-248
511
966
1266
1777
2589
3309
3461
3178
2974
3062
3241
3235
3163
3272
3386
3201
2816
2660
2898
3136
2883
2119
1368
1015
876
649
295
9
-103
-183
-295
-332
-240
-182
-355
-706
-1025
-1105
-991
-923
-961
-1045
-1069
-961
-755
-481
-235
-102
-99
-163
-188
-191
-173
-122
-79
-4
88
178
314
489
635
669
623
580
569
586
553
481
437
407
386
364
366
430
512
543
494
419
351
268
161
41
0
46
99
135
136
145
197
234
232
182
98
-1
-101
-168
-198
-172
-117
-107
-143
-211
-266
-277
-273
-301
-411
-557
-687
-777
-813
-852
-897
-926
-961
-976
-981
-1003
-1028
-1041
-1078
-1174
-1260
-1290
-1264
-1205
-1191
-1225
-1259
-1267
-1227
-1195
-1253
-1406
-1510
-1469
-1394
-1359
-1399
-1482
-1473
-1400
-1369
-1362
-1290
-1178
-1141
-1187
-1263
-1280
-1230
-1120
-722
-18
658
1137
1566
2176
2922
3443
3429
3105
3017
3182
3256
3150
3050
3122
3147
2861
2486
2440
2702
2767
2333
1588
991
790
661
306
-114
-386
-497
-565
-591
-507
-350
-274
-469
-802
-998
-980
-827
-731
-765
-816
-790
-655
-446
-180
52
144
170
149
112
108
98
81
38
-19
-29
51
227
403
483
461
405
394
421
449
449
438
424
362
312
338
437
587
676
660
603
559
534
475
361
238
167
176
189
163
151
153
159
132
36
-85
-173
-261
-381
-493
-572
-564
-471
-431
-460
-480
-486
-476
-478
-525
-597
-674
-723
-788
-871
-914
-940
-937
-905
-906
-919
-897
-868
-852
-870
-970
-1090
-1139
-1172
-1180
-1128
-1136
-1190
-1152
-1047
-1010
-1047
-1074
-1078
-1081
-1149
-1312
-1426
-1438
-1485
-1576
-1623
-1660
-1550
-1347
-1362
-1328
-1346
-1959
-2265
-1629
-768
274
1295
1959
2952
3931
3914
3498
3404
3558
3857
3851
3522
3536
3762
3619
3093
2693
2762
2826
2411
1647
775
133
-186
-595
-1106
-1277
-1200
-1250
-1235
-1064
-949
-768
-653
-803
-890
-824
-731
-527
-270
-100
33
213
483
848
1154
1218
1058
883
777
593
367
219
84
-44
-196
-347
-323
-192
-120
-211
-414
-478
-415
-336
-230
-119
43
234
353
472
712
997
1161
1192
1135
1055
1030
1006
850
604
446
338
232
182
105
7
-78
-270
-535
-745
-897
-981
-1016
-1077
-1139
-1086
-905
-686
-498
-368
-330
-334
-282
-248
-258
-251
-250
-284
-368
-487
-594
-623
-627
-706
-809
-915
-1028
-1118
-1249
-1437
-1581
-1603
-1563
-1522
-1436
-1345
-1289
-1318
-1469
-1628
-1640
-1416
-1091
-912
-968
-1066
-992
-885
-913
-1083
-1292
-1340
-1253
-1243
-1362
-1401
-1286
-1252
-1345
-1287
-595
651
1658
2159
2477
3019
3790
4243
4107
3748
3677
3715
3398
2892
2584
2637
2630
2127
1504
1215
1240
1073
424
-371
-951
-1108
-1163
-1372
-1417
-1218
-874
-565
-328
11
395
696
738
569
456
486
661
801
821
820
850
934
957
919
784
503
192
-193
-587
-874
-1048
-1105
-1134
-1150
-1114
-971
-728
-517
-390
-318
-223
-30
220
451
665
895
1116
1314
1433
1468
1521
1509
1357
1113
809
555
366
153
-119
-374
-518
-606
-666
-725
-805
-833
-869
-940
-973
-943
-847
-700
-519
-360
-194
6
218
404
489
498
446
369
283
127
-68
-269
-455
-648
-857
-1037
-1170
-1301
-1489
-1686
-1876
-2002
-2047
-2082
-2003
-1859
-1728
-1652
-1697
-1702
-1601
-1420
-1275
-1206
-1113
-1037
-960
-991
-1087
-1098
-1148
-1167
-1183
-1229
-1190
-1163
-1171
-1266
-1374
-1408
-1448
-1421
-1444
-1486
-1241
-455
845
2055
2929
3523
4051
4697
4934
4741
4408
4065
3774
3212
2588
2217
2171
2128
1588
953
539
378
226
-273
-857
-1352
-1556
-1502
-1346
-929
-422
137
625
903
1212
1485
1692
1738
1503
1185
916
889
939
857
697
447
291
119
-179
-449
-754
-1061
-1418
-1759
-1885
-1800
-1527
-1284
-1116
-866
-522
-137
171
418
596
758
954
1109
1298
1478
1573
1593
1503
1342
1160
986
758
425
42
-323
-594
-730
-802
-877
-877
-781
-650
-529
-418
-305
-201
-107
-64
-16
116
250
334
341
309
310
351
379
293
162
-21
-234
-380
-556
-729
-896
-1103
-1314
-1539
-1669
-1719
-1718
-1714
-1789
-1814
-1815
-1790
-1726
-1659
-1479
-1304
-1165
-1128
-1197
-1174
-1184
-1218
-1338
-1529
-1588
-1533
-1308
-1178
-1187
-1213
-1339
-1323
-1416
-1685
-1858
-1931
-1833
-1796
-1748
-1574
-1215
-730
-706
-769
-317
778
2236
3170
3599
3983
4608
5239
5237
4948
4574
4176
3658
2673
1870
1547
1457
1098
280
-309
-539
-375
-274
-671
-989
-1161
-1085
-816
-537
-55
520
1166
1502
1589
1851
2085
2318
2172
1591
1113
816
693
436
74
-228
-521
-682
-971
-1242
-1314
-1404
-1559
-1824
-1939
-1816
-1491
-1062
-823
-567
-218
156
589
855
990
1140
1268
1267
1220
1255
1287
1327
1241
934
643
450
275
8
-298
-541
-700
-748
-768
-757
-654
-485
-321
-198
-89
22
180
318
311
256
241
259
311
345
299
225
148
21
-149
-326
-477
-621
-784
-971
-1145
-1252
-1341
-1452
-1602
-1722
-1743
-1709
-1634
-1597
-1602
-1604
-1623
-1643
-1655
-1590
-1474
-1332
-1274
-1359
-1357
-1339
-1362
-1396
-1467
-1487
-1503
-1425
-1352
-1270
-1102
-1055
-1075
-1234
-1312
-1285
-1393
-1384
-1405
-1327
-1155
-1058
-845
-772
-535
114
1128
2263
2980
3661
4158
4526
4953
4799
4456
4038
3547
2974
2139
1601
1243
1040
682
59
-175
-373
-395
-335
-557
-700
-780
-555
-294
-17
569
1019
1489
1821
1979
2176
2210
2203
1870
1301
783
354
130
-281
-689
-922
-1168
-1280
-1376
-1438
-1491
-1528
-1520
-1607
-1566
-1356
-1029
-669
-374
19
440
848
1214
1469
1628
1645
1610
1507
1343
1213
1111
976
717
491
351
178
20
-162
-385
-610
-781
-870
-916
-858
-738
-596
-451
-320
-102
126
287
372
346
292
224
188
162
66
-32
-115
-177
-250
-309
-350
-481
-641
-830
-1043
-1247
-1407
-1510
-1698
-1855
-1904
-1834
-1662
-1527
-1429
-1448
-1453
-1420
-1434
-1402
-1421
-1379
-1392
-1486
-1487
-1515
-1432
-1408
-1377
-1339
-1447
-1355
-1287
-1233
-1243
-1297
-1217
-1316
-1292
-1309
-1468
-1490
-1409
-1140
-1124
-1181
-1127
-966
-122
1145
2479
3401
3911
4427
4805
5136
5100
4782
4210
3274
2541
1855
1311
1115
1020
670
-5
-312
-337
-294
-309
-639
-984
-1214
-1024
-582
-191
280
763
1293
1579
1825
2256
2469
2339
1862
1322
786
372
188
-193
-654
-971
-1160
-1297
-1431
-1396
-1332
-1345
-1433
-1462
-1296
-1077
-742
-402
-209
18
428
909
1233
1447
1604
1598
1497
1405
1311
1201
1063
897
682
466
329
266
168
-78
-342
-503
-638
-698
-685
-696
-679
-541
-320
-166
-26
104
170
207
147
112
129
102
53
-50
-153
-245
-244
-230
-358
-468
-570
-668
-766
-923
-1058
-1234
-1415
-1598
-1780
-1828
-1792
-1603
-1431
-1366
-1232
-1139
-1120
-1207
-1299
-1367
-1540
-1666
-1762
-1764
-1665
-1620
-1537
-1551
-1481
-1179
-915
-839
-943
-935
-994
-1146
-1151
-1210
-1304
-1387
-1331
-1166
-1067
-852
-635
-640
-880
-765
157
1254
2210
3004
3589
4018
4479
4973
4917
4468
3983
3355
2512
1588
1092
927
648
174
-235
-393
-482
-309
-151
-467
-840
-874
-668
-605
-431
50
555
1012
1402
1784
2040
2156
2158
1812
1189
608
284
-33
-548
-935
-1062
-1126
-1230
-1220
-1218
-1269
-1191
-1123
-1141
-1125
-874
-535
-293
-94
204
708
1094
1324
1496
1526
1579
1625
1620
1441
1200
1106
952
807
642
510
408
184
-13
-247
-392
-456
-547
-626
-788
-804
-636
-414
-234
-144
-6
56
114
176
155
180
156
48
-101
-204
-233
-243
-291
-516
-716
-809
-926
-1031
-1156
-1296
-1435
-1518
-1576
-1631
-1569
-1398
-1197
-1095
-1084
-1087
-1096
-1104
-1151
-1234
-1321
-1398
-1440
-1481
-1563
-1662
-1646
-1621
-1730
-1815
-1749
-1529
-1341
-1204
-1096
-1019
-914
-883
-918
-1061
-1108
-986
-952
-895
-822
-690
-538
-504
-137
760
1836
2636
3256
3783
4028
4469
4727
4440
4013
3472
2911
2199
1503
1095
930
659
64
-234
-347
-456
-282
-337
-657
-860
-742
-521
-461
-223
204
714
1092
1340
1673
1883
1975
1921
1574
1037
568
323
2
-484
-775
-873
-993
-1071
-1077
-1095
-1087
-1031
-989
-1008
-987
-855
-592
-283
-64
294
713
997
1253
1423
1523
1563
1574
1481
1250
1120
1018
945
839
619
458
261
29
-190
-382
-531
-713
-823
-893
-906
-726
-471
-212
-45
69
214
305
353
313
175
23
-131
-261
-401
-539
-581
-622
-703
-805
-877
-927
-1026
-1106
-1255
-1402
-1461
-1506
-1497
-1454
-1329
-1124
-951
-841
-792
-737
-775
-876
-1000
-1234
-1395
-1477
-1518
-1585
-1580
-1498
-1515
-1455
-1382
-1342
-1373
-1400
-1307
-1290
-1168
-1076
-1072
-996
-992
-877
-788
-692
-567
-441
-326
-496
-501
-594
-758
-281
538
1409
2170
2946
3579
4022
4550
4654
4515
4126
3402
2725
1866
1141
795
647
283
-180
-215
-268
-217
0
-77
-320
-482
-452
-468
-467
-237
165
659
964
1224
1622
1895
1966
1876
1515
944
508
178
-289
-733
-906
-971
-1030
-996
-979
-877
-720
-645
-644
-690
-679
-597
-348
-154
10
395
731
1045
1377
1614
1780
1908
1964
1780
1560
1325
1036
835
544
235
-34
-250
-412
-574
-668
-772
-805
-831
-904
-907
-838
-693
-581
-436
-279
-155
49
214
276
259
179
40
-144
-331
-541
-704
-866
-1049
-1145
-1221
-1273
-1267
-1267
-1315
-1352
-1396
-1475
-1511
-1494
-1423
-1326
-1208
-1076
-897
-751
-704
-698
-746
-805
-898
-1009
-1119
-1241
-1334
-1400
-1387
-1241
-1007
-860
-848
-910
-981
-912
-848
-964
-1144
-1202
-1156
-1135
-1026
-903
-672
-369
-321
-417
-584
-422
199
944
1586
2059
2691
3255
3718
4142
4253
4261
3993
3424
2655
1863
1423
1099
753
214
-245
-357
-396
-271
-195
-206
-227
-275
-260
-290
-140
184
494
733
872
1137
1486
1797
1902
1717
1417
1056
726
390
-11
-361
-620
-856
-1062
-1128
-1062
-924
-803
-801
-854
-813
-653
-421
-173
1
162
399
677
953
1190
1391
1569
1675
1634
1489
1368
1251
1055
772
455
160
-67
-249
-421
-574
-696
-743
-774
-799
-767
-681
-553
-466
-370
-278
-206
-86
5
48
16
4
39
-26
-154
-319
-467
-626
-849
-1047
-1227
-1327
-1349
-1363
-1398
-1442
-1388
-1306
-1287
-1283
-1254
-1148
-979
-830
-738
-673
-638
-651
-687
-762
-872
-932
-965
-1093
-1266
-1357
-1388
-1357
-1315
-1239
-1067
-987
-1000
-969
-867
-855
-897
-830
-917
-1036
-949
-768
-582
-429
-168
-18
-99
-244
-294
58
587
1227
1906
2333
2732
3272
3850
3991
3881
3782
3316
2704
2069
1522
1144
823
518
117
-137
-210
-13
257
142
13
-5
-53
-80
2
170
334
648
889
1005
1217
1452
1655
1622
1334
961
653
366
44
-204
-476
-726
-851
-912
-988
-974
-826
-792
-829
-843
-794
-631
-399
-140
57
285
519
781
1088
1286
1518
1701
1676
1516
1334
1166
956
807
567
187
-85
-246
-314
-403
-503
-571
-670
-769
-868
-874
-823
-725
-577
-468
-374
-204
77
288
370
406
337
176
21
-141
-373
-629
-881
-1135
-1317
-1426
-1430
-1354
-1340
-1379
-1377
-1332
-1302
-1251
-1195
-1171
-1133
-1093
-1055
-997
-926
-900
-941
-1013
-1072
-1088
-1098
-1142
-1236
-1286
-1309
-1313
-1199
-1075
-975
-925
-947
-1010
-1022
-911
-885
-903
-959
-1065
-1010
-910
-745
-492
-268
-173
-216
-26
514
1373
2230
2723
3095
3357
3607
3876
3974
3884
3542
3102
2490
1815
1431
1231
1037
638
205
-92
-276
-190
-36
-12
-141
-239
-155
-66
88
375
693
883
959
1119
1268
1410
1548
1484
1161
765
528
354
150
-39
-203
-400
-656
-814
-867
-879
-878
-914
-1032
-1144
-1052
-824
-569
-323
-98
117
307
506
701
889
1007
1074
1100
1008
934
920
892
790
656
533
427
398
298
132
-40
-244
-382
-532
-682
-767
-717
-577
-460
-264
-69
157
369
465
513
475
443
354
163
-78
-330
-457
-609
-810
-984
-1102
-1120
-1185
-1254
-1390
-1520
-1524
-1574
-1598
-1597
-1529
-1387
-1243
-1082
-1016
-935
-880
-877
-868
-1004
-1136
-1264
-1449
-1594
-1658
-1577
-1476
-1323
-1163
-1019
-760
-512
-350
-423
-670
-902
-1156
-1340
-1367
-1288
-1186
-1044
-862
-718
-587
-442
18
877
1766
2505
3090
3484
3777
4157
4357
4265
4044
3644
3156
2531
1892
1520
1337
1023
526
127
-244
-407
-276
-282
-446
-603
-592
-472
-339
-74
323
773
1031
1204
1427
1592
1800
1919
1758
1326
905
639
342
89
-71
-201
-340
-504
-644
-760
-778
-774
-861
-1052
-1274
-1295
-1087
-843
-590
-313
-82
164
445
694
921
1192
1391
1407
1409
1399
1405
1441
1341
1123
821
535
256
-25
-286
-564
-683
-781
-884
-874
-803
-611
-382
-169
-79
-29
90
134
182
160
107
100
71
50
12
-4
-122
-311
-524
-825
-1034
-1188
-1345
-1559
-1782
-1917
-2007
-1968
-1899
-1782
-1619
-1490
-1337
-1259
-1206
-1156
-1105
-1106
-1216
-1241
-1233
-1188
-1116
-1128
-1199
-1295
-1301
-1283
-1279
-1284
-1320
-1326
-1368
-1389
-1331
-1262
-1180
-1106
-1095
-1121
-1059
-933
-633
120
1250
2400
3321
3997
4476
4853
5075
5003
4631
4009
3312
2547
1729
1151
969
944
747
454
182
-21
-47
-79
-296
-654
-939
-1031
-1018
-858
-451
185
783
1196
1506
1718
1907
2085
2082
1777
1343
985
674
400
196
99
52
-22
-159
-341
-476
-569
-631
-783
-1049
-1251
-1334
-1288
-1165
-949
-663
-366
-49
177
392
610
785
882
826
722
620
633
706
749
782
763
730
614
457
296
112
-44
-231
-403
-542
-560
-415
-221
-12
159
341
449
450
387
229
87
-44
-143
-216
-209
-63
121
298
362
345
230
-21
-354
-786
-1244
-1684
-2057
-2345
-2493
-2413
-2165
-1828
-1515
-1263
-1101
-1034
-1043
-1121
-1233
-1345
-1406
-1471
-1506
-1472
-1345
-1172
-1081
-1005
-1027
-1107
-1204
-1304
-1382
-1528
-1572
-1646
-1717
-1695
-1571
-1227
-977
-757
-592
-355
287
1225
2356
3228
3937
4456
4620
4708
4579
4456
4168
3647
2987
2117
1514
1135
1003
795
418
181
-166
-358
-511
-626
-654
-733
-697
-816
-830
-626
-212
333
669
1046
1291
1470
1655
1691
1672
1536
1442
1179
790
501
270
188
49
-109
-318
-571
-717
-844
-909
-968
-922
-846
-871
-840
-748
-542
-300
-78
93
165
266
367
451
482
530
649
681
675
698
778
888
962
968
811
595
402
209
2
-192
-272
-328
-396
-371
-253
-69
106
274
348
286
221
166
121
62
71
163
200
230
251
270
281
236
109
-204
-622
-1054
-1462
-1813
-2099
-2183
-2143
-2032
-1853
-1685
-1501
-1370
-1299
-1294
-1335
-1380
-1419
-1370
-1319
-1252
-1150
-1128
-1137
-1156
-1157
-1183
-1262
-1363
-1497
-1619
-1730
-1734
-1668
-1635
-1533
-1398
-1306
-1202
-1046
-917
-736
-175
745
1776
2738
3550
4165
4510
4706
4761
4603
4319
3954
3416
2639
1954
1578
1344
1118
871
624
297
-57
-376
-736
-1046
-1214
-1265
-1346
-1407
-1207
-775
-247
266
734
1101
1317
1460
1481
1404
1345
1322
1249
1042
815
683
624
555
439
278
15
-279
-555
-862
-1094
-1155
-1099
-1026
-957
-838
-648
-409
-193
-34
64
98
122
138
152
266
487
729
922
1037
1091
1101
1071
943
707
413
78
-228
-484
-663
-730
-682
-495
-269
-35
209
399
509
525
480
349
207
108
37
47
106
214
342
431
472
447
359
187
-21
-311
-702
-1057
-1361
-1607
-1733
-1722
-1659
-1570
-1439
-1360
-1336
-1328
-1338
-1364
-1386
-1386
-1373
-1340
-1276
-1147
-1019
-933
-838
-773
-814
-929
-1015
-1154
-1291
-1337
-1409
-1518
-1595
-1583
-1571
-1495
-1309
-1144
-963
-800
-668
-596
-431
74
818
1665
2502
3253
3784
4072
4235
4198
4054
3901
3665
3240
2649
2119
1725
1459
1273
1121
919
601
249
-160
-643
-1040
-1258
-1387
-1483
-1492
-1367
-1095
-706
-246
208
572
800
905
866
722
659
676
704
730
779
822
791
775
723
617
475
296
81
-229
-478
-642
-725
-719
-658
-531
-450
-372
-316
-321
-320
-313
-256
-226
-155
-1
170
392
607
789
872
889
870
756
597
414
236
62
-96
-187
-230
-204
-87
66
185
238
258
217
83
-60
-184
-295
-352
-331
-234
-146
-36
72
119
130
103
67
-58
-243
-438
-673
-855
-974
-982
-950
-911
-838
-815
-814
-889
-972
-1053
-1142
-1178
-1217
-1202
-1172
-1110
-1025
-954
-851
-781
-676
-608
-608
-624
-680
-728
-795
-790
-740
-691
-624
-570
-489
-435
-338
-210
-123
-45
15
69
45
28
83
239
529
870
1240
1534
1756
1908
1944
1883
1751
1624
1462
1299
1150
1019
956
919
929
935
932
912
846
736
560
401
248
115
41
28
99
200
323
400
409
398
371
325
228
122
-10
-170
-301
-429
-510
-526
-478
-396
-319
-237
-179
-119
-105
-146
-179
-205
-198
-187
-171
-127
-37
105
225
351
452
510
540
497
408
291
211
122
17
-47
-116
-146
-169
-189
-221
-274
-310
-393
-466
-557
-628
-637
-658
-623
-573
-465
-313
-160
-1
83
175
237
261
255
200
171
114
87
46
0
24
53
103
119
133
114
33
-49
-172
-245
-262
-240
-205
-184
-111
-48
13
56
71
65
-5
-83
-178
-254
-271
-241
-198
-193
-166
-119
-83
-47
-19
-22
-65
-110
-152
-180
-178
-122
-49
3
49
125
212
253
280
286
249
189
126
75
13
-20
-16
-22
-42
-45
-15
-38
-106
-177
-269
-353
-412
-446
-473
-473
-429
-370
-311
-250
-167
-90
-61
-49
-38
-46
-39
17
97
188
293
394
464
522
586
626
624
594
562
498
402
343
320
309
308
300
258
187
151
119
58
-14
-77
-132
-197
-220
-198
-151
-66
41
138
206
278
350
394
422
443
446
418
381
338
288
241
208
160
68
-32
-151
-283
-414
-523
-610
-679
-684
-666
-633
-587
-526
-431
-345
-262
-215
-198
-202
-213
-197
-198
-164
-108
-38
47
121
200
233
245
221
175
141
95
75
54
59
71
87
106
82
66
27
-10
-46
-94
-131
-180
-184
-177
-136
-63
4
105
194
289
348
377
409
422
450
450
458
448
406
367
308
252
182
124
62
-28
-88
-134
-170
-221
-261
-278
-302
-293
-289
-288
-290
-282
-250
-232
-200
-166
-121
-91
-81
-64
-69
-83
-110
-140
-179
-214
-229
-242
-228
-184
-126
-69
-29
2
14
33
46
50
63
88
119
138
161
196
238
272
284
273
227
176
136
102
75
65
65
36
-15
-55
-77
-85
-89
-97
-119
-138
-122
-64
21
104
180
249
292
313
330
337
319
281
230
147
54
-4
-42
-86
-131
-162
-207
-260
-308
-344
-355
-362
-361
-363
-357
-331
-280
-230
-208
-167
-120
-89
-51
-18
5
15
26
34
38
78
138
211
261
298
340
355
356
326
276
193
103
31
-49
-92
-104
-114
-148
-203
-230
-242
-225
-196
-156
-103
-50
30
112
192
258
316
365
389
405
390
352
309
258
201
121
40
-33
-81
-118
-169
-208
-244
-269
-301
-323
-318
-307
-278
-246
-190
-132
-73
0
48
91
119
147
159
135
118
75
24
-37
-86
-97
-112
-109
-117
-111
-93
-86
-61
-71
-77
-78
-68
-31
-10
42
90
137
175
211
261
268
263
250
219
154
59
-21
-109
-172
-202
-221
-245
-274
-271
-280
-293
-281
-252
-201
-147
-70
-2
55
134
215
267
274
283
257
196
152
117
95
85
93
62
14
4
-5
-10
-42
-84
-116
-164
-199
-196
-181
-176
-118
-60
-57
-6
67
106
115
130
125
87
85
69
47
88
160
231
296
358
396
416
412
363
288
200
124
41
-31
-56
-75
-93
-112
-145
-183
-207
-198
-197
-202
-188
-166
-133
-82
-24
37
96
141
165
173
172
153
119
73
20
-19
-56
-102
-147
-199
-250
-279
-312
-366
-406
-440
-464
-460
-441
-394
-319
-210
-83
12
104
193
258
300
309
299
266
247
246
243
237
237
246
222
190
150
90
49
-8
-76
-135
-175
-181
-166
-134
-87
-25
48
113
143
167
219
226
219
221
180
134
96
36
-43
-99
-147
-217
-290
-350
-381
-367
-324
-309
-266
-242
-292
-243
-178
-162
-20
84
73
117
140
111
114
92
69
79
86
166
241
235
238
252
243
156
60
-61
-306
-365
-213
-134
25
215
209
190
198
120
25
-67
-135
-181
-199
-107
13
170
401
505
540
508
307
189
146
73
99
153
172
224
283
276
187
75
-36
-206
-353
-381
-415
-404
-303
-261
-211
-118
-69
-83
-147
-205
-230
-204
-129
-54
2
68
133
158
177
159
96
22
-94
-196
-244
-278
-299
-316
-354
-368
-366
-364
-348
-343
-319
-254
-177
-77
41
166
284
357
417
463
451
439
420
355
313
312
313
305
287
267
210
137
69
-36
-141
-202
-248
-262
-217
-154
-67
36
92
129
137
99
56
2
-70
-118
-122
-113
-88
-57
-43
-64
-100
-138
-204
-259
-297
-327
-323
-286
-228
-156
-94
-54
-2
27
34
58
54
44
47
58
83
100
131
152
153
166
162
139
113
63
-4
-36
-66
-89
-77
-66
-30
24
64
92
101
112
115
106
108
91
74
87
80
89
147
197
231
261
246
208
187
148
86
16
-43
-82
-99
-93
-86
-68
-37
-38
-62
-93
-159
-212
-240
-268
-257
-199
-141
-64
21
74
111
118
102
88
77
82
90
85
80
81
83
81
63
18
-48
-128
-192
-256
-315
-343
-360
-342
-300
-239
-155
-74
8
91
157
213
269
309
339
365
384
396
385
366
327
262
202
133
63
7
-48
-83
-118
-158
-166
-168
-158
-135
-118
-96
-71
-40
4
19
26
44
14
-26
-61
-99
-116
-137
-156
-178
-217
-232
-237
-268
-290
-297
-307
-310
-319
-315
-294
-266
-196
-123
-49
55
145
202
230
244
254
250
237
228
206
189
176
143
117
101
103
95
58
28
-8
-43
-64
-86
-95
-94
-86
-65
-38
-2
64
126
163
186
190
194
193
201
215
216
224
214
195
185
163
132
85
18
-46
-87
-134
-177
-204
-238
-261
-279
-286
-279
-264
-230
-203
-178
-138
-98
-58
-13
17
48
91
124
161
196
222
260
288
295
282
248
195
140
77
4
-62
-131
-183
-219
-234
-234
-230
-204
-182
-168
-139
-107
-69
-8
68
144
222
297
348
389
414
414
397
358
306
249
193
133
73
22
-22
-65
-99
-131
-168
-195
-218
-237
-247
-246
-235
-213
-181
-143
-106
-74
-39
-9
4
12
3
-28
-64
-105
-143
-170
-180
-179
-190
-204
-213
-218
-219
-211
-195
-177
-136
-80
-28
18
55
100
134
154
170
173
183
200
212
211
188
157
136
115
95
80
51
13
-19
-47
-53
-52
-44
-31
-32
-19
8
34
62
76
80
96
109
128
163
169
168
162
134
101
62
25
-10
-41
-45
-55
-60
-46
-36
-36
-59
-109
-154
-191
-218
-214
-225
-237
-219
-198
-168
-117
-73
-38
-11
14
44
63
91
115
123
153
182
198
214
209
194
166
108
48
-14
-69
-97
-119
-128
-124
-122
-114
-109
-103
-77
-43
-14
15
34
61
89
107
137
152
166
185
179
168
148
126
99
63
25
-3
-26
-40
-43
-46
-41
-45
-53
-60
-81
-88
-81
-83
-77
-62
-39
-14
16
46
53
46
23
-22
-72
-118
-156
-187
-205
-210
-210
-202
-181
-163
-150
-125
-109
-97
-69
-33
14
67
126
178
219
256
283
298
307
304
294
284
260
230
191
129
60
-9
-76
-129
-170
-202
-238
-269
-282
-286
-275
-245
-221
-198
-160
-126
-82
-24
33
88
132
155
163
162
163
162
161
160
146
138
135
123
109
86
49
13
-33
-82
-118
-150
-174
-186
-204
-218
-210
-195
-164
-124
-79
-28
20
65
101
133
162
172
168
159
137
120
111
90
71
59
42
27
15
0
-16
-32
-54
-81
-105
-111
-100
-70
-30
9
47
75
94
103
104
96
80
65
48
28
20
25
29
38
44
31
17
10
-3
-17
-32
-57
-93
-121
-134
-138
-116
-94
-88
-87
-80
-63
-38
-10
3
12
17
9
-2
-19
-26
-28
-35
-53
-82
-99
-115
-132
-147
-160
-170
-171
-162
-150
-126
-85
-43
-12
13
51
98
140
180
203
208
212
211
201
183
156
119
79
36
4
-15
-34
-56
-85
-110
-140
-164
-163
-157
-150
-126
-98
-72
-32
8
37
56
68
69
59
38
26
32
29
33
43
49
60
83
97
82
66
49
17
-11
-24
-24
-16
5
17
31
53
87
133
170
197
219
232
226
216
213
208
195
179
151
115
83
57
22
-20
-65
-111
-164
-213
-239
-247
-248
-245
-235
-225
-211
-181
-149
-127
-99
-70
-47
-23
4
35
63
85
108
127
135
136
134
123
106
88
68
45
25
23
22
18
19
14
1
-19
-45
-70
-102
-132
-145
-146
-134
-100
-64
-41
-14
22
52
68
80
82
69
49
27
-1
-22
-36
-63
-96
-129
-148
-150
-148
-149
-147
-134
-128
-119
-97
-70
-29
28
77
112
156
201
225
229
221
199
174
145
98
42
0
-36
-63
-91
-125
-151
-176
-200
-222
-226
-220
-202
-177
-148
-113
-70
-19
11
28
40
45
51
60
72
90
112
127
139
144
145
151
142
111
74
36
11
-11
-36
-54
-72
-76
-60
-39
-9
24
49
63
59
54
61
70
78
92
97
106
125
135
139
131
120
96
52
4
-36
-64
-77
-84
-92
-94
-88
-80
-71
-62
-56
-50
-53
-62
-76
-81
-68
-55
-29
4
29
59
79
82
78
74
67
53
48
48
54
71
90
110
126
139
141
133
112
77
43
10
-23
-42
-46
-40
-25
-7
10
28
45
64
68
51
18
-23
-68
-108
-132
-147
-154
-151
-140
-136
-134
-138
-159
-189
-222
-250
-269
-265
-244
-205
-154
-99
-31
37
96
140
159
150
122
88
51
26
15
19
23
25
21
15
10
-1
-21
-49
-77
-95
-95
-83
-59
-26
13
44
68
84
94
105
108
104
100
100
105
109
109
105
99
88
68
41
15
-4
-20
-32
-39
-49
-42
-31
-20
-5
12
33
55
76
88
100
109
119
124
129
133
129
121
107
82
58
26
-13
-52
-97
-137
-166
-187
-202
-204
-203
-195
-183
-164
-141
-123
-99
-74
-52
-31
-7
13
29
43
59
73
85
103
115
122
121
110
95
79
69
66
67
66
69
70
74
73
68
58
38
24
5
-9
-17
-13
-9
7
21
31
44
43
40
28
13
-3
-20
-32
-42
-47
-45
-49
-58
-66
-76
-88
-106
-133
-167
-198
-220
-225
-215
-188
-151
-111
-67
-24
22
65
99
119
124
118
107
93
79
64
51
44
32
22
8
-8
-20
-34
-48
-56
-60
-54
-41
-22
4
35
72
110
143
167
185
192
193
189
180
175
162
145
119
92
64
36
6
-32
-71
-102
-129
-153
-170
-178
-175
-166
-148
-127
-97
-58
-14
25
56
79
97
111
110
104
95
83
69
53
33
10
-9
-29
-57
-89
-116
-142
-158
-167
-180
-187
-190
-187
-177
-159
-128
-89
-50
-10
28
61
89
112
125
124
113
103
90
76
70
65
67
71
75
72
68
67
70
69
64
60
52
45
40
35
32
29
28
26
25
22
23
16
0
-16
-30
-38
-48
-58
-68
-89
-106
-122
-143
-158
-173
-187
-202
-215
-222
-222
-220
-209
-194
-179
-154
-120
-82
-41
-2
28
51
73
92
107
114
117
114
104
93
73
53
28
-5
-36
-67
-91
-103
-109
-108
-99
-87
-65
-40
-10
27
64
104
140
169
196
215
229
241
243
234
218
194
166
135
100
67
29
-10
-47
-83
-120
-149
-166
-177
-177
-174
-164
-145
-120
-90
-62
-35
-12
9
30
45
60
73
80
84
82
75
69
63
54
43
30
14
-3
-27
-50
-73
-95
-108
-112
-109
-96
-71
-38
-7
20
46
66
82
94
104
108
110
109
105
99
88
79
70
56
44
29
16
2
-7
-12
-12
-3
10
26
43
58
72
81
86
87
80
74
64
57
48
40
35
26
12
-6
-26
-53
-80
-110
-143
-176
-204
-223
-236
-236
-230
-214
-188
-157
-133
-107
-83
-68
-51
-37
-20
0
26
57
86
117
142
156
161
152
138
116
92
64
33
1
-29
-54
-75
-89
-96
-91
-86
-73
-59
-42
-26
-8
9
25
45
66
90
111
129
140
144
138
120
95
64
30
-1
-33
-60
-82
-102
-117
-131
-142
-155
-167
-173
-172
-161
-143
-116
-91
-61
-32
-5
23
50
75
97
110
116
113
105
95
82
72
59
45
30
13
-5
-18
-35
-47
-53
-58
-59
-52
-36
-13
17
51
87
116
146
166
177
181
180
174
164
151
137
125
109
94
76
56
33
7
-19
-42
-61
-70
-72
-68
-52
-30
-1
28
55
75
86
86
78
63
43
27
14
3
-8
-21
-33
-45
-56
-68
-85
-110
-138
-167
-192
-208
-213
-210
-197
-179
-158
-132
-107
-80
-57
-41
-32
-28
-21
-13
-2
13
32
52
71
85
90
91
81
64
37
10
-14
-33
-44
-48
-45
-38
-28
-20
-12
-7
1
7
14
22
30
41
54
67
78
83
85
85
77
63
43
18
-10
-38
-66
-89
-108
-118
-123
-122
-112
-101
-88
-76
-63
-51
-39
-26
-12
2
18
32
45
56
63
70
72
71
66
60
49
36
23
11
-1
-9
-18
-25
-30
-32
-37
-42
-46
-51
-47
-43
-33
-19
-1
22
45
70
93
111
122
124
118
107
94
79
65
49
33
22
13
8
3
-2
-13
-27
-44
-60
-68
-68
-57
-40
-15
12
36
57
71
77
74
61
43
23
4
-11
-23
-35
-45
-60
-71
-84
-96
-105
-110
-111
-112
-107
-98
-87
-73
-60
-45
-30
-12
10
27
44
59
66
71
74
74
75
77
77
77
74
70
64
53
40
20
2
-16
-32
-40
-45
-42
-37
-26
-18
-9
3
11
19
24
27
30
33
38
46
51
59
61
61
55
44
27
3
-27
-59
-87
-113
-129
-136
-135
-122
-103
-79
-52
-28
-5
9
17
21
22
27
33
44
59
75
93
109
118
121
115
103
81
59
40
25
17
10
7
2
1
-4
-11
-21
-34
-46
-56
-60
-56
-42
-23
-1
21
40
57
67
73
74
68
59
49
38
31
24
20
15
8
1
-9
-21
-36
-49
-61
-74
-82
-84
-81
-72
-57
-42
-24
-4
15
32
46
56
60
56
45
28
4
-17
-39
-63
-81
-93
-101
-102
-101
-99
-92
-87
-79
-73
-69
-61
-51
-38
-21
4
32
59
83
103
114
120
118
109
95
80
65
49
32
19
6
-8
-24
-39
-53
-63
-68
-68
-62
-51
-39
-32
-25
-23
-20
-23
-27
-25
-22
-11
4
20
37
50
60
58
47
29
6
-22
-54
-81
-102
-110
-109
-99
-85
-61
-33
-6
19
41
60
72
78
78
80
82
84
84
83
83
81
79
72
64
56
47
36
27
21
18
19
19
20
19
16
13
6
3
-4
-12
-23
-33
-42
-47
-51
-55
-57
-58
-56
-56
-54
-53
-53
-51
-52
-52
-50
-47
-42
-36
-28
-15
-4
2
7
4
3
-2
-12
-20
-29
-31
-30
-27
-18
-5
9
23
33
39
43
40
36
27
18
9
-2
-11
-20
-22
-21
-17
-10
-7
0
5
11
16
20
25
27
31
33
41
52
64
78
87
94
97
92
82
62
38
10
-19
-47
-68
-84
-94
-95
-93
-85
-72
-63
-52
-44
-40
-36
-38
-39
-43
-43
-41
-42
-42
-42
-40
-39
-38
-38
-41
-46
-53
-63
-74
-87
-96
-108
-116
-118
-117
-106
-91
-72
-46
-20
7
30
50
67
77
83
86
85
84
83
80
79
75
74
72
71
70
65
62
55
48
40
37
35
36
40
44
50
55
58
56
52
44
35
27
18
12
9
9
12
18
23
26
30
29
28
27
24
25
26
32
38
40
41
40
35
23
11
-6
-22
-39
-54
-65
-69
-66
-60
-49
-38
-25
-15
-7
-3
-2
-5
-8
-13
-19
-18
-16
-7
4
13
25
32
37
35
31
20
5
-8
-23
-34
-39
-40
-33
-23
-9
10
27
43
52
59
58
50
37
18
-1
-19
-32
-40
-41
-34
-22
-8
8
19
25
26
18
8
-7
-23
-36
-44
-46
-42
-35
-25
-13
-5
3
4
-1
-10
-24
-38
-52
-63
-69
-73
-74
-73
-67
-66
-63
-62
-62
-57
-51
-40
-27
-10
8
27
43
56
61
62
56
45
34
20
9
0
-5
-5
-5
-1
2
6
7
8
7
3
0
-5
-8
-9
-10
-9
-6
-3
1
1
0
-3
-9
-12
-15
-18
-17
-15
-13
-9
-2
7
18
30
43
57
69
82
92
99
101
97
89
76
59
43
28
14
2
-6
-14
-19
-20
-22
-24
-26
-30
-34
-38
-36
-36
-32
-24
-16
-5
5
15
23
28
26
22
12
-3
-18
-35
-48
-61
-70
-75
-74
-68
-59
-47
-35
-25
-16
-13
-9
-9
-8
-7
-7
-6
-3
5
13
18
28
32
34
32
25
19
7
-9
-23
-34
-44
-50
-54
-54
-51
-48
-38
-29
-20
-12
-6
0
-1
3
7
12
18
21
29
32
37
44
46
47
39
35
30
21
19
13
10
12
12
12
11
9
7
6
2
-3
-14
-22
-23
-25
-24
-24
-19
-17
-13
0
4
13
14
4
4
-3
2
7
-3
-2
6
11
10
8
5
3
-7
-15
-28
-40
-30
-32
-28
-13
-9
6
26
44
63
75
79
81
83
79
72
57
46
44
39
32
32
29
31
33
16
6
3
1
4
-26
-44
-33
-54
-59
-41
-36
-10
5
10
28
18
2
-5
-31
-58
-71
-90
-90
-86
-102
-97
-80
-73
-61
-49
-62
-74
-73
-94
-95
-77
-72
-64
-50
-30
-9
5
25
28
15
11
13
7
4
-2
-9
12
24
39
61
53
60
62
31
30
25
31
75
74
137
200
221
562
773
478
387
224
-298
-369
-275
-434
-317
-72
1
153
287
214
45
-141
-304
-406
-433
-405
-295
-88
98
235
338
320
186
31
-102
-176
-171
-137
-23
127
186
322
435
185
-89
-133
-316
-516
-384
-282
-322
-144
9
-19
71
94
-62
-108
-157
-229
-110
-59
-53
166
233
99
158
140
-1
38
46
96
402
488
330
420
597
586
551
550
366
81
-25
-154
-294
-217
-199
-225
-91
-58
-80
-14
-141
-297
-264
-294
-295
-165
-192
-181
3
-16
-76
39
-15
-136
-139
-219
-258
-157
-122
-113
-51
-22
-31
-37
-86
-166
-159
-91
-104
-87
-4
9
-2
22
143
294
237
257
436
259
177
539
455
135
249
133
-172
-105
-66
-127
-57
-10
-3
-47
-49
-4
-175
-307
-258
-358
-359
-178
-165
-105
87
132
154
140
33
-52
-133
-129
-58
-49
65
190
165
184
196
52
-57
-87
-225
-286
-124
-77
-43
111
69
46
143
16
-97
-102
-201
-261
-221
-172
-128
-14
34
-54
-3
54
-52
-41
-19
-75
15
133
109
117
248
231
135
182
106
6
81
68
47
118
178
249
210
204
223
90
44
62
-59
-115
-33
-16
-74
15
60
-78
-41
-27
-167
-109
-77
-122
-58
-45
-49
-37
-86
-54
-19
-52
-60
-68
-81
-43
1
37
121
103
1
-20
-83
-135
-28
4
-44
-14
-7
-40
-11
28
-39
-116
-83
-10
-17
-34
27
78
58
49
85
21
-30
33
21
-35
6
22
29
99
95
85
135
95
50
53
-3
-64
-52
-14
4
45
100
94
94
67
-12
-32
-45
-67
-14
18
38
124
87
2
47
8
-127
-132
-146
-211
-138
-68
-113
-84
-42
-94
-55
-35
-170
-167
-100
-144
-40
60
3
58
98
39
69
77
34
57
52
16
16
61
117
70
40
82
34
9
58
11
-6
30
-29
-60
-53
-64
-37
-37
-66
2
40
28
81
80
31
42
28
0
18
23
21
-4
-20
23
27
10
45
44
40
80
70
44
41
-3
-9
47
54
60
80
69
70
37
17
49
12
-2
40
14
20
53
-5
-39
2
-14
-40
-2
-12
-61
-58
-68
-85
-62
-54
-56
-78
-84
-31
-34
-64
-30
-16
-45
-46
-49
-78
-47
9
-13
-15
15
-21
-18
7
-1
25
59
72
86
82
65
53
45
26
-9
-25
-13
0
18
34
31
16
-5
-41
-57
-72
-76
-35
-17
-5
38
29
8
5
-23
-55
-72
-58
-57
-83
-65
-64
-72
-44
-57
-66
-33
-26
-36
-23
-3
14
52
82
88
82
54
39
52
51
82
95
76
88
71
51
27
-18
-35
-43
-35
-21
-27
-23
-13
-11
-29
-46
-32
-50
-58
-42
-39
7
30
45
80
61
57
70
38
16
5
7
23
27
47
66
76
67
24
-5
-39
-74
-86
-87
-73
-47
-43
-60
-63
-52
-67
-72
-55
-67
-79
-60
-39
-34
-23
-7
-15
-7
9
5
-11
-12
-5
-3
5
27
35
37
50
43
43
52
26
2
-10
-1
-4
-12
11
10
-3
19
0
-18
-2
-8
-15
-22
-28
-10
-16
-22
0
0
2
-6
-42
-46
-24
-17
-4
26
26
4
2
-5
-24
-3
6
-5
15
23
18
37
33
28
34
16
12
18
5
10
11
12
26
27
16
-6
-27
-24
-35
-36
-5
17
19
31
46
36
23
28
14
10
28
19
31
46
36
41
35
28
31
21
13
3
-3
19
9
-15
0
-5
-19
-5
-14
-42
-29
-38
-50
-19
-1
7
27
25
8
-12
-33
-48
-72
-66
-53
-58
-32
-21
-20
-4
-15
-4
-1
-39
-36
-19
-15
-1
27
64
56
70
95
58
32
28
27
22
23
45
41
32
48
46
34
38
37
11
-7
-2
-36
-46
-4
-18
-7
38
32
37
52
32
0
-10
-5
-21
-31
-25
-29
-21
-11
-11
-7
-23
-18
-16
-41
-57
-52
-34
-21
-5
1
7
27
13
0
0
-19
-41
-50
-50
-34
-27
-31
-38
-51
-60
-65
-53
-51
-36
10
10
17
45
36
18
8
-2
-17
-19
0
-2
20
69
73
65
59
30
33
44
32
30
44
41
22
27
21
17
26
32
47
41
34
46
40
37
45
30
8
-14
-21
-24
-45
-44
-49
-54
-40
-50
-53
-49
-54
-48
-41
-39
-32
-7
19
26
36
45
25
4
-16
-34
-32
-30
-16
10
19
15
16
2
-24
-26
-27
-30
-31
-26
-18
-4
15
34
50
66
74
85
100
103
88
55
29
20
0
7
30
18
23
26
14
14
9
-4
-11
-15
-11
9
25
45
57
52
51
41
14
-3
-13
-21
-22
-32
-20
-9
-30
-30
-25
-37
-39
-43
-51
-53
-40
-25
-20
-25
-16
-7
-22
-44
-49
-45
-31
-15
-2
20
26
13
-16
-60
-74
-77
-88
-59
-35
-42
-31
-25
-24
-20
-32
-36
-32
-32
-9
9
16
26
17
8
0
-12
-6
8
1
-3
1
6
25
34
36
38
37
27
21
21
18
11
12
18
8
6
5
-11
-11
-1
-9
-8
-1
-18
-17
6
10
10
4
-8
-11
-23
-29
-31
-39
-26
-13
-13
2
14
2
-5
-10
-22
-21
-20
-13
-11
-15
11
28
8
22
26
4
33
62
66
94
115
118
135
130
109
102
91
65
48
34
27
28
24
40
41
31
34
6
-25
-26
-35
-30
-20
-17
0
4
3
3
-11
-17
-23
-42
-58
-54
-53
-64
-46
-28
-41
-42
-44
-74
-93
-89
-91
-93
-71
-49
-44
-21
0
-5
-2
-4
-8
-1
5
18
30
28
16
10
16
6
-21
-26
-15
-7
11
33
43
33
20
10
-1
-12
-14
-15
-21
-8
6
2
9
23
21
12
11
23
27
11
17
23
18
20
27
36
38
46
56
38
23
31
28
26
29
40
46
27
15
9
-8
-11
-10
-18
-17
-15
-22
-19
-20
-36
-30
-19
-38
-36
-25
-30
-13
4
10
26
17
1
2
3
2
-4
-1
1
-11
-15
-9
-11
-12
0
9
1
0
10
10
-2
-2
6
14
27
40
43
33
18
13
18
13
20
30
14
5
5
-13
-24
-22
-29
-35
-31
-29
-21
-16
-13
-14
-19
-21
-20
-19
-24
-15
-7
-7
-8
-2
0
-11
-12
-6
-21
-21
2
-4
-9
10
8
5
16
11
9
18
20
20
32
32
28
48
53
31
29
23
-6
-12
-12
-25
-22
-2
12
8
10
1
-25
-43
-53
-47
-45
-50
-32
-16
-10
14
25
12
4
3
-14
-30
-33
-46
-41
-22
-30
-20
0
-15
-19
-19
-40
-46
-41
-42
-29
-2
13
25
41
44
56
53
37
39
29
25
31
19
18
26
10
0
-2
-17
-26
-28
-29
-26
-18
-11
-5
-7
-8
-1
-5
-5
4
-6
-1
12
13
25
31
31
38
22
-4
-10
-19
-24
-10
3
17
34
44
41
31
25
26
20
7
5
3
6
15
4
-4
-2
-7
-15
-20
-23
-27
-31
-35
-37
-34
-31
-24
-23
-29
-29
-21
-17
-11
3
14
20
14
10
13
11
6
7
8
8
8
12
25
34
42
46
40
24
18
13
2
7
15
16
16
19
11
-1
-5
-5
-22
-32
-29
-38
-44
-35
-36
-40
-23
-23
-30
-26
-27
-33
-39
-39
-36
-19
-2
13
26
26
12
2
-10
-29
-34
-38
-52
-47
-46
-49
-23
-16
-25
-13
-23
-43
-35
-30
-26
-6
9
19
27
29
22
20
28
30
32
34
32
30
26
26
26
26
27
27
24
21
21
27
27
29
39
46
53
65
65
64
65
60
63
72
71
64
60
49
38
34
29
20
14
12
4
-13
-19
-26
-26
-17
-13
-15
-21
-32
-40
-42
-39
-32
-30
-28
-18
-7
-4
11
17
14
26
22
6
9
4
-8
-14
-14
-22
-29
-16
-12
-14
-2
3
5
2
-6
-5
-13
-22
-13
-12
-7
20
39
40
55
65
54
48
49
54
61
73
77
70
67
69
50
28
22
0
-25
-30
-35
-42
-38
-38
-39
-46
-55
-63
-77
-87
-91
-89
-83
-65
-45
-30
-20
-14
-13
-16
-14
-13
-13
-6
3
2
13
26
20
14
17
4
-10
-3
-9
-13
-4
1
-2
0
-2
-6
-10
-9
-4
-9
-6
1
2
6
7
-1
-5
-3
1
0
5
14
13
17
32
37
35
37
38
25
11
11
2
-5
7
14
15
21
21
13
4
-2
-10
-17
-19
-20
-16
-15
-14
-9
-6
-7
-9
-10
-15
-13
-10
-6
3
6
6
-1
-8
-15
-19
-20
-16
-6
-7
-17
-27
-35
-49
-57
-60
-64
-64
-60
-53
-43
-33
-24
-16
-11
-12
-6
-4
-8
-1
15
20
24
37
45
48
62
67
58
55
40
21
8
4
1
-3
-11
-21
-26
-33
-38
-33
-34
-37
-38
-37
-39
-33
-26
-19
-6
1
5
2
3
5
5
11
23
28
28
34
35
31
23
21
10
-4
-11
-20
-27
-30
-29
-24
-16
-7
6
18
20
26
28
23
28
34
32
36
40
35
30
29
17
7
6
-4
-15
-20
-27
-32
-30
-38
-44
-46
-50
-56
-58
-48
-40
-33
-11
3
14
30
39
36
33
35
39
38
41
48
47
42
40
33
24
18
15
8
6
4
-2
-2
5
11
11
13
9
1
-4
-6
-8
-5
9
14
21
32
31
29
30
27
15
13
7
1
4
8
7
-1
-5
-9
-14
-16
-12
-14
-13
-13
-13
-19
-24
-24
-26
-26
-24
-19
-18
-9
-3
3
13
18
19
16
11
2
1
0
-1
7
15
20
30
34
31
26
20
10
1
-4
-2
1
0
-1
-2
-11
-16
-17
-19
-23
-20
-16
-19
-13
-7
-3
1
3
6
0
-6
-8
-14
-11
-7
-13
-9
-4
-10
-10
-8
-13
-14
-10
-12
-13
-12
-14
-16
-17
-15
-11
-9
-6
0
2
7
15
15
17
23
26
25
30
32
25
25
26
15
11
11
1
1
6
4
9
19
18
17
12
0
-11
-18
-26
-28
-23
-20
-10
1
4
7
5
-1
-7
-10
-3
5
17
32
37
42
48
47
42
37
29
22
17
16
15
15
11
7
0
-10
-20
-28
-37
-43
-39
-40
-39
-36
-33
-36
-37
-34
-38
-32
-21
-19
-12
-3
6
11
13
12
7
2
-3
-9
-19
-24
-22
-30
-30
-24
-30
-31
-31
-30
-27
-22
-17
-15
-13
-10
-4
-1
2
7
12
16
19
19
19
17
12
11
8
4
4
0
-5
-7
-6
-4
-9
-11
-15
-20
-21
-21
-15
-8
-2
9
14
21
29
33
31
34
32
25
22
12
5
1
0
0
2
5
3
0
-6
-11
-18
-18
-25
-33
-35
-39
-41
-40
-37
-35
-33
-28
-28
-24
-23
-22
-20
-21
-13
-5
-1
5
7
3
4
4
0
-2
3
9
13
18
26
30
30
28
20
18
14
11
13
11
14
18
20
18
20
15
12
12
8
10
13
16
17
18
20
19
14
11
5
2
1
-2
1
4
8
14
19
19
18
13
6
-2
-7
-9
-13
-9
-12
-15
-14
-20
-23
-25
-28
-25
-22
-19
-16
-12
-5
-1
1
2
4
5
4
8
9
12
19
22
23
26
25
20
16
8
-1
-6
-8
-11
-13
-12
-14
-14
-12
-14
-16
-18
-17
-14
-12
-2
4
7
15
12
9
3
-2
-10
-17
-17
-18
-15
-11
-6
-8
-8
-13
-19
-26
-33
-32
-28
-24
-14
-2
3
10
13
11
3
-4
-7
-14
-9
0
8
18
28
31
32
31
22
16
11
5
3
9
15
25
35
44
50
50
48
44
36
28
27
26
23
24
25
24
24
21
17
14
4
-4
-9
-14
-15
-11
-8
-4
0
2
3
1
3
1
0
2
5
7
12
16
17
17
15
10
7
3
-3
-5
-11
-16
-19
-27
-30
-37
-41
-46
-48
-50
-48
-42
-39
-35
-31
-29
-27
-24
-22
-18
-13
-7
1
9
12
19
25
26
28
30
29
26
26
23
23
21
20
16
12
9
3
-1
-8
-12
-15
-15
-17
-13
-10
-13
-7
-6
-8
-2
0
0
8
10
12
18
20
23
24
25
21
15
11
5
-2
-5
-9
-15
-17
-21
-28
-34
-38
-46
-52
-50
-51
-50
-45
-36
-29
-22
-13
-11
-8
-8
-9
-7
-2
4
11
17
22
22
21
16
6
-3
-12
-18
-21
-22
-19
-15
-13
-10
-7
-8
-9
-10
-9
-7
-3
5
13
22
29
35
40
39
34
30
24
17
14
8
1
-2
-7
-12
-15
-21
-28
-34
-41
-42
-43
-44
-41
-38
-36
-30
-24
-21
-17
-10
-4
2
11
18
24
28
33
34
36
36
34
32
32
30
29
31
28
25
22
18
10
6
1
-6
-7
-2
3
5
10
11
9
6
1
-2
-4
-1
2
8
14
16
21
21
19
18
15
12
12
11
7
9
5
0
-3
-10
-15
-19
-20
-22
-22
-23
-23
-26
-28
-31
-35
-37
-38
-32
-28
-21
-10
-3
3
8
11
15
18
20
20
22
26
27
31
34
33
32
27
20
11
2
-6
-14
-19
-22
-23
-21
-21
-19
-16
-15
-10
-9
-6
0
3
11
17
25
33
39
44
42
43
39
34
33
29
30
29
26
24
15
10
0
-12
-16
-26
-27
-23
-19
-9
-4
3
4
3
4
-3
-3
-2
-1
9
15
24
29
29
27
17
10
1
-8
-10
-13
-12
-7
-4
2
2
3
0
-7
-8
-13
-12
-8
-6
6
13
22
31
32
36
32
27
24
17
18
17
17
19
17
18
9
-2
-11
-25
-35
-43
-47
-48
-49
-42
-42
-45
-44
-51
-56
-60
-61
-55
-49
-36
-24
-13
-3
2
6
5
0
0
-5
-4
-1
3
10
11
14
9
2
-5
-18
-23
-32
-33
-29
-30
-20
-17
-16
-15
-21
-22
-25
-25
-19
-15
-3
6
13
21
21
22
19
16
13
11
13
12
14
13
12
11
6
1
-5
-8
-15
-16
-19
-17
-14
-12
-3
-2
2
3
3
2
-2
1
2
3
12
18
24
30
31
31
24
20
13
8
6
4
9
7
7
7
2
-1
-8
-12
-15
-18
-18
-16
-14
-13
-13
-12
-12
-13
-13
-14
-13
-11
-8
-5
-2
2
5
7
9
6
4
-1
-4
-5
-8
-7
-4
-3
-3
-3
-6
-9
-13
-14
-16
-13
-6
-2
6
8
11
13
10
12
11
13
16
16
18
17
19
18
16
12
7
3
-3
-8
-15
-19
-23
-27
-28
-29
-30
-28
-27
-26
-24
-21
-18
-12
-9
-3
2
6
10
12
16
17
20
20
22
23
23
22
19
15
9
3
-2
-5
-7
-6
-9
-11
-14
-17
-19
-22
-21
-20
-19
-16
-14
-11
-7
-5
-2
0
3
5
9
10
11
16
18
19
22
23
22
22
21
20
20
20
20
18
18
17
15
12
9
6
2
-1
-4
-7
-9
-9
-9
-7
-6
-5
-4
-4
-1
-2
2
5
6
10
12
12
15
15
15
16
15
15
13
16
17
16
16
13
10
11
9
9
11
10
12
15
17
17
20
18
17
17
15
13
11
10
8
5
4
-1
-5
-9
-10
-15
-17
-19
-20
-21
-19
-18
-18
-14
-14
-11
-11
-8
-8
-5
-2
0
2
5
5
4
6
1
-1
-5
-8
-12
-17
-17
-19
-20
-20
-21
-24
-22
-24
-24
-24
-21
-16
-13
-6
-3
1
4
9
11
14
15
18
20
22
23
24
25
24
24
19
18
15
12
11
9
11
6
6
5
5
3
6
4
3
6
5
7
8
9
9
11
11
10
12
9
9
6
4
2
1
-1
-3
-2
-5
-6
-7
-11
-14
-16
-22
-23
-26
-26
-26
-26
-23
-24
-21
-22
-22
-20
-21
-18
-18
-15
-13
-12
-10
-8
-7
-4
-4
-2
-1
-2
1
-2
-2
-3
-6
-8
-11
-14
-15
-18
-19
-19
-21
-19
-22
-21
-23
-23
-21
-23
-18
-19
-17
-13
-12
-5
-2
1
6
7
9
10
8
11
8
8
7
5
5
2
4
1
2
0
-2
0
-4
-3
-3
-3
1
2
7
11
14
21
23
25
27
28
31
31
33
33
31
31
27
23
20
15
12
10
6
4
0
-1
-4
-7
-8
-10
-8
-8
-6
-4
-4
-1
0
1
2
3
6
7
9
10
8
5
3
-2
-4
-9
-11
-13
-13
-12
-15
-14
-17
-20
-22
-24
-23
-22
-18
-14
-8
-2
1
4
5
6
6
7
9
12
15
16
18
18
15
12
7
0
-2
-6
-7
-8
-9
-11
-12
-13
-16
-16
-17
-16
-15
-11
-7
-2
4
8
12
12
15
17
18
22
23
25
25
25
24
19
17
14
12
9
8
6
3
0
-4
-5
-9
-10
-10
-11
-9
-7
-5
-1
0
2
2
2
5
5
9
12
14
16
14
15
12
10
8
3
3
2
-1
-1
-3
-7
-9
-15
-17
-20
-18
-17
-16
-15
-13
-13
-11
-11
-11
-9
-7
-4
0
5
8
12
10
10
5
3
3
0
2
0
1
-2
-5
-8
-13
-16
-19
-23
