SAMPLES:	14315
BITSPERSAMPLE:	16
CHANNELS:	1
SAMPLERATE:	16000
NORMALIZED:	FALSE
-39
-34
-30
-36
-43
-41
-36
-35
-29
-16
-7
-5
-7
-4
-2
-2
6
21
33
35
28
27
31
37
42
40
35
32
35
38
36
34
29
23
21
21
12
2
-3
6
16
13
1
-16
-18
-10
-7
-15
-17
-7
-1
-4
-4
-7
-19
-25
-17
1
11
11
2
-8
-13
-7
-1
-1
5
3
1
-7
-4
3
0
0
-10
-19
-18
-7
0
-6
-13
-14
-16
-15
-8
-17
-28
-24
-12
-8
-14
-10
-8
-20
-22
-14
-12
-13
-10
-1
-2
-4
0
-2
-7
-6
0
3
5
11
16
10
4
4
3
5
7
8
13
16
17
10
4
6
6
7
9
8
5
9
18
18
7
-4
-5
0
12
23
22
11
-4
-8
0
12
15
8
5
5
4
-4
-5
1
3
3
0
-1
-6
-12
-13
-9
-5
-3
-6
-11
-13
-15
-18
-12
-4
2
-4
-11
-6
-3
0
5
8
8
8
11
9
7
11
14
14
19
23
18
11
9
13
11
11
17
15
7
4
1
-6
-11
-5
2
-2
-7
-11
-15
-19
-16
-11
-7
-8
-13
-17
-17
-13
-5
-2
-6
-5
-2
-2
-1
2
5
2
0
5
13
8
2
2
-1
2
10
13
6
-5
-9
-5
-1
2
1
-7
-11
-8
-2
1
-2
-12
-18
-10
4
12
8
1
-7
-6
-1
3
8
8
13
13
2
-3
0
5
9
8
5
2
4
3
1
0
3
2
-3
-2
0
-3
-7
-5
0
4
3
-2
-11
-13
-6
3
3
-1
-2
-4
-7
-7
-10
-11
-3
-3
-8
-9
-8
-10
-15
-15
-12
-12
-15
-11
-7
-9
-7
-6
-8
-11
-9
-2
9
13
10
9
5
6
19
25
26
32
27
27
34
35
39
38
34
39
41
41
36
38
40
31
35
32
27
28
22
25
27
21
21
15
7
13
15
15
14
9
6
11
9
2
10
11
5
5
4
1
4
4
-1
-2
-4
-8
-4
-6
-11
-7
-15
-15
-10
-19
-20
-18
-22
-20
-19
-19
-24
-29
-28
-24
-20
-31
-35
-18
-32
-27
-20
-54
-37
-26
-43
-16
-22
-49
-40
-45
-38
-16
-25
-35
-34
-37
-26
-11
-14
-18
-11
-11
-14
-5
-2
-3
4
6
6
10
-1
-2
12
9
12
18
6
7
7
4
12
5
-3
4
15
19
15
12
4
3
16
18
22
27
21
29
34
33
34
26
27
38
43
46
45
41
37
31
32
33
33
33
28
24
18
12
12
12
11
11
-4
-15
-6
-7
-5
-4
-14
-9
-11
-21
-14
-16
-20
-13
-12
-12
-13
-17
-18
-17
-17
-18
-16
-16
-18
-15
-18
-20
-16
-21
-19
-14
-21
-18
-11
-15
-11
-6
-9
-7
-5
-5
3
4
4
10
12
12
13
14
13
15
19
14
14
19
13
16
17
9
9
4
5
11
6
8
10
1
1
2
3
5
7
5
3
9
12
13
15
7
7
14
16
19
19
15
14
14
13
15
15
13
10
8
3
-1
-1
-2
-2
0
-8
-19
-21
-19
-18
-21
-22
-24
-30
-31
-29
-32
-34
-35
-31
-27
-28
-32
-35
-40
-30
-21
-25
-23
-28
-27
-21
-24
-19
-13
-15
-11
-10
-18
-14
-7
-5
-1
1
0
-5
-5
-2
3
12
4
5
9
7
16
18
19
25
20
18
21
27
29
27
21
20
21
18
20
26
22
21
24
22
18
19
17
16
20
22
19
16
9
13
19
13
14
4
-2
1
-1
-1
-6
-10
-14
-19
-13
-14
-17
-17
-27
-31
-33
-38
-37
-38
-39
-37
-39
-40
-39
-38
-35
-31
-38
-46
-47
-45
-38
-32
-28
-28
-27
-23
-23
-21
-22
-26
-22
-27
-27
-20
-23
-24
-25
-25
-22
-23
-25
-25
-25
-16
-10
-7
-9
-9
-3
-5
-3
1
4
6
4
3
5
12
14
15
12
13
15
13
13
9
2
-2
-7
-1
2
0
0
-14
-19
-15
-8
4
7
7
11
10
19
25
37
51
50
50
47
55
94
148
194
219
219
203
188
185
193
198
189
170
144
134
154
179
183
171
133
88
62
50
45
46
50
32
4
-16
-34
-42
-48
-64
-92
-117
-134
-145
-144
-134
-137
-158
-182
-204
-220
-211
-193
-195
-200
-203
-216
-224
-214
-205
-207
-202
-199
-198
-180
-149
-126
-109
-92
-84
-86
-75
-55
-35
-11
10
20
31
53
70
84
97
102
97
98
102
103
107
116
118
115
116
114
111
114
115
106
95
87
77
71
78
78
71
63
52
40
33
26
17
10
5
2
-6
-8
-8
-14
-18
-23
-36
-49
-54
-54
-55
-52
-52
-58
-58
-54
-53
-48
-44
-47
-51
-45
-38
-34
-22
-9
0
6
14
23
28
44
59
59
60
69
73
82
94
95
90
88
84
79
84
83
75
72
67
59
53
52
45
33
28
24
15
11
10
-2
-16
-25
-40
-51
-46
-45
-50
-53
-62
-71
-73
-71
-72
-69
-71
-78
-79
-77
-70
-63
-59
-61
-70
-75
-69
-63
-53
-41
-40
-49
-56
-58
-57
-46
-36
-28
-22
-21
-21
-18
-11
-5
-2
-2
-9
-13
-4
4
15
23
24
24
24
24
24
27
31
32
33
34
38
49
56
60
59
52
48
47
46
45
41
36
34
37
36
34
27
14
6
1
-5
-11
-19
-25
-25
-26
-28
-27
-32
-40
-38
-39
-46
-50
-54
-55
-50
-40
-32
-33
-32
-31
-28
-21
-16
-13
-17
-18
-13
-7
5
16
22
24
18
12
12
13
18
25
31
30
29
33
35
33
34
33
21
17
17
12
15
22
27
28
22
14
6
6
13
15
15
10
0
-2
-1
5
8
5
4
-4
-10
-8
-12
-11
-11
-20
-27
-30
-38
-38
-30
-31
-30
-29
-32
-36
-37
-40
-41
-35
-33
-33
-29
-33
-27
-11
-7
1
6
3
12
17
17
26
36
42
53
63
59
61
75
67
76
90
63
61
61
45
59
53
39
41
24
26
33
5
1
-9
-29
-7
-19
-35
-17
-36
-32
-19
-34
-38
-45
-48
-55
-65
-60
-65
-54
-38
-28
-32
-39
-37
-34
-30
-14
-15
-47
-40
-37
-38
-5
-10
-41
-43
-65
-68
-45
-27
-33
-55
-47
-39
-52
-16
1
-52
-43
-15
-48
0
40
2
30
26
11
33
32
45
72
54
62
97
62
75
127
67
66
99
60
50
89
74
39
61
65
41
9
63
21
-31
78
10
-32
28
-34
-20
0
9
-3
-27
7
-32
-31
3
-47
-32
-14
-48
35
21
-33
56
-42
-83
68
-67
-48
81
-95
5
108
-68
72
4
-138
31
-85
-20
63
-97
9
-12
-79
9
-38
-75
-104
-32
-74
-94
85
-68
-107
97
-70
-137
95
-20
-195
174
30
-218
240
-16
-135
251
-26
-66
154
6
-12
143
13
-60
155
-27
8
177
-87
35
111
-88
35
69
-118
44
43
-85
100
-20
-25
72
-85
23
16
-80
43
51
-88
41
71
-129
84
48
-135
80
-30
-67
54
-49
16
5
-66
3
21
-47
-11
33
-85
12
31
-59
29
-24
-12
37
6
16
-35
56
1
-62
111
-43
-11
114
-89
27
46
-62
47
-17
30
-25
-15
62
-64
29
53
-47
-8
45
-43
6
37
-35
59
-24
-41
65
-94
-29
95
-131
21
55
-171
40
-17
-83
57
-42
-30
-21
-58
62
-67
-15
84
-187
99
75
-162
150
15
-108
111
-31
-17
77
-23
64
-38
30
110
-100
58
56
-117
62
75
-104
39
120
-108
-27
135
-89
-67
130
-49
-62
138
-21
-95
135
0
-26
127
-51
-1
81
-33
115
81
-89
106
2
-32
76
-16
34
22
-16
15
-14
-15
11
-13
-57
16
-31
-79
75
-98
-36
98
-162
15
-1
-155
113
-56
-95
117
-66
2
66
-66
74
-48
-40
129
-52
15
80
-33
40
36
-5
67
-53
-12
90
-59
-11
65
-86
59
17
-132
118
-59
-72
125
-81
-2
50
-64
42
50
-57
54
59
-77
84
65
-41
47
54
-32
76
64
-83
87
41
-75
80
-28
-5
59
-95
68
6
-67
78
-120
-34
105
-86
-18
35
-59
11
47
-48
-19
61
-18
-83
26
80
-67
18
72
-123
25
155
-156
-23
159
-127
-60
113
-56
-109
122
58
-213
152
120
-320
192
108
-330
201
64
-236
154
39
-125
74
117
-144
-114
153
-148
-46
173
-180
-8
75
-106
-77
4
70
-159
-82
134
-206
-81
165
-179
-20
71
-106
-66
-36
118
-45
-62
88
-145
16
100
-179
120
70
-154
165
-80
-79
144
-138
-19
94
-98
43
79
-121
98
40
-116
80
-26
-52
118
-6
-10
72
9
33
9
45
30
-7
51
36
71
23
57
43
-65
81
36
-43
46
43
-29
-20
73
-69
-7
68
-173
44
17
-142
91
-44
-72
37
-63
-46
-31
-34
11
-50
27
-26
-73
62
-64
-25
17
-74
6
-25
-20
24
-58
-11
62
-121
-27
154
-175
49
117
-231
176
46
-167
171
-17
-48
110
-14
-6
68
33
21
-8
26
73
-23
83
88
-71
71
61
-49
56
34
3
33
26
-7
59
67
-39
58
10
-80
83
44
-36
94
3
-25
80
-73
-21
92
-92
22
59
-82
94
-42
-83
115
-129
-71
124
-92
-84
136
-105
-109
177
-109
-110
138
-107
-118
118
-10
-153
86
56
-167
94
41
-196
96
-10
-143
125
-12
-154
99
37
-114
60
-5
-87
40
-71
-11
27
-90
84
24
-76
51
-44
-33
15
23
-77
11
114
-70
24
55
-2
6
-17
88
-87
13
77
-41
64
30
41
-25
-25
34
-46
26
27
21
-65
8
30
-19
26
2
-9
-53
70
-6
-106
46
2
-1
77
-9
-92
74
48
-56
50
30
-94
-4
97
-51
38
45
-47
75
-30
-17
32
-48
-7
25
-11
23
5
51
-1
-76
141
-6
-173
169
5
-129
172
31
-107
123
12
-56
82
-36
-7
44
-32
39
26
-75
23
52
-47
5
15
-64
-36
28
-21
-46
22
-61
-50
47
-39
-39
18
-44
-66
23
-24
-28
31
-15
-2
-22
7
32
-85
43
33
-102
85
34
-45
85
10
2
-5
-4
19
-48
39
41
-16
39
-12
-21
11
21
17
-25
-3
-2
-30
10
6
-33
-17
-19
-35
-17
-9
12
-19
-16
16
-30
-38
-5
-38
-44
-5
-21
-47
-12
-16
-36
-19
-4
-22
-12
-21
-60
-14
-6
-48
-28
-19
-44
-35
-9
-38
0
17
-19
-2
6
0
-11
6
-7
-1
21
1
-14
9
25
5
31
42
11
34
21
1
30
-2
-2
6
-7
22
-4
16
24
-3
31
14
-5
-2
7
5
4
19
9
8
7
9
19
5
18
30
17
35
18
11
27
15
25
20
8
20
11
12
13
32
15
-1
25
-7
-3
27
-12
3
13
-10
6
-12
-18
19
-7
-6
6
-16
-3
-14
5
12
2
11
-2
2
7
12
-2
-15
1
5
16
9
-2
4
9
-2
-2
6
-3
-4
-2
-9
-7
-4
-11
-22
-33
-17
-14
-18
-15
-20
-16
-22
-17
-30
-50
-23
-27
-29
-27
-29
-27
-27
-31
-29
-2
-27
-24
-14
-28
-12
-8
-10
-5
-8
6
4
6
12
20
32
30
-2
21
28
24
44
25
40
35
34
28
20
31
20
21
20
23
18
9
16
-5
0
-7
0
3
-7
6
-1
1
1
-15
-14
-18
-27
-7
-16
-8
8
-6
-2
13
-12
-2
-5
-5
-2
0
-7
9
0
-22
14
-5
-9
3
-7
2
8
-16
-8
2
-11
-12
-10
-18
-12
-13
-9
-16
-3
-2
-3
-23
0
12
4
13
-3
3
2
2
0
19
13
20
31
17
19
23
33
28
16
31
4
13
33
16
15
17
18
-5
2
12
-5
11
8
3
3
-22
-5
-11
-18
-13
-16
-16
-21
-30
-24
-1
-20
-11
-10
-32
4
-20
-28
3
-29
-15
1
-22
-8
-13
-20
14
-10
-20
5
-8
-15
4
-2
-27
-12
-22
-22
-17
-29
-25
-14
-7
-27
-5
-17
-38
-10
-34
-14
-15
-27
1
-14
0
2
-2
6
-1
11
23
9
26
29
19
21
11
15
9
6
19
11
9
25
8
-12
13
-5
-20
1
-26
-7
1
-29
-2
-3
-11
5
1
3
21
31
19
29
30
25
37
48
42
44
60
33
66
68
34
50
36
13
29
31
10
16
13
-8
-17
-8
-35
-37
-21
-48
-22
-37
-54
-34
-45
-34
-46
-48
-33
-39
-25
-14
-22
-8
-8
-28
0
6
-5
2
1
5
4
6
7
-12
1
11
3
5
12
-9
-6
3
-16
-21
-9
-20
-15
11
-13
-7
-3
-19
4
-10
-12
-4
-15
-2
15
3
4
26
3
-3
16
1
9
19
19
19
6
18
16
11
20
5
7
8
0
5
3
1
10
1
-5
-1
-16
-13
-16
-25
-14
-17
-28
-23
-23
-24
-22
-20
-18
-21
-16
-19
-20
-6
-14
-8
4
-3
-4
13
2
6
20
16
21
14
20
20
18
30
23
19
16
19
-8
11
17
-9
27
10
2
10
-14
3
-8
-11
-2
-18
-14
-2
1
4
-2
8
4
-10
8
1
4
22
13
13
16
16
-6
14
15
5
18
3
5
1
8
-2
-14
1
-19
-19
-15
-20
-12
-25
-21
-18
-27
-14
-25
-19
-7
-19
-4
-4
-10
-7
-1
6
4
23
14
6
31
16
21
25
7
19
18
19
19
12
10
8
15
10
-3
11
0
-2
13
2
6
4
5
-5
16
9
-7
27
4
14
30
20
20
23
25
14
29
20
8
34
15
6
25
19
6
-2
7
-6
-6
-2
-19
-14
-16
-24
-27
-23
-35
-28
-28
-35
-20
-32
-18
-31
-21
-1
-43
-3
-2
-34
15
1
-19
22
3
2
27
12
23
26
15
27
22
20
22
18
23
15
22
21
6
19
2
5
9
-10
4
1
-7
-1
-4
-12
-16
-9
-14
-14
-1
-8
-6
3
-5
-6
5
-9
-11
7
-10
6
2
-8
6
-6
2
6
-17
6
-1
-25
10
-5
-28
-1
-21
-31
-10
-17
-22
-1
-23
-21
-7
-28
-15
-8
-13
-12
-4
1
-12
0
7
0
10
11
14
10
21
21
10
30
16
6
17
13
16
24
19
18
17
16
13
13
17
8
13
19
11
11
17
9
2
17
11
1
13
28
3
17
18
4
17
11
12
11
14
12
16
12
-3
3
-5
8
17
2
5
4
-11
-2
-6
-25
-25
-23
-24
-29
-33
-41
-43
-32
-43
-47
-33
-41
-38
-28
-35
-33
-32
-31
-38
-30
-22
-35
-34
-24
-29
-17
-17
-14
1
1
10
5
-4
12
15
5
10
11
-2
0
-8
-3
2
-2
-2
-4
-11
-22
-15
-18
-26
-15
1
-4
1
7
2
13
10
0
1
-6
-8
-3
-11
-2
7
7
13
8
-9
-22
-30
-27
0
-4
2
7
-26
-34
-44
-67
-68
-45
-55
-34
-7
-5
-1
4
0
-22
-30
-62
-57
-15
-18
-14
7
25
-3
-21
-8
-28
-25
-24
-37
-23
-42
-55
-60
-71
-52
-38
-26
-38
-51
-57
-45
-33
-18
17
48
76
86
87
96
131
149
154
162
206
169
362
1058
1400
1200
892
562
44
-395
-210
-131
-127
201
274
196
143
33
-176
-523
-661
-653
-652
-375
-16
143
263
119
-196
-389
-550
-465
-263
-42
238
365
297
101
-63
-175
-261
-273
-217
-115
4
19
-9
-11
-89
-204
-283
-402
-463
-302
-151
-35
62
85
-29
-219
-269
-288
-225
-44
96
151
122
114
50
-81
-60
25
66
112
161
196
191
224
249
197
81
24
-37
-124
-30
112
170
194
128
-11
-147
-215
-203
-135
21
98
36
-57
-142
-140
-126
-68
-15
-58
-106
-65
-75
-82
100
439
399
-98
-231
-304
-417
-155
129
256
160
64
11
-104
47
263
206
100
50
17
99
208
274
296
126
-55
-194
-219
-22
122
256
288
138
24
-94
-230
-177
-3
51
79
83
57
63
63
64
51
14
-10
10
-16
30
271
316
219
171
-4
-107
-152
-140
-23
-2
12
56
29
-126
-140
-14
-61
-103
-87
-151
-193
-120
-42
-35
108
159
-9
-37
-98
-139
-24
-16
51
122
47
50
45
24
2
-51
-53
-180
-208
-105
-100
-50
-32
-74
-159
-249
-293
-325
-317
-98
361
514
420
535
550
447
516
454
291
208
71
72
87
94
262
81
-267
-327
-414
-497
-369
-225
-211
-168
4
-21
-142
-19
37
-47
-102
-81
59
166
253
305
252
262
206
-7
-68
-30
-7
77
37
-80
-55
7
-75
-191
-210
-251
-301
-299
-229
-151
-101
-56
-134
-214
-174
-113
-62
-56
2
95
120
146
139
129
98
-16
-48
-77
-176
-160
-89
-105
-167
-179
-211
-269
-275
-223
-148
-189
-236
-231
-237
-247
-38
425
327
62
224
184
165
303
317
372
345
205
311
900
1298
1034
713
263
-126
-10
-35
-89
168
50
-240
-141
-102
-191
-91
-325
-819
-721
-377
-179
64
124
235
585
546
301
417
428
272
236
92
67
334
253
-149
-289
-272
-279
-268
-431
-621
-552
-566
-728
-683
-499
-362
-300
-440
-610
-436
-205
-227
-192
-64
25
131
118
12
98
228
114
1
-40
-64
58
71
-77
-55
54
13
-97
-194
-222
-81
37
-7
20
135
157
132
83
62
190
307
254
223
277
335
382
338
265
278
299
261
225
249
302
333
292
165
88
88
35
-27
-37
30
151
191
162
136
111
99
29
-39
-22
46
174
205
153
199
210
116
19
-35
-54
-56
-55
-54
-19
45
98
99
-2
-85
-93
-160
-213
-183
-147
-90
-70
-116
-168
-208
-182
-189
-238
-221
-186
-209
-231
-192
-201
-215
-212
-288
-316
-291
-308
-350
-373
-373
-354
-335
-344
-352
-327
-273
-218
-166
-125
-86
-41
-51
-71
-77
-84
-49
-44
-15
123
242
293
283
243
241
260
277
329
418
521
582
563
513
520
544
534
549
568
598
663
696
683
679
662
604
558
548
583
633
660
627
581
541
484
440
389
375
390
409
421
405
384
334
297
231
148
145
129
111
81
116
184
88
45
-88
-271
-248
-292
-307
-329
-422
-442
-528
-618
-666
-690
-716
-787
-800
-810
-724
-605
-655
-656
-655
-741
-790
-900
-1014
-996
-943
-913
-892
-936
-1019
-1045
-1092
-1158
-1168
-1195
-1198
-1191
-1198
-1201
-1279
-1305
-1275
-1317
-1274
-1160
-1126
-1060
-881
-729
-580
-299
-65
-12
76
266
422
662
1198
1781
2171
2498
2673
2548
2326
2213
2043
1809
1751
1697
1420
1122
1036
927
682
553
444
191
13
66
134
226
555
833
833
754
751
732
655
676
688
595
521
486
400
284
276
274
104
-116
-255
-342
-383
-297
-160
-135
-75
-15
-107
-131
-93
-90
-56
-67
-102
-79
-14
45
102
170
158
54
-59
-108
-131
-127
-53
-37
-97
-163
-265
-418
-555
-628
-711
-816
-910
-958
-960
-949
-914
-895
-905
-892
-869
-860
-822
-732
-668
-664
-681
-747
-856
-968
-1046
-1064
-1118
-1191
-1242
-1325
-1394
-1396
-1404
-1458
-1458
-1423
-1449
-1486
-1478
-1454
-1388
-1232
-1109
-1063
-941
-776
-686
-614
-486
-261
203
1059
2108
2933
3418
3619
3449
3061
2768
2544
2268
2071
1878
1475
1085
916
805
571
275
-3
-368
-680
-647
-381
-21
513
970
1100
1102
1104
1091
1061
1007
993
927
748
652
637
622
631
569
312
-79
-398
-555
-571
-484
-285
-68
61
187
276
304
313
289
206
42
-52
-16
80
227
358
379
283
119
-59
-204
-291
-296
-300
-308
-242
-184
-112
-28
-8
-45
-117
-187
-272
-305
-223
-119
11
139
199
203
191
165
103
41
-33
-103
-177
-250
-247
-260
-310
-369
-497
-643
-794
-961
-1064
-1096
-1081
-1040
-990
-917
-843
-803
-760
-715
-708
-721
-795
-928
-1082
-1185
-1181
-1185
-1165
-1076
-1037
-1070
-1149
-1277
-1416
-1461
-1413
-1431
-1551
-1575
-1529
-1523
-1374
-1220
-1253
-1278
-1269
-1329
-1226
-450
876
2117
3085
3828
4047
3794
3758
3692
3174
2691
2347
1733
1036
876
970
799
649
593
105
-607
-684
-385
-240
127
700
893
914
1319
1654
1579
1554
1560
1172
558
277
221
112
177
289
33
-372
-525
-721
-1034
-1109
-1062
-1089
-1046
-842
-567
-235
151
396
336
183
144
101
134
361
529
525
576
607
455
392
396
181
-85
-231
-376
-495
-368
-142
-57
-29
14
5
-92
-78
30
-28
-79
9
27
45
223
357
312
195
48
-111
-221
-245
-170
-141
-181
-119
-79
-119
-80
-55
-189
-379
-539
-709
-801
-768
-745
-751
-787
-827
-810
-812
-773
-688
-696
-709
-721
-775
-770
-748
-769
-835
-960
-1140
-1255
-1298
-1400
-1462
-1463
-1529
-1610
-1598
-1585
-1582
-1489
-1430
-1453
-1474
-1469
-1508
-1481
-1376
-1306
-1197
-1138
-1139
-1030
-433
766
2041
3006
3622
3817
3635
3587
3620
3262
2863
2540
1873
1117
819
819
829
802
590
86
-533
-693
-361
-60
218
651
905
947
1234
1571
1687
1744
1620
1117
431
-29
-133
-115
-215
-331
-456
-687
-781
-683
-630
-607
-540
-594
-683
-572
-253
169
504
649
601
477
400
384
364
272
171
38
-56
-31
78
264
395
353
166
-46
-182
-201
-155
-133
-124
-123
-100
8
112
146
172
57
-200
-309
-293
-215
-23
121
118
94
75
46
36
-38
-141
-271
-536
-688
-568
-420
-254
-55
-84
-255
-311
-343
-414
-424
-444
-488
-472
-446
-377
-270
-264
-341
-541
-888
-1110
-1096
-1030
-909
-754
-727
-732
-688
-726
-804
-886
-1067
-1232
-1334
-1418
-1348
-1177
-1065
-984
-998
-1130
-1211
-1312
-1545
-1689
-1725
-1822
-1854
-1687
-1462
-1285
-1143
-1126
-1275
-1368
-937
179
1512
2712
3691
4085
4006
4102
4197
3872
3372
2838
2011
1099
660
665
749
738
640
307
-242
-360
57
329
418
665
763
695
976
1448
1675
1689
1492
915
204
-230
-351
-394
-551
-687
-768
-878
-816
-552
-381
-364
-395
-579
-736
-619
-357
-26
265
341
242
195
207
218
275
223
38
-120
-195
-155
-6
140
219
151
-62
-166
-115
-54
25
87
23
-60
24
155
220
338
436
298
82
-38
-144
-180
-170
-207
-282
-363
-346
-234
-163
-125
-44
-54
-155
-132
-62
-34
77
165
81
-22
-82
-177
-262
-379
-550
-670
-763
-804
-716
-629
-602
-556
-599
-752
-799
-793
-790
-713
-619
-524
-397
-263
-195
-191
-315
-564
-845
-1128
-1291
-1337
-1333
-1298
-1252
-1238
-1234
-1243
-1360
-1485
-1595
-1695
-1711
-1625
-1501
-1333
-1088
-921
-846
-899
-1082
-1282
-1232
-614
464
1746
2927
3738
4172
4463
4547
4303
3813
3004
2071
1165
405
57
71
183
264
200
-86
-211
-132
-69
41
155
252
510
945
1284
1606
1865
1758
1319
693
66
-409
-687
-919
-1133
-1288
-1305
-1096
-891
-686
-445
-339
-396
-427
-331
-170
120
462
634
610
649
720
669
581
439
208
-76
-244
-297
-297
-183
-65
-60
-156
-183
-108
-65
-81
-103
-179
-252
-173
-30
121
283
370
348
257
186
205
271
262
198
90
-40
-44
49
109
112
73
-57
-209
-321
-370
-302
-225
-213
-221
-208
-156
-59
23
3
-122
-271
-412
-502
-474
-383
-278
-220
-228
-232
-234
-266
-346
-470
-655
-788
-779
-708
-571
-379
-232
-207
-255
-368
-549
-766
-1042
-1326
-1561
-1681
-1629
-1407
-1145
-907
-731
-720
-791
-876
-988
-1160
-1365
-1533
-1628
-1566
-1333
-1038
-932
-1105
-1475
-1782
-1594
-738
533
1768
2706
3294
3719
4066
4231
4163
3636
2651
1549
579
-87
-256
-112
-98
-238
-437
-601
-465
-73
229
331
279
192
304
641
1107
1542
1692
1478
1044
579
182
-69
-310
-695
-1069
-1234
-1147
-855
-418
-35
124
128
61
7
80
271
424
482
452
431
562
710
756
700
458
72
-233
-417
-519
-456
-349
-320
-305
-227
-78
98
201
149
27
-123
-225
-173
-3
171
303
401
383
328
306
239
90
-100
-305
-481
-485
-372
-227
-80
-21
-28
-39
-92
-170
-182
-206
-208
-86
76
247
461
600
578
502
363
176
3
-134
-178
-139
-55
41
131
141
91
-23
-267
-541
-776
-943
-1041
-1082
-1083
-1046
-984
-930
-873
-830
-824
-853
-909
-980
-1013
-995
-957
-903
-866
-838
-840
-922
-1056
-1208
-1418
-1672
-1842
-1971
-2061
-2003
-1884
-1804
-1764
-1788
-1909
-2068
-2037
-1452
-293
1032
2317
3376
3920
4251
4534
4360
3798
3037
1995
900
101
-287
-285
-115
-36
-55
-195
-332
-133
179
235
299
500
670
990
1542
2029
2240
2174
1811
1204
588
150
-159
-544
-945
-1097
-1024
-797
-374
35
204
228
209
118
88
221
370
473
525
547
659
817
890
828
557
111
-281
-560
-756
-767
-665
-583
-467
-338
-218
-1
165
138
33
-106
-255
-265
-162
-118
-80
-52
-89
-102
-123
-185
-240
-357
-528
-579
-502
-402
-221
-10
55
68
146
155
117
113
53
-30
-24
51
184
352
448
492
471
352
282
248
169
143
179
155
130
134
82
-8
-128
-308
-501
-667
-775
-776
-731
-686
-617
-558
-545
-533
-505
-506
-532
-598
-726
-889
-1032
-1095
-1097
-1122
-1164
-1204
-1282
-1316
-1286
-1326
-1414
-1488
-1619
-1733
-1735
-1765
-1799
-1723
-1677
-1651
-1513
-1467
-1606
-1720
-1888
-1972
-1420
-240
1178
2622
3749
4261
4468
4609
4471
3997
3194
2091
1033
273
-129
-62
151
99
-46
-198
-418
-333
110
347
382
568
803
1101
1641
2159
2331
2181
1777
1208
642
186
-100
-370
-791
-1118
-1117
-954
-683
-301
-122
-208
-271
-244
-182
27
332
510
569
593
646
786
858
697
363
-77
-557
-813
-812
-786
-735
-610
-572
-585
-437
-240
-157
-163
-282
-457
-524
-436
-241
-5
126
165
215
203
169
230
230
41
-135
-197
-214
-77
180
338
376
369
316
231
164
125
108
68
33
139
381
627
811
874
714
431
224
42
-188
-345
-425
-520
-524
-426
-330
-240
-251
-411
-632
-846
-976
-947
-877
-862
-795
-716
-689
-649
-621
-697
-866
-1084
-1314
-1476
-1528
-1440
-1299
-1229
-1208
-1197
-1173
-1182
-1232
-1315
-1465
-1635
-1692
-1629
-1546
-1344
-1094
-1013
-1063
-1102
-1167
-1335
-1556
-1712
-1523
-799
435
1804
2872
3637
4168
4410
4333
3986
3333
2418
1469
670
150
2
210
402
317
162
124
167
313
492
474
386
473
710
1018
1377
1723
1840
1589
1127
708
325
-37
-269
-559
-916
-971
-695
-419
-154
168
297
187
76
24
-16
38
165
243
285
358
508
610
471
198
-78
-476
-856
-943
-932
-909
-719
-515
-440
-311
-113
-24
-44
-148
-270
-310
-258
-67
236
487
632
742
715
550
401
239
-3
-240
-364
-396
-323
-147
49
156
139
53
-88
-273
-454
-520
-496
-407
-163
176
515
799
1003
1054
937
713
405
50
-316
-555
-658
-708
-683
-584
-512
-538
-595
-706
-839
-905
-905
-875
-835
-739
-616
-497
-444
-444
-508
-709
-978
-1221
-1384
-1467
-1385
-1221
-1060
-858
-698
-628
-695
-831
-956
-1079
-1198
-1274
-1306
-1319
-1239
-1085
-964
-902
-923
-1048
-1222
-1479
-1697
-1743
-1748
-1404
-522
631
1886
3110
3942
4237
4305
4044
3506
2849
1993
1197
552
45
-142
-46
-30
-55
1
-122
-215
-44
150
300
567
828
1079
1460
1832
2102
2172
1976
1551
1046
542
88
-202
-476
-710
-805
-763
-586
-376
-196
-157
-247
-342
-352
-231
-23
218
400
501
567
601
606
517
237
-131
-487
-794
-911
-834
-704
-569
-437
-388
-347
-232
-127
-42
-6
-42
-34
70
203
353
471
447
311
144
-63
-258
-362
-436
-536
-575
-536
-425
-218
20
193
268
256
175
106
92
127
275
484
656
799
883
858
716
521
251
-76
-319
-493
-624
-646
-571
-497
-390
-292
-320
-381
-471
-661
-840
-964
-1111
-1152
-1097
-1103
-1046
-951
-910
-882
-847
-935
-1092
-1145
-1207
-1165
-993
-860
-814
-834
-867
-971
-1028
-1096
-1295
-1538
-1801
-1940
-1849
-1614
-1367
-1158
-1116
-1264
-1454
-1736
-2143
-2357
-2033
-1212
69
1566
2905
3938
4606
4967
4884
4387
3595
2563
1472
495
-90
-273
-225
-97
-39
-63
-120
-60
128
301
489
729
1001
1376
1843
2306
2599
2576
2264
1704
1064
470
-45
-441
-783
-1009
-1084
-982
-759
-554
-359
-282
-350
-435
-445
-364
-233
-12
231
390
539
693
743
631
429
192
-151
-467
-567
-550
-479
-332
-200
-198
-240
-208
-228
-298
-332
-349
-328
-264
-85
153
298
380
395
287
103
-28
-129
-279
-353
-345
-306
-178
10
215
345
387
414
399
324
258
253
263
322
486
618
666
657
555
387
175
-47
-216
-375
-522
-552
-512
-488
-434
-404
-511
-671
-798
-944
-1057
-1103
-1134
-1157
-1186
-1192
-1146
-1107
-1132
-1147
-1158
-1209
-1194
-1099
-1000
-886
-736
-682
-710
-782
-933
-1143
-1426
-1696
-1932
-2148
-2272
-2192
-2023
-1877
-1747
-1731
-1716
-1761
-1938
-2186
-2315
-1875
-602
1116
2653
4047
4914
5167
5341
5169
4529
3710
2726
1441
393
-154
-346
-145
-18
-60
-174
-424
-543
-249
151
460
963
1335
1612
2163
2733
2929
2769
2293
1370
458
-240
-733
-936
-1032
-1105
-1101
-925
-690
-371
-115
-144
-229
-340
-447
-318
37
372
672
880
836
747
668
467
205
-47
-360
-604
-636
-561
-330
-32
116
107
8
-178
-390
-486
-546
-598
-540
-439
-328
-157
37
140
152
85
-52
-173
-217
-209
-136
-22
31
110
211
273
360
409
319
170
99
87
222
446
558
617
591
454
338
257
148
94
76
-30
-105
-104
-74
-26
-11
-117
-319
-552
-813
-1023
-1198
-1325
-1374
-1380
-1351
-1262
-1130
-1090
-1099
-1153
-1296
-1404
-1402
-1336
-1259
-1130
-1023
-967
-996
-1094
-1097
-1095
-1189
-1308
-1419
-1598
-1714
-1697
-1795
-1921
-1890
-1773
-1762
-1915
-2068
-2184
-2382
-2307
-1339
143
1582
3175
4478
4833
4949
5161
4739
3972
3452
2712
1606
773
390
228
133
7
-188
-621
-1064
-975
-627
-348
268
1071
1430
1672
2205
2537
2533
2434
1980
1173
464
-37
-407
-579
-604
-640
-680
-770
-800
-621
-437
-343
-251
-207
-199
-25
278
549
783
882
751
497
215
-44
-189
-268
-346
-404
-443
-432
-358
-227
-149
-170
-257
-387
-438
-396
-258
-71
122
225
217
228
177
100
78
13
-140
-244
-264
-307
-243
-88
-12
-17
-46
-109
-181
-174
-113
-36
1
54
115
158
292
508
737
865
908
807
647
552
439
362
262
123
-20
-125
-203
-256
-279
-422
-622
-859
-1122
-1306
-1383
-1383
-1328
-1233
-1208
-1132
-1062
-1074
-1052
-1073
-1221
-1422
-1474
-1514
-1474
-1237
-1015
-865
-785
-748
-851
-971
-1081
-1272
-1484
-1755
-1896
-1828
-1775
-1859
-1824
-1785
-1944
-1947
-1970
-2165
-2279
-2117
-1551
-378
1238
2786
4206
4948
5148
5347
5076
4361
3709
3021
1939
1089
574
50
-149
-244
-488
-898
-1277
-1340
-1083
-714
-164
721
1365
1801
2362
2690
2691
2701
2522
1850
1239
745
193
-176
-300
-373
-503
-577
-775
-956
-1006
-964
-825
-736
-553
-279
30
373
770
1026
999
905
617
170
-96
-192
-383
-526
-486
-500
-496
-349
-253
-298
-282
-287
-437
-516
-396
-163
3
128
223
238
189
152
126
-20
-82
-33
-80
-147
-41
113
131
170
167
57
-35
-54
-54
-29
55
133
229
290
380
516
564
551
538
504
403
340
296
217
156
54
-101
-281
-446
-576
-703
-851
-1014
-1146
-1262
-1376
-1421
-1369
-1290
-1198
-1100
-1059
-1088
-1089
-1083
-1126
-1146
-1152
-1152
-1157
-1170
-1172
-1144
-1137
-1126
-1006
-972
-1013
-1043
-1161
-1312
-1322
-1302
-1468
-1569
-1600
-1712
-1772
-1746
-1745
-1769
-1705
-1857
-2038
-1511
-243
1293
2746
3883
4368
4475
4507
4259
3738
3171
2704
2035
1112
457
283
209
46
-24
-355
-924
-1087
-921
-702
-110
859
1533
1810
2047
2290
2456
2446
2239
1856
1320
804
440
119
-150
-158
-134
-390
-686
-840
-937
-947
-865
-776
-596
-301
-83
125
381
590
762
771
529
203
-2
-171
-342
-412
-419
-372
-373
-394
-393
-414
-406
-422
-483
-533
-444
-296
-157
12
158
323
409
386
338
279
178
86
25
-110
-161
-136
-146
-114
-53
-14
-9
-15
-65
-46
13
45
170
305
449
650
822
860
843
811
647
440
227
-1
-208
-384
-520
-631
-678
-702
-737
-822
-952
-1064
-1161
-1252
-1279
-1158
-1006
-882
-812
-845
-948
-1048
-1149
-1299
-1400
-1453
-1433
-1342
-1283
-1174
-1002
-835
-730
-697
-741
-781
-773
-843
-965
-1134
-1294
-1430
-1615
-1831
-1987
-2013
-1980
-1933
-1989
-2013
-1978
-1908
-1439
-501
763
2128
3330
3998
4267
4448
4265
3845
3368
2901
2431
1929
1478
1051
770
499
182
-238
-723
-943
-1008
-975
-678
-15
731
1308
1733
1875
1899
1982
2007
1852
1597
1365
1083
779
514
343
245
59
-242
-592
-902
-1082
-1110
-1071
-985
-715
-352
-97
71
225
326
325
270
136
-39
-111
-112
-114
-109
-58
-16
-94
-295
-518
-672
-791
-819
-730
-605
-427
-181
13
110
231
337
359
324
261
205
161
132
104
106
114
115
114
50
-4
1
30
74
121
181
253
355
472
578
676
691
648
591
496
413
318
178
-18
-208
-354
-494
-594
-691
-778
-838
-900
-968
-1024
-1037
-1067
-1091
-1142
-1200
-1177
-1142
-1100
-1112
-1194
-1318
-1398
-1427
-1426
-1332
-1266
-1190
-1037
-868
-729
-640
-608
-645
-718
-871
-1078
-1280
-1494
-1649
-1750
-1833
-1869
-1842
-1850
-1838
-1731
-1682
-1696
-1737
-1651
-1164
-130
1189
2367
3324
3870
4106
4146
3927
3603
3225
2894
2517
2122
1795
1495
1212
782
296
-163
-523
-688
-800
-800
-590
-151
390
902
1313
1518
1600
1527
1364
1266
1240
1262
1230
1124
966
853
744
530
238
-105
-426
-707
-890
-968
-959
-841
-729
-645
-567
-476
-385
-377
-395
-391
-297
-133
23
204
314
364
372
290
152
32
-57
-207
-350
-390
-354
-246
-122
-61
-53
-64
-66
-82
-82
-31
17
42
39
48
67
76
93
72
25
-17
-63
-113
-151
-111
-36
47
162
277
404
505
551
507
402
276
137
-15
-186
-311
-426
-522
-587
-637
-667
-677
-682
-734
-781
-838
-908
-960
-999
-999
-973
-939
-936
-956
-991
-1048
-1115
-1194
-1210
-1162
-1050
-896
-739
-573
-434
-346
-344
-383
-422
-467
-532
-594
-615
-630
-630
-643
-654
-652
-694
-799
-917
-977
-981
-897
-762
-630
-513
-443
-412
-336
-85
334
772
1124
1410
1612
1666
1632
1586
1564
1611
1687
1680
1597
1517
1439
1351
1249
1180
1144
1111
1051
941
815
689
578
452
335
270
250
221
145
103
127
160
203
261
258
211
187
185
232
263
247
240
194
84
-6
-66
-122
-96
-46
-49
-43
-6
21
5
-26
-47
-58
-44
-37
-85
-135
-185
-296
-396
-441
-476
-488
-481
-497
-499
-472
-469
-448
-431
-423
-387
-398
-441
-441
-441
-460
-423
-402
-409
-363
-357
-371
-334
-301
-245
-155
-84
5
151
250
308
335
287
250
214
171
166
197
241
284
327
313
246
140
-9
-158
-277
-358
-433
-482
-510
-514
-473
-490
-530
-519
-500
-439
-330
-243
-101
66
171
342
481
497
571
504
507
1417
2064
1021
-383
-1075
-855
452
1076
35
-963
-1319
-1486
-1076
-559
-727
-1210
-1603
-1615
-940
-83
55
-627
-1278
-1195
-583
34
225
-192
-751
-1042
-926
-326
231
211
-257
-747
-797
-299
227
314
144
15
75
429
837
956
825
566
233
124
300
395
217
-82
-265
-184
205
520
431
220
68
7
158
433
568
599
645
579
598
823
948
885
766
623
616
834
981
1013
1043
1018
1027
1089
1069
964
806
591
444
357
280
233
73
-93
-177
-290
-345
-441
-670
-785
-801
-848
-796
-699
-716
-667
-542
-587
-586
-433
-388
-324
-198
-200
-136
29
26
-11
56
129
85
36
96
-27
-137
-89
-199
-214
-73
-142
-234
-164
-130
-101
-176
-300
-349
-461
-419
-474
-691
-626
-660
-774
-645
-728
-754
-535
-667
-748
-678
-693
-396
-122
-36
69
111
166
212
348
478
257
87
123
-5
16
80
-212
-297
-241
-543
-779
-781
-838
-828
-776
-877
-830
-546
-389
-337
-197
-133
-160
-95
-87
-48
103
45
-4
86
91
168
218
63
-47
-44
-12
156
387
525
673
887
1106
1342
1550
1655
1701
1670
1615
1639
1644
1631
1543
1299
1116
1002
846
717
563
346
181
63
-7
18
16
-33
-127
-280
-322
-308
-360
-386
-443
-522
-458
-380
-338
-254
-229
-221
-162
-119
-69
9
44
51
83
112
147
164
136
84
-4
-95
-141
-198
-298
-368
-435
-497
-495
-464
-455
-472
-494
-468
-363
-297
-272
-235
-212
-105
3
25
57
97
105
61
20
2
-40
-85
-166
-259
-254
-261
-306
-312
-317
-255
-224
-292
-249
-214
-248
-219
-341
-476
-465
-557
-586
-551
-674
-702
-691
-762
-769
-892
-995
-882
-854
-754
-550
-499
-343
-260
-370
-321
-280
-260
-170
-247
-303
-233
-254
-261
-299
-468
-559
-588
-668
-737
-781
-843
-834
-684
-521
-465
-397
-326
-308
-94
133
191
338
423
443
655
825
871
929
860
781
851
907
980
1078
1135
1246
1394
1562
1766
1901
1923
1866
1760
1735
1727
1610
1489
1386
1252
1076
848
550
255
26
-222
-471
-602
-668
-718
-713
-707
-695
-621
-577
-609
-658
-662
-594
-517
-458
-399
-353
-294
-227
-200
-167
-145
-152
-129
-60
62
186
281
354
418
499
556
529
421
304
222
166
127
99
22
-92
-154
-185
-218
-271
-382
-495
-538
-526
-477
-398
-332
-246
-128
-56
-19
37
84
81
56
-4
-106
-188
-220
-264
-306
-293
-297
-279
-252
-314
-339
-348
-401
-358
-346
-430
-386
-388
-512
-549
-680
-834
-831
-950
-1126
-1144
-1190
-1230
-1178
-1181
-1149
-1051
-940
-756
-625
-603
-573
-524
-408
-249
-194
-210
-197
-193
-240
-308
-401
-504
-574
-680
-826
-853
-788
-781
-816
-831
-729
-440
-155
-18
128
366
667
921
1047
1161
1303
1424
1483
1485
1543
1686
1745
1667
1589
1592
1661
1665
1548
1482
1515
1552
1532
1444
1389
1420
1398
1252
1097
955
815
668
423
154
-23
-223
-535
-798
-932
-1014
-1065
-1137
-1242
-1261
-1164
-1046
-971
-876
-737
-598
-489
-418
-313
-152
-40
5
52
119
197
252
252
261
328
413
499
590
671
734
759
725
658
590
500
376
218
71
-16
-111
-227
-346
-476
-590
-674
-745
-779
-726
-651
-588
-500
-389
-254
-95
63
163
205
235
256
276
282
239
146
30
-69
-124
-201
-335
-463
-573
-637
-637
-640
-666
-689
-699
-704
-712
-706
-681
-699
-746
-800
-866
-903
-910
-922
-970
-1022
-1053
-1081
-1043
-993
-1004
-970
-871
-815
-797
-728
-649
-571
-495
-445
-403
-318
-246
-315
-402
-405
-401
-422
-503
-676
-811
-761
-610
-470
-344
-223
-5
323
621
785
869
1018
1270
1516
1665
1788
1922
2044
2148
2169
2137
2129
2067
1881
1691
1578
1492
1374
1224
1104
1058
1068
1031
877
712
616
520
386
227
53
-104
-227
-337
-445
-579
-754
-958
-1151
-1276
-1311
-1314
-1328
-1292
-1169
-976
-752
-548
-409
-297
-169
-51
53
149
232
311
387
443
472
493
513
502
474
492
509
494
504
513
487
460
409
306
208
141
47
-87
-213
-315
-398
-452
-492
-543
-569
-562
-538
-480
-409
-332
-263
-208
-120
-15
80
171
225
247
275
293
287
247
169
80
-10
-94
-189
-300
-381
-437
-494
-524
-526
-540
-584
-661
-745
-801
-831
-841
-878
-908
-869
-860
-882
-881
-917
-946
-922
-935
-967
-986
-991
-921
-846
-837
-812
-761
-722
-678
-664
-675
-627
-568
-562
-547
-488
-445
-480
-550
-642
-743
-710
-588
-530
-425
-254
-127
78
354
518
657
855
1038
1219
1448
1648
1798
2004
2200
2283
2344
2352
2247
2145
2029
1872
1730
1556
1365
1217
1114
1024
882
699
527
353
203
86
-59
-186
-276
-369
-427
-455
-504
-605
-733
-862
-981
-1052
-1060
-1024
-956
-839
-683
-530
-391
-286
-218
-162
-92
-3
100
186
256
334
399
449
455
397
343
296
256
251
236
222
237
260
287
290
251
197
93
-23
-71
-126
-200
-274
-352
-370
-325
-285
-280
-295
-293
-268
-248
-237
-205
-161
-122
-73
-11
57
118
152
164
167
153
138
114
51
-18
-62
-100
-127
-161
-228
-281
-324
-401
-462
-499
-551
-607
-659
-718
-758
-775
-797
-828
-843
-864
-907
-940
-960
-963
-939
-938
-950
-913
-875
-878
-879
-868
-853
-847
-906
-987
-975
-885
-810
-818
-856
-816
-755
-759
-824
-937
-965
-806
-615
-492
-365
-174
78
355
569
658
757
972
1158
1280
1468
1683
1870
2072
2195
2247
2362
2398
2246
2097
2034
1948
1837
1701
1509
1368
1292
1138
928
750
560
346
154
-14
-112
-155
-230
-322
-391
-427
-474
-587
-719
-818
-885
-922
-948
-956
-879
-761
-671
-569
-455
-369
-283
-192
-107
-3
62
71
110
177
230
267
257
223
215
201
158
139
169
218
265
299
303
299
287
237
158
76
4
-66
-139
-189
-209
-239
-278
-325
-368
-361
-327
-315
-294
-249
-207
-162
-118
-86
-43
11
54
93
137
182
222
234
204
179
182
175
132
81
27
-28
-65
-117
-187
-232
-280
-364
-442
-503
-567
-635
-698
-756
-813
-854
-883
-933
-969
-981
-1019
-1039
-1025
-1016
-996
-992
-1022
-1020
-1003
-1015
-1036
-1067
-1080
-1063
-1054
-1049
-1053
-1056
-1010
-980
-996
-995
-1006
-1030
-975
-812
-588
-386
-246
-96
126
435
736
850
883
1033
1232
1399
1551
1692
1880
2105
2232
2242
2265
2328
2316
2204
2091
2012
1935
1800
1604
1466
1411
1343
1176
927
709
553
396
209
21
-114
-203
-312
-449
-570
-674
-769
-858
-952
-1014
-1031
-1058
-1073
-1000
-860
-719
-593
-482
-395
-304
-204
-134
-93
-40
29
78
115
179
216
226
262
267
219
180
165
155
166
198
231
240
241
224
180
144
88
-17
-125
-210
-262
-274
-302
-336
-336
-347
-360
-338
-312
-257
-173
-116
-72
-3
65
118
179
230
260
276
266
226
190
169
154
154
144
103
51
10
-22
-61
-115
-182
-252
-313
-358
-400
-444
-479
-531
-613
-702
-804
-898
-962
-1027
-1108
-1180
-1221
-1215
-1169
-1131
-1110
-1088
-1068
-1055
-1047
-1033
-1023
-1007
-991
-982
-965
-935
-923
-935
-939
-902
-851
-847
-883
-941
-944
-784
-561
-432
-344
-212
-24
243
500
617
705
906
1131
1308
1490
1676
1843
2031
2153
2164
2198
2237
2159
2079
2058
2005
1949
1864
1690
1578
1556
1441
1261
1105
924
760
628
435
234
102
-47
-223
-369
-499
-639
-772
-885
-985
-1034
-1046
-1061
-1034
-937
-809
-674
-553
-479
-413
-342
-271
-175
-90
-35
11
29
49
106
145
140
133
121
109
106
109
133
168
214
254
262
268
253
180
99
37
-25
-74
-136
-211
-235
-230
-223
-212
-209
-224
-224
-205
-174
-115
-51
-17
13
57
97
130
155
149
128
117
106
100
91
67
41
11
-33
-83
-142
-181
-200
-237
-280
-314
-349
-378
-421
-480
-532
-586
-653
-727
-810
-880
-933
-993
-1036
-1065
-1086
-1076
-1056
-1038
-1003
-981
-958
-915
-890
-875
-847
-828
-815
-810
-835
-845
-783
-709
-709
-763
-804
-811
-817
-857
-903
-838
-607
-363
-268
-210
-18
234
454
621
687
815
1093
1268
1328
1518
1745
1886
1997
1984
1908
1960
1982
1867
1809
1815
1776
1729
1657
1561
1529
1479
1314
1139
1018
899
764
608
433
299
173
5
-166
-315
-459
-597
-719
-826
-895
-931
-954
-933
-857
-764
-698
-656
-610
-549
-476
-397
-328
-258
-175
-119
-87
-57
-45
-31
-25
-43
-29
3
23
73
119
138
175
194
176
179
171
131
113
92
42
12
-4
-42
-60
-69
-111
-150
-170
-198
-212
-206
-199
-180
-144
-110
-100
-114
-120
-119
-123
-109
-96
-98
-73
-41
-44
-48
-42
-59
-74
-84
-114
-138
-143
-156
-165
-173
-215
-259
-300
-364
-432
-490
-557
-627
-679
-735
-796
-850
-909
-963
-1000
-1028
-1050
-1064
-1056
-1028
-996
-973
-968
-959
-921
-874
-849
-827
-826
-842
-824
-788
-758
-704
-674
-720
-758
-756
-754
-655
-432
-260
-160
-54
50
209
431
586
715
917
1120
1251
1330
1415
1552
1696
1767
1764
1737
1719
1685
1635
1604
1598
1603
1576
1501
1437
1413
1387
1329
1240
1140
1047
947
829
711
633
554
414
252
77
-105
-248
-361
-461
-521
-571
-647
-706
-713
-679
-652
-643
-630
-616
-619
-614
-545
-443
-382
-336
-317
-335
-320
-328
-182
419
1016
1075
781
431
295
523
767
829
795
537
122
-133
-212
-247
-333
-603
-926
-1029
-951
-833
-683
-673
-863
-985
-951
-804
-485
-211
-108
26
152
171
229
333
419
487
414
221
153
221
260
244
136
-86
-297
-456
-575
-563
-494
-536
-650
-759
-818
-787
-764
-848
-941
-999
-1039
-1003
-897
-816
-792
-847
-955
-1007
-1003
-1031
-1063
-1066
-1108
-1186
-1225
-1211
-1128
-1027
-1089
-1272
-1334
-1259
-1149
-1007
-910
-877
-859
-967
-1106
-905
-315
366
881
1121
1202
1343
1570
1816
2111
2454
2728
2816
2778
2799
2951
3073
2951
2591
2152
1751
1436
1237
1140
1054
826
382
-136
-499
-645
-663
-652
-669
-718
-759
-737
-615
-406
-209
-99
-69
-47
61
287
565
811
928
891
793
717
677
700
761
765
700
591
451
322
216
82
-78
-239
-413
-546
-559
-501
-440
-405
-444
-523
-563
-555
-480
-299
-75
139
309
385
407
446
476
496
522
519
490
439
354
249
104
-106
-351
-590
-775
-859
-873
-884
-910
-969
-1052
-1112
-1094
-1000
-875
-750
-669
-616
-522
-398
-297
-226
-194
-170
-122
-101
-129
-171
-204
-232
-281
-372
-485
-589
-677
-745
-775
-801
-895
-1059
-1221
-1327
-1368
-1365
-1360
-1386
-1442
-1482
-1499
-1515
-1515
-1499
-1474
-1392
-1221
-1056
-996
-1023
-1060
-1052
-975
-852
-761
-746
-690
-401
167
847
1425
1738
1781
1766
1916
2249
2681
3110
3385
3400
3244
3093
2979
2847
2650
2356
1984
1633
1384
1219
1051
808
467
32
-408
-695
-799
-802
-747
-695
-719
-774
-788
-740
-615
-424
-225
-68
57
199
372
535
669
750
754
724
704
687
693
697
616
454
246
14
-147
-223
-273
-266
-216
-226
-273
-281
-278
-255
-172
-67
38
158
276
385
492
556
549
502
450
421
420
413
393
362
290
174
34
-107
-227
-328
-399
-435
-476
-534
-607
-709
-795
-809
-799
-793
-785
-790
-789
-766
-734
-691
-637
-590
-554
-534
-526
-513
-515
-548
-580
-611
-647
-671
-690
-723
-780
-846
-885
-891
-899
-906
-899
-887
-870
-876
-942
-1054
-1159
-1169
-1053
-914
-854
-847
-887
-991
-1065
-1106
-1189
-1247
-1225
-1203
-1183
-1117
-1075
-1083
-1065
-1038
-1133
-1330
-1299
-765
181
1184
1879
2053
1844
1689
1862
2325
2952
3559
3847
3759
3557
3387
3233
3061
2805
2415
1965
1593
1377
1279
1153
892
430
-188
-720
-983
-999
-838
-574
-414
-489
-693
-879
-914
-720
-398
-111
87
209
299
404
503
582
618
564
484
477
538
617
677
639
476
239
-15
-213
-295
-258
-170
-108
-129
-218
-284
-298
-255
-144
7
161
308
445
533
580
606
614
615
610
595
555
488
381
247
103
-60
-214
-341
-457
-535
-557
-578
-624
-679
-731
-752
-737
-708
-682
-678
-699
-724
-723
-687
-632
-594
-593
-611
-626
-635
-664
-718
-774
-820
-841
-815
-745
-706
-762
-889
-1030
-1105
-1072
-977
-898
-872
-926
-1044
-1158
-1222
-1186
-1047
-908
-882
-962
-1069
-1154
-1210
-1268
-1304
-1240
-1083
-918
-823
-857
-1010
-1171
-1279
-1310
-1220
-1029
-715
-163
557
1161
1497
1614
1625
1724
2051
2560
3147
3672
3919
3801
3474
3135
2884
2718
2584
2446
2248
1935
1560
1191
822
459
102
-238
-464
-535
-525
-475
-411
-405
-503
-669
-785
-739
-511
-187
127
329
374
307
203
157
220
339
439
508
549
536
459
345
220
80
-62
-163
-203
-185
-124
-55
-39
-85
-160
-233
-232
-122
44
214
370
489
558
597
631
699
789
865
928
949
903
795
630
417
207
47
-76
-201
-346
-510
-694
-874
-1012
-1100
-1156
-1153
-1085
-1012
-949
-858
-789
-782
-776
-717
-621
-524
-467
-460
-471
-489
-519
-576
-659
-739
-812
-890
-934
-946
-993
-1099
-1212
-1288
-1315
-1301
-1261
-1194
-1119
-1077
-1101
-1207
-1314
-1312
-1212
-1083
-971
-956
-1034
-1071
-1046
-1036
-1032
-1042
-1103
-1144
-1110
-1058
-1012
-962
-882
-604
-33
650
1218
1548
1638
1698
1913
2269
2738
3222
3532
3626
3555
3367
3191
3082
2978
2853
2656
2332
1959
1611
1267
938
597
190
-213
-523
-716
-762
-709
-675
-714
-825
-958
-984
-843
-546
-137
227
436
516
522
518
569
655
747
850
911
905
853
740
550
303
28
-212
-378
-480
-511
-487
-492
-553
-658
-781
-834
-762
-589
-328
-33
212
387
490
549
633
751
883
1036
1174
1268
1331
1321
1192
997
776
564
427
353
275
152
-53
-331
-604
-836
-1017
-1133
-1209
-1261
-1289
-1330
-1381
-1395
-1384
-1357
-1303
-1241
-1174
-1098
-1035
-975
-896
-838
-806
-772
-746
-720
-683
-679
-721
-782
-858
-919
-939
-952
-995
-1059
-1132
-1181
-1191
-1182
-1168
-1169
-1205
-1272
-1342
-1384
-1382
-1332
-1247
-1166
-1151
-1228
-1345
-1424
-1394
-1227
-895
-328
450
1206
1645
1663
1439
1352
1674
2351
3125
3719
3950
3822
3495
3131
2851
2701
2660
2688
2685
2504
2116
1610
1100
679
336
29
-209
-349
-431
-486
-533
-632
-812
-1030
-1194
-1190
-990
-659
-285
44
244
299
269
266
379
589
827
1039
1177
1186
1075
904
741
621
527
447
360
241
85
-94
-278
-447
-583
-697
-771
-775
-710
-600
-471
-362
-284
-227
-186
-99
65
278
511
720
848
918
965
981
972
948
913
878
838
775
666
486
259
34
-191
-401
-545
-649
-759
-857
-952
-1059
-1155
-1224
-1277
-1303
-1284
-1251
-1240
-1256
-1277
-1282
-1265
-1213
-1136
-1077
-1048
-1026
-1013
-1013
-1012
-1001
-984
-961
-945
-958
-1001
-1037
-1044
-1046
-1046
-1045
-1076
-1137
-1186
-1223
-1249
-1229
-1170
-1097
-1040
-1041
-1092
-1144
-1168
-1133
-990
-636
7
782
1340
1471
1255
1004
1077
1589
2339
3053
3498
3557
3332
3019
2757
2633
2650
2751
2883
2912
2686
2235
1714
1252
938
739
536
300
82
-107
-251
-378
-584
-879
-1155
-1298
-1261
-1079
-840
-617
-463
-402
-389
-367
-293
-143
82
337
562
717
764
709
636
601
582
560
535
497
448
401
330
213
70
-78
-181
-203
-173
-127
-85
-77
-100
-117
-120
-89
-3
105
199
268
304
307
299
298
327
364
367
346
321
285
226
143
41
-53
-116
-144
-159
-198
-283
-401
-519
-598
-629
-664
-722
-778
-820
-854
-897
-971
-1059
-1133
-1170
-1142
-1076
-1029
-1008
-1003
-1017
-1019
-1012
-1029
-1035
-986
-888
-774
-712
-765
-900
-1036
-1072
-964
-831
-808
-867
-935
-965
-898
-782
-732
-745
-778
-802
-780
-714
-642
-605
-594
-489
-176
276
714
963
922
766
794
1095
1588
2132
2537
2696
2666
2549
2425
2375
2409
2493
2591
2639
2589
2409
2075
1663
1305
1029
823
666
488
272
68
-115
-313
-539
-770
-963
-1083
-1092
-979
-822
-708
-645
-626
-638
-620
-554
-461
-318
-116
95
253
334
344
308
255
226
245
298
352
390
382
311
202
82
-17
-61
-58
-35
-11
12
39
49
25
-9
-27
-22
9
80
175
258
299
287
246
197
155
133
116
87
62
42
12
-26
-85
-190
-306
-382
-417
-430
-429
-425
-432
-471
-524
-536
-515
-512
-524
-528
-526
-502
-469
-475
-504
-516
-532
-587
-657
-700
-690
-638
-589
-589
-643
-699
-686
-601
-533
-514
-478
-428
-377
-296
-217
-172
-117
-51
-18
5
51
96
113
114
105
106
132
165
195
194
142
98
88
67
46
57
78
125
227
335
406
448
446
403
396
479
651
853
995
1053
1057
1037
1016
1010
997
980
975
943
854
728
576
406
257
142
61
10
-42
-106
-161
-198
-225
-232
-231
-231
-219
-200
-169
-105
-29
26
67
88
96
110
127
138
160
183
190
192
185
162
137
110
77
42
20
14
26
42
37
17
-11
-35
-58
-86
-120
-148
-162
-176
-193
-206
-217
-225
-223
-226
-254
-297
-335
-344
-304
-238
-186
-158
-155
-167
-169
-157
-130
-71
-2
54
90
87
40
-1
-18
-24
-13
2
-1
-5
-17
-57
-110
-169
-227
-265
-288
-300
-286
-259
-236
-214
-210
-232
-246
-230
-196
-143
-73
0
75
139
171
184
204
237
279
316
349
376
380
349
308
267
219
163
95
24
-35
-78
-116
-155
-177
-178
-179
-180
-166
-140
-103
-44
25
87
138
177
208
237
267
296
315
316
303
284
245
198
159
120
76
26
-41
-114
-164
-192
-222
-261
-302
-335
-357
-376
-383
-380
-370
-350
-326
-310
-295
-268
-224
-156
-66
32
123
203
274
324
341
345
359
388
424
460
481
487
477
446
394
336
284
254
242
239
240
224
170
93
10
-70
-114
-114
-96
-74
-66
-98
-165
-241
-307
-340
-323
-270
-204
-149
-136
-164
-209
-238
-225
-171
-102
-32
26
58
52
22
-17
-53
-76
-83
-69
-40
-23
-44
-100
-178
-260
-327
-365
-370
-335
-281
-247
-237
-238
-250
-269
-275
-242
-164
-52
69
167
236
281
319
347
370
402
442
476
505
534
543
525
490
433
362
301
260
223
186
151
106
45
-27
-92
-137
-158
-158
-153
-149
-139
-119
-103
-88
-65
-33
8
55
96
121
129
121
110
99
80
54
21
-24
-69
-111
-152
-187
-220
-264
-311
-349
-375
-387
-386
-376
-353
-315
-283
-265
-260
-267
-265
-238
-191
-126
-56
2
47
74
81
87
105
136
176
220
256
282
287
273
249
226
216
216
222
230
240
238
218
186
146
107
87
91
108
122
114
89
54
20
-3
-16
-21
-20
-22
-38
-51
-56
-61
-61
-56
-49
-34
-20
-13
-13
-15
-11
-3
4
4
-7
-26
-54
-82
-116
-154
-187
-223
-259
-288
-307
-322
-330
-339
-347
-354
-357
-347
-315
-262
-193
-122
-65
-18
24
67
129
208
287
351
404
441
460
465
454
441
434
431
424
399
354
292
218
141
79
33
0
-24
-43
-73
-109
-149
-186
-211
-220
-215
-201
-183
-170
-159
-151
-138
-121
-108
-97
-84
-70
-51
-33
-27
-39
-57
-69
-68
-58
-61
-82
-108
-135
-163
-199
-232
-242
-224
-206
-201
-202
-198
-182
-159
-132
-94
-41
12
53
83
101
120
142
165
193
216
223
219
203
183
173
171
166
152
133
117
123
136
134
118
92
63
42
29
22
26
37
36
26
11
-9
-25
-37
-40
-29
-11
2
17
32
52
75
87
84
84
98
123
149
166
171
167
149
123
95
65
40
16
-14
-48
-76
-110
-151
-192
-233
-268
-284
-279
-268
-263
-268
-273
-272
-261
-242
-214
-171
-112
-42
27
86
132
159
171
185
213
248
292
329
345
337
303
248
180
116
73
55
52
44
21
-20
-71
-125
-185
-236
-260
-252
-219
-182
-156
-144
-147
-146
-137
-116
-82
-36
15
61
95
113
114
112
111
103
87
70
59
51
39
8
-42
-89
-119
-129
-124
-115
-106
-104
-113
-122
-121
-112
-86
-45
0
36
61
68
70
80
99
117
128
131
131
128
116
104
92
78
72
72
72
69
66
55
33
4
-30
-62
-74
-64
-49
-42
-50
-62
-73
-88
-107
-125
-126
-95
-39
18
54
65
53
35
28
34
56
88
124
164
192
202
196
185
175
177
188
200
204
193
162
122
83
45
15
-11
-31
-49
-72
-102
-136
-170
-201
-226
-244
-254
-259
-256
-248
-237
-216
-182
-144
-105
-63
-26
12
57
107
161
214
257
282
285
269
245
216
191
167
134
88
34
-25
-85
-145
-203
-257
-304
-336
-352
-358
-360
-357
-349
-336
-309
-274
-238
-197
-148
-95
-41
10
53
85
110
134
157
174
186
199
209
205
190
161
124
98
83
69
59
55
51
41
28
15
9
13
25
46
67
81
86
82
73
75
86
96
97
93
81
65
47
24
3
-11
-13
-4
8
17
14
-7
-41
-73
-91
-91
-82
-70
-63
-70
-87
-107
-132
-156
-169
-165
-146
-124
-117
-134
-156
-167
-156
-132
-98
-58
-12
32
71
100
122
144
173
209
246
276
295
300
295
285
265
243
221
200
181
156
126
94
55
9
-35
-71
-99
-122
-152
-188
-217
-237
-241
-235
-221
-206
-184
-156
-125
-91
-51
-6
39
79
116
148
171
186
192
189
184
174
156
127
88
44
0
-42
-86
-132
-184
-224
-248
-263
-276
-286
-300
-314
-318
-308
-279
-235
-185
-134
-84
-38
0
28
50
73
100
129
160
190
209
211
197
171
144
122
105
96
90
81
68
51
32
9
-11
-22
-14
15
47
71
83
83
80
82
95
115
138
155
166
168
152
125
96
79
78
86
85
65
25
-24
-70
-99
-112
-115
-121
-135
-154
-172
-186
-199
-212
-228
-238
-230
-202
-168
-145
-147
-166
-187
-193
-178
-151
-118
-86
-54
-18
15
40
55
71
96
136
188
240
283
316
334
338
331
316
296
275
259
241
218
186
150
105
50
-13
-74
-127
-167
-193
-207
-217
-224
-228
-222
-203
-176
-143
-113
-81
-39
6
50
89
119
141
157
165
169
168
159
148
131
102
64
21
-26
-68
-107
-145
-179
-209
-229
-248
-264
-276
-283
-284
-269
-236
-188
-131
-75
-23
17
46
68
97
130
170
215
248
269
271
251
213
169
128
100
81
70
50
21
-20
-70
-118
-160
-181
-177
-152
-121
-89
-73
-71
-76
-81
-75
-53
-11
36
80
106
112
102
87
82
88
102
111
116
106
84
55
30
17
11
9
-1
-18
-44
-68
-89
-102
-115
-131
-154
-184
-205
-216
-216
-212
-206
-202
-191
-176
-155
-128
-98
-62
-28
8
36
62
83
107
136
164
187
197
199
195
198
205
215
223
223
215
200
181
160
141
120
95
64
34
1
-31
-59
-86
-111
-133
-148
-159
-167
-169
-162
-145
-116
-78
-40
-5
23
53
78
102
122
136
145
156
168
176
175
154
113
55
1
-37
-52
-52
-56
-74
-111
-158
-204
-241
-259
-254
-227
-186
-148
-119
-107
-103
-93
-70
-28
24
74
111
135
148
154
155
147
131
112
104
106
113
107
80
31
-23
-69
-96
-103
-96
-86
-84
-92
-109
-124
-132
-123
-97
-60
-24
7
31
46
62
80
104
131
156
168
163
145
123
104
94
93
92
84
64
38
5
-26
-53
-69
-77
-80
-83
-90
-101
-113
-124
-136
-144
-144
-137
-123
-102
-80
-67
-66
-73
-76
-69
-50
-21
12
42
64
82
94
105
116
131
149
170
189
197
197
184
162
130
98
71
50
32
11
-17
-53
-90
-131
-167
-194
-204
-200
-192
-187
-184
-175
-156
-129
-98
-65
-32
2
39
76
110
141
160
169
177
189
200
203
194
171
145
120
103
89
75
53
21
-17
-58
-89
-108
-109
-95
-77
-65
-63
-66
-66
-57
-41
-18
9
39
73
102
118
124
120
111
100
90
81
76
73
69
56
27
-17
-69
-118
-157
-179
-184
-184
-187
-196
-212
-227
-238
-240
-227
-199
-160
-119
-77
-38
-3
29
58
88
118
148
177
203
224
235
236
229
215
195
171
145
118
92
65
35
0
-35
-68
-92
-110
-122
-136
-149
-160
-164
-157
-142
-122
-106
-94
-87
-74
-53
-22
12
38
58
66
66
62
62
70
84
101
117
127
132
126
114
98
78
62
46
37
35
35
25
2
-31
-66
-100
-126
-139
-145
-145
-146
-150
-158
-162
-159
-149
-137
-121
-107
-91
-69
-41
-11
17
43
64
83
100
115
123
123
121
117
115
113
108
97
81
59
34
9
-8
-14
-11
-4
0
0
-3
-8
-11
-9
3
27
55
77
89
90
84
74
70
69
66
59
49
38
24
9
-8
-29
-56
-87
-120
-144
-157
-160
-157
-159
-168
-187
-207
-219
-214
-191
-156
-119
-90
-70
-59
-51
-38
-15
17
50
83
108
123
127
128
125
126
127
131
139
147
150
144
128
107
85
70
65
65
64
55
40
23
5
-8
-15
-19
-22
-26
-34
-41
-46
-47
-43
-35
-22
-9
0
9
17
25
36
47
58
68
74
76
76
70
66
60
53
47
34
15
-11
-37
-56
-69
-81
-95
-115
-135
-149
-158
-156
-152
-147
-140
-133
-125
-117
-108
-95
-75
-51
-25
-3
11
23
31
41
53
66
76
84
90
98
110
117
115
104
85
68
58
55
55
56
52
43
31
18
7
-1
-3
1
8
16
24
32
39
44
50
51
49
41
38
42
49
61
66
59
44
21
-5
-28
-44
-53
-62
-71
-83
-99
-120
-140
-160
-174
-179
-179
-169
-157
-142
-127
-118
-112
-104
-92
-70
-40
-7
26
49
66
76
84
95
111
129
146
152
147
134
119
112
107
100
86
61
31
5
-15
-24
-28
-32
-42
-58
-76
-88
-95
-93
-79
-62
-47
-35
-30
-24
-19
-9
8
24
42
58
69
77
85
89
97
101
101
98
91
85
78
70
61
47
28
5
-22
-48
-70
-88
-101
-114
-126
-139
-150
-160
-165
-165
-157
-144
-128
-105
-82
-57
-34
-17
1
18
36
61
86
108
127
134
133
130
130
138
145
148
146
133
115
96
79
67
63
63
61
54
39
18
-4
-20
-29
-30
-23
-16
-9
-10
-19
-32
-46
-55
-53
-41
-25
-7
1
1
-5
-19
-32
-37
-37
-27
-16
-14
-21
-40
-64
-86
-106
-116
-124
-128
-130
-134
-140
-149
-160
-167
-167
-156
-134
-106
-76
-49
-30
-15
-2
14
40
68
97
123
139
147
150
148
145
140
129
119
109
99
92
77
58
33
3
-23
-47
-62
-70
-72
-73
-75
-80
-86
-92
-93
-83
-67
-45
-22
-7
6
16
24
37
51
66
78
85
88
88
86
83
80
74
67
55
42
27
10
-4
-17
-27
-33
-39
-46
-55
-65
-73
-79
-78
-70
-61
-48
-35
-27
-20
-14
-12
-3
9
26
48
66
76
77
69
64
68
75
89
96
94
83
65
48
34
27
25
26
24
16
-1
-22
-44
-59
-61
-53
-42
-33
-33
-42
-52
-58
-52
-39
-18
5
21
31
34
33
33
34
38
47
56
64
67
60
44
23
1
-17
-28
-37
-41
-48
-59
-72
-90
-103
-115
-118
-113
-105
-92
-78
-68
-58
-51
-44
-31
-15
8
31
50
66
80
88
94
99
104
112
118
124
126
123
114
98
78
59
41
27
14
0
-16
-35
-55
-77
-96
-112
-122
-127
-124
-115
-104
-91
-83
-77
-70
-62
-46
-22
5
31
51
59
62
57
56
57
60
61
57
44
27
5
-15
-31
-45
-56
-70
-87
-102
-115
-121
-117
-109
-97
-84
-76
-65
-54
-40
-19
4
30
54
74
91
105
113
121
125
128
131
131
130
125
115
98
80
59
43
33
26
19
5
-15
-40
-62
-75
-81
-77
-70
-70
-75
-88
-104
-111
-108
-95
-73
-51
-34
-24
-20
-17
-14
-5
12
32
53
72
83
88
84
74
62
51
43
43
43
43
37
23
3
-23
-47
-59
-62
-53
-37
-26
-22
-27
-36
-41
-34
-16
7
31
49
58
61
62
63
68
73
77
81
81
79
76
68
56
42
24
6
-13
-27
-39
-49
-58
-67
-78
-90
-103
-112
-114
-110
-99
-86
-74
-63
-55
-47
-38
-25
-8
10
29
45
57
65
68
69
70
69
66
62
57
47
34
19
1
-18
-35
-51
-65
-76
-86
-93
-97
-98
-98
-93
-87
-79
-67
-52
-34
-13
12
37
58
75
89
99
110
122
134
144
149
145
134
116
97
78
61
46
29
10
-14
-42
-71
-96
-114
-122
-124
-124
-126
-129
-134
-136
-134
-123
-106
-84
-61
-42
-27
-17
-11
-6
2
13
28
44
57
64
67
65
57
50
45
47
52
61
68
68
62
47
34
26
24
28
35
38
35
27
14
4
-3
-4
0
7
14
19
18
15
12
13
22
35
51
64
68
69
65
61
62
65
68
72
67
56
40
17
-5
-24
-38
-48
-57
-69
-86
-106
-124
-139
-148
-149
-142
-133
-120
-107
-91
-79
-66
-50
-33
-12
12
37
60
79
92
101
104
102
97
91
84
81
74
64
49
28
8
-14
-31
-45
-57
-67
-73
-74
-74
-70
-65
-59
-55
-50
-42
-28
-9
14
36
55
68
75
79
80
83
88
93
99
101
95
84
66
47
27
10
-4
-16
-27
-38
-51
-65
-78
-92
-105
-114
-117
-115
-110
-101
-91
-85
-79
-75
-68
-57
-42
-27
-9
6
20
33
43
52
59
64
68
72
77
81
87
90
90
86
81
75
68
61
58
57
55
52
46
41
31
22
12
6
1
-1
-2
-4
-10
-16
-22
-28
-36
-43
-44
-46
-45
-44
-43
-40
-40
-40
-45
-51
-50
-50
-50
-47
-37
-29
-34
-38
-42
-50
-57
-63
-60
-64
-72
-74
-73
-77
-81
-80
-79
-76
-70
-63
-41
-21
-12
5
24
39
53
69
85
87
81
75
72
71
69
62
44
25
-7
-49
-71
-87
-91
-48
16
64
107
131
131
136
140
230
558
933
1084
1058
984
915
816
580
275
111
76
39
-25
-143
-327
-535
-791
-1028
-1112
-1080
-995
-865
-743
-683
-668
-664
-644
-571
-462
-337
-193
-69
13
62
101
127
120
124
166
221
257
247
192
141
124
130
168
231
269
280
252
165
105
114
131
145
175
190
181
162
137
120
116
96
83
86
88
99
101
74
57
66
77
74
68
56
30
-8
-39
-52
-58
-54
-50
-60
-69
-76
-95
-113
-126
-124
-109
-101
-104
-101
-100
-110
-121
-118
-91
-60
-59
-73
-90
-114
-119
-118
-130
-137
-127
-113
-89
-61
-35
-4
16
15
17
24
29
41
49
62
88
124
165
193
198
193
173
133
101
90
90
94
93
79
71
59
31
1
-30
-58
-66
-72
-85
-78
-72
-84
-81
-62
-36
5
35
32
25
16
12
33
55
64
79
102
102
82
58
35
22
12
-4
-30
-52
-67
-91
-114
-128
-150
-172
-180
-174
-148
-117
-93
-71
-55
-53
-53
-26
14
50
74
81
95
108
111
112
114
96
60
27
11
9
8
-11
-31
-31
-16
-2
10
29
45
51
52
56
65
76
93
109
118
124
124
113
88
57
37
39
49
51
44
42
25
-11
-45
-61
-63
-58
-57
-64
-65
-66
-74
-81
-82
-82
-78
-65
-40
-13
-3
-8
-16
-22
-27
-25
-24
-29
-34
-50
-68
-82
-92
-91
-81
-71
-62
-52
-39
-28
-19
-1
30
62
82
91
89
90
101
102
94
94
97
83
54
27
21
35
43
28
7
-3
-4
-16
-48
-81
-99
-106
-105
-94
-74
-58
-57
-68
-78
-75
-61
-35
-4
19
36
44
45
38
31
26
28
32
31
31
35
29
7
-14
-17
-6
0
-4
-9
-5
4
6
2
-3
-9
-10
-16
-28
-34
-25
-6
16
33
44
55
61
48
29
31
51
65
64
67
87
112
111
76
34
13
11
13
16
11
5
6
3
-9
-31
-57
-71
-68
-67
-64
-54
-50
-47
-30
-15
-8
-15
-31
-39
-36
-38
-44
-43
-31
-14
-1
1
2
6
2
-7
-5
0
9
27
48
66
75
68
51
31
12
-2
-12
-23
-38
-52
-59
-65
-72
-75
-67
-62
-62
-68
-72
-65
-60
-58
-51
-34
-9
21
37
44
57
72
72
59
46
43
47
48
40
34
30
25
20
5
-18
-33
-36
-37
-46
-58
-64
-60
-49
-41
-44
-56
-67
-73
-70
-58
-47
-37
-20
4
25
47
70
90
95
82
70
74
81
73
55
45
55
65
60
54
51
43
30
15
2
-5
-5
-1
7
11
19
34
36
14
-19
-43
-47
-40
-30
-21
-7
5
14
20
22
18
2
-13
-11
0
8
11
11
15
16
12
10
6
-6
-18
-30
-41
-52
-64
-74
-73
-63
-52
-44
-47
-60
-71
-76
-74
-68
-52
-25
-1
13
25
36
38
29
19
20
33
44
44
44
45
42
36
24
15
8
-3
-16
-19
-21
-34
-46
-43
-33
-31
-40
-55
-58
-46
-41
-46
-47
-35
-11
15
32
37
41
50
60
76
97
113
122
120
105
91
84
78
71
60
43
28
8
-22
-50
-68
-82
-89
-82
-66
-51
-48
-60
-78
-90
-94
-90
-76
-60
-49
-39
-32
-25
-20
-21
-24
-15
-2
10
19
24
27
26
29
32
41
54
61
62
59
46
32
26
22
19
22
26
30
34
35
34
36
37
40
41
35
28
31
41
55
62
60
53
51
51
45
36
26
26
28
21
1
-22
-43
-58
-68
-79
-90
-89
-85
-93
-107
-121
-128
-124
-120
-110
-86
-57
-40
-33
-23
-6
21
46
56
62
71
78
78
75
72
77
79
65
48
45
48
42
29
11
4
8
7
-7
-24
-36
-46
-48
-50
-51
-54
-54
-52
-41
-35
-36
-39
-39
-35
-28
-23
-20
-16
-8
15
41
54
51
41
34
34
33
33
39
51
66
77
76
59
36
16
-2
-13
-18
-15
-10
-9
-11
-14
-22
-26
-27
-35
-48
-62
-72
-70
-61
-51
-37
-28
-28
-29
-28
-22
-13
-9
-4
12
32
44
46
42
41
45
41
33
27
21
17
9
-1
-12
-16
-12
-1
2
3
7
8
-1
-20
-36
-38
-26
-15
-10
-6
-6
-4
-2
0
11
33
47
43
29
16
11
11
12
9
0
-9
-7
0
1
-7
-22
-35
-36
-26
-15
-5
1
2
7
17
35
51
57
55
56
61
66
67
71
79
83
85
89
88
74
52
29
10
-3
-13
-17
-17
-18
-32
-55
-82
-104
-115
-122
-125
-123
-119
-118
-115
-102
-91
-80
-74
-69
-54
-30
-8
8
19
30
40
37
22
13
17
23
22
23
36
54
63
63
65
71
68
50
30
20
18
16
12
10
3
-9
-25
-32
-26
-20
-21
-22
-14
-2
4
1
-5
-11
-12
-9
-1
14
28
34
31
21
11
5
1
-4
-12
-15
-14
-11
-6
-5
-3
11
25
32
31
29
31
31
21
6
4
9
14
13
6
3
-1
-9
-15
-16
-18
-19
-16
-6
11
19
19
22
28
32
34
35
44
56
60
53
42
27
11
-6
-21
-36
-45
-47
-44
-42
-49
-58
-65
-74
-80
-80
-69
-45
-21
-2
12
24
33
37
35
32
35
39
40
38
33
26
15
1
-16
-30
-35
-35
-34
-40
-44
-46
-53
-66
-76
-76
-70
-62
-54
-35
-11
9
16
10
10
18
26
30
35
44
52
56
51
48
49
49
50
51
50
45
39
31
21
10
4
3
5
5
5
5
2
-9
-26
-38
-36
-23
-13
-8
-7
-2
-2
-8
-15
-15
-11
-5
-5
-5
-3
-5
-12
-17
-19
-17
-8
-4
1
2
-3
-13
-19
-15
-12
-16
-26
-37
-38
-36
-39
-40
-38
-32
-21
-10
-1
12
22
29
30
35
40
47
55
50
40
32
27
26
24
18
16
18
19
16
8
4
1
1
-1
-5
-7
-14
-22
-28
-32
-25
-17
-16
-19
-16
-5
5
6
3
2
10
19
16
10
6
4
7
11
11
17
34
52
61
61
55
49
44
35
23
14
10
5
2
-3
-7
-12
-22
-33
-39
-37
-37
-39
-47
-55
-55
-51
-43
-38
-31
-23
-19
-18
-22
-26
-22
-20
-17
-11
-8
-3
3
6
5
-3
-13
-18
-17
-15
-17
-17
-15
-17
-21
-33
-41
-43
-39
-33
-31
-33
-32
-25
-15
-10
-8
-3
5
18
28
35
43
50
53
56
55
54
53
50
45
42
45
38
30
23
16
12
5
-1
-6
-8
-11
-18
-25
-31
-30
-24
-21
-20
-17
-13
-11
-10
-7
-5
-1
4
14
25
36
42
47
52
52
54
52
52
56
60
54
42
26
12
-2
-15
-27
-36
-40
-40
-40
-41
-43
-47
-50
-50
-48
-41
-32
-24
-17
-7
1
2
-2
-9
-8
0
12
25
39
52
58
54
46
38
36
33
30
30
35
37
30
17
6
-5
-17
-29
-34
-31
-25
-22
-25
-27
-26
-23
-22
-20
-11
1
9
9
4
0
-4
-7
-12
-15
-14
-14
-13
-12
-13
-16
-21
-26
-25
-17
-6
0
4
5
5
-1
-8
-11
-10
-8
-9
-11
-14
-16
-18
-21
-17
-7
6
21
36
46
53
52
48
46
46
47
49
51
50
43
36
30
26
21
15
13
10
8
7
6
5
2
-5
-5
-1
2
-1
-11
-22
-29
-31
-32
-31
-33
-39
-43
-44
-47
-50
-52
-47
-36
-27
-17
-10
-2
3
5
12
19
30
39
49
58
62
56
47
37
29
24
16
9
2
-4
-11
-23
-35
-41
-40
-35
-33
-35
-36
-31
-27
-26
-23
-17
-4
12
23
27
30
30
28
25
24
33
43
47
42
32
22
11
-2
-15
-24
-24
-21
-20
-23
-28
-29
-32
-33
-33
-26
-12
-3
4
13
23
30
32
31
32
33
31
25
18
13
8
5
-1
-8
-18
-32
-47
-57
-64
-69
-74
-76
-70
-59
-48
-45
-44
-38
-28
-19
-16
-11
-5
2
2
-1
-6
-2
4
12
20
28
36
39
40
39
35
30
25
21
22
26
32
36
34
28
20
12
5
-2
-8
-9
-2
2
3
2
1
-3
-6
-9
-10
-7
-5
-1
2
8
15
20
20
20
19
19
24
23
25
28
27
24
15
9
5
2
-4
-8
-15
-22
-30
-39
-49
-57
-61
-62
-59
-53
-44
-39
-34
-29
-26
-22
-14
-3
7
17
24
29
28
30
32
33
36
37
43
45
48
41
33
23
16
9
2
-2
-5
-10
-15
-22
-30
-37
-46
-51
-54
-53
-50
-46
-36
-28
-22
-16
-6
3
10
21
32
41
45
46
44
42
39
37
31
28
26
20
10
-2
-11
-19
-22
-24
-20
-17
-12
-8
-9
-13
-17
-17
-16
-13
-10
-4
1
1
-2
-5
-6
-9
-8
-6
-3
1
5
4
4
6
11
15
14
16
18
15
8
4
-2
-3
-3
1
3
4
9
10
11
6
4
6
7
8
10
13
19
22
21
17
13
11
7
5
5
12
19
22
21
24
26
26
24
20
20
18
18
16
11
6
-1
-9
-18
-25
-27
-29
-36
-43
-51
-58
-63
-66
-64
-60
-57
-51
-43
-36
-29
-23
-20
-17
-8
0
8
12
12
13
12
12
8
5
4
1
0
-3
-6
-7
-8
-9
-11
-12
-9
-4
1
5
9
13
18
21
23
25
28
33
37
40
42
43
44
45
41
36
31
28
26
24
22
21
18
8
-3
-11
-16
-20
-23
-25
-26
-29
-30
-32
-35
-33
-28
-19
-10
-1
8
12
13
10
7
6
9
13
14
13
6
-2
-11
-20
-26
-30
-30
-30
-30
-29
-29
-31
-33
-33
-31
-29
-25
-20
-18
-16
-16
-15
-15
-11
-8
-6
-6
-5
-6
-5
-1
6
14
21
28
36
42
46
51
55
59
61
61
60
56
50
46
39
33
27
20
13
5
-3
-11
-20
-27
-32
-36
-37
-39
-39
-40
-41
-38
-38
-35
-30
-24
-18
-12
-7
1
10
20
27
35
40
43
42
42
40
38
37
32
25
17
8
-5
-20
-32
-45
-54
-61
-65
-66
-68
-71
-74
-75
-73
-67
-59
-51
-42
-31
-24
-17
-10
-2
6
16
24
32
39
43
45
46
46
47
46
47
48
49
49
45
40
36
33
28
23
18
15
11
6
0
-4
-9
-13
-19
-25
-27
-27
-27
-29
-28
-25
-25
-25
-24
-23
-23
-22
-22
-21
-19
-17
-18
-19
-20
-19
-14
-12
-8
-2
3
8
13
15
18
22
24
27
30
32
34
34
32
27
24
21
17
15
14
13
13
13
12
10
9
6
3
3
7
11
13
16
16
15
11
5
1
-2
-3
-3
-2
-2
-1
-2
-5
-7
-8
-6
-4
-2
0
3
4
3
5
6
5
6
6
6
5
4
1
-1
-4
-6
-6
-8
-8
-10
-12
-13
-15
-16
-21
-24
-26
-29
-31
-31
-33
-37
-40
-43
-46
-47
-48
-43
-40
-37
-31
-23
-17
-12
-5
0
6
12
17
22
25
29
33
35
35
38
39
40
41
42
41
42
45
46
48
46
47
48
47
46
44
43
39
36
33
26
21
15
10
5
1
-2
-6
-11
-15
-18
-22
-26
-29
-31
-33
-35
-36
-37
-38
-41
-43
-45
-48
-48
-48
-48
-49
-47
-44
-43
-40
-35
-29
-25
-21
-13
-7
-1
5
12
14
17
22
25
28
29
33
34
33
32
30
28
23
20
16
13
11
9
7
1
-2
-5
-7
-11
-13
-13
-14
-17
-16
-16
-20
-20
-21
-21
-21
-18
-13
-10
-7
-2
1
3
3
10
13
16
20
24
28
28
32
32
28
24
22
19
14
11
8
3
-5
-10
-17
-24
-30
-35
-39
-42
-44
-43
-43
-44
-43
-40
-36
-34
-27
-21
-16
-12
-5
2
7
11
16
19
21
26
28
29
29
29
28
23
20
17
12
6
1
-4
-11
-16
-22
-23
-28
-29
-28
-28
-26
-24
-21
-17
-14
-8
-2
3
9
16
21
23
26
29
29
29
31
31
30
28
25
22
16
10
6
0
-7
-13
-17
-21
-26
-28
-31
-34
-35
-34
-33
-31
-28
-23
-18
-13
-7
-1
4
9
14
18
21
24
28
29
29
30
29
27
24
23
22
17
15
14
11
9
7
5
3
3
2
2
1
3
8
9
10
11
13
13
13
14
14
13
13
13
14
13
14
16
15
15
13
12
10
7
4
0
-2
-3
-3
-4
-7
-8
-11
-14
-17
-19
-20
-23
-23
-22
-23
-25
-26
-27
-30
-33
-35
-37
-38
-37
-38
-37
-36
-35
-34
-33
-30
-27
-24
-21
-17
-12
-7
-3
2
6
10
15
18
20
23
23
25
25
23
24
24
24
22
23
22
20
21
21
21
23
24
27
29
30
34
35
35
36
36
36
34
32
30
25
22
17
11
5
-4
-9
-16
