SAMPLES:	13558
BITSPERSAMPLE:	16
CHANNELS:	1
SAMPLERATE:	16000
NORMALIZED:	FALSE
9
10
15
22
23
19
11
0
-6
-7
1
12
21
24
18
9
0
-5
-7
-4
4
10
16
20
20
16
9
1
-4
-5
0
10
17
21
18
10
3
-3
-4
0
6
12
13
10
7
5
7
8
8
10
9
8
5
2
1
2
5
7
5
3
0
-7
-14
-15
-12
-5
2
5
4
-3
-12
-19
-23
-17
-5
7
15
14
6
-5
-14
-19
-14
-5
10
20
22
17
10
1
-3
-2
5
14
21
24
19
13
9
9
12
15
19
19
18
14
8
6
6
7
8
8
7
8
9
6
1
-2
-6
-7
-10
-10
-7
-5
-2
-3
-5
-8
-12
-16
-20
-19
-16
-9
-2
1
2
0
-7
-12
-14
-13
-8
-3
1
0
-1
-2
-4
-3
-1
1
1
0
-4
-8
-8
-4
2
8
10
7
0
-8
-15
-17
-13
-5
3
8
7
0
-9
-18
-24
-25
-18
-11
-3
1
1
-3
-11
-17
-23
-26
-25
-22
-16
-8
0
4
2
-7
-19
-30
-36
-34
-25
-11
4
12
12
2
-12
-26
-36
-36
-26
-12
4
13
16
11
1
-11
-19
-19
-12
0
12
20
19
16
7
2
-2
-3
-1
2
5
8
12
13
14
12
7
2
0
-1
1
5
9
11
8
4
-3
-7
-9
-10
-8
-7
-6
-6
-8
-10
-13
-12
-12
-8
-5
-3
-2
-4
-9
-14
-16
-14
-10
-3
3
3
0
-6
-8
-7
-2
4
10
14
14
14
12
13
13
15
15
14
13
13
13
16
19
22
22
21
18
15
14
12
13
14
16
20
21
17
12
5
0
-3
-4
-1
4
6
7
5
0
-4
-7
-7
-5
-3
0
1
-1
-2
-4
-6
-8
-10
-11
-10
-8
-5
-2
0
3
3
2
1
-2
-3
-4
-4
1
6
9
11
6
-3
-12
-19
-21
-16
-7
4
11
12
7
1
-8
-13
-14
-11
-4
5
11
12
8
-2
-13
-23
-26
-23
-14
-3
5
9
6
-1
-9
-13
-14
-9
-1
3
3
-2
-10
-18
-22
-22
-20
-13
-8
-5
-5
-7
-12
-14
-13
-9
-4
3
7
7
5
-1
-4
-9
-10
-8
-4
1
5
7
9
11
12
13
15
14
13
16
20
29
35
36
32
22
9
1
-2
3
16
28
36
35
24
13
1
-3
1
10
21
29
30
23
12
0
-9
-13
-11
-7
-2
2
3
1
-3
-6
-8
-7
-4
-2
0
1
1
1
2
0
-1
-3
-7
-9
-11
-11
-8
-2
1
3
3
2
0
0
4
6
9
11
9
5
3
0
-2
-3
-3
-4
-5
-7
-7
-6
-4
-3
-4
-8
-11
-15
-18
-14
-11
-4
0
-1
-8
-20
-31
-39
-39
-32
-21
-11
-7
-11
-21
-32
-37
-37
-30
-19
-8
0
1
-6
-15
-23
-26
-25
-19
-11
-2
1
-3
-6
-10
-11
-8
-2
6
12
13
11
9
5
3
2
5
6
6
6
6
5
3
0
-4
-7
-10
-9
-8
-3
2
3
1
-5
-11
-16
-20
-20
-18
-15
-13
-11
-10
-12
-16
-20
-22
-22
-20
-16
-8
-1
2
4
2
0
-1
-4
-4
0
3
8
11
13
13
13
11
8
6
5
6
13
20
26
27
25
19
15
12
11
13
17
17
15
11
7
4
0
0
0
1
2
3
5
3
5
4
0
-2
-5
-7
-7
-5
-2
-2
-1
-2
-3
-6
-8
-6
-3
1
7
12
15
16
13
9
7
7
9
14
17
20
19
16
15
12
11
15
20
23
26
25
24
23
22
19
18
17
16
15
13
11
10
11
9
9
8
7
5
4
4
4
6
7
11
9
7
3
-1
-2
-4
-1
0
1
2
4
1
2
0
-1
1
4
5
7
8
9
8
7
4
2
1
-1
2
4
5
6
8
6
6
4
3
3
4
6
7
9
9
8
5
1
-1
-4
-3
-3
-4
-2
-3
-4
-5
-6
-7
-6
-6
-6
-6
-7
-9
-9
-11
-12
-14
-17
-20
-22
-24
-23
-22
-21
-21
-19
-19
-20
-19
-20
-20
-19
-17
-14
-12
-11
-10
-12
-13
-16
-17
-18
-17
-15
-13
-9
-5
-4
-3
-6
-5
-3
-1
2
5
7
6
4
0
-3
-5
-7
-4
-2
-2
0
-1
-1
-1
-1
1
3
5
4
4
4
1
0
-2
-4
-5
-7
-8
-8
-9
-8
-6
-4
-2
-1
-2
-3
-3
-4
-3
-1
-1
-1
-1
-4
-7
-10
-12
-11
-8
-5
-2
-1
0
0
-3
-3
-1
1
3
5
5
3
1
-1
-3
-4
-5
-5
-3
-2
0
0
1
2
0
2
3
5
5
6
6
6
5
0
-4
-6
-9
-7
-5
-3
1
2
0
-3
-6
-8
-7
-4
1
4
7
7
2
-3
-7
-9
-10
-6
-1
2
6
8
7
5
5
4
6
8
11
14
16
17
14
12
8
6
4
7
9
11
13
15
15
13
13
12
11
12
11
11
12
9
8
6
4
2
0
0
0
-1
0
1
1
2
3
3
2
1
0
-2
-2
-2
-1
-1
-2
-3
-6
-6
-5
-5
-3
-1
3
3
4
3
1
2
2
5
9
10
11
10
6
5
2
1
2
4
6
6
6
5
2
2
0
2
4
5
6
3
0
-4
-7
-10
-11
-10
-7
-7
-7
-9
-11
-14
-15
-13
-10
-7
-4
-4
-4
-4
-8
-10
-12
-11
-7
-4
-2
-2
-1
-5
-6
-6
-7
-4
1
5
8
10
9
8
6
6
6
9
10
12
13
12
11
10
9
9
11
11
12
11
12
11
11
9
10
10
10
9
9
8
6
4
1
-2
-3
-4
-5
-4
-5
-4
-4
-5
-6
-6
-7
-7
-6
-5
-4
-2
-2
-2
-3
-6
-5
-6
-4
-2
0
2
3
4
4
3
2
3
5
7
10
12
11
10
7
6
4
2
3
3
5
6
6
5
3
1
-1
-1
-1
-1
0
-1
-2
-4
-6
-9
-11
-13
-14
-14
-13
-13
-13
-13
-14
-17
-17
-17
-18
-16
-14
-11
-9
-9
-11
-13
-14
-16
-15
-14
-13
-11
-10
-9
-9
-9
-8
-7
-5
-4
-4
-3
-3
-3
-2
-3
-3
-4
-5
-8
-8
-9
-8
-7
-6
-5
-3
-3
-4
-4
-4
-3
-2
-1
-2
-2
-4
-5
-6
-7
-7
-7
-7
-7
-6
-6
-5
-2
-1
1
2
2
2
1
0
-1
-2
-1
-1
-1
-2
-4
-7
-7
-7
-6
-3
-1
1
2
3
2
2
2
2
2
1
2
1
0
-2
-3
-2
0
2
3
5
6
8
10
11
13
13
14
14
12
12
12
12
14
15
14
13
11
12
11
13
14
16
18
18
18
16
14
11
10
9
9
8
5
4
1
-2
-3
-6
-6
-5
-5
-3
-3
-1
-2
-3
-6
-6
-6
-6
-5
-6
-7
-7
-8
-8
-8
-8
-5
-2
2
5
8
9
10
10
9
10
12
13
14
15
14
12
11
10
8
8
10
10
9
8
7
5
2
1
-2
-2
-3
-5
-7
-12
-17
-21
-25
-25
-24
-23
-21
-21
-23
-24
-25
-24
-21
-15
-11
-4
2
4
5
7
9
13
17
23
28
30
32
31
27
24
24
23
24
24
25
25
22
17
14
11
10
10
8
7
8
9
5
4
0
-4
-6
-7
-9
-8
-4
-4
-6
-8
-12
-16
-20
-22
-23
-21
-17
-14
-13
-14
-17
-20
-24
-27
-27
-23
-15
-9
-2
0
1
-1
-5
-8
-6
2
16
32
46
55
58
56
49
43
44
54
70
89
103
110
105
90
68
47
36
34
42
52
57
49
28
-4
-41
-71
-89
-90
-78
-65
-56
-60
-78
-106
-137
-159
-166
-152
-129
-101
-83
-80
-93
-118
-143
-159
-154
-133
-101
-68
-44
-38
-48
-68
-87
-92
-82
-54
-18
16
38
42
31
11
-7
-13
-4
20
49
74
86
82
66
43
26
20
26
44
65
82
87
80
63
45
30
27
39
57
76
92
95
90
79
65
58
60
71
85
98
103
98
86
69
55
48
47
53
57
57
50
39
22
7
-4
-8
-9
-10
-15
-25
-38
-52
-64
-72
-76
-76
-77
-80
-84
-91
-99
-101
-100
-96
-87
-78
-73
-69
-69
-68
-65
-58
-49
-38
-25
-17
-13
-10
-11
-9
-5
2
12
22
31
36
36
36
37
40
42
48
55
62
68
69
68
64
62
59
59
58
60
62
62
63
60
54
47
40
36
34
35
36
36
31
23
15
3
-6
-13
-16
-16
-17
-21
-28
-39
-50
-60
-68
-70
-66
-64
-60
-64
-72
-75
-85
-82
-78
-70
-57
-51
-46
-47
-50
-50
-47
-38
-26
-14
-5
0
-1
-3
-4
1
13
26
36
44
41
35
27
21
23
31
42
50
54
48
38
26
17
16
21
32
38
41
36
25
13
4
4
10
20
30
31
29
20
11
6
5
12
22
31
38
38
34
28
23
26
28
37
43
46
45
38
32
27
23
24
27
29
30
26
19
10
2
-4
-8
-10
-12
-15
-19
-27
-33
-42
-49
-56
-60
-60
-62
-60
-61
-61
-61
-65
-66
-68
-65
-60
-54
-45
-38
-33
-28
-29
-28
-28
-24
-17
-8
2
8
13
14
13
12
11
14
20
25
31
33
34
31
27
26
24
25
28
29
33
32
32
31
30
28
26
24
20
18
16
14
14
12
11
7
1
-6
-13
-18
-20
-19
-17
-16
-18
-22
-31
-37
-43
-47
-45
-42
-36
-34
-35
-40
-46
-52
-55
-52
-46
-39
-31
-27
-25
-25
-27
-28
-27
-24
-20
-15
-9
-7
-2
-1
-1
1
-2
-3
-6
-6
-4
0
6
8
7
3
-5
-10
-16
-15
-12
-8
0
0
-1
-7
-16
-21
-23
-21
-14
-7
-2
-2
-5
-11
-18
-21
-23
-19
-13
-8
-3
-5
-6
-11
-15
-14
-16
-12
-9
-7
-2
-1
-1
-1
-3
-3
-3
-3
-2
0
2
4
5
5
1
-1
-4
-6
-7
-7
-3
-2
-1
-2
-5
-8
-11
-11
-10
-9
-4
-2
3
5
5
5
4
5
5
7
11
18
25
30
34
34
32
31
33
36
41
49
58
63
64
62
57
53
50
53
56
60
65
62
55
46
37
32
30
32
35
36
33
26
20
12
8
6
6
8
7
6
2
-2
-5
-8
-6
-4
-2
-2
-3
-5
-8
-10
-10
-8
-5
-3
-3
-7
-11
-13
-16
-13
-12
-11
-9
-13
-14
-18
-20
-21
-22
-20
-18
-18
-18
-20
-24
-25
-27
-25
-24
-23
-22
-22
-21
-22
-22
-20
-17
-13
-11
-8
-7
-6
-5
-3
0
3
5
7
10
13
14
14
15
15
15
15
16
17
17
18
18
17
16
14
12
11
11
10
10
10
8
7
6
5
3
2
2
2
2
2
2
2
2
2
1
0
-2
-3
-3
-3
-2
-1
0
0
-2
-5
-9
-11
-13
-11
-9
-7
-6
-8
-10
-15
-20
-23
-25
-24
-21
-19
-18
-19
-23
-28
-32
-32
-30
-26
-22
-17
-14
-14
-16
-20
-22
-20
-16
-8
-2
2
4
3
1
-1
1
4
9
14
19
22
22
19
17
16
16
18
20
23
25
25
25
22
21
20
19
17
15
15
14
14
13
11
8
4
0
-7
-13
-17
-18
-18
-18
-19
-23
-28
-34
-40
-43
-42
-42
-38
-35
-36
-39
-42
-47
-49
-49
-48
-44
-39
-35
-36
-37
-37
-38
-37
-35
-30
-24
-18
-13
-9
-8
-5
-2
1
6
10
17
23
27
32
36
39
41
43
46
50
54
57
61
64
65
65
63
63
61
62
62
62
62
60
56
51
46
39
34
29
24
22
19
13
9
0
-6
-13
-20
-26
-29
-32
-34
-36
-39
-43
-49
-54
-58
-58
-59
-57
-55
-51
-48
-48
-49
-50
-50
-48
-44
-38
-31
-24
-19
-18
-15
-16
-13
-10
-5
1
9
15
19
21
20
19
18
20
23
26
31
34
35
35
34
33
30
27
27
27
28
30
31
29
27
23
19
16
13
13
13
14
16
13
10
6
1
-2
-5
-6
-4
-2
-1
-3
-4
-7
-8
-9
-11
-10
-7
-5
-3
-3
-3
-3
-4
-4
-3
-2
1
4
4
6
11
12
13
15
15
17
18
21
24
27
30
31
34
33
33
30
28
29
30
32
33
34
33
30
25
20
17
16
16
18
17
16
14
10
5
0
-3
-2
-2
0
0
-2
-4
-6
-10
-12
-14
-14
-12
-11
-9
-9
-10
-11
-12
-13
-13
-12
-10
-9
-7
-5
-2
-3
-4
-4
-5
-4
-3
-3
-3
-2
-4
-7
-10
-12
-15
-16
-17
-16
-17
-20
-22
-26
-30
-33
-36
-38
-38
-38
-41
-43
-46
-48
-50
-50
-48
-46
-44
-42
-42
-42
-42
-39
-37
-33
-28
-24
-19
-15
-12
-8
-6
-2
2
6
11
15
19
21
26
28
32
34
34
37
37
39
40
42
44
43
43
40
36
32
29
29
30
33
34
31
27
20
12
7
3
4
5
6
5
-1
-9
-18
-25
-30
-29
-25
-22
-21
-26
-36
-47
-56
-59
-58
-56
-51
-49
-52
-59
-67
-73
-74
-71
-64
-56
-51
-51
-55
-59
-61
-57
-51
-43
-33
-26
-22
-24
-24
-23
-18
-9
0
10
16
19
18
18
20
26
34
42
46
50
49
48
47
46
51
55
60
62
61
55
50
44
42
42
45
47
47
41
33
26
17
13
11
11
11
9
3
-5
-13
-19
-22
-23
-22
-20
-21
-23
-28
-31
-33
-33
-30
-27
-23
-21
-18
-19
-20
-19
-17
-12
-5
0
5
9
10
13
15
18
22
26
29
31
34
35
36
38
39
40
41
40
39
40
36
36
37
35
31
27
24
20
17
16
14
13
11
7
3
-1
-5
-8
-9
-10
-9
-11
-12
-15
-18
-19
-21
-20
-19
-17
-17
-17
-17
-16
-14
-13
-11
-9
-6
-4
-1
2
5
6
8
10
12
15
14
18
19
20
24
25
26
27
26
25
27
27
26
25
25
25
24
21
19
18
16
15
14
11
8
6
4
1
0
0
-1
-3
-5
-8
-10
-12
-11
-11
-10
-10
-10
-11
-13
-14
-13
-10
-8
-4
-1
1
2
1
0
-1
0
4
7
10
12
11
9
5
3
2
2
4
5
5
4
1
-3
-6
-9
-10
-11
-12
-13
-16
-19
-22
-25
-27
-27
-27
-28
-27
-29
-30
-31
-32
-32
-31
-30
-30
-30
-30
-27
-26
-22
-20
-19
-17
-16
-14
-11
-10
-6
-1
3
6
7
8
8
10
12
15
18
22
24
24
24
24
23
24
25
25
25
26
25
23
21
20
19
20
19
17
16
13
9
7
5
2
1
-1
-4
-7
-11
-14
-16
-18
-20
-20
-21
-26
-29
-32
-36
-38
-38
-38
-38
-39
-40
-42
-45
-47
-48
-48
-46
-43
-43
-42
-44
-44
-44
-44
-40
-38
-35
-31
-30
-28
-28
-28
-26
-23
-19
-16
-12
-10
-9
-8
-7
-5
-3
0
3
7
9
11
11
12
13
13
17
19
22
25
25
25
26
26
26
27
28
30
32
32
32
33
33
31
31
32
33
33
33
32
31
29
28
27
26
24
21
20
19
19
19
18
18
15
13
10
8
6
5
7
7
6
6
4
1
-1
0
-1
0
1
2
2
1
-1
-1
-1
-3
-2
-2
-3
-2
-3
-4
-4
-4
-5
-5
-4
-3
-4
-4
-4
-4
-2
-3
-2
-3
-5
-4
-6
-5
-4
-4
-2
-2
-2
-2
-5
-4
-4
-4
-4
-2
-2
-2
-2
-2
-4
-3
-2
0
2
4
5
5
6
6
8
9
13
16
18
20
21
22
22
23
25
27
29
31
31
32
33
34
32
32
32
33
32
32
32
29
29
27
25
23
21
19
18
16
17
15
13
10
8
6
5
5
2
2
2
1
0
-1
-1
-2
-1
-2
-2
-3
-2
-2
-1
0
0
1
0
0
1
2
2
3
6
6
7
6
6
5
3
2
2
2
1
-1
-3
-6
-8
-9
-11
-13
-14
-15
-17
-21
-24
-27
-31
-33
-36
-36
-39
-39
-42
-45
-48
-50
-49
-50
-49
-49
-48
-48
-49
-49
-47
-46
-43
-41
-38
-35
-32
-31
-30
-28
-25
-22
-17
-13
-10
-7
-5
-3
-2
0
2
5
5
8
9
10
10
10
9
9
10
10
11
10
10
8
7
5
4
3
2
2
1
1
0
0
-2
-2
-4
-5
-7
-7
-7
-5
-4
-5
-5
-5
-4
-3
-4
-4
-2
-1
1
3
3
5
5
5
6
7
8
11
12
13
13
13
12
12
12
13
13
13
13
13
12
10
8
6
6
4
3
1
0
-3
-7
-10
-13
-16
-16
-18
-20
-22
-25
-27
-29
-29
-29
-30
-30
-29
-30
-30
-30
-30
-30
-28
-26
-24
-22
-21
-18
-16
-13
-9
-6
-2
1
3
7
10
13
15
18
22
24
27
28
29
31
33
33
35
36
36
37
35
35
34
34
33
32
31
30
28
26
23
20
17
15
14
11
10
7
5
2
-2
-3
-6
-6
-8
-9
-10
-12
-13
-14
-15
-15
-15
-14
-13
-11
-10
-8
-7
-6
-4
-2
0
2
4
6
6
10
11
13
17
19
19
23
23
25
26
27
29
30
32
32
32
32
32
31
31
30
30
31
29
28
28
25
23
22
21
19
17
16
14
13
11
8
7
5
3
2
0
0
-2
-4
-5
-8
-8
-8
-10
-10
-10
-10
-10
-10
-11
-11
-10
-9
-8
-6
-6
-5
-5
-5
-4
-3
-2
-2
-2
-1
0
1
1
1
1
2
2
2
1
1
2
1
1
0
0
-1
0
-1
-2
-3
-5
-7
-8
-10
-10
-10
-11
-11
-12
-13
-14
-15
-16
-16
-15
-15
-16
-13
-13
-14
-15
-15
-12
-11
-11
-9
-8
-8
-7
-5
-4
-3
-2
0
2
4
5
5
6
7
6
7
7
8
8
7
7
7
7
7
5
5
3
0
0
-2
-3
-4
-3
-5
-7
-9
-11
-13
-15
-14
-15
-16
-17
-19
-21
-23
-24
-24
-25
-22
-23
-24
-23
-23
-24
-23
-23
-23
-23
-22
-20
-20
-19
-19
-18
-17
-16
-14
-13
-11
-10
-10
-8
-7
-7
-7
-5
-4
-4
-5
-4
-2
-1
-1
-1
-1
1
-1
-1
-1
-2
-2
-2
-3
-4
-4
-6
-8
-8
-10
-11
-11
-13
-14
-14
-15
-17
-17
-19
-20
-20
-22
-21
-23
-23
-22
-23
-24
-22
-21
-21
-19
-19
-18
-17
-14
-14
-12
-11
-9
-7
-4
-3
-1
1
3
5
7
10
13
15
18
20
23
23
26
27
26
27
28
28
30
31
31
32
31
31
30
30
29
28
28
28
26
25
25
23
22
21
19
18
16
15
14
13
12
10
9
8
8
8
8
6
4
3
1
1
2
1
1
2
1
0
-1
0
-1
-2
0
0
1
0
0
1
1
2
2
2
2
3
4
4
5
6
6
9
9
10
11
13
14
16
17
17
18
18
18
20
20
20
21
20
20
20
19
18
17
16
14
13
13
12
11
10
7
6
5
4
3
2
-1
-1
-3
-4
-4
-5
-5
-6
-5
-6
-7
-6
-5
-4
-3
-2
-1
0
1
2
3
4
6
7
8
9
10
9
10
10
10
10
11
10
10
10
10
9
9
7
6
5
3
2
1
-1
-3
-5
-6
-7
-9
-9
-12
-13
-15
-16
-17
-17
-17
-17
-17
-19
-19
-19
-19
-18
-17
-16
-16
-14
-14
-12
-12
-10
-8
-9
-6
-5
-2
2
4
5
8
9
9
13
11
10
9
7
13
11
10
10
4
6
8
5
3
-1
-3
-2
-5
-15
-19
-17
-13
-21
-20
-25
-22
-33
-37
-32
-47
-59
-60
-68
-60
-57
-64
-55
-66
-57
-58
-62
-61
-73
-72
-76
-84
-83
-72
-70
-68
-82
-5
12
-91
-112
-67
-29
-37
-98
7
58
83
277
204
17
-61
-119
-42
-52
-104
159
275
188
44
-109
-63
-61
-137
-8
94
73
78
-1
-22
-49
-120
-65
-22
-13
23
47
40
-13
-86
-95
-88
-37
30
66
96
52
-52
-113
-130
-80
-9
61
100
85
59
-13
-65
-47
-21
12
32
28
30
33
-10
-22
-5
-3
11
53
42
220
369
173
-11
-65
-13
41
151
415
540
213
-64
-151
-210
-138
-10
344
592
322
-59
-184
-257
-276
-155
65
274
359
214
133
149
-52
-255
-280
-213
-141
-3
154
398
393
11
-237
-264
-397
-383
-99
264
293
135
115
-105
-282
-378
-340
-213
-249
-182
-94
-126
-265
-371
-274
-192
-262
-214
-105
-120
-103
-175
-353
-183
-114
-244
-23
124
162
130
-139
-139
107
29
-242
-152
-131
-167
69
105
33
-9
-145
-240
-197
-172
-276
-102
13
-67
68
-1
-129
-182
-67
31
-119
-68
-98
-119
162
142
71
206
156
42
86
29
-90
106
177
153
344
423
294
53
-19
24
78
203
216
182
121
-5
-56
46
208
136
93
86
37
167
242
224
301
270
86
76
207
288
337
239
159
214
129
113
304
472
413
203
80
9
-8
105
347
541
465
245
29
-79
-45
61
255
315
252
224
169
156
171
161
143
112
104
95
78
101
58
-41
-109
-122
-78
-13
-20
-147
-341
-491
-505
-372
-236
-127
-83
-214
-417
-549
-539
-495
-473
-417
-403
-442
-443
-392
-338
-293
-284
-366
-498
-619
-752
-797
-815
-842
-842
-787
-683
-625
-659
-830
-1051
-1215
-1300
-1191
-921
-668
-459
-326
-337
-496
-655
-707
-668
-553
-347
-106
65
154
214
317
415
464
617
927
1385
1940
2402
2661
2658
2436
2112
1834
1759
1852
2004
2005
1825
1599
1358
1149
996
876
664
314
12
-150
-63
230
517
749
853
812
714
656
749
859
859
735
567
476
507
643
771
790
614
290
-24
-206
-232
-200
-198
-271
-356
-352
-335
-265
-175
-261
-511
-868
-1146
-1175
-991
-693
-472
-406
-451
-610
-791
-891
-934
-975
-1073
-1201
-1237
-1148
-1028
-945
-937
-1045
-1286
-1502
-1594
-1562
-1429
-1362
-1393
-1463
-1544
-1482
-1257
-974
-705
-587
-647
-797
-961
-1065
-1027
-897
-778
-629
-474
-363
-307
-295
-366
-512
-678
-830
-912
-916
-854
-767
-718
-751
-834
-812
-580
-22
932
2077
3094
3728
3845
3514
2956
2434
2225
2399
2761
3073
3123
2920
2591
2175
1727
1244
677
24
-656
-1159
-1338
-1200
-941
-796
-707
-637
-593
-472
-269
-80
-24
-131
-186
53
591
1296
1926
2248
2184
1726
1177
852
830
1010
1149
1145
1010
834
668
524
402
176
-175
-568
-864
-892
-680
-397
-161
-9
121
257
409
537
531
353
49
-240
-342
-191
93
332
368
153
-226
-653
-981
-1193
-1351
-1502
-1648
-1721
-1734
-1609
-1386
-1233
-1132
-1148
-1262
-1256
-1110
-986
-882
-757
-667
-580
-381
-85
90
86
-54
-403
-758
-908
-935
-804
-573
-541
-725
-967
-1206
-1365
-1384
-1386
-1418
-1434
-1497
-1456
-1347
-1301
-1270
-1288
-1309
-1253
-1099
-909
-783
-828
-1039
-1241
-1314
-1259
-1045
-696
-253
304
1028
1887
2720
3367
3615
3434
3040
2666
2524
2687
2988
3238
3335
3274
3068
2804
2526
2190
1687
1027
391
-113
-359
-437
-486
-473
-483
-537
-497
-361
-177
-47
-134
-355
-488
-422
-116
391
900
1207
1253
1109
923
835
860
865
764
597
426
350
439
660
870
922
806
602
362
122
-121
-364
-504
-500
-404
-152
179
435
497
280
-69
-413
-648
-711
-674
-600
-525
-508
-580
-625
-594
-599
-636
-815
-1123
-1295
-1425
-1437
-1122
-770
-615
-500
-364
-245
-130
-74
49
140
-95
-412
-547
-554
-406
-174
-2
47
-78
-326
-461
-547
-779
-1017
-1183
-1266
-1243
-1149
-1025
-997
-1141
-1282
-1246
-1093
-989
-953
-949
-1015
-1140
-1155
-939
-657
-490
-487
-584
-718
-876
-966
-877
-697
-602
-550
-519
-571
-685
-852
-983
-991
-810
-250
643
1622
2492
3032
3164
2974
2614
2364
2398
2622
2851
2939
2863
2690
2497
2369
2282
2126
1751
1128
398
-228
-643
-908
-1032
-1032
-941
-777
-573
-320
-66
32
-88
-276
-319
-129
256
720
1146
1406
1455
1406
1375
1490
1593
1504
1268
889
484
230
170
299
509
611
551
366
118
-81
-192
-275
-302
-279
-208
-76
153
407
537
560
480
339
201
90
4
-83
-179
-289
-330
-332
-301
-204
-224
-409
-716
-1116
-1461
-1645
-1614
-1454
-1294
-1148
-1012
-935
-888
-822
-811
-850
-972
-1148
-1249
-1311
-1297
-1135
-915
-710
-575
-586
-646
-711
-929
-1175
-1304
-1411
-1418
-1328
-1195
-1004
-944
-1075
-1239
-1327
-1397
-1407
-1280
-1094
-914
-787
-705
-645
-611
-608
-665
-721
-783
-856
-900
-910
-878
-837
-797
-826
-954
-940
-485
451
1664
2874
3832
4362
4274
3632
2942
2659
2809
3153
3450
3634
3681
3525
3187
2770
2366
1853
1076
212
-415
-716
-852
-968
-1055
-1016
-905
-742
-422
-44
172
14
-441
-739
-612
-82
689
1411
1876
1911
1538
1079
807
734
671
477
152
-186
-369
-360
-132
194
391
345
107
-122
-231
-200
-106
6
220
538
900
1230
1482
1531
1228
676
98
-216
-209
-81
68
111
24
-164
-409
-573
-653
-786
-1115
-1581
-1990
-2184
-2093
-1785
-1344
-945
-711
-648
-694
-702
-734
-850
-1011
-1160
-1199
-1137
-970
-783
-657
-626
-770
-989
-1196
-1361
-1493
-1646
-1822
-1994
-2067
-1998
-1794
-1541
-1401
-1413
-1604
-1873
-2003
-1930
-1665
-1276
-895
-646
-553
-598
-701
-727
-732
-748
-773
-808
-810
-805
-760
-703
-709
-821
-1049
-1136
-698
449
2068
3662
4843
5344
5063
4190
3228
2751
2922
3355
3647
3779
3792
3633
3265
2724
2187
1580
704
-257
-906
-1049
-948
-905
-891
-781
-512
-141
291
704
852
592
53
-318
-134
561
1415
2048
2234
1965
1394
763
394
281
94
-279
-748
-1148
-1247
-1048
-687
-332
-184
-339
-657
-887
-885
-666
-396
-123
235
706
1246
1693
1907
1819
1365
663
7
-343
-332
-119
59
51
-94
-290
-520
-736
-875
-1044
-1339
-1707
-1978
-1964
-1702
-1336
-925
-567
-375
-375
-509
-589
-584
-631
-724
-842
-928
-874
-772
-729
-746
-850
-1057
-1339
-1596
-1742
-1781
-1777
-1782
-1786
-1772
-1739
-1666
-1541
-1444
-1453
-1509
-1548
-1499
-1267
-918
-630
-480
-429
-526
-752
-932
-995
-969
-951
-1004
-1038
-1006
-973
-895
-717
-603
-667
-918
-1348
-1754
-1802
-1182
251
2244
4212
5544
5916
5349
4149
2861
2092
2171
2833
3500
3826
3782
3466
2962
2363
1796
1251
505
-498
-1382
-1820
-1796
-1412
-850
-181
532
1034
1181
1097
857
485
180
154
523
1253
1975
2361
2369
2035
1520
1032
607
174
-336
-947
-1542
-1826
-1623
-1097
-493
-36
51
-203
-563
-826
-830
-555
-173
255
744
1272
1819
2222
2285
1993
1366
551
-167
-582
-658
-520
-343
-288
-358
-465
-598
-777
-1046
-1416
-1808
-2119
-2272
-2168
-1798
-1371
-1006
-715
-578
-569
-627
-744
-894
-1054
-1178
-1213
-1133
-985
-814
-717
-791
-974
-1202
-1418
-1613
-1786
-1855
-1844
-1764
-1590
-1372
-1135
-969
-981
-1134
-1302
-1447
-1504
-1367
-1119
-821
-511
-337
-307
-377
-525
-683
-811
-933
-964
-877
-857
-862
-778
-679
-598
-563
-584
-729
-1059
-1379
-1316
-491
1115
3041
4705
5656
5656
4763
3454
2431
2182
2613
3118
3271
3098
2763
2397
2113
1955
1779
1329
377
-888
-1863
-2176
-1879
-1247
-491
236
700
839
829
810
800
714
557
498
675
974
1208
1367
1472
1495
1321
864
276
-322
-903
-1354
-1569
-1454
-1054
-608
-312
-139
-59
-72
-96
-112
-16
210
404
603
994
1518
1966
2218
2191
1834
1234
503
-205
-667
-799
-745
-701
-646
-593
-595
-620
-727
-954
-1211
-1514
-1852
-2016
-1896
-1584
-1178
-771
-446
-235
-194
-315
-530
-741
-979
-1280
-1488
-1537
-1490
-1345
-1142
-974
-882
-907
-1066
-1288
-1510
-1706
-1836
-1891
-1805
-1529
-1230
-1044
-943
-947
-984
-949
-957
-969
-868
-806
-846
-877
-887
-871
-800
-737
-707
-670
-668
-755
-884
-973
-996
-956
-881
-830
-759
-684
-706
-832
-887
-497
519
1971
3490
4686
5262
5123
4395
3504
3013
3101
3375
3404
3110
2633
2194
1934
1865
1879
1761
1240
273
-816
-1607
-1887
-1713
-1260
-742
-289
32
242
499
877
1215
1332
1215
977
751
610
602
796
1074
1158
1001
701
302
-65
-318
-560
-829
-1058
-1248
-1348
-1285
-1029
-599
-150
176
388
575
743
802
860
1054
1245
1316
1339
1322
1212
1020
762
519
273
-72
-389
-644
-903
-1022
-1042
-1091
-1085
-1032
-1015
-1030
-1101
-1220
-1299
-1352
-1385
-1330
-1177
-967
-789
-679
-616
-550
-463
-436
-502
-610
-770
-968
-1108
-1111
-983
-832
-795
-852
-924
-1047
-1105
-1069
-1169
-1343
-1486
-1700
-1882
-1892
-1756
-1504
-1222
-983
-793
-725
-778
-856
-960
-1031
-1061
-1115
-1091
-983
-887
-773
-662
-589
-513
-520
-657
-735
-703
-687
-678
-689
-733
-687
-426
202
1239
2416
3384
3993
4186
4059
3897
3838
3877
3896
3663
3222
2739
2314
2170
2247
2241
2149
1876
1264
608
108
-304
-530
-682
-950
-1169
-1250
-1245
-1057
-685
-293
72
366
503
591
696
743
760
736
650
596
584
586
661
773
805
753
634
435
216
16
-156
-248
-269
-283
-256
-174
-118
-39
87
145
184
252
243
216
241
181
56
-23
-121
-205
-253
-344
-396
-414
-516
-613
-687
-835
-1001
-1163
-1377
-1603
-1750
-1776
-1795
-1864
-1877
-1860
-1809
-1630
-1354
-1057
-805
-613
-443
-341
-301
-256
-231
-228
-204
-180
-112
14
96
152
175
78
-69
-240
-472
-684
-913
-1196
-1418
-1540
-1533
-1405
-1274
-1142
-1004
-930
-849
-767
-744
-661
-566
-595
-623
-561
-443
-273
-133
-58
6
57
123
230
285
263
183
-32
-290
-499
-657
-648
-456
-152
262
676
1064
1519
1882
2130
2427
2627
2699
2782
2798
2777
2819
2844
2844
2842
2787
2666
2497
2282
2020
1707
1341
948
568
210
-138
-419
-618
-794
-945
-1078
-1156
-1157
-1157
-1099
-964
-840
-676
-491
-380
-265
-142
-99
-49
28
56
129
240
323
423
486
498
527
541
506
443
318
113
-97
-278
-425
-536
-605
-617
-620
-610
-544
-483
-461
-438
-442
-507
-580
-654
-719
-741
-732
-674
-593
-567
-581
-661
-812
-929
-984
-997
-950
-890
-856
-769
-629
-504
-360
-216
-142
-111
-75
-9
86
164
224
291
313
297
314
348
416
478
439
387
388
344
277
285
264
156
51
-63
-213
-304
-321
-368
-407
-372
-373
-431
-470
-547
-653
-726
-812
-905
-922
-882
-828
-738
-643
-580
-544
-510
-464
-426
-392
-340
-276
-230
-189
-112
-33
39
129
180
194
224
231
229
273
365
485
600
684
759
826
848
828
801
793
812
845
878
915
966
1011
1020
1004
992
998
1016
1028
1036
1071
1113
1120
1122
1150
1166
1170
1183
1196
1231
1275
1285
1280
1257
1200
1127
1063
1001
921
815
672
497
302
121
-33
-165
-264
-347
-423
-510
-633
-758
-875
-1000
-1111
-1166
-1175
-1173
-1157
-1141
-1133
-1124
-1121
-1131
-1141
-1144
-1130
-1089
-1004
-869
-701
-549
-434
-344
-286
-261
-254
-249
-255
-271
-273
-250
-203
-129
-51
-11
-32
-100
-195
-299
-390
-438
-440
-418
-374
-304
-215
-128
-61
-13
4
-30
-90
-149
-212
-253
-250
-240
-219
-165
-111
-73
-48
-45
-52
-65
-101
-155
-210
-256
-288
-281
-240
-194
-153
-127
-127
-139
-150
-158
-147
-136
-154
-189
-238
-289
-314
-311
-287
-251
-222
-198
-173
-154
-132
-88
-34
9
43
80
137
204
270
330
396
485
567
638
735
850
943
997
1030
1076
1148
1214
1261
1323
1385
1412
1422
1449
1504
1570
1619
1594
1524
1441
1320
1186
1091
1031
966
881
782
689
613
527
437
358
270
172
79
3
-46
-88
-147
-224
-310
-401
-480
-539
-573
-583
-599
-633
-689
-737
-771
-825
-886
-918
-934
-934
-919
-882
-815
-739
-680
-626
-580
-565
-558
-560
-574
-582
-579
-561
-511
-437
-370
-301
-249
-250
-274
-303
-349
-395
-423
-444
-451
-423
-366
-292
-198
-125
-115
-145
-185
-227
-264
-293
-314
-301
-247
-176
-100
-29
30
50
2
-92
-208
-334
-436
-488
-490
-461
-425
-393
-359
-337
-335
-353
-379
-388
-382
-372
-344
-285
-174
-37
83
182
250
281
289
275
254
260
260
246
260
293
326
358
374
363
326
267
211
182
181
209
254
310
395
503
606
716
824
908
972
1019
1044
1084
1145
1178
1201
1217
1192
1169
1171
1159
1157
1189
1212
1213
1182
1107
1016
915
796
685
589
516
471
439
422
411
374
308
225
114
-13
-131
-236
-295
-305
-308
-311
-310
-337
-399
-485
-575
-642
-686
-715
-712
-675
-624
-562
-503
-451
-411
-396
-408
-425
-446
-470
-472
-455
-412
-333
-261
-222
-190
-167
-178
-213
-247
-283
-328
-395
-459
-485
-482
-462
-437
-439
-474
-519
-560
-590
-612
-627
-630
-635
-637
-609
-566
-509
-433
-381
-369
-357
-339
-335
-320
-305
-322
-357
-395
-432
-431
-384
-330
-270
-219
-207
-210
-212
-220
-211
-184
-169
-163
-144
-95
-14
96
214
299
318
276
198
117
47
-7
-27
-21
-16
-11
-7
1
35
68
75
73
57
15
-5
30
134
302
495
694
892
1064
1201
1313
1394
1442
1455
1436
1411
1397
1405
1433
1472
1518
1552
1545
1500
1426
1314
1180
1037
901
796
739
706
686
667
629
561
457
322
191
86
10
-41
-86
-132
-176
-226
-293
-359
-421
-478
-541
-608
-659
-681
-662
-614
-560
-515
-498
-516
-554
-579
-578
-561
-536
-509
-491
-478
-448
-400
-339
-268
-222
-226
-258
-297
-341
-374
-385
-381
-370
-362
-372
-393
-417
-464
-542
-631
-716
-784
-796
-752
-682
-602
-538
-511
-503
-487
-444
-382
-340
-314
-285
-260
-223
-154
-67
24
100
132
133
133
129
118
82
18
-39
-82
-118
-124
-108
-88
-68
-65
-70
-60
-58
-82
-114
-148
-194
-240
-267
-267
-242
-206
-180
-171
-162
-152
-157
-169
-179
-199
-220
-232
-238
-221
-162
-86
-1
100
193
273
358
444
538
638
718
788
862
942
1044
1168
1291
1398
1471
1484
1458
1422
1379
1345
1323
1297
1265
1246
1235
1221
1199
1155
1084
997
897
799
729
685
640
593
541
461
365
262
150
45
-37
-119
-183
-203
-189
-144
-80
-42
-53
-119
-247
-400
-527
-621
-685
-716
-739
-755
-746
-721
-698
-689
-716
-790
-892
-993
-1063
-1071
-1015
-936
-851
-756
-678
-631
-602
-595
-606
-614
-624
-616
-566
-499
-428
-358
-301
-262
-247
-266
-305
-339
-375
-411
-425
-411
-380
-341
-296
-242
-176
-108
-41
55
176
274
342
384
394
392
373
337
348
382
340
266
236
230
243
263
249
219
168
45
-94
-191
-289
-382
-447
-490
-489
-441
-382
-346
-334
-363
-433
-515
-573
-599
-613
-625
-645
-655
-637
-606
-550
-464
-381
-320
-259
-192
-89
62
237
427
626
794
912
1005
1080
1147
1218
1278
1333
1403
1473
1520
1552
1570
1578
1582
1551
1478
1387
1275
1141
1013
909
837
790
732
667
621
570
504
443
384
335
311
303
309
338
370
367
321
254
194
145
100
73
61
41
-7
-83
-165
-249
-348
-462
-567
-649
-699
-714
-704
-675
-654
-663
-693
-737
-786
-809
-805
-788
-755
-723
-703
-681
-662
-652
-624
-592
-595
-616
-640
-682
-727
-764
-781
-753
-700
-663
-632
-602
-587
-564
-513
-440
-337
-223
-132
-57
21
86
129
158
180
199
206
200
186
173
144
82
3
-79
-165
-254
-345
-435
-503
-547
-586
-609
-596
-574
-557
-559
-588
-624
-663
-718
-751
-735
-697
-653
-615
-603
-610
-633
-672
-698
-711
-731
-759
-777
-727
-553
-266
93
496
891
1242
1545
1794
2013
2216
2369
2454
2492
2522
2555
2585
2586
2558
2502
2396
2244
2054
1811
1500
1114
660
194
-227
-580
-867
-1087
-1228
-1283
-1274
-1201
-1074
-939
-816
-715
-621
-479
-265
-11
263
553
851
1166
1491
1800
2061
2215
2221
2087
1843
1555
1260
951
643
361
110
-105
-282
-432
-581
-758
-987
-1240
-1454
-1592
-1650
-1623
-1507
-1321
-1098
-871
-662
-475
-319
-219
-183
-191
-236
-311
-420
-561
-697
-804
-902
-994
-1071
-1138
-1191
-1222
-1237
-1238
-1223
-1224
-1249
-1266
-1240
-1149
-1012
-882
-793
-715
-624
-519
-401
-281
-192
-178
-238
-322
-377
-394
-407
-452
-535
-630
-714
-794
-869
-939
-1022
-1132
-1244
-1314
-1329
-1298
-1231
-1127
-986
-830
-660
-485
-341
-260
-248
-293
-361
-394
-319
-30
538
1309
2093
2727
3160
3412
3510
3478
3360
3211
3021
2771
2537
2459
2568
2736
2793
2673
2414
2055
1601
1087
558
36
-487
-974
-1313
-1414
-1315
-1160
-1051
-985
-918
-845
-784
-726
-662
-597
-512
-345
-34
404
869
1265
1559
1755
1867
1899
1853
1737
1561
1346
1145
1005
923
856
729
519
244
-62
-369
-656
-917
-1136
-1292
-1364
-1324
-1184
-983
-779
-615
-498
-421
-391
-413
-470
-528
-540
-489
-386
-256
-161
-166
-289
-509
-786
-1077
-1362
-1619
-1828
-1968
-2007
-1943
-1786
-1568
-1369
-1254
-1225
-1288
-1425
-1558
-1628
-1617
-1548
-1428
-1234
-980
-700
-434
-264
-254
-367
-555
-795
-1018
-1173
-1269
-1313
-1290
-1184
-1018
-846
-735
-725
-776
-810
-816
-806
-720
-563
-398
-233
-9
290
587
792
859
757
532
299
161
262
714
1412
2119
2684
3034
3180
3174
3053
2864
2635
2379
2124
1936
1910
2085
2342
2482
2421
2192
1823
1341
828
351
-85
-446
-687
-770
-647
-391
-165
-57
-67
-146
-230
-299
-320
-259
-164
-50
157
473
852
1218
1476
1564
1509
1375
1211
1071
999
972
943
909
850
738
591
377
67
-280
-611
-872
-1042
-1133
-1071
-867
-698
-588
-459
-397
-434
-522
-616
-636
-611
-611
-561
-436
-325
-253
-224
-280
-440
-739
-1138
-1503
-1802
-2011
-2060
-1993
-1911
-1838
-1768
-1751
-1806
-1934
-2121
-2311
-2479
-2547
-2433
-2158
-1834
-1507
-1201
-1016
-984
-1082
-1225
-1314
-1331
-1263
-1115
-958
-854
-799
-771
-748
-705
-676
-658
-647
-672
-681
-624
-526
-398
-221
7
270
518
698
804
797
661
489
348
296
430
853
1584
2450
3150
3469
3451
3248
2961
2662
2411
2282
2268
2273
2284
2408
2657
2822
2682
2201
1559
957
419
-40
-335
-420
-389
-349
-286
-139
57
108
-70
-323
-487
-502
-376
-138
202
578
875
1065
1227
1376
1426
1298
1012
720
569
601
764
951
1071
1087
988
755
441
121
-198
-522
-818
-970
-879
-602
-298
-83
18
6
-123
-298
-416
-433
-394
-348
-269
-115
73
208
224
86
-198
-596
-1022
-1372
-1602
-1713
-1737
-1697
-1619
-1539
-1514
-1612
-1844
-2161
-2493
-2727
-2767
-2613
-2348
-2087
-1878
-1725
-1636
-1634
-1711
-1812
-1871
-1872
-1840
-1744
-1533
-1265
-1066
-989
-969
-934
-883
-897
-1020
-1141
-1158
-1089
-967
-758
-442
-103
117
179
221
367
560
684
712
705
686
618
546
728
1386
2353
3196
3567
3480
3234
2998
2728
2499
2538
2837
3086
3048
2882
2908
3043
2853
2228
1526
1035
662
255
-48
-14
214
230
-11
-196
-196
-222
-455
-746
-838
-710
-509
-256
152
651
1024
1142
1086
1038
1077
1137
1152
1137
1133
1191
1299
1393
1428
1371
1167
771
256
-186
-413
-488
-579
-732
-847
-863
-811
-754
-695
-641
-671
-818
-946
-880
-614
-303
-78
54
120
120
73
36
20
-44
-212
-447
-670
-831
-948
-1068
-1217
-1398
-1612
-1842
-2040
-2150
-2159
-2127
-2137
-2171
-2166
-2119
-2109
-2193
-2296
-2308
-2211
-2056
-1818
-1504
-1264
-1257
-1445
-1593
-1545
-1368
-1211
-1100
-994
-922
-952
-1052
-1078
-961
-800
-708
-687
-669
-615
-519
-367
-151
106
338
485
577
675
789
869
865
856
1031
1524
2237
2898
3274
3335
3186
2901
2565
2369
2478
2798
3041
3040
2885
2731
2569
2294
1925
1592
1319
992
596
301
244
349
426
380
244
40
-223
-480
-614
-541
-319
-92
71
214
390
582
716
753
753
766
773
746
737
864
1148
1452
1651
1724
1682
1499
1179
797
470
244
70
-82
-214
-318
-394
-450
-495
-558
-669
-834
-1018
-1175
-1280
-1292
-1196
-1055
-953
-915
-892
-843
-781
-754
-768
-803
-861
-940
-1015
-1047
-1027
-1003
-1015
-1046
-1073
-1110
-1164
-1232
-1319
-1399
-1465
-1529
-1615
-1751
-1905
-2019
-2081
-2114
-2112
-2063
-1990
-1955
-1994
-2026
-1975
-1888
-1847
-1830
-1768
-1648
-1501
-1341
-1130
-863
-622
-461
-350
-247
-156
-83
0
136
316
483
614
729
820
874
889
865
813
741
690
796
1165
1720
2258
2598
2692
2599
2356
2053
1917
2088
2438
2738
2908
3024
3124
3085
2844
2580
2420
2219
1848
1431
1169
1094
1052
969
954
1001
876
473
-33
-424
-641
-746
-756
-627
-397
-215
-152
-123
-46
60
109
60
-30
-37
108
385
751
1186
1621
1909
1935
1729
1454
1234
1050
873
789
829
884
835
698
553
425
231
-92
-447
-749
-1029
-1290
-1437
-1412
-1282
-1189
-1238
-1377
-1518
-1665
-1817
-1919
-1948
-1939
-1931
-1923
-1869
-1724
-1537
-1404
-1336
-1297
-1283
-1297
-1337
-1390
-1403
-1368
-1351
-1372
-1382
-1375
-1402
-1498
-1640
-1744
-1775
-1804
-1868
-1920
-1923
-1901
-1861
-1802
-1735
-1661
-1570
-1437
-1237
-1023
-860
-742
-646
-572
-494
-332
-78
207
457
635
762
870
949
991
1016
1026
987
903
820
867
1166
1674
2185
2538
2715
2720
2538
2222
1996
2087
2429
2733
2905
3066
3225
3210
2949
2644
2515
2446
2174
1734
1389
1239
1132
966
848
850
801
500
18
-406
-653
-781
-836
-789
-638
-485
-431
-433
-396
-315
-245
-200
-135
-1
198
436
716
1034
1313
1472
1496
1422
1309
1180
1034
915
896
968
1026
993
871
699
484
191
-152
-455
-682
-877
-1042
-1119
-1081
-1011
-1015
-1119
-1261
-1415
-1612
-1818
-1948
-1978
-1951
-1917
-1880
-1816
-1724
-1666
-1680
-1730
-1762
-1765
-1770
-1779
-1739
-1617
-1477
-1397
-1358
-1322
-1334
-1444
-1604
-1691
-1670
-1646
-1698
-1751
-1723
-1668
-1645
-1611
-1532
-1462
-1469
-1530
-1525
-1392
-1196
-1009
-829
-654
-519
-440
-373
-241
-9
283
573
833
1073
1280
1411
1430
1370
1314
1291
1263
1254
1386
1715
2119
2396
2498
2526
2515
2354
2030
1784
1851
2144
2386
2502
2629
2810
2836
2569
2200
1994
1904
1710
1411
1218
1224
1261
1172
1024
929
806
520
123
-212
-398
-471
-469
-391
-248
-118
-66
-77
-103
-108
-86
-38
34
153
359
622
865
1041
1168
1253
1234
1072
857
707
638
585
556
603
692
694
540
291
3
-331
-696
-1005
-1191
-1285
-1351
-1383
-1353
-1320
-1373
-1501
-1647
-1784
-1911
-2005
-2023
-1944
-1821
-1722
-1652
-1606
-1582
-1570
-1569
-1594
-1625
-1634
-1631
-1619
-1580
-1492
-1357
-1244
-1237
-1321
-1426
-1542
-1688
-1821
-1862
-1784
-1652
-1551
-1492
-1436
-1406
-1457
-1559
-1611
-1568
-1465
-1334
-1156
-901
-629
-437
-331
-216
-64
80
199
337
543
807
1058
1251
1424
1569
1621
1569
1455
1340
1334
1515
1837
2194
2477
2633
2678
2586
2315
2010
1920
2076
2274
2366
2416
2557
2707
2634
2354
2136
2060
1929
1614
1269
1108
1096
1023
862
762
747
648
368
17
-263
-436
-526
-525
-418
-253
-118
-38
4
-5
-50
-54
14
115
227
382
600
824
959
995
1002
981
867
682
531
469
460
442
408
380
323
176
-52
-312
-571
-815
-1033
-1221
-1365
-1437
-1438
-1417
-1451
-1570
-1709
-1818
-1916
-2014
-2062
-2013
-1903
-1814
-1762
-1689
-1591
-1529
-1531
-1562
-1586
-1607
-1640
-1669
-1666
-1625
-1551
-1446
-1348
-1314
-1350
-1401
-1464
-1591
-1764
-1859
-1803
-1686
-1623
-1593
-1504
-1386
-1371
-1461
-1506
-1435
-1340
-1302
-1246
-1068
-804
-566
-376
-161
82
258
331
379
477
639
818
976
1121
1239
1284
1286
1372
1641
2045
2399
2578
2643
2682
2600
2331
2088
2163
2517
2803
2844
2857
3033
3130
2839
2350
2118
2185
2178
1906
1634
1605
1625
1396
1034
853
822
640
221
-196
-403
-464
-504
-477
-316
-136
-80
-136
-210
-275
-316
-273
-109
121
313
474
668
870
983
1001
1008
1014
938
776
620
547
528
488
435
405
354
214
0
-239
-492
-767
-1030
-1234
-1356
-1424
-1469
-1489
-1509
-1571
-1657
-1718
-1763
-1824
-1902
-1953
-1957
-1948
-1945
-1888
-1753
-1636
-1607
-1622
-1594
-1536
-1533
-1587
-1597
-1510
-1399
-1333
-1288
-1231
-1207
-1266
-1382
-1479
-1516
-1506
-1464
-1400
-1328
-1264
-1231
-1256
-1343
-1440
-1478
-1437
-1356
-1255
-1105
-906
-741
-670
-641
-568
-440
-312
-198
-41
197
466
696
873
1002
1086
1130
1183
1339
1675
2126
2532
2800
2942
2980
2877
2633
2431
2496
2778
2995
3031
3046
3149
3156
2865
2431
2192
2169
2053
1736
1463
1411
1402
1211
912
736
676
506
159
-171
-340
-415
-479
-483
-374
-226
-151
-163
-192
-220
-258
-248
-108
127
357
549
733
919
1041
1052
1019
1039
1073
1030
910
796
731
683
595
474
373
264
70
-208
-510
-787
-1029
-1238
-1408
-1502
-1541
-1588
-1663
-1749
-1831
-1903
-1963
-2013
-2028
-2002
-1961
-1922
-1861
-1764
-1645
-1547
-1512
-1517
-1502
-1461
-1436
-1439
-1433
-1376
-1287
-1233
-1245
-1280
-1284
-1275
-1303
-1372
-1438
-1453
-1434
-1450
-1510
-1536
-1489
-1431
-1433
-1490
-1515
-1468
-1400
-1350
-1272
-1121
-939
-792
-695
-611
-504
-371
-224
-52
155
381
604
808
974
1076
1132
1197
1369
1715
2152
2517
2767
2986
3184
3199
2942
2653
2691
3023
3240
3164
3091
3249
3361
3046
2464
2144
2188
2150
1782
1407
1348
1400
1189
772
503
444
316
-6
-315
-452
-503
-565
-549
-391
-221
-175
-205
-205
-213
-301
-377
-274
-8
246
417
589
802
962
967
874
812
811
798
753
734
772
816
793
694
567
428
234
-28
-310
-576
-818
-1033
-1195
-1274
-1303
-1363
-1492
-1658
-1809
-1932
-2038
-2127
-2172
-2140
-2065
-2006
-1970
-1908
-1797
-1685
-1633
-1619
-1564
-1464
-1386
-1353
-1303
-1212
-1140
-1134
-1169
-1212
-1278
-1366
-1409
-1364
-1314
-1341
-1403
-1437
-1479
-1598
-1741
-1782
-1701
-1614
-1593
-1557
-1434
-1286
-1213
-1194
-1124
-959
-766
-619
-487
-283
-3
254
418
531
683
875
1018
1081
1153
1308
1521
1766
2069
2421
2743
2939
3024
3042
2969
2805
2697
2805
3062
3242
3280
3305
3349
3247
2885
2449
2192
2084
1919
1664
1485
1434
1353
1120
828
602
407
148
-138
-342
-450
-513
-522
-436
-295
-190
-156
-153
-166
-218
-274
-241
-101
90
302
545
774
898
902
869
847
787
683
628
675
727
672
561
494
439
295
66
-131
-257
-400
-614
-827
-958
-1037
-1127
-1237
-1339
-1445
-1579
-1737
-1874
-1959
-2000
-2008
-1984
-1935
-1873
-1817
-1782
-1760
-1733
-1697
-1666
-1634
-1567
-1455
-1333
-1255
-1231
-1231
-1238
-1262
-1300
-1335
-1352
-1348
-1342
-1360
-1406
-1455
-1483
-1502
-1543
-1599
-1627
-1598
-1544
-1498
-1449
-1392
-1331
-1251
-1128
-978
-846
-738
-588
-368
-167
-52
67
298
575
735
778
870
1085
1284
1349
1430
1742
2238
2650
2840
2928
3045
3105
2954
2687
2605
2827
3140
3295
3309
3353
3419
3291
2887
2440
2178
2044
1854
1608
1463
1458
1416
1208
922
691
481
196
-131
-373
-482
-518
-520
-447
-282
-115
-50
-89
-155
-187
-178
-138
-52
121
383
641
784
788
738
711
683
584
455
411
454
466
367
225
134
68
-66
-263
-433
-556
-694
-868
-1019
-1119
-1194
-1267
-1308
-1311
-1350
-1474
-1619
-1696
-1718
-1748
-1786
-1770
-1683
-1597
-1584
-1618
-1629
-1596
-1544
-1498
-1455
-1389
-1295
-1220
-1211
-1258
-1302
-1307
-1302
-1327
-1371
-1383
-1357
-1338
-1347
-1363
-1379
-1413
-1460
-1491
-1497
-1517
-1555
-1542
-1451
-1355
-1317
-1268
-1116
-909
-783
-753
-693
-525
-335
-216
-102
113
384
573
645
708
842
988
1089
1227
1526
1961
2371
2637
2791
2912
2978
2904
2741
2687
2853
3114
3275
3312
3353
3421
3350
3042
2645
2374
2224
2030
1754
1539
1466
1412
1235
964
717
511
260
-50
-324
-487
-553
-560
-504
-380
-255
-203
-217
-213
-161
-117
-112
-68
107
363
540
578
600
710
819
782
637
569
631
656
519
335
274
288
208
4
-197
-324
-464
-698
-942
-1095
-1180
-1274
-1376
-1448
-1503
-1594
-1716
-1801
-1819
-1828
-1866
-1882
-1838
-1774
-1756
-1782
-1779
-1702
-1607
-1559
-1530
-1452
-1312
-1165
-1076
-1049
-1037
-1018
-1019
-1055
-1124
-1184
-1180
-1114
-1066
-1080
-1103
-1071
-1021
-1068
-1240
-1415
-1482
-1496
-1522
-1511
-1401
-1232
-1104
-1033
-955
-868
-835
-825
-713
-484
-268
-114
83
382
664
770
758
824
1000
1122
1136
1206
1490
1930
2299
2486
2600
2760
2885
2829
2612
2449
2513
2738
2900
2933
2981
3100
3121
2891
2502
2190
2046
1911
1684
1489
1430
1414
1294
1064
836
639
386
63
-213
-359
-440
-498
-462
-311
-146
-110
-182
-202
-128
-103
-183
-202
-17
271
449
485
554
733
845
745
546
440
426
364
214
98
96
100
-8
-180
-325
-464
-670
-933
-1163
-1313
-1434
-1555
-1618
-1590
-1564
-1622
-1731
-1810
-1839
-1884
-1963
-1991
-1914
-1792
-1711
-1671
-1619
-1532
-1452
-1421
-1417
-1383
-1297
-1184
-1092
-1056
-1050
-1032
-1018
-1061
-1151
-1228
-1243
-1226
-1225
-1234
-1226
-1213
-1233
-1280
-1338
-1413
-1493
-1525
-1477
-1384
-1312
-1243
-1117
-952
-839
-804
-755
-622
-444
-310
-208
-44
208
471
678
834
970
1080
1143
1162
1189
1286
1494
1809
2148
2413
2577
2690
2766
2739
2576
2398
2374
2520
2677
2738
2771
2861
2912
2757
2404
2057
1858
1725
1540
1351
1283
1308
1269
1094
870
680
474
196
-84
-256
-322
-346
-316
-169
41
163
150
111
114
80
-53
-166
-99
114
305
418
551
728
814
701
472
281
158
42
-73
-125
-102
-80
-123
-221
-342
-507
-733
-986
-1207
-1368
-1478
-1540
-1533
-1468
-1409
-1411
-1472
-1540
-1598
-1659
-1731
-1774
-1740
-1642
-1538
-1465
-1411
-1360
-1325
-1320
-1335
-1336
-1314
-1275
-1231
-1194
-1175
-1171
-1155
-1131
-1128
-1164
-1221
-1256
-1257
-1262
-1297
-1345
-1369
-1352
-1323
-1333
-1381
-1399
-1348
-1269
-1219
-1185
-1101
-947
-798
-721
-667
-552
-364
-163
7
167
368
596
776
885
966
1069
1188
1279
1333
1401
1535
1722
1930
2141
2336
2482
2569
2603
2573
2475
2362
2342
2450
2576
2607
2582
2593
2584
2417
2098
1799
1644
1549
1398
1239
1175
1163
1077
890
682
492
283
45
-146
-231
-257
-254
-183
-31
103
128
69
34
59
69
27
21
137
328
465
511
541
616
663
581
407
271
219
167
51
-80
-143
-154
-197
-297
-421
-571
-777
-1014
-1215
-1338
-1411
-1467
-1492
-1479
-1469
-1497
-1534
-1549
-1543
-1550
-1586
-1631
-1646
-1609
-1530
-1453
-1414
-1389
-1349
-1307
-1312
-1358
-1377
-1337
-1280
-1253
-1240
-1209
-1170
-1152
-1153
-1169
-1204
-1252
-1280
-1284
-1299
-1340
-1352
-1278
-1168
-1111
-1125
-1137
-1100
-1053
-1036
-1013
-923
-765
-596
-452
-317
-171
-28
81
170
277
418
563
695
833
987
1122
1204
1257
1357
1545
1789
2033
2241
2412
2547
2628
2625
2546
2478
2515
2655
2783
2808
2779
2772
2743
2572
2265
1973
1800
1676
1494
1282
1141
1076
972
774
526
300
97
-104
-290
-425
-510
-546
-509
-406
-293
-232
-202
-147
-70
-46
-87
-99
3
183
339
444
559
714
823
797
663
521
416
311
175
39
-45
-79
-109
-172
-271
-399
-562
-757
-965
-1164
-1336
-1466
-1536
-1549
-1540
-1537
-1533
-1514
-1498
-1520
-1585
-1645
-1657
-1630
-1594
-1549
-1466
-1342
-1215
-1132
-1105
-1105
-1107
-1109
-1121
-1133
-1107
-1032
-955
-937
-971
-992
-976
-976
-1031
-1104
-1121
-1100
-1119
-1182
-1222
-1193
-1140
-1122
-1127
-1103
-1052
-1016
-1003
-964
-862
-711
-558
-407
-238
-61
80
164
233
347
497
620
703
801
962
1135
1235
1262
1336
1532
1776
1949
2038
2146
2312
2437
2427
2345
2347
2460
2567
2582
2571
2609
2659
2613
2461
2292
2160
2038
1892
1738
1596
1449
1283
1108
933
739
522
320
159
16
-127
-242
-294
-296
-288
-285
-281
-272
-264
-246
-212
-180
-146
-72
60
194
278
333
408
487
489
411
333
302
271
192
90
17
-28
-84
-171
-279
-415
-581
-762
-935
-1104
-1263
-1375
-1420
-1431
-1455
-1494
-1511
-1502
-1509
-1554
-1607
-1632
-1629
-1615
-1589
-1532
-1439
-1333
-1243
-1177
-1129
-1097
-1096
-1123
-1149
-1146
-1118
-1080
-1032
-958
-885
-860
-888
-940
-993
-1064
-1146
-1204
-1205
-1167
-1121
-1062
-991
-929
-894
-875
-851
-815
-775
-705
-582
-429
-277
-126
38
200
324
412
499
599
693
767
852
969
1089
1180
1242
1289
1318
1333
1364
1449
1577
1712
1849
1999
2131
2184
2159
2127
2129
2128
2095
2081
2134
2212
2219
2149
2075
2018
1917
1747
1580
1462
1344
1170
982
850
757
637
491
379
300
188
29
-99
-147
-153
-169
-173
-130
-72
-51
-70
-84
-71
-47
-17
33
104
172
213
227
219
186
121
40
-33
-88
-130
-172
-215
-257
-306
-383
-494
-629
-763
-881
-992
-1090
-1158
-1179
-1168
-1158
-1167
-1191
-1218
-1252
-1307
-1379
-1440
-1468
-1461
-1435
-1395
-1331
-1248
-1177
-1153
-1180
-1225
-1254
-1265
-1270
-1267
-1229
-1151
-1067
-1017
-1003
-1011
-1033
-1086
-1172
-1249
-1268
-1218
-1134
-1046
-960
-870
-786
-741
-742
-752
-728
-660
-559
-431
-264
-67
109
237
336
418
483
542
636
776
912
1011
1105
1225
1324
1337
1296
1289
1313
1298
1246
1261
1386
1525
1601
1667
1781
1863
1812
1680
1602
1611
1617
1598
1649
1800
1927
1922
1833
1759
1686
1542
1346
1197
1134
1086
1004
929
889
846
757
632
494
344
185
57
-6
-34
-53
-40
32
99
83
1
-65
-90
-137
-232
-289
-239
-135
-73
-63
-58
-52
-94
-203
-321
-398
-443
-474
-487
-491
-509
-543
-577
-618
-693
-810
-923
-984
-1012
-1039
-1057
-1046
-1015
-1002
-1027
-1075
-1126
-1175
-1219
-1242
-1250
-1247
-1213
-1150
-1096
-1085
-1107
-1134
-1154
-1186
-1228
-1236
-1193
-1125
-1061
-994
-924
-867
-850
-879
-940
-1021
-1096
-1117
-1069
-986
-895
-787
-656
-555
-531
-563
-572
-529
-478
-436
-355
-200
-9
155
277
384
484
566
632
709
798
892
989
1095
1200
1270
1293
1289
1287
1276
1238
1187
1166
1197
1272
1341
1379
1403
1433
1454
1432
1360
1285
1265
1300
1339
1366
1408
1467
1507
1469
1366
1260
1186
1116
1032
958
919
902
870
810
745
689
610
495
374
281
230
201
179
179
202
210
174
106
39
-11
-52
-96
-125
-120
-116
-143
-196
-248
-298
-356
-427
-486
-522
-558
-610
-659
-691
-712
-734
-765
-805
-845
-882
-916
-939
-954
-961
-946
-910
-885
-895
-926
-959
-985
-1022
-1064
-1085
-1084
-1083
-1091
-1102
-1113
-1129
-1152
-1172
-1180
-1190
-1210
-1220
-1203
-1172
-1145
-1125
-1104
-1078
-1059
-1039
-1015
-987
-965
-937
-890
-841
-810
-782
-727
-635
-531
-451
-383
-297
-196
-109
-45
9
83
187
300
403
504
610
729
850
948
1016
1066
1104
1134
1155
1141
1102
1075
1084
1113
1120
1104
1100
1124
1133
1083
1005
963
972
988
988
997
1051
1129
1181
1189
1174
1158
1140
1110
1066
1035
1036
1052
1058
1043
1020
996
953
876
786
707
637
564
502
474
469
449
408
371
340
286
196
116
79
61
23
-24
-41
-37
-67
-149
-240
-302
-350
-413
-480
-519
-534
-559
-609
-659
-693
-735
-799
-859
-884
-879
-884
-898
-886
-843
-809
-819
-844
-848
-833
-840
-881
-917
-922
-906
-904
-922
-946
-961
-973
-995
-1036
-1089
-1127
-1141
-1144
-1155
-1165
-1158
-1130
-1109
-1103
-1100
-1090
-1067
-1036
-994
-950
-908
-864
-807
-743
-689
-651
-599
-512
-413
-340
-284
-212
-113
-23
28
69
143
242
323
378
443
543
653
729
783
844
912
952
958
951
950
941
914
893
895
904
893
873
863
854
820
758
700
671
654
636
633
670
729
780
807
819
832
834
823
816
830
860
887
911
950
1005
1044
1036
997
957
911
842
755
683
643
618
578
536
504
476
442
405
353
277
188
119
72
16
-67
-128
-126
-105
-130
-196
-249
-283
-347
-449
-529
-544
-537
-557
-582
-582
-576
-596
-632
-650
-656
-682
-718
-731
-719
-719
-735
-739
-726
-725
-750
-783
-808
-845
-906
-959
-987
-1001
-1017
-1027
-1024
-1018
-1023
-1033
-1037
-1051
-1086
-1118
-1124
-1117
-1108
-1076
-1003
-919
-866
-834
-782
-709
-663
-651
-627
-558
-476
-419
-379
-312
-217
-130
-74
-31
19
76
122
144
154
183
248
334
418
485
554
633
693
709
697
681
679
689
704
729
760
783
792
783
750
693
633
590
571
557
539
526
527
526
504
466
430
407
394
386
384
401
438
490
546
598
636
665
687
703
717
737
774
820
861
891
911
919
912
892
867
840
815
790
765
738
697
638
575
511
440
355
263
171
79
-26
-141
-242
-315
-374
-435
-497
-552
-600
-657
-726
-787
-821
-830
-826
-818
-804
-790
-785
-797
-814
-821
-815
-803
-784
-759
-736
-720
-714
-711
-705
-703
-709
-721
-734
-741
-743
-747
-751
-748
-737
-733
-750
-783
-808
-815
-814
-819
-813
-780
-732
-700
-690
-674
-626
-566
-524
-492
-448
-401
-371
-359
-335
-282
-213
-139
-59
27
99
144
175
204
222
231
250
289
339
385
427
475
518
543
562
586
603
596
571
556
558
549
516
489
498
528
532
502
475
477
483
448
379
328
324
337
326
302
309
351
391
396
382
380
391
405
420
441
469
509
552
585
595
590
593
612
622
614
607
615
629
619
598
590
587
562
518
479
446
395
322
257
217
185
139
92
57
17
-45
-118
-177
-222
-268
-313
-342
-354
-372
-399
-424
-442
-461
-485
-503
-511
-523
-545
-567
-575
-573
-573
-570
-551
-524
-510
-527
-560
-584
-597
-617
-641
-650
-644
-633
-629
-616
-599
-591
-592
-577
-537
-509
-517
-524
-500
-462
-454
-474
-468
-422
-375
-362
-357
-330
-285
-251
-232
-213
-191
-164
-128
-83
-58
-54
-49
-26
0
9
10
35
93
142
168
186
209
224
217
197
190
192
195
196
206
225
243
250
259
270
275
271
260
249
244
246
258
275
284
292
313
341
353
348
355
387
426
450
468
494
516
520
511
512
522
526
517
503
485
455
412
372
348
331
314
290
264
248
233
205
168
138
127
132
132
128
136
155
168
168
168
179
188
186
187
198
210
210
204
204
198
172
133
98
71
43
9
-29
-69
-106
-132
-154
-186
-227
-255
-259
-261
-288
-323
-340
-344
-365
-403
-427
-423
-408
-407
-410
-403
-390
-381
-376
-374
-380
-393
-404
-408
-411
-426
-443
-446
-434
-420
-413
-402
-390
-385
-401
-429
-448
-443
-421
-395
-367
-333
-293
-259
-237
-220
-207
-196
-190
-183
-167
-158
-158
-160
-160
-162
-167
-172
-167
-156
-155
-156
-141
-105
-58
-18
14
48
79
100
116
137
160
183
205
233
271
312
355
395
428
451
464
475
484
490
493
493
494
498
500
501
488
460
420
381
348
320
292
275
273
269
259
242
234
226
202
161
125
110
105
98
93
100
117
123
116
113
117
121
115
108
109
116
124
131
139
146
141
133
129
122
103
79
69
75
79
76
73
71
61
30
-5
-26
-36
-47
-58
-63
-59
-60
-72
-81
-84
-88
-94
-90
-67
-37
-12
7
29
46
45
28
9
-10
-35
-65
-82
-81
-80
-87
-100
-110
-127
-156
-191
-216
-229
-246
-267
-283
-287
-286
-290
-294
-295
-289
-283
-281
-281
-281
-276
-277
-281
-285
-288
-289
-296
-310
-324
-325
-317
-311
-304
-291
-277
-271
-275
-278
-263
-242
-226
-208
-176
-130
-91
-68
-48
-14
22
45
67
105
158
203
232
252
275
288
280
259
239
221
204
196
203
215
217
207
192
177
151
120
96
87
92
105
118
134
153
167
176
186
198
210
224
233
244
251
253
255
263
276
279
273
255
236
218
191
157
132
122
124
124
115
102
88
69
44
19
4
11
31
50
58
63
71
77
68
45
27
30
46
57
62
80
110
135
138
121
100
79
51
10
-28
-42
-31
-10
3
6
6
-2
-27
-65
-100
-121
-128
-129
-126
-113
-98
-95
-106
-119
-129
-138
-153
-162
-160
-155
-157
-160
-158
-157
-166
-180
-191
-200
-215
-236
-243
-234
-222
-221
-222
-206
-184
-174
-178
-176
-153
-124
-102
-88
-71
-50
-35
-31
-30
-21
-8
7
24
42
56
58
47
34
20
1
-26
-49
-53
-44
-37
-39
-33
-19
-1
-3
-21
-42
-59
-76
-92
-97
-85
-61
-38
-16
-3
-1
-19
-42
-54
-50
-41
-30
-7
33
67
73
60
51
52
52
43
41
57
86
109
125
142
165
185
202
211
214
219
224
231
234
233
233
241
253
258
255
252
257
265
268
264
260
259
259
248
226
207
196
188
172
150
133
125
119
101
76
57
40
14
-14
-34
-45
-54
-67
-75
-72
-76
-97
-125
-145
-157
-175
-194
-198
-182
-165
-159
-158
-150
-140
-146
-161
-172
-173
-176
-192
-207
-210
-204
-206
-213
-208
-187
-163
-149
-141
-128
-108
-90
-77
-64
-51
-37
-28
-24
-23
-21
-9
10
34
57
74
87
95
94
80
58
33
15
2
-7
-15
-21
-21
-16
-16
-25
-45
-70
-90
-107
-120
-125
-111
-80
-46
-22
-8
-1
-2
-12
-22
-19
-3
19
42
65
80
83
66
41
21
10
6
6
14
29
46
55
49
38
32
36
41
38
37
49
70
85
89
101
124
145
147
135
128
133
129
119
125
151
183
195
195
192
185
155
110
72
56
57
57
59
70
86
92
81
62
43
25
6
-9
-18
-21
-20
-21
-26
-36
-51
-68
-80
-86
-83
-74
-58
-40
-27
-23
-31
-52
-83
-108
-126
-138
-143
-138
-118
-94
-78
-68
-57
-44
-40
-46
-53
-51
-47
-45
-36
-14
12
32
44
52
51
33
4
-20
-29
-32
-32
-24
-7
9
6
-14
-39
-63
-91
-123
-147
-153
-153
-154
-156
-156
-156
-158
-159
-152
-141
-126
-106
-80
-55
-43
-36
-24
-4
12
24
42
73
103
114
110
105
106
104
99
99
108
120
128
131
122
110
95
86
84
84
83
89
102
112
111
102
97
98
97
91
85
82
80
77
69
62
56
55
54
50
43
26
5
-22
-55
-91
-122
-142
-146
-139
-130
-118
-102
-89
-87
-97
-111
-124
-140
-154
-160
-155
-143
-125
-99
-67
-38
-19
-8
1
7
3
-7
-9
-2
6
8
10
19
26
22
8
-3
-8
-15
-28
-39
-41
-29
-19
-11
0
16
31
39
39
38
43
50
51
54
60
66
72
75
82
95
105
110
114
115
110
89
60
30
7
-14
-35
-48
-51
-49
-52
-62
-74
-84
-95
-105
-110
-104
-91
-73
-52
-27
-3
14
26
36
44
47
44
40
43
50
61
72
85
99
111
119
116
104
89
79
70
62
59
63
76
87
97
104
109
104
94
79
63
51
43
45
55
70
84
93
96
87
64
32
-2
-36
-63
-82
-91
-95
-98
-97
-95
-94
-99
-104
-110
-117
-128
-142
-151
-153
-154
-152
-144
-128
-111
-99
-92
-80
-71
-62
-55
-45
-30
-14
-4
1
2
0
-6
-15
-20
-16
-11
-12
-13
-13
-12
-18
-32
-45
-53
-53
-54
-59
-62
-58
-51
-46
-42
-37
-25
-8
8
16
19
23
25
23
9
-6
-13
-12
-9
-3
14
39
61
75
88
95
92
72
46
24
6
-12
-27
-33
-25
-12
-4
6
19
35
46
54
60
69
76
82
91
96
96
93
94
97
97
90
88
91
95
97
96
98
103
104
98
92
90
90
85
82
83
83
77
68
56
41
27
16
7
2
6
13
22
23
13
-4
-21
-40
-66
-93
-110
-111
-102
-96
-94
-90
-84
-85
-96
-110
-123
-131
-137
-140
-139
-139
-135
-129
-125
-124
-129
-131
-131
-128
-126
-122
-107
-86
-63
-45
-28
-8
8
13
11
12
21
32
37
41
50
64
70
68
62
60
58
50
37
23
12
2
-9
-17
-24
-28
-29
-29
-27
-30
-34
-38
-40
-41
-46
-54
-61
-63
-61
-56
-47
-33
-15
7
22
30
25
10
-7
-22
-35
-43
-41
-28
-7
13
23
29
33
35
34
33
33
35
38
43
51
61
73
89
106
120
125
119
104
83
62
45
36
38
51
70
86
96
97
89
78
67
60
60
62
66
72
77
77
71
62
57
58
56
49
40
33
24
9
-8
-21
-27
-30
-37
-46
-56
-68
-85
-102
-115
-126
-135
-140
-140
-135
-129
-127
-126
-121
-118
-120
-125
-129
-128
-122
-112
-100
-84
-67
-50
-37
-30
-28
-29
-25
-19
-15
-13
-9
-2
7
13
15
16
18
16
12
4
-4
-8
-11
-8
0
13
25
35
45
53
54
54
50
49
50
48
43
40
42
46
51
55
66
80
89
91
89
87
81
69
59
54
56
59
59
60
61
62
55
46
36
24
9
-8
-24
-35
-44
-47
-42
-33
-24
-20
-17
-16
-20
-33
-49
-59
-60
-54
-46
-35
-16
7
28
42
52
59
62
64
63
64
69
77
91
108
123
135
141
141
136
124
105
85
67
53
40
27
17
12
10
8
0
-10
-20
-34
-51
-70
-87
-101
-110
-115
-116
-115
-114
-113
-111
-108
-106
-105
-105
-105
-107
-113
-122
-131
-135
-132
-121
-107
-90
-74
-60
-53
-54
-56
-57
-55
-46
-34
-20
-4
8
14
14
17
20
23
25
27
32
34
32
25
20
18
16
12
8
5
2
-4
-9
-13
-12
-6
2
10
14
13
11
5
0
-5
-6
1
11
26
42
56
64
68
70
72
73
70
63
59
59
51
38
25
19
15
12
9
10
14
21
24
23
21
16
9
0
-8
-13
-15
-13
-4
8
22
34
41
46
49
47
45
42
44
48
52
59
62
64
62
58
53
43
31
20
9
1
-10
-20
-30
-39
-44
-49
-51
-51
-52
-52
-52
-57
-64
-71
-79
-81
-80
-79
-73
-67
-61
-57
-54
-52
-52
-47
-45
-44
-43
-43
-44
-46
-46
-44
-39
-34
-29
-22
-15
-11
-10
-12
-13
-12
-10
-7
-5
0
2
1
-2
-8
-13
-15
-12
-6
0
6
11
13
12
7
3
0
5
13
26
40
51
61
66
65
57
48
42
38
36
37
39
43
44
46
45
42
42
41
41
42
42
38
31
25
20
14
10
9
11
12
11
10
9
8
9
9
9
9
9
4
0
-4
-8
-9
-10
-2
5
12
14
14
12
8
4
-1
1
8
20
32
44
55
62
64
60
54
48
42
37
35
34
33
32
31
27
22
16
9
0
-6
-12
-18
-25
-29
-29
-27
-27
-29
-29
-30
-35
-43
-51
-56
-56
-57
-57
-52
-48
-49
-53
-61
-68
-73
-75
-76
-73
-64
-57
-52
-46
-42
-40
-37
-31
-23
-16
-7
3
11
17
20
24
27
32
35
39
41
43
46
43
40
38
36
33
31
28
27
26
26
27
27
27
26
24
21
16
12
9
8
9
9
11
13
12
10
7
3
-2
-6
-10
-13
-14
-17
-17
-18
-18
-19
-20
-17
-15
-12
-7
2
13
24
33
43
53
59
64
65
68
74
79
83
88
93
93
89
80
70
60
50
45
41
41
39
33
24
13
-1
-17
-32
-45
-52
-59
-66
-72
-78
-84
-91
-101
-109
-115
-115
-114
-114
-111
-108
-105
-105
-103
-101
-97
-91
-84
-75
-65
-53
-44
-33
-24
-15
-6
-1
3
7
10
7
5
6
8
12
14
14
14
14
10
5
0
-1
-3
-1
1
0
-1
-6
-15
-22
-27
-31
-35
-34
-31
-26
-22
-19
-16
-14
-12
-14
-14
-15
-15
-15
-12
-9
-7
-2
0
3
5
5
5
5
6
7
8
10
12
14
17
21
25
30
35
40
46
49
51
53
52
51
49
49
49
47
49
51
52
51
48
45
39
34
25
16
10
5
2
4
6
10
17
22
23
22
20
14
11
11
13
18
26
37
45
47
45
41
35
27
19
11
6
6
5
5
4
1
-5
-12
-23
-33
-43
-52
-58
-63
-65
-66
-67
-65
-61
-60
-59
-56
-52
-45
-40
-36
-32
-28
-24
-19
-15
-10
-7
-4
-4
-1
6
14
23
27
27
22
12
-1
-14
-23
-25
-19
-12
-4
1
4
1
-7
-15
-24
-29
-34
-36
-36
-31
-21
-13
-5
-2
-2
-3
-3
1
8
15
20
24
27
32
37
44
51
59
62
62
61
60
63
71
79
86
86
74
54
32
22
25
41
59
69
64
45
17
-9
-19
-14
0
13
14
2
-21
-45
-60
-61
-50
-34
-23
-27
-41
-60
-71
-66
-47
-20
1
8
1
-17
-34
-38
-28
-4
24
48
61
60
54
46
44
48
54
59
57
49
36
22
14
15
20
21
13
-4
-25
-47
-63
-72
-74
-73
-71
-76
-82
-90
-98
-103
-104
-98
-88
-79
-72
-67
-65
-60
-53
-41
-28
-14
-1
10
18
24
30
37
42
46
50
51
50
47
40
36
32
30
28
23
17
7
-4
-13
-20
-24
-28
-32
-34
-35
-33
-30
-26
-18
-12
-9
-8
-7
-4
1
8
20
35
47
56
65
72
77
82
84
82
79
73
66
59
57
58
61
63
60
53
41
26
12
2
-3
-5
-7
-8
-9
-13
-16
-18
-21
-24
-27
-33
-39
-44
-45
-42
-35
-26
-16
-10
-4
-2
0
1
5
12
19
23
27
29
28
32
34
37
40
41
41
37
35
34
32
34
34
33
27
19
7
-7
-19
-28
-34
-37
-38
-41
-48
-58
-68
-78
-82
-82
-78
-73
-70
-68
-68
-71
-72
-71
-67
-58
-50
-44
-40
-38
-36
-34
-29
-22
-13
-6
-3
-3
-5
-5
-7
-5
0
4
4
3
1
-3
-8
-10
-11
-8
-6
-4
-2
-4
-5
-5
-3
1
5
10
14
16
17
18
19
21
24
29
33
37
43
49
54
57
59
61
62
60
57
54
51
49
49
50
51
51
51
46
41
35
26
18
14
12
14
18
21
24
23
19
13
3
-4
-12
-16
-18
-19
-14
-11
-8
-6
-5
-6
-10
-17
-24
-33
-39
-42
-41
-37
-32
-26
-24
-21
-22
-24
-23
-24
-22
-20
-20
-17
-15
-10
-4
3
11
15
19
20
19
17
15
12
11
9
7
4
0
-3
-8
-11
-13
-16
-20
-25
-31
-35
-40
-44
-45
-47
-47
-46
-46
-44
-41
-36
-33
-31
-32
-34
-37
-38
-37
-34
-29
-23
-17
-14
-11
-12
-12
-12
-11
-10
-8
-6
-4
-2
3
10
16
22
29
32
35
35
35
37
38
42
47
54
60
65
68
71
70
68
68
63
60
59
57
58
56
56
54
52
47
42
35
25
16
8
1
-2
-3
-5
-4
-5
-8
-11
-14
-17
-21
-24
-27
-28
-28
-29
-26
-21
-18
-14
-13
-14
-16
-19
-21
-22
-21
-19
-16
-14
-15
-16
-16
-18
-17
-17
-17
-19
-24
-29
-34
-36
-36
-35
-29
-26
-24
-23
-25
-28
-30
-31
-31
-30
-30
-30
-29
-29
-29
-28
-28
-27
-28
-29
-31
-35
-37
-38
-40
-40
-40
-41
-42
-43
-41
-38
-38
-35
-34
-32
-30
-28
-27
-22
-18
-11
-4
2
7
10
15
17
21
23
26
30
32
33
36
39
43
47
52
54
54
52
48
43
40
39
40
44
46
46
46
45
44
41
40
40
39
38
36
34
32
30
32
35
39
40
40
37
32
27
24
21
22
22
22
20
18
13
8
8
8
10
12
13
12
8
3
0
-1
0
5
7
9
9
8
5
1
-2
-5
-6
-6
-6
-8
-7
-9
-10
-12
-15
-16
-20
-25
-29
-32
-36
-38
-39
-38
-36
-36
-36
-34
-36
-40
-43
-44
-43
-41
-38
-33
-29
-25
-20
-17
-14
-10
-9
-8
-10
-9
-8
-5
0
5
7
9
10
10
9
7
7
8
7
7
6
4
2
1
2
2
3
3
3
3
3
3
5
5
6
6
6
6
7
10
14
18
21
23
22
20
19
17
17
17
18
18
18
19
20
20
20
21
21
19
16
12
9
8
8
9
12
12
11
8
6
4
3
3
3
3
2
1
0
-1
-1
-1
-3
-3
-4
-5
-4
-3
-2
1
3
3
4
3
1
1
1
3
4
6
8
9
9
7
5
2
0
-2
-5
-5
-7
-8
-11
-12
-14
-17
-20
-23
-27
-31
-32
-33
-33
-35
-35
-36
-34
-33
-33
-29
-25
-22
-20
-17
-15
-12
-9
-5
1
5
9
12
15
18
20
24
29
33
34
34
32
30
27
26
25
26
25
24
22
18
15
13
12
9
6
3
0
-3
-5
-4
-2
-2
-2
-2
-2
-3
-3
-4
-3
0
2
3
5
6
4
5
7
10
13
15
18
20
20
19
21
21
23
24
24
24
26
27
29
31
32
33
33
29
28
25
22
19
17
15
12
9
7
4
1
-2
-6
-11
-17
-21
-26
-28
-29
-28
-27
-27
-26
-28
-28
-28
-27
-27
-23
-20
-17
-14
-13
-12
-10
-7
-6
-4
-3
-4
-6
-8
-11
-12
-13
-15
-16
-20
-24
-29
-33
-37
-38
-38
-37
-38
-38
-38
-39
-37
-36
-31
-27
-23
-20
-17
-15
-11
-5
2
9
15
20
21
23
23
26
29
34
38
40
38
35
33
32
30
30
29
27
23
18
13
8
5
4
3
2
1
-1
-5
-6
-7
-7
-7
-6
-6
-7
-6
-5
-4
-3
0
2
3
5
5
5
5
5
6
9
11
13
14
14
14
15
18
20
23
23
24
25
25
26
26
25
24
23
21
18
15
11
6
1
-4
-9
-15
-20
-27
-33
-39
-45
-50
-52
-56
-58
-58
-58
-59
-58
-58
-54
-51
-47
-42
-36
-30
-25
-19
-14
-8
0
7
12
15
19
20
22
23
22
22
21
18
16
10
5
0
-4
-8
-11
-15
-19
-24
-28
-31
-32
-32
-32
-30
-28
-26
-23
-20
-16
-11
-6
-1
4
8
14
19
24
29
34
38
41
43
44
44
44
42
40
38
34
31
27
23
19
15
10
3
-2
-7
-11
-15
-18
-20
-21
-22
-22
-22
-23
-21
-20
-18
-15
-14
-10
-6
-3
3
7
13
19
24
29
33
38
42
46
50
52
53
54
57
58
60
61
63
63
63
59
56
52
49
45
41
38
32
27
20
14
8
3
-2
-9
-14
-20
-28
-36
-41
-47
-49
-53
-55
-58
-60
-62
-65
-67
-66
-63
-60
-56
-52
-49
-47
-43
-40
-34
-26
-19
-13
-7
-2
2
5
