SAMPLES:	16234
BITSPERSAMPLE:	16
CHANNELS:	1
SAMPLERATE:	16000
NORMALIZED:	FALSE
5
6
7
7
6
6
5
5
3
1
1
-1
-2
-3
-5
-6
-9
-11
-12
-14
-15
-17
-16
-16
-17
-16
-15
-13
-12
-12
-11
-11
-10
-7
-4
-1
0
2
4
5
7
8
10
10
12
14
14
14
15
14
14
13
12
12
12
13
13
12
13
12
11
11
11
10
10
11
11
12
13
12
14
14
13
15
17
17
17
18
18
18
17
18
17
17
18
17
17
17
16
15
14
12
9
8
6
4
3
0
-1
-3
-6
-6
-8
-10
-11
-12
-15
-15
-16
-16
-16
-16
-15
-16
-16
-14
-14
-13
-13
-12
-12
-11
-11
-9
-9
-8
-8
-8
-6
-5
-4
-4
-3
-3
-2
-1
-2
-1
-2
-3
-3
-4
-3
-4
-4
-4
-5
-4
-5
-4
-4
-4
-3
-2
-2
-1
-2
-2
-1
0
0
0
1
2
1
2
3
3
5
6
6
7
8
9
9
10
9
8
10
9
9
9
10
10
9
9
9
9
9
9
9
9
10
11
10
10
10
9
9
8
7
5
6
5
4
5
4
3
1
1
0
-1
0
-2
-2
-3
-3
-5
-7
-8
-9
-10
-12
-13
-12
-14
-14
-14
-14
-14
-14
-13
-15
-14
-13
-13
-12
-12
-11
-9
-9
-9
-8
-6
-6
-4
-4
-2
-2
-3
-2
-2
-2
-2
0
0
0
1
2
1
1
0
0
0
0
0
0
0
-1
0
0
-1
-3
-1
-1
0
1
0
3
3
4
4
4
5
7
8
9
8
9
10
10
10
9
9
9
9
9
9
8
8
7
6
5
5
3
1
0
-1
-2
-2
-3
-4
-3
-4
-2
-2
-1
-1
1
3
5
7
6
8
8
9
11
12
12
14
14
14
14
12
11
10
8
7
6
3
1
-1
-3
-6
-6
-8
-11
-12
-15
-16
-16
-16
-17
-16
-16
-15
-14
-12
-12
-9
-7
-5
-4
-2
1
3
5
7
8
10
11
10
10
10
10
7
7
5
4
1
0
-2
-7
-9
-12
-14
-17
-21
-23
-25
-27
-29
-30
-31
-32
-33
-33
-32
-30
-29
-27
-24
-22
-19
-16
-14
-12
-8
-6
-4
-1
1
3
7
8
10
11
11
13
12
13
12
12
12
11
9
8
7
5
4
1
-1
-3
-5
-8
-7
-8
-8
-9
-9
-9
-7
-8
-8
-8
-8
-6
-7
-4
-4
-2
0
1
4
7
8
10
11
12
14
14
15
16
17
16
16
14
15
14
13
12
13
11
11
10
9
9
7
7
6
6
6
4
5
4
4
3
3
3
3
3
3
4
5
7
8
8
8
7
8
6
4
4
1
1
0
-1
-3
-5
-6
-7
-9
-11
-12
-13
-13
-14
-14
-15
-15
-15
-15
-14
-13
-12
-11
-9
-7
-5
-3
-1
1
3
5
7
8
10
12
13
15
16
16
17
16
15
15
14
12
11
10
7
6
3
1
0
-2
-3
-2
-3
-4
-5
-5
-5
-4
-4
-4
-2
-2
1
3
4
6
6
9
10
11
12
13
14
16
15
14
16
13
12
11
9
8
6
4
1
-1
-2
-4
-6
-8
-10
-11
-14
-15
-15
-16
-18
-18
-18
-18
-18
-18
-15
-15
-13
-11
-10
-8
-8
-6
-5
-4
-2
-3
-1
2
2
1
3
2
1
2
0
0
-1
-1
-2
-3
-3
-5
-7
-7
-11
-10
-10
-12
-12
-13
-12
-12
-12
-10
-10
-10
-7
-7
-5
-3
-4
-1
-1
-2
2
2
2
5
4
4
5
4
4
3
2
1
-1
-1
-3
-6
-7
-10
-10
-11
-14
-15
-18
-19
-20
-22
-20
-22
-22
-21
-21
-19
-17
-16
-14
-11
-9
-6
-4
-1
2
5
9
11
13
14
16
18
21
22
22
24
24
24
22
22
20
18
17
13
12
10
7
7
4
1
0
-3
-3
-4
-4
-3
-4
-3
-3
-4
1
1
1
4
5
9
11
11
16
18
20
22
26
28
29
28
27
26
27
26
26
24
22
20
17
15
12
8
4
2
-4
-7
-8
-13
-14
-17
-20
-20
-21
-20
-23
-22
-22
-23
-21
-22
-21
-19
-20
-16
-14
-13
-11
-9
-8
-7
-5
-5
-4
-3
0
1
2
4
5
5
4
4
5
4
3
3
2
2
2
0
1
0
-1
0
-2
0
0
-1
0
0
3
3
4
6
6
8
9
11
12
12
13
13
13
13
13
13
13
12
12
12
11
10
11
8
8
8
6
8
7
7
7
6
7
4
5
4
3
4
2
3
3
2
5
4
5
6
6
9
9
10
10
12
11
11
11
10
9
7
5
3
0
-3
-5
-8
-11
-15
-17
-22
-23
-24
-28
-29
-31
-32
-33
-35
-33
-35
-33
-34
-35
-33
-34
-34
-32
-32
-31
-29
-27
-25
-23
-21
-17
-13
-11
-7
-3
1
6
8
11
14
15
18
18
19
19
18
19
17
16
15
14
12
11
10
9
9
7
6
7
7
9
10
10
11
11
13
15
15
15
16
17
16
18
21
20
23
24
23
26
26
29
29
30
31
30
31
30
28
26
24
21
17
15
11
7
5
1
-1
-2
-5
-7
-7
-8
-6
-6
-5
-3
-1
0
3
3
6
8
10
13
14
15
17
18
19
19
17
18
16
15
13
11
10
7
6
4
1
-1
-5
-8
-11
-15
-17
-21
-24
-26
-29
-31
-33
-33
-34
-34
-34
-34
-31
-32
-30
-27
-25
-22
-21
-18
-15
-14
-13
-11
-11
-10
-11
-10
-10
-11
-11
-12
-12
-14
-14
-14
-15
-15
-16
-16
-16
-17
-16
-16
-16
-15
-15
-16
-15
-14
-14
-12
-11
-10
-8
-7
-5
-3
-2
1
3
6
9
11
14
16
18
19
19
20
19
19
20
20
21
22
21
22
22
23
21
20
20
18
19
19
18
19
19
19
19
19
18
16
14
11
9
8
5
5
5
6
6
6
6
3
0
-3
-6
-10
-13
-15
-17
-16
-18
-18
-19
-20
-21
-24
-27
-30
-33
-34
-35
-35
-34
-33
-30
-27
-25
-24
-24
-24
-23
-22
-20
-19
-16
-11
-7
-3
2
5
7
10
11
12
11
13
13
14
16
18
21
25
25
24
23
21
21
18
16
15
13
14
14
15
16
18
18
19
17
16
13
11
11
10
10
10
13
15
17
19
20
18
17
15
13
11
9
8
9
10
10
11
10
7
6
2
-2
-6
-9
-10
-11
-12
-13
-11
-8
-6
-4
-4
-4
-4
-5
-5
-6
-6
-4
-2
2
7
11
14
15
15
13
10
6
3
0
-1
-1
-1
1
1
0
0
-3
-6
-10
-16
-20
-23
-24
-24
-24
-21
-20
-16
-14
-14
-13
-13
-15
-17
-18
-18
-19
-17
-13
-7
-2
5
11
15
17
16
13
10
8
6
8
10
15
20
26
29
32
31
28
22
17
12
8
6
7
11
15
19
22
25
23
20
15
8
2
-4
-9
-12
-13
-13
-9
-6
-3
0
0
-1
-5
-11
-16
-21
-25
-25
-23
-18
-11
-3
4
8
9
7
3
-2
-7
-12
-13
-10
-5
1
8
15
19
20
17
11
5
-2
-8
-12
-15
-13
-13
-11
-9
-7
-8
-11
-15
-22
-28
-35
-40
-43
-43
-41
-35
-29
-23
-17
-14
-12
-9
-12
-14
-15
-16
-14
-9
0
9
20
30
37
42
43
41
35
29
24
20
20
21
25
29
35
37
40
38
31
22
12
3
-4
-9
-13
-11
-7
0
7
12
15
14
11
4
-6
-16
-22
-23
-22
-18
-11
-1
9
14
15
9
1
-8
-19
-31
-39
-41
-37
-27
-18
-10
-3
2
3
-3
-12
-26
-34
-39
-40
-36
-27
-12
5
21
33
37
37
33
24
11
-1
-8
-8
0
11
24
39
53
61
62
55
38
20
3
-12
-23
-29
-25
-12
2
16
26
31
31
21
5
-16
-35
-49
-55
-56
-48
-33
-15
4
21
31
32
25
14
-1
-19
-32
-37
-35
-24
-8
9
28
42
50
50
41
26
9
-8
-22
-32
-33
-28
-14
1
14
26
34
35
27
15
-1
-16
-28
-36
-37
-31
-19
-6
8
19
28
29
26
17
3
-10
-21
-27
-29
-27
-20
-11
-2
4
8
10
7
0
-11
-23
-32
-40
-43
-41
-38
-32
-25
-16
-6
-2
-2
-8
-13
-17
-20
-21
-18
-15
-9
1
10
19
22
24
23
20
15
11
10
8
5
5
14
24
30
32
29
27
20
15
11
4
-2
-6
-7
-2
6
11
15
15
14
11
12
10
7
1
-3
-2
4
15
23
29
34
34
32
32
29
26
19
11
9
11
14
14
12
11
10
12
13
7
-2
-17
-29
-34
-34
-30
-29
-28
-26
-26
-22
-20
-23
-28
-34
-37
-30
-24
-19
-19
-19
-19
-20
-15
-3
4
6
4
1
1
-1
-6
-8
-2
1
8
13
15
11
0
-6
-6
-6
0
8
9
7
5
3
2
0
-6
-6
0
7
11
13
12
4
-4
-6
2
11
18
18
7
-2
-10
-15
-8
-4
-1
10
20
19
18
9
-4
-12
-21
-15
-3
6
13
10
3
1
3
6
13
14
13
16
6
-6
-1
-7
-16
-7
-2
29
54
40
30
13
4
-1
-17
-26
-16
-7
0
20
15
11
14
-7
-14
-10
-24
-23
-17
-23
-22
-32
-15
-10
-41
-28
-30
-25
1
-17
-30
-28
-43
-62
-37
-6
-13
-15
-10
-4
12
11
-14
-29
-23
-10
-12
4
5
2
32
18
10
26
15
0
0
10
-5
22
46
28
17
-12
-8
26
36
3
-11
22
32
-5
-12
14
-5
-6
-18
-17
21
35
14
-25
7
-9
-16
19
-30
-16
-31
-41
26
22
28
33
1
0
-12
-32
15
37
26
-5
-36
30
46
13
16
8
15
26
-11
-27
24
14
-17
-45
-19
29
17
27
-4
-5
32
1
-11
-20
-20
-5
17
30
14
-14
38
59
2
41
8
22
50
-21
51
24
-11
54
9
-6
10
-44
15
67
-25
-13
3
-54
-50
-92
-43
8
-36
13
-23
-134
-49
17
-53
-42
-17
-14
0
-56
-36
82
17
-44
-95
33
138
-21
108
69
-34
-18
-28
174
61
59
85
-86
68
75
-35
111
138
-64
-26
19
-68
32
85
-29
-9
33
-57
-49
-5
-29
-65
22
-6
-162
-30
98
-55
-40
26
-66
-17
34
-116
-54
50
-71
-36
67
27
-1
-11
-44
-32
20
77
6
-97
-2
29
21
85
13
20
28
-44
-47
29
12
-16
21
-12
-2
-43
-2
77
29
-38
-59
-37
-23
17
10
-48
-22
15
-29
-62
129
86
-163
-18
66
-6
-3
-34
-23
10
-20
-35
86
46
13
21
-109
51
-13
-44
30
-131
35
89
-29
-15
61
37
-58
11
-3
-12
65
26
-4
32
3
16
136
-83
-69
132
-38
32
100
-74
94
65
-128
55
11
18
43
-29
117
-57
-82
116
-25
-8
33
-69
6
45
-41
-41
-75
-76
8
-1
-19
-1
17
-31
-44
-12
-5
2
-33
-67
89
49
-54
109
55
-35
88
15
-67
69
7
-9
97
-54
-9
71
-42
93
-15
-108
111
139
21
37
85
8
-55
-71
-18
133
41
-1
44
-58
-12
2
-31
-32
-78
-27
-31
-46
-24
15
77
-105
-36
48
-105
3
62
-30
-6
73
-11
6
28
-54
62
37
-67
87
108
-20
-46
102
35
-104
-18
33
-4
-63
42
124
-19
22
10
-122
32
68
-56
-3
-41
-77
65
-20
-104
28
-5
-142
-20
5
-47
8
-74
-126
-16
-17
-59
7
-18
-83
-52
-24
-1
47
-57
-68
57
18
-35
-1
35
38
57
-8
-16
14
-66
0
22
-37
11
16
8
36
34
-46
-16
0
-20
59
14
-44
51
33
13
72
6
12
39
22
16
10
36
66
109
41
-35
12
-41
-65
19
-14
-10
72
8
-37
26
10
-17
-4
5
11
65
48
15
47
18
-24
-24
-25
-9
25
-47
30
20
-127
100
39
-88
50
-92
-100
-20
-96
-54
75
-17
-48
19
-79
-33
88
38
-40
87
48
9
121
36
55
113
14
-17
110
101
-37
39
-61
-106
47
-42
4
134
10
-59
3
11
-57
52
-8
-114
27
-5
-24
-26
-79
-50
40
7
-69
-43
47
29
-71
-24
-52
-16
42
-32
21
1
-19
8
-49
6
20
-58
-5
31
0
2
39
37
35
107
-5
4
76
-29
-10
2
3
54
43
-19
-16
15
-47
-107
-95
-32
39
-55
-17
55
-9
-46
-77
-19
23
11
-16
44
44
-86
30
92
-59
3
40
31
129
63
-27
57
-2
-63
-20
-26
42
15
-3
-19
-27
0
-78
-76
-102
-94
-72
-64
-3
-8
46
11
-63
-32
15
-29
-27
49
71
100
26
27
122
42
8
30
45
127
83
25
84
-4
3
29
-140
-23
50
-76
-10
29
-40
59
38
0
-14
-196
-127
-120
-144
-15
-32
29
7
-106
-13
-29
-136
-56
-32
-6
97
13
87
100
-15
105
33
21
53
-19
18
78
54
-46
33
67
-9
0
-23
-63
44
13
-36
54
-17
-13
46
-144
13
-33
-84
95
-76
-21
-45
-109
-73
-16
40
42
83
8
-7
48
2
33
118
65
-62
12
132
6
-19
-22
-112
0
-6
-64
56
52
24
87
13
-64
84
27
-80
121
-114
-133
190
-3
13
-7
-74
-47
-66
61
-37
71
153
-15
33
23
-61
-58
-6
-64
-43
-101
-76
21
0
86
-138
-144
41
64
121
29
-70
67
-82
-121
79
39
-69
46
42
-54
192
-9
25
38
-93
145
-5
-41
138
-22
-9
47
-164
-3
104
-32
75
122
-137
18
86
-282
2
98
43
192
78
47
-28
-31
-108
-216
59
-69
-97
109
-68
119
16
-159
31
42
-68
9
-46
-87
-30
-64
-80
-60
15
-11
-8
20
-3
37
41
13
101
-56
-12
106
109
132
-109
-4
327
152
55
118
23
-69
-62
-238
-183
45
-95
89
-8
-52
234
-35
-74
64
-167
-57
-49
-202
48
98
-84
47
-77
-254
124
71
-96
124
-20
33
108
-171
84
109
-104
-34
8
68
-59
-64
0
-3
0
-144
-26
116
-49
-92
106
-41
-128
14
93
-65
80
177
-73
82
82
13
86
31
-42
161
127
10
12
-19
2
-63
-49
-116
-63
75
-57
-119
-103
-111
-61
75
26
-15
61
-135
16
179
-13
-11
232
132
-86
-49
15
179
200
-57
52
283
-164
-284
-87
-248
-221
-12
-56
-129
214
-142
-323
205
255
96
5
153
215
313
135
-130
-145
-107
76
-50
-152
183
216
164
33
-61
67
-130
-163
-228
-200
43
43
-15
-51
23
97
-39
-260
-151
61
-90
-79
127
70
42
-44
8
218
-48
60
166
-315
180
306
-187
286
-88
-321
259
-30
-124
183
-35
-129
350
127
-206
108
52
-157
-160
20
-115
27
147
-107
161
170
-72
-28
-19
-179
93
116
-236
24
53
-99
102
-125
-237
86
47
81
202
-145
-109
140
-94
-211
-213
-242
-29
141
152
-6
45
135
-255
-290
14
-134
-41
204
-17
94
101
-149
84
189
-134
24
35
-100
180
-96
-192
152
37
-76
86
46
-28
170
98
-187
36
10
-97
35
-78
-42
107
-13
-126
2
28
-161
77
227
-86
112
278
76
30
26
-94
37
39
-122
-27
-15
-62
-62
-92
-215
-199
-19
-69
-69
84
88
146
112
-24
93
59
-19
91
5
-22
89
-46
-86
40
69
112
48
8
74
87
68
-54
-253
-191
-22
30
127
146
10
-6
-75
-122
-90
-193
-148
44
66
52
109
-22
-132
-113
-99
-135
-26
52
113
140
23
94
122
70
-30
-109
-61
15
41
37
-53
-25
85
-69
-72
139
107
-3
2
-7
26
-18
-3
-51
-88
-44
-77
-38
-120
-204
-130
-119
-118
-74
-80
-47
50
116
82
-35
-57
101
80
-18
35
51
145
90
-28
36
139
325
250
31
-5
43
48
-43
-109
-63
12
-69
-101
23
-72
-90
-62
-108
-11
-53
-85
-117
-159
-70
14
1
200
318
182
239
295
282
291
156
48
78
55
-54
-128
-49
-8
-24
-20
-107
-161
-53
-51
-134
-100
-126
-132
-18
-54
-89
-92
-112
-49
-8
2
35
31
-63
-63
-54
-70
-21
-25
-45
-15
-40
-54
-39
-75
-72
-91
-138
-118
-92
-53
-13
-27
-39
-27
-64
-32
-12
-25
43
51
51
50
2
7
24
7
3
-30
-56
-30
-36
-78
-65
-111
-116
-99
-108
-53
-31
-55
-66
-59
1
59
38
52
63
33
44
47
27
20
-3
6
21
56
69
67
33
18
57
55
92
89
77
90
59
41
75
66
83
104
96
103
109
122
116
110
89
92
72
44
41
72
104
100
112
123
113
127
104
85
72
37
38
32
11
-11
-20
-35
-23
4
4
-6
-4
-39
-59
-93
-119
-150
-166
-148
-158
-149
-165
-150
-144
-111
-87
-103
-42
-31
-13
2
-19
-20
-42
-91
-112
-138
-163
-149
-160
-142
-133
-115
-86
-69
-12
38
87
143
187
216
275
325
362
377
354
353
383
363
366
365
352
358
372
381
403
448
485
515
544
584
592
611
629
618
603
593
605
593
558
504
461
474
468
425
409
429
440
422
390
377
383
375
308
235
210
142
93
36
-22
-41
-77
-114
-133
-149
-152
-143
-167
-191
-176
-204
-283
-335
-420
-490
-536
-611
-634
-696
-762
-801
-908
-1026
-1161
-1318
-1456
-1581
-1654
-1723
-1837
-1857
-1849
-1929
-1992
-2032
-2114
-2160
-2217
-2266
-2346
-2528
-2637
-2573
-2350
-1993
-1556
-1137
-664
-37
791
1773
2666
3337
3874
4289
4612
4814
4828
4627
4215
3607
2921
2309
1807
1370
884
322
-194
-548
-736
-806
-910
-1031
-1156
-1253
-1216
-1052
-844
-598
-375
-193
58
429
865
1266
1527
1641
1691
1751
1784
1737
1586
1274
917
583
265
56
-142
-345
-451
-501
-523
-479
-356
-288
-242
-211
-252
-197
-117
-75
40
106
190
362
530
645
762
825
784
730
584
402
265
36
-219
-404
-668
-804
-849
-983
-1027
-1045
-1101
-1110
-1110
-1154
-1140
-1139
-1198
-1221
-1258
-1262
-1232
-1266
-1300
-1327
-1382
-1443
-1533
-1665
-1834
-2041
-2212
-2364
-2507
-2597
-2656
-2741
-2790
-2850
-2918
-2934
-3014
-3101
-3001
-2784
-2436
-1963
-1491
-995
-453
393
1721
3131
4211
5037
5709
6259
6743
6813
6494
5932
5008
3944
2864
1830
1064
457
-302
-1071
-1517
-1602
-1404
-1179
-1134
-1092
-1003
-867
-605
-311
-81
185
411
586
932
1429
2000
2477
2665
2709
2800
2877
2785
2454
1931
1270
584
-82
-672
-1092
-1458
-1728
-1983
-2137
-2048
-1748
-1401
-1234
-1091
-909
-658
-374
-121
83
234
399
514
652
882
1107
1265
1249
1139
1094
1131
1105
979
771
512
332
213
74
1
-40
-128
-225
-278
-250
-106
62
122
155
245
391
550
673
682
662
624
559
467
347
225
82
-161
-448
-647
-783
-875
-1046
-1279
-1449
-1531
-1554
-1563
-1602
-1641
-1624
-1617
-1594
-1502
-1422
-1372
-1375
-1458
-1494
-1479
-1502
-1567
-1754
-2008
-2179
-2311
-2494
-2716
-2985
-3255
-3482
-3683
-3897
-3970
-3830
-3547
-3118
-2527
-1832
-1062
-267
656
2007
3564
4821
5668
6304
6829
7288
7368
6880
6126
5164
4051
2905
1699
750
110
-595
-1366
-1850
-1944
-1669
-1261
-1127
-1027
-785
-473
-42
332
535
867
1167
1324
1596
1937
2389
2735
2746
2589
2460
2342
2125
1691
964
256
-338
-960
-1451
-1818
-2047
-2099
-2127
-2098
-1871
-1420
-932
-606
-422
-198
109
385
528
550
576
616
649
667
678
725
790
687
488
390
363
360
287
64
-98
-47
37
132
252
381
520
625
676
744
877
951
895
749
608
586
628
585
383
230
134
32
2
-104
-230
-339
-477
-645
-755
-794
-808
-813
-909
-994
-949
-876
-814
-791
-854
-916
-930
-955
-1037
-1105
-1212
-1342
-1484
-1681
-1797
-1873
-1989
-2171
-2399
-2542
-2621
-2716
-2885
-3117
-3252
-3309
-3393
-3457
-3491
-3486
-3322
-3037
-2591
-1973
-1307
-609
62
681
1307
2250
3465
4532
5211
5586
5945
6242
6379
6053
5302
4377
3288
2224
1157
226
-440
-1007
-1585
-1984
-1957
-1595
-1037
-589
-369
-58
384
772
1172
1425
1472
1542
1555
1551
1639
1761
1833
1730
1447
1165
1056
887
538
45
-560
-1022
-1317
-1538
-1668
-1754
-1729
-1566
-1318
-955
-466
58
430
637
773
982
1199
1238
1122
897
668
524
374
237
118
-11
-137
-283
-397
-409
-351
-360
-432
-529
-472
-190
96
307
515
756
1001
1265
1455
1514
1509
1353
1105
850
599
437
291
66
-133
-196
-137
-36
31
10
-50
-104
-180
-217
-278
-371
-433
-544
-622
-586
-513
-469
-475
-532
-603
-634
-665
-761
-936
-1168
-1370
-1518
-1652
-1739
-1795
-1888
-1994
-2082
-2135
-2178
-2270
-2429
-2630
-2783
-2863
-2909
-2914
-2872
-2802
-2716
-2649
-2573
-2447
-2338
-2223
-1990
-1647
-1231
-768
-414
-95
344
847
1685
2838
3826
4515
5038
5490
5825
5976
5600
4818
3929
2823
1769
885
49
-564
-1019
-1509
-1705
-1435
-928
-329
135
383
691
1068
1337
1538
1608
1493
1408
1394
1421
1559
1730
1791
1725
1583
1434
1330
1133
731
160
-433
-919
-1300
-1567
-1764
-1907
-1912
-1740
-1462
-1048
-587
-208
95
238
334
490
614
577
393
174
36
18
16
19
34
55
57
83
144
157
188
133
-64
-186
-176
-58
110
231
318
479
705
879
1047
1124
1034
941
764
540
456
350
208
118
33
29
166
279
294
346
332
272
252
150
-6
-142
-328
-519
-618
-684
-726
-765
-851
-908
-931
-941
-961
-1018
-1102
-1205
-1244
-1258
-1271
-1260
-1299
-1380
-1453
-1484
-1514
-1597
-1670
-1792
-1951
-2097
-2221
-2262
-2292
-2361
-2428
-2442
-2446
-2412
-2364
-2401
-2443
-2511
-2569
-2453
-2169
-1774
-1329
-928
-547
-42
692
1769
3047
4147
4850
5343
5854
6252
6382
5939
4977
3920
2759
1615
641
-205
-870
-1379
-1805
-1965
-1549
-892
-313
110
338
619
1072
1457
1642
1659
1488
1351
1347
1421
1559
1657
1604
1389
1159
995
874
660
164
-501
-1120
-1525
-1707
-1811
-1896
-1960
-1879
-1571
-1113
-614
-153
202
403
467
525
631
666
511
203
-105
-318
-369
-367
-471
-599
-666
-657
-631
-580
-502
-476
-486
-537
-496
-248
74
316
488
666
929
1261
1473
1525
1500
1409
1250
1096
938
816
770
676
589
583
681
838
917
849
726
640
508
302
55
-210
-429
-581
-699
-767
-735
-653
-547
-465
-392
-266
-169
-155
-248
-347
-432
-539
-660
-821
-989
-1119
-1248
-1394
-1528
-1712
-1882
-2019
-2198
-2353
-2439
-2487
-2502
-2476
-2425
-2348
-2224
-2099
-2054
-2065
-2092
-2087
-2049
-2069
-2212
-2360
-2298
-2076
-1711
-1314
-940
-535
-92
540
1454
2685
3840
4531
4943
5319
5654
5808
5516
4662
3613
2594
1585
740
41
-510
-879
-1192
-1376
-1078
-423
147
578
814
965
1265
1596
1747
1736
1551
1331
1318
1322
1324
1357
1236
978
684
449
237
-31
-470
-1018
-1524
-1847
-1976
-2003
-1951
-1908
-1720
-1323
-832
-349
68
413
617
741
761
729
698
529
229
-64
-237
-301
-310
-393
-517
-523
-464
-444
-464
-536
-610
-638
-709
-758
-675
-503
-343
-189
-4
399
1091
1668
1953
2147
2297
2305
2276
2019
1426
1024
606
-6
-316
-516
-701
-599
-609
-742
-395
12
152
419
500
379
542
588
393
361
214
-36
-62
-170
-326
-291
-402
-672
-824
-955
-1093
-1156
-1285
-1492
-1591
-1584
-1545
-1457
-1419
-1438
-1439
-1429
-1462
-1543
-1620
-1749
-1861
-1903
-1957
-1962
-1858
-1840
-1909
-1944
-2029
-2080
-2089
-2241
-2419
-2444
-2477
-2462
-2275
-2044
-1676
-1222
-890
-454
368
1523
2891
4109
4869
5526
6201
6577
6539
5952
4934
3797
2541
1197
47
-863
-1569
-2055
-2420
-2415
-1862
-1116
-480
38
441
876
1362
1619
1724
1711
1542
1439
1430
1442
1499
1540
1444
1304
1172
1016
821
443
-142
-766
-1295
-1680
-1891
-2043
-2166
-2112
-1820
-1314
-722
-169
315
726
1016
1164
1206
1180
1050
724
309
-45
-235
-305
-399
-513
-597
-545
-424
-349
-350
-411
-444
-508
-599
-633
-573
-467
-397
-314
-88
298
694
1066
1384
1638
1826
1961
1928
1693
1459
1050
548
172
-227
-526
-641
-812
-898
-685
-497
-286
44
169
258
461
508
486
572
458
319
337
221
169
196
43
-124
-201
-398
-603
-741
-1022
-1292
-1481
-1700
-1843
-1837
-1858
-1876
-1776
-1703
-1615
-1479
-1410
-1396
-1394
-1463
-1566
-1602
-1658
-1732
-1759
-1829
-1911
-1923
-1974
-2132
-2298
-2436
-2516
-2496
-2409
-2327
-2195
-1911
-1545
-1127
-715
-322
259
1176
2313
3481
4445
5074
5619
6065
6140
5790
5034
3996
2807
1532
339
-627
-1350
-1881
-2229
-2323
-2039
-1371
-631
10
519
925
1371
1744
1965
2060
1985
1856
1784
1753
1759
1802
1764
1604
1395
1170
957
680
232
-354
-933
-1368
-1610
-1735
-1788
-1726
-1511
-1131
-658
-144
334
710
953
1031
999
918
778
494
89
-299
-589
-762
-901
-1030
-1151
-1200
-1154
-1097
-1041
-987
-903
-835
-811
-769
-621
-360
-121
93
311
550
886
1290
1639
1867
1995
2068
2077
1951
1743
1453
1067
651
228
-95
-274
-368
-413
-414
-381
-227
42
238
377
513
571
597
638
599
539
457
299
184
72
-53
-149
-305
-525
-697
-840
-972
-1059
-1149
-1232
-1263
-1240
-1184
-1109
-1054
-1017
-1007
-1070
-1160
-1285
-1460
-1665
-1876
-2068
-2243
-2366
-2432
-2468
-2503
-2503
-2482
-2493
-2531
-2566
-2620
-2680
-2646
-2554
-2385
-2124
-1838
-1464
-969
-454
31
593
1230
2066
3104
3974
4530
4924
5190
5208
5011
4439
3539
2596
1566
548
-309
-1008
-1488
-1704
-1792
-1717
-1263
-602
43
631
1102
1475
1871
2179
2324
2392
2299
2159
2081
2008
1930
1868
1726
1426
1100
769
431
67
-414
-983
-1462
-1770
-1927
-1929
-1851
-1680
-1357
-898
-414
41
463
771
951
971
867
734
555
259
-95
-406
-635
-742
-799
-853
-877
-830
-745
-668
-607
-580
-532
-495
-487
-427
-281
-108
52
242
480
819
1185
1431
1553
1692
1811
1784
1670
1402
1055
751
409
66
-164
-301
-399
-402
-397
-342
-93
147
255
368
449
486
605
653
598
574
516
452
438
391
287
221
74
-176
-365
-585
-846
-1074
-1343
-1624
-1753
-1810
-1864
-1830
-1830
-1819
-1700
-1599
-1582
-1575
-1581
-1639
-1675
-1761
-1847
-1831
-1819
-1848
-1875
-1883
-1881
-1833
-1826
-1910
-2043
-2267
-2476
-2522
-2399
-2210
-2000
-1790
-1533
-1093
-539
61
740
1586
2555
3433
4078
4592
5042
5247
5112
4556
3741
2907
2029
1149
273
-516
-997
-1174
-1253
-1128
-710
-208
316
801
1196
1572
1932
2103
2129
2091
1964
1935
1920
1790
1657
1566
1436
1263
1070
768
429
60
-415
-923
-1363
-1689
-1886
-1961
-1979
-1824
-1483
-1048
-558
-103
291
630
894
996
958
841
651
377
48
-252
-472
-587
-682
-763
-773
-704
-611
-552
-523
-531
-531
-554
-633
-689
-663
-572
-499
-425
-275
-39
194
397
616
860
1107
1280
1414
1527
1578
1547
1439
1258
1054
915
714
461
319
234
194
226
229
260
395
467
528
617
602
584
566
407
241
149
-13
-160
-280
-467
-583
-650
-761
-820
-856
-928
-919
-913
-963
-926
-893
-950
-1010
-1077
-1204
-1314
-1408
-1546
-1673
-1770
-1833
-1875
-1961
-2074
-2107
-2105
-2165
-2234
-2277
-2319
-2340
-2321
-2375
-2520
-2646
-2751
-2756
-2613
-2402
-2115
-1716
-1255
-670
74
833
1796
2999
3986
4603
5054
5360
5500
5366
4664
3672
2720
1711
779
-15
-757
-1184
-1259
-1295
-1106
-555
88
773
1343
1679
2025
2379
2507
2509
2388
2090
1900
1780
1570
1376
1183
929
667
391
48
-282
-631
-1055
-1482
-1812
-1990
-2008
-1913
-1802
-1575
-1149
-609
-43
458
844
1143
1381
1443
1351
1188
928
592
183
-237
-537
-697
-893
-1114
-1243
-1295
-1228
-1175
-1206
-1217
-1159
-1081
-1004
-894
-745
-501
-232
2
297
727
1176
1514
1764
1923
2107
2326
2360
2153
1894
1618
1256
936
576
207
42
-133
-369
-410
-375
-307
-102
-38
-34
190
369
445
581
591
544
606
551
440
430
289
103
-5
-247
-490
-612
-825
-1056
-1198
-1372
-1496
-1486
-1527
-1605
-1625
-1662
-1680
-1673
-1725
-1776
-1768
-1791
-1811
-1776
-1740
-1668
-1619
-1663
-1726
-1724
-1712
-1782
-1927
-2107
-2261
-2484
-2788
-3064
-3215
-3147
-2930
-2675
-2336
-1805
-1110
-248
590
1397
2538
3764
4651
5204
5587
5881
6058
5772
4937
4055
3154
2188
1279
358
-407
-818
-1085
-1279
-1133
-786
-329
184
511
805
1192
1524
1721
1841
1799
1748
1807
1784
1726
1651
1521
1352
1169
889
549
244
-134
-569
-1044
-1424
-1602
-1667
-1736
-1788
-1649
-1348
-961
-598
-301
-5
295
483
487
470
426
308
127
-122
-323
-367
-365
-499
-626
-662
-625
-560
-596
-670
-677
-645
-668
-686
-636
-494
-286
-139
25
330
736
1083
1331
1552
1770
1968
2039
1949
1767
1579
1339
1019
705
415
206
78
-59
-161
-111
8
108
240
319
369
486
543
501
468
417
342
312
246
165
147
99
4
-99
-247
-384
-464
-619
-841
-993
-1120
-1242
-1323
-1424
-1532
-1574
-1623
-1708
-1761
-1806
-1859
-1888
-1941
-2014
-2012
-1966
-1921
-1851
-1792
-1737
-1661
-1632
-1654
-1687
-1752
-1855
-2001
-2201
-2449
-2716
-2856
-2758
-2518
-2259
-1992
-1630
-1034
-238
528
1269
2220
3340
4297
4871
5220
5555
5714
5441
4752
3879
2974
2060
1139
230
-538
-1017
-1273
-1401
-1303
-965
-477
78
559
967
1395
1800
2077
2204
2176
2095
2095
2033
1822
1594
1396
1187
952
647
277
-64
-394
-773
-1192
-1549
-1720
-1768
-1804
-1810
-1633
-1255
-806
-403
-66
307
697
972
1059
1053
1010
871
613
270
-65
-338
-561
-824
-1080
-1206
-1228
-1214
-1229
-1222
-1130
-974
-821
-655
-421
-157
135
404
660
990
1365
1645
1814
1964
2052
2122
2130
1949
1683
1451
1171
832
537
230
2
-104
-253
-352
-289
-189
-98
56
147
253
469
605
675
751
787
816
861
752
580
462
236
-29
-280
-579
-846
-1027
-1271
-1503
-1589
-1681
-1752
-1760
-1771
-1751
-1653
-1585
-1596
-1606
-1622
-1571
-1489
-1458
-1409
-1294
-1181
-1110
-1058
-1086
-1135
-1212
-1387
-1592
-1763
-1932
-2131
-2307
-2494
-2641
-2752
-2925
-3068
-3018
-2761
-2398
-1997
-1611
-1111
-377
448
1242
2137
3245
4301
5056
5522
5886
6173
6123
5570
4655
3651
2626
1623
623
-361
-1100
-1506
-1724
-1740
-1455
-989
-399
201
659
1111
1611
1975
2138
2121
1939
1812
1778
1609
1337
1101
918
762
590
338
82
-156
-463
-801
-1104
-1282
-1320
-1332
-1383
-1335
-1074
-699
-314
-10
218
465
708
811
764
685
546
302
-23
-339
-563
-715
-882
-1065
-1158
-1122
-976
-839
-771
-665
-477
-274
-103
64
224
406
574
715
939
1223
1455
1586
1678
1737
1759
1729
1561
1280
951
639
441
357
250
133
131
206
348
514
589
629
663
572
484
488
391
260
141
-72
-175
-112
-107
-133
-128
-215
-264
-251
-353
-467
-575
-779
-961
-1074
-1211
-1261
-1268
-1375
-1409
-1344
-1323
-1303
-1271
-1315
-1355
-1378
-1473
-1545
-1600
-1708
-1821
-1906
-1975
-1981
-1967
-2032
-2067
-2043
-2023
-1976
-1925
-1942
-1949
-1889
-1887
-1981
-2107
-2154
-2027
-1784
-1511
-1193
-776
-216
524
1293
2061
3039
4069
4762
5100
5332
5490
5406
4872
3942
2970
2065
1192
394
-289
-799
-1035
-1059
-949
-599
-84
439
866
1148
1369
1631
1816
1792
1660
1482
1352
1331
1296
1187
1085
1008
865
680
465
221
-34
-366
-755
-1076
-1230
-1259
-1238
-1234
-1173
-917
-553
-235
-14
143
261
347
331
217
117
14
-154
-347
-458
-463
-401
-369
-412
-426
-365
-280
-234
-272
-341
-331
-267
-203
-57
181
446
714
953
1187
1468
1702
1769
1687
1537
1402
1266
1055
817
648
548
504
513
561
680
785
779
712
639
575
500
353
144
-28
-149
-201
-205
-236
-249
-215
-196
-193
-185
-210
-263
-350
-503
-643
-729
-806
-895
-994
-1095
-1160
-1182
-1218
-1296
-1420
-1537
-1639
-1784
-1944
-2059
-2116
-2152
-2176
-2155
-2038
-1879
-1754
-1644
-1573
-1528
-1480
-1445
-1456
-1491
-1547
-1602
-1614
-1645
-1721
-1816
-1896
-1952
-1985
-1914
-1683
-1356
-1058
-715
-219
380
1065
1962
3083
4099
4746
5131
5475
5708
5592
5016
4115
3162
2207
1255
432
-165
-541
-782
-921
-857
-478
61
526
793
917
1076
1281
1397
1405
1388
1319
1252
1289
1368
1455
1502
1403
1145
808
459
145
-204
-661
-1107
-1444
-1607
-1534
-1335
-1175
-977
-687
-406
-133
104
251
313
254
73
-73
-112
-113
-124
-234
-354
-294
-163
-172
-251
-313
-415
-526
-619
-680
-626
-456
-254
-19
320
786
1278
1603
1778
1926
2011
1976
1823
1550
1247
1031
812
551
440
541
645
633
620
638
632
601
509
287
83
9
-84
-203
-207
-133
-95
-95
-76
-25
16
1
-84
-245
-416
-517
-615
-736
-800
-836
-909
-959
-977
-1035
-1123
-1215
-1350
-1539
-1717
-1812
-1869
-1966
-2056
-2088
-2118
-2125
-2069
-2029
-2020
-1975
-1928
-1890
-1805
-1693
-1565
-1444
-1384
-1357
-1340
-1360
-1392
-1480
-1683
-1862
-1948
-2027
-2041
-1906
-1634
-1233
-750
-222
413
1121
1913
2925
3957
4694
5175
5495
5586
5432
5032
4332
3449
2557
1681
822
170
-127
-273
-457
-513
-349
-137
121
439
628
679
792
965
1087
1251
1507
1689
1728
1778
1830
1734
1552
1312
849
224
-282
-664
-1027
-1290
-1416
-1474
-1437
-1224
-937
-707
-500
-289
-196
-202
-133
-14
56
104
149
151
183
299
358
287
161
34
-170
-427
-620
-772
-898
-960
-943
-871
-679
-335
80
487
860
1203
1450
1634
1816
1915
1862
1726
1539
1320
1157
1005
844
743
614
453
379
327
225
177
149
80
88
145
188
251
302
291
274
264
229
179
85
-23
-130
-254
-330
-333
-366
-449
-499
-574
-701
-810
-918
-1095
-1301
-1462
-1612
-1759
-1847
-1899
-2010
-2147
-2212
-2242
-2254
-2215
-2176
-2184
-2166
-2090
-2008
-1903
-1766
-1656
-1611
-1553
-1468
-1444
-1473
-1520
-1632
-1788
-1879
-1886
-1781
-1591
-1461
-1346
-1138
-936
-779
-499
-49
478
1001
1679
2810
4109
5033
5563
5849
5800
5457
4877
4004
3102
2313
1420
530
81
85
120
23
-40
-19
-87
-160
-69
26
58
182
388
657
1178
1855
2325
2505
2546
2463
2136
1644
1148
613
-11
-580
-1003
-1278
-1288
-1112
-1038
-1087
-1069
-999
-991
-1000
-932
-789
-692
-617
-409
-65
300
603
759
722
635
521
285
-6
-199
-336
-569
-780
-784
-635
-527
-433
-353
-389
-397
-311
-199
7
380
700
919
1233
1636
2069
2397
2491
2377
2146
1787
1380
1080
823
593
369
119
-16
62
215
272
265
201
121
59
8
39
135
195
142
85
118
231
302
226
63
-156
-393
-605
-763
-858
-897
-959
-1107
-1224
-1244
-1228
-1274
-1413
-1615
-1826
-1995
-2106
-2150
-2176
-2232
-2317
-2405
-2449
-2398
-2311
-2291
-2300
-2242
-2108
-1944
-1730
-1471
-1297
-1350
-1530
-1712
-1980
-2210
-2218
-2181
-2192
-1989
-1693
-1531
-1138
-462
39
334
727
1153
1657
2677
4049
5014
5386
5678
5800
5424
4983
4645
3947
2967
2187
1389
623
457
608
377
-122
-385
-561
-822
-824
-450
-137
-32
280
750
1199
1858
2574
2802
2611
2420
2097
1591
1191
951
619
105
-352
-658
-881
-1008
-1050
-1234
-1566
-1785
-1899
-1894
-1639
-1214
-822
-505
-239
4
304
554
650
612
469
262
92
51
130
231
237
142
-44
-260
-378
-463
-628
-792
-908
-990
-880
-518
-59
434
886
1194
1443
1686
1842
1997
2167
2144
1943
1790
1692
1526
1348
1164
842
417
96
-132
-359
-364
-136
-49
-95
47
243
254
286
356
249
83
36
19
3
109
236
180
-36
-206
-312
-528
-784
-934
-1097
-1374
-1584
-1649
-1724
-1816
-1892
-2061
-2326
-2481
-2518
-2623
-2689
-2602
-2549
-2585
-2521
-2372
-2234
-1999
-1761
-1685
-1627
-1473
-1410
-1492
-1490
-1502
-1742
-2026
-2125
-2156
-2142
-1881
-1579
-1447
-1272
-895
-500
-192
242
786
1408
2444
3924
5029
5411
5786
6091
5701
5011
4623
4207
3562
3033
2514
1976
1679
1459
898
111
-444
-870
-1402
-1754
-1501
-972
-637
-248
338
896
1351
1770
1953
1897
1860
1735
1474
1328
1426
1478
1274
956
621
251
-245
-783
-1246
-1611
-1878
-2064
-2057
-1843
-1503
-1207
-1010
-829
-679
-577
-519
-405
-207
32
257
430
642
892
1038
984
798
578
297
-39
-347
-499
-491
-472
-442
-310
-117
57
200
317
439
679
950
1113
1322
1654
1900
1930
1914
1896
1742
1493
1198
901
698
614
525
417
435
479
417
276
134
59
17
-62
-173
-198
-189
-246
-298
-344
-388
-419
-515
-696
-817
-828
-917
-1060
-1099
-1108
-1183
-1287
-1387
-1568
-1758
-1927
-2171
-2367
-2405
-2432
-2593
-2710
-2724
-2743
-2708
-2594
-2446
-2313
-2176
-2051
-1901
-1687
-1486
-1341
-1283
-1248
-1219
-1217
-1197
-1120
-1046
-1064
-1069
-1113
-1161
-1041
-839
-724
-561
-111
418
1186
2469
3751
4358
4479
4715
4826
4632
4433
4389
4318
4070
3819
3546
3417
3331
2871
1996
1084
458
-138
-632
-802
-732
-694
-827
-814
-618
-354
-174
-135
-184
-220
-31
206
469
874
1243
1334
1189
1090
988
883
727
413
86
-112
-216
-363
-425
-408
-533
-827
-1157
-1355
-1454
-1472
-1471
-1479
-1373
-1182
-967
-762
-494
-228
-80
3
67
195
356
519
643
702
802
954
1081
1087
1086
1086
976
865
837
882
933
987
981
898
872
839
746
597
474
383
299
298
369
498
591
598
576
547
509
462
458
406
300
248
145
-12
-84
-141
-358
-583
-707
-907
-1098
-1174
-1265
-1380
-1423
-1477
-1586
-1580
-1527
-1537
-1544
-1556
-1591
-1605
-1590
-1631
-1652
-1612
-1633
-1693
-1687
-1577
-1486
-1431
-1360
-1265
-1139
-1059
-1073
-1123
-1060
-969
-1017
-1117
-1107
-979
-924
-971
-995
-947
-878
-838
-807
-754
-585
-384
-269
-161
40
370
808
1181
1257
1262
1521
1857
1965
1895
1937
2159
2405
2550
2679
2955
3285
3384
3230
3217
3380
3276
2874
2591
2515
2394
2147
1873
1733
1673
1419
1020
742
552
261
-135
-487
-666
-761
-986
-1200
-1168
-1098
-1169
-1224
-1213
-1221
-1226
-1226
-1235
-1153
-1048
-1054
-1055
-931
-792
-765
-762
-708
-646
-593
-502
-346
-176
-18
86
164
290
402
417
397
423
444
451
455
472
549
627
618
588
625
667
674
672
683
731
795
853
924
1020
1086
1090
1051
1000
970
920
855
830
826
790
750
759
772
765
704
582
452
350
239
86
-47
-162
-296
-461
-632
-797
-959
-1120
-1316
-1527
-1685
-1787
-1885
-1968
-1994
-2009
-2026
-2039
-2070
-2108
-2124
-2103
-2068
-2042
-2028
-1979
-1887
-1811
-1740
-1675
-1659
-1645
-1603
-1610
-1651
-1589
-1487
-1490
-1516
-1402
-1248
-1228
-1242
-1185
-1121
-1057
-936
-777
-552
-263
-21
329
944
1462
1560
1615
2031
2529
2671
2560
2627
2974
3303
3396
3393
3601
3892
3818
3511
3530
3740
3568
3103
2813
2802
2747
2404
2008
1831
1651
1215
776
548
398
134
-314
-680
-754
-836
-1162
-1416
-1452
-1546
-1725
-1830
-1828
-1768
-1691
-1657
-1604
-1441
-1290
-1248
-1219
-1099
-999
-1002
-1002
-964
-920
-833
-692
-555
-419
-272
-139
16
176
305
426
543
622
688
770
844
926
979
993
1011
1017
984
974
1026
1039
1001
978
1003
1033
1052
1102
1165
1216
1247
1271
1271
1255
1229
1137
1008
892
769
595
444
368
246
88
-13
-89
-207
-293
-350
-469
-567
-648
-763
-854
-906
-991
-1094
-1169
-1271
-1350
-1410
-1505
-1574
-1643
-1776
-1895
-1942
-2032
-2120
-2148
-2223
-2291
-2284
-2262
-2263
-2178
-2051
-1984
-1897
-1766
-1635
-1539
-1426
-1328
-1280
-1208
-1162
-1163
-1142
-1061
-1025
-1017
-933
-859
-812
-743
-576
-345
-102
217
608
922
1062
1283
1686
2028
2220
2347
2518
2797
3180
3406
3451
3621
3750
3553
3325
3395
3454
3285
3086
2911
2797
2724
2524
2212
1991
1763
1349
956
724
555
325
10
-239
-361
-535
-834
-1063
-1228
-1420
-1556
-1639
-1698
-1662
-1554
-1500
-1430
-1267
-1185
-1225
-1242
-1177
-1115
-1087
-1055
-1030
-981
-919
-863
-799
-727
-666
-632
-565
-433
-216
44
264
492
719
859
937
1075
1192
1210
1248
1255
1192
1208
1310
1327
1304
1314
1201
1037
980
947
886
865
860
827
861
958
1059
1125
1108
1067
986
830
714
691
593
396
250
95
-99
-242
-379
-564
-744
-899
-1067
-1190
-1248
-1270
-1290
-1356
-1411
-1445
-1518
-1589
-1591
-1587
-1631
-1654
-1678
-1727
-1744
-1736
-1752
-1809
-1879
-1960
-2055
-2116
-2098
-2045
-2023
-1982
-1940
-1939
-1876
-1748
-1671
-1629
-1568
-1550
-1545
-1473
-1383
-1305
-1230
-1152
-1023
-826
-543
-105
399
690
743
896
1337
1804
1974
2017
2244
2627
3037
3367
3593
3884
4126
3969
3731
3885
4047
3837
3509
3267
3166
3132
2909
2582
2424
2168
1647
1239
1042
884
667
307
-37
-134
-256
-622
-914
-1057
-1255
-1476
-1633
-1730
-1742
-1729
-1801
-1819
-1685
-1574
-1588
-1596
-1496
-1355
-1228
-1092
-928
-770
-686
-648
-560
-427
-376
-422
-478
-503
-444
-328
-257
-152
69
201
212
374
657
826
907
986
1045
1150
1318
1434
1520
1612
1595
1460
1384
1399
1383
1295
1160
1059
1022
974
900
893
896
799
694
639
597
612
634
518
395
387
300
113
-17
-159
-378
-561
-729
-920
-1037
-1130
-1266
-1367
-1432
-1539
-1634
-1691
-1745
-1744
-1728
-1771
-1803
-1785
-1793
-1801
-1746
-1725
-1776
-1820
-1845
-1883
-1881
-1854
-1909
-1992
-2013
-2026
-2041
-1988
-1906
-1856
-1804
-1760
-1708
-1574
-1400
-1295
-1250
-1151
-952
-702
-459
-143
243
478
535
706
1122
1543
1755
1818
1973
2371
2832
3106
3269
3534
3739
3668
3602
3810
4067
4080
3896
3700
3638
3623
3379
2990
2697
2390
1928
1484
1222
1081
896
523
140
-45
-222
-521
-793
-988
-1159
-1273
-1405
-1548
-1527
-1479
-1590
-1703
-1699
-1712
-1780
-1837
-1841
-1735
-1568
-1444
-1353
-1233
-1099
-989
-877
-743
-592
-483
-433
-351
-178
3
83
163
312
386
345
352
472
623
758
832
883
1038
1235
1344
1402
1520
1608
1531
1410
1428
1525
1527
1471
1405
1309
1236
1155
1024
922
849
663
429
299
240
195
106
-7
-67
-138
-288
-391
-412
-495
-593
-687
-845
-963
-1008
-1126
-1285
-1347
-1412
-1543
-1651
-1720
-1758
-1778
-1810
-1856
-1906
-1972
-2015
-1994
-1965
-1930
-1894
-1895
-1908
-1878
-1824
-1801
-1782
-1785
-1859
-1930
-1884
-1769
-1746
-1767
-1726
-1643
-1569
-1482
-1343
-1132
-841
-519
-158
235
560
769
984
1349
1757
1962
1986
2091
2375
2695
2934
3115
3314
3428
3289
3103
3179
3394
3429
3276
3083
2990
2998
2917
2764
2678
2511
2129
1732
1505
1415
1343
1106
738
499
335
61
-200
-364
-539
-739
-945
-1145
-1208
-1151
-1209
-1358
-1414
-1426
-1473
-1527
-1586
-1583
-1528
-1525
-1527
-1443
-1359
-1335
-1290
-1198
-1049
-866
-736
-503
-90
192
359
698
1103
1300
1313
1302
1368
1495
1495
1410
1458
1465
1319
1171
1034
912
772
561
397
397
445
434
469
509
506
500
428
407
485
509
518
553
546
492
406
219
19
-96
-259
-435
-552
-699
-828
-926
-1125
-1361
-1552
-1788
-1989
-2065
-2102
-2110
-2134
-2263
-2404
-2493
-2623
-2689
-2617
-2568
-2483
-2337
-2334
-2382
-2293
-2204
-2186
-2086
-1916
-1750
-1531
-1255
-1068
-1092
-1218
-1206
-1080
-1023
-913
-665
-378
24
470
891
1562
2395
2723
2429
2306
2669
3182
3628
3983
4335
4533
4375
3951
3564
3472
3416
2992
2414
2187
2205
1925
1387
852
255
-341
-849
-1182
-1180
-935
-787
-1010
-1380
-1498
-1424
-1394
-1234
-714
-212
33
262
488
686
896
981
917
992
1281
1547
1705
1766
1709
1413
900
484
311
276
251
156
-98
-428
-675
-930
-1136
-1186
-1213
-1283
-1243
-806
-123
283
271
107
88
302
793
1364
1756
2103
2206
1854
1552
1633
1752
1557
1266
1066
902
828
722
437
-36
-568
-1018
-1327
-1284
-931
-741
-977
-1367
-1590
-1688
-1642
-1385
-1118
-1018
-998
-986
-1029
-984
-847
-903
-1109
-1170
-1047
-976
-1016
-1148
-1451
-1886
-2319
-2486
-2328
-2076
-1901
-1936
-2190
-2528
-2756
-2771
-2521
-2082
-1829
-1812
-1760
-1623
-1452
-1279
-1201
-1214
-1114
-934
-775
-429
51
227
30
-49
291
1060
2293
3568
4054
3634
3135
2969
3040
3540
4275
4600
4363
3908
3336
2729
2469
2333
1792
1085
758
766
663
414
65
-626
-1461
-1869
-1693
-1218
-632
-211
-410
-933
-1090
-878
-525
35
642
920
949
1015
1107
1202
1301
1255
1032
905
1057
1291
1319
1086
676
104
-415
-547
-393
-229
-164
-331
-751
-1121
-1173
-1060
-882
-618
-466
-407
-94
586
1168
1276
1191
1166
1256
1624
2202
2580
2641
2540
2145
1596
1419
1553
1476
1128
776
439
130
-63
-220
-538
-967
-1255
-1401
-1440
-1214
-908
-989
-1385
-1616
-1646
-1598
-1335
-1045
-1029
-1184
-1319
-1431
-1481
-1374
-1295
-1457
-1728
-1827
-1747
-1760
-1890
-2077
-2460
-2845
-2832
-2504
-2227
-2027
-2029
-2484
-2930
-2941
-2716
-2422
-2078
-1858
-1824
-1678
-1433
-1294
-1151
-988
-841
-692
-465
-146
169
434
590
761
1224
2245
3469
3990
3743
3395
3318
3444
3805
4348
4683
4737
4404
3609
2896
2708
2732
2402
1925
1661
1445
1156
759
278
-255
-725
-992
-1085
-897
-489
-295
-638
-1160
-1318
-1200
-932
-457
39
282
318
295
160
168
432
593
560
548
643
612
423
201
-80
-316
-446
-485
-479
-478
-509
-775
-1227
-1544
-1547
-1349
-1124
-884
-721
-674
-653
-509
-57
786
1688
2006
1863
1866
2060
2312
2623
2957
3073
3029
2921
2483
2089
2032
1813
1235
710
543
456
318
145
-294
-835
-1161
-1273
-1282
-1139
-864
-833
-1238
-1643
-1672
-1594
-1550
-1440
-1446
-1646
-1801
-1809
-1980
-2162
-2074
-2173
-2493
-2614
-2509
-2538
-2831
-3129
-3431
-3625
-3473
-3113
-2946
-3058
-3120
-3263
-3548
-3471
-2973
-2594
-2298
-1688
-1360
-1476
-1296
-987
-1005
-1000
-530
20
398
946
1438
1827
2619
3686
4181
3811
3519
3862
4350
4785
5261
5442
5159
4709
4091
3389
3254
3650
3544
2740
2109
1770
1309
817
400
-16
-378
-537
-618
-727
-599
-408
-672
-1165
-1243
-856
-411
-33
298
349
199
173
168
217
532
843
756
397
192
78
-151
-358
-585
-862
-1069
-1221
-1419
-1653
-1750
-1823
-2058
-2233
-2133
-1898
-1700
-1528
-1426
-1391
-1201
-791
-210
549
1341
1792
1835
1826
1938
2203
2577
2880
3065
3100
2910
2534
2128
1856
1644
1442
1240
1028
900
738
463
106
-264
-515
-610
-580
-509
-444
-475
-720
-1028
-1225
-1262
-1175
-1096
-1131
-1332
-1597
-1849
-2082
-2251
-2351
-2416
-2566
-2778
-2949
-3140
-3390
-3601
-3695
-3716
-3697
-3623
-3601
-3633
-3624
-3672
-3765
-3657
-3269
-2850
-2502
-2133
-1885
-1830
-1678
-1342
-1030
-762
-415
-14
238
406
771
1556
2775
3846
4011
3377
2951
3337
4053
4626
5093
5318
5008
4198
3371
3043
3315
3715
3588
2908
2269
1974
1677
1215
847
648
475
343
382
540
693
697
320
-182
-207
287
836
1076
1039
812
444
142
43
152
399
515
224
-329
-711
-826
-964
-1219
-1434
-1575
-1692
-1810
-1960
-2069
-2080
-2079
-2083
-1990
-1661
-1227
-963
-901
-924
-856
-547
-50
492
1015
1456
1665
1529
1391
1490
1667
1874
2008
1972
1834
1643
1419
1132
900
816
696
541
457
457
415
218
21
-105
-167
-67
82
77
-31
-143
-323
-540
-615
-560
-583
-788
-1072
-1386
-1675
-1823
-1920
-2012
-2154
-2349
-2579
-2896
-3067
-3079
-3142
-3230
-3308
-3325
-3283
-3206
-3118
-3164
-3268
-3336
-3362
-3289
-3029
-2606
-2305
-2305
-2407
-2379
-2317
-2100
-1531
-955
-634
-539
-584
-529
145
1708
3183
3560
3108
2582
2581
3190
4187
5101
5443
5230
4501
3511
3031
3430
4036
3970
3277
2517
1942
1578
1387
1190
861
604
419
226
304
646
841
530
47
-69
229
792
1270
1402
1234
899
588
412
464
790
988
681
87
-395
-648
-717
-718
-827
-1080
-1354
-1606
-1869
-1927
-1780
-1676
-1635
-1636
-1553
-1302
-1016
-809
-712
-610
-322
172
761
1217
1444
1446
1275
1186
1360
1706
2013
2127
1942
1539
1167
1016
1042
1090
1106
1005
727
416
210
104
73
67
19
-116
-228
-276
-363
-503
-636
-765
-928
-1067
-1161
-1293
-1511
-1790
-2104
-2368
-2475
-2419
-2366
-2445
-2634
-2898
-3187
-3433
-3462
-3320
-3198
-3088
-3045
-3119
-3180
-3108
-2974
-2895
-2727
-2463
-2326
-2278
-2135
-1811
-1574
-1516
-1418
-1297
-1118
-785
-353
-53
63
138
224
777
2125
3415
3652
3006
2537
2717
3284
4058
4731
4994
4705
3871
2857
2436
3047
3860
3804
3007
2174
1633
1281
1047
1003
1011
923
627
206
40
305
625
430
-13
-49
261
578
766
770
595
350
110
-116
-56
324
511
179
-448
-889
-1011
-975
-917
-896
-942
-1122
-1377
-1621
-1668
-1379
-1085
-1050
-1101
-986
-690
-394
-115
99
318
657
1029
1448
1821
2050
2053
1846
1728
1889
2218
2408
2323
2041
1589
1184
986
957
1034
1034
824
374
-48
-220
-205
-105
-75
-137
-316
-586
-786
-876
-856
-802
-847
-1028
-1275
-1449
-1598
-1785
-1978
-2183
-2395
-2592
-2740
-2860
-2983
-3121
-3300
-3511
-3625
-3551
-3422
-3367
-3392
-3449
-3446
-3293
-2967
-2706
-2643
-2565
-2423
-2333
-2209
-1825
-1406
-1319
-1316
-1182
-1096
-1000
-663
-226
-28
20
149
427
1180
2400
3267
3161
2682
2701
3118
3644
4354
5028
5179
4714
3980
3368
3355
4047
4553
4175
3351
2737
2271
1804
1663
1773
1687
1327
823
355
195
418
540
211
-134
-187
-149
-154
-72
106
97
-126
-421
-649
-646
-458
-394
-683
-1015
-1086
-1111
-1177
-1144
-1055
-1109
-1331
-1542
-1643
-1490
-1159
-994
-1052
-1104
-985
-797
-571
-226
163
528
846
1107
1351
1657
1983
2104
2090
2177
2294
2335
2322
2226
1983
1717
1550
1374
1243
1250
1191
927
590
372
261
178
171
157
19
-203
-438
-639
-802
-842
-836
-1008
-1284
-1514
-1747
-2030
-2249
-2323
-2447
-2659
-2785
-2858
-2993
-3129
-3193
-3320
-3461
-3404
-3269
-3260
-3280
-3177
-3087
-3068
-2910
-2639
-2461
-2401
-2344
-2273
-2282
-2201
-1940
-1707
-1571
-1516
-1502
-1505
-1379
-1044
-731
-531
-346
-89
467
1357
2208
2560
2484
2496
2763
3238
3856
4464
4817
4696
4146
3578
3512
4012
4490
4419
3899
3257
2637
2154
1994
2084
2145
1944
1468
932
665
742
822
710
553
454
329
166
128
259
346
258
36
-214
-329
-310
-350
-563
-781
-895
-1026
-1170
-1204
-1181
-1251
-1444
-1672
-1798
-1736
-1539
-1396
-1387
-1396
-1352
-1295
-1176
-919
-587
-299
-68
220
530
797
1023
1188
1326
1523
1782
1949
1956
1933
1862
1666
1518
1558
1667
1640
1483
1278
1078
984
996
977
872
788
689
465
264
215
175
-3
-226
-422
-633
-839
-1028
-1270
-1530
-1753
-1978
-2257
-2499
-2596
-2671
-2809
-2941
-3018
-3113
-3194
-3180
-3088
-3022
-2974
-2954
-2994
-3015
-2915
-2744
-2610
-2389
-2121
-2045
-2161
-2190
-2101
-1980
-1796
-1565
-1455
-1434
-1386
-1298
-1123
-857
-538
-284
87
797
1533
1843
1884
2046
2314
2579
3024
3612
4056
4166
3825
3297
3144
3545
3971
4010
3802
3516
3033
2429
2128
2253
2432
2347
1994
1546
1230
1116
1060
972
993
988
723
350
214
346
438
333
124
-88
-247
-352
-458
-542
-593
-691
-943
-1177
-1162
-1048
-1097
-1267
-1420
-1525
-1565
-1530
-1434
-1311
-1181
-1148
-1200
-1128
-879
-649
-560
-476
-286
-72
103
310
514
633
717
819
911
1085
1349
1500
1447
1374
1403
1386
1340
1419
1516
1466
1337
1212
1110
1037
1065
1047
885
748
610
351
84
-6
-39
-227
-467
-656
-910
-1179
-1367
-1505
-1668
-1808
-1924
-2086
-2215
-2201
-2168
-2249
-2325
-2293
-2273
-2320
-2319
-2240
-2202
-2224
-2218
-2216
-2189
-2086
-1985
-1964
-1983
-1925
-1895
-1969
-1975
-1865
-1772
-1741
-1670
-1544
-1475
-1401
-1292
-1196
-1055
-788
-323
306
921
1316
1460
1531
1668
1924
2336
2880
3418
3616
3389
3075
3037
3297
3584
3712
3681
3490
3104
2617
2350
2382
2445
2364
2152
1898
1638
1387
1175
1069
1084
1051
862
668
610
624
553
426
326
225
55
-127
-203
-187
-207
-348
-576
-777
-897
-975
-1027
-1020
-1015
-1125
-1311
-1440
-1441
-1354
-1242
-1159
-1109
-1093
-1134
-1172
-1086
-879
-676
-560
-469
-340
-173
18
230
469
648
714
761
891
1108
1298
1383
1400
1381
1356
1348
1377
1435
1453
1377
1212
1048
948
834
677
544
442
305
123
-37
-144
-261
-423
-626
-828
-982
-1076
-1156
-1231
-1277
-1333
-1459
-1596
-1619
-1579
-1582
-1626
-1687
-1754
-1811
-1855
-1859
-1831
-1801
-1836
-1955
-2045
-2055
-2033
-2026
-2034
-2034
-2062
-2100
-2087
-2023
-1923
-1829
-1787
-1744
-1647
-1490
-1312
-1159
-1001
-785
-477
-88
306
617
779
827
948
1248
1690
2092
2293
2342
2376
2461
2628
2855
3051
3133
3085
2975
2857
2792
2790
2825
2884
2916
2830
2634
2425
2294
2257
2247
2225
2146
1947
1712
1545
1478
1451
1342
1108
802
526
350
254
203
79
-207
-573
-921
-1150
-1229
-1241
-1239
-1284
-1437
-1625
-1810
-1961
-1994
-1955
-1901
-1833
-1760
-1677
-1605
-1565
-1559
-1552
-1465
-1284
-1022
-694
-428
-271
-163
-73
45
206
420
692
935
1104
1232
1320
1392
1428
1456
1503
1552
1607
1617
1577
1539
1465
1337
1194
1073
1006
951
854
709
560
410
249
88
-59
-216
-421
-651
-858
-1001
-1081
-1148
-1246
-1395
-1587
-1780
-1943
-2039
-2082
-2133
-2230
-2370
-2507
-2633
-2723
-2762
-2787
-2809
-2825
-2828
-2816
-2816
-2793
-2735
-2681
-2629
-2561
-2421
-2203
-1962
-1762
-1607
-1443
-1221
-890
-410
168
656
892
958
1097
1438
1915
2345
2637
2830
2988
3150
3335
3568
3762
3803
3737
3674
3659
3676
3688
3683
3637
3518
3339
3145
2986
2870
2757
2615
2436
2226
2011
1800
1639
1527
1339
1052
766
522
303
121
-31
-209
-483
-798
-1052
-1227
-1360
-1522
-1722
-1919
-2093
-2235
-2346
-2399
-2386
-2420
-2505
-2540
-2513
-2462
-2400
-2313
-2185
-2060
-1926
-1724
-1461
-1164
-925
-739
-508
-237
48
312
558
826
1057
1260
1463
1625
1761
1843
1925
2039
2098
2108
2088
2059
2052
2003
1920
1830
1721
1610
1477
1362
1279
1151
984
817
657
490
274
63
-129
-351
-554
-711
-843
-981
-1180
-1406
-1614
-1794
-1949
-2124
-2299
-2452
-2635
-2834
-2990
-3094
-3154
-3209
-3269
-3314
-3353
-3357
-3331
-3309
-3251
-3150
-3011
-2825
-2632
-2441
-2250
-2033
-1765
-1538
-1345
-1104
-839
-528
-128
360
854
1166
1314
1442
1645
1996
2387
2691
2903
3056
3212
3350
3505
3699
3780
3760
3741
3734
3753
3757
3727
3656
3541
3438
3316
3177
3063
2917
2742
2558
2342
2105
1843
1638
1499
1304
1071
821
519
182
-135
-369
-557
-750
-944
-1182
-1430
-1637
-1847
-2038
-2192
-2321
-2426
-2530
-2599
-2624
-2669
-2725
-2726
-2670
-2596
-2512
-2369
-2221
-2081
-1850
-1572
-1329
-1147
-995
-768
-466
-114
234
488
695
875
1046
1249
1453
1639
1725
1737
1809
1879
1912
1960
1991
1945
1831
1732
1665
1588
1523
1459
1347
1221
1098
946
795
681
574
398
174
-5
-176
-355
-496
-631
-813
-1028
-1215
-1400
-1614
-1781
-1946
-2161
-2376
-2567
-2716
-2836
-2941
-3041
-3176
-3265
-3271
-3266
-3251
-3216
-3176
-3113
-3003
-2832
-2649
-2498
-2330
-2156
-1997
-1795
-1572
-1395
-1242
-1072
-861
-600
-231
239
672
965
1104
1189
1367
1689
2094
2447
2694
2867
2990
3138
3358
3613
3795
3834
3818
3799
3760
3739
3746
3742
3691
3558
3377
3205
3051
2896
2705
2478
2250
2015
1777
1593
1454
1297
1052
732
408
95
-165
-329
-476
-669
-910
-1178
-1432
-1636
-1787
-1918
-2057
-2214
-2365
-2483
-2550
-2581
-2587
-2582
-2564
-2534
-2499
-2403
-2195
-1932
-1708
-1573
-1475
-1348
-1153
-847
-505
-211
12
150
285
489
720
931
1051
1102
1173
1252
1342
1442
1500
1510
1474
1431
1405
1377
1379
1362
1275
1181
1098
1010
918
823
715
573
411
232
44
-118
-271
-417
-577
-764
-932
-1085
-1231
-1378
-1573
-1796
-2000
-2152
-2235
-2317
-2416
-2526
-2686
-2808
-2863
-2895
-2898
-2919
-2933
-2909
-2891
-2816
-2706
-2625
-2512
-2395
-2284
-2130
-1942
-1731
-1564
-1414
-1230
-1071
-908
-657
-323
94
567
939
1105
1162
1306
1592
1943
2270
2522
2673
2788
2981
3212
3402
3538
3564
3508
3481
3508
3565
3596
3584
3521
3355
3169
3027
2854
2690
2571
2425
2242
2030
1816
1621
1438
1269
1071
814
570
331
74
-134
-307
-528
-787
-1017
-1206
-1382
-1541
-1674
-1839
-2046
-2203
-2293
-2359
-2374
-2377
-2414
-2437
-2411
-2319
-2154
-1946
-1751
-1643
-1578
-1454
-1277
-1064
-807
-559
-379
-238
-91
88
277
452
601
709
817
944
1027
1113
1236
1310
1323
1318
1302
1274
1241
1227
1209
1150
1082
1003
887
772
668
531
373
237
121
-3
-137
-275
-461
-679
-855
-992
-1144
-1276
-1368
-1502
-1677
-1850
-2011
-2163
-2308
-2415
-2504
-2616
-2685
-2735
-2803
-2822
-2825
-2851
-2858
-2795
-2651
-2505
-2372
-2227
-2140
-2079
-1946
-1776
-1597
-1412
-1238
-1097
-981
-830
-665
-498
-205
217
603
844
939
989
1124
1418
1792
2083
2266
2412
2553
2737
2979
3218
3327
3310
3314
3358
3418
3500
3530
3453
3298
3150
3039
2921
2818
2695
2494
2287
2099
1882
1655
1462
1317
1145
920
690
437
172
-44
-225
-403
-587
-775
-955
-1133
-1278
-1421
-1599
-1750
-1858
-1940
-1988
-2024
-2050
-2067
-2050
-1975
-1882
-1787
-1689
-1611
-1518
-1384
-1211
-1022
-859
-698
-517
-334
-145
6
111
219
340
476
619
748
858
933
988
1039
1082
1131
1157
1141
1097
1037
979
933
906
885
822
729
602
447
310
184
61
-70
-216
-345
-483
-629
-756
-899
-1043
-1168
-1294
-1415
-1543
-1680
-1829
-2012
-2172
-2292
-2396
-2469
-2540
-2627
-2687
-2705
-2702
-2701
-2699
-2672
-2620
-2536
-2410
-2265
-2132
-2021
-1926
-1834
-1701
-1533
-1380
-1254
-1146
-1014
-812
-498
-63
346
584
693
788
983
1318
1697
1995
2189
2358
2567
2826
3098
3319
3415
3409
3420
3464
3508
3561
3581
3530
3408
3248
3092
2927
2779
2672
2538
2366
2171
1924
1671
1496
1383
1251
1048
795
520
254
55
-87
-255
-448
-646
-852
-1046
-1196
-1322
-1470
-1634
-1773
-1879
-1971
-2034
-2066
-2110
-2149
-2127
-2074
-1997
-1887
-1780
-1682
-1578
-1441
-1267
-1089
-900
-715
-551
-367
-169
20
209
385
540
664
771
897
1034
1156
1252
1310
1341
1369
1393
1417
1435
1413
1351
1273
1199
1141
1087
1012
896
742
572
415
275
141
-4
-171
-353
-544
-746
-930
-1090
-1250
-1420
-1609
-1798
-1987
-2168
-2318
-2441
-2555
-2664
-2764
-2847
-2893
-2905
-2908
-2912
-2905
-2886
-2848
-2765
-2654
-2544
-2424
-2275
-2116
-1976
-1852
-1735
-1634
-1507
-1304
-994
-559
-90
270
447
545
737
1053
1443
1820
2086
2258
2448
2731
3076
3386
3590
3658
3640
3654
3732
3822
3892
3909
3834
3678
3510
3365
3220
3084
2959
2805
2598
2351
2091
1855
1674
1528
1341
1087
803
516
260
53
-135
-354
-611
-857
-1055
-1211
-1337
-1487
-1696
-1916
-2093
-2204
-2257
-2271
-2277
-2319
-2372
-2385
-2347
-2254
-2106
-1942
-1814
-1722
-1622
-1482
-1292
-1054
-813
-625
-475
-312
-113
117
369
597
739
825
928
1068
1235
1403
1538
1603
1604
1594
1595
1607
1646
1663
1605
1503
1404
1327
1250
1167
1069
915
725
553
389
224
58
-125
-347
-585
-795
-974
-1146
-1312
-1488
-1701
-1924
-2110
-2260
-2384
-2483
-2573
-2680
-2777
-2834
-2886
-2939
-2965
-2969
-2963
-2935
-2873
-2796
-2722
-2627
-2517
-2422
-2309
-2180
-2047
-1910
-1763
-1532
-1165
-694
-248
7
142
345
683
1117
1519
1828
2067
2300
2605
2958
3297
3565
3686
3710
3741
3804
3895
3972
4021
4006
3900
3764
3609
3445
3295
3149
3005
2822
2597
2360
2123
1944
1787
1565
1291
990
694
417
175
-9
-219
-487
-746
-960
-1117
-1243
-1378
-1533
-1742
-1947
-2094
-2177
-2186
-2186
-2225
-2293
-2338
-2319
-2276
-2166
-1945
-1734
-1634
-1642
-1625
-1486
-1258
-955
-685
-548
-458
-339
-147
109
370
583
670
728
869
1011
1161
1332
1445
1458
1429
1466
1511
1514
1552
1561
1489
1401
1336
1277
1191
1113
997
784
575
397
195
13
-113
-241
-457
-710
-917
-1124
-1310
-1433
-1586
-1793
-1995
-2163
-2307
-2442
-2522
-2581
-2663
-2713
-2747
-2785
-2791
-2775
-2760
-2759
-2731
-2658
-2590
-2508
-2401
-2295
-2196
-2103
-1991
-1860
-1688
-1385
-968
-543
-234
-81
57
311
704
1150
1510
1765
1969
2197
2514
2886
3220
3415
3466
3495
3564
3649
3729
3781
3779
3706
3600
3492
3367
3233
3088
2917
2732
2538
2333
2121
1939
1797
1615
1366
1080
780
509
303
152
-21
-265
-524
-766
-984
-1147
-1276
-1423
-1603
-1780
-1927
-2047
-2110
-2136
-2179
-2224
-2250
-2253
-2210
-2075
-1868
-1713
-1636
-1569
-1484
-1344
-1142
-916
-725
-587
-429
-234
-23
208
386
484
562
665
798
928
1079
1221
1285
1321
1365
1401
1426
1446
1465
1436
1380
1340
1279
1208
1141
1049
915
744
561
360
155
-8
-180
-395
-605
-795
-976
-1166
-1360
-1566
-1808
-2034
-2206
-2337
-2422
-2500
-2593
-2693
-2778
-2830
-2864
-2867
-2841
-2835
-2833
-2795
-2714
-2593
-2460
-2325
-2204
-2087
-1946
-1807
-1668
-1507
-1285
-932
-484
-80
159
268
423
710
1109
1524
1836
2042
2215
2447
2765
3103
3381
3520
3544
3574
3638
3716
3779
3801
3769
3669
3543
3413
3264
3123
2985
2819
2621
2383
2124
1877
1692
1558
1376
1125
826
515
259
66
-89
-275
-515
-759
-996
-1190
-1335
-1479
-1627
-1779
-1923
-2049
-2142
-2175
-2187
-2212
-2218
-2184
-2082
-1939
-1814
-1732
-1668
-1558
-1408
-1240
-1036
-843
-677
-525
-366
-179
13
210
394
540
691
823
910
1002
1113
1232
1320
1382
1430
1431
1428
1440
1435
1419
1395
1348
1256
1155
1078
970
813
651
467
271
87
-94
-290
-503
-690
-887
-1118
-1313
-1483
-1680
-1903
-2122
-2309
-2466
-2575
-2645
-2725
-2792
-2831
-2879
-2921
-2916
-2869
-2825
-2772
-2689
-2606
-2519
-2392
-2245
-2112
-1985
-1838
-1691
-1538
-1330
-1055
-699
-295
57
281
435
654
970
1322
1662
1938
2143
2348
2617
2937
3227
3445
3569
3609
3645
3710
3780
3839
3870
3847
3743
3594
3450
3296
3142
2992
2817
2612
2376
2130
1891
1665
1461
1238
971
681
389
136
-68
-259
-459
-689
-928
-1143
-1322
-1453
-1566
-1686
-1813
-1951
-2063
-2125
-2143
-2106
-2031
-1961
-1943
-1965
-1948
-1853
-1691
-1489
-1318
-1203
-1109
-983
-804
-595
-370
-173
-36
91
242
415
606
794
949
1038
1099
1161
1207
1272
1361
1427
1443
1415
1367
1303
1250
1220
1160
1052
917
764
615
487
360
194
-15
-222
-411
-588
-727
-868
-1059
-1273
-1477
-1659
-1837
-1994
-2130
-2272
-2397
-2501
-2605
-2685
-2727
-2742
-2759
-2773
-2759
-2735
-2688
-2597
-2483
-2370
-2263
-2153
-2040
-1912
-1748
-1579
-1434
-1256
-991
-631
-237
105
356
548
769
1060
1380
1696
1982
2217
2422
2638
2878
3102
3280
3406
3479
3520
3562
3601
3625
3616
3565
3466
3332
3191
3052
2914
2774
2615
2417
2182
1950
1741
1545
1359
1163
928
654
369
112
-106
-300
-488
-696
-916
-1121
-1295
-1437
-1554
-1667
-1780
-1875
-1917
-1923
-1941
-1978
-2000
-1978
-1918
-1831
-1737
-1657
-1574
-1459
-1302
-1125
-957
-808
-686
-560
-398
-226
-65
100
254
391
512
635
751
839
923
1005
1066
1108
1128
1117
1080
1040
1001
932
852
773
679
572
460
328
156
-32
-202
-371
-536
-675
-813
-963
-1109
-1243
-1376
-1512
-1633
-1761
-1902
-2018
-2104
-2183
-2253
-2300
-2342
-2389
-2419
-2428
-2436
-2424
-2383
-2333
-2271
-2186
-2078
-1978
-1876
-1758
-1643
-1512
-1343
-1162
-991
-808
-569
-270
66
397
654
840
1027
1260
1533
1816
2079
2297
2484
2689
2908
3094
3228
3311
3345
3354
3365
3376
3368
3338
3283
3177
3030
2866
2692
2517
2357
2202
2019
1801
1576
1356
1147
963
783
573
338
105
-109
-309
-480
-637
-806
-979
-1143
-1285
-1383
-1435
-1479
-1573
-1704
-1808
-1865
-1873
-1838
-1788
-1746
-1704
-1638
-1544
-1425
-1279
-1130
-1002
-873
-734
-596
-451
-281
-104
44
166
289
406
524
660
787
874
927
961
987
1018
1056
1067
1030
975
919
850
781
714
623
490
334
169
-10
-186
-347
-513
-691
-868
-1040
-1207
-1354
-1473
-1592
-1727
-1860
-1986
-2097
-2171
-2211
-2243
-2280
-2310
-2326
-2340
-2339
-2319
-2291
-2257
-2203
-2130
-2049
-1963
-1873
-1785
-1685
-1565
-1438
-1313
-1181
-1034
-881
-719
-531
-324
-114
122
398
684
944
1158
1340
1526
1750
2008
2252
2459
2642
2805
2951
3092
3223
3311
3346
3359
3351
3318
3271
3211
3119
2984
2820
2636
2431
2228
2033
1831
1624
1413
1186
940
705
505
315
118
-79
-279
-475
-647
-790
-917
-1034
-1126
-1204
-1292
-1385
-1465
-1525
-1558
-1570
-1580
-1607
-1625
-1603
-1541
-1445
-1339
-1256
-1200
-1144
-1046
-903
-746
-592
-464
-355
-244
-116
38
196
339
455
541
610
683
771
863
942
995
1020
1030
1041
1047
1034
994
930
848
748
640
545
437
304
146
-33
-224
-415
-591
-751
-911
-1072
-1246
-1423
-1575
-1696
-1803
-1911
-2009
-2085
-2150
-2199
-2227
-2245
-2256
-2254
-2230
-2192
-2145
-2083
-2017
-1947
-1863
-1763
-1660
-1564
-1470
-1370
-1261
-1131
-988
-860
-741
-608
-449
-275
-90
101
286
473
684
919
1153
1372
1576
1765
1947
2131
2309
2468
2618
2764
2893
2999
3090
3157
3181
3175
3153
3106
3031
2946
2849
2735
2606
2457
2279
2070
1857
1649
1444
1240
1030
793
546
325
136
-40
-207
-365
-526
-685
-826
-953
-1072
-1169
-1232
-1282
-1336
-1393
-1444
-1476
-1472
-1436
-1396
-1366
-1339
-1311
-1277
-1218
-1132
-1036
-937
-830
-724
-631
-542
-454
-359
-252
-128
-5
95
176
244
308
387
477
548
591
614
624
627
632
645
649
633
594
529
454
383
316
234
128
-6
-164
-323
-462
-584
-704
-819
-939
-1069
-1205
-1338
-1457
-1557
-1633
-1701
-1774
-1830
-1869
-1893
-1895
-1880
-1855
-1829
-1790
-1736
-1679
-1607
-1519
-1431
-1345
-1261
-1181
-1102
-1010
-898
-788
-677
-555
-439
-315
-166
-5
144
273
409
552
707
883
1048
1192
1332
1480
1638
1799
1954
2080
2173
2267
2370
2462
2547
2609
2634
2627
2609
2591
2559
2517
2465
2383
2282
2173
2046
1899
1747
1593
1424
1247
1073
888
695
512
344
187
36
-112
-265
-416
-534
-629
-723
-815
-903
-980
-1043
-1081
-1096
-1106
-1106
-1102
-1104
-1102
-1084
-1055
-1020
-973
-924
-886
-857
-819
-766
-708
-651
-596
-549
-506
-455
-401
-339
-270
-208
-159
-113
-67
-21
11
33
50
57
58
57
57
55
40
16
-13
-55
-104
-161
-217
-276
-344
-421
-505
-587
-659
-722
-782
-841
-909
-990
-1068
-1128
-1173
-1216
-1254
-1286
-1316
-1338
-1342
-1324
-1294
-1256
-1219
-1196
-1171
-1126
-1064
-994
-919
-847
-779
-709
-622
-531
-436
-332
-225
-116
0
128
258
376
486
591
692
802
915
1027
1133
1240
1350
1456
1557
1647
1714
1764
1811
1865
1919
1963
1995
2011
2014
2011
2003
1989
1956
1904
1840
1766
1694
1621
1537
1439
1323
1201
1072
941
819
691
550
399
250
101
-45
-174
-282
-385
-487
-587
-685
-766
-819
-851
-879
-914
-945
-972
-982
-969
-944
-925
-911
-894
-876
-862
-840
-807
-769
-726
-680
-640
-613
-583
-547
-510
-473
-435
-403
-375
-341
-301
-270
-251
-238
-235
-238
-237
-234
-237
-253
-276
-307
-338
-355
-364
-384
-418
-459
-502
-536
-561
-583
-615
-652
-683
-708
-727
-740
-755
-781
-810
-829
-835
-837
-831
-815
-792
-759
-724
-688
-655
-621
-574
-520
-457
-387
-318
-248
-175
-94
-12
61
135
211
297
394
495
595
680
760
841
914
981
1041
1097
1157
1213
1263
1296
1309
1318
1330
1340
1345
1343
1328
1309
1297
1284
1253
1213
1168
1123
1086
1057
1021
964
895
830
764
702
647
592
523
434
345
252
156
77
5
-68
-132
-197
-265
-333
-387
-429
-474
-513
-536
-543
-537
-524
-506
-495
-493
-478
-461
-435
-397
-368
-350
-337
-319
-293
-262
-225
-196
-177
-157
-144
-126
-108
-93
-80
-85
-91
-90
-92
-85
-68
-55
-54
-58
-61
-72
-83
-92
-109
-130
-162
-197
-227
-249
-268
-298
-340
-396
-449
-474
-485
-491
-507
-538
-563
-581
-593
-597
-596
-600
-610
-612
-599
-581
-565
-537
-503
-479
-456
-420
-375
-333
-282
-225
-178
-129
-88
-50
-1
45
87
122
157
205
263
322
368
396
420
443
476
517
539
554
566
582
602
612
622
625
620
608
582
556
536
527
529
528
523
501
480
480
472
459
446
416
399
383
354
339
326
312
293
261
236
211
173
146
133
119
112
86
42
28
20
0
-20
-20
-25
-38
-32
-13
-15
-17
7
6
9
36
42
33
59
67
71
76
67
69
35
29
63
42
23
18
-19
-43
-66
-108
-137
-162
-174
-175
-182
-208
-172
-288
-61
872
905
565
713
328
-249
-533
-746
-848
-777
-690
-357
23
-2
-3
-156
-787
-1146
-1150
-1267
-1135
-628
-305
-186
-109
-202
-342
-464
-675
-766
-663
-540
-286
42
140
192
303
96
-188
-234
-267
-274
-85
85
215
435
508
395
296
181
32
-4
21
63
278
475
463
467
462
322
223
156
-4
12
142
135
195
300
252
180
92
-108
-204
-175
-187
-162
-57
2
16
33
-52
-156
-136
-168
-254
-200
-127
-81
21
41
5
39
30
-54
-35
30
83
203
256
241
289
339
306
301
335
338
376
431
437
486
587
590
563
560
515
492
513
466
452
518
518
491
480
440
401
376
292
198
182
152
99
78
43
14
-15
-114
-233
-302
-329
-378
-415
-421
-446
-427
-459
-549
-585
-590
-626
-661
-640
-629
-605
-584
-610
-607
-588
-565
-538
-543
-543
-488
-417
-405
-376
-312
-284
-277
-257
-206
-144
-55
25
47
84
121
143
184
203
231
277
314
308
288
324
339
341
345
322
329
344
322
306
306
280
237
204
173
161
172
149
107
59
4
-30
-68
-104
-113
-126
-140
-157
-199
-223
-219
-240
-256
-287
-307
-281
-264
-249
-222
-204
-196
-219
-260
-260
-244
-232
-219
-181
-142
-89
-54
-30
2
7
37
49
66
116
202
283
305
327
363
416
439
456
506
534
554
568
575
591
616
606
576
540
501
468
430
413
364
334
318
273
223
190
179
135
70
10
-28
-30
-44
-70
-102
-147
-177
-225
-284
-298
-297
-291
-320
-359
-354
-369
-385
-386
-407
-431
-420
-420
-418
-385
-342
-322
-341
-341
-346
-339
-305
-279
-238
-185
-136
-110
-102
-98
-77
-50
-30
3
61
127
167
206
218
218
221
220
232
231
246
275
286
275
278
272
247
224
166
111
87
67
57
46
24
3
-55
-107
-130
-153
-159
-177
-197
-206
-204
-222
-261
-284
-306
-306
-304
-305
-291
-271
-256
-247
-246
-257
-256
-248
-259
-255
-199
-170
-156
-126
-129
-123
-105
-128
-126
-105
-100
-50
10
55
126
183
208
234
235
224
261
277
296
346
391
418
422
435
421
403
399
381
346
344
359
349
348
348
328
282
227
177
131
95
86
74
36
25
4
-26
-57
-75
-87
-136
-140
-142
-166
-166
-152
-154
-171
-210
-230
-225
-244
-234
-215
-188
-162
-131
-114
-125
-112
-114
-109
-86
-64
-36
-22
-1
34
44
49
85
105
107
119
123
113
117
134
146
156
173
199
188
177
186
164
153
155
128
100
101
104
103
106
86
43
-4
-24
-28
-60
-85
-99
-144
-176
-195
-232
-255
-276
-291
-316
-332
-308
-307
-317
-307
-312
-332
-330
-316
-319
-296
-287
-291
-279
-282
-245
-212
-201
-170
-161
-165
-137
-122
-95
-42
-13
13
16
18
37
44
55
89
111
168
244
265
271
275
291
311
322
337
352
360
375
384
369
367
352
323
285
248
232
190
162
139
91
62
48
-2
-54
-89
-124
-137
-148
-164
-177
-196
-212
-215
-232
-211
-185
-220
-216
-201
-188
-153
-126
-106
-95
-79
-61
-50
-46
-26
-27
-52
-47
-25
-1
16
26
41
42
22
27
30
39
82
110
153
181
195
214
199
198
213
229
251
254
263
290
302
314
306
282
267
232
195
189
188
176
182
149
95
68
11
-40
-72
-109
-129
-159
-191
-214
-257
-284
-297
-314
-325
-327
-336
-350
-366
-370
-361
-355
-333
-332
-330
-296
-279
-261
-232
-203
-191
-200
-193
-183
-170
-148
-125
-110
-97
-94
-94
-74
-58
-33
-10
0
2
17
58
87
102
130
150
159
177
181
167
188
224
239
266
292
307
314
281
273
280
254
246
223
182
163
158
122
93
91
61
17
-4
-22
-36
-46
-67
-72
-78
-115
-150
-176
-215
-222
-208
-226
-215
-201
-219
-205
-183
-170
-165
-144
-108
-105
-89
-56
-41
-32
-4
31
41
44
53
53
49
50
80
100
113
134
131
130
134
132
139
145
148
171
182
190
193
170
166
143
108
87
79
72
63
83
105
116
118
119
107
100
113
113
120
129
141
134
116
95
74
50
14
-6
-25
-52
-82
-116
-142
-141
-148
-179
-188
-199
-218
-233
-253
-269
-276
-286
-281
-247
-243
-238
-203
-187
-188
-169
-151
-161
-150
-131
-123
-96
-70
-49
-34
-25
-16
-20
-42
-65
-62
-45
-40
-25
9
38
50
46
31
23
13
17
45
81
118
141
142
130
120
102
86
78
84
111
138
152
155
155
142
130
92
52
48
37
38
72
96
90
74
49
20
6
-6
-4
9
24
44
73
86
70
58
37
22
35
41
45
58
50
28
8
-4
-12
-26
-43
-50
-47
-40
-25
-21
-18
-22
-48
-65
-79
-88
-85
-91
-85
-77
-86
-81
-66
-71
-81
-79
-97
-109
-99
-98
-62
-33
-14
19
15
30
62
74
79
81
88
87
87
107
137
151
149
135
115
92
71
59
62
74
84
68
50
47
32
16
3
-16
-24
-22
-19
-17
-18
-23
-40
-63
-79
-79
-67
-44
-13
18
29
19
11
-19
-53
-65
-94
-104
-89
-99
-101
-95
-123
-154
-171
-194
-213
-216
-208
-195
-199
-207
-203
-211
-207
-180
-161
-145
-114
-74
-55
-45
-23
-6
13
51
94
139
181
216
248
260
258
262
250
228
224
226
216
214
213
204
179
154
133
101
90
96
95
96
107
110
89
58
40
17
-21
-47
-59
-67
-67
-65
-59
-61
-81
-97
-115
-137
-145
-146
-138
-125
-126
-125
-118
-128
-144
-159
-170
-172
-182
-176
-153
-154
-145
-113
-109
-122
-112
-109
-105
-79
-32
7
39
71
92
111
124
129
129
125
123
132
134
153
185
185
187
208
204
192
196
191
179
174
167
159
140
117
107
96
79
81
88
69
49
33
13
-16
-27
-39
-59
-50
-67
-98
-104
-109
-128
-155
-173
-181
-203
-233
-245
-245
-256
-259
-244
-253
-251
-223
-213
-210
-176
-139
-124
-104
-77
-54
-25
2
25
44
66
101
137
158
179
205
206
201
214
208
193
202
205
190
178
170
147
110
97
109
108
102
121
134
123
127
134
132
123
126
124
96
85
92
78
56
42
18
-14
-51
-85
-105
-131
-154
-174
-201
-208
-218
-237
-242
-246
-253
-256
-249
-251
-247
-218
-194
-183
-171
-143
-127
-125
-106
-73
-49
-23
7
29
40
63
87
91
105
128
139
144
153
163
155
141
127
117
116
127
139
153
166
171
164
143
124
113
101
92
88
79
69
62
49
20
-1
-14
-44
-67
-69
-72
-82
-90
-95
-104
-109
-102
-102
-109
-107
-99
-104
-121
-129
-136
-159
-176
-178
-185
-190
-182
-164
-154
-139
-112
-95
-83
-62
-29
1
20
41
76
94
104
128
141
148
165
170
178
192
200
213
216
219
226
227
226
217
214
216
214
206
199
190
169
141
115
93
73
47
26
8
-14
-33
-54
-80
-93
-105
-119
-127
-136
-143
-156
-170
-188
-210
-221
-228
-236
-238
-234
-236
-240
-243
-251
-243
-225
-211
-194
-172
-156
-134
-108
-93
-80
-69
-76
-73
-53
-34
-8
15
22
36
51
56
77
108
117
138
162
167
188
217
224
231
237
230
226
220
215
223
213
193
186
168
142
137
133
112
94
82
65
46
33
21
-1
-25
-51
-86
-112
-125
-142
-160
-174
-187
-194
-206
-206
-182
-169
-162
-142
-132
-133
-125
-117
-121
-120
-101
-86
-82
-79
-72
-68
-75
-79
-66
-53
-46
-27
-4
7
25
48
59
80
109
124
134
143
154
171
182
194
215
221
220
227
228
221
219
213
194
181
171
155
148
138
121
104
83
54
27
0
-24
-38
-55
-75
-86
-107
-136
-155
-182
-217
-240
-259
-271
-266
-255
-239
-227
-233
-240
-249
-261
-259
-246
-229
-209
-185
-162
-147
-137
-133
-141
-147
-140
-122
-95
-62
-30
-1
17
27
37
44
53
67
91
122
156
181
197
206
203
195
185
178
178
184
199
211
219
223
212
192
178
161
149
141
132
122
109
93
88
78
60
49
31
5
-7
-7
-3
3
8
9
-2
-18
-27
-42
-60
-67
-80
-95
-96
-95
-94
-92
-99
-111
-129
-147
-153
-157
-158
-147
-138
-136
-121
-101
-93
-82
-69
-68
-63
-46
-27
-6
21
46
63
70
74
84
88
87
103
116
120
130
140
140
134
132
121
104
97
90
84
77
68
58
47
34
22
12
0
-5
-11
-17
-18
-21
-27
-32
-39
-52
-61
-69
-77
-84
-91
-97
-111
-126
-139
-149
-155
-155
-145
-132
-123
-114
-106
-103
-104
-102
-100
-93
-80
-62
-39
-21
-11
-6
-5
-3
1
7
19
37
57
74
88
98
99
96
93
85
82
87
89
96
98
90
82
76
65
59
59
57
57
61
64
65
61
52
49
43
36
36
39
44
43
38
33
24
12
5
1
-4
-9
-13
-18
-23
-29
-33
-38
-45
-50
-54
-56
-54
-50
-45
-43
-41
-39
-40
-34
-34
-36
-33
-32
-30
-26
-25
-25
-28
-33
-34
-37
-40
-38
-34
-32
-29
-20
-14
-12
-9
-4
-3
4
15
21
27
36
40
43
41
37
37
36
36
37
34
30
24
11
-3
-14
-20
-24
-29
-28
-29
-30
-33
-42
-44
-43
-47
-43
-25
-11
3
18
20
17
19
19
17
18
26
39
45
47
54
53
44
34
23
9
3
3
2
0
7
6
-5
-13
-20
-29
-39
-42
-37
-35
-31
-18
-16
-14
-9
-8
-12
-13
-10
-3
2
9
18
22
21
20
15
14
13
12
15
22
32
39
42
46
45
43
42
36
28
27
28
27
29
29
29
27
24
24
23
22
30
36
41
52
58
61
63
62
58
56
57
57
53
45
40
29
14
2
-11
-25
-37
-43
-47
-50
-52
-57
-65
-70
-75
-82
-87
-87
-83
-79
-78
-72
-67
-67
-64
-62
-62
-59
-53
-52
-59
-55
-52
-58
-56
-51
-50
-50
-47
-47
-48
-51
-50
-44
-39
-25
-6
6
14
27
33
31
34
37
35
36
43
41
37
37
30
22
13
6
4
2
-1
4
8
7
12
12
7
7
4
-2
-2
0
-1
0
1
-3
-6
-9
-12
-12
-10
-8
-2
0
2
9
15
19
27
38
41
45
50
48
50
51
53
57
61
69
80
85
88
90
87
82
79
79
83
86
88
89
87
82
73
61
52
42
31
23
21
16
14
12
8
1
-5
-9
-12
-16
-19
-18
-22
-28
-30
-33
-39
-41
-44
-50
-55
-57
-64
-68
-68
-73
-76
-76
-76
-77
-76
-77
-79
-82
-85
-85
-87
-90
-87
-81
-82
-79
-68
-68
-66
-57
-52
-46
-34
-22
-12
-3
6
12
15
19
23
25
25
31
39
43
48
55
54
48
46
41
39
42
43
45
48
47
43
38
30
20
13
6
2
1
-1
-1
-3
-8
-15
-21
-26
-26
-24
-22
-20
-15
-13
-17
-22
-28
-34
-41
-44
-41
-39
-38
-35
-34
-34
-31
-27
-25
-18
-6
5
19
34
47
59
68
75
82
86
92
99
103
107
107
104
99
92
86
81
76
70
68
68
67
63
60
54
45
37
30
24
21
20
19
18
11
4
-5
-19
-29
-37
-46
-50
-51
-51
-54
-58
-65
-77
-90
-99
-106
-111
-110
-108
-106
-104
-103
-104
-106
-110
-109
-105
-101
-89
-76
-65
-55
-47
-43
-41
-39
-37
-32
-22
-12
2
17
28
40
47
53
58
63
71
83
98
112
127
138
143
143
137
128
117
106
97
88
82
76
68
57
43
26
7
-11
-25
-30
-34
-37
-36
-38
-44
-50
-61
-73
-81
-88
-93
-91
-89
-87
-83
-84
-85
-87
-92
-91
-86
-80
-69
-57
-46
-37
-28
-25
-22
-18
-17
-14
-6
3
14
27
38
48
59
66
73
83
91
100
112
121
128
137
140
138
136
130
123
116
108
101
95
86
78
69
60
52
44
35
28
23
19
13
8
3
-4
-12
-23
-33
-41
-49
-54
-59
-64
-69
-73
-80
-87
-93
-102
-107
-111
-113
-113
-113
-113
-115
-117
-119
-120
-123
-122
-116
-107
-96
-87
-75
-65
-57
-49
-40
-31
-21
-9
3
13
23
33
40
44
49
56
60
64
72
80
84
87
88
86
84
81
76
76
74
73
70
65
58
51
42
32
25
16
10
3
-3
-8
-14
-20
-29
-37
-42
-49
-55
-60
-65
-70
-73
-75
-77
-77
-76
-75
-75
-73
-70
-66
-62
-56
-48
-41
-33
-24
-17
-11
-5
3
9
17
25
35
45
54
63
68
74
78
81
85
90
93
95
97
98
96
92
89
84
76
72
68
64
60
54
48
38
29
20
12
5
1
-1
-8
-11
-13
-18
-24
-27
-29
-33
-34
-33
-35
-33
-32
-34
-39
-43
-45
-47
-53
-53
-54
-55
-56
-55
-57
-58
-58
-58
-58
-56
-51
-44
-40
-35
-30
-27
-25
-23
-22
-20
-13
-8
-1
8
15
21
24
26
27
30
33
37
42
48
53
57
55
55
52
48
43
42
41
42
42
45
45
44
41
36
28
24
19
17
15
13
13
10
5
-2
-8
-16
-23
-28
-32
-34
-34
-31
-32
-33
-32
-34
-38
-37
-36
-31
-27
-23
-18
-15
-13
-10
-9
-8
-5
-2
1
7
14
19
22
25
24
25
24
23
22
25
25
28
29
28
27
25
22
18
15
13
11
10
7
6
4
0
-4
-9
-14
-17
-21
-23
-25
-26
-28
-30
-34
-37
-40
-43
-45
-46
-46
-45
-46
-43
-41
-40
-39
-37
-34
-29
-24
-18
-14
-7
-2
3
7
11
15
20
24
28
32
35
40
41
44
44
43
43
43
45
45
46
47
47
44
40
37
33
28
24
21
15
10
6
1
-4
-8
-13
-17
-20
-22
-23
-21
-21
-22
-21
-22
-24
-22
-21
-19
-15
-15
-14
-14
-18
-18
-20
-24
-26
-27
-28
-29
-28
-28
-29
-28
-27
-25
-23
-18
-13
-7
1
8
15
23
30
38
46
51
58
63
66
69
69
69
69
67
65
62
58
53
46
41
33
27
21
13
8
5
1
-2
-7
-11
-15
-19
-24
-26
-28
-28
-29
-29
-29
-30
-31
-32
-35
-38
-38
-39
-40
-40
-39
-40
-42
-46
-47
-49
-54
-55
-55
-54
-53
-50
-48
-45
-42
-38
-33
-30
-25
-18
-12
-5
3
10
17
22
26
29
30
33
34
37
40
41
41
40
40
37
33
28
23
18
12
9
5
2
-1
-3
-6
-11
-13
-17
-17
-18
-17
-16
-15
-13
-11
-8
-5
-4
0
2
4
5
7
7
6
3
1
0
-3
-4
-5
-7
-7
-11
-14
-15
-16
-16
-15
-15
-12
-7
-4
0
6
10
14
18
22
27
31
37
45
49
54
59
62
62
62
61
56
55
52
48
44
39
34
25
15
5
-6
-15
-24
-31
-37
-43
-49
-55
-61
-65
-69
-72
-75
-77
-75
-74
-73
-71
-70
-68
-67
-65
-62
-59
-53
-48
-42
-36
-30
-25
-21
-17
-11
-6
-1
5
10
16
20
26
29
30
33
35
34
36
36
36
38
38
38
37
35
33
32
30
29
29
29
31
32
34
34
31
31
31
31
30
31
31
31
31
30
27
24
23
19
15
13
11
8
7
6
5
4
3
1
-1
-2
-2
-3
-2
1
2
3
4
5
5
5
7
9
11
14
16
20
23
25
28
30
32
34
36
38
41
43
43
46
47
48
48
46
46
45
43
41
39
35
30
25
19
12
5
-1
-9
-17
-23
-29
-35
-40
-46
-52
-57
-62
-66
-70
-74
-75
-78
-81
-82
-83
-85
-86
-86
-87
-87
-88
-86
-83
-81
-77
-74
-69
-66
-61
-56
-52
-43
-36
-29
-22
-15
-7
0
6
12
16
19
24
27
30
34
37
39
41
41
43
42
42
43
43
44
46
47
48
48
50
50
51
52
53
52
53
52
51
51
49
45
40
36
30
24
17
10
3
-4
-11
-18
-25
-31
-35
-40
-44
-47
-49
-50
-49
-47
-44
-40
-37
-33
-29
-23
-17
-13
-6
-1
4
8
13
18
20
22
24
25
26
27
27
27
28
29
29
30
31
32
34
34
38
39
41
44
47
49
51
53
54
55
57
56
54
53
49
46
42
38
33
25
18
10
2
-7
-16
-27
-36
-43
-51
-58
-64
-70
-76
-81
-84
-87
-86
-85
-83
-80
-77
-71
-66
-59
-53
-47
-40
-33
-27
-21
-13
-8
-2
3
6
10
13
14
17
19
20
22
22
22
22
22
22
21
20
20
20
20
21
23
23
24
25
25
25
26
26
27
29
27
29
26
26
24
21
19
17
13
11
7
1
-3
-7
-12
-17
-22
-25
-29
-32
-34
-36
-37
-36
-36
-34
-32
-28
-24
-20
-15
-10
-5
1
5
9
12
16
19
21
23
25
25
25
27
25
24
22
20
18
15
13
11
9
7
6
4
2
2
2
2
2
4
6
6
8
8
10
12
13
15
16
18
18
16
15
11
10
6
2
-3
-7
-11
-17
-21
-27
-32
-36
-40
-45
-49
-51
-53
-52
-53
-52
-48
-46
-43
-39
-35
-30
-25
-19
-12
-6
0
6
12
16
21
25
29
32
34
37
37
38
36
35
34
31
27
25
20
16
12
8
4
0
-4
-8
-10
-13
-13
-14
-15
-14
-14
-12
-12
-12
-11
-10
-9
-8
-7
-4
-3
-1
0
1
3
6
7
10
12
15
17
19
20
23
24
25
27
27
30
31
33
35
36
37
37
36
36
34
33
32
31
30
28
27
25
23
20
17
15
12
10
7
7
5
4
3
2
2
1
-1
0
-1
-2
-4
-5
-7
-9
-12
-15
-19
-24
-28
-32
-35
-40
-43
-47
-51
-52
-56
-60
-61
-63
-65
-65
-66
-66
-64
-61
-60
-56
-52
-47
-42
-36
-31
-25
-18
-13
-6
-1
4
9
14
18
22
25
26
28
27
28
28
28
27
26
27
26
26
26
26
25
25
24
22
22
21
19
18
16
14
10
8
5
2
-1
-3
-5
-5
-7
-7
-9
-11
-11
-12
-14
-13
-14
-14
-15
-16
-18
-19
-20
-22
-23
-23
-24
-23
-23
-23
-21
-20
-20
-17
-16
-13
-10
-8
-4
0
3
6
9
12
14
18
20
24
27
30
33
38
39
40
40
44
46
48
51
52
53
54
55
54
52
50
48
46
43
40
37
33
28
22
15
7
0
-6
-13
-21
-27
-34
-40
-46
-52
-56
-60
-62
-65
-66
-67
-68
-66
-65
-63
-61
-58
-55
-51
-48
-44
-39
-35
-31
-26
-22
-18
-15
-10
-6
-2
1
4
9
12
17
22
27
31
36
40
45
48
51
54
58
61
62
64
65
64
64
63
60
57
54
51
46
44
39
36
33
28
25
21
16
12
9
6
4
3
2
1
-2
-3
-5
-7
-9
-11
-11
-12
-14
-14
-15
-16
-17
-20
-21
-22
-23
-24
-24
-25
-26
-24
-24
-24
-23
-25
-23
-22
-21
-20
-18
-16
-16
-14
-13
-12
-11
-9
-7
-6
-5
-5
-7
-6
-6
-6
-7
-8
-9
-10
-11
-12
-13
-14
-15
-16
-16
-16
-16
-16
-16
-16
-14
-12
-11
-11
-9
-8
-7
-5
-5
-4
-1
0
3
5
7
8
10
10
12
13
13
14
16
16
15
14
13
13
10
7
5
2
-1
-3
-6
-8
-10
-12
-14
-17
-20
-21
-23
-24
-24
-25
-25
-25
-24
-22
-20
-19
-18
-17
-15
-14
-13
-11
-9
-7
-5
0
2
3
5
8
11
15
18
22
25
29
32
35
39
42
44
46
49
52
53
54
54
53
54
52
50
47
43
40
36
33
27
22
18
13
8
3
-2
-6
-9
-13
-16
-17
-19
-20
-20
-22
-21
-22
-23
-23
-22
-22
-21
-20
-19
-20
-20
-19
-19
-17
-17
-17
-15
-14
-13
-11
-8
-6
-4
-1
1
4
7
9
13
14
15
18
18
18
20
21
21
22
21
21
20
19
17
13
12
10
5
4
2
-1
-3
-6
-8
-10
-12
-11
-12
-12
-11
-11
-11
-10
-8
-7
-6
-5
-5
-4
-2
-1
0
1
1
3
2
1
-1
-4
-6
-6
-8
-11
-13
-16
-21
-24
-28
-32
-34
-38
-40
-43
-45
-47
-48
-48
-48
-47
-46
-43
-39
-34
-31
-26
-19
-13
-7
1
7
13
20
26
31
37
42
47
52
55
58
59
60
61
59
58
56
54
51
47
43
40
35
31
26
22
19
13
9
5
2
-2
-5
-9
-10
-12
-14
-16
-18
-19
-21
-24
-26
-27
-30
-32
-34
-36
-39
-39
-41
-43
-46
-49
-52
-52
-54
-56
-57
-58
-59
-59
-59
-60
-58
-56
-55
-52
-49
-46
-41
-37
-33
-27
-22
-17
-12
-6
1
8
13
19
25
30
36
41
43
48
51
54
58
60
62
62
63
63
62
62
58
57
55
52
50
47
44
40
38
34
30
28
25
22
18
15
13
10
9
6
3
3
1
-1
-1
-3
-3
-4
-5
-5
-5
-4
-5
-5
-6
-5
-5
-4
-4
-4
-4
-2
-2
-2
-1
-2
-2
-4
-3
-3
-6
-6
-7
-9
-9
-10
-11
-12
-13
-13
-14
-16
-15
-16
-16
-17
-16
-17
-15
-14
-14
-14
-15
-14
-12
-12
-13
-14
-12
-13
-14
-15
-17
-18
-22
-23
-25
-26
-27
-30
-31
-32
-34
-35
-36
-36
-37
-37
-34
-34
-34
-32
-29
-27
-24
-20
-17
-13
-7
-4
1
5
9
13
18
23
26
31
33
36
39
40
41
41
41
41
41
39
38
34
32
30
27
23
21
17
13
11
8
6
2
0
-2
-4
-6
-6
-7
-8
-8
-7
-8
-8
-8
-8
-7
-7
-7
-6
-6
-6
-5
-5
-5
-5
-5
-5
-6
