SAMPLES:	13730
BITSPERSAMPLE:	16
CHANNELS:	1
SAMPLERATE:	16000
NORMALIZED:	FALSE
-23
-34
-38
-41
-39
-24
-29
-35
-27
-17
-23
-32
-31
-41
-35
-17
-9
-7
-8
-11
-13
-17
-26
-35
-33
-31
-17
-2
13
21
8
6
-4
-17
-25
-23
-28
-27
-3
11
20
29
28
28
23
20
18
11
12
18
18
19
35
41
38
40
44
47
53
45
29
24
21
16
8
11
12
16
18
19
19
11
2
-17
-31
-29
-31
-42
-50
-44
-33
-30
-32
-33
-31
-34
-35
-36
-40
-41
-43
-44
-46
-43
-36
-34
-32
-29
-27
-25
-21
-17
-21
-23
-19
-12
-10
-11
-9
-7
-1
-2
-5
-6
1
5
2
2
2
5
9
6
-4
-1
7
9
16
25
29
31
31
26
18
6
-1
-6
-13
-6
3
11
23
28
27
28
26
11
4
-5
-14
-16
-11
-3
-2
5
5
3
1
-6
-21
-38
-40
-45
-50
-43
-35
-26
-16
-9
-8
-7
-6
-21
-34
-32
-28
-34
-34
-24
-14
-4
6
5
2
12
19
16
10
20
25
21
22
27
27
28
31
29
29
33
30
23
12
8
6
-4
-9
-5
4
10
17
21
20
19
10
2
-5
-9
-11
-10
-6
7
16
16
22
24
24
29
32
35
39
41
47
54
56
57
57
49
50
49
45
40
38
32
26
25
21
12
6
11
11
4
8
12
6
1
-1
-9
-19
-18
-25
-35
-32
-24
-27
-25
-17
-16
-13
-6
-4
-5
-4
-2
-6
-8
-4
-6
-4
-1
0
1
10
9
0
-2
2
-6
-12
-12
-14
-13
-8
-6
-2
4
10
10
1
-1
-4
-8
-15
-16
-17
-8
0
8
17
20
24
25
24
16
14
11
6
8
13
19
24
21
22
23
24
11
7
5
-1
-5
-8
-7
-11
-13
-18
-18
-14
-10
-14
-18
-12
-9
-18
-25
-25
-25
-26
-24
-20
-5
4
3
3
4
2
-3
-7
-11
-13
-9
-1
6
8
6
7
8
2
-4
0
-4
-10
-11
-8
-13
-16
-19
-27
-31
-22
-17
-24
-21
-7
-7
-17
-14
-11
-14
-15
-10
-8
3
11
14
17
21
21
20
16
13
11
16
16
12
16
24
24
22
25
23
20
22
20
9
6
7
-3
-11
-9
-9
-16
-18
-13
-15
-14
-13
-15
-23
-21
-16
-23
-25
-21
-18
-19
-12
-9
-9
-9
-9
-9
-13
-19
-24
-27
-22
-15
-13
-8
-2
1
4
4
-3
-11
-17
-19
-21
-18
-14
-12
-11
-9
-8
-10
-14
-22
-27
-23
-13
-9
-5
9
16
15
21
25
20
12
17
20
21
29
35
38
41
41
38
37
40
37
28
29
39
33
25
27
22
12
6
1
-3
-11
-17
-20
-25
-27
-26
-33
-37
-34
-30
-31
-32
-30
-28
-28
-28
-26
-25
-26
-27
-23
-21
-19
-20
-17
-14
-7
-8
-10
-8
-9
-9
-9
-5
-2
0
-2
1
5
-1
-10
-17
-19
-20
-18
-15
-12
-4
4
9
7
4
9
9
7
8
12
18
25
30
30
36
34
35
37
34
35
35
31
27
32
31
32
32
32
30
31
29
18
7
-2
-6
-12
-17
-16
-12
-12
-9
-9
-14
-20
-27
-38
-44
-43
-38
-37
-33
-25
-21
-18
-17
-22
-30
-30
-24
-23
-22
-12
-5
-2
-1
1
-1
0
0
-2
2
9
16
15
21
24
23
21
21
21
22
26
24
27
32
33
33
38
38
36
32
35
32
29
30
30
28
32
39
36
35
38
40
31
27
25
17
12
13
12
9
14
16
7
2
6
2
-9
-14
-15
-19
-22
-17
-17
-23
-17
-14
-21
-27
-22
-26
-37
-39
-36
-39
-43
-38
-33
-29
-22
-18
-22
-21
-20
-22
-28
-28
-23
-21
-18
-13
-7
-5
-2
-6
-12
-12
-12
-11
-9
-1
7
15
18
16
12
6
1
-5
-6
-3
4
6
11
15
14
11
7
2
-2
-1
-2
-3
2
8
11
9
8
9
10
7
6
2
-1
-3
-7
-9
-9
-7
-7
2
2
0
-2
-6
-13
-22
-24
-25
-23
-22
-15
-13
-12
-12
-17
-21
-23
-23
-24
-21
-17
-15
-14
-15
-12
-9
-4
-2
4
7
12
9
7
2
-1
-1
-2
8
12
18
20
21
13
4
-1
-10
-15
-11
0
7
16
23
20
12
6
-1
-13
-16
-10
-2
1
12
21
20
14
10
6
-3
2
1
1
2
9
10
8
9
5
4
-3
-3
-8
-13
-18
-19
-23
-24
-18
-15
-11
-13
-11
-11
-13
-19
-26
-25
-22
-12
-6
1
4
7
6
0
-1
-4
-6
-7
3
11
16
19
21
16
14
13
8
6
6
9
7
10
13
11
8
8
10
6
7
9
6
4
4
6
2
5
10
16
19
26
27
24
19
14
12
8
14
19
22
27
33
31
27
21
14
6
4
6
4
9
15
17
14
14
11
2
-5
-7
-9
-12
-11
-11
-14
-13
-11
-10
-11
-11
-11
-15
-21
-26
-31
-36
-34
-34
-29
-24
-20
-16
-18
-23
-29
-36
-42
-43
-38
-29
-21
-13
-5
-5
-8
-12
-16
-17
-13
-6
3
10
21
29
30
32
31
30
28
27
32
37
41
47
52
50
53
52
48
45
45
42
39
37
38
36
34
35
33
30
25
18
8
-3
-10
-14
-17
-18
-16
-11
-7
-9
-11
-15
-24
-34
-40
-43
-38
-34
-27
-20
-16
-11
-12
-16
-20
-22
-23
-21
-19
-13
-7
0
7
7
9
8
8
7
4
5
7
4
3
4
4
4
4
4
4
4
5
5
0
-2
-3
-5
-6
-5
-4
-3
-3
-1
-3
-5
-6
-10
-10
-6
-2
1
3
4
4
-1
-3
-9
-13
-13
-9
-4
4
11
14
11
6
0
-7
-15
-20
-21
-17
-9
-5
-1
3
3
-2
-5
-7
-9
-15
-20
-19
-16
-14
-13
-13
-9
-3
0
0
0
-2
-6
-13
-20
-23
-21
-16
-13
-5
2
5
2
-3
-6
-10
-18
-23
-23
-19
-13
-11
-7
-2
2
0
-2
-3
-2
-4
-5
-5
-3
-5
-3
-1
2
5
10
11
9
8
5
2
-2
-2
0
5
5
8
10
13
12
7
1
0
-3
-5
-7
-6
-3
-2
-3
-2
0
1
1
-2
0
-1
-2
-8
-10
-10
-7
-4
-2
-2
-2
-6
-11
-15
-16
-16
-18
-14
-10
-6
-2
1
-1
0
-4
-7
-11
-8
-6
-3
3
8
11
10
9
7
9
8
8
5
10
13
12
12
12
13
12
9
10
11
11
10
9
8
7
6
6
7
9
13
15
14
13
9
5
3
2
2
3
5
8
8
8
3
-2
-9
-15
-17
-18
-16
-10
-5
-3
-3
-8
-19
-27
-30
-30
-27
-20
-13
-9
-6
-6
-7
-7
-9
-9
-9
-7
-3
-2
0
4
7
7
11
13
15
18
19
19
16
14
12
10
12
18
22
26
29
28
23
18
13
5
1
0
3
6
10
13
12
9
4
-3
-8
-10
-11
-9
-7
-4
-3
-4
-5
-6
-6
-5
-6
-7
-5
-5
-4
-2
2
3
6
6
7
4
3
2
1
0
2
4
4
6
9
10
9
6
3
2
-1
-1
1
5
8
12
13
14
13
11
10
6
3
4
4
6
9
14
17
17
17
17
14
10
10
7
7
5
7
7
11
12
15
15
14
12
7
7
4
4
2
4
8
12
14
14
14
15
14
11
8
9
8
9
10
12
12
15
14
13
13
13
13
9
8
6
8
8
8
7
6
7
3
2
-1
-2
-2
-3
-2
-3
-3
-4
-3
-5
-7
-9
-11
-10
-10
-9
-8
-4
-2
0
0
1
1
0
0
-4
-2
1
6
9
9
10
10
9
7
5
2
3
4
3
3
5
7
6
6
6
6
5
2
-1
-4
-4
-6
-6
-9
-6
-4
-2
-1
-2
-3
-8
-12
-16
-18
-17
-15
-12
-8
-7
-9
-11
-14
-19
-23
-24
-20
-18
-16
-14
-11
-12
-12
-16
-19
-20
-19
-14
-14
-13
-10
-10
-13
-17
-20
-19
-19
-20
-18
-19
-19
-21
-23
-24
-26
-24
-21
-21
-18
-12
-13
-15
-20
-21
-22
-21
-15
-10
-4
1
2
0
-2
-7
-7
-5
-2
5
11
18
22
19
18
13
7
4
3
5
8
13
17
14
10
4
-3
-8
-9
-6
0
3
10
13
8
8
1
-3
-4
-3
2
8
11
13
11
6
2
-5
-6
-6
-4
2
3
5
4
-1
-4
-10
-14
-10
-7
-3
2
1
1
-7
-14
-18
-24
-24
-19
-12
-4
1
1
1
-5
-9
-15
-16
-13
-9
0
6
9
11
10
4
1
-5
-3
-3
-4
-1
0
2
1
1
0
1
1
4
5
3
4
-1
-3
-7
-10
-7
-6
-2
4
8
10
9
4
-1
-7
-10
-8
-5
1
5
11
15
14
13
9
5
4
3
2
5
5
8
4
2
0
-2
-1
-2
-1
2
4
4
2
0
-3
-6
-6
-4
-2
2
7
9
9
7
8
6
2
2
3
4
5
8
10
11
12
14
14
13
13
13
12
10
10
9
7
5
7
7
7
9
10
10
8
9
6
6
6
6
7
7
10
11
13
15
17
18
18
17
15
13
12
11
10
13
15
18
19
20
17
14
10
6
3
2
4
5
8
7
6
3
1
-3
-6
-7
-8
-7
-3
-2
-2
0
-3
-4
-8
-10
-10
-10
-9
-7
-7
-9
-9
-11
-13
-15
-16
-18
-17
-17
-16
-16
-16
-16
-17
-17
-18
-16
-17
-15
-15
-14
-13
-12
-11
-10
-8
-6
-3
-2
2
3
4
5
4
3
5
5
10
12
14
19
20
22
20
19
17
15
15
17
18
21
25
25
27
25
23
19
17
16
17
18
21
22
19
19
14
11
8
7
5
6
6
6
6
4
1
-4
-6
-8
-7
-9
-10
-13
-15
-17
-18
-17
-19
-17
-18
-17
-20
-19
-20
-23
-24
-23
-19
-17
-11
-11
-9
-12
-14
-16
-16
-14
-10
-5
-2
3
4
6
3
2
-2
-2
1
5
8
9
10
8
8
5
6
5
4
3
1
1
-2
-3
-7
-10
-11
-10
-9
-6
-7
-12
-16
-23
-29
-31
-31
-30
-29
-27
-25
-24
-25
-30
-34
-38
-39
-39
-34
-32
-31
-30
-32
-31
-29
-25
-24
-22
-21
-18
-18
-16
-14
-14
-12
-8
0
7
13
17
20
18
20
19
23
26
29
32
35
39
41
44
44
43
39
39
39
39
38
35
33
30
31
31
35
33
33
29
25
22
17
12
6
4
2
4
2
4
2
0
-2
-7
-8
-11
-11
-14
-15
-17
-16
-16
-14
-13
-9
-7
-8
-8
-13
-14
-17
-19
-19
-14
-10
-5
-1
-1
-2
-5
-8
-12
-14
-14
-12
-10
-9
-8
-9
-12
-14
-17
-17
-14
-13
-10
-8
-8
-8
-9
-10
-10
-9
-7
-2
2
6
9
10
9
8
8
9
11
14
15
15
14
12
10
9
9
10
12
14
16
17
16
12
7
2
-2
-5
-6
-3
1
4
9
11
11
8
1
-5
-12
-16
-15
-14
-9
-4
1
5
6
4
1
-5
-13
-17
-19
-19
-16
-12
-9
-6
-3
-4
-4
-7
-8
-8
-9
-9
-8
-7
-5
-3
-2
4
8
15
21
24
25
24
21
19
17
19
24
30
39
44
48
48
43
36
31
27
27
29
33
38
40
40
32
24
15
5
-1
-2
1
5
8
8
5
-2
-10
-20
-26
-31
-31
-28
-28
-26
-26
-28
-30
-31
-34
-31
-30
-25
-23
-24
-27
-34
-36
-38
-34
-27
-16
-6
5
8
7
1
-8
-15
-21
-19
-13
-3
8
19
26
28
24
18
12
8
8
9
13
14
16
14
12
11
9
11
15
21
26
30
27
22
11
3
-3
-4
0
7
18
30
37
40
34
27
17
9
5
5
9
16
22
27
30
29
27
23
21
19
19
18
14
10
5
2
-3
-6
-6
-2
3
7
9
6
1
-8
-17
-25
-31
-31
-29
-23
-15
-11
-10
-12
-19
-23
-28
-30
-31
-31
-28
-25
-24
-25
-27
-32
-35
-34
-28
-25
-19
-16
-16
-15
-19
-24
-30
-33
-33
-30
-23
-16
-10
-6
-3
-3
-4
-7
-10
-12
-12
-10
-7
-6
-3
2
5
10
12
16
16
14
11
5
-1
-6
-7
-5
-2
3
7
10
13
11
9
4
-1
-8
-12
-13
-14
-9
-7
-3
2
4
6
5
4
1
-3
-3
-7
-6
-7
-3
1
7
13
18
20
19
16
16
13
12
9
8
10
10
15
18
21
22
20
18
15
12
11
9
11
10
13
14
16
18
15
17
16
15
14
13
12
7
5
4
4
5
5
7
5
4
1
-4
-9
-14
-16
-18
-20
-17
-18
-13
-15
-18
-22
-27
-32
-34
-33
-32
-28
-24
-23
-20
-21
-25
-26
-29
-30
-31
-29
-28
-28
-25
-26
-25
-26
-29
-28
-27
-30
-30
-31
-31
-33
-30
-32
-28
-25
-22
-16
-14
-13
-13
-13
-12
-10
-6
-3
2
10
14
21
23
25
25
25
28
29
33
37
42
43
43
42
38
36
37
37
43
45
49
52
51
49
43
38
33
30
30
29
33
33
37
39
36
34
28
24
19
12
8
2
-2
-6
-11
-10
-12
-9
-9
-8
-11
-15
-20
-28
-33
-39
-41
-39
-35
-28
-22
-19
-17
-19
-19
-22
-22
-23
-20
-17
-14
-10
-7
-6
-5
-4
-4
-2
1
8
11
16
17
18
17
16
17
18
22
26
32
39
43
45
45
44
43
44
44
44
43
42
37
35
29
26
23
19
22
21
23
19
13
0
-14
-27
-39
-45
-44
-39
-32
-27
-24
-25
-31
-39
-49
-55
-59
-54
-49
-42
-35
-31
-28
-28
-29
-28
-28
-22
-17
-12
-10
-12
-16
-20
-19
-16
-9
2
13
21
23
19
12
4
-1
-1
7
15
27
37
43
45
42
35
31
30
34
40
48
55
59
57
53
48
40
39
39
44
48
50
48
44
36
28
21
16
14
16
13
10
5
-5
-14
-21
-26
-26
-22
-19
-15
-16
-21
-30
-37
-47
-50
-52
-44
-33
-24
-14
-9
-11
-19
-27
-34
-38
-37
-35
-26
-19
-15
-11
-15
-18
-21
-25
-25
-24
-21
-19
-17
-15
-17
-17
-21
-19
-16
-11
-5
-1
2
3
0
-5
-9
-13
-13
-9
-4
2
6
5
5
0
-9
-13
-19
-19
-15
-15
-11
-7
-8
-14
-18
-23
-28
-29
-29
-23
-16
-12
-8
-6
-9
-15
-22
-24
-24
-21
-15
-6
2
3
4
1
-1
-5
-9
-6
-3
0
3
5
8
6
3
3
4
6
9
14
17
20
20
16
14
13
12
14
20
25
29
31
31
29
25
19
17
17
17
19
21
23
23
21
16
13
12
9
9
9
12
13
10
10
8
3
0
-2
-2
-1
-3
-3
-2
-5
-9
-12
-14
-16
-21
-26
-28
-31
-35
-38
-38
-38
-40
-44
-45
-47
-52
-56
-59
-59
-60
-59
-57
-52
-50
-53
-52
-51
-50
-49
-44
-35
-29
-24
-22
-23
-24
-26
-24
-18
-10
0
8
14
15
15
12
10
10
12
18
22
29
33
31
29
25
22
22
23
29
36
38
34
28
22
14
9
9
17
24
29
33
29
20
7
-6
-11
-12
-8
-1
8
15
12
4
-2
-9
-14
-16
-7
5
13
20
22
22
15
13
19
30
44
58
72
79
79
75
72
73
74
84
96
109
119
120
119
111
101
94
89
92
96
101
102
95
85
70
56
44
37
37
37
35
31
22
6
-13
-29
-43
-54
-63
-71
-76
-83
-95
-108
-122
-135
-147
-157
-161
-164
-171
-177
-179
-184
-189
-190
-186
-177
-168
-160
-145
-132
-120
-106
-88
-66
-45
-20
6
31
53
74
98
119
136
154
171
190
205
221
237
247
256
260
263
262
260
257
257
255
251
250
249
243
233
219
204
185
160
137
115
89
61
33
4
-26
-59
-92
-124
-157
-190
-222
-256
-291
-322
-349
-370
-390
-403
-411
-421
-434
-446
-449
-448
-443
-420
-378
-333
-292
-253
-212
-185
-174
-164
-139
-104
-71
-27
32
89
121
134
143
148
142
134
153
192
228
260
293
325
334
321
308
308
308
308
320
345
366
368
356
341
320
285
250
225
212
193
169
143
116
79
32
-14
-53
-86
-116
-142
-160
-171
-188
-208
-227
-238
-250
-261
-266
-260
-250
-242
-236
-227
-219
-216
-219
-215
-208
-206
-202
-196
-183
-174
-172
-168
-163
-157
-154
-146
-127
-104
-80
-56
-27
-1
18
33
48
65
82
96
116
138
157
174
189
203
214
221
223
226
226
223
215
209
205
198
191
183
176
167
151
134
119
106
93
81
76
73
66
55
41
27
9
-13
-33
-48
-60
-74
-91
-106
-124
-145
-168
-185
-195
-201
-205
-205
-200
-196
-196
-193
-185
-174
-162
-148
-128
-108
-92
-80
-67
-50
-34
-19
1
22
42
54
63
73
81
87
92
103
112
121
121
119
119
115
110
107
113
121
124
125
124
118
106
91
83
81
81
78
78
76
66
47
23
6
-12
-27
-36
-40
-39
-46
-58
-67
-79
-89
-100
-102
-97
-93
-91
-89
-86
-89
-95
-96
-91
-81
-73
-63
-51
-44
-42
-46
-47
-42
-42
-40
-29
-17
-7
-1
4
9
12
11
15
22
30
37
44
55
63
70
78
87
93
97
97
98
98
94
92
91
89
87
80
75
68
57
45
34
25
16
7
1
-7
-14
-23
-31
-37
-42
-45
-46
-45
-45
-46
-47
-49
-52
-56
-56
-54
-51
-48
-46
-44
-43
-44
-41
-37
-31
-24
-18
-11
-5
-5
-2
0
3
6
9
17
25
29
33
38
43
48
52
58
67
69
72
71
68
64
58
51
50
46
42
37
28
18
4
-8
-19
-26
-28
-28
-30
-31
-34
-41
-49
-57
-62
-65
-67
-65
-63
-62
-65
-67
-68
-68
-67
-60
-51
-38
-29
-27
-23
-22
-27
-29
-27
-20
-11
-4
5
15
17
17
16
16
21
26
37
49
63
74
81
84
86
81
74
71
69
65
62
63
62
60
56
54
50
44
36
26
17
8
-1
-10
-16
-20
-25
-33
-40
-50
-59
-70
-80
-82
-83
-81
-77
-74
-72
-77
-85
-92
-100
-108
-114
-114
-111
-107
-104
-102
-97
-96
-95
-90
-84
-74
-64
-54
-40
-30
-23
-16
-6
5
12
19
31
42
46
48
47
49
50
47
51
59
67
70
73
79
82
79
74
72
76
76
76
79
82
82
73
68
66
62
53
45
39
32
21
6
-4
-10
-19
-29
-36
-40
-49
-64
-79
-86
-94
-103
-104
-93
-79
-69
-66
-61
-59
-69
-81
-84
-76
-65
-52
-32
-10
1
-2
-14
-25
-37
-48
-50
-35
-9
13
30
45
50
43
25
13
11
16
24
41
63
80
80
70
58
44
26
15
20
36
51
60
65
64
52
27
3
-7
-11
-8
4
24
44
46
40
30
18
5
-5
2
23
43
57
66
72
63
40
19
11
12
18
30
50
63
57
38
18
0
-19
-26
-16
8
28
38
41
33
11
-18
-39
-41
-33
-22
-8
8
11
-4
-30
-52
-68
-78
-72
-52
-26
-11
-10
-21
-40
-70
-95
-109
-105
-91
-71
-52
-36
-38
-51
-73
-89
-99
-99
-85
-63
-38
-21
-13
-14
-26
-46
-59
-64
-54
-39
-16
8
29
34
37
33
27
20
20
31
52
70
86
96
99
92
82
80
82
90
100
120
141
154
158
157
153
148
145
151
163
181
192
202
209
209
202
189
183
178
175
175
175
174
168
158
148
140
136
127
122
116
109
93
68
39
10
-21
-47
-66
-79
-91
-108
-123
-144
-167
-194
-219
-242
-257
-266
-271
-275
-281
-294
-307
-321
-331
-336
-335
-336
-333
-322
-313
-312
-317
-320
-320
-321
-322
-322
-322
-327
-346
-364
-376
-376
-375
-352
-296
-223
-158
-97
-39
-3
8
22
62
123
185
239
313
407
480
495
476
460
431
389
374
398
429
446
451
451
443
406
347
296
271
258
264
313
380
412
405
395
387
360
326
315
322
330
337
343
347
326
255
161
87
28
-26
-59
-74
-96
-130
-170
-205
-237
-273
-300
-301
-280
-257
-231
-207
-190
-187
-184
-166
-128
-88
-56
-22
23
65
100
141
183
194
183
191
209
213
217
242
253
243
226
218
216
204
156
106
96
98
82
94
141
143
92
61
49
3
-64
-97
-100
-102
-126
-161
-169
-182
-265
-395
-452
-457
-513
-611
-649
-641
-690
-809
-903
-929
-946
-1024
-1101
-1093
-1064
-1148
-1278
-1310
-1301
-1348
-1281
-916
-486
-319
-319
-164
59
-6
-271
-198
285
566
391
392
993
1515
1202
521
416
764
733
349
419
1030
1315
888
494
736
1046
692
88
109
645
911
814
907
1235
1241
811
529
724
947
779
552
739
1083
1020
640
443
426
175
-278
-461
-258
-100
-275
-518
-517
-438
-619
-953
-1076
-971
-906
-926
-835
-608
-456
-489
-584
-606
-572
-552
-521
-411
-241
-110
-60
-57
-91
-178
-295
-392
-425
-374
-250
-129
-63
-28
-14
-62
-166
-229
-188
-79
32
152
314
503
609
583
524
541
576
575
608
745
918
994
949
871
811
713
558
443
436
455
414
347
324
295
180
2
-130
-184
-212
-230
-205
-151
-140
-211
-320
-410
-458
-486
-520
-540
-511
-445
-399
-413
-488
-590
-674
-727
-760
-744
-670
-598
-593
-619
-616
-597
-612
-658
-690
-654
-541
-423
-338
-241
-133
-106
-143
-138
-76
-13
52
135
225
319
388
384
346
346
357
340
344
393
442
466
473
448
408
407
406
374
367
421
488
515
506
496
491
469
428
374
376
534
731
731
622
623
604
406
216
192
261
324
307
211
197
305
254
-41
-213
-174
-205
-230
-66
5
-91
-112
-172
-354
-371
-267
-318
-358
-268
-230
-195
-99
-157
-378
-480
-439
-442
-449
-371
-330
-396
-448
-480
-563
-633
-655
-688
-679
-577
-494
-490
-490
-503
-588
-678
-650
-547
-485
-454
-386
-315
-311
-355
-424
-476
-474
-459
-460
-420
-325
-285
-334
-381
-419
-490
-558
-582
-590
-579
-488
-308
-116
-2
78
155
207
347
593
721
686
753
901
877
794
892
1078
1142
1035
846
817
1036
1113
790
508
577
605
441
417
500
445
331
215
105
199
400
351
164
172
310
384
446
485
419
324
319
362
386
409
366
234
170
200
155
39
16
28
-36
-102
-73
17
29
-82
-206
-201
-83
1
-18
-46
36
142
124
84
154
210
160
136
183
235
280
270
154
50
19
-51
-161
-188
-204
-312
-400
-410
-452
-556
-649
-724
-806
-850
-861
-895
-909
-894
-952
-1076
-1128
-1127
-1171
-1213
-1206
-1194
-1196
-1206
-1248
-1330
-1404
-1450
-1514
-1598
-1573
-1492
-1538
-1482
-1041
-548
-412
-430
-251
50
168
37
33
468
998
1072
855
1038
1636
1814
1310
945
1126
1340
1318
1273
1342
1492
1492
1133
796
869
1006
832
611
645
807
944
1031
1018
878
739
698
735
859
1007
1004
915
949
1003
867
673
572
464
300
176
121
131
126
-66
-409
-626
-665
-748
-912
-994
-962
-932
-948
-977
-996
-1000
-1006
-1040
-1042
-900
-691
-577
-505
-385
-305
-306
-275
-182
-101
-53
-10
66
189
303
314
249
222
247
240
220
288
397
439
434
454
478
484
496
513
521
570
657
728
786
837
824
771
765
772
715
639
604
561
462
356
248
84
-82
-213
-383
-566
-675
-784
-944
-1078
-1193
-1320
-1420
-1526
-1667
-1770
-1781
-1751
-1751
-1786
-1808
-1836
-1881
-1895
-1882
-1840
-1754
-1706
-1710
-1643
-1557
-1558
-1578
-1568
-1538
-1464
-1399
-1387
-1309
-1187
-1158
-1053
-627
-129
68
131
413
798
962
932
1012
1372
1811
1951
1853
2061
2596
2749
2393
2186
2303
2368
2298
2209
2167
2220
2177
1852
1520
1450
1429
1225
977
882
891
875
847
785
606
413
300
214
211
312
287
155
156
208
102
-75
-171
-223
-306
-413
-471
-443
-399
-472
-714
-946
-980
-960
-1067
-1154
-1086
-1000
-995
-1034
-1056
-1030
-988
-987
-967
-817
-574
-387
-300
-209
-91
-53
-84
-34
79
146
204
310
427
522
546
498
490
545
543
505
562
669
688
616
549
527
521
473
383
339
375
381
312
275
252
160
47
-34
-95
-115
-114
-169
-254
-329
-426
-560
-692
-795
-875
-943
-1005
-1052
-1090
-1136
-1187
-1263
-1354
-1412
-1463
-1547
-1588
-1560
-1555
-1570
-1567
-1567
-1559
-1529
-1531
-1516
-1421
-1329
-1271
-1214
-1147
-1071
-1022
-1026
-1003
-930
-870
-821
-777
-663
-354
47
286
373
573
891
1062
1028
1049
1279
1635
1907
1926
1944
2274
2582
2446
2183
2177
2286
2317
2239
2122
2094
2135
1997
1640
1353
1289
1236
1011
791
730
747
721
603
400
221
142
45
-71
-60
44
59
-7
-18
-19
-85
-177
-245
-280
-271
-247
-226
-179
-136
-194
-364
-496
-526
-557
-625
-653
-638
-633
-654
-717
-783
-788
-781
-820
-850
-795
-683
-578
-527
-499
-479
-486
-488
-454
-380
-261
-105
20
105
201
263
237
189
168
156
196
295
366
388
388
361
282
197
148
107
84
106
106
60
69
66
-39
-181
-302
-380
-374
-353
-394
-422
-429
-484
-579
-695
-785
-814
-839
-874
-862
-843
-845
-832
-851
-927
-980
-977
-994
-1030
-1025
-988
-941
-904
-915
-951
-950
-924
-915
-911
-878
-812
-742
-688
-678
-731
-772
-738
-696
-690
-693
-661
-496
-161
123
215
291
490
687
743
735
856
1156
1497
1673
1683
1817
2153
2281
2062
1912
1990
2095
2143
2102
2003
2002
1996
1733
1367
1200
1166
1040
828
685
630
568
458
284
54
-114
-218
-357
-448
-401
-346
-395
-463
-499
-540
-608
-675
-699
-685
-641
-594
-568
-522
-448
-459
-556
-584
-540
-514
-490
-457
-426
-376
-339
-371
-430
-452
-438
-430
-420
-359
-281
-235
-216
-230
-271
-295
-297
-267
-194
-129
-46
75
154
172
155
120
115
138
158
215
319
427
467
416
372
351
267
212
254
265
272
307
243
150
97
-6
-121
-169
-202
-217
-221
-260
-280
-332
-487
-610
-665
-746
-821
-843
-858
-852
-840
-887
-958
-1011
-1038
-1079
-1152
-1166
-1098
-1074
-1066
-1017
-1010
-999
-936
-911
-905
-858
-823
-780
-700
-634
-581
-567
-571
-535
-530
-530
-453
-384
-384
-369
-269
7
372
511
503
636
853
977
964
958
1173
1533
1713
1674
1751
2060
2265
2108
1861
1831
1949
2008
1916
1769
1744
1779
1646
1359
1109
1009
942
737
473
340
313
262
114
-135
-362
-469
-578
-728
-801
-793
-806
-854
-928
-977
-971
-992
-1064
-1108
-1054
-949
-867
-781
-646
-551
-572
-607
-585
-524
-393
-279
-232
-147
-40
8
37
71
87
89
74
123
239
314
359
369
324
350
408
382
424
514
471
422
447
434
401
368
358
495
614
506
353
351
394
313
131
-32
-145
-164
-93
-165
-423
-605
-647
-652
-643
-705
-794
-771
-734
-764
-780
-752
-692
-636
-666
-741
-719
-610
-575
-662
-757
-751
-660
-588
-603
-693
-765
-791
-876
-998
-1020
-950
-924
-957
-973
-967
-942
-892
-859
-869
-862
-747
-597
-536
-500
-441
-462
-514
-470
-396
-366
-352
-358
-386
-279
134
733
1152
1269
1286
1305
1415
1639
1784
1850
2043
2288
2365
2448
2611
2552
2173
1743
1450
1318
1390
1462
1288
949
619
224
-206
-459
-599
-787
-989
-1061
-1013
-896
-789
-872
-1097
-1233
-1140
-942
-680
-336
-49
79
88
95
131
234
360
421
448
574
768
816
720
573
378
143
-23
-52
-6
52
15
-148
-324
-404
-423
-450
-444
-425
-359
-233
-93
67
241
348
387
482
596
696
836
928
856
783
832
818
753
746
607
304
128
41
-116
-174
-215
-408
-588
-656
-706
-790
-888
-996
-1071
-1084
-1024
-912
-836
-775
-750
-820
-892
-850
-749
-711
-708
-697
-703
-732
-762
-865
-990
-1031
-1066
-1097
-1044
-936
-902
-951
-1066
-1174
-1201
-1226
-1192
-1081
-958
-843
-698
-642
-692
-612
-484
-489
-511
-359
-196
-121
-55
-62
-135
-182
-207
-345
-448
-393
-100
518
1259
1702
1664
1470
1345
1437
1648
1803
1947
2220
2527
2625
2614
2450
2077
1562
1097
858
965
1318
1431
1136
574
27
-414
-707
-843
-887
-819
-709
-583
-531
-483
-476
-617
-820
-843
-517
-36
428
693
719
598
474
400
363
458
577
608
562
521
471
316
39
-297
-542
-626
-542
-397
-314
-306
-407
-588
-704
-649
-471
-221
18
154
263
359
477
678
843
904
996
1117
1112
1100
1046
805
545
427
379
364
399
252
-68
-345
-549
-714
-763
-686
-657
-656
-663
-668
-654
-653
-709
-744
-643
-489
-312
-224
-279
-389
-505
-634
-709
-679
-681
-683
-728
-908
-1129
-1304
-1477
-1592
-1572
-1575
-1570
-1504
-1514
-1601
-1626
-1649
-1683
-1543
-1304
-1101
-879
-686
-665
-696
-594
-446
-364
-331
-266
-111
80
183
67
-195
-354
-310
-266
-339
-360
-326
-385
-530
-389
290
1203
1726
1655
1397
1385
1813
2231
2279
2231
2479
2818
2938
2982
2853
2469
1900
1364
986
1023
1406
1445
909
196
-264
-600
-815
-936
-1041
-1059
-962
-788
-706
-551
-408
-455
-633
-553
-83
415
792
940
885
751
727
723
673
707
717
624
450
332
201
-39
-400
-740
-931
-973
-857
-736
-749
-843
-895
-973
-995
-778
-395
-57
161
291
432
707
986
1146
1178
1215
1299
1432
1470
1309
1122
846
486
243
254
227
83
-89
-423
-762
-910
-899
-956
-949
-875
-885
-878
-744
-561
-563
-604
-582
-511
-373
-141
63
49
-45
-153
-282
-404
-427
-435
-598
-834
-1021
-1190
-1419
-1594
-1666
-1795
-1957
-1980
-1891
-1809
-1719
-1703
-1889
-1981
-1750
-1429
-1167
-868
-614
-569
-557
-478
-414
-346
-181
-6
74
248
487
505
242
-91
-348
-472
-365
-160
-72
-124
-223
-307
-117
544
1211
1398
1338
1413
1680
2096
2386
2381
2347
2523
2715
2826
2927
2908
2636
2107
1643
1423
1460
1538
1334
781
204
-85
-295
-490
-677
-835
-965
-1001
-919
-811
-641
-531
-538
-608
-469
-106
250
496
553
528
498
536
600
645
640
556
435
242
126
73
-90
-362
-645
-850
-932
-858
-815
-878
-940
-968
-899
-731
-512
-373
-284
-209
-54
333
768
1004
1040
1056
1046
1130
1275
1204
1025
906
789
636
593
520
279
-24
-348
-609
-707
-648
-642
-772
-919
-1015
-1046
-1049
-1006
-941
-874
-799
-672
-495
-381
-323
-328
-425
-488
-402
-296
-272
-262
-347
-560
-780
-945
-1081
-1195
-1263
-1391
-1528
-1602
-1610
-1677
-1842
-1959
-1998
-1863
-1591
-1316
-1226
-1190
-1074
-964
-766
-518
-317
-243
-122
-21
37
171
289
274
142
217
386
502
520
405
141
-79
-146
-201
172
986
1610
1630
1382
1213
1255
1538
1737
1820
1976
2358
2670
2748
2718
2540
2072
1539
1358
1436
1680
1889
1690
1085
490
79
-255
-443
-492
-507
-589
-654
-606
-604
-724
-838
-919
-928
-647
-203
56
205
315
243
77
69
230
397
523
579
552
456
375
255
-22
-251
-320
-389
-478
-435
-399
-531
-672
-777
-817
-724
-541
-419
-375
-281
-133
81
305
456
510
559
673
821
995
1001
844
741
709
630
593
599
426
199
6
-211
-387
-437
-465
-583
-685
-755
-817
-901
-956
-969
-981
-950
-887
-811
-725
-628
-563
-560
-574
-560
-544
-552
-532
-496
-539
-627
-708
-760
-798
-864
-936
-1016
-1158
-1280
-1288
-1322
-1363
-1314
-1286
-1317
-1277
-1182
-1108
-976
-830
-706
-593
-535
-505
-418
-285
-197
-85
64
164
209
231
209
98
-26
-72
-104
-174
-52
530
1257
1592
1453
1156
1021
1210
1558
1699
1802
2165
2538
2584
2514
2519
2321
1946
1699
1707
1823
1984
1972
1533
980
627
350
0
-157
-144
-286
-489
-578
-665
-869
-1030
-1108
-1126
-934
-582
-343
-303
-243
-125
-84
-45
125
341
475
591
726
758
700
614
441
239
218
304
236
96
1
-149
-374
-485
-477
-493
-484
-430
-390
-417
-330
-153
-121
-136
-59
36
102
339
539
491
439
454
433
424
539
594
527
449
363
236
73
-36
-149
-308
-406
-392
-426
-578
-697
-797
-907
-953
-900
-855
-890
-898
-888
-885
-844
-749
-742
-846
-839
-772
-724
-682
-668
-715
-787
-807
-867
-937
-992
-976
-945
-994
-1014
-1004
-1011
-1053
-1024
-1007
-1004
-941
-869
-809
-781
-711
-694
-721
-708
-537
-321
-221
-112
-98
-183
-203
-84
-26
-24
54
30
-53
121
677
1205
1341
1204
1089
1169
1508
1885
1970
1931
2095
2310
2362
2453
2532
2321
1932
1743
1820
1984
2053
1839
1353
878
660
538
341
148
-26
-314
-589
-629
-628
-797
-1011
-1146
-1181
-1017
-712
-575
-671
-750
-723
-626
-425
-136
54
80
112
205
316
431
495
429
346
387
472
503
459
368
212
42
-32
30
83
33
-34
-119
-177
-131
-44
3
41
86
101
143
229
280
254
139
124
242
345
392
416
387
284
231
166
97
77
53
-39
-129
-152
-213
-367
-543
-637
-677
-672
-633
-649
-766
-872
-935
-1001
-1007
-960
-954
-992
-968
-936
-949
-989
-1040
-1098
-1125
-1026
-870
-750
-732
-801
-942
-1071
-1051
-945
-835
-759
-678
-612
-569
-536
-571
-660
-689
-601
-468
-320
-150
-104
-186
-264
-261
-207
-129
-41
-32
-19
-11
-2
-36
-92
-119
-20
396
886
1136
1040
913
947
1127
1345
1435
1527
1732
1983
2090
2115
2151
2075
1851
1711
1824
2024
2102
1974
1649
1276
1044
905
744
596
470
268
45
-75
-143
-318
-580
-778
-856
-801
-687
-620
-696
-806
-851
-863
-803
-643
-494
-480
-490
-390
-252
-142
-65
-63
-77
-1
163
247
288
343
311
223
228
374
481
500
466
419
390
404
425
408
436
488
463
398
411
378
229
93
26
9
34
33
-34
-124
-204
-315
-400
-425
-429
-436
-476
-489
-504
-530
-582
-631
-631
-607
-557
-519
-474
-444
-444
-509
-587
-580
-521
-494
-500
-497
-524
-543
-544
-584
-656
-641
-598
-636
-647
-574
-595
-691
-680
-598
-563
-544
-510
-539
-559
-506
-439
-403
-359
-298
-263
-227
-183
-179
-193
-168
-140
-122
-84
-39
-39
-48
-44
-57
-83
-81
-84
-112
-110
-78
-60
-67
-31
76
293
450
456
433
494
618
715
800
857
955
1069
1160
1225
1281
1300
1231
1153
1166
1273
1329
1310
1216
1070
935
834
752
686
672
647
581
535
532
488
349
205
135
121
133
159
167
135
79
-14
-93
-89
-71
-95
-140
-179
-212
-282
-348
-406
-461
-491
-516
-512
-500
-481
-496
-557
-590
-577
-519
-453
-368
-259
-164
-86
-17
12
35
87
125
202
319
380
380
357
314
257
217
221
244
247
216
133
9
-79
-152
-254
-297
-287
-312
-379
-383
-415
-481
-540
-599
-604
-634
-579
-546
-592
-587
-554
-541
-523
-448
-387
-330
-320
-275
-184
-153
-147
-127
-107
-100
-56
-69
-71
-36
-56
-82
-94
-84
-38
-27
-80
-95
-85
-98
-124
-145
-146
-169
-203
-217
-254
-272
-260
-283
-309
-311
-323
-352
-337
-312
-300
-292
-312
-317
-321
-326
-307
-275
-253
-224
-177
-86
55
148
174
176
201
260
346
437
500
540
573
601
628
671
695
676
615
597
671
744
753
725
700
667
653
663
671
687
683
648
637
655
660
632
580
539
526
547
588
597
552
474
403
339
307
283
213
122
44
-5
-54
-92
-158
-254
-338
-392
-380
-345
-325
-337
-359
-366
-345
-294
-242
-189
-158
-134
-105
-77
-28
14
19
13
37
78
121
139
108
64
27
13
15
5
-24
-65
-138
-203
-219
-238
-281
-344
-391
-409
-417
-420
-443
-490
-525
-547
-544
-492
-432
-450
-495
-485
-457
-395
-327
-287
-264
-248
-241
-212
-179
-163
-126
-104
-103
-70
-14
20
25
28
46
61
79
119
151
156
163
169
152
153
171
156
134
98
63
43
20
6
-50
-139
-194
-222
-249
-242
-242
-274
-320
-366
-380
-375
-360
-352
-357
-366
-324
-331
-440
-417
-286
-261
-249
-187
-166
-140
-104
-76
-51
-27
48
141
203
257
314
341
346
344
383
467
563
618
636
645
668
701
712
738
788
843
872
907
938
946
888
827
802
784
791
775
726
649
579
507
434
404
367
296
242
211
168
140
92
31
-25
-72
-78
-67
-50
-40
-56
-74
-88
-73
-68
-84
-76
-81
-81
-83
-90
-113
-152
-190
-201
-216
-232
-243
-291
-329
-366
-390
-418
-484
-506
-541
-571
-572
-597
-612
-627
-672
-698
-693
-681
-604
-594
-673
-607
-543
-512
-365
-356
-315
27
-136
-490
-3
129
-289
-117
120
-29
-37
111
154
38
-32
142
97
-22
161
189
71
134
180
123
159
187
149
155
163
177
191
145
124
130
67
28
55
26
-36
-47
-69
-144
-212
-179
-176
-250
-260
-259
-283
-312
-302
-329
-390
-367
-313
-326
-319
-287
-321
-291
-258
-298
-268
-217
-267
-303
-253
-207
-189
-204
-217
-179
-137
-78
-13
10
36
49
42
139
295
351
418
509
586
668
709
771
829
861
904
928
948
981
940
839
799
759
710
708
710
659
663
630
519
492
436
361
341
310
298
346
322
268
252
214
146
122
129
124
159
139
80
113
127
17
-15
-26
-53
-55
-120
-171
-204
-249
-342
-399
-412
-449
-544
-533
-519
-614
-597
-566
-643
-689
-610
-608
-678
-663
-540
-513
-610
-575
-438
-430
-502
-466
-310
-271
-348
-317
-240
-201
-247
-268
-213
-82
-123
-225
-91
-44
-163
-105
44
11
-56
-43
174
157
17
177
136
16
177
214
166
226
187
208
174
189
216
82
118
193
15
9
97
-16
-73
-62
-36
-124
-121
-64
-137
-182
-126
-81
-114
-127
-147
-168
-184
-90
-52
-149
-194
-152
-127
-151
-178
-213
-200
-188
-267
-261
-176
-173
-193
-219
-271
-236
-154
-186
-189
-144
-126
-126
-106
-40
64
118
102
149
230
298
371
370
368
355
373
430
446
501
533
526
508
554
579
530
530
552
574
615
646
671
678
639
604
658
580
580
691
636
561
520
470
542
430
267
453
457
213
186
296
257
-21
-106
-113
-135
-183
-270
-240
-278
-369
-448
-356
-414
-503
-513
-485
-352
-553
-532
-193
-461
-689
-302
-214
-556
-424
-228
-293
-320
-337
-380
-341
-339
-409
-373
-402
-438
-311
-435
-446
-198
-448
-521
-219
-281
-452
-260
-249
-279
-324
-228
-41
-307
-144
144
-15
-113
191
201
-83
131
70
57
124
118
179
123
64
158
226
47
89
32
171
22
-70
159
30
36
30
-16
-27
0
18
-52
-23
19
-118
-58
-18
-150
-200
-110
-66
-293
-221
6
-44
-238
-148
-183
-216
-104
-191
-176
-106
-53
-90
-253
-60
-16
-225
-64
-1
-52
70
-68
-30
20
-99
2
-48
-81
136
94
-52
75
160
123
3
108
324
330
283
355
434
433
418
532
545
500
710
665
595
690
768
626
457
641
646
545
511
524
633
485
206
265
300
165
116
155
6
0
92
149
-99
-31
159
-84
-269
-2
61
-18
-81
-275
60
64
-71
-8
-275
-3
106
-359
-34
-104
-322
4
-285
-464
121
-248
-386
-371
-621
-300
-445
-498
-290
-739
-436
-401
-576
-410
-420
-720
-687
-203
-530
-454
-234
-465
-387
-365
-412
-270
-137
-258
-313
-241
-321
95
-333
-326
-85
-56
-23
-188
15
131
-65
-113
130
8
360
315
-5
65
336
148
-37
-20
234
160
-222
181
297
44
41
-215
-185
332
1
-43
-115
-223
70
63
-172
2
254
69
-93
-81
230
330
-75
-268
286
358
111
199
111
12
66
33
17
-10
199
160
-262
-164
190
68
-341
-164
-63
-127
6
37
-35
-110
44
172
-143
-13
494
226
-137
153
485
287
158
391
406
218
269
537
393
220
426
399
140
334
591
194
141
262
363
336
98
449
475
104
285
443
253
435
454
213
277
491
466
181
352
558
204
191
580
232
116
327
71
156
101
42
22
-271
1
-103
-542
-277
-220
-430
-331
-346
-712
-393
-400
-724
-597
-648
-593
-478
-731
-743
-307
-583
-675
-598
-665
-602
-496
-505
-613
-659
-788
-282
-406
-902
-267
-436
-636
-229
-425
-493
-310
-145
-89
-207
-404
117
115
-405
40
196
-52
148
203
10
8
9
120
73
-212
64
244
-4
-33
70
-223
-129
4
-179
-22
-99
-74
46
-180
-175
72
122
178
140
202
360
334
209
214
253
193
222
355
310
277
325
266
161
147
270
181
109
205
229
181
140
146
245
272
263
393
404
380
513
565
573
627
717
769
747
800
880
876
819
804
780
773
791
712
664
641
564
542
491
413
411
373
302
282
307
282
234
166
144
227
198
123
149
103
133
79
-40
22
59
-61
-112
-65
-54
-36
-166
-275
-186
-188
-304
-303
-375
-463
-534
-661
-651
-641
-710
-736
-821
-911
-749
-720
-937
-936
-888
-919
-814
-820
-772
-713
-859
-811
-721
-765
-687
-627
-815
-904
-687
-631
-703
-583
-561
-617
-604
-599
-552
-556
-573
-422
-427
-566
-414
-410
-517
-448
-339
-260
-284
-316
-273
-305
-408
-366
-272
-315
-329
-230
-211
-291
-284
-214
-178
-178
18
150
134
380
891
1142
1037
993
1160
1442
1809
1963
1889
1920
2052
2176
2197
2191
2223
2078
1749
1663
1692
1687
1564
1198
826
629
561
433
218
-4
-214
-414
-537
-557
-565
-659
-771
-837
-841
-654
-462
-452
-502
-428
-254
-47
139
243
340
355
427
529
597
711
796
797
835
956
950
842
757
610
491
436
374
316
236
38
-155
-291
-365
-343
-373
-488
-565
-601
-650
-643
-665
-728
-734
-718
-697
-663
-595
-552
-625
-637
-541
-511
-480
-416
-418
-475
-450
-402
-393
-359
-345
-408
-563
-646
-615
-570
-578
-659
-791
-877
-901
-985
-1171
-1311
-1170
-955
-915
-1052
-1175
-1220
-1265
-1319
-1270
-1087
-920
-853
-978
-1027
-961
-954
-987
-1032
-993
-776
-541
-543
-673
-797
-911
-953
-854
-638
-69
754
1239
1113
778
718
1073
1536
1875
2116
2378
2707
2925
2907
2831
2793
2651
2468
2458
2677
2887
2800
2330
1717
1185
933
940
865
662
447
166
-169
-391
-563
-683
-745
-826
-820
-674
-502
-418
-442
-515
-461
-259
23
325
534
640
645
605
706
821
932
1008
948
879
878
850
757
696
535
304
136
49
46
-19
-180
-435
-574
-522
-443
-413
-523
-681
-765
-724
-588
-515
-452
-427
-438
-421
-340
-219
-92
-70
-168
-243
-230
-113
-58
-62
-174
-305
-376
-384
-415
-468
-493
-612
-677
-688
-703
-702
-771
-984
-1097
-1081
-1047
-981
-1016
-1093
-1172
-1250
-1257
-1205
-1217
-1171
-1206
-1366
-1407
-1283
-1154
-1164
-1165
-1180
-1155
-1090
-1004
-908
-953
-1044
-980
-886
-851
-712
-584
-639
-740
-713
-573
-467
-347
-117
350
940
1357
1427
1288
1335
1663
2052
2258
2387
2595
2790
2898
2900
2788
2650
2544
2374
2215
2188
2274
2168
1711
1137
725
533
489
415
264
102
-137
-333
-481
-547
-556
-546
-551
-505
-340
-134
34
73
1
18
179
387
592
723
832
789
706
684
703
731
767
753
603
476
425
333
199
54
-88
-139
-143
-161
-254
-360
-454
-513
-504
-462
-354
-271
-158
-10
60
103
132
216
268
305
349
366
356
424
443
267
89
21
-70
-156
-158
-276
-409
-499
-690
-896
-1010
-1054
-1064
-1135
-1232
-1270
-1285
-1320
-1296
-1266
-1262
-1303
-1290
-1216
-1164
-1064
-1000
-1081
-1158
-1165
-1134
-1065
-984
-1006
-1137
-1219
-1164
-1112
-1172
-1209
-1129
-1062
-973
-909
-960
-1000
-1005
-994
-981
-838
-580
-440
-406
-391
-381
-327
-244
-206
-294
-150
417
1258
1929
2030
1733
1503
1589
1919
2251
2432
2700
2984
3074
2945
2709
2554
2397
2187
1976
1964
2126
2237
2068
1487
840
444
289
334
398
374
260
36
-269
-541
-688
-646
-551
-465
-393
-279
-153
-131
-137
-289
-345
-192
-2
189
348
350
296
205
85
63
163
285
320
295
203
166
148
93
19
-18
3
57
40
-27
-47
-28
-69
-45
24
50
118
133
122
95
66
76
156
220
228
229
265
265
178
112
9
-114
-146
-139
-138
-140
-192
-329
-467
-573
-659
-635
-614
-563
-576
-727
-828
-841
-906
-965
-941
-913
-896
-870
-876
-915
-932
-977
-1073
-1185
-1227
-1151
-1051
-945
-981
-1156
-1256
-1249
-1194
-1140
-1063
-1042
-1038
-1115
-1186
-1083
-986
-874
-808
-795
-782
-707
-624
-601
-553
-509
-516
-465
-296
-168
-53
-55
-147
-125
356
1170
1768
1912
1749
1616
1646
1817
2061
2294
2499
2626
2626
2415
2200
2096
1938
1702
1507
1486
1552
1645
1522
1135
652
388
301
325
494
687
766
664
497
339
340
388
374
651
986
842
631
658
681
557
118
-137
66
219
211
18
-351
-467
-437
-602
-896
-1069
-793
-429
-513
-858
-951
-736
-545
-632
-732
-528
-223
-94
-113
-159
-89
67
106
-9
-100
-59
127
209
62
-174
-269
-211
-168
-85
28
105
76
-16
-34
-9
68
164
242
331
328
335
429
437
356
277
267
309
336
318
229
83
-59
-165
-254
-377
-491
-598
-714
-796
-920
-996
-1037
-1115
-1238
-1278
-1260
-1193
-1112
-1153
-1245
-1342
-1396
-1350
-1245
-1219
-1315
-1388
-1358
-1358
-1339
-1291
-1267
-1307
-1303
-1237
-1208
-1197
-1187
-1118
-1077
-1073
-1024
-884
-661
-503
-531
-655
-494
194
1190
1987
2139
1891
1690
1834
2196
2497
2694
2797
2888
2849
2705
2478
2243
2024
1780
1579
1490
1548
1658
1613
1261
774
440
450
672
917
1054
1109
1079
992
938
877
929
1067
1212
1229
1139
969
756
526
248
17
-207
-351
-436
-523
-685
-956
-1198
-1419
-1544
-1569
-1518
-1421
-1335
-1263
-1240
-1216
-1149
-1042
-906
-717
-534
-439
-383
-325
-252
-208
-165
-174
-198
-153
-85
-21
-30
-41
-100
-86
13
139
314
448
506
519
548
580
644
730
842
938
1021
1071
1040
957
873
839
805
755
756
673
492
244
-24
-214
-335
-404
-500
-660
-835
-954
-1093
-1221
-1345
-1447
-1540
-1590
-1544
-1489
-1458
-1502
-1660
-1796
-1816
-1781
-1710
-1611
-1463
-1354
-1390
-1499
-1558
-1545
-1434
-1246
-1123
-1114
-1114
-1068
-1011
-943
-933
-971
-874
-737
-608
-428
-257
-167
-279
-495
-387
344
1362
2083
2175
1890
1744
1755
1952
2266
2490
2640
2671
2608
2498
2349
2147
1884
1653
1583
1669
1708
1692
1609
1383
1057
724
608
778
1090
1313
1291
1084
818
650
601
645
788
905
892
758
474
155
-101
-285
-407
-524
-634
-728
-869
-1007
-1148
-1327
-1508
-1600
-1550
-1382
-1212
-1143
-1116
-1111
-1071
-981
-824
-594
-384
-180
-31
33
61
106
197
258
296
340
408
502
608
632
536
429
368
333
359
434
524
557
542
508
418
355
386
458
544
627
637
549
420
351
258
190
168
127
87
-26
-204
-380
-538
-600
-657
-792
-946
-1084
-1210
-1301
-1334
-1377
-1436
-1519
-1619
-1686
-1677
-1637
-1584
-1552
-1560
-1588
-1555
-1420
-1356
-1331
-1294
-1243
-1178
-1070
-960
-950
-962
-964
-947
-907
-830
-708
-599
-475
-342
-243
-210
-168
-94
1
111
167
173
333
861
1561
2042
2019
1753
1588
1667
2027
2351
2447
2315
2223
2201
2105
1958
1753
1557
1439
1462
1469
1363
1259
1162
966
687
496
491
648
874
992
887
661
422
320
389
490
603
619
555
431
205
-68
-277
-372
-440
-496
-560
-660
-794
-918
-1031
-1170
-1256
-1229
-1128
-979
-886
-845
-813
-778
-677
-541
-365
-200
-48
116
199
221
213
193
208
292
408
476
521
573
565
519
429
277
154
133
243
329
363
327
228
90
-17
-39
20
125
231
283
228
105
15
-46
-83
-94
-115
-172
-231
-310
-408
-557
-687
-761
-843
-906
-998
-1113
-1205
-1225
-1236
-1268
-1364
-1483
-1609
-1612
-1510
-1441
-1436
-1505
-1625
-1666
-1584
-1383
-1195
-1118
-1052
-1026
-1005
-931
-853
-835
-793
-707
-632
-590
-540
-473
-405
-340
-283
-276
-227
-145
-74
6
18
10
109
342
737
1201
1557
1685
1613
1499
1507
1698
1949
2094
2115
2097
2048
2016
1945
1814
1676
1584
1558
1538
1506
1406
1253
1080
908
792
766
791
814
811
734
605
465
397
385
448
513
493
410
279
115
-45
-157
-217
-240
-278
-333
-423
-566
-673
-748
-837
-877
-897
-886
-847
-794
-777
-764
-766
-711
-609
-521
-442
-381
-312
-266
-204
-170
-113
-52
44
164
222
263
291
283
256
242
192
123
147
197
246
312
349
328
274
261
277
298
353
418
404
334
279
244
189
150
117
21
-60
-138
-223
-347
-476
-604
-755
-871
-945
-1019
-1109
-1163
-1238
-1338
-1421
-1459
-1449
-1457
-1477
-1472
-1497
-1500
-1487
-1441
-1371
-1285
-1165
-1105
-1025
-905
-908
-955
-951
-932
-880
-793
-709
-737
-776
-791
-751
-629
-535
-416
-331
-304
-255
-182
-126
-93
-42
43
285
743
1305
1679
1681
1494
1343
1420
1766
2116
2279
2262
2162
2088
2065
2076
2029
1875
1761
1741
1777
1743
1599
1353
1087
926
887
949
984
969
910
777
605
463
366
338
417
504
540
460
268
37
-176
-258
-249
-242
-273
-342
-494
-670
-826
-962
-1055
-1121
-1118
-1119
-1120
-1102
-1120
-1153
-1167
-1102
-995
-873
-758
-656
-564
-492
-398
-284
-164
-2
148
248
325
365
422
476
506
495
418
355
344
333
332
339
308
247
189
156
164
156
144
143
122
97
57
15
1
13
7
-23
-66
-120
-194
-246
-286
-345
-392
-457
-566
-682
-785
-889
-990
-1063
-1120
-1177
-1215
-1260
-1323
-1410
-1504
-1566
-1556
-1471
-1374
-1277
-1227
-1248
-1258
-1246
-1208
-1117
-980
-884
-848
-860
-883
-845
-771
-669
-532
-437
-363
-304
-243
-159
-64
34
126
209
280
331
340
356
431
494
593
833
1144
1430
1569
1532
1405
1338
1425
1601
1774
1872
1879
1837
1764
1708
1650
1557
1502
1472
1449
1412
1333
1231
1107
1008
933
880
844
765
679
603
533
454
378
317
253
205
155
99
27
-68
-175
-271
-322
-375
-464
-563
-673
-785
-862
-905
-932
-953
-954
-969
-995
-983
-945
-875
-791
-705
-638
-558
-465
-406
-348
-285
-198
-111
-30
47
88
90
78
65
70
96
119
109
56
22
1
-10
29
100
159
172
171
164
145
137
153
186
236
291
305
280
222
167
129
109
81
30
-21
-83
-184
-334
-484
-625
-724
-795
-850
-875
-937
-1024
-1116
-1216
-1290
-1336
-1335
-1267
-1195
-1162
-1136
-1127
-1100
-1027
-928
-838
-767
-728
-727
-700
-666
-649
-594
-520
-468
-431
-389
-364
-345
-330
-309
-246
-174
-82
-10
14
48
72
86
130
172
223
293
343
397
463
549
721
910
1021
1048
1050
1091
1176
1265
1317
1313
1284
1270
1275
1320
1347
1333
1280
1222
1190
1158
1133
1074
977
890
844
852
842
748
624
511
426
380
357
354
347
288
218
163
96
16
-69
-118
-152
-188
-187
-191
-265
-341
-422
-496
-522
-514
-486
-506
-544
-547
-558
-592
-614
-620
-622
-600
-571
-501
-425
-385
-366
-344
-325
-298
-230
-166
-139
-114
-65
-15
40
97
120
128
156
210
239
237
206
148
98
78
96
116
124
90
40
-11
-42
-54
-94
-154
-216
-268
-332
-395
-443
-510
-566
-583
-588
-583
-598
-652
-707
-757
-774
-757
-765
-798
-846
-897
-920
-896
-852
-800
-764
-770
-780
-784
-774
-756
-746
-715
-653
-574
-491
-429
-416
-415
-393
-369
-332
-264
-205
-180
-168
-167
-185
-194
-156
-100
-55
-12
7
13
29
32
34
36
56
102
225
419
578
659
678
691
727
791
878
938
988
1032
1082
1157
1214
1233
1193
1115
1074
1068
1097
1115
1101
1045
963
909
882
862
800
712
639
581
564
571
555
506
415
325
262
219
188
141
78
-4
-68
-117
-171
-196
-242
-294
-345
-388
-406
-447
-468
-488
-527
-557
-572
-548
-515
-487
-464
-439
-390
-349
-322
-282
-228
-179
-140
-100
-53
-37
-28
-14
6
27
45
63
50
29
3
1
4
-23
-48
-81
-103
-93
-98
-117
-159
-205
-246
-274
-279
-287
-301
-327
-356
-403
-442
-435
-440
-460
-451
-446
-441
-460
-501
-542
-576
-605
-641
-653
-648
-647
-663
-706
-753
-778
-784
-774
-749
-699
-660
-642
-639
-656
-671
-678
-662
-635
-587
-518
-458
-409
-385
-390
-392
-366
-306
-232
-161
-104
-80
-65
-46
-9
49
99
137
173
201
210
219
264
360
478
558
596
613
634
675
722
753
769
775
797
859
931
971
962
931
903
907
926
933
942
930
919
918
916
897
850
798
735
692
673
655
635
612
572
525
501
481
443
406
366
305
224
143
88
34
-28
-88
-158
-218
-276
-329
-366
-399
-405
-407
-412
-408
-402
-422
-456
-450
-422
-376
-323
-267
-238
-261
-285
-270
-241
-203
-137
-81
-66
-71
-83
-102
-103
-75
-47
-25
-18
-27
-59
-82
-89
-125
-173
-205
-216
-224
-232
-248
-268
-301
-352
-391
-420
-436
-449
-466
-478
-500
-526
-549
-572
-588
-590
-568
-556
-567
-581
-598
-623
-654
-686
-707
-705
-669
-628
-608
-618
-635
-661
-678
-654
-614
-573
-533
-509
-498
-491
-468
-443
-430
-392
-330
-277
-237
-212
-215
-229
-217
-181
-131
-84
-49
-38
-48
-65
-85
-92
-81
-51
14
133
281
376
393
395
417
501
633
739
798
825
850
916
1006
1076
1097
1089
1071
1085
1134
1164
1152
1106
1052
1011
1002
1002
961
863
759
689
652
649
664
659
616
562
513
469
423
387
366
349
332
303
256
190
113
37
-41
-94
-107
-113
-146
-199
-268
-362
-450
-501
-516
-523
-517
-508
-527
-574
-623
-663
-684
-666
-624
-573
-503
-434
-402
-397
-376
-341
-306
-249
-186
-152
-140
-108
-76
-48
-19
-8
-24
-45
-44
-33
-32
-48
-74
-93
-97
-97
-115
-139
-170
-202
-238
-275
-290
-288
-299
-327
-353
-391
-436
-464
-475
-478
-493
-522
-552
-576
-579
-582
-609
-644
-667
-679
-676
-652
-629
-617
-616
-619
-616
-603
-589
-580
-583
-563
-518
-470
-442
-421
-412
-416
-408
-392
-376
-356
-333
-317
-308
-286
-252
-240
-251
-254
-236
-201
-160
-126
-58
72
238
372
438
474
522
598
680
740
776
816
883
990
1111
1201
1216
1174
1144
1154
1191
1224
1246
1235
1197
1154
1128
1114
1083
1017
947
917
920
914
889
835
754
679
626
588
536
464
370
271
191
129
65
-4
-88
-181
-252
-300
-344
-418
-498
-556
-590
-603
-607
-623
-647
-685
-713
-732
-723
-687
-653
-624
-608
-596
-588
-570
-541
-496
-436
-379
-314
-268
-252
-255
-256
-254
-254
-235
-175
-107
-65
-47
-37
-41
-49
-37
-2
39
60
62
70
72
73
67
53
61
78
75
52
33
12
-10
-33
-50
-68
-98
-118
-138
-172
-219
-275
-331
-379
-409
-430
-458
-506
-564
-611
-641
-675
-725
-769
-795
-809
-816
-810
-806
-820
-846
-860
-854
-825
-785
-740
-704
-676
-641
-596
-561
-537
-511
-483
-434
-352
-258
-193
-175
-174
-170
-151
-105
-52
-10
39
135
249
331
378
415
458
502
560
626
688
755
822
887
966
1062
1135
1171
1197
1228
1251
1274
1301
1318
1318
1318
1332
1325
1279
1212
1128
1039
973
928
888
832
752
653
548
461
384
296
211
145
77
11
-49
-111
-179
-262
-338
-397
-439
-455
-474
-510
-551
-590
-632
-658
-667
-673
-684
-686
-677
-672
-674
-660
-623
-593
-589
-589
-576
-555
-523
-491
-468
-441
-396
-353
-318
-303
-285
-252
-205
-137
-79
-35
-2
21
33
39
53
81
110
138
164
186
198
212
216
202
189
188
199
199
182
147
125
120
120
99
58
17
-18
-45
-79
-111
-149
-187
-233
-291
-353
-411
-440
-463
-498
-548
-595
-635
-666
-692
-727
-762
-780
-778
-776
-777
-771
-768
-776
-777
-770
-758
-730
-685
-655
-636
-618
-589
-563
-528
-480
-447
-416
-373
-329
-303
-264
-227
-203
-188
-153
-65
51
166
242
277
315
394
491
568
630
685
730
790
896
1023
1112
1157
1171
1171
1187
1226
1254
1250
1238
1221
1207
1200
1187
1142
1067
998
947
914
892
884
858
807
744
674
595
513
446
382
312
242
187
142
95
35
-41
-121
-193
-260
-335
-410
-482
-555
-621
-665
-695
-737
-796
-843
-876
-881
-872
-861
-866
-868
-861
-856
-841
-803
-736
-673
-603
-530
-456
-385
-317
-268
-240
-208
-163
-107
-51
9
50
72
87
104
127
160
185
191
181
186
200
206
207
220
231
223
218
228
240
250
264
273
279
286
271
223
161
117
88
68
48
7
-59
-131
-190
-258
-327
-381
-419
-458
-496
-541
-619
-705
-771
-802
-816
-819
-827
-853
-880
-886
-881
-888
-880
-854
-821
-772
-714
-668
-648
-644
-636
-610
-562
-503
-463
-446
-427
-396
-356
-305
-251
-220
-206
-181
-138
-92
-51
0
73
161
259
348
416
466
523
593
672
751
813
880
958
1054
1138
1181
1201
1215
1239
1268
1294
1297
1271
1231
1193
1161
1121
1067
998
933
880
834
787
746
705
649
587
532
490
426
342
253
177
129
100
71
12
-73
-163
-238
-297
-348
-386
-426
-468
-512
-568
-625
-671
-705
-736
-757
-760
-752
-747
-741
-729
-725
-722
-697
-637
-571
-521
-485
-448
-393
-337
-296
-272
-245
-212
-178
-149
-115
-68
-27
21
67
92
98
95
98
106
132
173
215
244
248
235
212
202
207
215
229
243
241
215
183
151
115
78
53
44
31
5
-32
-81
-134
-193
-252
-299
-327
-353
-378
-415
-461
-514
-565
-592
-595
-592
-607
-628
-650
-677
-709
-742
-753
-749
-740
-721
-693
-664
-643
-643
-661
-671
-659
-627
-572
-522
-497
-493
-485
-453
-405
-357
-304
-252
-208
-162
-116
-77
-50
-33
-16
32
122
238
359
443
491
516
542
598
668
724
761
806
860
921
977
1010
1033
1052
1074
1106
1137
1165
1176
1169
1149
1136
1125
1110
1084
1042
999
961
935
909
862
792
726
661
596
540
476
410
329
237
141
56
-6
-57
-115
-204
-302
-391
-460
-505
-549
-592
-628
-653
-667
-679
-699
-723
-744
-762
-760
-749
-735
-721
-705
-695
-677
-635
-570
-495
-435
-384
-343
-315
-287
-260
-233
-208
-182
-148
-108
-72
-51
-32
-14
9
30
47
66
84
93
89
87
96
112
124
129
134
126
118
117
126
136
139
134
126
113
92
67
36
-6
-47
-85
-106
-120
-136
-171
-213
-249
-284
-325
-363
-385
-415
-455
-496
-531
-565
-604
-636
-661
-675
-685
-695
-710
-725
-724
-716
-693
-655
-608
-569
-539
-506
-476
-452
-426
-390
-347
-302
-245
-190
-154
-137
-126
-115
-98
-77
-49
-17
15
34
33
32
56
103
160
224
297
359
409
462
521
584
647
711
775
843
912
980
1038
1090
1129
1147
1156
1164
1166
1150
1131
1121
1107
1083
1047
997
932
872
821
762
690
613
543
480
428
375
305
240
194
150
92
36
-18
-79
-145
-196
-235
-273
-309
-347
-394
-442
-480
-517
-554
-579
-595
-609
-622
-631
-642
-657
-656
-635
-612
-594
-578
-563
-549
-524
-491
-454
-414
-367
-321
-287
-260
-249
-242
-222
-173
-118
-72
-38
-22
-25
-31
-29
-20
-4
19
46
73
100
111
106
91
88
97
109
117
105
72
33
4
-13
-19
-22
-20
-12
3
3
-20
-56
-84
-95
-101
-112
-136
-164
-189
-205
-222
-252
-283
-306
-320
-330
-341
-360
-386
-413
-429
-443
-449
-447
-444
-445
-449
-455
-464
-467
-459
-438
-410
-374
-340
-312
-296
-284
-267
-237
-200
-173
-154
-130
-82
-25
22
45
55
69
101
147
191
216
228
239
261
298
339
385
427
474
517
545
558
566
582
608
648
696
748
805
857
887
896
896
899
900
904
900
890
876
859
832
792
754
722
688
638
582
516
447
384
331
271
207
151
103
61
8
-54
-115
-158
-182
-208
-243
-281
-305
-324
-347
-378
-415
-443
-457
-447
-442
-449
-462
-478
-491
-500
-499
-488
-475
-466
-459
-452
-439
-416
-397
-390
-386
-379
-364
-339
-320
-325
-334
-329
-298
-260
-229
-204
-183
-161
-149
-136
-131
-121
-102
-82
-62
-47
-28
-12
5
12
12
15
28
48
55
54
52
53
55
59
69
74
73
64
54
39
24
11
-8
-22
-36
-44
-52
-59
-81
-121
-164
-191
-200
-211
-221
-237
-261
-282
-296
-304
-317
-332
-345
-341
-322
-305
-301
-317
-334
-343
-340
-327
-307
-298
-296
-284
-268
-245
-224
-200
-170
-142
-116
-86
-52
-24
4
32
63
102
142
185
225
254
273
298
339
393
453
507
557
595
619
635
652
671
687
700
717
743
771
792
791
772
749
736
742
751
752
739
720
700
679
658
628
599
570
544
516
480
434
376
321
273
232
192
155
119
70
14
-44
-99
-151
-202
-251
-292
-325
-352
-379
-409
-437
-457
-471
-478
-484
-498
-520
-547
-573
-596
-608
-601
-584
-568
-557
-543
-528
-513
-498
-489
-487
-487
-480
-463
-443
-429
-426
-420
-398
-356
-306
-266
-235
-216
-190
-148
-97
-57
-37
-24
-3
31
69
106
138
162
180
196
212
226
233
227
220
217
222
227
223
210
184
157
137
121
103
80
49
18
-10
-39
-69
-97
-123
-152
-175
-193
-211
-232
-263
-297
-331
-355
-363
-354
-335
-317
-306
-298
-290
-283
-282
-282
-287
-287
-277
-247
-200
-153
-121
-104
-91
-76
-52
-27
-4
20
47
82
118
148
177
206
238
274
312
348
382
409
430
453
482
519
555
590
622
647
660
666
673
689
715
746
770
786
793
790
782
770
758
748
741
739
733
722
695
653
602
548
507
469
432
382
316
245
176
116
52
-13
-81
-137
-177
-213
-250
-296
-348
-396
-434
-469
-507
-550
-595
-640
-681
-712
-729
-734
-731
-734
-743
-761
-783
-810
-831
-841
-834
-813
-787
-761
-736
-714
-690
-663
-635
-607
-571
-528
-480
-435
-393
-352
-306
-254
-202
-161
-129
-97
-60
-15
31
72
106
136
166
192
208
219
227
235
253
281
307
320
322
317
310
310
311
306
291
272
258
246
238
231
214
194
170
141
108
77
48
23
7
3
8
9
7
3
-11
-29
-55
-82
-103
-114
-113
-101
-83
-66
-46
-29
-18
-15
-25
-41
-54
-56
-52
-46
-37
-18
9
42
78
100
113
124
139
149
158
167
179
198
227
260
288
309
319
319
318
328
338
343
347
357
370
387
407
418
420
423
429
434
433
427
413
395
386
381
379
384
391
397
394
386
364
326
282
242
202
166
130
87
45
7
-29
-69
-110
-149
-190
-229
-266
-312
-364
-413
-450
-481
-500
-510
-523
-541
-551
-558
-566
-572
-576
-580
-580
-575
-569
-561
-539
-507
-476
-450
-425
-409
-404
-399
-393
-388
-373
-345
-316
-284
-247
-216
-192
-169
-143
-116
-84
-46
-20
-3
19
54
95
140
187
230
268
304
330
341
340
334
328
327
331
333
326
318
314
310
306
298
281
255
226
200
182
174
169
169
166
162
156
148
135
118
102
89
82
79
76
65
53
39
17
-4
-19
-29
-38
-47
-60
-79
-102
-117
-124
-125
-122
-121
-123
-117
-100
-86
-85
-86
-84
-77
-56
-34
-22
-21
-13
7
37
70
97
106
108
115
123
124
128
138
156
196
252
297
303
286
265
246
239
242
247
251
260
268
270
270
265
252
244
245
240
222
194
164
132
104
82
53
18
-14
-39
-63
-84
-105
-129
-150
-158
-162
-170
-178
-193
-210
-227
-234
-237
-249
-267
-292
-314
-328
-329
-324
-325
-332
-348
-366
-381
-388
-381
-364
-350
-341
-327
-315
-308
-306
-297
-280
-260
-233
-208
-184
-156
-122
-96
-82
-67
-50
-29
-6
26
45
52
71
103
137
156
159
146
138
148
170
187
189
187
182
174
161
144
140
157
189
216
242
262
264
255
245
238
230
221
212
209
205
195
180
160
148
140
136
131
119
88
47
27
13
-4
-19
-31
-47
-65
-80
-94
-104
-115
-124
-127
-115
-95
-98
-124
-146
-156
-167
-169
-157
-138
-100
-52
-33
-51
-58
-47
-40
-47
-66
-66
-32
28
60
36
4
5
14
5
17
36
44
51
63
63
54
63
82
100
116
147
180
205
217
210
183
163
162
156
166
198
224
233
228
209
175
142
108
72
41
22
23
19
12
0
-16
-31
-40
-44
-47
-40
-38
-40
-44
-50
-64
-83
-98
-102
-93
-83
-82
-87
-97
-109
-135
-166
-189
-201
-213
-220
-218
-216
-219
-236
-249
-249
-240
-242
-249
-258
-259
-237
-201
-167
-151
-139
-117
-96
-79
-59
-31
-1
30
53
58
57
53
55
61
73
93
119
146
162
167
168
165
157
148
153
169
195
220
227
220
217
229
244
243
220
197
193
197
193
179
163
144
131
121
112
84
52
41
34
23
18
26
20
-1
-31
-67
-96
-109
-104
-91
-75
-54
-45
-58
-77
-94
-117
-135
-140
-143
-129
-100
-76
-70
-79
-108
-149
-181
-190
-185
-176
-154
-121
-88
-64
-47
-61
-86
-81
-47
-7
28
53
64
70
66
51
59
94
143
182
207
216
198
164
129
101
82
88
104
107
110
117
106
82
57
32
28
46
62
56
40
24
2
-13
-9
4
4
1
-2
-18
-33
-39
-59
-86
-93
-85
-84
-90
-96
-111
-127
-127
-128
-145
-167
-189
-212
-232
-231
-223
-212
-200
-185
-173
-164
-141
-114
-97
-83
-79
-87
-92
-77
-46
-10
18
39
42
18
-18
-36
-37
-26
12
51
81
101
105
86
48
34
55
91
130
172
197
199
202
193
159
133
133
141
162
199
234
241
226
203
160
115
94
85
76
79
91
76
44
9
-42
-86
-107
-105
-98
-90
-82
-92
-114
-129
-139
-143
-130
-105
-81
-60
-56
-81
-120
-146
-169
-175
-157
-127
-105
-93
-90
-116
-150
-166
-177
-171
-136
-90
-58
-32
-18
-28
-32
-15
1
12
44
97
136
158
176
170
148
148
149
129
130
152
163
157
156
152
145
143
145
122
83
72
62
30
9
13
15
24
43
47
34
26
27
21
7
10
29
55
84
101
83
61
57
43
15
0
9
25
32
23
1
-28
-50
-71
-103
-125
-110
-86
-74
-76
-88
-109
-132
-149
-161
-170
-155
-123
-102
-104
-109
-108
-113
-122
-130
-127
-110
-76
-43
-33
-37
-45
-54
-51
-36
-20
-7
7
16
18
5
-4
0
4
15
48
86
105
112
106
97
100
109
120
127
129
131
120
100
89
91
86
91
104
110
111
110
99
79
62
46
40
30
30
37
43
45
45
33
21
20
14
4
-4
-8
-10
-5
9
24
25
21
20
18
2
-25
-54
-79
-85
-82
-77
-82
-88
-99
-113
-126
-130
-136
-139
-140
-143
-125
-110
-100
-89
-73
-59
-37
-26
-24
-21
-16
2
18
24
38
60
79
106
128
133
138
137
125
118
122
119
109
92
86
85
68
50
36
21
25
45
50
56
57
60
65
54
51
51
32
41
57
52
61
66
48
34
-1
-31
-45
-56
-49
-33
-40
-54
-67
-97
-111
-118
-118
-110
-84
-82
-63
-37
-34
-35
-41
-81
-67
-27
-52
-37
-38
-60
-52
-61
-103
-106
-146
-148
-128
-161
-145
-117
-145
-128
-83
-88
-44
-5
-6
-2
1
-6
-1
-5
12
57
76
90
114
108
95
112
107
92
95
75
51
66
80
89
93
77
84
85
60
50
41
17
25
42
48
66
75
63
57
60
68
76
70
65
58
46
30
19
-13
-34
-37
-32
-30
-28
-37
-57
-80
-106
-126
-147
-138
-121
-106
-107
-107
-116
-118
-113
-99
-90
-82
-69
-76
-94
-95
-78
-70
-45
-26
-11
-3
3
-15
-31
-34
-18
-13
-14
-7
-2
-5
-2
8
7
11
16
26
49
78
89
91
100
122
132
135
136
136
134
130
102
70
52
44
31
23
17
19
20
18
9
-5
-6
1
-4
-8
3
3
10
17
9
-7
-9
-19
-27
-36
-35
-30
-21
-5
5
-18
-45
-47
-50
-48
-44
-42
-41
-31
-48
-77
-109
-117
-120
-127
-135
-124
-114
-106
-92
-84
-76
-55
-42
-54
-62
-72
-72
-65
-44
-19
16
39
60
66
66
65
77
87
110
133
143
158
163
166
170
166
147
147
136
121
106
90
74
68
68
77
81
81
79
65
53
50
48
44
51
51
35
16
8
2
-5
-9
-10
-17
-21
-29
-49
-69
-83
-90
-100
-115
-127
-136
-138
-124
-109
-98
-83
-69
-73
-75
-85
-100
-115
-120
-117
-105
-83
-51
-25
-18
-12
-21
-40
-59
-74
-78
-60
-21
20
57
81
95
99
97
98
92
90
102
120
134
148
156
162
170
171
157
143
137
135
130
119
102
90
73
50
37
24
20
23
24
29
31
14
3
-8
-30
-33
-27
-23
-21
-22
-35
-41
-41
-47
-57
-72
-73
-69
-74
-78
-73
-80
-80
-55
-54
-64
-58
-74
-103
-117
-133
-140
-137
-126
-114
-113
-111
-95
-98
-101
-72
-49
-42
-21
-6
-7
11
32
35
33
43
45
40
43
50
62
74
99
121
120
121
119
88
68
75
80
90
108
116
120
127
125
110
91
72
54
36
27
30
29
30
38
35
19
4
-12
-31
-46
-63
-88
-104
-116
-128
-137
-139
-142
-145
-151
-157
-147
-139
-122
-98
-88
-88
-77
-86
-92
-91
-93
-89
-77
-70
-59
-64
-63
-52
-51
-40
-24
-21
-23
-14
-14
-5
3
13
27
40
53
65
74
83
93
94
102
116
122
123
131
136
142
138
121
100
87
84
93
101
111
118
113
108
99
83
66
56
37
18
-5
-15
-27
-25
-17
-14
-19
-28
-57
-85
-91
-87
-74
-63
-55
-65
-82
-95
-98
-110
-107
-96
-86
-75
-71
-78
-88
-79
-68
-53
-45
-35
-38
-42
-39
-33
-30
-29
-27
-26
-19
-13
-1
5
18
28
32
32
37
35
43
62
76
89
94
92
80
70
57
58
54
51
45
41
53
64
61
58
54
41
39
23
13
7
2
5
20
26
47
58
63
75
66
40
15
-20
-49
-56
-68
-60
-51
-51
-46
-42
-50
-49
-56
-67
-68
-71
-72
-68
-63
-52
-35
-31
-29
-43
-65
-76
-76
-70
-53
-34
-23
-8
3
8
10
20
21
22
22
10
-5
-23
-32
-30
-15
1
11
7
5
13
23
36
47
52
53
51
34
22
12
14
19
27
33
36
34
26
25
26
22
13
14
12
23
37
45
41
40
34
29
27
21
20
13
9
7
6
4
3
-6
-10
-1
1
-4
-17
-36
-52
-58
-67
-71
-74
-74
-74
-78
-80
-83
-80
-74
-54
-30
-12
4
14
23
35
45
51
56
62
70
75
84
88
82
70
58
52
48
49
50
51
55
69
73
63
51
34
23
29
25
21
19
14
10
3
-2
-4
-7
-14
-15
-15
-14
-10
-24
-31
-25
-25
-30
-36
-50
-65
-81
-100
-110
-114
-105
-96
-83
-69
-54
-51
-57
-58
-47
-40
-41
-41
-49
-40
-24
-16
-11
-4
-6
-11
-20
-22
-23
-31
-37
-30
-14
6
21
20
19
27
31
34
40
46
55
56
51
47
38
21
7
14
30
44
51
43
32
25
3
-25
-48
-61
-57
-55
-54
-45
-47
-53
-57
-62
-50
-37
-40
-53
-63
-60
-45
-36
-28
-15
-1
12
14
3
-12
-20
-23
-19
-6
6
7
8
17
27
34
45
48
54
67
69
68
67
64
62
55
53
62
60
54
48
37
40
41
28
12
12
24
40
52
59
58
53
40
27
16
13
12
3
-2
-1
-5
-23
-37
-39
-30
-17
-3
-4
-2
-3
-16
-29
-43
-50
-53
-61
-61
-55
-55
-51
-49
-52
-42
-30
-26
-23
-18
-14
-10
-6
0
1
1
2
1
6
16
21
21
22
24
27
26
22
20
18
17
17
16
19
29
32
38
46
44
35
25
19
16
15
13
7
1
2
3
2
2
5
7
6
6
4
-1
1
3
6
19
29
26
10
-8
-25
-38
-51
-58
-59
-51
-40
-31
-36
-38
-39
-49
-52
-52
-52
-48
-37
-25
-12
-4
-2
-3
-4
3
12
13
11
10
3
3
14
19
23
30
29
30
28
25
19
15
22
32
38
43
49
54
57
54
45
34
26
22
22
28
41
44
39
30
15
1
-17
-33
-41
-45
-48
-51
-60
-66
-70
-72
-71
-64
-55
-49
-45
-40
-30
-23
-16
-14
-13
-12
-12
-15
-12
-9
1
10
10
10
14
13
10
10
8
7
7
6
4
1
-1
-4
-14
-17
-15
-13
-7
8
20
24
26
20
14
17
21
27
30
32
30
22
14
16
19
20
22
23
19
15
10
1
2
6
9
8
5
0
2
-2
-9
-9
-9
-10
-10
-15
-18
-16
-17
-16
-19
-25
-28
-29
-32
-22
-16
-14
-10
-11
-19
-26
-36
-49
-61
-68
-68
-57
-35
-9
5
-2
-20
-42
-56
-60
-51
-38
-18
7
23
21
13
2
-6
-3
7
19
33
41
45
42
40
49
57
61
62
50
34
23
22
27
31
40
45
48
50
48
37
30
27
19
16
17
26
37
42
35
12
-12
-26
-35
-41
-42
-37
-29
-20
-24
-39
-63
-83
-91
-95
-86
-71
-55
-39
-29
-24
-23
-17
-14
-12
-17
-16
-11
-9
5
11
10
10
9
9
13
13
16
19
22
23
21
24
33
40
34
25
12
13
22
28
29
28
31
34
35
36
37
42
45
48
49
46
40
31
26
18
13
6
1
2
1
-4
-7
-6
-3
-4
-16
-32
-46
-50
-48
-48
-46
-36
-28
-26
-24
-26
-24
-22
-26
-34
-39
-40
-40
-37
-32
-28
-31
-33
-28
-22
-18
-15
-13
-7
3
5
-2
-5
-1
2
0
-8
-10
-5
9
16
18
22
28
32
31
28
27
30
42
59
67
69
61
51
45
43
41
35
31
34
35
32
29
29
34
39
40
37
36
31
15
-7
-23
-30
-25
-16
-11
-9
-3
0
-3
-9
-18
-28
-32
-27
-26
-30
-33
-33
-32
-29
-31
-41
-45
-39
-38
-42
-48
-52
-50
-46
-41
-40
-37
-27
-19
-19
-19
-22
-29
-31
-26
-22
-11
-1
0
-4
-9
-10
-8
0
12
23
28
33
34
27
23
17
15
29
50
67
75
73
62
49
38
29
21
17
15
8
5
10
19
26
30
28
16
1
-12
-28
-41
-49
-59
-63
-58
-47
-37
-33
-40
-52
-62
-66
-69
-70
-65
-57
-48
-40
-38
-48
-60
-73
-82
-82
-69
-53
-39
-32
-28
-33
-38
-34
-27
-19
-12
-11
-7
8
25
42
54
61
67
69
70
70
64
61
62
67
79
95
105
103
90
