SAMPLES:	15342
BITSPERSAMPLE:	16
CHANNELS:	1
SAMPLERATE:	16000
NORMALIZED:	FALSE
-8
-6
-5
-4
-3
-4
-4
0
2
3
4
4
4
8
10
9
7
7
8
8
7
6
2
2
1
0
-2
-4
-6
-5
-4
-6
-6
-7
-8
-6
-4
-3
-3
-2
0
2
5
5
6
5
6
7
6
4
2
1
1
0
-3
-4
-6
-7
-6
-8
-8
-8
-7
-4
-4
-3
-2
-1
1
4
5
4
5
4
5
5
4
3
1
2
1
0
-1
-4
-4
-4
-3
-2
-4
-4
-1
-2
-1
0
0
1
1
2
2
1
0
2
2
1
1
1
0
1
1
2
1
1
3
3
3
3
3
3
4
4
3
2
2
1
-1
-3
-3
-2
-4
-5
-5
-5
-5
-4
-4
-5
-2
0
1
1
3
3
5
6
5
5
6
6
5
4
1
1
-1
-4
-5
-5
-5
-5
-6
-6
-4
-4
-4
-4
-2
-1
2
2
3
6
8
8
7
5
7
8
7
4
1
0
-1
-2
-5
-7
-8
-8
-7
-7
-9
-7
-6
-5
-3
-2
-1
2
3
4
8
7
8
8
6
7
6
4
2
1
0
-2
-3
-7
-7
-7
-8
-7
-8
-10
-7
-7
-5
-3
-2
-1
1
3
5
6
5
4
6
9
6
6
4
2
3
3
1
-1
-3
-2
-2
-5
-7
-7
-5
-4
-3
-3
-3
-2
-1
0
1
3
3
4
5
7
7
6
4
4
3
3
3
0
0
1
2
0
-3
-7
-7
-6
-7
-5
-7
-6
-4
-4
-2
-2
-3
-3
-1
-1
2
2
0
3
4
4
3
0
-2
0
2
2
3
3
4
4
3
0
-4
-4
-2
-1
-1
-1
-1
0
0
-2
-4
-4
-4
-2
1
2
4
2
2
2
2
1
-2
-1
-1
2
4
2
1
0
-2
-2
-5
-6
-6
-4
-2
-1
0
-2
0
0
-2
-2
-2
0
3
3
6
7
7
6
4
3
1
1
-1
1
1
0
0
-1
-3
-6
-7
-8
-8
-6
-3
-1
1
2
0
1
2
1
2
2
1
3
4
4
3
2
1
-2
-3
-4
-4
-1
-2
-1
-1
1
0
-1
-3
-4
-1
-3
-2
1
2
3
2
-1
-2
-2
-3
-2
-2
-1
0
1
2
2
2
3
3
1
0
2
4
5
2
1
2
1
1
-1
-1
0
0
1
0
0
1
1
1
-2
0
2
3
3
0
4
5
1
2
-1
2
4
0
4
5
5
7
2
2
4
2
3
3
3
3
5
5
1
0
1
2
1
1
3
5
5
4
4
5
5
3
3
2
3
4
4
2
3
3
2
1
-3
-3
-2
-6
-4
-6
-5
1
-3
-5
-6
-7
-2
-5
-3
-1
-1
2
0
1
-1
-3
-2
-3
-3
-2
-2
1
-2
-3
-2
-4
-3
-6
-5
-3
-5
-3
-2
-3
0
-2
-2
-2
-3
-2
0
1
0
1
1
3
2
0
1
-1
-1
0
0
3
3
3
3
2
3
0
0
1
-1
2
1
0
-1
-2
-2
-4
-3
-4
-4
0
-1
-1
2
0
2
1
1
4
4
5
5
4
4
4
1
2
2
1
2
2
-1
0
-2
-4
-3
-3
0
0
-1
0
0
0
-1
-2
-3
-2
1
-2
0
0
-1
1
-2
0
1
0
1
-1
0
2
-1
-1
-2
-4
-2
-3
-4
-6
-5
-5
-6
-4
-4
-1
-1
-2
-1
-3
-3
-5
-5
-3
-2
1
-1
-2
-2
-3
-2
-4
-3
-2
-1
1
1
1
1
-1
0
0
0
3
1
3
4
2
2
-1
-1
1
3
3
3
3
3
3
4
1
3
4
4
5
4
4
2
2
3
3
5
4
3
2
1
3
1
1
0
1
3
1
1
1
0
1
0
1
3
2
4
4
4
2
-1
-2
-2
1
1
1
0
-1
1
0
-3
-3
-3
-1
1
-1
-1
-1
-3
-4
-5
-4
-5
-4
-4
-4
-3
-5
-2
-4
-3
-2
-3
-2
-3
-2
-1
0
-1
-1
-1
0
-1
-1
0
1
3
1
-1
0
1
1
-1
-2
-1
0
0
0
1
-1
1
0
-1
-1
-2
2
1
1
2
3
3
2
1
2
2
4
2
1
3
2
2
0
-1
-2
-1
-1
-2
-1
-1
0
0
0
0
0
0
0
-1
0
0
0
0
0
1
1
0
-2
-3
-3
-2
-4
-4
-4
-3
-3
-4
-2
-2
-1
-1
-2
0
0
2
1
1
0
0
1
0
0
1
2
2
-1
-1
0
-1
-2
-3
-3
-1
1
-1
-2
-1
-1
0
1
1
2
1
0
1
3
3
3
3
3
4
3
1
1
2
3
2
-1
0
0
3
1
-2
0
0
0
0
1
-1
2
2
1
2
1
1
1
1
2
2
2
3
0
0
1
-1
-1
-1
-1
1
0
-2
1
0
0
0
-1
0
1
0
-1
0
0
2
2
2
2
2
2
3
2
1
1
2
1
0
1
0
1
1
1
1
1
1
0
0
0
-1
-1
-1
-2
-1
-3
-3
-2
-3
-1
-2
-1
0
0
-1
0
0
-2
-3
-2
-1
-1
-1
-3
-4
-4
-3
-3
-4
-4
-3
-4
-4
-4
-2
-3
-4
-3
-3
-1
-2
-2
-2
-1
0
0
-1
-2
-1
0
-1
0
1
0
1
0
0
2
1
1
0
0
0
1
0
1
2
2
3
2
3
3
3
3
2
2
2
2
1
0
1
1
1
1
2
1
0
1
1
-1
-1
0
0
0
-1
-1
-2
-1
-2
-2
-3
-3
-3
-2
-3
-4
-3
-4
-3
-3
-3
-2
-2
-1
-2
-1
-1
-2
-2
-2
-1
1
1
0
0
1
0
0
-1
-3
0
-1
-2
-1
-1
-2
-2
-3
-2
-1
-1
0
0
2
1
1
2
1
1
2
1
2
3
3
2
2
3
2
1
2
1
0
3
1
0
2
1
1
2
1
3
0
-1
0
-1
0
0
-1
-1
-1
-1
-1
-3
-3
-3
-5
-4
-3
-5
-4
-3
-6
-5
-4
-4
-3
-4
-3
-3
-2
-2
-2
-1
-1
-1
-1
-1
0
0
-2
0
0
1
0
-1
-2
-2
-2
-3
0
-1
0
1
1
2
2
1
3
2
0
2
2
3
4
3
4
3
2
2
2
3
2
2
2
2
3
3
2
2
2
2
3
2
1
2
1
2
1
1
1
-1
0
0
0
1
1
1
4
3
1
3
1
2
1
1
0
0
1
2
3
4
3
1
1
-1
0
2
-1
0
-1
-3
0
0
2
3
2
1
0
-1
-1
-2
-3
-3
-4
-5
-4
-3
-1
0
1
2
2
2
0
0
-1
-3
-3
-5
-6
-3
-1
2
5
4
3
4
2
0
1
-1
-3
-3
-4
-2
0
2
3
4
2
1
0
0
-1
-3
-4
-5
-5
-4
-1
0
3
4
3
2
1
-1
0
-3
-3
-5
-6
-5
-3
0
1
3
2
0
-1
-3
-3
-2
-4
-4
-4
-3
-2
0
3
5
5
3
3
2
2
2
0
-3
-3
-2
-1
3
6
7
8
8
6
5
4
2
1
-1
0
0
1
5
6
8
7
5
4
1
-2
-2
-4
-4
-4
-3
-1
3
5
6
8
8
5
1
0
-3
-2
-3
-2
-1
2
5
8
7
6
4
1
0
-4
-5
-7
-7
-8
-5
-5
-3
-2
-1
2
1
2
1
1
-1
2
2
2
5
9
9
11
11
7
5
0
-4
-8
-12
-14
-13
-13
-9
-5
-3
0
2
5
4
8
8
9
10
13
13
14
12
9
8
2
0
-6
-10
-15
-17
-20
-20
-19
-18
-12
-8
0
5
12
13
14
11
8
7
5
3
2
3
1
5
3
4
2
-1
-6
-5
-5
-6
-3
-2
-1
2
3
2
4
0
0
-1
-3
-3
-3
-2
1
2
1
6
6
9
10
11
10
8
4
-1
-3
-8
-12
-12
-10
-9
-2
0
1
2
0
-4
-4
-7
-8
-5
-3
3
7
9
8
9
6
7
4
0
-3
-9
-10
-9
-11
-8
-5
-3
5
7
4
7
6
0
-3
-7
-11
-5
-1
-2
1
4
4
10
14
7
0
-10
-19
-16
-9
-7
-1
8
15
21
21
16
14
13
2
-10
-16
-21
-19
-12
-14
-15
-13
-16
-9
6
13
15
12
5
8
14
13
11
13
12
11
7
3
7
11
4
-9
-26
-40
-45
-38
-27
-16
-8
1
12
28
41
42
34
21
8
-7
-16
-20
-18
-12
-12
-9
-2
6
16
21
16
7
-13
-29
-26
-18
-8
-2
-6
-2
12
17
18
18
9
6
4
-3
2
8
5
5
5
-2
-4
-4
-1
6
15
11
4
7
6
-6
-15
-23
-24
-6
8
5
6
13
10
14
14
-8
-19
-12
-13
7
23
7
1
3
-7
-1
22
18
16
19
-16
-35
-16
-16
-14
2
-18
-24
11
22
19
33
2
-50
-41
-19
-6
34
42
7
27
42
3
5
4
-45
-39
-27
-28
22
61
44
33
17
-37
-25
-5
-11
9
27
16
29
28
-7
-33
-52
-42
-29
-1
27
40
55
46
9
-9
4
23
25
12
-10
-14
-9
5
-24
-27
5
-1
33
78
25
24
38
-38
-53
-27
-24
-10
42
33
2
24
27
-16
-16
-43
-60
-38
-38
5
36
23
72
59
-27
-15
12
-16
18
38
-38
-35
21
5
-25
-29
-68
-76
-31
-14
8
41
40
59
38
3
-17
-33
-59
-47
-11
-33
-27
46
46
34
50
-15
-52
-11
5
-12
-21
-51
-20
3
57
38
26
15
-5
-9
-55
-35
-15
8
-19
7
-29
-43
33
-5
-33
2
27
39
99
73
-54
-50
-23
-41
-23
55
-30
-12
108
-49
-86
22
-24
-43
79
-4
-76
92
-7
-44
35
21
-10
81
99
-13
20
-95
-102
-20
52
42
50
-62
-64
83
54
85
40
-53
-32
40
-19
-41
-37
-127
-122
-106
-23
47
29
110
35
-122
-33
-64
-65
191
152
-71
-11
18
26
106
56
-146
-136
6
-32
33
165
23
-124
-46
-130
-138
62
51
-17
116
78
-81
13
25
-81
-60
-137
-163
-60
-4
50
134
68
99
103
5
-5
11
-30
-59
-38
44
25
1
35
-9
-39
16
-31
-200
-63
72
-81
-93
173
7
32
300
85
-28
90
-23
20
101
-108
-97
48
-59
-30
-18
-125
15
91
-63
-37
123
-12
-29
-24
-32
-26
67
55
31
-15
-73
-30
0
18
34
106
93
63
77
29
23
106
21
-51
-26
-40
4
46
3
5
-16
-49
-98
-163
-155
-110
-142
-139
83
133
75
84
55
79
143
87
-86
-88
26
18
-85
-96
-122
-37
246
253
134
-28
-133
-83
29
-11
-82
27
-16
158
186
-35
24
-51
-190
-144
-32
-39
-32
-5
-12
-56
-47
39
-83
14
142
-46
-50
71
-92
-108
51
19
96
61
-169
-103
160
288
147
48
72
59
109
45
-44
-8
34
-15
-36
-111
-73
2
-41
5
-40
-199
-146
-63
-102
-86
-74
-49
15
104
80
77
163
147
-6
-8
80
31
63
88
10
48
73
26
-23
-47
-47
30
2
-8
-59
-145
-58
-29
-40
-31
-77
-115
-30
-43
-18
26
-33
24
43
-50
-28
68
42
120
233
7
-21
135
-9
-51
115
-2
-156
114
87
-41
41
-23
-125
-121
-45
-66
-47
14
56
-37
-38
2
-93
13
88
-63
-63
17
-14
-20
53
-33
35
130
-5
-64
49
185
143
83
-1
-106
-85
74
-47
-123
136
72
6
147
-92
-149
62
-33
-139
-148
-159
-91
70
60
-107
-206
-35
102
84
67
-89
19
67
124
130
-12
2
89
152
33
119
-14
-2
-66
-157
-1
-170
-149
27
86
-47
-106
-64
-79
-47
12
8
-128
28
45
6
202
155
-214
-165
114
63
89
-32
-120
-126
-28
44
26
89
45
60
104
148
27
115
17
-142
-49
-86
-21
34
17
108
138
-115
-116
-42
-265
-57
122
129
-133
-67
227
86
142
-50
-419
-112
143
-205
-19
242
-38
67
162
-91
170
236
14
58
38
-69
-86
11
29
50
-19
137
10
-108
-49
-8
48
45
-188
-224
76
45
4
-151
-236
130
109
-9
86
-24
52
170
-51
-71
54
-150
-50
-85
-9
23
-139
-30
128
243
299
99
-114
16
-12
-103
68
-175
-89
55
-4
38
-82
-237
-12
104
-167
53
44
-146
30
53
-71
79
75
-110
-28
-36
93
101
-90
31
81
47
19
-87
-115
20
46
21
66
268
217
-14
-228
-263
-122
-2
72
70
-128
-22
244
133
13
-64
-150
-243
-9
20
-31
59
31
-114
120
97
-201
-51
-42
-25
64
12
211
241
-98
-5
88
-64
114
-16
-223
153
228
59
62
-43
-45
-47
-122
-63
-95
-16
185
56
-16
12
-61
-71
60
54
-5
-106
-170
-211
-127
12
-36
22
198
137
70
166
111
-49
-66
-250
-88
60
49
62
34
19
67
312
118
44
81
-86
-180
-84
-22
31
199
33
-184
2
11
-20
79
-148
-257
-174
-99
-96
26
238
209
51
42
-4
-130
-66
155
19
-263
114
42
-268
83
63
31
-11
-36
-45
244
346
82
-2
54
142
-179
-104
33
-45
123
126
-150
-157
64
19
50
111
-71
-179
-116
-161
-172
-11
-109
-131
-48
-153
-18
65
-72
-108
-11
-12
147
232
207
65
163
115
-94
209
224
161
188
-19
-133
-104
-9
12
97
34
42
-118
-145
-59
-15
168
-172
-178
-147
-223
67
134
-318
31
164
-268
-49
-54
-126
23
55
-197
143
209
-19
172
31
44
-25
-69
81
71
53
7
-79
58
147
5
-71
-117
104
25
-44
-30
-52
-18
139
61
-53
-15
-137
-22
107
36
-103
-156
-130
-101
92
273
247
176
-69
-84
54
8
-64
65
-134
-192
-90
66
-58
-209
67
-216
-150
157
-160
-319
-120
12
134
357
146
-109
179
258
174
138
-26
-131
304
132
82
54
-220
16
261
25
-148
-181
-217
15
175
-84
-274
16
94
115
91
-322
-185
105
-124
-79
5
-37
-2
47
11
119
247
167
-9
-82
62
29
4
9
-255
-73
117
-5
-57
-71
-62
-71
-171
-158
28
393
348
-165
-100
310
333
436
-41
-396
-256
-108
-41
96
51
-48
118
124
-13
-14
-120
-84
110
21
-32
-110
23
13
-122
-89
-115
-92
-46
102
70
-68
-152
-226
47
135
81
1
-71
-94
-16
46
78
25
-145
156
82
107
132
-128
151
278
238
113
-238
-106
15
14
-93
-45
-93
-32
-125
-92
92
-23
113
-46
-124
90
67
-55
64
-182
-249
-55
-163
21
88
-15
38
-5
251
342
-29
-117
-235
-126
286
256
95
81
-25
-84
-115
-75
82
130
-23
-142
24
106
102
9
-4
86
178
10
-115
-16
-91
-32
110
85
227
34
-103
-108
-25
129
-67
34
4
-142
-23
315
120
-27
142
-30
-46
-26
-275
-226
229
337
224
270
218
112
194
136
-28
-31
42
156
244
68
99
98
63
161
126
-30
-2
120
-31
117
91
-52
109
174
253
63
-81
-47
75
198
46
12
-114
-99
104
-1
-129
58
-39
-322
-166
-64
-87
220
182
-100
-323
-239
-47
-111
-12
-81
-87
-132
-167
-352
-105
113
11
-110
-228
20
86
40
-372
-464
-242
-53
-48
-30
-233
-307
-72
-79
-179
-138
-299
-447
-230
-205
-364
-439
-354
-271
-65
-138
-361
-366
-331
-303
-275
-303
-152
-7
-33
52
11
-145
32
96
-170
-119
222
133
136
302
55
154
343
102
-77
10
-46
-22
-31
-41
-22
62
88
-70
23
-116
-172
-121
-95
74
273
360
173
74
15
78
307
253
93
220
373
419
593
536
393
228
174
296
294
282
294
182
137
394
268
-93
-121
-167
3
306
354
247
311
226
87
148
112
237
116
42
91
113
96
12
-27
96
172
199
73
-48
61
25
18
43
167
172
157
179
174
70
118
108
-35
-41
-29
-119
-133
-140
90
208
111
215
59
-27
87
-25
-270
-269
-272
-342
-201
-34
-112
-79
-89
-263
-267
-136
-191
-220
-197
-119
186
90
-137
-179
60
78
21
-77
-369
-150
-2
-102
-199
-376
-305
-140
-131
-95
-98
-212
-91
30
-181
-114
-17
-75
-193
-362
-432
-358
-205
-32
15
-28
26
78
62
141
173
-155
-195
-181
-336
-163
49
-64
-49
155
75
85
152
-66
-103
17
-42
-150
-55
-7
-111
76
181
140
217
73
-7
101
119
85
210
209
62
118
218
170
223
220
103
151
118
56
113
17
48
63
-83
38
108
-78
150
300
286
233
232
177
145
197
113
61
-44
-9
98
100
127
42
-53
106
263
244
285
236
183
213
93
29
64
95
221
249
66
16
-37
-49
96
147
75
27
13
-58
-96
-67
-11
-66
-133
-83
-5
126
105
40
105
147
93
107
46
-41
64
-50
-124
42
88
59
127
26
-76
26
-27
-42
-35
-82
-171
-232
-210
-193
-145
-34
-50
-89
18
27
62
104
68
51
84
24
122
202
173
154
100
-6
-72
-44
-122
-92
-160
-160
-157
-146
-66
-92
-97
-79
-90
-107
-81
-116
-110
-51
-20
23
27
40
91
117
78
20
2
-17
22
31
-37
-49
-68
-118
-163
-220
-248
-204
-174
-171
-117
-69
-65
-39
-79
-86
-7
77
131
122
145
239
195
111
63
7
11
37
1
-10
13
-13
14
-15
-81
-69
-115
-135
-67
-14
-6
12
2
-33
31
73
84
87
76
83
71
61
90
79
83
114
71
33
18
5
3
19
-31
-49
-64
-59
-56
-22
30
-1
-4
16
23
25
26
-15
-50
-17
-8
-1
-3
-8
-1
-62
-168
-211
-180
-151
-111
-120
-64
-81
-149
-77
-50
-82
-118
-146
-191
-168
-144
-150
-197
-204
-213
-283
-270
-261
-264
-241
-181
-174
-147
-71
-63
-32
-10
-25
-26
-25
-38
-34
-55
-79
-107
-152
-164
-173
-155
-113
-92
-57
-29
41
74
82
74
65
59
7
-26
-57
-47
-65
-62
-42
1
90
138
145
171
170
166
173
166
155
128
112
138
184
211
289
288
300
329
300
282
246
165
113
86
13
-25
-49
-47
-7
28
80
142
172
215
260
264
231
206
170
123
96
52
22
4
-24
-27
-40
5
44
18
7
-8
-25
-34
-53
-86
-79
-68
-75
-60
-36
-1
3
11
12
-17
-11
-35
-52
-92
-115
-152
-172
-194
-218
-218
-219
-224
-198
-176
-203
-179
-190
-218
-223
-256
-251
-247
-287
-259
-205
-236
-231
-209
-266
-245
-214
-203
-171
-145
-148
-107
-80
-73
-30
5
13
35
24
-28
-25
-46
-103
-146
-177
-218
-209
-208
-190
-122
-62
25
127
182
246
325
345
397
428
412
399
410
417
433
461
467
480
482
486
513
511
501
532
496
451
471
456
444
454
436
384
387
442
492
520
552
546
570
579
564
578
539
526
471
370
324
256
219
171
119
78
45
18
1
2
-8
-15
-34
-92
-132
-122
-139
-173
-194
-225
-248
-243
-233
-270
-267
-310
-369
-362
-424
-490
-522
-568
-614
-638
-645
-671
-716
-784
-839
-949
-1071
-1236
-1400
-1590
-1730
-1855
-1984
-2043
-2053
-2058
-2020
-1934
-1846
-1756
-1677
-1609
-1513
-1430
-1350
-1264
-1230
-1155
-1072
-930
-574
0
675
1401
2086
2756
3386
3906
4274
4430
4361
4097
3634
3026
2435
1880
1370
908
480
131
-66
-153
-164
-159
-154
-167
-238
-329
-361
-351
-319
-275
-248
-155
23
294
572
790
941
1038
1073
1041
945
831
664
395
146
-85
-227
-300
-341
-394
-468
-464
-457
-462
-390
-119
188
456
658
892
1086
1304
1551
1524
1415
1299
1094
810
564
397
296
126
-27
-31
-125
-115
47
-14
-153
-179
-310
-554
-658
-794
-981
-1136
-1315
-1405
-1405
-1400
-1344
-1310
-1444
-1440
-1439
-1595
-1594
-1570
-1659
-1742
-1852
-1983
-2038
-2083
-2120
-2230
-2418
-2516
-2549
-2673
-2788
-2836
-2940
-3107
-3215
-3306
-3389
-3502
-3495
-2889
-1640
-47
1366
2708
3944
5346
6739
7566
7935
7858
7414
6455
5233
4113
3189
2333
1286
366
-371
-758
-657
-583
-692
-778
-840
-1128
-1331
-1391
-1329
-1282
-1314
-1238
-1000
-478
286
1099
1601
2090
2536
2729
2804
2773
2571
2041
1372
672
40
-448
-768
-1028
-1318
-1526
-1571
-1528
-1494
-1324
-1198
-1295
-1416
-1456
-1421
-1297
-1043
-840
-676
-407
-49
338
717
1098
1420
1514
1435
1377
1315
1160
963
667
337
127
20
-55
-118
-96
-57
-106
-194
-245
-127
69
196
292
336
463
675
931
1039
1101
1192
1079
921
772
651
525
304
10
-251
-371
-488
-485
-482
-580
-540
-505
-616
-624
-563
-676
-759
-888
-1041
-1062
-1014
-1011
-955
-940
-999
-910
-900
-977
-959
-1025
-1252
-1392
-1505
-1655
-1741
-1843
-2007
-2099
-2134
-2158
-2149
-2217
-2261
-2286
-2381
-2445
-2422
-2440
-2492
-2458
-2436
-2426
-2426
-2502
-2674
-2612
-1791
-408
1019
2257
3460
4636
5911
7117
7795
7931
7626
6888
5692
4360
3266
2440
1469
329
-537
-1111
-1271
-985
-735
-740
-727
-729
-848
-843
-702
-561
-584
-692
-614
-282
265
942
1579
1917
2155
2384
2452
2365
2244
1885
1137
369
-282
-773
-1092
-1293
-1447
-1594
-1620
-1464
-1185
-933
-613
-428
-491
-532
-440
-245
-88
46
122
244
427
693
973
1177
1360
1402
1286
1077
942
837
629
344
34
-207
-330
-289
-244
-213
-109
-31
-12
34
133
265
452
584
710
883
1115
1339
1590
1700
1619
1545
1301
987
678
350
-27
-377
-696
-934
-951
-921
-841
-755
-730
-663
-506
-470
-514
-479
-649
-835
-935
-1051
-1078
-1076
-1113
-1120
-1065
-1046
-978
-938
-1000
-1083
-1239
-1454
-1642
-1771
-1939
-2086
-2178
-2227
-2247
-2207
-2139
-2122
-2111
-2113
-2091
-2085
-2092
-2101
-2106
-2130
-2203
-2245
-2351
-2477
-2669
-3000
-3202
-2643
-1260
294
1706
3014
4290
5678
7077
7923
8126
7896
7124
5938
4551
3308
2414
1504
380
-504
-964
-1078
-728
-302
-202
-174
-111
-200
-264
-85
26
-21
-209
-235
52
562
1238
1863
2221
2382
2563
2601
2446
2207
1757
916
-54
-779
-1284
-1638
-1838
-1971
-2063
-1966
-1656
-1258
-839
-473
-222
-200
-291
-240
-51
106
167
210
230
378
650
876
968
1000
968
735
455
245
85
-128
-426
-718
-845
-787
-605
-383
-212
-21
177
328
427
519
628
604
601
693
788
932
1088
1145
1141
1261
1217
1065
916
684
376
61
-255
-496
-577
-664
-650
-610
-572
-375
-162
-65
12
71
-44
-166
-218
-398
-591
-749
-890
-1039
-1109
-1132
-1130
-1142
-1173
-1130
-1186
-1270
-1310
-1389
-1538
-1676
-1788
-1917
-1952
-1917
-1877
-1902
-1891
-1781
-1684
-1647
-1665
-1698
-1765
-1743
-1705
-1754
-1858
-1960
-2040
-2203
-2355
-2503
-2782
-3278
-3498
-2898
-1492
167
1526
2783
4041
5579
7176
8071
8255
7940
7148
5836
4426
3232
2244
1220
-9
-1014
-1549
-1473
-953
-485
-393
-348
-200
-209
-139
83
170
-47
-292
-304
-46
561
1247
1749
1953
2104
2328
2365
2248
1996
1441
477
-501
-1179
-1612
-1869
-2034
-2149
-2195
-1939
-1406
-847
-368
48
249
185
141
275
474
516
427
292
233
389
678
867
865
842
773
603
414
315
209
-75
-386
-617
-662
-460
-168
-1
90
262
481
713
889
1004
1039
942
884
987
1172
1316
1437
1410
1311
1331
1317
1237
1080
780
391
44
-241
-384
-415
-524
-567
-538
-492
-287
-10
107
122
92
-82
-225
-322
-475
-652
-882
-1124
-1282
-1324
-1303
-1255
-1287
-1386
-1463
-1539
-1599
-1658
-1738
-1855
-1962
-2027
-2036
-1955
-1823
-1672
-1585
-1512
-1369
-1226
-1139
-1160
-1273
-1428
-1562
-1711
-1823
-1877
-1961
-2105
-2252
-2383
-2473
-2512
-2731
-3117
-3603
-3608
-2658
-1095
473
1791
3077
4439
6158
7665
8305
8354
7928
6887
5469
4143
2937
1881
731
-542
-1396
-1683
-1404
-804
-383
-308
-146
73
154
385
597
476
162
5
15
326
895
1368
1604
1679
1819
1974
2020
1885
1519
839
-66
-796
-1230
-1512
-1746
-1890
-1980
-1863
-1390
-798
-257
201
555
654
625
668
736
729
483
140
-134
-197
-78
56
82
37
101
179
229
281
301
189
-63
-292
-385
-321
-222
-169
-224
-206
9
267
499
602
657
631
531
469
474
596
703
751
748
802
912
1028
1114
984
804
572
231
-28
-177
-368
-533
-586
-632
-494
-226
14
215
356
354
339
308
94
-116
-401
-779
-1066
-1248
-1373
-1417
-1401
-1417
-1375
-1263
-1199
-1138
-1101
-1122
-1223
-1374
-1521
-1578
-1566
-1551
-1555
-1540
-1446
-1356
-1300
-1329
-1432
-1555
-1694
-1905
-2138
-2297
-2456
-2576
-2646
-2729
-2717
-2620
-2597
-2695
-2929
-3248
-3083
-2009
-450
1023
2254
3394
4685
6293
7582
8122
8145
7621
6578
5309
4088
2950
1898
687
-641
-1447
-1610
-1338
-828
-442
-358
-191
127
367
649
817
675
331
115
154
431
878
1173
1287
1361
1528
1739
1856
1747
1327
662
-122
-732
-1066
-1295
-1590
-1825
-1877
-1715
-1236
-637
-144
229
469
504
451
478
468
295
-76
-491
-724
-671
-464
-261
-129
-49
132
362
550
685
726
554
254
47
-10
69
141
122
43
76
308
564
773
857
850
772
702
740
843
964
951
904
894
979
1179
1340
1317
1123
907
648
429
274
75
-191
-464
-651
-725
-605
-422
-324
-326
-419
-465
-457
-515
-661
-841
-1128
-1395
-1475
-1466
-1399
-1291
-1243
-1228
-1122
-1017
-963
-964
-1112
-1300
-1533
-1758
-1854
-1867
-1875
-1859
-1809
-1736
-1546
-1340
-1227
-1255
-1421
-1606
-1776
-1930
-2045
-2156
-2309
-2332
-2258
-2165
-2017
-1957
-1945
-1953
-2146
-2631
-2844
-2251
-947
519
1595
2568
3833
5506
7030
7853
8025
7710
6995
5865
4579
3374
2281
1019
-416
-1431
-1815
-1645
-1166
-754
-597
-341
118
468
763
926
802
468
199
139
308
616
818
947
1053
1238
1524
1709
1650
1318
751
20
-573
-949
-1283
-1698
-2056
-2116
-1887
-1417
-836
-306
101
427
614
632
673
702
529
149
-247
-438
-396
-248
-159
-98
48
271
491
632
676
625
445
121
-192
-297
-279
-325
-451
-545
-471
-214
91
274
373
445
490
519
590
698
749
830
926
1072
1328
1581
1655
1628
1605
1390
1161
951
569
158
-174
-551
-805
-799
-807
-743
-562
-475
-345
-129
-67
-63
-29
-194
-385
-481
-624
-713
-736
-845
-974
-970
-953
-974
-1019
-1158
-1342
-1518
-1696
-1876
-2001
-2089
-2134
-2114
-2028
-1875
-1655
-1455
-1358
-1315
-1327
-1351
-1377
-1470
-1603
-1676
-1700
-1739
-1686
-1574
-1445
-1328
-1354
-1482
-1614
-1844
-2272
-2818
-3414
-3551
-2751
-1368
14
1368
2806
4367
6164
7631
8303
8361
7890
6828
5405
4006
2689
1437
120
-1092
-1739
-1770
-1391
-812
-335
-120
122
417
572
657
612
247
-271
-498
-386
-59
413
863
1204
1495
1847
2145
2231
2030
1479
636
-262
-904
-1291
-1629
-1933
-2017
-1828
-1450
-855
-187
303
570
669
582
426
364
221
-148
-554
-738
-671
-441
-134
128
369
561
695
789
806
741
529
107
-395
-621
-603
-602
-589
-533
-400
-93
351
712
1045
1366
1484
1477
1456
1483
1549
1574
1357
1109
1075
1037
1001
918
705
469
304
52
-206
-294
-451
-638
-733
-808
-767
-592
-522
-537
-478
-505
-564
-558
-613
-746
-904
-1068
-1192
-1204
-1181
-1179
-1203
-1225
-1228
-1238
-1264
-1342
-1474
-1641
-1841
-2020
-2104
-2110
-2096
-2059
-2006
-1910
-1720
-1534
-1402
-1263
-1142
-1078
-1028
-977
-922
-907
-1029
-1172
-1204
-1183
-1190
-1258
-1368
-1510
-1686
-1950
-2245
-2555
-2836
-2624
-1735
-482
852
2141
3368
4771
6283
7274
7638
7593
7026
5989
4805
3576
2368
1262
94
-928
-1428
-1454
-1188
-805
-550
-399
-113
152
300
408
344
78
-127
-130
4
290
634
860
1040
1289
1513
1612
1575
1319
793
180
-335
-687
-924
-1128
-1289
-1277
-1041
-695
-290
51
255
348
291
135
23
-47
-243
-474
-643
-706
-569
-326
-118
29
184
308
386
384
312
192
-47
-303
-488
-557
-504
-370
-238
-99
143
481
873
1142
1298
1379
1359
1375
1469
1454
1325
1209
989
850
853
788
679
553
357
199
140
0
-82
-146
-354
-473
-474
-513
-525
-514
-626
-700
-688
-711
-701
-703
-757
-820
-852
-856
-803
-792
-860
-919
-1010
-1103
-1162
-1244
-1400
-1575
-1747
-1902
-1993
-2011
-1979
-1952
-1930
-1861
-1737
-1593
-1392
-1216
-1180
-1177
-1131
-1085
-1027
-921
-918
-1035
-1090
-1087
-1083
-1044
-1044
-1169
-1332
-1489
-1680
-1915
-2253
-2710
-3114
-3060
-2176
-693
696
1864
3138
4568
6086
7314
7738
7465
6890
5958
4690
3450
2332
1207
71
-901
-1398
-1342
-975
-562
-337
-301
-148
110
187
150
50
-235
-523
-510
-231
142
578
944
1175
1431
1760
1981
1933
1655
1151
507
-52
-405
-655
-956
-1206
-1245
-1038
-689
-284
26
151
171
98
-49
-182
-291
-511
-843
-1076
-1068
-818
-503
-256
-64
119
340
536
617
557
404
156
-149
-370
-413
-344
-307
-306
-231
4
409
823
1049
1110
1156
1170
1168
1168
1069
901
721
557
490
604
764
838
826
733
673
658
576
350
-7
-416
-752
-958
-1082
-1144
-1180
-1176
-1110
-955
-732
-540
-440
-447
-523
-662
-745
-825
-974
-1134
-1289
-1430
-1485
-1416
-1382
-1414
-1492
-1616
-1720
-1773
-1785
-1796
-1791
-1764
-1635
-1414
-1149
-853
-649
-574
-558
-561
-636
-718
-802
-917
-1030
-1130
-1187
-1184
-1144
-1148
-1180
-1293
-1477
-1687
-1965
-2287
-2585
-2849
-2909
-2291
-996
453
1788
3071
4396
5792
7036
7648
7594
7117
6239
5016
3674
2427
1283
166
-884
-1543
-1714
-1562
-1216
-913
-769
-608
-354
-211
-184
-182
-310
-495
-500
-259
109
507
900
1206
1478
1781
2018
2009
1754
1307
715
109
-383
-729
-1025
-1283
-1375
-1241
-949
-609
-301
-114
-28
23
-13
-134
-277
-423
-611
-737
-689
-461
-143
138
353
527
683
781
741
544
234
-81
-351
-583
-708
-675
-582
-471
-260
24
372
771
1084
1217
1290
1351
1382
1433
1415
1275
1120
963
834
803
729
543
369
159
-79
-213
-367
-598
-779
-945
-1086
-1040
-924
-850
-728
-617
-531
-374
-235
-175
-158
-245
-383
-471
-561
-667
-766
-918
-1080
-1168
-1207
-1212
-1179
-1208
-1308
-1378
-1396
-1385
-1386
-1442
-1541
-1643
-1698
-1677
-1557
-1386
-1243
-1149
-1056
-900
-711
-582
-560
-599
-729
-913
-1074
-1265
-1450
-1591
-1774
-1964
-2029
-2010
-2009
-2040
-2116
-2199
-2212
-1896
-1033
160
1279
2269
3277
4334
5492
6405
6627
6340
5841
5085
4081
3055
2065
1029
-49
-918
-1352
-1440
-1269
-984
-854
-803
-511
-150
19
147
191
38
-59
118
416
697
963
1205
1383
1539
1763
1871
1658
1255
819
295
-237
-573
-808
-1097
-1316
-1320
-1178
-930
-605
-381
-354
-351
-271
-278
-381
-432
-467
-549
-575
-445
-207
32
228
351
380
406
476
449
231
-15
-165
-312
-420
-379
-281
-193
-39
164
348
549
726
784
764
778
840
860
794
735
742
752
739
761
746
656
543
359
108
-98
-262
-475
-700
-846
-876
-821
-743
-653
-558
-470
-379
-276
-207
-175
-170
-220
-302
-369
-412
-475
-571
-654
-702
-764
-847
-895
-929
-1000
-1094
-1187
-1285
-1337
-1336
-1358
-1419
-1447
-1418
-1357
-1255
-1140
-1044
-997
-945
-865
-794
-760
-781
-881
-1024
-1114
-1180
-1260
-1369
-1492
-1581
-1624
-1604
-1558
-1518
-1522
-1540
-1615
-1744
-1788
-1657
-1194
-381
585
1522
2503
3479
4370
5169
5610
5605
5282
4693
3831
2885
1963
1074
284
-422
-893
-1079
-1065
-895
-632
-476
-376
-171
-55
-5
78
90
13
81
336
598
862
1114
1319
1401
1441
1430
1252
945
573
140
-341
-683
-864
-950
-993
-985
-874
-730
-549
-359
-258
-300
-326
-338
-415
-420
-346
-270
-198
-55
116
302
478
556
534
421
292
177
67
-73
-176
-206
-210
-123
87
317
469
604
685
701
739
731
615
499
440
398
412
444
502
617
671
623
575
488
312
138
-109
-419
-632
-769
-900
-929
-864
-801
-702
-589
-460
-316
-233
-213
-197
-192
-212
-211
-237
-282
-289
-298
-344
-380
-395
-449
-539
-656
-781
-908
-1026
-1133
-1260
-1366
-1402
-1372
-1336
-1282
-1177
-1049
-946
-880
-861
-924
-988
-1027
-1086
-1145
-1148
-1123
-1125
-1112
-1092
-1089
-1130
-1196
-1266
-1349
-1403
-1406
-1434
-1531
-1569
-1553
-1519
-1410
-1276
-1217
-1102
-574
342
1314
2140
2856
3464
4041
4653
4945
4763
4313
3696
2872
2076
1482
962
431
-107
-479
-584
-508
-339
-181
-196
-284
-233
-223
-214
-45
77
12
22
272
612
969
1211
1303
1292
1248
1186
1040
777
445
113
-274
-557
-613
-579
-612
-714
-768
-752
-649
-545
-516
-595
-674
-654
-602
-510
-342
-142
-47
29
183
337
414
399
293
96
-36
-58
-42
-29
0
40
79
181
326
439
422
324
217
90
16
39
81
89
173
301
434
651
907
1040
1011
903
723
498
256
-8
-336
-660
-843
-906
-902
-819
-668
-567
-478
-322
-177
-110
-89
-70
-105
-127
-87
-51
-68
-74
-56
-106
-192
-276
-384
-573
-804
-1005
-1159
-1261
-1317
-1331
-1353
-1312
-1179
-1050
-962
-870
-796
-834
-926
-993
-1035
-1082
-1128
-1151
-1165
-1136
-1074
-1026
-1024
-1052
-1114
-1188
-1231
-1250
-1211
-1133
-1069
-1021
-978
-952
-895
-846
-913
-996
-1039
-1128
-1232
-1269
-1104
-496
444
1332
2123
2906
3565
4093
4456
4448
4099
3532
2765
1954
1326
910
597
285
18
-30
55
134
201
178
-2
-203
-374
-551
-551
-358
-152
38
350
804
1287
1674
1858
1848
1656
1364
1032
651
278
-47
-358
-628
-721
-682
-622
-586
-593
-631
-677
-708
-745
-734
-693
-628
-517
-356
-124
156
401
524
589
618
598
539
467
388
301
254
228
227
255
310
358
346
283
201
101
-42
-118
-131
-150
-100
64
182
251
405
482
422
349
235
-3
-212
-326
-463
-579
-593
-529
-482
-424
-318
-243
-251
-267
-275
-376
-454
-421
-410
-451
-403
-298
-250
-196
-123
-137
-258
-383
-497
-674
-841
-907
-962
-1053
-1053
-956
-900
-870
-830
-850
-912
-939
-967
-1070
-1209
-1294
-1328
-1367
-1358
-1232
-1109
-1024
-918
-828
-810
-789
-770
-840
-896
-905
-883
-884
-931
-978
-941
-886
-922
-937
-942
-966
-1014
-1043
-1075
-1105
-1069
-900
-420
319
1160
1881
2437
2934
3453
3859
3928
3778
3479
3040
2465
1954
1634
1380
1109
793
516
271
170
120
-94
-399
-608
-742
-919
-870
-571
-210
116
457
825
1166
1503
1671
1634
1420
1178
909
568
273
78
-71
-309
-485
-551
-548
-563
-656
-778
-907
-962
-987
-950
-868
-700
-491
-326
-125
137
440
622
685
686
708
723
676
640
569
498
426
350
227
144
81
-25
-45
-20
16
68
156
166
196
313
333
308
312
300
185
122
106
54
43
77
71
-33
-82
-94
-153
-263
-355
-445
-601
-701
-718
-695
-682
-625
-569
-587
-569
-509
-494
-574
-617
-651
-760
-834
-805
-750
-759
-744
-755
-819
-857
-860
-900
-980
-1030
-1111
-1216
-1305
-1353
-1383
-1434
-1472
-1472
-1449
-1431
-1347
-1243
-1203
-1129
-1016
-924
-835
-697
-610
-575
-549
-572
-631
-729
-851
-951
-1007
-1088
-1143
-1141
-1162
-1146
-1088
-1092
-1043
-570
223
953
1626
2358
3002
3462
3867
4027
3887
3719
3504
2987
2400
2131
1898
1514
1143
867
549
215
-17
-264
-491
-624
-698
-846
-881
-606
-269
-30
216
549
783
956
1117
1183
1205
1187
1095
895
781
740
640
455
226
28
-199
-386
-549
-679
-762
-822
-870
-881
-725
-546
-425
-357
-283
-190
-114
-6
58
158
273
366
437
543
706
770
764
670
601
598
571
473
370
334
227
162
122
42
-8
-35
-125
-267
-256
-221
-189
-139
-107
-75
-33
56
85
99
65
-2
-102
-240
-343
-461
-570
-703
-781
-823
-847
-831
-817
-778
-766
-735
-751
-780
-785
-793
-812
-872
-897
-927
-926
-938
-941
-937
-977
-1003
-1030
-1046
-1084
-1120
-1221
-1364
-1439
-1481
-1521
-1573
-1576
-1566
-1528
-1446
-1329
-1181
-1063
-951
-831
-702
-627
-577
-538
-573
-633
-707
-843
-1016
-1097
-1160
-1251
-1264
-1224
-1157
-919
-322
531
1332
1939
2486
2987
3330
3575
3689
3588
3439
3288
2966
2653
2563
2457
2161
1780
1393
1015
617
202
-142
-415
-620
-715
-742
-661
-389
-112
18
140
264
335
386
390
362
390
462
517
605
709
797
815
710
551
369
152
-90
-332
-569
-699
-723
-724
-661
-554
-468
-438
-446
-471
-459
-437
-459
-450
-383
-253
-92
79
247
424
600
736
835
914
1042
1160
1188
1158
1134
1081
941
771
544
297
89
-95
-305
-459
-483
-491
-488
-454
-371
-282
-209
-166
-133
-60
-15
26
51
64
79
76
-11
-167
-294
-486
-723
-938
-1112
-1226
-1267
-1265
-1279
-1251
-1216
-1189
-1204
-1230
-1240
-1273
-1283
-1303
-1283
-1214
-1138
-1095
-1071
-1049
-1063
-1052
-1093
-1170
-1229
-1294
-1398
-1514
-1577
-1603
-1544
-1479
-1434
-1384
-1268
-1057
-894
-796
-751
-645
-505
-404
-389
-454
-478
-501
-544
-628
-693
-784
-870
-793
-433
243
863
1327
1766
2212
2602
2889
3018
3082
3258
3198
2965
2887
2874
2881
2778
2443
2068
1816
1439
1028
742
436
179
-86
-329
-414
-359
-326
-339
-386
-470
-465
-465
-431
-357
-293
-193
-82
78
240
421
596
685
646
592
609
576
545
507
437
387
342
235
91
7
-100
-262
-478
-656
-772
-871
-901
-898
-860
-797
-736
-680
-589
-426
-284
-173
-55
136
428
758
1014
1167
1303
1370
1320
1203
1036
809
591
378
94
-110
-167
-237
-330
-333
-305
-334
-349
-375
-463
-481
-408
-367
-323
-202
-138
-161
-145
-128
-172
-227
-302
-458
-611
-743
-889
-979
-1004
-1056
-1114
-1118
-1136
-1137
-1045
-972
-945
-869
-799
-799
-757
-691
-702
-708
-703
-795
-922
-972
-1025
-1118
-1181
-1220
-1241
-1216
-1196
-1223
-1203
-1119
-1070
-1052
-1027
-986
-903
-804
-738
-668
-542
-460
-459
-454
-416
-357
-328
-395
-540
-654
-725
-751
-613
-318
-99
-58
35
338
773
1150
1339
1391
1520
1794
1984
2114
2431
2786
2853
2749
2744
2818
2936
2993
2808
2501
2299
2119
1871
1737
1677
1453
1080
736
427
165
0
-201
-502
-825
-1118
-1338
-1384
-1320
-1301
-1326
-1363
-1376
-1329
-1195
-975
-739
-592
-537
-447
-274
-52
152
271
282
237
159
61
82
190
198
127
101
78
98
224
280
275
371
410
297
289
426
527
644
759
727
669
734
781
739
714
655
473
278
198
135
72
109
126
32
-17
-12
-54
-40
-8
-85
-148
-188
-315
-381
-347
-363
-374
-408
-597
-759
-811
-937
-1074
-1121
-1256
-1465
-1587
-1658
-1679
-1585
-1483
-1469
-1430
-1334
-1258
-1181
-1060
-965
-966
-1003
-1069
-1131
-1098
-1037
-1061
-1108
-1148
-1229
-1231
-1158
-1144
-1143
-1129
-1203
-1289
-1276
-1280
-1279
-1199
-1166
-1209
-1205
-1144
-1051
-907
-834
-866
-896
-823
-535
-112
155
191
259
496
844
1196
1445
1585
1736
1982
2210
2492
3022
3502
3567
3477
3531
3619
3748
3791
3549
3240
3001
2672
2370
2299
2242
1992
1538
1005
604
356
138
-131
-474
-892
-1274
-1503
-1568
-1550
-1570
-1683
-1876
-1995
-1970
-1882
-1721
-1494
-1390
-1373
-1187
-905
-645
-346
-103
11
136
264
316
420
560
594
555
518
478
466
462
403
349
302
221
145
108
139
249
353
355
351
407
497
586
605
555
551
616
630
621
683
744
693
598
525
452
460
485
366
235
239
209
118
106
50
-67
-154
-296
-456
-497
-547
-648
-704
-797
-911
-942
-983
-1072
-1120
-1208
-1347
-1424
-1471
-1520
-1512
-1474
-1484
-1500
-1469
-1402
-1349
-1321
-1299
-1287
-1260
-1232
-1221
-1182
-1127
-1101
-1092
-1111
-1153
-1125
-1083
-1127
-1148
-1121
-1126
-1097
-1015
-1029
-1086
-1069
-1092
-1190
-1254
-1298
-1369
-1377
-1327
-1338
-1324
-1062
-533
-15
188
120
195
611
1080
1341
1387
1379
1568
1894
2134
2558
3230
3507
3307
3178
3239
3413
3649
3616
3329
3177
3054
2812
2749
2862
2757
2313
1718
1181
819
573
319
39
-272
-629
-948
-1105
-1160
-1220
-1337
-1562
-1805
-1917
-1961
-1964
-1782
-1581
-1559
-1513
-1337
-1188
-1043
-847
-716
-593
-398
-234
-89
129
329
444
561
680
726
672
583
536
534
535
504
442
387
369
379
422
465
447
398
387
447
525
530
485
502
595
673
708
723
714
682
674
705
751
813
798
655
549
539
478
384
289
106
-89
-224
-359
-431
-409
-463
-603
-728
-883
-1038
-1119
-1198
-1313
-1415
-1537
-1646
-1663
-1639
-1620
-1595
-1593
-1640
-1681
-1688
-1672
-1641
-1599
-1556
-1516
-1476
-1442
-1394
-1320
-1255
-1226
-1227
-1241
-1231
-1174
-1119
-1067
-993
-938
-909
-873
-851
-882
-905
-886
-916
-1033
-1121
-1146
-1174
-1175
-1174
-1175
-961
-497
-88
74
111
280
685
1086
1292
1373
1407
1519
1794
2100
2485
3020
3290
3149
3055
3201
3414
3591
3593
3406
3234
3083
2927
2888
2903
2753
2357
1817
1366
1115
883
581
295
5
-334
-627
-806
-938
-1078
-1247
-1447
-1623
-1685
-1679
-1696
-1656
-1537
-1455
-1384
-1262
-1170
-1117
-1047
-980
-869
-712
-584
-462
-341
-261
-161
-3
136
247
300
249
204
241
306
372
416
393
344
288
269
366
453
425
412
478
545
633
710
694
698
773
792
773
864
968
961
960
1017
1052
1091
1128
1029
880
822
711
545
486
409
218
63
-88
-276
-367
-459
-660
-822
-968
-1183
-1316
-1378
-1491
-1550
-1568
-1677
-1764
-1787
-1857
-1897
-1869
-1896
-1935
-1903
-1870
-1840
-1766
-1707
-1675
-1616
-1573
-1561
-1534
-1521
-1514
-1453
-1389
-1362
-1281
-1199
-1193
-1134
-991
-888
-796
-708
-719
-720
-639
-603
-582
-527
-561
-695
-815
-906
-928
-757
-397
-15
181
143
170
554
1081
1388
1416
1314
1293
1481
1771
2113
2602
2965
2871
2676
2804
3100
3362
3486
3343
3146
3086
2990
2905
2940
2851
2471
1953
1473
1155
939
653
342
94
-166
-415
-588
-752
-925
-1083
-1282
-1447
-1478
-1466
-1488
-1479
-1388
-1273
-1143
-987
-878
-845
-822
-808
-767
-612
-453
-398
-390
-381
-364
-280
-151
-55
27
59
50
90
187
300
412
486
480
412
319
290
358
458
511
512
537
627
749
841
902
936
925
878
847
864
905
955
981
983
989
998
951
832
717
616
513
433
354
247
108
-70
-257
-412
-560
-738
-962
-1205
-1405
-1536
-1617
-1671
-1714
-1787
-1907
-2018
-2067
-2083
-2120
-2141
-2152
-2180
-2187
-2159
-2126
-2062
-1968
-1914
-1860
-1763
-1679
-1622
-1548
-1443
-1324
-1225
-1187
-1178
-1145
-1114
-1084
-1026
-990
-985
-942
-918
-965
-945
-836
-784
-827
-920
-953
-623
27
404
310
213
477
1029
1541
1746
1744
1833
2031
2205
2454
2948
3432
3442
3086
2885
3009
3249
3383
3305
3165
3107
2994
2834
2821
2853
2674
2256
1782
1493
1370
1145
813
530
273
-1
-258
-533
-804
-1028
-1261
-1448
-1487
-1450
-1466
-1533
-1586
-1579
-1488
-1347
-1201
-1107
-1081
-1048
-948
-768
-577
-464
-450
-504
-587
-627
-596
-545
-492
-467
-477
-409
-258
-116
-9
20
3
88
268
391
424
404
403
560
813
971
1030
1053
1030
1041
1163
1337
1510
1571
1459
1345
1342
1396
1448
1433
1308
1152
987
815
738
739
636
405
183
0
-138
-286
-491
-668
-806
-981
-1196
-1369
-1521
-1697
-1866
-2010
-2101
-2156
-2221
-2306
-2391
-2439
-2429
-2375
-2341
-2368
-2406
-2439
-2426
-2352
-2292
-2243
-2276
-2346
-2268
-2121
-2016
-1908
-1831
-1815
-1735
-2083
-2816
-2704
-2075
-1909
-1976
-2210
-2676
-2793
-2467
-1631
277
1869
1950
1782
1869
1930
2375
3071
3618
4398
4979
4677
4525
4880
4879
4556
4197
3822
3620
3537
3269
3104
3142
2827
2175
1330
401
-139
-277
-266
-40
291
180
-381
-955
-1378
-1272
-716
-312
-136
-30
-25
-86
-4
123
193
171
-115
-340
-271
-71
126
89
-319
-888
-1330
-1680
-1745
-1429
-1167
-1092
-1201
-1502
-1758
-1758
-1622
-1427
-1076
-769
-545
-291
-123
54
302
480
622
874
1136
1375
1704
1927
2024
2120
2121
2036
1980
1972
2025
2154
2116
1787
1391
978
623
470
354
197
98
-64
-339
-476
-511
-606
-633
-614
-613
-503
-356
-338
-420
-524
-644
-709
-706
-696
-645
-691
-923
-1173
-1385
-1608
-1746
-1798
-1929
-2083
-2245
-2546
-2829
-2939
-2979
-3029
-3088
-3223
-3407
-3495
-3459
-3352
-3259
-3223
-3244
-3308
-3357
-3319
-3232
-3179
-3147
-3110
-3062
-2990
-2648
-1443
703
2649
3195
2529
1738
1678
2542
3946
5424
6587
6896
5986
4450
3478
3593
4219
4525
4371
3962
3295
2465
1733
1222
902
575
-4
-521
-404
190
564
408
-95
-634
-965
-880
-233
840
1822
2129
1645
846
388
521
955
1395
1709
1664
1115
353
-243
-569
-697
-892
-1289
-1670
-1848
-1928
-2080
-2309
-2558
-2796
-2990
-2982
-2595
-1945
-1363
-1102
-1153
-1251
-1102
-625
89
890
1557
1857
1792
1634
1650
1880
2135
2226
2122
1889
1616
1345
1113
970
846
584
220
41
190
446
453
207
-33
-171
-67
366
833
1080
1104
789
236
41
320
645
849
836
481
-23
-393
-568
-536
-409
-414
-595
-929
-1246
-1336
-1385
-1526
-1605
-1684
-1894
-2003
-1963
-1955
-1889
-1880
-2134
-2407
-2456
-2366
-2195
-2021
-2027
-2178
-2407
-2682
-2810
-2760
-2702
-2729
-2898
-3223
-3512
-3661
-3746
-3692
-3582
-3527
-3009
-1420
659
1833
1592
715
281
822
2194
3860
5267
5973
5455
3798
2307
2244
3314
4288
4516
4048
3074
1842
796
354
517
919
1003
496
-73
-55
259
304
267
383
529
760
1190
1834
2563
2983
2733
2045
1593
1746
2222
2503
2462
2112
1276
154
-699
-993
-855
-684
-946
-1691
-2476
-3034
-3395
-3506
-3306
-2965
-2796
-2831
-2817
-2567
-2121
-1629
-1217
-894
-493
36
528
947
1346
1574
1495
1365
1506
1865
2134
2083
1750
1296
906
696
645
697
785
716
336
-88
-204
-56
180
411
557
601
600
599
648
818
1059
1182
1056
860
838
869
778
632
429
107
-202
-420
-573
-584
-558
-827
-1370
-1853
-2125
-2200
-2084
-1899
-1811
-1896
-2173
-2471
-2515
-2252
-1914
-1742
-1776
-1903
-1997
-2033
-2019
-1914
-1766
-1705
-1815
-2032
-2198
-2251
-2300
-2478
-2733
-2934
-2998
-2961
-2928
-2930
-3033
-3079
-2285
-361
1419
1755
1057
394
324
1070
2402
3805
4937
5212
4036
2191
1385
2130
3381
4025
3895
3244
2139
911
246
386
1034
1622
1437
579
54
175
367
527
901
1281
1412
1341
1350
1699
2229
2474
2191
1681
1476
1657
1774
1665
1535
1200
422
-457
-968
-997
-772
-752
-1250
-1991
-2551
-2874
-2999
-2802
-2269
-1816
-1791
-1961
-1921
-1615
-1162
-668
-286
12
357
609
708
914
1231
1321
1164
1075
1180
1361
1450
1356
1094
788
572
423
321
384
528
433
105
-114
-129
7
260
494
623
661
609
499
487
678
938
1042
939
830
759
605
407
257
119
-61
-265
-551
-894
-1143
-1353
-1671
-1996
-2179
-2240
-2313
-2404
-2482
-2599
-2738
-2857
-2952
-2908
-2660
-2427
-2414
-2540
-2642
-2697
-2751
-2744
-2588
-2444
-2462
-2609
-2820
-2963
-2949
-2826
-2829
-2927
-2473
-1128
398
1057
792
284
79
473
1496
2833
4086
4750
4170
2648
1675
2089
3301
4371
4836
4561
3503
2081
1072
971
1702
2665
2969
2307
1357
737
382
308
752
1387
1632
1426
1056
873
1066
1410
1506
1352
1228
1175
1010
784
726
678
288
-348
-853
-1073
-1041
-996
-1209
-1630
-2026
-2413
-2782
-2828
-2468
-2025
-1845
-1988
-2110
-1946
-1530
-999
-532
-125
315
558
620
864
1171
1404
1595
1518
1469
1684
1788
1846
1926
1895
1867
1687
1261
988
839
632
544
578
614
687
658
441
296
339
390
410
500
646
729
659
505
367
217
33
-198
-485
-727
-906
-1132
-1431
-1698
-1881
-2072
-2290
-2428
-2513
-2647
-2838
-3035
-3191
-3215
-3071
-2876
-2748
-2672
-2619
-2647
-2727
-2699
-2520
-2327
-2189
-2068
-2034
-2099
-2139
-2195
-2289
-2253
-2076
-1986
-2090
-2135
-1672
-615
447
873
709
414
393
804
1595
2657
3745
4259
3770
2854
2525
3049
3891
4501
4707
4439
3702
2789
2215
2302
2857
3296
3129
2471
1814
1340
1016
1036
1456
1832
1744
1239
714
526
647
825
876
836
741
473
37
-280
-298
-297
-569
-960
-1234
-1392
-1529
-1695
-1892
-2025
-2102
-2275
-2462
-2400
-2102
-1859
-1776
-1676
-1412
-1116
-945
-767
-429
-35
357
756
1078
1367
1640
1671
1564
1732
2066
2203
2161
2054
1876
1673
1513
1465
1521
1546
1450
1171
828
731
837
847
780
761
627
341
141
117
213
341
355
164
-127
-381
-628
-889
-1079
-1199
-1420
-1823
-2212
-2486
-2738
-2988
-3205
-3383
-3524
-3630
-3716
-3768
-3699
-3535
-3413
-3367
-3309
-3194
-3040
-2847
-2606
-2331
-2119
-2039
-1967
-1818
-1660
-1539
-1409
-1252
-1101
-982
-944
-1032
-1164
-1019
-351
575
1275
1581
1539
1281
1126
1386
2066
2938
3637
3737
3241
2745
2701
3025
3506
4007
4258
3996
3355
2788
2587
2721
3014
3153
2961
2580
2149
1751
1612
1814
2069
2015
1621
1161
833
678
691
807
835
663
310
-125
-419
-470
-499
-677
-898
-1094
-1340
-1620
-1794
-1825
-1846
-1975
-2163
-2315
-2323
-2171
-1998
-1838
-1652
-1495
-1380
-1220
-989
-717
-412
-157
41
310
619
874
1073
1230
1354
1481
1670
1897
2054
2070
1997
1852
1691
1633
1626
1590
1544
1472
1309
1063
841
685
545
417
301
170
51
-42
-179
-358
-545
-729
-921
-1110
-1204
-1236
-1335
-1528
-1757
-1981
-2171
-2290
-2371
-2452
-2548
-2704
-2889
-3034
-3098
-3093
-3060
-3031
-2989
-2922
-2904
-2882
-2773
-2624
-2415
-2179
-2003
-1874
-1700
-1473
-1264
-1070
-870
-687
-536
-406
-253
-132
-120
-197
-301
-339
-166
301
855
1219
1335
1222
1002
954
1271
1844
2420
2782
2775
2487
2247
2287
2585
2959
3288
3441
3291
2974
2742
2663
2701
2805
2840
2687
2413
2139
1907
1783
1792
1785
1599
1284
997
791
713
774
822
704
435
143
-105
-276
-345
-382
-458
-578
-732
-917
-1081
-1149
-1164
-1230
-1334
-1389
-1416
-1469
-1491
-1471
-1403
-1261
-1131
-1068
-951
-726
-534
-394
-206
-20
109
217
347
555
825
1045
1162
1204
1220
1221
1189
1197
1277
1301
1215
1068
890
717
592
493
394
320
239
89
-92
-197
-235
-277
-328
-380
-442
-526
-608
-644
-678
-755
-884
-1056
-1199
-1256
-1278
-1373
-1537
-1735
-1977
-2219
-2370
-2392
-2370
-2398
-2497
-2649
-2773
-2789
-2699
-2540
-2338
-2130
-2006
-1979
-1927
-1788
-1585
-1330
-1048
-825
-712
-669
-613
-507
-367
-220
-131
-147
-208
-249
-271
-266
-194
-54
106
292
480
606
673
753
941
1232
1529
1777
1972
2109
2240
2416
2581
2740
2921
3050
3106
3145
3157
3106
3060
3059
3056
2999
2856
2656
2454
2290
2180
2082
1935
1735
1527
1324
1173
1104
1034
916
746
523
276
60
-105
-234
-337
-443
-590
-776
-967
-1122
-1220
-1266
-1295
-1349
-1442
-1546
-1601
-1587
-1518
-1420
-1349
-1310
-1241
-1107
-937
-762
-614
-498
-358
-176
23
199
348
452
511
578
654
756
891
989
1012
994
949
858
755
696
689
691
632
515
396
321
273
203
121
58
15
-39
-103
-177
-319
-514
-717
-878
-967
-1029
-1150
-1361
-1618
-1857
-2045
-2185
-2296
-2385
-2477
-2592
-2723
-2828
-2861
-2842
-2792
-2717
-2635
-2587
-2582
-2558
-2460
-2292
-2104
-1931
-1801
-1716
-1651
-1569
-1424
-1220
-1021
-904
-868
-837
-718
-425
13
459
771
894
895
931
1144
1507
1891
2181
2357
2491
2633
2822
3055
3298
3517
3680
3783
3822
3839
3873
3899
3912
3882
3781
3629
3438
3233
3062
2902
2684
2402
2085
1796
1595
1440
1246
986
691
388
92
-164
-363
-495
-617
-779
-953
-1136
-1320
-1498
-1656
-1773
-1843
-1897
-1971
-2061
-2126
-2145
-2136
-2088
-2004
-1901
-1793
-1702
-1609
-1488
-1335
-1174
-1029
-873
-701
-487
-195
93
307
460
547
614
732
896
1105
1308
1447
1529
1571
1579
1585
1622
1662
1682
1678
1597
1457
1314
1184
1104
1028
887
726
560
369
197
39
-154
-367
-585
-815
-1034
-1208
-1368
-1536
-1705
-1900
-2089
-2245
-2358
-2418
-2493
-2608
-2713
-2808
-2889
-2926
-2935
-2911
-2852
-2815
-2834
-2859
-2834
-2746
-2591
-2390
-2200
-2046
-1948
-1893
-1795
-1654
-1481
-1278
-1133
-1036
-847
-509
-82
333
640
808
915
1091
1374
1724
2075
2355
2564
2730
2902
3131
3358
3569
3791
3947
4002
4008
4013
4049
4120
4167
4112
3968
3778
3549
3337
3164
2979
2752
2459
2115
1807
1532
1260
1006
743
450
141
-152
-425
-665
-853
-1040
-1231
-1381
-1508
-1623
-1730
-1808
-1855
-1928
-2015
-2068
-2098
-2103
-2070
-2021
-1969
-1929
-1890
-1803
-1657
-1486
-1359
-1260
-1133
-973
-777
-574
-363
-138
54
242
448
660
890
1079
1215
1361
1501
1603
1696
1800
1876
1902
1904
1881
1838
1817
1783
1696
1578
1424
1265
1120
989
877
729
529
321
111
-100
-294
-449
-603
-804
-997
-1184
-1397
-1591
-1751
-1895
-2029
-2156
-2268
-2373
-2460
-2527
-2606
-2678
-2737
-2804
-2861
-2862
-2796
-2733
-2702
-2667
-2625
-2551
-2421
-2254
-2072
-1903
-1782
-1714
-1653
-1521
-1313
-1127
-1022
-971
-922
-792
-484
-28
381
615
688
705
836
1116
1458
1780
2025
2225
2425
2625
2851
3103
3308
3438
3553
3651
3704
3769
3837
3849
3831
3764
3606
3406
3233
3110
2989
2810
2550
2219
1901
1667
1491
1321
1134
916
617
275
9
-184
-350
-507
-686
-870
-1044
-1206
-1353
-1492
-1578
-1648
-1769
-1894
-1983
-2029
-2030
-2000
-1959
-1945
-1951
-1925
-1840
-1696
-1538
-1421
-1330
-1215
-1028
-795
-581
-366
-154
47
260
455
628
780
894
1016
1159
1317
1496
1641
1729
1779
1813
1830
1807
1787
1788
1779
1765
1707
1591
1441
1267
1120
994
851
685
472
238
13
-191
-377
-589
-794
-979
-1168
-1334
-1499
-1671
-1842
-1997
-2119
-2235
-2330
-2381
-2420
-2442
-2444
-2453
-2473
-2488
-2488
-2489
-2477
-2416
-2338
-2264
-2165
-2068
-2008
-1962
-1898
-1812
-1691
-1530
-1366
-1249
-1156
-1086
-1058
-1023
-941
-770
-493
-143
221
452
520
580
727
998
1354
1669
1871
2014
2200
2415
2644
2894
3073
3168
3218
3243
3280
3295
3280
3263
3225
3177
3080
2905
2718
2570
2454
2302
2131
1959
1744
1540
1386
1245
1098
910
681
439
241
115
-39
-265
-494
-677
-816
-945
-1054
-1145
-1243
-1347
-1473
-1609
-1692
-1707
-1686
-1661
-1618
-1560
-1528
-1507
-1462
-1386
-1295
-1202
-1116
-1020
-893
-728
-562
-424
-302
-182
-60
87
259
435
590
711
814
922
1053
1194
1322
1416
1476
1534
1580
1596
1595
1555
1475
1389
1305
1221
1119
992
846
684
518
337
159
12
-115
-241
-408
-609
-774
-909
-1033
-1144
-1260
-1380
-1505
-1620
-1720
-1794
-1826
-1869
-1941
-2012
-2072
-2094
-2077
-2050
-2017
-1991
-1985
-1996
-2014
-2003
-1937
-1847
-1775
-1726
-1683
-1647
-1584
-1478
-1359
-1222
-1096
-1030
-983
-903
-811
-729
-653
-564
-408
-155
147
402
553
628
699
838
1052
1305
1535
1683
1801
1934
2073
2238
2404
2523
2616
2707
2772
2797
2805
2812
2815
2819
2813
2764
2660
2523
2400
2285
2158
2018
1844
1632
1426
1233
1036
843
652
439
203
-1
-150
-282
-417
-547
-668
-780
-882
-981
-1073
-1143
-1192
-1259
-1356
-1437
-1458
-1415
-1335
-1254
-1218
-1222
-1222
-1185
-1106
-1001
-894
-802
-732
-673
-602
-511
-392
-248
-100
24
148
292
424
536
644
742
828
912
997
1065
1126
1194
1239
1250
1232
1189
1129
1058
1008
978
929
846
712
545
385
245
113
-30
-162
-283
-435
-603
-771
-940
-1102
-1226
-1307
-1389
-1480
-1582
-1694
-1797
-1890
-1950
-1972
-1962
-1946
-1952
-1967
-1974
-1973
-1967
-1945
-1887
-1820
-1760
-1695
-1630
-1569
-1513
-1450
-1379
-1289
-1174
-1051
-937
-842
-749
-650
-568
-498
-426
-351
-263
-178
-92
-9
88
232
400
580
750
854
917
1004
1167
1373
1537
1658
1744
1818
1910
2021
2151
2259
2329
2377
2385
2389
2399
2384
2359
2336
2309
2243
2134
2022
1903
1772
1653
1525
1378
1216
1061
926
795
656
487
296
141
24
-81
-177
-297
-451
-628
-785
-859
-879
-886
-893
-932
-992
-1054
-1092
-1087
-1059
-1005
-963
-945
-910
-879
-865
-860
-839
-766
-674
-584
-505
-454
-403
-330
-221
-83
62
208
317
405
515
622
709
797
877
957
1042
1110
1140
1131
1097
1042
964
878
796
723
623
483
331
158
-31
-204
-365
-509
-626
-738
-871
-1011
-1135
-1238
-1327
-1408
-1476
-1533
-1591
-1647
-1689
-1716
-1720
-1705
-1701
-1719
-1729
-1723
-1721
-1724
-1722
-1706
-1661
-1592
-1533
-1495
-1452
-1395
-1334
-1272
-1188
-1070
-952
-859
-767
-661
-554
-446
-325
-178
-23
104
191
259
340
418
471
520
585
665
714
725
759
828
896
942
970
998
1039
1110
1189
1266
1340
1381
1408
1451
1527
1634
1728
1786
1816
1813
1783
1745
1715
1686
1659
1629
1553
1438
1309
1176
1064
976
893
794
669
534
412
327
281
238
173
68
-39
-112
-163
-186
-201
-233
-263
-293
-332
-369
-386
-405
-453
-507
-563
-605
-611
-595
-576
-575
-590
-598
-588
-538
-456
-373
-302
-244
-197
-157
-83
34
158
273
364
427
467
497
523
547
574
590
587
563
505
416
312
213
131
45
-57
-153
-246
-346
-462
-587
-707
-805
-885
-954
-1006
-1038
-1089
-1168
-1238
-1297
-1337
-1359
-1376
-1386
-1386
-1382
-1397
-1433
-1454
-1454
-1439
-1416
-1404
-1402
-1403
-1382
-1326
-1271
-1223
-1175
-1135
-1092
-1028
-938
-841
-737
-620
-521
-435
-352
-280
-225
-177
-116
-38
38
111
177
220
246
255
250
242
270
328
378
416
442
454
478
531
599
673
744
815
888
969
1052
1134
1208
1275
1339
1397
1466
1536
1575
1580
1575
1585
1594
1585
1561
1522
1485
1441
1380
1314
1252
1204
1143
1056
964
872
782
700
639
599
550
475
373
268
201
151
92
24
-48
-128
-216
-283
-315
-342
-382
-455
-528
-560
-567
-578
-612
-643
-647
-637
-610
-571
-539
-512
-477
-421
-359
-285
-193
-124
-65
3
60
107
140
167
196
218
237
223
180
142
107
78
33
-20
-78
-161
-232
-295
-369
-434
-501
-563
-622
-674
-702
-745
-796
-858
-937
-1005
-1051
-1066
-1068
-1078
-1089
-1124
-1184
-1242
-1280
-1278
-1260
-1241
-1235
-1255
-1280
-1301
-1308
-1284
-1219
-1134
-1059
-992
-930
-883
-848
-819
-767
-686
-585
-487
-419
-368
-335
-310
-289
-266
-225
-186
-154
-109
-73
-39
-18
-9
15
52
105
151
194
247
289
340
416
519
650
762
860
954
1039
1127
1201
1263
1340
1418
1485
1527
1572
1620
1641
1645
1630
1612
1603
1589
1572
1542
1512
1476
1421
1365
1323
1299
1263
1198
1114
1009
905
821
740
658
578
502
407
297
197
89
-23
-137
-253
-356
-449
-513
-562
-632
-704
-777
-821
-831
-820
-811
-839
-863
-850
-814
-744
-661
-586
-535
-502
-443
-363
-263
-153
-75
-26
6
34
65
95
149
203
223
222
214
211
209
199
176
123
54
-8
-75
-129
-164
-202
-269
-358
-437
-506
-568
-617
-672
-734
-804
-876
-933
-978
-1001
-1036
-1100
-1171
-1242
-1311
-1369
-1396
-1386
-1375
-1367
-1362
-1356
-1337
-1316
-1293
-1272
-1241
-1181
-1118
-1063
-1020
-991
-953
-897
-805
-703
-631
-579
-554
-518
-446
-348
-249
-188
-144
-97
-57
-14
27
83
148
209
274
317
357
407
462
527
584
635
662
676
724
800
886
956
991
1013
1033
1086
1164
1228
1275
1286
1278
1274
1292
1350
1399
1425
1420
1382
1345
1319
1306
1289
1261
1236
1188
1122
1054
995
953
900
830
731
621
535
470
420
366
291
195
72
-29
-96
-136
-165
-211
-269
-328
-368
-376
-377
-369
-368
-379
-389
-399
-396
-383
-362
-326
-297
-273
-269
-275
-266
-255
-249
-247
-250
-248
-239
-212
-177
-159
-156
-171
-193
-205
-199
-191
-196
-208
-223
-246
-269
-292
-317
-350
-386
-423
-469
-519
-568
-615
-659
-693
-719
-760
-818
-883
-941
-977
-990
-998
-1024
-1071
-1118
-1158
-1181
-1181
-1166
-1157
-1156
-1150
-1147
-1142
-1128
-1102
-1062
-1010
-953
-910
-884
-853
-813
-765
-716
-675
-642
-607
-541
-460
-393
-348
-319
-293
-255
-199
-136
-84
-36
12
61
131
213
295
360
408
462
513
567
622
663
691
708
723
741
769
834
915
981
1020
1030
1029
1042
1078
1128
1165
1181
1177
1167
1171
1192
1214
1215
1198
1184
1179
1180
1184
1171
1135
1080
1019
966
919
875
819
743
665
602
555
515
472
417
350
280
222
177
137
97
49
-13
-81
-139
-178
-200
-215
-234
-259
-281
-293
-298
-307
-319
-330
-344
-363
-374
-377
-382
-392
-406
-427
-449
-462
-467
-467
-467
-469
-480
-493
-493
-484
-474
-466
-458
-458
-474
-485
-480
-470
-465
-480
-517
-559
-586
-606
-630
-656
-686
-727
-780
-831
-868
-898
-919
-931
-953
-989
-1032
-1066
-1083
-1078
-1061
-1062
-1079
-1085
-1071
-1039
-1000
-972
-957
-943
-908
-847
-785
-741
-719
-708
-675
-614
-530
-458
-414
-386
-373
-354
-324
-288
-249
-213
-175
-139
-115
-90
-64
-34
10
63
126
183
232
288
347
405
457
500
551
623
724
834
927
997
1043
1077
1119
1182
1249
1295
1317
1325
1330
1345
1370
1395
1414
1423
1415
1390
1355
1323
1291
1250
1202
1157
1110
1070
1025
969
902
824
742
658
587
536
481
410
326
229
135
46
-27
-78
-112
-140
-183
-242
-307
-372
-422
-449
-456
-448
-454
-475
-505
-534
-545
-543
-531
-509
-484
-459
-445
-435
-419
-397
-360
-314
-268
-221
-181
-155
-139
-131
-117
-100
-84
-69
-67
-83
-112
-156
-206
-254
-299
-345
-408
-478
-552
-625
-686
-743
-805
-873
-941
-991
-1031
-1065
-1102
-1149
-1196
-1238
-1268
-1278
-1272
-1266
-1277
-1304
-1322
-1322
-1300
-1266
-1231
-1197
-1179
-1164
-1142
-1099
-1031
-961
-894
-835
-779
-717
-665
-611
-547
-473
-399
-341
-289
-237
-183
-128
-75
-19
48
112
172
225
284
352
426
517
622
734
837
919
990
1069
1163
1267
1357
1432
1492
1542
1588
1636
1689
1736
1767
1779
1772
1750
1720
1676
1632
1593
1556
1506
1435
1346
1250
1149
1041
932
826
727
638
549
459
361
246
126
12
-77
-149
-220
-299
-384
-466
-536
-597
-643
-678
-701
-716
-734
-754
-774
-788
-790
-779
-751
-712
-672
-640
-618
-588
-543
-483
-419
-349
-270
-191
-117
-57
-2
51
109
161
212
268
318
348
356
356
357
361
364
358
341
308
256
185
107
40
-23
-94
-177
-269
-370
-474
-575
-668
-760
-853
-954
-1055
-1144
-1221
-1294
-1373
-1448
-1514
-1570
-1613
-1638
-1653
-1659
-1661
-1657
-1643
-1614
-1573
-1518
-1456
-1388
-1324
-1270
-1217
-1150
-1062
-957
-849
-747
-663
-596
-528
-450
-351
-241
-139
-51
23
94
168
245
335
435
542
652
759
857
944
1028
1117
1213
1310
1404
1478
1543
1599
1659
1720
1774
1818
1843
1854
1853
1842
1820
1790
1750
1706
1651
1588
1511
1415
1307
1194
1088
989
890
786
669
549
429
310
195
79
-33
-140
-239
-328
-408
-484
-559
-637
-715
-786
-837
-866
-876
-875
-875
-879
-888
-888
-875
-844
-801
-749
-702
-659
-612
-555
-486
-410
-337
-268
-200
-129
-53
25
106
183
249
302
349
399
455
504
547
575
590
603
605
604
591
562
519
462
410
364
313
245
151
50
-51
-145
-232
-327
-433
-543
-661
-776
-883
-981
-1073
-1169
-1260
-1345
-1420
-1484
-1539
-1581
-1611
-1632
-1646
-1658
-1662
-1651
-1627
-1589
-1541
-1485
-1432
-1377
-1316
-1246
-1167
-1082
-999
-918
-834
-745
-647
-546
-448
-351
-251
-146
-38
64
154
236
328
438
571
712
841
941
1019
1093
1180
1280
1378
1463
1524
1573
1623
1681
1739
1786
1812
1820
1812
1798
1779
1755
1725
1692
1645
1576
1486
1385
1286
1200
1120
1031
922
793
663
544
441
345
241
122
1
-111
-200
-274
-345
-421
-505
-585
-653
-707
-746
-777
-808
-842
-877
-903
-916
-908
-883
-853
-822
-801
-785
-761
-722
-657
-576
-495
-419
-358
-297
-234
-157
-68
17
101
175
244
311
378
441
497
538
575
611
654
696
722
722
699
666
632
599
569
530
473
401
321
240
155
67
-32
-139
-251
-363
-469
-573
-676
-783
-894
-1003
-1100
-1179
-1240
-1293
-1341
-1400
-1462
-1517
-1553
-1561
-1556
-1545
-1535
-1526
-1514
-1490
-1448
-1386
-1318
-1249
-1191
-1136
-1075
-1004
-921
-828
-730
-633
-543
-459
-373
-279
-175
-67
46
158
276
398
517
632
746
859
975
1090
1209
1325
1428
1511
1575
1632
1690
1753
1809
1854
1880
1882
1860
1821
1778
1738
1697
1647
1579
1488
1382
1269
1159
1059
964
862
747
623
503
392
291
196
99
3
-93
-184
-271
-355
-439
-520
-596
-662
-711
-750
-783
-814
-845
-871
-889
-892
-879
-856
-831
-810
-794
-775
-747
-705
-653
-595
-540
-489
-436
-377
-311
-242
-180
-127
-74
-18
46
113
178
235
284
325
363
402
440
473
496
507
509
505
494
482
464
441
409
366
314
256
192
123
53
-17
-90
-164
-243
-326
-408
-492
-574
-647
-709
-766
-826
-888
-950
-1004
-1045
-1076
-1102
-1127
-1147
-1161
-1170
-1170
-1159
-1139
-1112
-1073
-1025
-973
-916
-865
-813
-751
-679
-595
-507
-423
-344
-274
-204
-127
-44
45
135
225
306
387
466
538
608
675
743
812
880
947
1002
1052
1092
1128
1169
1212
1257
1293
1313
1317
1311
1298
1290
1285
1275
1252
1209
1148
1080
1014
957
901
840
763
670
568
472
386
313
241
162
75
-14
-96
-168
-233
-291
-344
-394
-438
-478
-510
-541
-571
-596
-614
-620
-613
-603
-592
-584
-576
-564
-544
-512
-472
-424
-377
-338
-305
-274
-240
-197
-147
-98
-58
-30
-9
10
37
69
97
118
131
135
138
137
135
130
122
114
101
89
74
55
32
9
-18
-47
-82
-121
-159
-194
-224
-257
-296
-345
-394
-436
-472
-500
-527
-559
-602
-644
-681
-707
-723
-730
-733
-737
-738
-735
-727
-713
-695
-669
-637
-597
-545
-491
-437
-385
-339
-288
-228
-161
-87
-15
50
112
167
226
289
347
404
459
505
543
583
618
651
686
722
754
771
786
795
799
805
804
805
800
786
772
752
719
689
665
633
615
592
560
517
464
411
357
314
278
240
202
153
104
61
21
-17
-54
-79
-113
-141
-168
-204
-237
-257
-276
-273
-279
-286
-289
-306
-318
-328
-319
-323
-310
-303
-297
-280
-269
-255
-246
-233
-215
-208
-205
-197
-193
-164
-133
-111
-95
-95
-107
-118
-128
-113
-98
-81
-79
-89
-96
-105
-96
-109
-133
-167
-200
-221
-238
-222
-211
-226
-235
-247
-259
-277
-289
-286
-265
-241
-211
-203
-191
-184
-169
-171
-173
-157
-141
-93
-57
-10
-6
-17
-68
-35
49
632
1089
938
960
790
423
117
103
30
22
183
250
466
555
518
377
41
-371
-478
-470
-497
-196
131
206
191
123
-57
-208
-273
-390
-374
-238
-100
125
277
298
289
199
-97
-280
-232
-159
-27
172
265
259
287
198
55
18
-8
-45
12
82
189
392
449
364
311
232
94
58
89
116
252
346
313
280
269
181
83
10
-111
-128
-73
-63
-48
26
18
-102
-198
-335
-409
-360
-349
-375
-330
-289
-312
-291
-287
-324
-296
-283
-342
-321
-236
-179
-110
-59
-76
-65
-54
-93
-80
-24
21
69
100
85
105
148
147
131
148
151
153
160
149
178
223
210
148
130
141
174
203
185
166
184
206
178
182
206
208
184
127
86
86
125
118
101
96
71
44
-4
-61
-77
-71
-110
-168
-188
-180
-180
-195
-232
-259
-244
-234
-230
-208
-165
-145
-159
-175
-175
-147
-95
-61
-55
-31
-2
18
7
-2
36
61
73
64
63
102
150
165
147
154
156
119
76
67
86
114
121
110
84
53
50
35
1
6
48
60
70
87
109
127
109
97
73
70
87
83
77
89
94
65
23
-16
-28
-16
-24
-46
-51
-66
-114
-167
-215
-235
-214
-224
-243
-255
-252
-232
-223
-229
-247
-223
-219
-237
-238
-191
-141
-117
-94
-104
-62
4
47
32
49
88
77
70
63
106
152
193
168
123
115
107
106
99
121
137
130
119
130
135
127
148
146
117
124
150
153
133
111
117
142
146
129
142
158
152
123
88
74
59
60
42
21
19
28
14
-29
-47
-57
-88
-128
-161
-151
-109
-101
-112
-155
-172
-178
-201
-213
-193
-136
-98
-69
-73
-44
-31
-48
-87
-129
-99
-61
-13
13
17
27
30
-8
-49
-21
23
2
-2
42
58
93
108
72
57
55
25
11
34
49
77
129
118
82
63
60
47
35
44
62
91
70
45
0
-19
-15
-35
-72
-72
-15
9
5
-17
-17
-29
-62
-84
-84
-76
-85
-100
-101
-81
-106
-141
-185
-267
-314
-270
-227
-197
-139
-132
-181
-209
-199
-196
-179
-148
-107
-70
-48
1
27
23
29
22
-18
-32
-2
36
73
123
172
195
177
153
136
97
86
143
199
212
218
256
260
228
200
164
148
172
223
234
242
265
259
223
169
152
146
119
106
143
167
134
103
86
38
7
10
-13
-23
-3
-36
-91
-121
-131
-129
-113
-95
-103
-90
-99
-135
-157
-170
-162
-148
-156
-154
-117
-81
-44
-36
-56
-76
-67
-66
-77
-54
-60
-59
-57
-85
-103
-80
-67
-74
-46
-20
4
33
53
60
72
76
54
54
87
117
110
98
107
102
78
74
66
36
34
32
8
5
15
-9
-47
-65
-81
-77
-89
-121
-130
-148
-143
-103
-73
-102
-114
-112
-158
-176
-144
-115
-119
-113
-107
-101
-51
-10
-52
-135
-145
-126
-102
-47
21
32
21
26
-7
-45
-50
-21
-8
13
72
135
169
171
178
150
101
75
61
61
92
117
93
82
108
95
86
89
43
-5
-2
32
79
149
182
169
133
87
52
-6
-76
-98
-42
16
57
76
55
8
-36
-43
-55
-43
18
73
78
57
42
6
-32
-67
-70
-16
29
42
44
48
36
28
4
-39
-30
-6
32
67
122
184
189
125
43
3
-48
-43
-18
-23
-15
30
56
3
-45
-107
-177
-201
-166
-113
-56
25
56
41
9
-28
-91
-134
-117
-83
-38
8
49
49
33
26
-22
-78
-99
-105
-92
-39
35
72
69
30
-22
-36
-44
-61
-76
-74
-48
2
44
54
40
0
-53
-108
-119
-76
-34
-11
-26
-56
-66
-64
-77
-110
-128
-136
-136
-143
-120
-70
-39
-45
-83
-108
-111
-93
-100
-77
-28
-7
23
67
99
87
75
33
0
18
62
100
106
111
81
34
2
3
23
26
39
65
89
94
100
80
29
-10
-20
-17
12
69
125
166
153
91
45
47
36
29
40
60
98
144
161
124
100
71
33
16
34
57
68
85
88
89
53
17
-2
-31
-38
-26
-5
2
22
50
52
10
-35
-42
-49
-45
-19
21
35
28
3
-34
-81
-110
-89
-73
-79
-75
-63
-72
-68
-74
-102
-139
-166
-156
-122
-78
-56
-34
-53
-85
-83
-70
-49
-36
0
40
73
90
90
83
46
29
35
73
123
157
153
136
128
84
27
-2
12
24
26
36
45
30
4
-28
-82
-136
-160
-158
-153
-122
-94
-84
-69
-51
-55
-72
-97
-119
-118
-109
-85
-60
-49
-49
-64
-97
-126
-130
-136
-130
-94
-56
-37
-13
11
28
37
40
27
12
28
52
94
124
143
158
159
148
142
158
169
177
193
212
203
171
125
78
46
42
39
28
29
22
6
-19
-47
-100
-131
-130
-116
-73
-26
0
-1
3
-17
-45
-58
-66
-67
-50
-14
5
9
4
5
-5
-41
-65
-72
-76
-69
-32
4
18
27
17
-20
-56
-76
-97
-103
-88
-61
-22
14
45
50
35
19
22
31
39
55
54
53
49
56
61
51
54
61
53
29
22
26
31
34
40
31
8
-5
-16
-27
-27
-12
-11
-10
9
16
2
-12
-9
19
77
136
173
179
144
80
31
5
-18
-22
-5
1
-8
-27
-66
-129
-192
-234
-238
-223
-216
-181
-138
-128
-128
-127
-152
-168
-146
-125
-88
-17
42
69
73
73
73
66
49
38
34
31
45
55
47
47
58
46
20
6
-9
-25
-18
7
20
35
54
56
57
64
60
50
52
47
50
73
93
110
120
103
64
23
-15
-28
-27
-30
-25
-26
-39
-50
-51
-64
-76
-74
-76
-70
-51
-24
-12
-4
2
4
5
11
22
32
62
82
99
119
121
112
100
98
103
126
140
144
145
119
90
74
57
44
55
63
59
68
71
64
54
36
22
11
-1
-15
-15
-22
-27
-28
-42
-52
-74
-104
-122
-130
-134
-120
-100
-96
-88
-73
-68
-66
-66
-71
-65
-62
-67
-62
-54
-45
-18
3
4
12
12
1
-5
-3
-1
1
5
-4
-12
-14
-19
-31
-46
-66
-80
-80
-80
-61
-28
-6
8
5
-8
-17
-17
-21
-32
-28
-21
-7
1
-2
9
14
-8
-32
-45
-51
-37
-5
28
53
58
43
17
-17
-48
-59
-65
-62
-30
2
21
42
58
67
80
77
54
43
47
63
95
140
164
161
132
79
43
24
11
4
7
14
29
41
39
41
34
9
-13
-28
-38
-27
5
17
26
35
29
25
26
18
-4
-20
-34
-28
-6
7
14
8
-18
-52
-73
-98
-113
-103
-75
-35
-11
1
9
15
7
-9
-21
-35
-46
-48
-39
-29
-21
-14
-28
-50
-67
-91
-116
-125
-118
-102
-76
-63
-69
-72
-80
-90
-96
-93
-66
-15
30
65
98
97
94
117
136
145
157
154
139
138
132
109
83
63
45
27
6
-5
-9
-24
-48
-62
-66
-69
-60
-46
-32
-17
-5
5
14
17
-1
-26
-49
-66
-62
-42
-33
-37
-43
-63
-89
-106
-117
-125
-121
-101
-73
-47
-33
-38
-58
-75
-70
-41
-2
25
50
71
73
66
60
69
77
82
83
89
103
118
134
130
115
107
109
99
90
89
75
58
61
91
111
110
95
72
42
13
-1
-6
-3
3
13
13
11
20
24
-5
-41
-53
-63
-68
-56
-44
-42
-40
-36
-42
-48
-56
-60
-67
-76
-70
-51
-42
-34
-13
-2
-4
-11
-26
-40
-40
-36
-26
3
33
46
59
61
43
30
18
-2
-6
11
26
36
33
25
24
19
0
-20
-36
-54
-47
-26
-3
23
38
25
9
7
0
-5
-16
-28
-32
-24
-11
1
8
-3
-17
-35
-47
-46
-38
-47
-59
-56
-48
-35
-25
-18
-22
-37
-62
-83
-83
-75
-64
-53
-45
-34
-10
6
12
20
16
-8
-25
-28
-20
7
34
40
32
24
-7
-35
-57
-70
-65
-48
-25
2
32
40
37
24
10
17
32
36
45
61
67
77
88
94
103
107
101
103
119
137
147
148
131
115
103
76
59
50
31
12
-4
-19
-22
-13
-14
-14
-9
-8
-9
-5
0
2
6
8
13
19
19
8
-11
-29
-39
-42
-49
-54
-52
-52
-52
-48
-51
-59
-62
-70
-82
-79
-69
-67
-66
-65
-68
-66
-58
-45
-28
-10
-1
8
15
21
36
55
68
79
91
94
88
81
73
65
52
45
43
49
54
63
68
63
62
54
42
34
28
19
11
7
0
-5
-11
-26
-45
-56
-66
-76
-72
-59
-55
-56
-55
-55
-63
-73
-80
-90
-99
-100
-91
-82
-72
-62
-61
-60
-57
-50
-45
-41
-35
-23
-8
8
23
28
20
10
0
-16
-23
-11
5
17
32
36
29
23
18
16
26
40
56
74
89
102
108
103
88
77
69
62
57
57
57
58
55
46
32
5
-25
-41
-47
-44
-36
-36
-49
-61
-70
-79
-82
-78
-72
-66
-60
-60
-58
-56
-57
-51
-37
-21
-9
-1
1
2
3
0
-3
0
11
26
36
35
31
27
23
22
27
31
32
37
43
50
53
48
36
28
30
33
32
29
30
33
36
31
24
20
17
21
22
22
26
26
22
12
7
8
6
7
9
7
2
-8
-19
-18
-9
-4
-6
-7
-9
-10
-12
-18
-20
-10
-2
5
13
10
8
5
-2
-8
-7
-3
-1
9
17
16
10
-5
-23
-29
-32
-36
-37
-36
-38
-40
-44
-59
-71
-78
-86
-87
-78
-70
-61
-52
-46
-39
-33
-32
-32
-28
-18
-4
6
11
18
30
33
28
24
20
20
22
23
28
37
43
49
48
42
31
18
6
0
9
22
31
40
51
60
58
45
31
20
19
31
43
55
66
66
49
30
12
-5
-13
-15
-14
-9
3
13
16
12
2
-13
-27
-41
-44
-32
-21
-11
-4
-7
-12
-14
-21
-25
-16
-4
9
24
36
45
53
53
47
49
52
55
59
62
65
73
75
73
71
69
68
69
72
69
63
54
44
36
31
23
10
-2
-13
-23
-31
-39
-44
-47
-54
-61
-70
-78
-80
-75
-66
-56
-52
-54
-57
-65
-79
-90
-93
-88
-74
-54
-45
-37
-37
-43
-49
-52
-49
-38
-27
-16
1
17
23
25
22
9
7
10
7
15
33
45
52
56
50
40
31
18
9
9
12
23
34
33
26
20
5
-7
-8
-11
-15
-12
-8
-6
-4
-8
-22
-33
-38
-40
-38
-36
-35
-30
-21
-16
-12
-6
-8
-12
-10
-7
-3
2
5
5
7
8
6
4
2
-3
-6
-12
-25
-30
-29
-31
-30
-27
-29
-28
-25
-22
-21
-17
-16
-18
-14
-9
-1
11
21
29
38
42
38
39
39
40
45
52
58
62
70
70
69
64
55
51
49
47
46
53
50
49
50
50
47
43
38
26
13
1
-6
-10
-11
-10
-9
-14
-22
-29
-35
-44
-46
-40
-37
-31
-22
-18
-18
-19
-20
-21
-17
-15
-11
-6
-6
-12
-11
-8
-9
-5
0
-1
-1
-2
-10
-19
-24
-24
-20
-13
-5
4
13
15
17
18
12
7
9
10
13
22
30
32
31
24
8
-7
-22
-29
-27
-18
-14
-8
-5
-8
-9
-13
-21
-26
-24
-23
-18
-4
9
17
23
24
17
9
1
-5
-6
-3
3
8
12
9
4
-5
-19
-31
-38
-42
-39
-34
-30
-25
-21
-26
-28
-31
-36
-36
-31
-25
-18
-8
-2
1
3
2
5
7
9
9
12
19
20
26
29
28
30
30
30
32
38
42
45
48
48
53
60
65
71
77
79
80
79
76
75
77
76
75
74
72
65
55
42
30
23
16
12
7
5
-2
-11
-23
-39
-55
-67
-77
-83
-85
-81
-81
-85
-92
-100
-106
-110
-108
-100
-88
-76
-67
-62
-62
-61
-58
-54
-46
-32
-16
-1
10
15
17
17
16
21
29
42
52
57
59
54
51
47
45
45
48
52
50
50
48
46
41
35
27
18
12
8
4
0
-4
-10
-17
-27
-36
-40
-40
-43
-42
-41
-40
-40
-43
-42
-42
-43
-44
-43
-39
-35
-27
-24
-21
-17
-18
-19
-22
-20
-19
-13
-4
0
3
2
-3
-8
-11
-13
-10
-5
2
10
15
16
14
14
15
16
22
26
28
31
30
27
25
20
17
19
23
27
34
37
36
36
36
36
38
44
50
55
57
57
57
52
44
40
38
37
41
44
44
42
38
29
20
12
4
0
-3
-4
-5
-6
-9
-15
-19
-27
-34
-40
-44
-43
-40
-32
-28
-27
-28
-31
-34
-36
-37
-36
-36
-32
-25
-16
-9
-4
-3
-6
-10
-15
-16
-15
-11
-7
-3
-1
1
1
-5
-11
-15
-20
-19
-14
-4
4
11
11
6
2
-5
-9
-10
-8
-4
1
2
-1
-5
-13
-20
-25
-27
-24
-20
-16
-18
-20
-25
-32
-35
-36
-34
-32
-29
-29
-28
-22
-20
-20
-17
-13
-9
-2
7
14
18
18
15
11
10
14
16
16
15
14
10
7
8
9
6
4
1
1
5
9
12
8
6
4
4
5
8
10
9
11
14
18
20
23
20
18
18
23
28
33
39
42
45
47
47
49
50
50
54
59
65
71
77
77
76
73
68
63
61
62
61
62
60
56
50
41
32
26
21
14
9
5
1
-4
-10
-16
-22
-30
-37
-40
-42
-45
-43
-45
-48
-52
-55
-59
-60
-59
-55
-50
-46
-44
-41
-36
-34
-28
-23
-20
-16
-9
-4
3
9
14
16
18
18
19
21
23
23
24
24
25
28
28
30
27
26
25
25
29
28
27
25
23
21
21
21
18
15
6
-1
-10
-17
-23
-29
-33
-38
-41
-42
-46
-48
-53
-57
-60
-63
-62
-59
-55
-50
-47
-44
-43
-39
-37
-36
-34
-31
-28
-23
-14
-9
-5
-4
-6
-9
-11
-11
-10
-6
-4
-4
-2
0
2
8
11
15
20
24
28
31
35
38
41
46
49
52
54
54
51
48
44
39
37
35
34
33
33
30
27
23
16
9
4
0
-2
-1
-1
1
3
2
0
-3
-8
-13
-15
-14
-12
-7
-4
-3
-6
-9
-13
-19
-23
-25
-25
-23
-18
-15
-12
-10
-12
-14
-18
-19
-18
-17
-12
-5
1
7
10
9
11
10
10
13
15
20
25
30
33
34
35
33
33
28
25
24
22
22
20
19
17
15
10
8
5
4
0
-3
-7
-9
-10
-11
-12
-12
-16
-20
-26
-32
-38
-45
-49
-53
-54
-53
-55
-57
-60
-64
-67
-69
-69
-66
-62
-57
-50
-46
-44
-40
-36
-31
-25
-18
-10
-3
3
7
12
19
25
30
36
38
38
37
36
34
34
36
39
42
44
46
46
43
40
40
40
41
44
47
51
54
54
52
50
44
41
38
36
36
38
39
39
37
34
27
20
12
7
4
6
5
4
4
2
-2
-5
-10
-15
-16
-18
-14
-12
-11
-9
-9
-11
-14
-18
-22
-23
-23
-21
-20
-18
-17
-17
-18
-19
-22
-23
-20
-19
-16
-11
-6
-4
-3
-2
-4
-3
-2
-1
4
10
12
15
17
18
19
19
19
21
24
26
28
30
30
30
30
30
29
30
28
26
25
24
23
21
20
16
14
13
11
8
4
0
-6
-11
-15
-18
-20
-22
-26
-29
-34
-38
-42
-46
-48
-50
-50
-48
-46
-44
-40
-40
-40
-42
-43
-44
-42
-41
-35
-31
-25
-21
-19
-17
-21
-20
-20
-16
-11
-5
2
7
10
12
11
9
7
6
9
12
17
21
23
26
25
24
21
18
16
17
18
18
21
24
24
25
25
23
21
19
20
21
23
26
29
31
33
34
34
32
31
30
30
31
30
29
28
27
22
19
15
9
6
4
1
1
0
-3
-6
-8
-11
-13
-14
-17
-17
-18
-19
-19
-20
-23
-24
-26
-26
-27
-26
-25
-23
-21
-20
-20
-19
-18
-15
-13
-10
-8
-4
-2
2
3
5
7
9
11
13
16
18
19
20
19
19
17
16
14
12
11
10
7
5
3
-1
-4
-9
-12
-15
-18
-19
-21
-22
-25
-29
-33
-38
-43
-46
-49
-52
-54
-55
-57
-59
-61
-64
-66
-67
-67
-65
-63
-58
-55
-51
-47
-43
-41
-38
-34
-30
-23
-17
-10
-2
4
9
12
14
18
21
25
30
35
41
46
48
51
52
52
54
55
56
58
59
61
61
60
60
57
56
54
53
51
51
51
47
45
41
40
37
34
32
29
26
24
22
19
15
12
10
8
7
4
2
1
-2
-3
-5
-7
-8
-10
-11
-14
-14
-15
-17
-16
-18
-19
-20
-21
-23
-21
-22
-21
-19
-20
-20
-20
-20
-19
-19
-15
-11
-9
-6
-4
-2
1
5
8
13
18
22
25
28
31
32
32
33
33
35
36
37
37
36
35
30
25
20
17
14
10
8
5
2
-2
-8
-14
-21
-28
-33
-36
-37
-38
-41
-43
-48
-53
-57
-62
-64
-65
-64
-61
-59
-57
-56
-55
-54
-54
-50
-47
-41
-34
-25
-18
-11
-6
0
6
11
17
24
31
38
45
53
58
60
62
63
65
66
68
71
70
72
72
71
69
64
62
57
54
51
50
48
47
45
40
35
29
22
19
14
11
9
7
4
0
-5
-9
-14
-20
-24
-28
-30
-33
-34
-35
-39
-41
-43
-46
-48
-50
-51
-51
-51
-52
-52
-51
-52
-51
-51
-50
-50
-49
-47
-46
-45
-44
-42
-41
-39
-38
-35
-33
-30
-26
-23
-21
-17
-12
-9
-3
1
6
10
14
18
21
25
27
31
34
36
39
42
43
44
43
42
41
40
37
35
33
30
27
23
20
15
10
5
0
-6
-11
-17
-22
-24
-28
-32
-35
-39
-43
-47
-51
-54
-56
-58
-60
-58
-60
-61
-61
-62
-62
-62
-59
-58
-54
-51
-46
-40
-36
-31
-27
-23
-17
-11
-4
2
8
14
20
27
32
38
44
48
52
57
59
63
67
68
69
69
69
69
68
68
66
65
61
58
54
52
48
44
40
36
33
29
25
20
16
11
8
4
2
-2
-4
-7
-9
-12
-13
-14
-17
-17
-18
-19
-19
-20
-20
-20
-20
-19
-18
-17
-17
-16
-17
-17
-16
-15
-12
-11
-11
-10
-8
-8
-8
-8
-7
-7
-6
-6
-5
-3
-5
-6
-6
-6
-7
-6
-7
-6
-5
-4
-4
-3
-2
-3
-3
-5
-4
-3
0
1
2
4
4
4
3
2
3
4
4
5
7
6
5
2
-1
-3
-6
-9
-10
-12
-11
