SAMPLES:	15618
BITSPERSAMPLE:	16
CHANNELS:	1
SAMPLERATE:	16000
NORMALIZED:	FALSE
-18
-17
-19
-18
-19
-18
-19
-18
-17
-16
-15
-15
-14
-14
-13
-12
-11
-10
-8
-7
-6
-5
-3
-3
-1
1
1
3
4
5
6
7
10
10
12
12
13
15
15
16
15
17
17
18
19
18
18
18
20
19
19
17
16
16
16
16
15
15
14
13
11
12
10
9
9
8
8
6
7
3
4
3
1
2
-1
-1
-3
-4
-4
-5
-4
-6
-6
-6
-9
-8
-10
-11
-12
-13
-12
-14
-13
-15
-16
-16
-17
-17
-17
-19
-18
-19
-19
-19
-19
-18
-18
-17
-16
-16
-16
-15
-14
-14
-14
-14
-13
-12
-11
-9
-9
-8
-7
-6
-4
-4
-1
-1
2
1
2
4
5
7
8
10
10
12
12
15
13
14
16
16
18
17
20
19
20
21
20
22
21
20
22
21
22
22
21
22
21
22
20
19
19
18
18
16
15
14
13
11
10
8
7
5
6
4
3
3
-1
0
-2
-4
-5
-7
-7
-9
-9
-11
-12
-14
-15
-16
-16
-16
-18
-17
-19
-18
-19
-19
-19
-19
-19
-18
-19
-19
-17
-18
-17
-16
-15
-14
-13
-11
-11
-9
-10
-7
-7
-7
-3
-4
-1
-1
1
3
3
6
6
8
8
11
11
13
14
15
16
16
17
18
18
18
17
19
19
19
19
18
19
19
18
18
17
15
15
15
15
15
12
12
12
9
9
7
6
5
4
3
1
1
-2
-2
-3
-5
-5
-6
-8
-7
-9
-8
-9
-8
-8
-9
-10
-10
-10
-11
-11
-11
-11
-10
-10
-11
-10
-10
-9
-8
-8
-7
-8
-5
-6
-6
-3
-4
-2
-3
-4
-2
-3
-4
-2
-2
-2
-1
-2
-1
-2
-2
-2
-2
-3
-2
-3
-3
-3
-5
-4
-6
-6
-7
-6
-7
-9
-9
-8
-11
-11
-12
-12
-13
-13
-13
-12
-12
-13
-12
-13
-13
-12
-12
-11
-11
-9
-9
-9
-7
-9
-7
-6
-4
-3
-3
-1
-1
0
1
2
4
4
7
7
8
9
10
11
12
13
13
16
15
18
16
17
17
18
20
18
20
20
19
18
16
17
16
16
17
15
16
13
14
12
11
10
8
8
7
6
5
3
1
0
-2
-2
-3
-4
-6
-8
-8
-9
-10
-11
-12
-11
-13
-13
-14
-14
-15
-14
-14
-15
-13
-14
-12
-13
-12
-11
-10
-9
-9
-8
-8
-7
-6
-3
-3
-1
0
1
2
3
3
4
7
7
9
8
11
10
11
11
11
11
11
11
11
10
11
10
9
10
7
6
5
5
4
3
1
0
1
-1
-1
-2
-4
-4
-7
-7
-7
-8
-8
-9
-9
-10
-11
-12
-11
-11
-11
-10
-10
-9
-9
-9
-7
-8
-7
-6
-6
-5
-4
-4
-3
-3
-2
-1
-1
0
1
2
1
1
2
2
4
4
5
3
3
4
4
3
4
2
2
1
1
1
0
-1
0
-1
-1
-2
-2
-3
-5
-4
-7
-5
-7
-7
-7
-8
-8
-11
-9
-10
-10
-9
-11
-9
-9
-10
-10
-8
-8
-7
-6
-5
-3
-3
-2
-1
0
1
2
4
5
5
9
8
10
11
13
14
15
16
17
18
17
20
20
22
22
22
23
22
24
23
22
22
21
21
22
20
20
18
17
17
15
15
13
13
11
10
8
7
4
5
3
1
1
-3
-2
-6
-5
-6
-8
-7
-9
-9
-11
-11
-12
-11
-12
-13
-12
-12
-12
-13
-14
-12
-13
-12
-12
-10
-10
-11
-10
-9
-8
-8
-8
-8
-6
-7
-6
-7
-8
-6
-6
-5
-5
-3
-4
-4
-4
-4
-4
-4
-2
-4
-3
-3
-2
-2
-1
-2
-1
-1
-2
-2
0
-2
1
0
0
1
0
1
2
3
2
4
4
5
4
4
4
5
5
4
5
5
5
6
6
7
7
7
8
8
8
8
7
7
8
6
8
7
8
8
6
7
4
4
4
2
3
2
3
2
1
-1
-1
-2
-1
-2
-4
-3
-5
-5
-6
-6
-5
-6
-6
-8
-7
-9
-10
-9
-12
-10
-12
-12
-12
-12
-13
-13
-12
-12
-12
-12
-12
-11
-12
-12
-11
-11
-9
-9
-10
-8
-10
-7
-7
-5
-5
-5
-3
-4
-2
-2
-1
0
1
1
2
3
4
5
6
7
6
7
8
9
11
10
12
10
10
13
11
12
11
12
12
11
13
13
12
11
12
12
13
12
13
13
13
14
13
13
13
13
12
12
12
12
9
10
9
7
7
6
6
4
4
5
3
3
1
2
0
-3
-2
-4
-4
-4
-5
-5
-6
-5
-7
-6
-8
-9
-9
-9
-9
-11
-10
-11
-12
-11
-13
-12
-13
-13
-11
-12
-12
-12
-11
-12
-11
-12
-11
-11
-10
-9
-9
-8
-7
-5
-7
-4
-4
-5
-3
-3
-2
-2
0
1
1
1
3
4
4
5
5
6
5
5
6
7
5
7
6
6
7
7
9
7
7
7
7
7
5
5
4
4
3
3
3
1
1
1
0
0
-2
-2
-3
-4
-4
-6
-5
-6
-5
-6
-7
-7
-10
-9
-10
-10
-10
-11
-12
-12
-12
-13
-12
-12
-12
-12
-12
-12
-12
-12
-10
-10
-10
-9
-8
-7
-8
-7
-7
-7
-5
-4
-3
-2
-1
-1
2
3
3
5
4
6
8
7
8
8
10
9
11
12
11
12
12
14
14
15
16
16
17
15
15
16
15
16
17
16
16
15
16
15
13
15
14
14
13
13
12
10
11
9
10
8
7
7
5
4
4
2
1
1
0
0
-1
-2
-3
-3
-5
-5
-6
-7
-6
-7
-7
-7
-7
-8
-7
-7
-8
-8
-9
-9
-8
-8
-9
-9
-8
-8
-6
-8
-7
-7
-8
-7
-7
-6
-6
-5
-4
-4
-5
-3
-3
-3
-3
-4
-3
-2
-2
-2
-1
-1
-1
-1
-1
0
-2
-1
-2
-2
-2
-3
-2
-3
-2
-2
-3
-2
-4
-3
-4
-2
-2
-3
-3
-4
-4
-5
-4
-5
-5
-5
-6
-5
-5
-7
-6
-8
-7
-6
-6
-6
-7
-5
-6
-5
-4
-5
-4
-5
-5
-5
-4
-3
-2
-2
-1
-1
0
0
-1
2
0
1
1
1
2
1
4
3
4
2
3
5
3
3
3
2
3
2
4
4
3
2
1
2
0
3
2
1
1
0
0
-1
-1
-2
-2
-2
-2
-2
-3
-1
-3
-2
-2
-3
0
-2
-1
-2
0
1
-1
1
-1
1
1
0
1
3
2
3
2
2
3
3
5
4
5
4
5
6
6
7
6
7
6
7
7
7
7
5
5
5
6
6
6
6
3
4
3
4
4
3
3
2
2
-1
0
0
-1
-1
-2
-2
-4
-3
-4
-5
-5
-5
-4
-7
-5
-7
-6
-7
-6
-7
-6
-6
-6
-6
-8
-6
-5
-4
-4
-5
-5
-4
-4
-3
-3
-4
-3
-2
-3
-2
-2
-2
0
-1
0
1
1
2
1
1
0
2
2
2
4
3
4
4
5
4
5
5
6
5
7
7
7
7
7
8
8
8
7
9
7
7
6
7
7
7
5
5
5
5
6
5
4
4
4
2
3
0
0
-1
-2
-1
-3
-3
-3
-4
-5
-5
-7
-7
-7
-7
-6
-7
-6
-7
-9
-7
-9
-10
-8
-9
-9
-9
-9
-9
-9
-9
-10
-9
-9
-8
-8
-9
-7
-8
-7
-7
-6
-6
-5
-5
-6
-5
-5
-4
-4
-3
-3
-2
-2
-2
-2
-2
-1
0
0
0
1
1
1
1
2
2
2
4
4
4
5
5
6
7
6
7
8
8
8
9
8
9
11
9
9
10
11
11
11
12
12
12
13
11
13
11
12
13
11
13
14
15
14
13
12
12
13
11
11
10
10
11
8
9
7
7
6
6
5
6
6
5
3
4
2
3
2
0
1
-2
-2
-2
-5
-5
-5
-5
-5
-7
-7
-8
-8
-9
-10
-10
-11
-12
-13
-12
-14
-14
-15
-15
-15
-17
-16
-17
-16
-16
-17
-16
-16
-16
-16
-14
-15
-14
-13
-14
-12
-13
-11
-10
-10
-8
-9
-8
-6
-5
-6
-6
-4
-4
-1
0
0
2
3
3
5
5
6
7
7
8
7
8
10
10
11
12
12
11
13
15
14
14
14
14
14
13
13
12
11
11
10
11
9
12
9
9
10
8
8
7
7
5
5
5
4
4
5
4
3
3
2
3
2
2
1
2
2
3
3
3
3
2
3
2
3
3
2
3
2
4
2
3
5
4
6
3
5
4
4
6
3
4
5
3
3
3
1
2
1
0
0
-2
-3
-3
-3
-4
-5
-7
-8
-8
-9
-12
-13
-13
-15
-15
-15
-17
-18
-17
-19
-19
-18
-19
-18
-18
-18
-17
-18
-16
-15
-16
-15
-15
-14
-11
-13
-11
-8
-9
-7
-6
-5
-3
-3
-1
1
2
4
4
7
7
9
10
11
11
11
12
12
13
14
14
15
16
15
16
16
17
15
15
13
13
13
12
11
9
10
8
8
7
5
4
5
4
3
1
-1
-1
-2
-2
-3
-4
-5
-6
-7
-6
-8
-8
-9
-10
-9
-9
-8
-10
-9
-9
-11
-10
-10
-10
-8
-8
-7
-8
-7
-8
-9
-9
-8
-7
-5
-4
-3
-2
-3
-3
-2
0
0
0
-1
-2
-2
-1
1
-2
-2
-3
-3
-3
0
-1
-5
-7
-10
-8
-6
-7
-8
-11
-13
-15
-15
-15
-13
-14
-14
-14
-13
-11
-9
-5
-5
-2
2
5
10
12
15
18
19
22
28
33
35
34
34
35
39
43
42
42
42
42
43
42
41
39
38
37
35
35
35
31
30
26
22
22
22
24
22
19
16
14
14
14
14
12
7
5
3
2
-2
-9
-15
-19
-20
-22
-27
-34
-39
-46
-48
-52
-57
-57
-59
-63
-66
-68
-66
-66
-63
-60
-58
-53
-50
-46
-40
-34
-28
-25
-13
-4
5
13
15
23
29
39
45
49
54
59
63
62
60
61
62
63
59
57
54
47
46
40
33
27
21
20
13
10
3
-8
-12
-14
-16
-14
-20
-35
-29
-29
-36
-38
-42
-34
-36
-51
-45
-40
-43
-38
-48
-49
-42
-42
-39
-36
-40
-40
-35
-28
-30
-29
-14
-12
-9
-6
-14
4
25
13
15
29
22
39
44
28
51
54
39
46
33
45
72
42
20
29
35
47
30
-5
12
24
2
-15
-10
-2
-1
-12
-43
-40
-7
-24
-44
-27
-39
-40
-24
-41
-50
-36
-23
-28
-48
-52
-40
-13
-7
-46
-53
-18
-14
-17
-25
-24
-6
-4
-10
-21
-13
33
37
-6
0
15
25
68
52
2
25
61
58
53
42
35
61
72
41
24
44
59
65
34
-19
12
70
23
-13
-11
-22
25
17
-77
-38
18
-28
-35
-61
-66
21
-22
-104
-18
3
-56
-44
-43
-16
26
-47
-76
-1
30
-6
-39
-21
-2
-1
15
-24
-26
34
-1
-14
-4
-57
10
55
-16
-13
-45
-28
51
-3
23
-1
-129
26
140
18
-42
-91
-19
153
87
-63
-54
52
90
1
-14
25
17
96
42
-112
1
102
37
3
-66
-41
64
0
-10
10
-52
11
-47
-119
109
79
-138
-59
-13
-4
96
-14
-154
-16
151
48
-104
-7
82
50
68
-31
-97
141
222
-48
-89
117
33
-16
151
-29
-50
209
-82
-153
272
12
-288
107
130
-113
16
-43
-133
98
41
-205
-80
111
53
-108
-138
-34
29
54
-9
-141
-90
88
96
-63
-97
-11
22
92
33
-126
-40
85
113
26
-105
1
21
22
183
-61
-143
190
32
-49
120
-93
-43
188
47
-21
2
-47
6
114
116
-63
-128
39
92
73
26
-202
-85
255
2
-180
32
-55
46
134
-264
-103
152
-89
120
41
-378
25
151
-66
192
-118
-368
219
133
-177
171
-63
-239
222
-40
-137
231
-123
-99
168
-211
-40
204
-157
-74
92
-137
-105
97
-5
-70
10
-196
-117
342
5
-376
8
103
67
89
-193
-89
225
66
-79
28
-20
54
256
-73
-216
253
205
-107
13
55
97
138
-91
-2
194
27
-29
-36
-25
157
54
-89
-31
-61
152
177
-321
-209
310
211
-82
-193
-175
136
283
-39
-247
35
223
-65
-141
61
72
100
22
-255
-130
221
156
-86
-154
-111
-45
79
51
-144
39
97
-380
-122
349
-184
-121
268
-362
-132
362
-380
23
550
-516
-214
500
-224
29
241
-361
249
217
-495
292
334
-381
162
130
-246
253
-10
-308
299
204
-283
-135
-16
-23
239
162
-414
-228
368
-29
-252
206
55
-163
69
-73
-221
248
335
-273
-206
237
-63
-61
249
-48
-53
84
-166
-23
155
-48
37
58
-252
-50
182
-140
-122
162
-49
-195
-13
-70
-63
45
-6
14
-110
-273
43
264
29
-32
-163
-201
262
187
-110
113
71
-98
-40
3
257
287
-123
-223
-41
252
345
-185
-253
198
-12
4
183
-185
10
141
-262
54
197
-218
185
146
-371
157
9
-243
521
71
-551
67
154
166
195
-419
-69
188
-87
289
-39
-271
40
-121
180
141
-405
44
153
-233
147
-34
-382
261
259
-386
-189
220
69
110
50
-494
-62
570
101
-230
-176
46
380
124
-336
-90
327
68
-154
36
22
41
118
-136
-254
45
387
93
-464
-43
266
-134
29
-31
-156
250
-74
-184
142
-82
114
96
-263
156
110
-125
224
-143
-143
406
-99
-240
109
-29
94
75
-181
95
23
-368
109
215
-166
105
-122
-406
203
101
-187
231
-241
-319
422
-106
-153
406
-336
-184
560
-261
-229
479
-65
76
221
-610
156
783
-356
-42
345
-499
207
560
-494
-202
334
-15
111
-64
-500
195
377
-281
-95
-66
-164
206
79
-157
-220
-56
98
-59
24
-135
-142
213
-1
-178
15
48
55
231
-72
-271
328
134
-294
283
93
-367
284
191
-257
93
0
84
218
-312
-61
198
-30
200
-229
-426
312
211
-183
-116
-79
-15
124
134
-126
-237
75
159
-40
-104
8
188
-57
-144
-25
-89
365
163
-466
98
304
-234
-13
326
-112
-181
110
-136
111
190
-403
2
252
-253
8
127
-210
41
127
-181
12
69
-268
129
187
-328
102
69
-177
289
-90
-194
327
-37
-142
212
-222
-97
600
-295
-543
568
-18
-240
434
-377
-156
662
-298
-294
479
-40
-86
215
-172
-1
180
-100
136
-31
-230
261
-14
-230
189
36
-108
-147
35
261
-274
-67
247
-313
-41
286
-323
-131
255
-216
263
26
-720
310
276
-228
312
-157
-442
229
318
129
-195
-275
142
197
55
-68
-90
54
211
-213
-214
296
-28
103
96
-441
115
240
-296
171
22
-282
338
-140
-276
276
-12
-114
-31
74
185
-1
-179
-281
272
543
-311
-162
70
-121
386
51
-190
91
-129
159
282
-451
-118
562
-66
-246
7
-78
173
277
-394
-289
575
1
-275
158
-382
26
612
-311
-301
153
-209
100
184
-165
28
-160
-202
272
70
-120
127
-12
-199
90
-74
-117
739
-122
-783
322
164
3
347
-160
-349
179
180
52
-109
-120
560
-179
-520
248
-137
368
501
-960
-335
619
-154
226
-4
-840
472
268
-560
326
-87
-139
343
-423
-195
425
69
-80
-32
-303
-26
356
257
-208
-412
287
106
-177
179
-136
163
169
-507
-13
471
43
-259
-57
38
-167
514
141
-884
478
395
-522
447
-91
-441
593
-1
-310
489
-238
-298
538
-189
-71
369
-393
-17
238
-407
219
381
-432
-83
-121
-164
538
-253
-303
490
-232
-188
259
-13
171
-24
-315
85
126
125
100
-336
-103
228
51
-70
-49
-86
112
267
-107
-186
153
18
-168
232
-42
-179
178
-104
140
-63
-268
454
-20
-368
-89
-60
447
5
-394
84
-169
64
244
-345
75
303
-378
36
280
-165
174
-31
-262
-49
183
300
-171
16
-68
-440
567
194
-487
641
-317
-787
850
155
-251
303
-351
-155
317
169
-70
-73
261
-175
-283
95
-23
239
113
-470
-478
66
357
-134
-150
-43
-292
59
201
-341
-184
466
-22
-442
264
97
-179
342
-132
-407
239
126
-236
178
171
-194
290
-73
-189
509
-132
157
290
-526
378
305
-418
459
-19
-534
480
46
-156
225
-244
56
53
-352
-120
67
225
78
-455
-300
473
256
-188
132
-165
-200
421
-183
-206
400
-66
98
-90
-316
272
107
148
-165
-557
389
337
-427
279
304
-623
75
327
-355
200
171
-313
-32
-55
113
355
-98
-361
-39
144
166
-52
-134
-67
-348
-175
216
65
-212
-97
-164
-184
167
-51
-22
374
-154
-665
124
497
174
349
-373
-471
728
420
-156
209
-45
-94
442
0
-312
281
167
20
77
-334
41
434
-246
-277
190
-243
180
406
-842
-135
388
-318
269
-131
-470
183
182
47
-223
-68
289
-5
-255
-25
71
82
137
-253
5
245
-90
190
4
-183
125
52
69
-33
-36
29
-58
-85
-75
284
10
-31
113
-539
112
546
-27
25
-147
-203
-29
174
291
50
-34
-92
-262
-250
36
289
266
-322
-895
65
617
-351
-123
201
-595
5
177
-451
517
273
-275
200
-213
115
686
262
-172
-156
28
289
263
-111
-17
-122
-203
-41
-173
96
199
-337
-435
-122
72
195
-174
-375
-143
-101
78
243
169
-186
-196
257
135
54
525
205
-353
204
262
9
515
-11
-570
230
176
-405
205
344
-463
-199
138
-271
-17
134
-114
-167
-97
57
-69
58
-55
-464
177
282
-320
63
162
-55
63
-86
-20
310
282
-201
-62
267
-46
139
81
-155
223
209
39
77
-1
-112
-99
-60
-179
40
249
-301
-345
24
-39
-13
-136
-318
-56
183
-259
-330
234
81
-164
-138
-199
143
317
22
9
75
19
98
-33
-101
115
389
306
-83
47
135
94
224
78
98
22
-46
45
-39
153
152
-108
-261
-330
-89
51
-147
-228
-172
-251
-445
-182
330
204
-112
-185
-181
164
411
151
0
176
103
44
234
53
-54
238
124
-208
-5
260
116
-59
-336
-314
140
41
-330
-192
8
-117
-93
38
41
65
-149
-137
108
-39
72
148
35
120
-93
-101
101
48
-16
-14
10
60
89
-63
-95
51
94
39
-26
54
14
-40
62
-61
-125
75
-1
-120
-45
-80
2
52
-108
-193
-104
4
59
142
89
62
191
103
48
157
109
80
172
210
47
-30
61
-56
-220
-222
-54
53
-32
-98
-104
-74
-106
-258
-199
124
57
-131
4
80
136
38
-191
-41
92
-11
162
272
136
69
31
-1
-9
65
110
87
48
-29
-30
32
-60
-270
-136
57
-60
-192
-149
-21
-47
-137
-226
-169
30
-23
-77
10
19
70
134
8
27
191
200
197
134
108
225
168
21
85
135
72
2
-122
-139
-16
-37
-143
-191
-168
-137
-178
-160
-140
-90
-75
-148
-165
-87
62
-13
-74
30
74
139
100
50
129
162
102
130
155
163
219
124
26
79
167
169
104
45
34
64
-6
-87
-85
-82
-70
-80
-131
-107
-55
-126
-158
-183
-256
-174
-123
-178
-78
14
-37
-41
-59
-45
86
96
28
61
121
149
109
39
30
72
97
36
25
117
88
8
-23
-83
-107
-81
-88
-124
-84
-15
-53
-103
-145
-149
-102
-91
-37
41
130
181
126
58
55
151
184
203
262
268
314
299
256
201
181
186
152
227
226
189
185
96
47
38
49
-12
-13
18
-31
-40
-87
-79
-99
-149
-137
-146
-114
-128
-116
-54
-83
-76
-77
-105
-99
-108
-106
-67
-49
-95
-228
-192
76
0
-284
-245
-236
-289
-219
-268
-252
-198
-302
-298
-302
-463
-422
-220
-282
-429
-426
-349
-217
-277
-348
-226
-217
-196
-131
-159
-56
72
24
62
177
221
319
359
372
459
504
571
654
700
755
804
798
704
720
837
835
824
793
739
727
679
572
526
590
562
501
432
395
446
372
297
287
264
261
278
272
237
279
274
222
232
237
265
258
215
228
206
228
260
194
147
88
42
11
-19
-43
-119
-158
-246
-354
-404
-504
-629
-716
-757
-859
-1006
-1085
-1151
-1226
-1257
-1313
-1353
-1362
-1387
-1432
-1513
-1526
-1525
-1511
-1480
-1470
-1416
-1359
-1346
-1396
-1409
-1432
-1471
-1450
-1455
-1456
-1432
-1387
-1396
-1362
-1256
-1161
-806
-171
605
1184
1385
1587
1748
1883
2144
2401
2761
3206
3548
3724
3722
3600
3314
2889
2452
2143
2061
2048
1910
1565
1034
456
-125
-618
-967
-1211
-1311
-1350
-1402
-1474
-1521
-1621
-1769
-1822
-1746
-1468
-1110
-713
-339
-94
88
217
402
649
995
1348
1577
1697
1714
1811
1817
1675
1614
1552
1413
1282
1149
859
563
343
-3
-301
-414
-485
-525
-572
-723
-827
-858
-864
-755
-625
-478
-322
-227
-125
-1
156
294
337
358
424
472
467
409
273
89
-116
-318
-516
-669
-839
-1075
-1328
-1619
-1786
-1915
-2154
-2253
-2351
-2450
-2437
-2459
-2426
-2436
-2436
-2340
-2241
-2104
-1941
-1785
-1671
-1542
-1511
-1504
-1402
-1395
-1358
-1246
-1161
-1085
-985
-965
-952
-455
596
1692
2235
2271
2303
2317
2329
2428
2610
3000
3549
3940
3952
3830
3637
3155
2385
1580
1239
1343
1478
1452
1176
662
38
-574
-1143
-1486
-1486
-1345
-1245
-1127
-949
-753
-663
-814
-970
-906
-607
-173
275
706
1060
1214
1104
1012
1005
1021
1097
1070
1016
1043
1100
1046
853
593
276
27
-216
-401
-371
-301
-283
-338
-492
-595
-545
-525
-528
-439
-278
-37
166
376
578
684
713
700
745
896
1250
1525
1488
1316
1045
747
493
299
173
105
19
-152
-366
-510
-652
-942
-1186
-1273
-1261
-1069
-866
-822
-774
-817
-985
-1052
-1114
-1112
-1012
-1050
-1125
-1137
-1131
-1154
-1255
-1431
-1625
-1713
-1829
-1929
-1947
-2059
-2146
-2217
-2316
-2365
-2333
-2307
-2377
-2379
-2345
-2285
-2160
-2102
-2025
-1889
-1702
-1421
-1224
-631
785
2207
3043
3348
3399
3420
3388
3409
3546
3867
4400
4861
4807
4431
4055
3407
2293
1099
458
324
395
439
239
-203
-824
-1452
-2096
-2509
-2397
-2050
-1740
-1441
-1023
-573
-224
-78
-133
-18
253
612
1139
1575
1962
2192
2044
1767
1533
1355
1168
934
603
337
253
83
-158
-453
-823
-1127
-1436
-1671
-1670
-1442
-1122
-904
-798
-703
-484
-260
-117
84
301
634
1032
1306
1547
1702
1702
1547
1282
1121
1126
1132
1032
899
732
484
193
-95
-346
-522
-600
-611
-579
-491
-376
-320
-403
-498
-481
-387
-219
-62
111
320
388
347
230
100
11
-95
-203
-288
-307
-344
-498
-786
-1159
-1470
-1748
-2008
-2150
-2166
-2111
-2052
-2094
-2233
-2276
-2284
-2362
-2380
-2320
-2182
-1991
-1845
-1733
-1624
-1617
-1721
-1817
-1850
-1814
-1665
-1537
-1543
-1524
-1461
-1387
-1272
-1094
-561
600
1917
2678
3031
3236
3209
3129
3030
3033
3343
3883
4300
4268
4079
3757
3128
2165
1052
363
94
50
62
-48
-287
-689
-1133
-1694
-2079
-2029
-1833
-1530
-1196
-756
-183
295
538
555
629
754
912
1160
1413
1766
1983
1906
1683
1389
1130
850
514
124
-186
-299
-436
-563
-715
-900
-1014
-1216
-1378
-1438
-1310
-966
-623
-293
-63
166
378
505
636
762
967
1140
1296
1469
1534
1548
1443
1179
872
645
480
358
281
141
18
-170
-423
-535
-616
-663
-649
-638
-623
-504
-305
-234
-174
-92
-38
62
142
261
337
364
364
247
169
134
79
-6
-144
-309
-525
-775
-1049
-1354
-1581
-1757
-1950
-2082
-2195
-2221
-2204
-2314
-2421
-2487
-2505
-2446
-2333
-2125
-1921
-1783
-1677
-1623
-1596
-1510
-1395
-1383
-1381
-1253
-1122
-997
-852
-779
-765
-811
-935
-1008
-1017
-961
-749
-583
-296
618
1879
2808
3217
3358
3299
3081
2898
2803
2889
3200
3602
3616
3270
3045
2654
1918
991
142
-350
-538
-427
-331
-350
-362
-548
-925
-1323
-1359
-1106
-845
-540
-214
199
697
1121
1250
1272
1315
1236
1184
1120
1178
1337
1322
1177
905
659
449
186
-155
-593
-865
-1066
-1233
-1192
-1090
-953
-897
-939
-933
-874
-728
-555
-335
-98
184
516
715
904
1061
1099
1035
871
803
806
844
859
734
603
454
282
82
-103
-191
-353
-459
-497
-486
-305
-177
-118
-102
-123
-122
-73
40
143
309
459
517
551
508
439
331
140
-56
-243
-369
-459
-595
-790
-1003
-1211
-1509
-1769
-1938
-2079
-2083
-2092
-2115
-2050
-1990
-1903
-1827
-1775
-1717
-1641
-1541
-1467
-1323
-1161
-1044
-979
-977
-914
-938
-1009
-1013
-1075
-1097
-1054
-1022
-1041
-1096
-1180
-1342
-1456
-1534
-1542
-1413
-1281
-1070
-889
-711
-133
849
1935
2720
3202
3469
3438
3353
3247
3177
3253
3483
3621
3416
3251
3046
2562
1818
896
136
-403
-586
-595
-634
-536
-544
-697
-983
-1203
-1161
-1074
-875
-631
-292
208
675
1017
1120
1179
1163
970
810
723
791
872
834
703
476
269
44
-203
-511
-749
-826
-987
-1049
-945
-782
-562
-469
-453
-432
-316
-83
109
280
478
707
852
942
1090
1160
1190
1120
933
788
680
645
567
453
365
235
127
-5
-111
-181
-295
-367
-412
-386
-265
-118
31
106
173
255
277
309
345
340
322
296
226
133
51
-49
-227
-492
-774
-1055
-1315
-1495
-1617
-1728
-1860
-1988
-2083
-2179
-2258
-2310
-2325
-2278
-2219
-2080
-1885
-1742
-1653
-1656
-1677
-1665
-1527
-1302
-1172
-998
-767
-593
-589
-730
-745
-722
-744
-756
-792
-767
-745
-818
-1002
-1198
-1255
-1226
-1163
-1053
-848
-675
-459
215
1247
2213
2831
3154
3265
3241
3291
3212
3049
3177
3414
3344
3086
2971
2741
2270
1602
746
55
-383
-590
-673
-740
-635
-565
-676
-831
-894
-877
-844
-719
-581
-292
181
633
988
1114
1173
1147
948
734
584
594
633
614
514
330
207
51
-187
-437
-620
-735
-893
-970
-896
-673
-361
-172
-92
17
164
293
384
515
697
903
1049
1119
1202
1262
1270
1156
957
839
747
683
592
460
413
326
206
90
-29
-92
-163
-249
-361
-414
-336
-240
-190
-167
-159
-176
-204
-273
-347
-352
-382
-458
-521
-571
-620
-693
-832
-1056
-1264
-1406
-1543
-1662
-1712
-1705
-1682
-1624
-1569
-1533
-1474
-1474
-1506
-1548
-1616
-1622
-1597
-1556
-1480
-1377
-1265
-1208
-1168
-1148
-1160
-1188
-1237
-1227
-1191
-1131
-1038
-983
-984
-964
-925
-997
-1094
-1174
-1204
-1062
-878
-720
-574
-390
-215
-46
449
1300
2263
2974
3308
3410
3373
3355
3153
2929
2952
2992
2972
2744
2487
2273
1908
1353
575
-37
-443
-697
-794
-872
-753
-662
-649
-657
-683
-571
-521
-415
-307
-166
232
591
914
1131
1218
1246
1115
972
785
692
679
589
473
261
181
93
-136
-343
-597
-734
-824
-905
-872
-734
-469
-275
-130
-27
123
376
504
656
796
933
1119
1227
1333
1364
1444
1462
1293
1095
862
708
507
322
243
163
149
19
-174
-321
-464
-608
-792
-859
-858
-767
-580
-476
-381
-324
-288
-276
-311
-305
-302
-254
-244
-261
-230
-253
-286
-429
-692
-952
-1206
-1413
-1571
-1639
-1672
-1683
-1639
-1642
-1663
-1737
-1901
-2026
-2081
-2034
-1904
-1775
-1673
-1584
-1501
-1458
-1429
-1346
-1221
-1055
-888
-795
-704
-618
-568
-571
-613
-663
-771
-819
-914
-1060
-1110
-1195
-1183
-1146
-1145
-1045
-928
-811
-713
-290
524
1454
2296
2791
3117
3299
3336
3220
3024
3149
3374
3483
3390
3171
3037
2763
2314
1616
942
500
27
-341
-618
-690
-609
-648
-734
-877
-850
-806
-883
-850
-739
-431
-61
279
607
865
1117
1183
1143
1087
1053
1090
1014
943
869
791
745
569
394
222
23
-203
-530
-767
-853
-798
-665
-583
-471
-327
-172
-99
-108
2
146
279
422
542
748
1022
1231
1252
1154
1057
916
746
557
425
374
278
167
43
-90
-204
-358
-554
-734
-805
-845
-861
-780
-668
-529
-439
-404
-377
-383
-372
-391
-416
-407
-378
-346
-371
-421
-502
-631
-791
-1002
-1199
-1364
-1499
-1588
-1675
-1705
-1702
-1760
-1823
-1842
-1843
-1841
-1831
-1850
-1865
-1813
-1758
-1681
-1505
-1281
-1044
-832
-660
-536
-503
-497
-515
-517
-434
-338
-245
-178
-167
-203
-326
-479
-626
-698
-713
-768
-738
-603
-441
-242
86
651
1361
1981
2324
2465
2605
2696
2663
2598
2641
2877
3114
3111
2915
2732
2576
2239
1683
1104
683
418
128
-208
-385
-372
-378
-554
-790
-965
-1052
-1093
-1200
-1192
-942
-619
-307
-74
108
324
526
613
600
674
775
802
827
822
831
838
782
611
399
288
129
-86
-292
-476
-533
-539
-529
-505
-467
-384
-332
-312
-354
-353
-242
-131
59
270
479
720
868
897
812
716
630
538
487
429
451
495
461
376
206
17
-164
-350
-532
-658
-673
-671
-643
-618
-623
-605
-616
-609
-622
-687
-693
-676
-676
-646
-557
-468
-486
-580
-654
-702
-795
-900
-941
-963
-1013
-1057
-1066
-1131
-1238
-1200
-1044
-1040
-1199
-1261
-1181
-1015
-865
-911
-959
-743
-459
-394
-437
-318
-83
24
-74
-167
-54
170
290
296
346
382
276
86
-101
-248
-348
-366
-349
-354
-344
-359
-420
-450
-421
-389
-363
-307
-230
-120
14
134
248
412
669
914
1128
1359
1519
1596
1611
1556
1474
1406
1367
1362
1378
1363
1323
1278
1182
1038
840
571
333
180
68
23
39
71
157
222
171
83
-12
-113
-183
-255
-303
-269
-187
-113
-101
-124
-122
-154
-275
-398
-423
-351
-266
-226
-183
-80
23
44
-8
-68
-70
-37
-19
17
95
222
362
387
312
345
421
363
301
266
178
113
109
144
140
52
9
21
-48
-205
-379
-457
-400
-383
-448
-450
-409
-363
-369
-395
-341
-305
-278
-235
-255
-170
20
58
14
66
117
21
-132
-107
-47
-174
-260
-295
-392
-355
-411
-648
-608
-589
-813
-742
-654
-832
-763
-689
-774
-663
-713
-808
-552
-434
-447
-285
-140
-43
-91
-183
-84
-105
-108
77
-30
-206
-216
-308
-280
-277
-446
-381
-257
-309
-348
-420
-478
-406
-352
-357
-327
-223
-61
20
-10
-1
61
128
196
242
299
368
423
468
439
348
305
286
237
210
188
179
225
237
178
137
151
175
165
142
163
259
362
405
442
506
577
637
652
610
600
649
665
615
559
562
564
537
506
436
393
388
342
254
193
197
233
230
167
117
117
161
241
209
164
259
270
207
155
86
156
239
190
223
285
260
261
193
124
125
60
124
194
86
109
121
17
19
241
669
949
951
717
252
-87
-210
-219
-41
60
-104
-283
-448
-615
-650
-701
-868
-998
-1009
-1006
-939
-774
-790
-864
-905
-1100
-1121
-912
-786
-673
-626
-758
-867
-902
-893
-728
-518
-393
-373
-492
-635
-717
-742
-710
-655
-584
-561
-571
-583
-647
-727
-812
-879
-903
-859
-739
-639
-536
-447
-462
-493
-473
-387
-247
-78
72
149
220
298
342
420
571
712
829
964
1012
1060
1197
1293
1382
1446
1463
1479
1404
1303
1265
1243
1218
1197
1139
1061
1050
1016
917
844
770
695
651
638
672
747
808
777
688
600
537
528
533
547
557
544
509
452
438
449
438
400
326
270
227
181
156
123
53
-3
-34
-89
-105
-75
-66
-66
-113
-206
-302
-382
-413
-424
-425
-417
-402
-360
-328
-365
-444
-507
-581
-632
-640
-678
-671
-603
-629
-697
-729
-831
-892
-862
-953
-1003
-958
-1037
-1060
-1049
-1154
-1165
-1108
-1124
-1074
-973
-934
-887
-826
-834
-854
-809
-729
-651
-565
-515
-507
-507
-539
-593
-703
-817
-799
-766
-701
-524
-480
-543
-501
-505
-568
-523
-519
-521
-373
-253
-168
-5
136
241
383
534
691
898
1107
1310
1517
1683
1831
1907
1912
1934
1963
1975
1930
1899
1884
1781
1695
1591
1373
1219
1119
927
715
548
381
247
157
77
9
-65
-131
-219
-337
-402
-444
-517
-581
-570
-499
-419
-316
-233
-153
-47
16
62
114
170
249
301
360
438
491
548
615
641
623
627
625
555
449
377
320
244
226
225
159
108
78
-1
-75
-107
-183
-264
-246
-267
-323
-296
-287
-280
-242
-267
-287
-237
-198
-177
-144
-152
-164
-140
-147
-167
-170
-170
-178
-215
-252
-311
-396
-474
-579
-654
-694
-741
-759
-759
-798
-862
-920
-1016
-1109
-1149
-1178
-1159
-1092
-1033
-980
-922
-835
-738
-671
-640
-639
-634
-596
-545
-546
-529
-455
-411
-415
-478
-539
-575
-652
-710
-806
-895
-844
-799
-829
-803
-752
-734
-667
-581
-416
-58
321
590
814
1019
1260
1491
1551
1492
1530
1703
1887
2028
2170
2393
2599
2616
2471
2229
2044
1980
1824
1566
1388
1264
1122
969
752
564
466
258
-50
-292
-473
-570
-653
-794
-877
-872
-870
-919
-943
-888
-799
-721
-690
-675
-595
-463
-363
-279
-136
35
201
335
409
496
607
690
740
769
791
812
837
829
810
828
821
774
741
694
614
551
513
459
391
328
246
172
142
124
98
82
57
-6
-82
-163
-224
-219
-203
-226
-268
-283
-287
-298
-277
-265
-259
-232
-257
-295
-275
-263
-279
-291
-335
-396
-435
-510
-602
-656
-696
-735
-790
-860
-931
-1008
-1063
-1122
-1213
-1263
-1259
-1270
-1282
-1272
-1264
-1196
-1101
-1109
-1133
-1076
-1012
-963
-926
-918
-900
-830
-727
-677
-646
-558
-530
-592
-583
-552
-568
-529
-503
-522
-486
-454
-451
-341
-69
285
544
658
800
1038
1307
1531
1576
1511
1562
1708
1802
1864
2035
2301
2479
2456
2291
2161
2145
2139
1986
1706
1439
1275
1153
972
838
791
692
513
250
-46
-234
-325
-450
-636
-768
-835
-900
-935
-917
-861
-794
-763
-793
-823
-788
-699
-593
-497
-377
-223
-116
-13
126
253
377
498
580
643
714
756
756
767
809
847
839
809
787
749
717
666
574
516
476
407
322
267
248
228
205
168
117
88
57
-21
-102
-142
-163
-169
-160
-157
-132
-104
-108
-110
-117
-132
-135
-159
-215
-252
-255
-267
-306
-364
-419
-479
-575
-665
-730
-788
-822
-864
-914
-947
-976
-993
-1032
-1063
-1043
-1044
-1052
-1006
-976
-965
-939
-937
-922
-887
-871
-867
-876
-863
-812
-828
-883
-861
-824
-811
-787
-805
-845
-796
-725
-720
-707
-702
-713
-639
-539
-505
-465
-371
-227
44
431
740
930
1141
1373
1583
1785
1851
1799
1858
1960
1973
2030
2179
2319
2421
2417
2236
2025
1928
1826
1585
1302
1062
834
659
513
364
280
203
36
-177
-365
-493
-570
-642
-746
-844
-888
-918
-925
-845
-715
-608
-512
-460
-473
-426
-310
-222
-137
-13
109
214
342
492
629
732
805
835
852
871
842
777
731
709
694
662
611
581
558
512
458
392
323
279
230
154
127
160
181
191
190
162
147
148
130
106
91
98
104
88
74
62
54
53
47
53
52
19
-18
-83
-164
-203
-244
-296
-334
-384
-436
-494
-584
-682
-758
-821
-908
-1003
-1070
-1129
-1203
-1265
-1310
-1345
-1352
-1352
-1349
-1310
-1253
-1212
-1186
-1132
-1072
-1043
-1026
-1025
-1009
-944
-877
-832
-785
-752
-726
-675
-624
-582
-542
-526
-533
-548
-543
-511
-481
-477
-511
-558
-567
-505
-347
-34
383
697
885
1093
1331
1607
1851
1885
1826
1882
1985
2034
2092
2235
2409
2469
2372
2151
1938
1892
1846
1593
1268
1001
761
554
355
184
106
53
-84
-292
-451
-509
-528
-579
-685
-765
-757
-707
-637
-519
-357
-207
-98
-36
-1
76
193
256
286
371
474
536
597
656
711
792
835
776
684
640
615
551
463
370
315
319
300
264
265
280
300
301
239
176
178
163
113
103
127
152
191
227
230
249
283
258
207
173
127
83
57
41
39
29
9
-25
-76
-134
-209
-297
-382
-449
-526
-613
-699
-783
-860
-936
-1011
-1063
-1094
-1131
-1164
-1186
-1226
-1257
-1242
-1244
-1264
-1262
-1241
-1205
-1140
-1056
-950
-821
-733
-723
-741
-747
-742
-733
-737
-763
-774
-715
-625
-595
-597
-554
-528
-582
-652
-702
-736
-701
-654
-716
-801
-781
-738
-729
-691
-612
-465
-159
229
561
854
1174
1495
1786
2050
2175
2129
2113
2208
2290
2352
2418
2455
2484
2451
2283
2104
2006
1923
1761
1446
1027
704
523
352
148
-34
-147
-215
-301
-407
-491
-502
-483
-542
-659
-712
-654
-521
-364
-247
-154
-30
99
184
243
337
441
509
547
554
562
617
691
726
740
732
686
656
642
586
510
436
358
295
265
255
250
266
292
297
284
277
281
269
248
224
196
204
237
241
227
237
243
228
193
131
71
39
-6
-80
-154
-202
-240
-281
-332
-394
-447
-498
-540
-583
-639
-707
-801
-900
-996
-1068
-1094
-1086
-1050
-1011
-987
-981
-974
-969
-987
-1021
-1059
-1095
-1118
-1117
-1069
-984
-900
-830
-784
-762
-760
-790
-847
-902
-932
-938
-905
-839
-789
-744
-671
-605
-577
-572
-621
-719
-749
-706
-686
-704
-727
-748
-739
-665
-560
-451
-311
-186
-140
-70
169
560
970
1309
1580
1863
2178
2400
2428
2349
2314
2339
2354
2302
2233
2247
2262
2148
1963
1793
1700
1652
1486
1163
836
584
362
157
-7
-102
-133
-165
-227
-279
-281
-244
-245
-319
-398
-393
-305
-199
-109
-17
79
170
268
377
500
634
731
745
728
725
708
668
636
628
639
638
589
524
506
509
468
378
272
200
167
121
62
42
60
51
7
-24
-32
-14
11
-13
-61
-74
-65
-84
-112
-104
-79
-63
-69
-94
-130
-158
-187
-255
-335
-380
-417
-459
-491
-525
-550
-572
-630
-719
-803
-872
-933
-1007
-1072
-1089
-1083
-1084
-1097
-1131
-1159
-1161
-1169
-1191
-1202
-1194
-1173
-1128
-1068
-989
-873
-770
-721
-702
-672
-620
-557
-506
-487
-468
-432
-404
-383
-381
-426
-489
-516
-520
-518
-483
-483
-536
-552
-540
-564
-598
-589
-566
-534
-467
-403
-368
-315
-194
-6
315
786
1245
1580
1863
2148
2375
2501
2501
2404
2350
2396
2417
2331
2246
2237
2211
2103
1922
1722
1594
1492
1269
912
570
323
142
-29
-199
-308
-327
-319
-350
-387
-375
-330
-297
-306
-358
-376
-299
-216
-161
-59
85
220
354
479
551
614
678
679
619
573
560
541
542
567
563
536
530
522
481
441
395
318
257
202
113
33
17
62
121
172
206
212
222
226
203
183
187
195
181
160
146
152
168
145
85
39
7
-43
-118
-191
-268
-342
-413
-506
-604
-659
-689
-754
-836
-904
-963
-1006
-1037
-1073
-1107
-1129
-1156
-1198
-1237
-1258
-1250
-1209
-1154
-1075
-997
-969
-981
-1004
-1012
-980
-934
-906
-880
-828
-728
-602
-526
-499
-470
-450
-452
-467
-512
-598
-694
-782
-874
-897
-785
-632
-555
-540
-542
-598
-680
-742
-805
-806
-683
-560
-542
-528
-411
-217
74
502
961
1352
1711
2043
2318
2563
2714
2668
2522
2470
2532
2578
2551
2497
2432
2340
2194
1982
1783
1684
1580
1304
867
448
204
87
-29
-162
-275
-338
-339
-343
-366
-334
-258
-249
-342
-432
-409
-270
-104
23
106
210
374
513
591
671
766
820
804
722
643
649
692
696
642
577
550
550
530
488
449
410
350
246
130
62
52
67
68
78
122
172
215
248
257
256
239
158
49
-21
-54
-77
-95
-126
-163
-187
-222
-279
-344
-420
-523
-633
-733
-817
-874
-905
-940
-981
-1002
-1011
-1015
-1021
-1034
-1051
-1053
-1064
-1103
-1159
-1197
-1185
-1141
-1089
-1037
-993
-962
-942
-960
-1002
-1025
-1041
-1044
-1009
-941
-857
-766
-697
-639
-571
-494
-449
-464
-510
-558
-623
-684
-700
-673
-607
-519
-448
-410
-378
-362
-394
-426
-408
-366
-334
-320
-296
-236
-154
-111
-111
-28
259
733
1239
1629
1918
2227
2557
2792
2827
2685
2546
2520
2491
2349
2186
2122
2119
2041
1816
1561
1449
1457
1346
994
558
237
59
-88
-267
-401
-409
-356
-362
-417
-392
-246
-93
-62
-136
-166
-75
72
175
245
350
501
642
741
840
973
1072
1046
906
756
688
669
622
535
459
430
427
409
371
351
343
286
163
43
-26
-50
-49
-50
-49
-2
91
173
225
251
252
227
185
123
51
-9
-64
-123
-176
-219
-265
-317
-378
-454
-533
-620
-715
-809
-905
-992
-1065
-1116
-1128
-1101
-1070
-1069
-1077
-1073
-1068
-1082
-1122
-1180
-1222
-1206
-1145
-1086
-1038
-1007
-1007
-1016
-1008
-1001
-1009
-1018
-1018
-994
-957
-950
-981
-986
-916
-811
-717
-640
-602
-614
-649
-718
-783
-734
-611
-544
-540
-535
-509
-434
-328
-279
-278
-262
-249
-266
-262
-223
-169
-98
-29
48
231
588
1034
1433
1740
1987
2244
2534
2762
2818
2722
2596
2512
2446
2361
2259
2145
2021
1870
1684
1519
1430
1359
1185
879
526
244
84
-19
-133
-245
-322
-348
-325
-271
-176
-58
29
64
66
102
207
350
464
534
582
643
754
889
994
1039
1000
906
795
684
590
499
409
317
205
104
61
65
70
50
-6
-79
-109
-89
-68
-67
-66
-37
12
78
160
233
293
338
326
257
193
154
135
93
-2
-110
-199
-275
-337
-419
-528
-634
-725
-811
-902
-992
-1064
-1130
-1198
-1246
-1288
-1267
-1082
-866
-773
-757
-832
-950
-988
-1031
-1105
-1040
-893
-839
-869
-946
-1009
-996
-998
-1072
-1131
-1089
-945
-840
-836
-830
-802
-799
-779
-749
-752
-743
-762
-857
-931
-940
-949
-971
-969
-939
-883
-809
-734
-643
-524
-436
-441
-467
-404
-300
-223
-126
7
182
402
604
825
1261
1897
2451
2792
3029
3259
3444
3443
3173
2804
2598
2504
2281
1914
1602
1468
1394
1194
870
638
581
516
277
-78
-318
-344
-308
-371
-441
-348
-101
138
265
361
527
739
859
828
767
806
900
940
905
846
843
884
874
795
685
538
375
217
52
-86
-165
-202
-197
-146
-87
-39
25
102
145
145
129
135
191
263
312
350
414
500
562
566
527
479
412
293
135
-5
-94
-153
-221
-311
-378
-401
-431
-511
-612
-704
-784
-864
-956
-1037
-1064
-1037
-997
-962
-922
-879
-858
-854
-852
-862
-887
-941
-1044
-1172
-1257
-1258
-1157
-982
-830
-787
-845
-934
-1000
-1037
-1093
-1161
-1198
-1175
-1117
-1066
-1006
-889
-701
-518
-447
-520
-641
-727
-801
-942
-1155
-1346
-1420
-1324
-1115
-922
-775
-640
-550
-523
-494
-447
-413
-371
-336
-338
-277
-83
165
385
574
789
1163
1786
2486
3020
3338
3505
3558
3506
3299
2932
2581
2331
2072
1723
1380
1159
1059
956
716
420
241
189
111
-68
-250
-309
-237
-128
-21
166
490
827
1010
1030
1014
1050
1099
1044
878
729
684
710
724
719
736
782
796
704
518
325
199
112
8
-88
-107
-15
151
311
404
453
499
538
516
439
367
312
266
219
173
175
256
351
380
333
251
155
26
-135
-296
-408
-456
-458
-438
-409
-362
-330
-348
-415
-520
-639
-744
-836
-908
-943
-951
-936
-893
-850
-833
-834
-858
-908
-965
-1032
-1118
-1186
-1233
-1267
-1279
-1252
-1188
-1093
-994
-937
-943
-1006
-1100
-1216
-1325
-1394
-1411
-1373
-1297
-1218
-1134
-1005
-850
-748
-744
-839
-964
-1017
-1010
-1023
-1099
-1186
-1206
-1138
-1011
-874
-723
-556
-393
-258
-166
-110
-59
-18
3
20
86
214
399
591
692
751
958
1467
2187
2843
3251
3457
3597
3651
3477
3038
2529
2152
1853
1496
1116
889
888
920
789
542
363
325
321
229
68
-3
40
120
241
451
741
1029
1214
1245
1159
1035
911
770
616
465
357
332
416
569
702
793
813
733
582
414
312
260
225
191
186
291
467
621
683
664
602
472
314
141
8
-65
-118
-166
-186
-129
-37
81
204
254
238
155
28
-86
-154
-204
-278
-325
-343
-340
-311
-297
-348
-482
-651
-787
-883
-932
-949
-949
-907
-854
-812
-795
-795
-801
-867
-975
-1087
-1170
-1228
-1288
-1320
-1330
-1327
-1316
-1253
-1123
-1007
-1006
-1120
-1228
-1233
-1171
-1202
-1352
-1502
-1551
-1465
-1297
-1081
-834
-607
-520
-563
-608
-629
-673
-810
-1074
-1336
-1340
-1067
-790
-653
-662
-660
-537
-388
-307
-333
-297
-179
-124
-186
-288
-180
79
255
265
186
267
669
1394
2136
2694
3174
3571
3826
3914
3816
3459
2955
2443
1864
1316
991
943
973
909
749
556
480
494
483
376
184
45
-5
15
156
458
818
1062
1191
1236
1190
1145
1089
861
521
268
153
131
219
371
509
651
743
703
588
515
453
366
242
106
108
240
406
548
626
653
623
581
455
262
142
7
-147
-264
-308
-240
-75
108
170
159
137
67
-19
-135
-297
-426
-479
-494
-496
-448
-374
-331
-315
-372
-491
-607
-705
-807
-934
-1039
-1104
-1101
-1045
-985
-889
-813
-802
-839
-941
-1092
-1256
-1380
-1506
-1623
-1582
-1410
-1201
-1027
-969
-1030
-1117
-1123
-1146
-1236
-1284
-1268
-1241
-1214
-1131
-945
-686
-527
-662
-1013
-1358
-1457
-1253
-986
-817
-719
-635
-509
-300
-86
-62
-180
-350
-606
-779
-795
-680
-441
-240
-151
-98
32
262
498
631
508
316
276
457
1075
1964
2719
3260
3647
3845
3904
3912
3645
3059
2398
1668
960
548
457
503
562
522
395
386
472
534
563
455
198
3
-4
75
294
681
935
1011
1079
1087
1031
990
881
578
234
-2
-153
-115
59
209
422
670
783
829
917
887
754
703
557
288
242
344
379
458
525
430
350
349
239
112
39
-124
-236
-232
-283
-242
-13
97
67
127
118
-12
-38
-103
-353
-532
-598
-727
-787
-736
-723
-688
-639
-691
-745
-731
-783
-862
-883
-991
-1098
-1038
-983
-1003
-943
-853
-864
-873
-841
-888
-982
-1069
-1186
-1262
-1224
-1155
-1106
-1084
-1095
-1084
-1044
-1070
-1124
-1105
-1105
-1169
-1186
-1156
-1113
-1015
-939
-958
-940
-805
-670
-656
-790
-973
-1019
-942
-936
-1009
-1058
-1042
-911
-743
-693
-649
-449
-230
-88
43
139
240
370
353
213
203
353
665
1272
1968
2549
3116
3558
3706
3736
3693
3369
2842
2267
1633
1145
951
846
776
761
693
620
625
572
450
394
254
-10
-130
-67
84
365
671
840
971
1112
1142
1057
901
647
357
120
-54
-134
-88
30
167
340
572
796
924
953
888
714
525
446
375
299
350
428
456
502
563
560
497
372
145
-51
-203
-336
-344
-333
-329
-209
-30
41
93
212
168
26
-59
-208
-371
-430
-443
-488
-496
-462
-456
-433
-459
-560
-647
-784
-937
-1030
-1107
-1209
-1248
-1205
-1230
-1233
-1154
-1127
-1109
-1056
-1046
-1118
-1159
-1138
-1161
-1176
-1167
-1189
-1235
-1295
-1300
-1285
-1292
-1296
-1323
-1403
-1465
-1272
-905
-691
-599
-572
-718
-958
-1050
-1076
-1203
-1114
-764
-597
-632
-607
-535
-523
-495
-477
-611
-708
-700
-682
-706
-801
-713
-444
-273
-224
-97
82
184
580
1301
1998
2703
3370
3817
4007
4128
4145
3840
3334
2690
2025
1442
913
588
442
363
313
355
444
429
479
552
443
273
161
131
181
327
503
669
877
1016
1102
1153
1034
818
599
320
5
-173
-210
-241
-204
-93
38
205
375
564
756
810
731
656
569
423
419
524
475
438
529
557
521
549
549
394
194
1
-202
-366
-467
-435
-342
-315
-244
-89
-24
-51
-11
-32
-187
-240
-210
-281
-344
-301
-292
-341
-389
-454
-547
-668
-799
-918
-1037
-1170
-1219
-1183
-1217
-1230
-1131
-1081
-1082
-1033
-1008
-1109
-1205
-1252
-1363
-1395
-1298
-1203
-1137
-1081
-1036
-1058
-1072
-1093
-1194
-1257
-1270
-1251
-1240
-1204
-1057
-928
-847
-827
-878
-928
-976
-964
-1008
-1131
-1159
-1101
-1004
-946
-769
-521
-487
-443
-330
-314
-334
-245
-166
-295
-307
-193
-214
-170
33
372
887
1648
2520
3179
3619
3893
3986
3904
3558
3053
2443
1776
1223
796
497
366
457
619
623
617
626
547
467
378
204
8
-9
122
238
427
665
868
1037
1102
1055
899
680
426
137
-152
-360
-359
-228
-127
-9
135
247
375
527
608
637
682
661
565
488
423
413
482
483
455
532
581
536
492
378
190
100
21
-142
-216
-217
-210
-117
-38
-45
4
56
-34
-120
-163
-277
-320
-289
-342
-375
-297
-240
-221
-206
-294
-424
-518
-689
-889
-1009
-1107
-1182
-1175
-1175
-1211
-1145
-1047
-1034
-1021
-999
-1028
-1064
-1100
-1191
-1299
-1369
-1412
-1416
-1366
-1299
-1210
-1150
-1166
-1168
-1135
-1157
-1228
-1267
-1282
-1239
-1048
-840
-780
-819
-854
-856
-842
-843
-919
-1079
-1249
-1359
-1347
-1283
-1251
-1148
-974
-881
-861
-735
-556
-434
-291
-244
-366
-335
217
1196
2198
3018
3660
4106
4310
4358
4215
3678
2933
2284
1616
855
346
243
288
356
452
510
520
572
670
627
397
243
290
329
327
491
782
1055
1303
1450
1368
1162
963
676
269
-139
-407
-531
-616
-653
-584
-391
-120
166
343
320
257
243
240
234
198
160
163
278
470
653
816
928
955
827
622
470
308
199
156
39
-100
-104
-8
30
79
133
72
-6
-74
-145
-195
-216
-188
-169
-188
-204
-125
-38
-59
-71
-118
-269
-385
-425
-518
-647
-681
-700
-759
-781
-787
-825
-893
-969
-1046
-1142
-1248
-1287
-1262
-1277
-1275
-1188
-1120
-1104
-1052
-1015
-1077
-1136
-1178
-1262
-1374
-1495
-1559
-1558
-1517
-1451
-1330
-1252
-1296
-1254
-1144
-1104
-1040
-893
-804
-890
-936
-894
-909
-939
-894
-763
-750
-766
-648
-613
-702
-718
-625
-672
-705
-488
-338
-358
-302
114
870
1751
2615
3255
3632
3795
3918
3889
3414
2796
2295
1762
1109
655
532
493
579
710
699
590
543
609
533
302
96
38
68
81
244
504
768
1065
1301
1326
1154
991
801
486
119
-187
-361
-469
-494
-418
-285
-91
158
375
398
320
257
167
61
14
53
100
226
455
616
699
790
854
740
554
428
244
95
79
102
65
78
215
300
329
352
330
213
18
-125
-272
-438
-495
-449
-414
-399
-263
-115
-71
-27
-5
-83
-206
-288
-400
-553
-626
-636
-629
-649
-684
-715
-798
-923
-1039
-1150
-1299
-1419
-1449
-1476
-1479
-1371
-1233
-1207
-1250
-1262
-1272
-1278
-1258
-1292
-1412
-1501
-1499
-1507
-1534
-1523
-1461
-1358
-1244
-1141
-1023
-893
-823
-828
-913
-1046
-1145
-1186
-1220
-1258
-1214
-1080
-908
-777
-743
-713
-665
-626
-562
-511
-539
-594
-542
-434
-163
542
1515
2453
3227
3762
3983
3992
3905
3565
2978
2306
1682
1174
754
537
578
730
836
889
828
571
374
290
107
-107
-173
-119
-24
214
554
903
1260
1532
1612
1440
1118
796
482
159
-128
-300
-395
-393
-257
-116
49
233
362
372
270
123
-27
-80
-69
-20
61
155
367
616
765
850
891
801
613
478
252
-21
-79
-52
-71
-51
66
174
253
343
333
226
68
-66
-160
-323
-412
-338
-251
-206
-101
5
-8
9
46
-48
-196
-327
-433
-531
-607
-627
-616
-638
-718
-780
-877
-1038
-1130
-1197
-1332
-1453
-1490
-1490
-1456
-1341
-1208
-1125
-1100
-1113
-1149
-1222
-1302
-1346
-1390
-1456
-1481
-1445
-1392
-1321
-1226
-1154
-1125
-1108
-1078
-1083
-1110
-1085
-1065
-1117
-1146
-1131
-1133
-1069
-918
-813
-716
-563
-486
-487
-508
-605
-723
-729
-668
-640
-590
-490
-223
410
1292
2147
2817
3299
3575
3605
3468
3190
2803
2399
2053
1693
1235
937
924
964
957
925
787
491
251
79
-179
-354
-337
-216
-91
58
304
619
956
1228
1378
1320
1075
854
613
309
100
46
21
-11
21
46
85
193
287
306
221
96
-12
-109
-186
-178
-66
62
273
515
621
658
706
662
539
470
346
165
116
109
78
137
266
350
405
431
352
240
106
-46
-156
-293
-393
-383
-350
-347
-274
-163
-148
-119
-90
-169
-259
-322
-394
-478
-524
-537
-533
-541
-616
-680
-777
-951
-1085
-1202
-1343
-1424
-1402
-1388
-1377
-1297
-1254
-1253
-1246
-1270
-1313
-1361
-1424
-1474
-1478
-1492
-1496
-1453
-1441
-1434
-1355
-1276
-1257
-1199
-1066
-1012
-1054
-1082
-1096
-1143
-1143
-1052
-1067
-1162
-1056
-799
-659
-585
-438
-427
-549
-531
-472
-506
-449
-214
-71
-97
37
509
1198
1927
2656
3199
3313
3228
3155
2868
2391
2146
2075
1793
1460
1290
1127
995
1050
1104
892
562
336
107
-227
-430
-350
-221
-111
106
301
393
600
909
1027
964
880
733
497
266
136
101
128
228
345
366
316
363
434
388
314
239
117
-12
-78
-100
-82
65
319
533
601
604
611
555
497
473
399
296
246
199
102
78
148
243
338
349
250
113
-7
-113
-208
-280
-339
-355
-357
-388
-428
-430
-375
-333
-344
-389
-452
-508
-539
-554
-592
-614
-600
-631
-719
-838
-966
-1055
-1086
-1118
-1166
-1194
-1225
-1236
-1211
-1219
-1266
-1280
-1294
-1365
-1427
-1471
-1542
-1576
-1542
-1503
-1467
-1397
-1342
-1339
-1350
-1316
-1243
-1187
-1138
-1084
-1050
-1045
-1024
-983
-983
-982
-937
-907
-935
-914
-770
-644
-564
-425
-258
-183
-118
41
148
305
788
1440
1973
2433
2857
3029
2991
2944
2776
2436
2140
1975
1742
1425
1242
1178
1101
1045
1032
875
584
371
162
-156
-406
-451
-414
-342
-158
43
196
370
566
686
702
705
691
593
451
372
363
373
444
527
520
474
456
412
303
196
107
16
-40
-57
-51
-31
25
125
242
358
444
502
517
475
399
342
324
312
352
428
428
376
374
357
257
202
172
49
-80
-149
-243
-349
-356
-324
-349
-377
-391
-429
-498
-549
-569
-584
-578
-533
-471
-430
-392
-342
-317
-334
-380
-453
-579
-751
-912
-1048
-1160
-1219
-1209
-1182
-1169
-1139
-1113
-1115
-1123
-1137
-1179
-1245
-1302
-1348
-1390
-1396
-1350
-1255
-1166
-1099
-1040
-1009
-993
-953
-912
-896
-869
-821
-793
-769
-717
-642
-553
-470
-405
-380
-400
-410
-383
-350
-314
-210
-68
41
176
316
384
453
604
791
984
1242
1504
1669
1763
1819
1825
1780
1745
1728
1682
1623
1579
1522
1412
1301
1219
1121
998
867
721
541
353
197
64
-35
-68
-39
-4
22
61
73
54
49
61
65
77
93
83
79
114
161
222
307
398
465
497
493
448
377
291
205
114
39
15
30
48
65
80
70
27
-13
-50
-97
-128
-125
-119
-133
-124
-91
-73
-52
-13
-4
-34
-49
-60
-110
-165
-214
-287
-372
-432
-475
-522
-559
-573
-582
-607
-622
-603
-578
-546
-487
-421
-383
-358
-323
-316
-340
-352
-358
-391
-430
-442
-444
-452
-442
-428
-442
-480
-512
-545
-590
-623
-642
-670
-695
-694
-669
-642
-606
-572
-554
-525
-496
-470
-427
-367
-296
-218
-125
-45
5
47
71
73
66
61
35
-8
-24
-9
21
62
115
161
187
211
213
187
149
113
78
20
-33
-75
-104
-102
-74
-31
18
80
136
179
210
236
263
282
293
293
283
280
272
266
262
269
298
323
339
337
326
315
308
313
312
316
320
323
323
328
341
345
351
352
338
329
330
324
318
312
292
254
222
180
121
69
31
0
-27
-41
-55
-67
-58
-39
-22
-14
5
27
32
28
4
-36
-62
-70
-82
-85
-66
-58
-52
-40
-47
-62
-54
-53
-84
-118
-157
-201
-221
-219
-213
-185
-141
-104
-63
-24
-9
-7
-14
-49
-107
-157
-195
-229
-235
-212
-180
-149
-116
-82
-58
-55
-61
-82
-131
-187
-228
-265
-297
-305
-290
-274
-268
-254
-241
-248
-268
-286
-306
-324
-308
-270
-233
-191
-140
-90
-53
-30
-18
-10
-17
-31
-38
-46
-54
-41
-6
14
36
78
114
127
124
102
40
-36
-102
-170
-236
-279
-300
-306
-297
-262
-203
-142
-84
-40
-22
-15
-8
-5
-12
-22
-28
-23
-5
16
34
52
77
99
116
123
115
100
82
73
73
70
64
71
80
84
99
126
142
146
166
184
191
204
236
249
241
248
252
227
195
166
123
76
56
49
32
24
17
21
31
43
68
85
85
70
56
22
-14
-21
-19
-14
8
40
66
101
135
139
125
98
59
18
-21
-52
-66
-53
-15
33
79
115
148
164
161
147
117
71
19
-28
-62
-73
-55
-30
-8
8
11
14
6
-20
-57
-104
-157
-213
-252
-273
-267
-237
-196
-149
-112
-82
-59
-51
-60
-82
-106
-126
-133
-119
-100
-76
-50
-33
-23
-30
-56
-90
-118
-137
-152
-158
-161
-157
-145
-129
-104
-80
-64
-50
-48
-70
-104
-137
-179
-222
-251
-279
-304
-311
-301
-279
-232
-176
-124
-76
-49
-39
-34
-31
-37
-57
-74
-84
-83
-64
-26
5
22
49
73
74
74
87
91
88
82
63
35
20
27
48
67
82
104
125
135
158
196
225
249
281
299
308
315
310
291
256
220
190
166
141
121
118
105
87
81
81
83
81
69
29
-22
-50
-48
-45
-47
-24
6
19
46
79
87
89
115
115
74
49
33
0
-26
-21
-10
4
47
90
99
90
94
95
75
66
68
52
35
46
56
55
72
84
58
20
-10
-48
-90
-127
-171
-214
-234
-232
-216
-190
-163
-133
-112
-99
-88
-92
-110
-120
-124
-130
-122
-101
-97
-90
-65
-57
-67
-73
-93
-124
-141
-151
-164
-164
-144
-116
-81
-56
-38
-24
-34
-62
-93
-124
-160
-188
-211
-242
-265
-265
-254
-235
-204
-165
-126
-100
-78
-62
-52
-49
-51
-63
-80
-80
-60
-46
-38
-28
-20
-12
5
23
30
32
30
16
-4
-10
7
29
47
59
60
57
75
105
120
136
156
164
173
203
236
259
283
297
292
287
293
292
272
249
227
204
182
173
170
155
141
130
107
78
60
33
-12
-48
-71
-82
-82
-69
-56
-38
-10
14
29
39
38
24
6
-18
-42
-51
-37
-18
10
52
95
131
159
175
169
148
129
105
74
39
13
-11
-32
-36
-31
-42
-69
-103
-146
-196
-235
-256
-266
-256
-224
-191
-164
-136
-97
-49
-13
4
-1
-23
-47
-64
-69
-63
-43
-16
3
7
1
-17
-34
-52
-85
-126
-159
-184
-203
-191
-163
-131
-86
-41
-19
-20
-30
-53
-89
-128
-161
-184
-198
-201
-194
-180
-159
-122
-81
-59
-56
-53
-56
-62
-63
-63
-63
-63
-56
-41
-26
-11
15
40
53
52
49
51
51
55
61
58
56
57
61
58
49
52
58
59
59
67
79
97
128
159
180
202
222
233
224
203
180
155
131
113
106
105
114
129
138
135
127
119
107
84
56
23
-11
-37
-51
-55
-59
-57
-47
-35
-32
-24
-16
-17
-25
-33
-53
-86
-108
-123
-136
-137
-124
-102
-67
-14
34
68
95
116
129
136
137
138
130
128
131
121
111
106
103
87
65
34
-10
-55
-93
-130
-165
-182
-179
-169
-157
-141
-120
-105
-82
-65
-64
-69
-67
-57
-42
-11
26
60
93
111
108
92
66
33
-4
-38
-68
-87
-96
-104
-108
-104
-93
-80
-71
-71
-82
-101
-122
-149
-176
-194
-200
-199
-196
-186
-168
-150
-122
-98
-89
-81
-79
-82
-88
-87
-92
-95
-91
-83
-71
-54
-28
-8
2
14
24
32
38
39
25
4
-4
-4
-5
5
25
35
37
38
42
45
62
92
112
121
141
163
165
166
171
161
141
131
117
97
87
94
97
92
93
92
82
68
55
36
10
-4
-8
-16
-21
-18
-6
3
13
29
38
43
50
57
46
23
2
-20
-42
-56
-61
-62
-58
-41
-15
8
26
43
59
58
52
56
54
49
53
59
54
51
61
60
53
50
43
28
13
0
-16
-37
-53
-64
-74
-78
-68
-53
-47
-39
-38
-49
-70
-89
-107
-117
-114
-101
-76
-40
-4
31
58
73
80
78
63
36
8
-19
-38
-45
-44
-37
-22
-11
-7
-5
-5
-10
-16
-35
-72
-109
-141
-164
-175
-177
-173
-163
-147
-135
-127
-122
-116
-121
-138
-154
-169
-173
-159
-132
-110
-87
-52
-18
2
16
27
19
1
-7
-15
-24
-18
0
14
16
27
41
42
48
64
74
78
92
113
123
131
147
156
150
152
158
157
147
143
138
118
106
103
91
75
66
59
45
37
35
29
15
5
-1
-9
-9
5
23
34
47
65
70
67
67
55
28
0
-21
-49
-75
-90
-98
-102
-94
-72
-46
-24
-1
24
35
41
51
58
57
61
69
72
73
83
98
100
95
85
58
25
-4
-30
-58
-84
-87
-79
-66
-44
-17
2
11
22
23
5
-10
-23
-43
-66
-71
-63
-49
-22
8
22
26
32
29
17
0
-17
-40
-60
-73
-78
-74
-65
-50
-38
-42
-49
-55
-64
-69
-71
-79
-97
-109
-117
-126
-129
-125
-116
-110
-105
-101
-106
-109
-111
-117
-126
-137
-144
-148
-140
-125
-102
-74
-49
-25
-10
-3
-2
-3
-4
-9
-7
-4
2
11
26
40
54
74
92
108
123
133
141
150
161
171
183
192
202
212
217
220
219
210
197
185
167
138
110
82
55
32
20
18
18
23
26
19
6
-2
-4
-10
-11
-9
-13
-22
-25
-30
-38
-44
-49
-61
-78
-89
-89
-85
-75
-56
-38
-20
-2
22
42
56
73
78
76
68
61
57
54
52
49
45
33
20
8
-8
-28
-46
-62
-80
-93
-99
-95
-78
-52
-19
14
37
48
48
38
16
-6
-24
-41
-51
-50
-43
-35
-26
-19
-21
-31
-40
-53
-76
-101
-121
-137
-148
-145
-129
-109
-84
-59
-43
-41
-44
-47
-56
-68
-82
-94
-107
-113
-107
-98
-84
-65
-46
-38
-34
-35
-44
-58
-72
-82
-93
-98
-94
-84
-73
-52
-27
-9
7
22
29
21
12
5
-5
-6
8
26
38
55
75
89
98
106
113
110
106
108
107
107
116
129
138
144
157
166
165
160
155
142
123
110
92
72
53
40
32
22
19
23
21
16
11
4
-9
-18
-23
-30
-37
-36
-31
-27
-22
-16
-12
-19
-34
-52
-77
-103
-113
-114
-112
-96
-68
-43
-19
8
33
48
60
74
81
80
86
90
81
70
61
48
27
15
6
-8
-24
-33
-43
-53
-49
-37
-23
-12
3
9
5
3
1
-3
-10
-10
-11
-17
-18
-16
-12
-11
-2
7
9
9
8
3
-7
-15
-16
-23
-29
-30
-33
-38
-39
-37
-40
-51
-58
-65
-78
-87
-93
-97
-104
-102
-91
-82
-70
-52
-41
-42
-48
-56
-72
-92
-106
-116
-126
-126
-116
-101
-85
-66
-46
-37
-31
-23
-19
-18
-15
-7
-1
9
24
38
52
64
79
89
95
101
107
111
116
130
143
153
165
171
169
160
152
144
130
118
104
84
61
39
21
-2
-14
-20
-30
-38
-42
-42
-45
-39
-25
-13
1
17
31
36
40
44
43
42
41
43
37
26
17
-2
-24
-41
-51
-63
-69
-67
-63
-56
-43
-21
-3
18
37
51
58
60
65
63
57
52
47
38
25
9
-12
-31
-42
-47
-48
-45
-39
-33
-24
-20
-14
-8
-5
-5
-14
-27
-42
-47
-48
-47
-41
-35
-25
-18
-9
-4
-2
1
1
-4
-16
-27
-36
-42
-46
-45
-38
-33
-25
-20
-15
-15
-12
-8
-12
-20
-28
-33
-37
-34
-27
-19
-14
-7
-3
-10
-19
-31
-44
-56
-66
-74
-80
-86
-85
-85
-85
-80
-73
-68
-65
-63
-61
-59
-54
-46
-40
-34
-28
-23
-21
-20
-15
-9
0
13
28
44
62
79
96
111
123
134
140
143
143
141
135
130
124
115
102
88
75
60
45
29
14
-4
-19
-28
-34
-34
-26
-13
-3
9
21
33
46
59
66
59
46
28
8
-13
-29
-40
-49
-51
-46
-41
-35
-26
-14
-3
5
13
22
32
45
62
75
88
98
104
102
90
72
50
27
3
-16
-31
-41
-40
-32
-20
-5
13
29
38
38
29
12
-11
-33
-55
-75
-89
-96
-95
-92
-88
-76
-65
-55
-46
-43
-44
-49
-53
-55
-56
-54
-46
-36
-23
-13
-2
7
10
13
13
4
-4
-13
-22
-29
-36
-37
-36
-35
-31
-26
-23
-21
-22
-25
-31
-37
-39
-40
-39
-37
-33
-29
-23
-19
-19
-20
-24
-29
-36
-40
-45
-45
-42
-36
-29
-21
-12
-3
8
15
27
39
50
62
74
87
99
109
119
122
123
118
111
104
92
81
73
64
58
53
45
38
28
16
5
-7
-17
-27
-33
-36
-37
-32
-20
-3
13
34
51
64
73
76
74
63
50
32
8
-14
-32
-46
-56
-60
-57
-55
-49
-46
-41
-37
-33
-23
-16
-7
6
19
30
42
53
60
63
61
51
37
21
7
-4
-10
-10
-5
5
14
25
31
33
31
20
3
-19
-41
-63
-79
-90
-96
-94
-86
-73
-59
-46
-37
-36
-35
-40
-48
-53
-53
-50
-46
-37
-26
-17
-6
2
10
13
11
12
8
3
-1
-2
2
3
9
16
17
19
17
12
4
-6
-15
-26
-37
-47
-55
-63
-67
-72
-74
-76
-75
-71
-69
-65
-63
-58
-52
-44
-38
-32
-25
-16
-6
2
11
17
24
29
34
42
49
59
70
79
85
88
91
91
89
84
80
74
70
64
62
61
59
63
60
55
51
43
33
26
17
10
7
6
10
16
27
38
48
53
52
48
42
32
21
14
5
2
-1
1
4
9
15
19
20
18
16
11
4
4
3
6
14
24
37
47
57
61
59
51
39
21
1
-16
-32
-43
-49
-52
-51
-50
-45
-45
-45
-46
-50
-56
-66
-76
-82
-86
-85
-79
-71
-59
-45
-32
-17
-9
-3
-2
-8
-14
-22
-30
-37
-41
-43
-44
-42
-37
-29
-22
-15
-12
-10
-10
-11
-13
-17
-18
-16
-14
-9
-5
0
4
7
8
7
4
4
1
1
-1
-1
0
0
0
-2
-4
-6
-9
-10
-12
-12
-8
-3
5
11
19
24
23
20
13
7
1
-2
0
4
14
27
41
54
61
67
67
64
59
50
42
35
31
33
36
43
47
50
49
44
37
26
16
6
-3
-8
-8
-1
10
23
37
49
55
60
58
50
40
28
17
6
-1
-7
-8
-9
-9
-9
-14
-16
-20
-25
-30
-33
-32
-29
-21
-9
5
19
34
44
52
56
55
50
40
31
20
10
4
0
-3
-6
-7
-9
-12
-19
-24
-34
-44
-54
-67
-77
-87
-91
-93
-89
-82
-73
-61
-49
-41
-36
-30
-29
-25
-24
-22
-20
-18
-14
-9
-4
3
8
8
6
0
-6
-15
-24
-29
-33
-33
-27
-21
-10
2
14
26
33
37
36
31
28
23
18
14
11
11
11
12
14
15
16
19
22
23
26
31
34
35
40
41
39
34
26
12
-9
-25
-37
-51
-61
-62
-59
-55
-45
-31
-23
-19
-16
-13
-11
-8
-7
-3
1
2
7
11
20
27
28
26
20
16
11
6
3
2
10
23
43
62
78
95
103
105
101
94
84
68
54
43
34
31
28
28
27
26
17
5
-1
-7
-14
-21
-25
-29
-35
-34
-20
3
22
37
51
56
56
58
56
54
54
50
37
26
24
24
26
30
39
44
37
24
5
-14
-32
-44
-60
-73
-83
-89
-86
-79
-73
-69
-62
-58
-54
-51
-56
-56
-51
-48
-45
-40
-36
-36
-32
-30
-31
-37
-38
-39
-51
-63
-68
-71
-75
-72
-66
-58
-47
-29
-16
-9
-8
-7
-6
-7
-10
-16
-18
-17
-16
-16
-13
-14
-10
-3
-9
-12
-5
-9
-13
2
8
10
38
63
62
60
62
58
47
29
21
13
-8
-10
10
0
8
39
17
32
128
97
14
35
11
-40
-19
-25
-40
9
33
63
116
73
32
77
45
-21
-12
-35
-77
-30
7
-6
8
14
46
71
76
456
1021
1000
723
641
276
-278
-536
-702
-847
-710
-407
-87
220
402
451
318
-73
-491
-704
-803
-811
-604
-308
-87
153
370
381
236
46
-154
-348
-489
-487
-317
-74
150
324
394
340
240
140
3
-134
-169
-116
-45
62
193
257
272
277
206
71
-25
-68
-92
-85
-55
2
86
160
192
177
107
34
-9
-42
-81
-99
-56
8
56
86
87
58
-26
-93
-72
-99
-63
266
525
499
540
572
357
122
-73
-334
-495
-519
-494
-376
-251
-165
-30
-4
-159
-261
-339
-459
-340
-136
-164
-86
171
271
253
234
149
48
-51
-161
-171
-94
-2
114
179
131
69
54
6
-97
-153
-130
-70
7
94
149
163
168
162
102
15
-13
21
68
108
137
168
218
246
232
166
68
4
-31
-74
-103
-67
16
93
130
124
97
44
-14
-61
-132
-173
-138
-86
-34
12
18
15
9
-29
-74
-97
-96
-52
-7
-13
-20
12
27
22
32
15
-16
-5
-8
-54
-74
-65
-50
-26
-16
-28
-30
-33
-38
-44
-58
-48
-20
2
9
-5
-23
-20
-30
-57
-67
-59
-38
5
46
61
74
92
93
80
57
31
30
36
7
4
45
78
94
97
70
25
-17
-69
-129
-177
-186
-161
-127
-88
-52
-42
-51
-57
-64
-81
-98
-95
-67
-37
-25
-15
8
23
26
19
-3
-25
-37
-38
-33
-33
-24
5
16
22
49
56
44
35
33
23
13
21
38
35
27
24
18
11
-3
-21
-25
-15
4
30
48
61
74
74
58
42
39
42
52
71
88
110
127
128
120
105
79
49
22
-2
-12
-6
8
34
48
31
11
-4
-26
-42
-50
-48
-22
-1
2
32
55
50
51
50
31
28
31
15
3
6
-6
-13
-2
-3
-8
-8
-25
-48
-52
-55
-67
-66
-46
-33
-32
-22
-13
-18
-19
-19
-30
-25
-3
4
10
15
16
4
-17
-42
-62
-64
-61
-56
-37
-13
6
26
45
43
36
32
27
23
22
37
45
38
30
21
6
-7
-16
-41
-75
-86
-86
-97
-100
-78
-58
-53
-47
-37
-29
-26
-29
-24
-11
16
41
50
70
93
94
91
87
54
19
2
-22
-41
-31
-22
-11
18
32
25
26
16
-8
-19
-43
-53
-29
-12
-5
21
27
5
-3
-5
-11
-15
-20
-25
-30
-33
-20
0
-2
2
12
4
1
9
15
22
42
61
72
87
97
82
56
38
18
0
-6
3
18
31
36
29
13
2
-15
-33
-38
-43
-35
-11
13
32
38
30
25
12
-5
-10
-16
-19
1
15
15
26
23
1
-23
-45
-68
-67
-59
-64
-47
-21
-15
-9
3
-3
-8
-17
-29
-10
11
9
23
42
26
10
5
-13
-26
-35
-46
-43
-34
-26
-6
12
13
21
15
0
5
2
-7
8
23
20
26
48
67
62
25
-2
-11
-24
-32
-26
-18
-5
5
-10
-27
-39
-62
-76
-76
-82
-68
-32
-5
11
26
32
32
19
-11
-27
-52
-76
-64
-55
-50
-22
-6
7
29
22
5
-1
-20
-44
-37
-26
-15
12
25
18
19
15
4
9
6
0
16
22
18
33
30
10
9
8
1
5
2
9
50
83
92
104
106
94
85
72
54
52
60
68
82
92
96
84
54
28
5
-19
-25
-15
-5
0
4
18
32
29
11
-1
-2
-1
0
-1
0
1
0
-12
-26
-35
-40
-40
-39
-35
-34
-25
-10
-16
-29
-27
-26
-36
-24
-10
-16
-8
4
-12
-20
-17
-21
-20
-18
-22
-18
-3
-4
-8
-6
-14
-21
-17
-13
-9
-14
-21
-24
-32
-37
-20
2
12
25
33
25
0
-19
-31
-42
-39
-22
0
26
47
53
60
53
20
-14
-37
-52
-43
-26
-22
-9
9
10
4
1
-21
-45
-52
-60
-51
-28
-13
0
8
-3
-16
-26
-37
-41
-37
-27
-11
7
8
4
-3
-10
-9
-4
4
15
19
20
21
16
9
-6
-20
-22
-14
-11
-13
-2
15
18
9
14
22
7
0
12
12
-1
6
21
25
36
53
65
60
52
60
63
56
53
55
43
37
43
39
38
47
50
52
58
58
60
61
61
63
65
58
46
33
22
8
-14
-27
-28
-27
-27
-14
-9
-13
-21
-29
-37
-47
-52
-46
-28
-17
-7
13
24
24
29
22
10
7
2
-8
-10
-6
-11
-18
-11
-3
-6
-12
-13
-14
-17
-25
-19
-10
-15
-24
-23
-29
-35
-16
3
7
14
23
7
-17
-33
-44
-56
-58
-52
-44
-29
-14
3
11
0
-14
-24
-37
-49
-54
-57
-50
-36
-17
3
20
29
30
23
6
-11
-25
-30
-29
-21
-9
7
14
11
7
-4
-23
-43
-51
-51
-56
-50
-34
-28
-22
-6
15
25
31
38
34
23
11
6
3
-3
-4
1
1
1
2
-8
-24
-28
-34
-35
-22
-21
-17
5
14
5
6
17
23
25
30
35
41
40
30
21
18
25
32
42
50
65
77
84
89
89
90
89
78
72
63
49
41
49
48
32
26
30
23
3
-12
-18
-21
-25
-27
-23
-13
-12
-13
-20
-30
-40
-44
-42
-49
-52
-50
-45
-40
-39
-32
-17
0
13
23
29
31
26
25
22
13
8
12
10
3
4
6
-2
-8
-12
-25
-36
-39
-39
-39
-44
-40
-20
-7
-5
-1
3
5
1
2
3
3
3
8
10
5
13
27
22
10
3
-5
-11
-17
-26
-32
-29
-28
-22
-12
-16
-16
-9
-16
-30
-34
-31
-30
-27
-21
-12
-4
1
6
14
10
3
6
-1
-22
-28
-17
-22
-24
-19
-18
-17
-7
-3
-6
2
6
10
15
15
14
20
21
13
6
3
3
15
28
38
42
47
55
49
41
40
42
43
50
51
50
53
53
45
42
43
36
34
34
28
29
32
35
40
39
25
16
18
10
-2
-5
-7
-8
-8
-9
-20
-39
-53
-60
-68
-78
-76
-65
-53
-44
-38
-34
-31
-25
-28
-35
-32
-29
-28
-23
-18
-19
-15
-5
1
6
8
13
19
14
4
7
15
23
31
35
37
46
53
42
30
26
12
2
-1
-10
-12
-5
6
16
18
14
8
7
-1
-14
-16
-11
-2
6
8
8
14
11
-3
-12
-18
-21
-13
-3
-6
-8
-12
-21
-31
-47
-58
-55
-48
-49
-46
-43
-45
-39
-33
-39
-35
-28
-24
-18
-19
-28
-23
-19
-21
-12
-5
2
12
19
18
22
31
33
31
22
16
18
15
8
10
14
13
19
33
37
36
39
39
36
26
25
32
37
38
43
41
35
42
49
47
50
54
50
47
44
35
24
21
13
5
2
-1
-2
-7
-10
-14
-14
-11
-6
1
11
15
13
1
-20
-38
-52
-61
-60
-52
-43
-32
-22
-14
-11
-16
-25
-36
-51
-64
-64
-52
-33
-17
-3
8
17
19
8
1
-6
-21
-24
-13
0
5
11
21
20
-2
-18
-1
0
-27
-18
6
-10
-25
-19
-25
-41
-44
-27
-7
-5
-5
14
22
1
-7
1
-9
-22
-17
-10
-12
-8
2
6
-3
-16
-13
-16
-31
-38
-34
-31
-29
-16
-2
2
6
11
8
-3
-10
-5
1
1
6
17
27
31
32
37
36
33
38
39
29
20
21
22
19
21
33
38
39
41
38
22
8
5
0
-10
-16
-11
-6
-6
-2
7
10
14
19
23
20
7
-2
-3
-9
-17
-8
15
28
44
61
63
58
52
47
30
10
5
11
5
-6
1
8
3
0
0
-10
-25
-30
-26
-39
-63
-51
-26
-31
-42
-21
-12
-28
-32
-29
-32
-36
-34
-21
-16
-29
-29
-11
-14
-31
-28
-16
-16
-21
-15
-6
5
17
32
39
36
36
43
44
34
29
28
24
13
2
-1
-9
-12
-8
-9
-9
-1
6
7
7
6
4
6
7
7
9
16
24
27
28
24
23
17
8
2
-4
-5
-6
-9
-12
-14
-18
-23
-29
-34
-40
-43
-39
-33
-33
-32
-29
-27
-30
-32
-32
-32
-36
-39
-39
-34
-28
-20
-10
-2
3
7
9
1
-4
-3
0
2
6
16
22
24
20
13
6
-3
-5
-6
-7
1
9
20
29
30
30
29
23
13
10
9
8
15
22
24
26
32
27
17
12
6
7
8
14
26
37
42
50
48
32
18
7
-3
-15
-22
-21
-17
-18
-18
-14
-15
-23
-25
-25
-30
-36
-34
-27
-23
-13
-6
0
0
1
1
-8
-15
-14
-13
-14
-11
-5
4
9
9
9
7
3
1
2
1
0
6
12
17
24
27
28
28
28
24
21
19
20
21
20
19
20
18
20
23
20
17
18
18
14
8
2
-1
-6
-14
-18
-21
-25
-21
-16
-13
-10
-3
-2
-6
-18
-32
-36
-35
-38
-33
-26
-17
-5
0
1
-3
-8
-12
-15
-17
-19
-15
-2
3
8
14
15
11
-1
-13
-24
-32
-34
-27
-16
-8
8
20
22
18
7
-4
-12
-12
-12
-10
-2
8
17
21
23
23
21
18
11
7
4
1
2
1
2
5
11
19
20
23
26
29
30
27
22
14
10
6
-1
-2
-4
-4
2
-1
-3
-9
-15
-20
-27
-34
-36
-34
-27
-24
-18
-11
-8
-5
-5
-6
-8
-10
-14
-17
-23
-27
-23
-18
-12
-3
6
15
20
21
16
7
-2
-12
-18
-21
-21
-11
-1
9
20
25
28
27
23
17
12
9
5
1
-4
-5
-5
-3
0
7
11
12
15
14
11
5
0
-6
-9
-12
-9
-6
-5
-2
-2
-4
-8
-11
-15
-22
-27
-28
-31
-30
-32
-32
-34
-33
-32
-34
-35
-34
-31
-30
-26
-24
-20
-18
-12
-8
-4
0
1
3
0
-6
-13
-16
-19
-22
-21
-18
-11
-4
3
8
10
12
10
7
2
1
-2
-2
0
3
7
12
18
19
20
20
20
23
24
26
25
30
34
35
37
39
38
36
36
39
42
44
47
47
46
39
33
28
21
13
5
7
6
7
7
2
-2
-5
-11
-15
-16
-17
-14
-9
-7
-5
-3
-1
0
-1
-4
-4
-6
-10
-15
-20
-22
-24
-22
-21
-21
-20
-22
-21
-24
-28
-30
-30
-24
-21
-15
-5
4
9
7
4
-3
-16
-25
-35
-43
-49
-49
-44
-40
-33
-23
-12
-9
-8
-4
2
11
20
28
26
18
10
5
2
0
5
12
10
9
6
2
-6
-21
-34
-31
2
78
204
347
471
561
591
561
493
415
345
295
264
236
221
220
219
216
200
165
114
70
41
37
58
94
128
142
135
113
88
60
25
-20
-77
-143
-203
-254
-291
-314
-328
-345
-375
-407
-433
-450
-456
-453
-445
-433
-412
-382
-347
-313
-284
-264
-256
-258
-257
-245
-222
-196
-169
-146
-135
-126
-112
-99
-83
-62
-39
-14
9
33
64
97
128
149
163
172
174
181
192
201
207
212
214
208
201
194
185
172
156
137
121
109
101
99
95
86
73
59
41
27
17
8
-1
-11
-23
-34
-44
-49
-51
-53
-59
-64
-64
-67
-66
-64
-62
-62
-66
-70
-73
-71
-62
-47
-31
-14
2
19
34
45
57
66
71
70
73
79
87
100
114
118
114
108
99
85
72
61
48
33
19
9
3
4
8
13
10
1
-7
-15
-23
-32
-42
-55
-68
-80
-87
-85
-82
-74
-71
-79
-90
-96
-98
-98
-90
-81
-73
-66
-59
-49
-37
-26
-14
-3
-1
0
-1
1
5
7
12
14
19
23
30
40
47
49
43
30
14
1
0
9
24
43
57
64
63
58
51
42
33
23
14
4
5
14
22
27
22
7
-15
-36
-53
-62
-66
-69
-64
-59
-50
-32
-14
3
8
8
3
-4
-7
-5
4
13
15
16
18
19
20
26
33
36
39
41
45
47
49
53
53
49
40
36
29
22
21
18
15
17
22
26
34
40
42
32
18
4
-7
-12
-14
-10
-10
-13
-18
-24
-28
-32
-29
-25
-22
-16
-10
-4
2
5
0
-9
-14
-20
-22
-25
-30
-39
-51
-63
-72
-75
-72
-60
-48
-39
-31
-25
-22
-21
-17
-13
-7
4
16
26
32
36
35
28
21
19
19
22
29
36
33
27
20
13
5
0
0
-1
-5
-5
-4
-5
-4
2
9
11
17
24
25
25
23
22
15
9
8
10
11
8
12
9
3
-1
-4
-6
-8
-3
1
1
6
11
16
20
27
37
40
38
33
22
10
0
-4
-8
-8
-3
3
4
3
5
5
4
6
11
13
14
18
15
10
3
-1
-6
-10
-11
-8
-4
-4
2
5
6
7
10
12
9
12
12
10
8
8
7
3
4
3
3
1
3
5
5
6
8
10
9
12
13
9
2
-7
-19
-34
-47
-56
-64
-73
-78
-84
-85
-83
-74
-63
-51
-35
-20
-8
1
3
2
-9
-24
-37
-50
-56
-57
-51
-45
-39
-31
-22
-12
-2
10
17
22
27
29
33
39
42
43
36
27
17
9
4
-1
-1
-1
1
11
22
33
41
44
40
28
19
10
4
3
2
0
-2
-5
-8
-10
-11
-10
-8
-9
-11
-8
-7
-8
-6
-6
-9
-11
-11
-3
1
7
8
8
0
-6
-8
-7
-2
5
14
17
19
17
14
8
1
-4
-9
-11
-9
-4
1
3
4
3
2
6
16
31
46
58
66
66
62
53
46
37
28
22
15
11
9
7
6
0
-6
-12
-14
-7
2
17
25
28
21
10
-2
-16
-27
-37
-47
-58
-65
-69
-67
-63
-62
-60
-63
-63
-59
-52
-40
-30
-23
-19
-19
-17
-17
-16
-14
-14
-12
-10
-6
3
12
18
20
16
8
2
-3
-9
-10
-10
-12
-12
-14
-18
-22
-29
-34
-41
-46
-47
-45
-37
-28
-14
-2
8
14
17
16
11
5
-5
-17
-26
-32
-35
-35
-33
-26
-20
-10
1
12
25
32
43
51
57
61
64
68
66
67
63
60
58
55
54
52
51
54
57
62
68
73
76
75
72
67
59
53
46
42
36
28
22
14
6
-5
-11
-18
-23
-25
-24
-21
-20
-19
-22
-27
-36
-41
-44
-44
-41
-36
-32
-31
-33
-35
-39
-46
-50
-54
-54
-54
-51
-42
-37
-34
-30
-29
-28
-28
-23
-17
-10
0
9
17
22
29
34
34
33
29
25
20
15
12
8
4
1
-2
-3
-6
-3
-2
0
5
10
20
27
34
37
36
32
25
18
9
-1
-8
-16
-22
-24
-25
-24
-23
-24
-24
-25
-25
-21
-19
-13
-12
-9
-7
-4
-2
1
4
5
7
6
4
1
-5
-12
-19
-26
-29
-29
-24
-18
-16
-13
-14
-14
-12
-10
-3
2
8
11
12
13
10
5
-3
-13
-20
-26
-25
-23
-18
-11
-6
1
5
11
20
27
32
35
37
36
37
37
40
45
46
49
50
49
47
44
40
33
24
21
20
21
25
28
30
30
28
28
25
19
16
10
2
-5
-12
-17
-23
-26
-29
-31
-31
-33
-29
-29
-26
-22
-19
-18
-19
-18
-21
-20
-18
-16
-16
-16
-15
-17
-15
-13
-11
-7
-8
-7
-8
-10
-13
-19
-25
-31
-36
-34
-31
-20
-10
0
8
8
8
3
0
-2
-8
-8
-9
-6
-3
-1
2
-1
-5
-12
-20
-26
-31
-33
-33
-33
-33
-32
-31
-27
-23
-19
-15
-13
-12
-13
-12
-10
-8
-5
-6
-10
-13
-16
-16
-18
-20
-21
-26
-26
-22
-14
-3
8
16
18
16
16
14
14
12
8
8
8
14
22
28
31
26
20
13
12
14
18
20
22
24
25
28
28
27
17
7
-4
-11
-11
-10
-3
1
4
7
6
7
6
3
-1
-6
-6
-2
5
13
17
16
11
6
2
1
2
3
4
2
4
5
8
11
12
13
12
13
14
13
12
8
4
-1
-3
-2
2
6
9
7
5
2
2
7
13
17
18
17
11
6
2
1
0
-3
-7
-6
-2
4
10
11
7
-1
-8
-9
-3
4
7
2
-5
-12
-14
-9
-6
-4
-9
-17
-23
-22
-14
-6
-3
-6
-14
-18
-18
-14
-11
-14
-22
-32
-37
-33
-24
-16
-12
-17
-24
-30
-29
-23
-17
-12
-14
-17
-21
-18
-12
-6
-2
-1
0
1
6
8
10
6
-1
-8
-12
-10
-3
8
16
23
29
34
38
39
37
35
31
26
25
23
26
26
25
23
19
15
9
7
3
-1
-3
-5
-4
-5
-3
-3
-7
-11
-17
-17
-17
-16
-12
-11
-10
-9
-7
-6
-5
-9
-16
-21
-24
-22
-18
-12
-8
-6
-7
-3
3
15
26
34
38
41
47
51
60
62
61
56
48
49
54
63
69
69
63
55
49
49
52
52
52
43
38
33
33
31
23
8
-11
-27
-38
-44
-43
-43
-48
-55
-63
-66
-68
-67
-67
-72
-80
-89
-91
-89
-82
-78
-76
-76
-76
-73
-65
-52
-40
-33
-29
-29
-26
-20
-13
-6
-3
-5
-5
-4
2
11
19
24
23
21
21
25
32
36
38
34
30
28
28
29
29
24
16
6
-1
-5
-7
-8
-11
-15
-20
-22
-21
-18
-16
-19
-23
-29
-33
-34
-33
-33
-33
-34
-36
-35
-36
-33
-29
-27
-26
-25
-24
-20
-16
-11
-8
-7
-6
-4
0
5
13
18
21
25
29
34
41
47
53
55
56
59
59
62
61
59
55
51
48
48
45
43
42
38
36
34
35
34
35
33
32
29
29
29
28
26
22
18
11
7
3
1
-2
-4
-4
-3
-2
1
1
2
0
0
0
-2
-2
-4
-4
-3
-3
0
0
-2
-4
-10
-14
-21
-26
-30
-32
-30
-29
-27
-28
-29
-32
-36
-39
-44
-45
-44
-46
-42
-40
-36
-36
-35
-34
-35
-34
-35
-35
-35
-36
-35
-36
-38
-38
-39
-40
-40
-39
-34
-28
-20
-15
-10
-5
-1
5
12
17
23
25
28
30
32
32
31
29
25
23
23
26
30
34
36
38
36
36
33
32
31
27
27
22
23
22
24
26
24
21
17
14
10
8
3
-1
-6
-11
-13
-16
-15
-14
-12
-12
-14
-14
-13
-13
-10
-6
-1
3
5
7
8
9
9
6
2
1
-1
2
4
7
10
11
11
10
9
10
9
11
10
9
8
7
9
6
5
0
-5
-10
-14
-16
-17
-17
-17
-15
-14
-12
-12
-12
-12
-16
-19
-21
-23
-24
-25
-28
-28
-31
-32
-32
-33
-30
-29
-27
-24
-21
-16
-13
-9
-5
-4
-1
0
2
3
3
5
8
11
14
17
20
22
23
24
22
24
26
27
29
