SAMPLES:	17293
BITSPERSAMPLE:	16
CHANNELS:	1
SAMPLERATE:	16000
NORMALIZED:	FALSE
11
9
10
10
11
11
12
12
12
13
11
13
11
10
10
8
9
9
9
9
8
8
6
7
3
4
3
2
4
1
1
-1
-1
-2
-3
-3
-4
-2
-4
-4
-5
-7
-7
-7
-8
-8
-8
-8
-7
-8
-8
-9
-9
-10
-9
-10
-10
-9
-10
-9
-9
-10
-8
-9
-9
-8
-7
-6
-8
-6
-6
-6
-5
-6
-4
-5
-5
-4
-4
-3
-2
-1
-2
-1
0
1
1
2
2
1
3
3
3
4
5
6
6
6
6
7
6
7
7
7
8
8
8
8
7
8
9
6
7
6
5
6
4
7
3
5
4
4
4
2
3
1
3
1
1
0
0
0
0
0
-1
0
-1
-2
-3
-3
-3
-5
-3
-5
-4
-5
-5
-5
-7
-5
-7
-6
-7
-5
-6
-7
-6
-7
-6
-6
-5
-6
-6
-5
-5
-4
-5
-5
-7
-5
-6
-4
-4
-6
-3
-6
-4
-5
-4
-5
-5
-5
-6
-4
-5
-4
-6
-5
-5
-5
-4
-4
-3
-4
-2
-3
-3
-4
-4
-2
-4
-1
-4
-4
-4
-4
-3
-6
-4
-5
-3
-5
-3
-4
-5
-2
-5
-2
-4
-4
-4
-4
-2
-3
-1
-2
-2
-2
0
0
1
2
3
4
3
4
3
4
4
4
5
5
7
4
8
6
8
8
7
10
7
10
9
11
11
11
11
10
12
9
11
10
10
10
9
10
8
10
7
9
8
8
10
7
8
7
6
7
6
5
5
4
3
3
0
3
1
3
2
1
1
-1
-1
-2
-2
-3
-2
-3
-4
-2
-5
-4
-6
-6
-5
-6
-5
-6
-6
-6
-6
-7
-6
-7
-6
-7
-6
-5
-7
-6
-7
-5
-6
-7
-5
-8
-6
-7
-7
-6
-6
-7
-7
-7
-9
-8
-9
-7
-7
-10
-7
-9
-7
-7
-7
-6
-6
-5
-6
-5
-5
-6
-6
-5
-6
-5
-5
-4
-4
-5
-3
-5
-2
-3
-3
-3
-3
-3
-2
-2
-3
-2
-3
-2
-3
-3
-2
-4
-2
-3
-1
0
1
1
0
2
2
3
3
4
4
5
6
6
6
7
8
8
8
9
9
10
12
12
14
15
15
15
16
18
17
18
19
19
19
20
19
21
21
22
21
20
21
21
19
20
21
19
19
18
18
17
17
16
15
14
13
13
11
12
8
7
7
5
6
3
3
0
-1
-2
-3
-5
-7
-9
-11
-9
-13
-12
-14
-16
-16
-18
-18
-20
-19
-19
-22
-21
-24
-23
-24
-23
-24
-26
-25
-24
-23
-22
-22
-21
-21
-22
-20
-21
-20
-20
-19
-18
-17
-18
-16
-15
-16
-13
-13
-12
-10
-12
-10
-9
-9
-8
-10
-8
-8
-8
-6
-6
-4
-5
-4
-4
-5
-3
-2
-2
-1
-1
0
0
0
0
0
0
-1
-1
0
1
0
2
1
2
4
3
6
3
5
4
5
6
5
6
6
6
6
5
6
7
7
8
6
8
5
6
5
4
5
4
4
2
3
2
1
0
-1
0
-2
-1
-1
-2
-1
-2
-3
-3
-4
-4
-5
-5
-4
-6
-3
-3
-5
-3
-5
-3
-4
-4
-3
-3
-3
-2
-2
-1
-2
-1
2
1
3
3
3
5
5
5
7
7
8
9
9
11
11
13
14
13
14
16
16
16
16
16
14
16
16
15
16
15
14
12
11
11
11
8
8
7
7
6
5
4
1
2
0
0
-1
-3
-3
-4
-6
-6
-7
-8
-9
-10
-11
-12
-11
-10
-11
-11
-12
-10
-11
-11
-10
-9
-7
-8
-5
-3
-3
0
-2
1
2
3
4
5
6
7
8
10
9
8
10
10
10
12
11
12
11
9
10
9
8
8
7
7
6
5
3
2
1
-1
-2
-3
-5
-6
-8
-10
-12
-13
-13
-16
-16
-17
-17
-17
-19
-19
-20
-19
-18
-18
-16
-16
-15
-16
-13
-12
-12
-10
-8
-6
-5
-2
0
2
3
6
9
11
13
15
17
19
21
20
24
24
24
27
27
29
28
28
28
27
26
26
26
25
24
22
21
18
16
14
10
8
5
4
2
1
-4
-5
-8
-10
-12
-15
-18
-21
-21
-23
-23
-26
-28
-29
-29
-30
-30
-31
-31
-30
-32
-30
-30
-30
-29
-28
-26
-24
-21
-21
-18
-18
-16
-13
-11
-9
-6
-5
-4
0
-1
2
3
4
9
7
11
11
12
15
13
15
15
15
15
15
15
13
13
13
13
12
9
10
7
7
5
3
4
1
-1
-1
-3
-2
-5
-5
-4
-6
-6
-8
-8
-8
-9
-8
-8
-7
-6
-7
-5
-4
-4
-3
-2
0
-1
2
2
3
4
5
7
7
9
9
9
12
10
11
12
11
11
10
11
10
12
11
9
10
9
8
6
3
3
2
1
1
-1
-3
-5
-6
-8
-8
-10
-10
-11
-11
-12
-13
-13
-14
-15
-14
-15
-13
-12
-13
-11
-10
-9
-8
-7
-7
-6
-4
-4
-1
-1
1
3
3
6
6
9
10
11
13
13
16
17
17
19
18
18
19
19
19
19
18
18
19
17
17
15
15
14
13
11
10
9
7
7
5
4
2
4
1
0
-1
-3
-3
-5
-5
-8
-8
-10
-10
-10
-12
-11
-12
-13
-13
-14
-15
-15
-16
-16
-15
-16
-14
-14
-14
-15
-16
-14
-15
-13
-13
-12
-12
-12
-11
-10
-8
-8
-6
-6
-5
-4
-4
-2
-2
-1
1
2
2
3
4
5
6
6
6
9
8
10
10
10
12
10
12
11
11
13
11
13
12
12
12
12
12
12
12
10
10
9
10
8
8
8
7
7
5
6
6
4
5
4
3
4
1
3
1
0
1
0
1
0
1
0
0
-1
-2
-2
-2
-2
-3
-3
-3
-3
-4
-5
-5
-4
-6
-5
-7
-6
-5
-7
-6
-8
-7
-7
-8
-8
-8
-7
-7
-8
-7
-7
-7
-9
-8
-8
-8
-7
-8
-8
-8
-8
-9
-10
-9
-10
-8
-9
-8
-8
-8
-8
-9
-10
-10
-9
-9
-10
-9
-9
-9
-7
-10
-7
-8
-8
-7
-7
-7
-6
-6
-6
-5
-5
-4
-3
-4
-3
-3
-2
-1
-1
1
1
2
3
4
4
4
5
6
5
5
5
5
7
6
6
6
5
5
4
6
4
5
4
5
3
2
2
1
1
-1
-1
-1
-2
-2
-2
-3
-5
-5
-5
-5
-3
-5
-5
-5
-6
-5
-6
-3
-5
-5
-4
-3
-1
-1
0
0
2
2
1
3
4
5
7
7
7
8
10
8
9
9
11
12
10
13
12
12
13
12
13
11
12
12
11
12
10
9
9
8
8
7
9
7
8
6
7
6
4
5
5
4
4
4
3
4
3
4
2
1
2
2
2
1
0
2
1
1
1
0
0
0
-1
-1
-1
-2
-3
-3
-3
-4
-4
-5
-4
-4
-5
-6
-6
-5
-7
-7
-9
-7
-9
-10
-9
-11
-11
-11
-11
-12
-12
-12
-11
-11
-11
-11
-10
-10
-9
-9
-8
-8
-7
-6
-8
-5
-5
-6
-3
-5
-3
-3
-4
-2
-2
-2
-2
-2
0
0
-1
-1
-1
-1
-2
-2
-3
-2
-2
-2
-2
-3
-2
-3
-2
-2
-4
-3
-3
-2
-3
-2
-2
-2
0
-2
1
0
0
1
1
2
2
4
5
4
7
8
8
8
9
10
10
12
13
13
14
14
13
13
14
14
13
15
13
14
12
11
11
9
9
7
6
5
5
3
2
2
-1
-1
-3
-4
-5
-8
-6
-8
-8
-9
-12
-12
-12
-13
-13
-14
-14
-15
-14
-13
-14
-14
-14
-13
-14
-13
-11
-12
-11
-9
-9
-7
-7
-6
-3
-3
-1
0
1
3
4
5
5
7
7
9
11
10
13
14
14
14
15
14
14
15
14
16
15
15
15
15
15
14
14
13
13
12
11
10
8
8
7
6
4
5
3
1
0
-1
-2
-3
-4
-7
-5
-8
-9
-9
-10
-12
-12
-13
-15
-14
-16
-16
-17
-17
-18
-17
-16
-17
-16
-15
-17
-16
-16
-16
-15
-15
-13
-13
-14
-13
-12
-12
-11
-10
-9
-9
-7
-7
-8
-6
-5
-4
-2
-2
0
0
1
4
4
3
3
4
5
6
7
8
9
9
10
12
13
13
14
14
16
16
17
19
18
19
17
19
19
20
21
21
22
23
22
23
23
21
23
24
21
23
22
22
21
20
19
19
20
17
18
16
15
16
13
13
10
11
10
8
8
6
6
3
4
3
0
0
-2
-4
-4
-5
-7
-7
-8
-8
-10
-10
-12
-12
-13
-13
-12
-13
-13
-14
-13
-14
-14
-14
-15
-15
-15
-15
-15
-14
-13
-12
-14
-11
-12
-12
-12
-12
-11
-11
-11
-12
-10
-11
-11
-12
-11
-11
-10
-11
-12
-11
-12
-12
-13
-13
-14
-13
-15
-16
-16
-17
-16
-18
-19
-19
-21
-20
-21
-21
-22
-22
-22
-23
-22
-24
-23
-24
-23
-23
-23
-21
-22
-19
-20
-19
-17
-16
-15
-13
-11
-10
-8
-7
-4
-2
-1
2
5
6
10
11
14
17
18
21
22
25
26
28
29
29
32
32
33
35
34
36
35
35
34
35
34
35
34
32
32
30
29
28
27
25
25
22
21
19
17
14
13
11
8
7
5
5
2
1
0
-2
-2
-4
-6
-5
-8
-9
-8
-10
-10
-11
-10
-9
-10
-8
-9
-9
-8
-7
-7
-6
-6
-4
-4
-1
-2
-2
0
0
1
3
4
5
6
5
7
7
7
7
7
7
7
8
8
8
7
8
8
7
6
6
5
4
3
2
1
-2
0
-3
-4
-5
-8
-7
-9
-10
-11
-12
-13
-15
-16
-17
-18
-20
-20
-21
-22
-22
-23
-23
-23
-22
-22
-21
-22
-20
-19
-21
-18
-18
-15
-14
-14
-10
-11
-8
-6
-6
-2
-2
1
3
4
6
6
8
9
11
13
13
15
16
16
18
16
17
17
17
16
16
16
14
16
13
14
13
11
11
9
8
7
6
5
5
4
3
2
1
0
-1
-2
-2
-2
-4
-2
-4
-4
-4
-5
-4
-5
-4
-4
-3
-2
-3
0
-1
1
2
1
3
2
3
4
4
5
5
5
5
6
5
6
5
5
6
6
5
4
3
3
2
0
0
-1
-1
-3
-3
-4
-5
-5
-7
-8
-9
-10
-11
-11
-11
-12
-11
-12
-12
-13
-11
-11
-12
-11
-12
-11
-10
-10
-10
-9
-7
-8
-8
-7
-7
-6
-6
-5
-4
-4
-2
-2
-3
0
-1
0
0
1
2
3
3
3
3
4
4
5
3
6
5
4
6
6
7
7
7
7
5
5
6
5
6
5
6
7
6
7
6
5
7
6
7
7
7
8
8
8
8
9
8
7
8
7
6
7
6
7
6
5
6
6
7
7
7
7
5
6
6
6
6
6
7
5
6
6
5
6
4
4
3
4
2
3
2
2
2
0
0
-1
-2
-2
-3
-5
-5
-6
-8
-8
-9
-10
-10
-11
-11
-12
-12
-14
-15
-15
-16
-17
-17
-17
-17
-18
-18
-17
-20
-18
-18
-19
-17
-18
-16
-18
-17
-17
-16
-15
-16
-15
-16
-14
-14
-15
-13
-13
-12
-10
-9
-8
-8
-7
-6
-6
-5
-5
-4
-4
-2
-1
0
1
2
3
3
4
4
5
5
6
6
7
7
9
9
8
8
8
8
7
9
7
6
7
6
8
6
6
6
5
4
4
3
2
2
0
2
-1
0
-1
-2
-1
-4
-2
-2
-4
-3
-4
-3
-4
-4
-3
-4
-2
-2
-2
-2
-1
-1
-1
1
1
2
2
2
3
3
4
4
5
5
6
5
7
6
6
8
6
7
8
6
7
7
6
6
5
7
6
6
5
5
4
4
3
3
3
2
4
3
3
2
1
2
1
1
2
2
1
1
1
3
3
3
4
4
5
6
5
6
6
7
7
7
8
7
8
8
8
8
7
9
7
7
8
7
7
7
7
8
7
6
4
4
4
3
1
0
-1
-1
-3
-4
-5
-6
-6
-8
-6
-8
-11
-10
-12
-11
-12
-12
-13
-12
-13
-13
-13
-14
-13
-14
-13
-12
-12
-11
-13
-12
-12
-12
-12
-12
-12
-12
-11
-12
-12
-11
-11
-10
-10
-9
-9
-9
-9
-8
-9
-9
-9
-8
-8
-7
-5
-6
-4
-5
-5
-3
-4
-1
-2
-2
-1
0
1
3
3
4
4
6
6
6
7
7
7
7
8
8
7
8
8
9
9
9
8
6
7
5
5
6
5
7
5
4
5
4
4
3
3
4
3
3
3
3
3
2
2
2
2
2
3
3
3
5
3
4
4
4
4
4
6
6
7
8
8
8
9
9
8
8
6
7
6
7
5
4
4
2
2
0
1
-1
-2
-3
-5
-5
-6
-7
-8
-9
-10
-9
-10
-10
-11
-12
-11
-11
-10
-11
-10
-7
-8
-6
-6
-5
-2
-2
0
1
3
5
5
7
9
10
11
11
13
13
15
15
16
16
16
17
15
16
14
16
15
14
13
11
10
9
7
7
6
4
2
1
-1
-2
-3
-4
-4
-5
-6
-8
-8
-9
-11
-11
-12
-12
-14
-13
-14
-15
-13
-14
-13
-15
-13
-13
-14
-12
-13
-12
-12
-11
-12
-11
-10
-10
-9
-9
-8
-7
-7
-7
-6
-6
-5
-6
-4
-4
-4
-2
-3
0
-1
0
2
0
2
4
4
5
7
7
8
9
11
11
12
13
12
12
13
15
16
15
15
14
14
15
13
13
13
10
11
9
8
8
6
5
2
2
0
-1
-2
-3
-5
-6
-8
-10
-11
-13
-14
-14
-16
-15
-17
-17
-17
-20
-19
-20
-20
-20
-21
-20
-20
-21
-20
-20
-21
-20
-19
-19
-16
-17
-16
-18
-16
-15
-16
-13
-15
-14
-13
-14
-12
-11
-11
-9
-10
-8
-8
-7
-7
-7
-5
-4
-3
-2
0
2
3
5
6
6
8
9
11
12
14
15
16
17
18
18
20
21
21
23
23
24
24
23
24
24
24
23
23
24
22
21
21
22
20
19
19
16
18
15
15
14
12
13
11
11
10
8
8
7
8
7
6
7
6
4
5
4
5
5
3
3
3
2
4
3
3
3
1
2
1
2
2
1
1
2
-2
-2
-2
-4
-5
-7
-6
-7
-9
-9
-11
-10
-10
-13
-13
-13
-16
-17
-17
-17
-16
-16
-17
-19
-17
-17
-16
-18
-17
-17
-15
-12
-12
-14
-15
-17
-19
-19
-19
-17
-17
-18
-19
-20
-23
-26
-24
-19
-22
-24
-26
-22
-21
-27
-29
-27
-22
-23
-25
-23
-18
-16
-15
-20
-23
-25
-26
-27
-32
-33
-32
-32
-36
-37
-37
-35
-37
-43
-45
-45
-43
-46
-47
-48
-48
-43
-37
-33
-34
-32
-27
-24
-22
-14
-6
-3
3
19
30
34
45
62
65
68
82
92
97
102
107
110
119
125
130
147
141
153
316
581
688
561
401
367
416
442
396
343
359
345
216
101
69
8
-109
-192
-228
-237
-199
-203
-321
-433
-462
-448
-402
-331
-304
-298
-252
-238
-272
-249
-185
-186
-195
-141
-97
-76
-52
-90
-174
-191
-160
-163
-165
-155
-187
-218
-208
-222
-245
-201
-165
-190
-178
-125
-103
-88
-48
-29
0
83
150
166
197
234
242
270
314
314
301
326
324
291
275
264
226
196
175
121
82
76
42
-12
-38
-49
-71
-75
-64
-79
-86
-72
-68
-61
-33
-24
-41
-32
-10
-17
-29
-20
-7
-7
-14
-31
-35
-7
-2
-43
-74
-78
-87
-93
-62
-17
10
29
46
66
88
91
79
85
121
153
169
173
161
133
111
111
114
113
114
111
110
114
122
110
82
56
27
5
-2
10
6
-34
-91
-130
-126
-99
-105
-152
-187
-201
-215
-229
-230
-233
-244
-242
-231
-222
-218
-235
-263
-266
-250
-241
-220
-175
-152
-171
-196
-196
-163
-104
-65
-61
-44
-10
8
6
14
36
71
121
157
156
151
166
185
195
189
177
191
233
263
264
259
251
227
204
201
211
221
227
210
177
146
127
125
127
125
114
113
115
95
67
53
49
35
5
-20
-27
-20
-25
-53
-88
-105
-94
-74
-82
-112
-120
-102
-81
-64
-56
-45
-29
-17
-10
8
32
33
20
27
46
66
87
80
48
30
41
65
109
159
175
147
102
65
40
29
30
33
54
87
84
62
53
36
11
6
15
14
5
-1
8
29
4
-73
-157
-176
-121
-63
-60
-114
-200
-248
-225
-209
-251
-302
-296
-239
-192
-228
-330
-388
-350
-296
-293
-305
-290
-239
-193
-207
-245
-231
-202
-228
-269
-267
-227
-186
-201
-244
-235
-167
-112
-118
-145
-124
-85
-76
-74
-86
-94
-52
-20
-4
28
14
-23
-3
56
111
148
133
107
130
149
139
174
244
277
266
230
212
236
236
182
142
161
223
288
321
294
236
200
180
171
197
229
223
193
160
170
239
284
266
240
235
272
302
252
198
180
149
123
160
254
297
208
135
145
143
171
168
56
57
80
-90
-114
14
-1
16
46
-36
-33
28
-26
-88
-31
-29
-123
-33
80
-38
-100
-78
-81
7
-33
-178
-172
-73
5
-72
-260
-276
-146
-104
-214
-274
-149
-134
-156
-192
-393
-214
16
-243
-319
-290
-305
5
-18
-400
-310
-88
-68
-32
-147
-287
-112
72
-53
-150
-14
90
4
-47
-41
-25
136
151
-19
-39
35
95
93
-59
-115
24
132
117
-6
109
297
73
-54
65
78
127
226
141
25
206
295
153
163
82
-80
156
324
99
99
194
-91
-34
322
32
30
225
-153
153
364
-266
-340
-154
-66
141
-40
-202
-23
-60
-121
-17
33
-54
-136
-38
15
17
101
-43
-220
157
159
-261
145
166
-266
97
-66
-366
431
419
-430
-226
92
-99
142
209
-380
-267
299
-72
-190
153
-69
-91
-5
-124
279
402
-86
-46
39
92
259
-62
25
410
127
-94
126
55
106
245
-148
-151
303
152
-255
-117
78
-14
36
-179
-517
16
284
-390
-293
-197
-229
338
-136
-440
202
-191
-322
322
-104
-38
320
-397
-212
353
269
172
-163
-319
172
628
184
-375
-288
-20
124
15
98
-105
-423
-45
-137
-60
463
-168
-341
72
-391
57
671
-253
-493
-72
165
538
189
-481
-380
478
555
-171
-116
-70
191
644
-225
-375
150
-31
315
42
-275
122
-292
140
211
-720
59
565
-190
-325
-281
286
788
-260
-656
-172
318
996
-140
-903
136
152
346
374
-681
-199
627
-10
-75
193
-205
67
180
-564
203
579
-564
-57
242
-409
355
524
-483
-219
304
203
319
-127
-193
47
41
574
60
-406
333
76
-343
522
267
-600
86
7
-249
470
-237
-662
490
88
-704
218
322
-384
-140
-34
-121
126
8
-446
-118
291
-309
-108
460
-450
-349
441
-120
84
206
-567
-113
488
161
-165
8
-213
-253
599
56
-397
615
79
-431
602
101
-343
641
67
-417
298
37
-46
272
-99
-673
-227
939
-253
-720
476
-294
238
316
-902
134
624
85
-296
-431
111
402
-36
-356
104
3
235
191
-886
218
535
-392
305
-276
-631
278
-12
102
492
-764
-513
759
-61
38
-44
-739
766
266
-1113
319
463
-126
206
-868
-266
942
-232
-426
196
-26
108
542
-517
-563
1018
54
-577
579
79
-207
406
-15
155
397
-311
-412
384
619
-118
-417
-9
237
302
65
-11
94
23
-166
-112
604
185
-545
-185
152
243
-106
-340
-268
456
96
-963
187
253
-232
-156
-357
242
-302
-366
582
-21
-634
-170
504
147
-178
-304
-352
854
84
-1003
597
588
-455
449
-262
-664
1489
560
-1422
-168
886
504
-127
-662
-354
795
301
-566
210
-305
-121
708
-313
-500
151
350
3
-400
36
132
32
253
-238
-708
712
1115
-807
-463
338
-105
440
477
-1090
-271
1106
-444
-160
-55
-523
766
-65
-693
206
373
-5
-195
-85
-3
-79
90
118
-541
352
244
-777
322
298
-660
216
755
-615
-52
225
-697
786
311
-632
-78
-278
626
405
-987
304
290
-723
964
102
-1075
1005
-211
-790
1166
-313
-613
1162
-396
-1081
1058
-64
-371
616
-596
-253
248
499
479
-1072
-230
559
-353
758
45
-1642
532
870
-1013
373
381
-1220
234
461
-512
780
-177
-804
495
-294
-95
1345
-361
-1013
719
-19
138
787
-902
-339
813
-290
-92
358
-581
99
359
-349
17
-114
429
-92
-538
500
187
-328
22
164
-103
490
-31
-455
773
-425
-271
754
-689
158
566
-663
240
266
-500
111
567
-478
398
511
-1183
184
1004
-201
-550
29
-197
387
818
-987
-338
793
-187
84
118
-164
-178
324
-40
-697
842
328
-1056
478
334
-837
740
49
-889
504
-184
-195
743
-389
-397
411
-201
357
177
-748
47
217
-118
295
-64
-613
-82
678
221
-803
208
166
-515
482
130
-485
497
-311
-830
1137
91
-926
362
-446
383
653
-918
305
109
-207
370
-604
60
219
-357
327
-192
-460
324
204
-106
-3
-327
123
824
-805
-217
990
-309
-106
-253
-242
1129
158
-726
-179
155
297
445
34
-717
106
346
-168
670
-308
-890
517
201
-27
406
-781
-271
961
-397
-300
583
-279
207
146
-745
677
332
-481
56
-123
73
486
161
-680
-145
510
-399
-79
446
-562
31
304
-379
375
-30
-895
837
843
-1088
-224
870
-299
131
377
-1059
109
1220
-792
-644
944
-393
-3
666
-958
70
1206
-524
-1148
462
723
-19
-466
-125
104
-203
610
-38
-833
232
449
-403
-4
93
-317
385
-411
-263
514
-549
264
-42
-522
492
-32
-226
-94
-17
-223
449
100
-1106
337
1091
-713
-115
126
-462
997
161
-1092
161
804
-366
-422
769
-85
-279
242
-683
417
945
-626
-611
-4
416
235
-514
-503
224
689
-193
-1132
127
969
-167
-405
-259
-117
1243
-394
-1438
943
747
-178
-345
-546
492
1376
-393
-1254
166
834
591
-271
-906
-73
1164
247
-665
-216
10
691
325
-689
-366
491
609
-548
-395
600
0
93
-162
-474
492
450
-312
-133
-322
-416
1505
259
-1853
358
378
-482
988
-475
-795
1067
-305
-739
1276
-42
-877
533
-402
-280
1278
-49
-1167
-123
514
804
-266
-1024
78
882
532
-390
-1121
550
1314
-820
57
-306
-687
1819
-434
-987
762
-426
402
174
-1125
1004
177
-1157
471
136
-345
418
-80
-864
417
638
-647
232
75
-857
640
471
-667
118
-40
-411
477
239
-352
-1
-46
-274
-109
547
162
-519
-355
-213
906
735
-1076
-784
497
1049
249
-1110
-617
651
599
4
-339
-908
97
940
124
-617
-455
603
465
-457
-270
182
680
188
-942
-236
1042
471
-839
-369
578
187
75
400
-496
-877
999
577
-607
-56
-422
14
688
-379
-548
380
127
-602
34
847
-777
-621
1167
-798
-729
1512
-678
-821
1400
-660
-545
1362
-731
-267
1368
-931
-755
1677
-279
-1228
954
-110
-248
702
-878
-251
1108
-350
-227
369
-838
449
549
-518
-249
-95
493
8
-144
73
-291
168
356
-108
-404
346
473
-734
468
104
-831
876
244
-282
24
-146
-61
153
643
-912
-497
1759
-356
-1599
819
619
-634
560
-549
-1149
1492
676
-1457
62
324
-436
778
-167
-777
692
-338
-99
634
-905
140
415
-265
482
-496
-307
1118
-191
-1080
694
251
-670
817
-217
-798
620
304
-226
-52
-287
-153
569
151
-55
-653
-349
1322
-223
-828
533
-630
67
1140
-955
-725
778
292
-79
-267
-278
124
647
145
-1526
8
1635
262
-955
-1179
448
982
411
-312
-1733
255
2056
-871
-464
602
-992
641
779
-1309
483
649
-1005
453
-23
-537
1077
-115
-712
343
-164
226
460
-593
131
-192
-215
985
315
-743
-509
408
374
265
-94
-506
-281
594
724
-466
-495
428
419
-447
-646
789
197
-269
89
-1076
577
1293
-628
-612
-163
564
244
-424
36
-514
477
411
-919
85
390
-195
398
63
-942
536
1029
-893
-210
131
-577
1023
573
-1519
-97
1465
-119
-873
-161
407
465
252
-673
-1154
890
1297
-999
-948
693
389
-246
103
-538
-649
1790
367
-2396
524
920
-805
1140
-632
-1984
1734
726
-1408
538
56
-152
476
-365
65
291
-107
-7
182
-69
203
208
-636
207
394
76
390
-691
-246
618
-85
381
-122
-694
376
-158
-439
609
-151
-371
139
-1208
376
1376
-1041
-395
159
-598
716
989
-815
-191
224
-487
935
3
-498
159
-498
916
326
-1017
424
209
-208
655
-527
-510
1534
-157
-1375
734
283
2
405
-712
-48
198
124
98
-827
123
323
-589
336
152
-1155
496
315
-796
796
-194
-789
889
493
-500
6
111
259
762
-118
-760
159
1132
-10
-1063
366
986
-620
-197
554
-552
193
-302
-715
892
-221
-792
596
-375
-485
1350
-842
-1052
1154
-87
-40
7
-794
1013
851
-1703
21
1756
-674
-886
590
-503
-55
1308
-446
-1157
473
414
-50
451
-406
-190
515
-144
-327
512
98
-1065
-29
109
181
230
-618
-167
214
6
-272
322
205
-854
-619
768
1185
-854
-308
336
-845
1468
495
-1596
920
771
-924
319
245
-539
755
-56
-734
717
19
-320
346
-826
-462
774
-166
-206
-326
-680
820
929
-1088
-696
504
-4
189
395
-604
-257
1063
-107
-955
1071
63
-699
1406
-772
-810
2005
-736
-1293
1392
-537
28
854
-1762
12
1369
-609
-331
106
-720
205
1140
-43
-1462
427
1076
-631
274
44
-203
658
-642
-530
1066
-51
-608
394
-168
-361
1093
-128
-524
533
-891
-72
1777
-64
-1745
-7
1200
464
168
-388
-920
561
893
-1026
-83
610
-554
143
-562
-290
1314
-502
-558
-132
-695
1240
404
-867
137
-284
369
402
-348
-94
-161
270
-205
203
341
-509
446
-611
-559
1516
58
-410
-177
-1177
391
1674
-765
-1141
837
-414
-356
1513
-372
-974
937
-664
-406
1110
-354
14
136
-899
110
432
112
-5
-1001
222
740
-166
-430
-239
523
-47
-77
225
-349
213
185
-488
5
223
152
279
271
-515
191
784
-391
206
6
-93
904
-673
-820
882
660
-368
-776
81
-180
-104
639
-720
-961
745
253
-455
137
-92
-32
-43
-47
270
-290
591
-40
-880
1142
262
-539
278
-350
56
1143
-162
-494
381
-553
321
856
-297
-231
-230
57
570
236
-491
-279
744
-383
-975
1140
757
-1236
-257
453
-239
322
183
-952
-7
792
-610
-373
480
-138
-427
-2
-122
-286
936
396
-1198
129
1056
-511
-309
299
-711
303
252
-614
770
-71
-570
551
-54
99
509
-521
-301
652
-150
-94
168
-775
364
57
-1018
1041
336
-1053
-388
11
217
143
-117
-560
-60
282
69
99
-21
-220
-198
233
-345
-118
1022
370
-1063
-436
947
68
112
471
-967
342
725
-378
460
-524
-231
1033
-505
-259
250
173
927
-622
-1112
1073
314
-840
209
-268
73
636
-873
-336
695
-369
-49
325
-386
362
310
-752
136
837
-20
-505
-269
327
489
173
-785
-927
729
640
-402
-179
-237
46
-86
-289
479
393
-436
-386
66
86
427
-168
-705
-15
420
363
-373
-109
102
79
320
-389
124
556
-233
-253
-306
242
792
-32
-968
-385
690
537
218
-115
-552
107
699
-45
165
171
-795
370
240
-549
504
362
-640
-464
168
33
239
-46
-491
-79
195
-32
-582
44
139
-181
-49
-353
397
409
-217
-228
-409
675
773
-193
-422
193
608
269
330
-495
-390
1014
209
-893
-69
579
133
-19
-487
-607
601
404
-865
-662
319
374
-215
-387
-132
105
-147
-378
-208
285
576
-73
-384
-125
334
338
-166
-257
129
618
-48
-247
110
79
485
124
-431
-78
173
107
-83
-144
-20
40
100
-310
-530
363
446
-569
-523
-139
-49
572
68
-761
-410
-122
21
633
548
158
122
-297
-459
-238
455
549
-231
105
520
-85
-33
119
-53
-9
-446
-452
329
800
224
-484
-406
-270
-155
-11
-88
89
197
-225
-343
-62
222
87
-240
-353
80
569
303
64
200
-288
-289
40
210
514
447
120
-129
70
311
-12
-390
1
202
174
201
8
132
52
-263
-316
-271
175
169
-221
-149
-187
30
-128
-516
-222
-179
-104
336
231
-226
-250
-204
-103
439
189
-203
107
78
139
448
148
-236
-135
-109
206
467
342
306
-227
-565
-189
311
330
-138
-153
-68
13
405
76
-390
-100
-325
-411
125
189
-318
-641
-7
458
-110
100
253
-625
-347
-104
-343
508
830
93
-124
2
-194
27
545
130
-260
139
255
-16
329
465
-184
-416
-336
-174
310
379
-23
-108
-186
-182
-7
-160
-221
-49
-164
-169
-2
140
132
-314
-384
-78
-86
20
243
110
85
79
-136
-22
159
-70
-37
223
168
139
230
40
-165
-35
-10
-97
12
111
-16
-39
31
-197
-248
-96
-113
-84
-102
3
170
25
-147
-90
-65
-33
35
-91
-10
164
62
-44
-81
-89
-96
-89
-50
110
193
23
-137
-143
-3
156
2
-151
-41
58
128
-75
-128
152
96
-139
-88
-11
112
52
-211
-162
31
127
121
-40
-30
24
-48
-74
-49
76
133
0
-138
-7
171
-37
-154
9
35
6
10
17
72
79
-27
51
62
96
296
186
89
86
32
68
137
157
103
102
126
55
120
109
22
75
104
37
18
98
97
91
62
-115
-95
72
3
4
97
-38
-22
55
-77
-112
-58
-96
-46
-22
-108
-161
-73
-13
-185
-211
-210
-219
-170
-203
-244
-204
-270
-341
-436
-365
-262
-322
-265
-416
-535
-364
-421
-425
-362
-406
-407
-394
-386
-374
-436
-475
-464
-437
-370
-440
-465
-461
-435
-513
-565
-467
-465
-497
-390
-333
-331
-282
-234
-170
-99
88
297
422
470
669
881
1049
1248
1306
1471
1758
1861
1937
2038
2068
2154
2255
2218
2153
2019
1916
1872
1850
1867
1843
1590
1337
1187
1138
1030
739
646
565
368
362
298
193
112
-87
-167
-173
-80
-60
-84
-47
-104
-80
-45
-191
-242
-296
-341
-369
-468
-593
-776
-1009
-1196
-1342
-1399
-1422
-1488
-1696
-1880
-2028
-2334
-2488
-2471
-2531
-2549
-2567
-2736
-2828
-2893
-2918
-2912
-2881
-2743
-2556
-2550
-2537
-2548
-2691
-2590
-2433
-2345
-2253
-2134
-2013
-1958
-1413
-64
1273
2041
2225
2154
2234
2715
3429
3966
4546
5013
5263
5215
5189
5260
4798
4024
3375
2953
2895
2912
2751
2231
1249
185
-717
-1301
-1434
-1332
-1506
-1799
-1937
-2122
-2206
-2143
-2141
-2106
-1861
-1500
-958
-153
427
586
700
740
928
1351
1819
2282
2459
2435
2243
2128
2113
1907
1576
1186
849
664
526
241
-144
-496
-988
-1220
-880
-398
9
18
-255
-462
-396
85
428
867
1353
1385
1358
1488
1649
1639
1697
1539
1232
1244
1179
1192
1112
603
88
-491
-968
-978
-914
-1146
-1476
-1975
-2431
-2559
-2776
-2899
-2845
-2936
-3018
-2966
-2745
-2556
-2491
-2434
-2530
-2421
-2181
-1966
-1803
-1762
-1768
-2046
-2309
-2367
-2330
-2166
-2324
-2637
-2822
-3027
-3127
-3263
-3320
-3178
-3105
-3115
-2993
-2827
-2510
-1556
-79
1490
2612
3048
3045
3228
3818
4424
4994
5677
6295
6609
6656
6456
5886
5133
4143
3052
2524
2427
2263
2001
1347
312
-830
-1935
-2648
-2697
-2520
-2253
-1916
-1850
-1767
-1637
-1615
-1494
-1127
-633
-6
892
1716
2423
2792
2697
2534
2372
2427
2629
2827
2885
2673
2264
1666
1011
471
-150
-750
-1173
-1433
-1659
-1770
-1827
-2070
-2324
-2569
-2542
-2276
-1873
-1317
-747
-174
370
921
1289
1613
1968
2293
2725
3049
3114
3089
2890
2497
2168
1909
1487
1052
776
267
-184
-462
-841
-1203
-1404
-1590
-1689
-1633
-1641
-1522
-1357
-1365
-1257
-1031
-934
-706
-448
-470
-381
-298
-411
-527
-569
-670
-793
-921
-1285
-1553
-1699
-1953
-2140
-2301
-2620
-2756
-3043
-3375
-3383
-3457
-3618
-3690
-3680
-3533
-3220
-3043
-2898
-2717
-2633
-2612
-2478
-2155
-1727
-1304
-1008
-840
-469
429
1823
3292
4456
4911
4635
4354
4248
4485
4889
5233
5446
5272
4826
4414
3898
3049
2222
1314
405
99
165
266
263
-213
-1127
-1915
-2341
-2236
-1636
-1028
-478
-147
-54
216
544
686
929
1159
1253
1597
2087
2552
2710
2454
1984
1389
924
722
701
616
415
142
-444
-949
-1212
-1466
-1597
-1736
-1819
-1776
-1550
-1209
-965
-620
-443
-421
-211
35
455
1062
1427
1593
1768
1831
1834
1889
2159
2506
2645
2504
2051
1558
1105
807
567
315
140
-41
-369
-531
-496
-722
-836
-912
-1080
-860
-428
-35
340
502
440
301
157
110
285
388
248
127
-86
-287
-485
-782
-1155
-1575
-1913
-2245
-2342
-2191
-2203
-2236
-2439
-2799
-2906
-2824
-2677
-2514
-2408
-2507
-2572
-2537
-2566
-2462
-2330
-2417
-2399
-2256
-2186
-2109
-2189
-2379
-2509
-2521
-2527
-2422
-2043
-1783
-1635
-1303
-622
688
2233
3523
4071
4090
4068
3951
4074
4406
4831
5323
5422
5109
4733
4359
3619
2673
1707
723
225
-46
-76
37
-211
-735
-1460
-2086
-2331
-2121
-1534
-920
-382
125
482
659
867
1144
1244
1360
1485
1773
2250
2478
2575
2368
1779
1133
624
230
-8
-49
-162
-388
-625
-925
-1242
-1437
-1535
-1637
-1554
-1278
-1012
-614
-73
220
374
578
701
866
1199
1476
1636
1839
1831
1654
1630
1477
1244
998
697
632
652
625
501
277
-44
-281
-435
-624
-546
-462
-432
-210
-65
-56
83
110
3
118
267
427
675
761
771
676
358
70
-210
-438
-610
-714
-766
-889
-1019
-1308
-1696
-1978
-2224
-2437
-2487
-2399
-2407
-2260
-2072
-2235
-2411
-2568
-2798
-2781
-2620
-2609
-2572
-2555
-2683
-2715
-2777
-2819
-2727
-2701
-2817
-2922
-2934
-2894
-2632
-2333
-2009
-1759
-1707
-1329
-232
1552
3487
4823
5396
5311
4961
4754
4686
4957
5449
5758
5590
5199
4676
3985
3178
1889
497
-509
-1202
-1321
-1011
-702
-586
-958
-1677
-2165
-2226
-1885
-1145
-340
378
1106
1568
1855
2130
2220
2162
2023
1892
1935
2129
2224
2167
1906
1315
566
-233
-886
-1149
-1290
-1390
-1440
-1571
-1599
-1504
-1466
-1448
-1334
-1148
-985
-727
-280
289
834
1106
1242
1232
1147
1172
1112
1010
924
802
722
524
256
15
-333
-709
-1001
-1090
-991
-689
-419
-235
-47
107
229
312
494
678
891
1141
1344
1512
1586
1594
1406
1103
898
670
470
372
348
218
23
-178
-486
-719
-857
-952
-991
-1021
-1032
-1057
-1093
-1106
-1073
-1075
-1143
-1158
-1154
-1156
-1133
-1154
-1264
-1432
-1636
-1836
-1969
-2004
-2051
-2191
-2439
-2723
-2943
-3211
-3396
-3379
-3456
-3474
-3375
-3186
-2954
-2834
-2651
-2607
-2602
-2431
-2195
-1978
-1678
-926
268
2131
4221
5478
5880
5579
5100
4596
4341
4566
4902
5241
5167
4683
3930
3161
2236
957
-243
-1286
-1667
-1507
-1174
-517
-217
-329
-757
-1343
-1439
-1054
-371
309
1116
1825
2212
2527
2541
2429
2194
1711
1267
961
941
1099
1136
838
327
-323
-1144
-1744
-2028
-2112
-2014
-1986
-1903
-1703
-1428
-1144
-1089
-1013
-885
-718
-367
44
585
1161
1486
1548
1497
1348
1177
1076
887
776
749
543
298
99
-195
-431
-621
-869
-997
-964
-736
-341
141
618
961
1088
1111
1161
1230
1342
1521
1725
1870
1950
2004
1859
1640
1415
984
600
347
113
54
52
4
-67
-302
-632
-928
-1210
-1477
-1578
-1582
-1605
-1470
-1403
-1452
-1439
-1513
-1617
-1781
-1945
-2059
-2144
-2085
-2030
-2043
-2109
-2267
-2505
-2801
-3028
-3175
-3202
-3140
-3051
-2952
-2822
-2701
-2777
-2852
-2745
-2689
-2670
-2497
-2113
-1632
-992
-427
-399
-522
-739
-817
106
1970
3990
5425
6081
5895
5213
4631
4265
4140
4206
4297
4162
3819
3611
3376
2749
1763
494
-760
-1577
-1748
-1346
-587
81
245
-68
-590
-858
-791
-547
-131
318
708
1119
1556
1896
2032
1957
1499
803
328
97
94
274
402
340
-22
-540
-1015
-1429
-1625
-1623
-1604
-1574
-1409
-1093
-788
-508
-249
-131
-150
-117
7
152
541
911
1050
1133
1087
881
597
386
202
-4
-195
-340
-323
-224
-39
129
64
-85
-191
-52
499
1206
1827
2156
2092
1815
1620
1521
1447
1556
1639
1471
1258
1132
927
663
458
43
-448
-677
-785
-766
-586
-508
-604
-810
-1053
-1238
-1245
-1128
-985
-895
-944
-974
-960
-1000
-1017
-1033
-1179
-1340
-1430
-1513
-1510
-1447
-1483
-1638
-1917
-2208
-2452
-2651
-2770
-2854
-2968
-3051
-3020
-2897
-2763
-2642
-2621
-2768
-2805
-2636
-2394
-2077
-1760
-1583
-1486
-1428
-1394
-1321
-1266
-1265
-1037
-188
1358
3258
4885
5699
5604
4987
4207
3690
3700
4019
4390
4488
4336
3996
3449
2811
1847
671
-443
-1364
-1800
-1686
-1103
-438
-143
-312
-827
-1336
-1549
-1298
-708
-40
597
1078
1401
1642
1913
2082
1926
1564
1079
664
594
781
1011
1103
907
414
-220
-781
-1146
-1296
-1380
-1451
-1480
-1430
-1230
-896
-521
-336
-316
-379
-505
-453
-106
359
882
1305
1388
1254
1088
922
817
701
527
340
216
303
461
570
614
472
154
-234
-443
-145
604
1439
2138
2397
2094
1563
1139
835
680
838
926
749
690
672
546
469
268
-313
-788
-992
-1185
-968
-475
-213
-141
-351
-857
-1222
-1295
-1388
-1383
-1172
-1239
-1332
-1250
-1301
-1245
-1122
-1250
-1557
-1782
-1991
-2131
-1945
-1866
-1971
-2055
-2372
-2691
-2858
-2968
-3030
-3124
-3289
-3452
-3438
-3270
-3002
-2631
-2395
-2314
-2178
-2078
-2030
-1845
-1743
-1719
-1449
-1186
-944
-552
30
1222
2913
4405
5308
5512
5206
4741
4394
4338
4585
4910
4887
4520
4073
3612
3119
2360
1348
289
-651
-1256
-1497
-1354
-919
-567
-550
-852
-1246
-1422
-1281
-958
-468
103
546
915
1280
1619
1951
2165
2070
1797
1523
1319
1284
1322
1410
1456
1196
723
102
-438
-708
-931
-1183
-1386
-1550
-1668
-1577
-1386
-1193
-971
-942
-1046
-1109
-1027
-681
-147
355
696
940
1019
989
991
951
936
872
700
597
526
529
540
444
332
190
148
310
588
968
1224
1171
1007
819
608
618
686
696
795
757
576
466
365
209
107
-25
-253
-316
-307
-335
-277
-290
-447
-664
-936
-1202
-1335
-1366
-1383
-1365
-1376
-1451
-1496
-1481
-1444
-1394
-1381
-1516
-1631
-1681
-1736
-1714
-1704
-1743
-1832
-1991
-2150
-2281
-2332
-2354
-2411
-2444
-2490
-2520
-2415
-2229
-2081
-1848
-1636
-1625
-1642
-1596
-1566
-1458
-1180
-992
-906
-781
-797
-758
-260
717
1941
3132
3921
4132
4015
3765
3589
3625
3748
3875
3940
3909
3819
3727
3569
3175
2486
1572
665
-67
-486
-541
-347
-109
-107
-336
-728
-1199
-1417
-1430
-1374
-1177
-884
-604
-297
123
507
772
931
878
716
656
733
1028
1403
1638
1693
1516
1179
833
520
273
60
-178
-482
-763
-947
-973
-873
-815
-827
-973
-1123
-1076
-986
-799
-479
-235
-63
75
205
372
593
747
802
792
748
736
738
775
823
787
680
512
442
517
671
882
922
779
507
197
-38
-189
-193
-188
-177
-161
-229
-279
-323
-414
-485
-495
-582
-654
-667
-679
-581
-486
-428
-499
-722
-901
-967
-964
-1147
-1305
-1165
-895
-776
-983
-1037
-763
-568
-528
-736
-1276
-1354
-769
-496
-761
-1050
-934
-653
-728
-992
-1249
-1300
-1002
-769
-682
-728
-781
-476
-93
-86
-111
4
-183
-231
264
574
689
636
259
242
473
388
272
89
-311
-302
-10
150
372
331
-61
-312
-335
-227
-22
125
133
259
512
776
1014
997
841
698
612
705
845
978
1120
1164
1205
1197
1031
900
736
521
430
436
522
657
784
829
805
807
851
984
1039
935
775
620
748
977
953
827
576
296
208
10
-349
-484
-519
-556
-505
-599
-643
-525
-585
-706
-732
-788
-721
-480
-406
-382
-191
-124
-35
93
16
-8
-17
-73
-20
83
92
41
62
55
40
40
-59
-181
-276
-303
-275
-253
-252
-229
-187
-187
-220
-263
-261
-205
-85
76
155
227
256
186
202
257
252
279
317
306
352
426
376
252
142
17
-47
-14
-7
-32
-34
-109
-226
-264
-298
-360
-415
-493
-519
-436
-343
-270
-196
-169
-207
-226
-202
-151
-30
137
285
386
406
403
389
323
306
303
227
143
44
-67
-141
-227
-380
-589
-799
-921
-969
-972
-916
-845
-780
-755
-759
-744
-684
-614
-550
-477
-401
-289
-168
-81
21
105
148
153
118
132
183
191
185
161
132
174
165
93
59
10
-49
-89
-93
-31
45
92
149
242
307
363
388
360
407
477
501
514
501
476
423
350
304
299
329
327
291
278
296
342
386
351
273
260
239
201
208
184
170
206
231
271
311
307
307
354
400
426
448
458
516
603
680
748
746
703
647
547
385
244
146
57
-30
-141
-229
-335
-497
-578
-650
-797
-879
-897
-918
-906
-814
-731
-697
-577
-442
-359
-212
-117
-88
29
86
114
265
326
334
391
314
207
164
92
21
-56
-138
-229
-325
-397
-460
-489
-513
-628
-707
-705
-735
-660
-498
-385
-250
-112
-34
37
97
137
241
320
296
335
367
311
259
160
89
73
-41
-155
-194
-257
-267
-230
-278
-306
-342
-365
-250
-268
-396
-365
-308
-289
-222
-172
-152
-76
58
152
164
153
129
131
230
257
211
221
204
178
105
6
44
19
-86
-16
35
43
105
73
97
117
52
145
254
300
424
484
498
521
437
419
476
407
415
518
544
541
518
465
386
309
240
151
110
58
-19
-9
-18
-80
-106
-194
-280
-265
-252
-220
-163
-143
-108
-20
23
47
93
89
86
170
220
197
188
145
82
35
24
51
53
150
323
888
2427
3593
2697
913
-433
-1623
-1862
-590
654
1031
721
-348
-1407
-1670
-1535
-1083
-370
-180
-592
-956
-1077
-977
-624
-222
-142
-307
-331
-270
-225
-153
-102
-51
45
161
242
273
227
56
-123
-191
-137
31
212
221
85
-103
-363
-488
-343
-163
-34
-19
-290
-670
-751
-639
-510
-284
-237
-393
-459
-576
-678
-461
-155
-93
-111
-128
-231
-338
-365
-296
-261
-247
-166
-116
-172
-204
-161
-187
-170
24
38
-10
201
231
58
280
519
403
464
565
439
522
598
493
619
666
442
417
519
478
463
468
348
225
168
198
289
300
332
450
363
151
250
427
424
455
575
681
661
640
678
542
485
492
372
451
454
222
255
177
-89
-4
11
-92
-100
-266
-413
-665
-651
-45
-61
-476
-382
-542
-661
-345
-519
-702
-451
-318
-159
-233
-581
-507
-477
-613
-335
-224
-399
-231
-134
-323
-350
-287
-306
-309
-251
-204
-202
-76
102
98
42
28
-116
-189
-45
19
54
74
-97
-219
-175
-198
-253
-129
47
-15
-198
-258
-303
-384
-300
-242
-326
-202
-36
-182
-193
84
-119
-392
203
451
-91
-137
16
118
537
289
-282
41
247
-64
35
146
74
271
259
-81
-136
90
125
82
136
-39
-149
48
20
31
296
261
229
367
201
215
436
278
297
544
509
641
808
621
592
651
480
531
698
671
759
795
662
654
554
456
549
498
497
613
491
377
363
255
287
389
286
181
207
165
116
216
200
53
41
-123
-361
-288
-286
-425
-488
-683
-731
-661
-886
-945
-767
-786
-746
-655
-746
-759
-671
-642
-650
-681
-618
-544
-629
-640
-580
-642
-659
-594
-548
-574
-706
-748
-755
-863
-811
-813
-1065
-1067
-873
-780
-647
-604
-649
-588
-566
-557
-409
-197
-30
-59
-158
-129
-63
145
316
189
271
471
299
269
398
261
249
311
195
377
679
643
565
511
377
432
654
828
1115
1474
1512
1384
1420
1473
1539
1731
1837
1830
1899
1929
1801
1716
1780
1792
1687
1565
1400
1202
1077
1011
992
1018
965
786
559
399
305
211
115
18
-54
-86
-152
-269
-310
-274
-292
-332
-342
-378
-385
-333
-335
-368
-361
-428
-567
-612
-566
-511
-433
-396
-434
-440
-468
-555
-610
-710
-785
-729
-719
-752
-801
-914
-927
-983
-1135
-1097
-1171
-1317
-1159
-1178
-1334
-1229
-1339
-1442
-1281
-1440
-1543
-1427
-1582
-1511
-1295
-1376
-1247
-1095
-1153
-1057
-1112
-1166
-936
-933
-856
-586
-707
-676
-363
-466
-521
-364
-534
-622
-481
-582
-697
-622
-561
-382
-51
209
401
535
645
826
1050
1326
1651
1930
2119
2141
2087
2232
2483
2698
2900
2948
2905
2883
2724
2486
2330
2184
2014
1796
1513
1285
1137
976
820
663
444
213
2
-239
-448
-516
-561
-673
-734
-762
-820
-851
-873
-884
-823
-764
-759
-700
-579
-452
-265
-79
-5
27
76
149
282
408
467
489
488
519
549
536
633
789
772
695
678
603
591
678
601
417
333
224
50
-61
-119
-137
-148
-259
-441
-565
-621
-633
-685
-782
-780
-729
-743
-749
-721
-655
-575
-635
-749
-758
-727
-640
-533
-537
-509
-452
-576
-730
-724
-673
-661
-739
-943
-1085
-1120
-1220
-1318
-1343
-1375
-1433
-1574
-1694
-1669
-1618
-1548
-1502
-1569
-1481
-1313
-1377
-1355
-1202
-1198
-1118
-1021
-1137
-1150
-1080
-1206
-1312
-1313
-1267
-925
-423
-147
40
339
600
810
1091
1323
1529
1868
2090
2099
2297
2717
3089
3404
3614
3672
3723
3730
3587
3447
3410
3269
2950
2613
2288
2049
1932
1681
1314
1041
676
186
-199
-541
-833
-956
-1108
-1343
-1439
-1408
-1376
-1307
-1265
-1273
-1243
-1246
-1259
-1180
-1033
-827
-651
-577
-472
-314
-193
-108
-60
18
135
198
224
273
373
480
531
576
632
675
748
807
846
921
950
914
867
795
767
784
769
756
714
610
542
499
426
370
344
294
210
138
73
-33
-107
-136
-205
-220
-136
-87
-83
-60
-73
-113
-77
-45
-94
-115
-143
-257
-355
-442
-561
-585
-600
-719
-817
-921
-1097
-1192
-1233
-1334
-1399
-1417
-1467
-1524
-1569
-1648
-1707
-1704
-1686
-1671
-1686
-1743
-1785
-1788
-1772
-1710
-1617
-1558
-1520
-1543
-1602
-1544
-1438
-1401
-1397
-1461
-1529
-1508
-1527
-1618
-1620
-1456
-1051
-481
-60
187
444
807
1302
1766
2027
2215
2425
2560
2667
2898
3294
3792
4192
4296
4152
4008
3976
3901
3669
3356
3063
2755
2380
2029
1799
1666
1495
1146
650
168
-205
-529
-869
-1163
-1335
-1430
-1533
-1619
-1607
-1506
-1410
-1369
-1369
-1325
-1185
-1060
-971
-827
-660
-499
-346
-224
-36
205
349
420
470
507
589
670
670
662
665
645
642
685
780
859
851
740
560
409
333
263
194
166
138
97
80
105
208
360
437
413
345
279
302
410
499
563
623
617
565
546
572
623
625
544
397
197
58
29
11
-30
-79
-209
-418
-560
-655
-765
-795
-836
-1013
-1159
-1285
-1412
-1346
-1301
-1381
-1306
-1241
-1317
-1334
-1371
-1450
-1448
-1498
-1609
-1628
-1607
-1623
-1642
-1654
-1717
-1825
-1931
-2026
-2113
-2174
-2196
-2197
-2160
-2056
-1949
-1909
-1893
-1882
-1876
-1841
-1786
-1725
-1570
-1202
-612
44
562
906
1256
1792
2422
2873
3053
3132
3319
3544
3609
3670
3935
4282
4478
4386
4121
3996
4056
3967
3560
3051
2634
2274
1889
1523
1296
1205
1020
584
59
-342
-593
-814
-1108
-1412
-1597
-1723
-1878
-1961
-1858
-1623
-1400
-1308
-1320
-1293
-1173
-1023
-883
-726
-521
-330
-210
-89
105
319
485
564
588
651
721
724
725
741
712
654
581
501
487
506
450
340
259
188
96
-34
-166
-224
-209
-189
-145
4
229
399
461
468
474
505
558
612
647
709
799
816
813
910
1002
986
922
771
551
462
435
329
288
301
174
11
-80
-215
-340
-384
-543
-776
-868
-962
-1108
-1157
-1218
-1326
-1330
-1337
-1424
-1401
-1358
-1468
-1578
-1656
-1794
-1841
-1794
-1842
-1874
-1834
-1863
-1868
-1811
-1829
-1895
-1948
-2042
-2114
-2042
-1901
-1813
-1749
-1684
-1648
-1544
-1391
-1361
-1378
-1337
-1364
-1446
-1293
-761
-39
615
991
1112
1397
2034
2510
2610
2703
2841
2948
3057
3106
3307
3837
4268
4252
3966
3747
3768
3794
3531
3102
2734
2365
1896
1461
1220
1146
1078
750
147
-358
-630
-851
-1127
-1452
-1706
-1864
-2050
-2170
-2064
-1822
-1549
-1367
-1331
-1225
-980
-757
-566
-361
-147
83
267
396
594
854
1034
1095
1090
1057
1068
1074
974
865
786
622
421
272
175
140
151
108
-6
-74
-103
-189
-260
-277
-292
-235
-96
40
210
425
591
707
777
803
845
892
904
914
907
874
884
905
846
769
734
645
498
364
219
124
91
8
-102
-187
-283
-387
-494
-640
-802
-923
-1056
-1202
-1285
-1343
-1404
-1430
-1461
-1501
-1474
-1452
-1495
-1554
-1617
-1674
-1686
-1692
-1752
-1792
-1759
-1734
-1761
-1796
-1844
-1854
-1807
-1817
-1871
-1872
-1851
-1828
-1788
-1764
-1695
-1515
-1386
-1415
-1407
-1291
-1235
-1229
-1196
-1072
-590
210
867
1228
1603
2125
2644
3079
3281
3197
3216
3430
3400
3275
3452
3697
3819
3830
3545
3195
3158
3105
2741
2305
1860
1374
982
617
265
131
86
-158
-473
-716
-920
-1036
-1136
-1360
-1586
-1670
-1708
-1714
-1541
-1251
-987
-744
-552
-396
-173
93
278
387
527
682
791
885
991
1105
1210
1254
1198
1109
1067
992
844
708
554
366
227
94
-40
-71
-44
-70
-89
-86
-128
-147
-104
-102
-82
40
145
250
455
675
850
1013
1107
1115
1121
1119
1076
991
889
820
756
701
667
586
454
299
84
-120
-256
-383
-543
-696
-824
-942
-1013
-1026
-1046
-1092
-1141
-1213
-1278
-1299
-1308
-1337
-1336
-1318
-1341
-1343
-1310
-1276
-1229
-1196
-1225
-1278
-1306
-1351
-1427
-1481
-1498
-1491
-1483
-1546
-1645
-1665
-1646
-1654
-1653
-1665
-1715
-1742
-1709
-1625
-1499
-1393
-1370
-1407
-1426
-1406
-1410
-1426
-1389
-1305
-1047
-424
380
1019
1511
1995
2473
2963
3298
3253
3131
3259
3404
3386
3395
3536
3719
3790
3589
3160
2872
2844
2685
2247
1735
1268
874
519
151
-106
-134
-147
-353
-631
-830
-913
-928
-1038
-1258
-1370
-1312
-1238
-1142
-904
-645
-442
-209
-18
165
460
721
821
876
953
978
972
1024
1104
1171
1214
1201
1125
1032
963
851
660
509
375
192
46
-64
-170
-208
-188
-204
-209
-171
-181
-192
-143
-95
-26
92
207
318
490
671
758
804
869
903
890
852
757
617
523
457
345
256
208
97
-65
-190
-317
-449
-495
-546
-719
-846
-874
-958
-1009
-975
-1050
-1137
-1090
-1116
-1194
-1150
-1156
-1255
-1263
-1266
-1348
-1332
-1256
-1265
-1239
-1197
-1290
-1363
-1313
-1288
-1348
-1437
-1584
-1713
-1673
-1603
-1641
-1659
-1633
-1606
-1553
-1559
-1623
-1585
-1462
-1466
-1591
-1678
-1660
-1532
-1423
-1473
-1586
-1503
-1093
-479
165
804
1370
1862
2407
2978
3423
3735
3873
3718
3593
3698
3773
3918
4110
3959
3615
3312
2939
2631
2530
2276
1737
1214
655
137
-86
-275
-520
-656
-798
-984
-1048
-966
-928
-952
-1000
-1149
-1203
-1026
-776
-498
-228
-40
80
240
482
731
979
1116
1086
1025
984
983
988
986
983
870
751
692
626
608
546
390
228
85
-10
-103
-201
-260
-315
-315
-250
-180
-97
11
119
188
238
280
354
525
687
757
775
758
783
854
855
761
652
575
479
362
270
182
112
27
-145
-318
-394
-414
-487
-594
-664
-705
-741
-769
-772
-761
-763
-792
-885
-976
-972
-929
-933
-992
-1053
-1095
-1109
-1112
-1132
-1117
-1095
-1148
-1218
-1260
-1251
-1207
-1231
-1325
-1416
-1468
-1540
-1636
-1645
-1616
-1609
-1632
-1716
-1722
-1598
-1487
-1495
-1598
-1640
-1597
-1546
-1546
-1561
-1462
-1360
-1330
-1316
-1297
-976
-322
222
554
933
1477
2082
2669
3091
3248
3477
3760
3762
3677
3719
3851
3899
3729
3464
3188
3025
2890
2504
2008
1581
1202
792
370
88
-167
-421
-643
-940
-1087
-1037
-988
-962
-1001
-1044
-1032
-948
-806
-644
-366
-119
35
268
477
690
966
1158
1253
1308
1385
1400
1345
1332
1211
1027
900
751
654
602
509
368
208
107
3
-81
-90
-121
-177
-244
-258
-168
-49
70
93
51
105
210
322
447
588
707
733
709
686
714
803
773
580
400
313
291
253
164
35
-108
-251
-432
-583
-630
-639
-679
-802
-944
-986
-959
-909
-864
-846
-850
-863
-896
-933
-893
-840
-872
-926
-987
-1050
-1018
-955
-966
-1010
-1072
-1163
-1199
-1151
-1163
-1255
-1344
-1484
-1631
-1710
-1797
-1872
-1860
-1817
-1859
-1958
-1962
-1822
-1578
-1410
-1452
-1503
-1418
-1294
-1229
-1211
-1204
-1165
-1036
-980
-1083
-1018
-696
-315
108
581
1047
1518
2105
2655
3010
3358
3661
3747
3802
3895
3860
3783
3808
3727
3466
3296
3136
2882
2688
2356
1752
1203
823
420
45
-196
-485
-760
-880
-1076
-1261
-1206
-1108
-1101
-1116
-1132
-1104
-935
-657
-461
-266
29
273
501
775
1006
1214
1409
1488
1465
1466
1488
1412
1262
1089
881
710
582
444
310
189
84
-79
-286
-414
-498
-575
-622
-639
-609
-529
-387
-234
-103
100
312
484
704
933
1098
1166
1197
1233
1223
1225
1174
1044
1006
1010
948
828
701
581
360
119
-80
-325
-475
-563
-755
-937
-982
-996
-1052
-1031
-1044
-1168
-1167
-1169
-1314
-1340
-1287
-1314
-1319
-1253
-1233
-1223
-1081
-1003
-1042
-988
-981
-1056
-1057
-1088
-1164
-1200
-1236
-1286
-1289
-1321
-1493
-1691
-1881
-2066
-2124
-2139
-2155
-2010
-1796
-1713
-1749
-1773
-1697
-1561
-1413
-1364
-1397
-1288
-1067
-944
-952
-973
-893
-688
-342
130
707
1415
2109
2619
3029
3451
3852
4092
4111
3988
3842
3774
3670
3425
3173
2929
2626
2325
2026
1718
1463
1193
723
179
-192
-477
-683
-754
-875
-977
-891
-755
-613
-381
-161
-59
25
122
187
362
628
802
928
1063
1168
1293
1446
1519
1469
1370
1209
969
780
611
368
137
-72
-285
-426
-442
-417
-442
-463
-499
-540
-473
-337
-203
-39
203
475
728
1040
1382
1630
1758
1799
1819
1816
1733
1530
1237
1012
881
675
366
110
6
-66
-195
-314
-428
-490
-519
-674
-857
-884
-776
-661
-605
-536
-450
-339
-248
-293
-381
-473
-600
-771
-972
-1104
-1205
-1296
-1380
-1506
-1561
-1598
-1688
-1783
-1889
-1948
-1988
-1996
-1971
-1967
-1938
-1914
-1881
-1825
-1822
-1850
-1883
-1867
-1800
-1758
-1726
-1622
-1392
-1121
-928
-875
-918
-997
-1090
-1114
-1140
-1228
-1314
-1348
-1338
-1336
-1272
-1239
-1252
-1163
-1126
-1056
-718
-11
932
1756
2574
3359
4103
4928
5416
5473
5288
5084
4844
4371
3945
3511
3108
2813
2298
1780
1339
1018
727
160
-411
-934
-1271
-1402
-1548
-1464
-1312
-1055
-654
-338
97
517
888
1118
1116
1189
1197
1264
1407
1414
1444
1411
1419
1404
1276
1186
923
594
234
-186
-488
-729
-844
-942
-1040
-985
-861
-639
-390
-168
40
208
366
495
650
861
1122
1393
1631
1825
1928
1937
1816
1605
1405
1211
1003
695
372
139
-68
-174
-317
-453
-466
-453
-366
-357
-281
-124
-75
3
4
62
206
339
438
311
225
147
-52
-228
-521
-815
-1055
-1307
-1518
-1760
-1866
-1933
-2068
-2137
-2300
-2388
-2381
-2346
-2181
-2055
-1867
-1708
-1534
-1272
-1186
-1152
-1236
-1418
-1557
-1691
-1767
-1910
-2024
-2034
-2008
-1833
-1673
-1516
-1193
-896
-785
-1013
-1398
-1559
-1564
-1515
-1619
-1712
-1558
-1347
-1132
-1104
-1053
-872
-859
-965
-982
-395
783
2007
2995
3732
4577
5523
6156
6324
6094
5730
5223
4381
3424
2619
2154
1791
1228
664
228
121
133
-89
-468
-923
-1167
-1257
-1262
-1063
-739
-207
351
775
1168
1591
2054
2253
2082
1753
1416
1236
1083
836
644
518
444
360
262
230
173
36
-214
-512
-682
-748
-712
-565
-456
-275
13
339
690
929
1109
1189
1213
1210
1062
973
952
987
1114
1195
1286
1309
1244
1236
1169
1065
807
435
168
-94
-158
-235
-303
-182
-89
115
232
402
540
488
476
272
155
93
21
-5
-170
-301
-500
-658
-796
-1059
-1295
-1537
-1781
-1977
-2167
-2277
-2235
-2190
-2137
-2103
-1975
-1805
-1689
-1529
-1540
-1544
-1514
-1533
-1512
-1522
-1543
-1600
-1680
-1783
-1833
-1920
-1984
-2119
-2223
-2088
-2015
-1794
-1734
-1569
-1326
-1477
-1458
-1526
-1304
-1134
-1283
-1181
-1246
-942
-684
-818
-743
-671
-398
-359
-573
-511
-585
-199
538
1152
2195
3166
4249
5095
5490
5995
5846
5686
5213
4255
3600
2708
2192
1625
1015
831
478
439
308
115
87
-231
-344
-518
-752
-597
-411
-23
369
704
1209
1493
1867
2029
1844
1747
1400
1063
681
318
200
18
-7
-7
-35
91
128
156
83
-109
-165
-274
-339
-318
-327
-171
19
305
601
823
1125
1236
1259
1225
1056
949
845
851
922
868
817
714
753
932
1017
1029
782
569
399
172
89
-65
-79
-1
62
145
201
441
541
499
433
189
48
8
-79
-254
-474
-607
-778
-935
-1034
-1206
-1335
-1508
-1731
-1903
-2081
-2105
-2025
-1966
-1935
-1901
-1770
-1630
-1465
-1296
-1264
-1332
-1479
-1626
-1781
-1965
-1990
-1910
-1970
-2061
-1971
-1803
-1706
-1703
-1830
-2060
-2141
-1970
-1773
-1664
-1615
-1408
-1203
-1226
-1140
-1033
-1005
-943
-843
-818
-856
-587
-392
-498
-554
-629
-660
-623
-587
-319
242
1077
2094
3103
4162
4990
5730
6211
6011
5742
5207
4507
3678
2656
1915
1140
752
483
167
174
46
114
68
-120
-180
-337
-260
-273
-223
83
350
827
1278
1645
1936
2002
2054
1851
1451
1083
617
239
-128
-382
-429
-481
-324
-166
-104
16
71
135
77
1
-39
-161
-120
-39
65
321
591
907
1198
1408
1514
1463
1378
1183
959
839
678
545
428
373
539
786
964
1023
1067
1065
891
711
420
29
-181
-303
-446
-496
-253
35
193
404
499
442
361
272
0
-380
-612
-863
-1091
-1279
-1398
-1442
-1546
-1661
-1811
-1918
-2057
-2176
-2233
-2369
-2406
-2313
-2201
-2119
-1937
-1688
-1563
-1457
-1374
-1391
-1561
-1792
-1962
-2123
-2298
-2457
-2447
-2287
-2009
-1550
-1261
-1334
-1436
-1306
-1147
-1195
-1304
-1526
-1712
-1547
-1373
-1340
-1138
-752
-434
-242
-254
-466
-494
-506
-939
-1363
-1133
-515
441
1845
2967
3952
5200
6273
6704
6626
6416
5682
4733
3755
2566
1779
1217
883
616
266
237
319
493
301
-35
-168
-526
-626
-615
-586
-235
302
904
1284
1733
2194
2342
2340
1970
1389
891
429
58
-369
-709
-816
-790
-589
-431
-238
-16
63
156
61
-61
-18
36
75
22
144
385
611
941
1139
1288
1432
1488
1425
1153
910
748
618
494
336
300
310
281
386
554
655
761
843
788
580
551
633
465
340
289
201
81
54
152
31
-34
-34
-172
-352
-485
-441
-548
-712
-776
-866
-936
-1070
-1150
-1330
-1605
-1772
-1916
-2060
-2179
-2135
-2064
-2107
-2053
-1882
-1739
-1623
-1516
-1480
-1495
-1474
-1506
-1717
-1983
-2180
-2278
-2290
-2314
-2324
-2104
-1729
-1496
-1442
-1419
-1346
-1338
-1380
-1469
-1656
-1662
-1514
-1380
-1346
-1321
-1081
-977
-1057
-1156
-1219
-1189
-1293
-1258
-911
-212
1009
2313
3523
4558
5489
6454
6883
6811
6386
5669
4829
3720
2761
1862
1090
760
385
55
-160
-92
94
-48
-159
-406
-594
-533
-469
-259
-43
398
983
1430
1838
2086
2269
2246
1925
1495
907
375
-41
-503
-898
-1104
-1078
-944
-795
-582
-401
-209
32
128
157
199
244
302
326
423
552
721
921
961
953
943
925
846
652
481
329
270
308
374
441
517
683
853
1011
1151
1231
1235
1161
1015
780
601
433
281
202
95
48
102
238
256
247
305
179
79
14
-89
-206
-300
-375
-626
-767
-856
-1017
-1159
-1396
-1559
-1703
-1809
-1894
-1962
-1950
-2025
-1987
-1892
-1846
-1723
-1549
-1367
-1310
-1304
-1342
-1454
-1551
-1766
-2023
-2271
-2489
-2614
-2752
-2754
-2646
-2368
-2069
-2017
-1826
-1542
-1180
-1073
-1242
-1226
-1360
-1326
-1389
-1542
-1632
-1740
-1347
-1328
-1356
-1183
-1038
-840
-1014
-517
322
1466
2893
3865
4857
5430
6280
6977
6780
6288
5415
4660
3469
2392
1730
840
408
95
-204
-575
-593
-119
-92
-173
-302
-339
-223
-114
156
302
570
1051
1548
1858
1965
2178
2223
1931
1465
920
356
-114
-493
-931
-1242
-1243
-1021
-814
-652
-461
-269
-43
70
84
72
91
183
167
188
344
581
842
962
1032
1026
1030
1076
904
679
439
294
254
227
408
564
740
830
789
796
708
803
829
691
570
532
707
750
839
872
743
635
467
305
4
-165
-225
-412
-565
-614
-489
-421
-339
-294
-460
-605
-686
-800
-1098
-1371
-1512
-1680
-1790
-1836
-1791
-1746
-1685
-1562
-1543
-1585
-1599
-1560
-1671
-1874
-1925
-1964
-1976
-1916
-1855
-1906
-1980
-1891
-1894
-1956
-1943
-1949
-2013
-2154
-2057
-1810
-1553
-1297
-1266
-1282
-1231
-1091
-1074
-1276
-1414
-1560
-1586
-1478
-1463
-1422
-1261
-1031
-918
-863
-445
461
1633
2754
3686
4575
5356
6096
6655
6494
5927
5309
4498
3387
2272
1523
810
295
-11
-403
-574
-479
-161
-47
-201
-266
-267
-149
-137
-38
219
464
915
1322
1558
1711
1904
1996
1708
1297
832
368
-36
-428
-749
-953
-952
-788
-608
-462
-289
-49
159
231
240
218
193
230
239
286
402
603
825
934
1046
1133
1291
1366
1245
1064
778
639
546
413
271
145
204
242
412
597
619
733
759
669
485
391
416
321
285
189
90
171
258
327
232
98
15
-134
-282
-496
-619
-706
-851
-933
-1065
-1172
-1178
-1132
-1184
-1362
-1482
-1563
-1662
-1773
-1877
-1978
-1999
-1940
-1863
-1781
-1684
-1505
-1420
-1439
-1488
-1500
-1463
-1580
-1744
-1910
-1988
-2032
-2096
-2048
-2020
-1935
-1798
-1619
-1594
-1706
-1659
-1576
-1381
-1189
-1023
-1034
-1079
-820
-661
-666
-938
-1113
-1115
-1219
-1175
-1199
-1166
-1143
-780
85
1032
2363
3670
4718
5406
5945
6442
6349
5986
5324
4416
3343
2259
1536
828
341
71
-148
-355
-478
-251
-174
-202
-196
-293
-351
-328
-44
242
547
1022
1409
1712
1861
1991
2031
1789
1455
982
452
-15
-354
-569
-745
-713
-568
-439
-280
-112
73
237
323
292
205
108
45
53
85
153
259
428
542
615
739
815
899
869
732
621
546
583
596
620
612
566
695
834
968
1057
1058
989
740
545
350
100
-87
-251
-392
-585
-584
-425
-315
-178
-70
-42
-94
-76
-108
-281
-445
-630
-823
-1038
-1190
-1294
-1388
-1473
-1648
-1789
-1921
-1979
-1914
-1866
-1809
-1703
-1508
-1361
-1264
-1216
-1279
-1303
-1335
-1424
-1555
-1643
-1707
-1746
-1733
-1868
-1979
-1963
-1896
-1858
-1798
-1601
-1500
-1376
-1337
-1427
-1451
-1396
-1263
-1417
-1643
-1696
-1535
-1197
-972
-739
-669
-680
-663
-721
-834
-1006
-896
-652
-196
805
2140
3506
4631
5603
6240
6487
6511
6116
5370
4353
3236
2146
1108
386
17
-103
-178
-202
-74
14
168
300
192
-33
-207
-301
-371
-196
164
591
1094
1465
1705
1842
1911
1804
1486
999
378
-125
-530
-802
-871
-808
-649
-427
-143
82
308
518
586
520
328
110
-50
-110
-137
-64
119
275
515
809
1057
1200
1310
1305
1036
815
670
506
363
278
275
165
140
251
313
399
478
550
413
257
286
238
197
184
167
64
-3
82
85
85
66
-21
-164
-362
-474
-556
-635
-757
-889
-1024
-1214
-1284
-1303
-1394
-1486
-1533
-1596
-1713
-1739
-1714
-1713
-1648
-1594
-1559
-1535
-1490
-1399
-1360
-1336
-1353
-1385
-1488
-1649
-1647
-1625
-1724
-1901
-2087
-2269
-2422
-2389
-2298
-2291
-2159
-1897
-1703
-1595
-1446
-1242
-1190
-1101
-928
-943
-1025
-1046
-898
-903
-992
-926
-968
-964
-877
-449
209
1078
2362
3492
4416
5090
5689
6044
5904
5653
5045
4224
3240
2297
1590
896
581
412
248
78
11
201
167
167
194
79
-36
-125
18
133
434
895
1194
1454
1569
1746
1730
1518
1299
850
377
-124
-421
-644
-783
-595
-499
-352
-141
100
276
345
469
354
222
132
-3
-86
-138
-15
86
181
332
460
600
688
792
776
697
709
684
598
487
462
455
441
400
264
133
38
98
195
221
239
289
329
284
388
468
441
477
458
304
100
94
51
-75
-117
-248
-382
-508
-585
-686
-850
-948
-1079
-1172
-1354
-1498
-1497
-1571
-1591
-1619
-1651
-1720
-1696
-1515
-1423
-1261
-1145
-1082
-1113
-1292
-1375
-1441
-1512
-1672
-1816
-1974
-2225
-2243
-2198
-2270
-2309
-2219
-2117
-2106
-1986
-1788
-1651
-1457
-1285
-1269
-1304
-1268
-1142
-1236
-1377
-1357
-1312
-1229
-1269
-1280
-1347
-1318
-1180
-1172
-763
103
1426
2737
3813
4842
5594
6341
6641
6475
5946
5123
4346
3197
2153
1294
726
490
161
13
-233
-203
-20
-31
-46
-313
-381
-449
-466
-292
-60
520
1016
1487
1774
1896
2132
2130
1966
1477
896
362
-154
-481
-786
-826
-710
-527
-310
-155
58
208
344
292
108
-60
-215
-253
-295
-228
-91
126
380
527
672
713
765
766
624
443
229
167
145
202
338
432
607
741
899
996
1027
1021
840
614
269
11
-79
-102
2
120
279
375
510
628
578
542
389
133
-178
-452
-673
-841
-858
-934
-997
-1052
-1146
-1188
-1251
-1324
-1459
-1563
-1697
-1838
-1838
-1826
-1696
-1523
-1385
-1267
-1181
-1043
-968
-921
-1005
-1186
-1381
-1666
-1870
-2057
-2253
-2474
-2644
-2775
-2924
-2856
-2651
-2382
-2167
-1846
-1476
-1433
-1483
-1545
-1551
-1598
-1451
-1217
-1261
-972
-596
-435
-522
-692
-787
-1147
-1386
-1546
-1180
-126
1101
2630
3859
4852
5819
6639
6923
6434
6010
5197
3967
2848
1817
1098
609
640
589
277
277
409
532
262
18
-206
-660
-827
-851
-735
-434
316
1172
1559
1927
2239
2402
2287
1959
1505
744
150
-257
-623
-864
-781
-384
-177
-14
134
144
151
112
-21
-354
-626
-718
-782
-746
-554
-162
267
585
816
872
850
853
774
608
381
198
117
131
362
736
1111
1296
1284
1108
677
439
329
50
-142
-216
-352
-453
-84
276
471
961
1186
1012
804
638
294
-13
-85
-399
-661
-795
-903
-837
-814
-777
-778
-900
-1196
-1425
-1502
-1709
-1673
-1524
-1579
-1568
-1482
-1414
-1365
-1239
-1148
-1200
-1268
-1432
-1586
-1724
-1878
-1850
-1851
-1880
-1857
-1956
-2095
-2198
-2199
-2258
-2280
-2218
-2257
-2124
-1977
-1826
-1607
-1481
-1384
-1319
-1164
-1157
-1174
-1049
-1017
-863
-683
-629
-687
-631
-515
-656
-763
-732
-381
465
1508
2548
3576
4478
5110
5575
5638
5318
5027
4570
3689
2780
2097
1454
1147
1075
864
695
612
530
315
54
-154
-258
-327
-458
-410
-316
-92
426
839
1062
1290
1459
1364
1183
983
682
477
320
130
-44
-138
-39
166
280
322
369
270
37
-139
-353
-576
-612
-596
-627
-581
-397
-117
157
374
534
646
673
650
641
554
555
727
783
759
760
762
706
646
530
266
144
119
82
72
98
271
425
572
669
651
617
587
565
309
82
-4
-180
-262
-295
-314
-341
-306
-283
-451
-581
-730
-836
-964
-1196
-1300
-1429
-1527
-1529
-1515
-1527
-1539
-1435
-1481
-1576
-1594
-1630
-1601
-1622
-1594
-1516
-1467
-1413
-1414
-1460
-1597
-1641
-1650
-1828
-2012
-2180
-2314
-2449
-2539
-2389
-2114
-1790
-1421
-1151
-1126
-1198
-1062
-1003
-1087
-988
-879
-886
-887
-749
-673
-695
-539
-399
-384
-482
-571
-615
-582
-48
879
1843
2710
3625
4424
4780
5043
5146
4882
4474
4061
3379
2454
1886
1555
1312
1233
1213
1182
998
797
541
195
-130
-272
-318
-623
-743
-562
-409
-113
344
693
850
1042
1058
811
647
559
575
591
566
637
696
710
792
881
768
647
522
115
-311
-579
-825
-961
-911
-821
-719
-505
-279
-66
163
345
515
575
522
480
424
379
452
596
688
770
840
780
701
699
707
675
572
487
330
89
-4
-24
-77
-28
102
-3
-199
-210
-357
-502
-436
-438
-485
-423
-405
-499
-459
-425
-467
-446
-580
-798
-933
-1122
-1350
-1440
-1536
-1668
-1620
-1635
-1723
-1698
-1670
-1657
-1554
-1458
-1467
-1386
-1373
-1418
-1358
-1361
-1355
-1302
-1307
-1447
-1562
-1674
-1862
-1874
-1869
-1857
-1767
-1688
-1613
-1568
-1404
-1239
-1056
-829
-694
-578
-507
-412
-433
-403
-221
-218
-224
-199
-282
-427
-425
-439
-567
-313
170
690
1367
2115
2826
3393
3820
3988
3951
3786
3592
3411
2991
2633
2480
2253
2022
1956
1888
1682
1597
1438
1024
646
316
-10
-334
-587
-702
-736
-709
-600
-426
-332
-165
118
212
210
287
321
324
463
646
795
993
1143
1186
1158
1041
894
702
411
109
-130
-397
-621
-691
-745
-733
-570
-393
-269
-137
-19
35
119
211
236
271
349
421
469
578
689
764
885
976
940
856
750
504
238
30
-211
-383
-469
-558
-611
-607
-658
-692
-670
-744
-796
-799
-892
-972
-956
-980
-1007
-897
-822
-788
-686
-670
-710
-742
-830
-947
-1032
-1123
-1227
-1247
-1285
-1307
-1207
-1147
-1095
-999
-952
-960
-947
-984
-1119
-1185
-1222
-1248
-1173
-1078
-974
-826
-703
-664
-624
-592
-598
-562
-555
-574
-524
-415
-275
-76
161
355
536
654
666
632
576
501
434
403
376
374
416
469
491
504
541
523
473
431
362
280
240
233
224
309
472
622
781
910
1006
1090
1139
1145
1140
1150
1135
1150
1180
1167
1191
1225
1204
1160
1104
1012
872
737
579
413
307
216
169
162
173
218
265
322
358
395
402
354
307
210
109
27
-40
-99
-145
-144
-170
-162
-121
-98
-54
-4
49
60
78
73
15
-31
-106
-201
-301
-387
-466
-538
-558
-561
-538
-487
-436
-379
-316
-254
-218
-210
-196
-184
-178
-166
-152
-123
-98
-76
-67
-92
-128
-169
-209
-246
-271
-281
-295
-287
-251
-226
-216
-201
-183
-164
-148
-144
-167
-175
-152
-139
-94
-37
11
61
74
87
88
87
54
-15
-76
-168
-209
-247
-291
-292
-301
-298
-316
-326
-336
-354
-360
-388
-368
-333
-279
-183
-112
-28
58
131
182
228
255
257
283
261
230
215
187
165
162
145
66
15
-36
-104
-151
-202
-211
-213
-210
-190
-173
-153
-113
-42
-35
-49
-27
-38
-40
-17
17
55
103
163
209
248
256
260
277
234
197
173
125
107
122
147
155
188
233
259
291
298
310
302
275
251
205
172
144
128
111
112
133
124
134
144
146
161
175
181
168
193
202
194
194
189
170
124
73
-7
-106
-212
-315
-398
-450
-458
-438
-389
-310
-214
-115
-30
38
66
84
88
63
42
32
40
54
83
110
122
114
90
71
21
-50
-91
-113
-143
-140
-123
-130
-123
-98
-91
-94
-80
-77
-85
-102
-119
-98
-56
-6
41
84
119
152
188
174
137
86
34
-16
-77
-114
-150
-150
-141
-152
-156
-168
-159
-149
-133
-127
-127
-93
-86
-65
-35
6
57
99
132
124
138
138
118
95
66
55
34
36
17
-10
-6
-1
0
-26
-40
-54
-61
-48
-62
-67
-74
-101
-138
-179
-219
-245
-230
-232
-219
-168
-122
-83
-47
-7
13
35
36
19
22
31
72
107
136
175
220
264
288
313
299
269
243
193
138
72
17
-26
-46
-53
-70
-71
-59
-27
0
16
53
93
131
170
199
209
235
272
278
278
277
260
210
149
78
-10
-84
-149
-197
-239
-274
-282
-276
-269
-256
-218
-190
-167
-122
-95
-90
-88
-48
-21
-12
21
33
43
54
89
97
82
80
31
-15
-64
-105
-123
-127
-107
-97
-67
-63
-64
-25
-2
18
29
46
63
94
143
166
192
213
227
222
175
131
88
52
24
1
-20
-43
-35
-37
-52
-46
-42
-45
-45
-41
-53
-53
-42
-46
-36
-6
28
50
61
66
57
53
39
24
11
-4
5
6
-2
4
19
21
13
18
-5
-33
-46
-81
-117
-130
-146
-178
-201
-229
-252
-258
-263
-260
-234
-209
-189
-145
-108
-88
-49
-26
-31
-38
-41
-70
-87
-63
-30
3
36
94
154
216
272
296
295
279
261
213
153
108
73
44
8
-14
-25
-20
-7
18
54
78
118
143
143
140
148
159
144
150
155
147
155
152
134
100
75
39
-11
-53
-107
-130
-142
-168
-177
-175
-173
-177
-156
-153
-171
-153
-145
-159
-148
-108
-61
-11
53
105
128
159
172
170
148
110
66
-6
-62
-103
-125
-123
-119
-97
-86
-66
-50
-42
-27
-27
3
25
40
70
93
124
141
170
182
181
194
183
168
142
127
124
106
96
70
33
-7
-34
-47
-82
-96
-102
-116
-124
-135
-140
-151
-142
-124
-117
-122
-133
-128
-139
-136
-100
-78
-58
-25
3
2
0
6
-20
-46
-56
-80
-110
-131
-120
-96
-82
-53
-26
-20
-23
-8
-9
-31
-14
9
11
24
42
51
59
68
63
33
2
-25
-31
-35
-26
14
48
83
126
166
194
212
227
213
189
160
114
75
32
8
4
2
11
35
70
92
119
135
126
117
108
82
51
38
34
30
36
38
28
19
-3
-45
-100
-153
-196
-227
-236
-221
-194
-152
-113
-92
-80
-75
-71
-86
-108
-136
-157
-149
-128
-82
-36
21
95
153
206
235
236
216
180
135
68
21
-23
-62
-81
-106
-112
-116
-118
-119
-130
-140
-156
-152
-146
-125
-67
-16
29
65
98
128
153
178
189
206
213
176
126
54
-14
5
44
53
98
127
83
62
52
-22
-59
-76
-115
-101
-52
22
104
134
118
103
67
33
39
22
-1
8
23
38
56
72
64
29
-25
-71
-102
-110
-92
-74
-64
-57
-33
0
16
20
10
-21
-55
-64
-65
-58
-38
-33
-27
-37
-54
-65
-81
-99
-122
-129
-127
-102
-51
-11
29
66
105
132
141
138
106
79
45
7
-18
-34
-35
-39
-30
-28
-25
-1
12
24
26
32
40
46
63
75
88
88
81
68
42
17
-15
-52
-95
-128
-144
-163
-161
-140
-103
-70
-44
-21
-31
-42
-43
-49
-72
-100
-121
-148
-144
-109
-71
-30
16
73
121
144
156
158
139
109
86
48
-1
-6
-7
-32
-51
-57
-72
-83
-84
-108
-130
-138
-142
-128
-110
-70
-4
46
69
95
120
125
137
141
109
88
79
61
56
74
104
121
127
108
83
56
23
-6
-30
-39
-49
-41
-24
0
52
94
120
127
121
112
92
68
46
38
22
10
7
-18
-29
-31
-44
-57
-66
-64
-56
-44
-35
-20
-8
-6
21
34
32
32
35
27
22
40
40
34
34
8
-31
-66
-101
-129
-133
-140
-123
-72
-35
10
64
92
104
113
93
48
29
14
-5
-4
4
15
27
33
9
-23
-43
-67
-97
-128
-143
-136
-106
-56
1
59
113
151
136
83
31
-30
-93
-133
-147
-160
-148
-113
-97
-78
-52
-45
-59
-69
-80
-93
-87
-86
-86
-71
-73
-64
-40
-44
-54
-48
-69
-93
-34
17
59
149
200
211
221
209
145
84
41
-17
-43
-40
-25
16
51
60
41
16
-34
-87
-115
-140
-138
-100
-55
-25
4
34
39
39
30
9
-11
-21
-13
13
68
135
203
242
235
200
146
85
33
6
-7
-4
28
71
114
150
177
171
135
96
57
28
19
19
13
2
10
18
11
2
-14
-34
-60
-76
-87
-93
-77
-42
-9
15
47
84
102
113
116
108
92
74
48
-2
-46
-87
-127
-157
-176
-173
-169
-161
-146
-124
-90
-44
7
35
55
70
67
58
48
38
28
18
-2
-34
-68
-101
-127
-155
-181
-192
-195
-181
-155
-124
-90
-53
-13
19
46
69
75
71
63
50
30
15
1
-24
-35
-41
-48
-43
-30
-17
-12
-11
-8
-5
5
14
23
17
8
1
-5
-5
0
17
21
17
27
38
47
69
92
99
114
122
105
85
62
32
-2
-41
-80
-108
-122
-128
-116
-95
-81
-63
-58
-67
-73
-82
-90
-98
-96
-92
-88
-68
-42
-10
25
55
78
92
104
106
100
90
82
77
70
64
63
72
91
104
113
113
108
103
81
52
29
12
10
23
34
44
53
58
50
32
14
-11
-32
-53
-65
-64
-48
-17
17
49
78
107
135
151
155
155
144
130
110
83
55
26
-7
-46
-88
-135
-176
-205
-236
-257
-258
-245
-217
-170
-110
-53
8
68
103
116
122
122
96
65
32
-14
-57
-86
-102
-113
-116
-102
-93
-93
-86
-73
-70
-68
-56
-52
-47
-26
-4
9
17
28
35
30
23
6
-13
-29
-37
-38
-44
-39
-31
-15
6
27
44
50
50
38
26
14
3
-6
-16
-26
-38
-44
-36
-23
-11
7
23
34
48
70
79
76
70
46
4
-30
-53
-75
-87
-88
-80
-65
-49
-33
-20
-13
-8
-6
-11
-21
-27
-31
-41
-48
-50
-51
-47
-44
-40
-28
-10
12
37
61
80
98
107
104
105
110
114
122
131
138
143
151
148
139
130
114
100
85
64
49
44
39
30
21
8
-8
-23
-39
-51
-57
-53
-38
-20
4
36
72
99
124
146
157
165
164
151
131
109
86
59
26
-9
-48
-87
-126
-159
-179
-191
-189
-178
-156
-124
-85
-36
9
42
61
59
40
8
-23
-54
-88
-116
-140
-160
-174
-177
-173
-171
-165
-158
-157
-155
-144
-124
-100
-64
-25
6
30
49
56
56
50
39
24
7
-7
-18
-31
-44
-47
-51
-46
-34
-17
1
19
38
50
63
70
72
73
71
59
51
41
34
37
39
38
43
50
54
59
61
50
32
10
-24
-65
-101
-129
-150
-154
-152
-141
-120
-98
-75
-52
-34
-12
6
16
22
32
36
34
38
33
32
42
49
57
65
67
65
57
48
33
23
17
7
4
2
4
12
24
40
57
74
82
89
90
85
84
79
74
72
73
70
66
66
62
56
48
37
16
-1
-11
-22
-23
-17
-6
11
31
53
74
93
104
108
102
85
67
39
6
-28
-63
-93
-117
-134
-142
-142
-136
-121
-100
-77
-45
-13
9
31
50
58
57
52
40
20
1
-19
-39
-54
-65
-72
-84
-102
-121
-140
-159
-167
-159
-146
-125
-89
-55
-19
22
60
89
109
119
116
110
99
90
81
68
54
43
26
13
9
1
-11
-23
-37
-56
-70
-72
-72
-71
-64
-58
-53
-50
-41
-28
-18
-3
14
27
39
57
75
86
84
73
49
15
-17
-41
-69
-90
-95
-100
-101
-97
-89
-80
-71
-63
-59
-61
-63
-58
-54
-49
-32
-7
19
45
77
100
117
138
149
147
141
127
106
80
55
33
16
1
-10
-16
-21
-20
-9
-3
-1
9
19
25
36
49
57
65
75
80
77
79
82
79
74
64
54
43
31
20
9
-2
-9
-8
-9
-5
6
11
13
7
-3
-20
-37
-58
-87
-114
-135
-150
-159
-162
-155
-139
-117
-89
-60
-34
-10
12
25
28
27
24
22
15
5
-7
-19
-32
-39
-42
-48
-51
-53
-59
-70
-78
-86
-90
-87
-76
-69
-59
-46
-35
-27
-21
-18
-20
-23
-28
-38
-44
-43
-33
-15
4
25
46
64
73
77
74
66
55
41
18
-7
-25
-45
-59
-66
-68
-64
-54
-43
-31
-15
3
27
43
57
67
70
71
60
49
32
12
-8
-33
-53
-67
-74
-74
-72
-66
-58
-49
-42
-39
-36
-31
-25
-16
-1
20
44
71
98
121
143
161
177
185
187
185
176
163
147
128
109
87
67
46
27
12
-3
-17
-27
-31
-35
-33
-25
-16
0
15
29
40
53
64
70
78
78
75
72
67
58
50
42
32
22
10
5
0
-3
-2
-2
-5
-8
-10
-16
-25
-32
-41
-54
-65
-74
-80
-81
-74
-58
-41
-18
8
31
45
52
49
35
17
-3
-24
-41
-51
-55
-55
-47
-36
-21
-6
7
15
14
12
5
-1
-10
-14
-16
-18
-13
-10
-6
-5
-9
-15
-31
-45
-57
-67
-74
-76
-70
-56
-36
-9
19
42
62
72
73
65
55
40
22
3
-16
-30
-42
-48
-54
-54
-51
-45
-31
-20
-5
15
30
41
48
47
39
29
14
-4
-17
-26
-33
-37
-37
-34
-35
-35
-39
-43
-51
-58
-62
-70
-70
-69
-63
-58
-49
-38
-24
-8
12
35
60
86
112
131
142
150
152
145
135
118
96
75
53
35
16
3
-8
-18
-25
-28
-29
-29
-28
-25
-23
-21
-16
-10
-5
1
8
13
18
25
31
37
42
45
46
42
37
28
22
16
13
11
7
7
2
-2
-8
-18
-29
-42
-48
-53
-49
-41
-29
-12
4
20
31
40
44
43
32
18
0
-18
-33
-46
-57
-65
-72
-77
-82
-83
-83
-80
-72
-67
-57
-48
-38
-28
-20
-21
-21
-25
-33
-41
-49
-59
-66
-68
-70
-70
-64
-58
-51
-46
-39
-30
-19
-3
14
32
44
55
64
66
66
60
45
24
0
-24
-49
-59
-62
-55
-36
-17
9
33
56
71
73
69
53
32
11
-9
-23
-28
-25
-12
4
21
35
45
47
45
37
24
10
-3
-12
-17
-12
-4
9
24
37
49
57
67
73
79
88
93
101
105
106
108
104
97
84
69
49
29
12
-8
-23
-35
-49
-54
-63
-64
-63
-60
-52
-47
-40
-35
-30
-25
-22
-17
-15
-12
-8
-4
0
4
5
3
-1
-11
-19
-29
-35
-41
-41
-38
-32
-22
-12
-3
6
11
17
22
25
32
38
47
55
65
76
82
84
81
69
52
32
9
-15
-35
-54
-68
-75
-81
-78
-73
-65
-57
-49
-39
-29
-20
-13
-9
-5
-7
-6
-10
-13
-17
-21
-28
-35
-41
-50
-60
-71
-82
-94
-100
-103
-100
-88
-73
-54
-32
-15
1
11
22
28
26
20
6
-3
-12
-23
-21
-22
-15
-4
3
21
32
48
63
58
52
32
15
-1
-21
-22
-31
-21
-17
-5
12
29
47
48
52
42
53
45
41
56
51
59
53
58
45
44
41
27
31
10
2
-4
-5
-3
14
28
31
40
39
41
45
44
40
40
27
18
22
17
28
28
43
36
31
31
29
33
35
48
48
59
62
47
50
36
20
27
27
36
43
26
63
103
3
-27
-12
-85
-100
-82
-74
-38
-4
23
0
-25
-56
-85
-96
-87
-68
-29
14
48
63
77
11
-34
-69
-138
-138
-113
-93
-84
-60
-57
-79
-105
-157
-143
-133
-76
30
224
288
777
1586
1006
474
613
-67
-675
-593
-783
-873
-175
183
177
430
348
-12
-268
-513
-450
389
664
656
1267
920
191
58
-801
-1832
-1556
-1314
-1302
-406
178
325
812
719
-7
-353
-740
-1350
-1224
-899
-617
298
888
790
937
754
11
-219
-452
-966
-529
159
269
706
1001
504
343
348
-330
-566
-213
-232
-14
469
376
346
615
366
196
427
221
55
224
-113
-462
-289
-445
-559
-123
-42
5
976
1426
857
1030
964
-29
-339
-651
-1471
-977
16
-82
335
1095
729
440
172
-916
-1366
-1158
-1470
-1204
-434
-181
409
911
311
-55
-35
-737
-1047
-740
-869
-434
622
682
571
1012
676
77
84
-315
-625
-34
182
159
654
748
578
642
287
-236
-147
-168
-390
-97
126
106
436
563
191
126
73
-300
-369
-346
-434
-209
98
102
186
281
68
-61
-152
-452
-465
-142
-69
2
308
377
309
307
37
-265
-244
-192
-187
-35
68
92
186
141
-60
-149
-171
-220
-250
-196
-127
-31
18
-44
-144
-208
-187
-188
-223
-237
-157
-8
66
85
101
93
41
47
-37
-189
-78
22
40
172
251
190
218
210
-12
-61
32
-12
-24
44
52
160
290
106
-6
106
119
72
87
62
9
79
74
13
33
31
46
73
57
33
71
58
-6
-6
-62
-103
-18
-34
-117
-37
28
-25
-9
-1
-75
-114
-74
-90
-130
-26
8
-37
32
81
80
102
57
0
18
0
-71
-95
-117
-117
-42
-10
-40
-7
9
-31
-3
23
13
91
152
148
214
249
173
136
103
25
22
15
-33
-14
65
96
98
83
15
-49
-105
-146
-155
-140
-125
-86
-11
-3
2
5
-55
-91
-87
-120
-119
-41
-16
1
64
106
85
69
78
33
31
68
70
85
62
25
-10
-119
-193
-202
-240
-208
-106
-66
-26
2
-63
-141
-190
-211
-180
-94
-13
78
164
168
123
58
-37
-109
-85
-38
-7
83
181
213
200
155
77
6
-56
-88
-77
-59
-15
57
91
87
82
35
-73
-140
-163
-163
-108
-18
72
147
174
163
110
23
-28
-35
-42
-22
48
146
182
181
196
149
64
9
-35
-80
-99
-89
-68
-37
-11
6
25
34
14
-14
-57
-96
-79
-78
-74
-17
37
59
62
56
25
23
50
53
88
110
114
126
95
39
-1
-18
-52
-54
-44
-76
-70
-27
-16
-14
38
41
26
39
-5
-27
-17
-54
-80
-39
-20
7
39
-4
-25
-15
-33
-51
-31
-50
-72
-33
-48
-69
-45
-63
-92
-89
-78
-66
-44
-34
-50
-31
26
23
17
24
15
30
39
26
28
34
18
30
42
15
-5
2
-10
-57
-53
-60
-97
-70
-78
-66
9
35
47
79
70
50
40
-11
-55
-51
-41
-12
26
55
80
107
95
55
17
-20
-46
-54
-41
-23
28
56
47
57
15
-61
-89
-122
-166
-142
-85
-42
27
90
98
100
110
75
41
42
50
93
129
134
151
149
99
58
25
-42
-81
-59
-40
-15
40
59
45
2
-60
-92
-107
-106
-73
-19
41
82
109
118
81
60
36
-7
-2
17
18
40
62
44
57
78
48
36
13
-12
-1
-3
-28
-24
-39
-68
-47
-54
-73
-52
-25
-34
-28
-30
-61
-75
-89
-94
-82
-48
-18
19
45
55
87
74
42
32
21
-7
-21
-13
-7
21
29
31
32
35
41
24
11
-13
-24
-38
-58
-50
-43
-35
-4
24
14
30
31
11
8
-15
-4
11
11
15
-3
-9
-8
-18
-48
-61
-58
-62
-54
-53
-45
-40
-30
-32
-61
-72
-59
-49
-53
-14
17
18
24
13
-3
-22
-27
-19
-12
2
41
50
52
60
25
1
-13
-27
-36
-41
-28
-3
7
12
0
-33
-45
-49
-47
-15
27
72
112
116
105
96
60
24
10
0
1
25
72
97
91
82
64
45
20
-9
-7
15
22
41
63
34
18
5
-49
-63
-52
-50
-16
16
51
103
98
71
60
31
5
6
21
20
42
77
59
60
64
7
-17
-21
-28
6
8
-7
10
3
-27
-34
-59
-91
-78
-72
-91
-73
-36
-43
-46
-28
-51
-62
-71
-98
-94
-73
-62
-35
7
0
5
38
23
-7
11
12
-15
10
32
18
23
19
1
-15
-34
-47
-45
-40
-25
25
53
59
97
92
60
57
6
-34
-19
-26
-18
31
40
28
43
18
-42
-68
-85
-109
-85
-27
4
41
89
83
67
47
-7
-41
-45
-39
0
40
24
31
48
3
-19
-26
-53
-59
-62
-67
-48
-33
-38
-46
-67
-80
-88
-93
-73
-46
-19
-1
21
42
39
23
10
13
21
37
62
88
104
103
89
56
32
11
-14
1
19
30
67
76
47
40
15
-26
-29
-38
-33
18
55
66
95
103
71
41
10
-10
-9
-7
-4
35
62
60
71
66
47
21
-13
-35
-34
-17
8
47
62
49
37
34
0
-35
-36
-45
-46
-28
-10
-7
-15
-23
-44
-74
-95
-95
-83
-47
-10
18
48
41
17
-3
-46
-84
-70
-62
-32
40
78
103
132
115
63
28
-8
-40
-16
12
33
69
69
53
47
8
-31
-41
-64
-56
-14
-3
-3
13
25
-2
-30
-50
-86
-90
-79
-76
-50
-16
-16
-14
-26
-66
-62
-56
-71
-53
-19
-2
18
22
-5
-34
-60
-81
-91
-70
-45
-32
-10
-6
-2
-3
-29
-60
-68
-68
-51
-11
6
16
27
32
25
5
-6
-7
4
41
69
85
104
101
84
62
35
14
4
2
13
43
57
65
62
30
-8
-26
-63
-104
-79
-64
-47
20
58
63
66
50
15
-1
-12
-24
-17
8
36
57
69
42
15
16
5
-10
-16
-7
-3
-11
-4
-20
-39
-43
-68
-80
-67
-66
-51
-24
-17
4
8
-24
-38
-54
-78
-78
-61
-46
-4
35
37
43
51
27
0
-19
-24
-4
2
6
35
46
25
18
-8
-46
-44
-33
-36
-14
20
25
30
34
12
-16
-25
-27
-17
20
58
94
122
131
119
93
61
19
-15
-25
-18
2
27
39
43
33
-7
-31
-58
-97
-93
-73
-59
-25
8
12
11
7
-9
-23
-18
-19
-15
15
21
24
32
12
4
-2
-39
-32
-14
-42
-36
-20
-31
-22
-13
-33
-45
-39
-29
-19
-2
20
47
63
51
43
28
-12
-30
-30
-24
6
42
59
67
72
66
57
36
19
15
16
23
19
17
4
-19
-18
-23
-36
-28
-26
-26
5
38
46
64
79
55
38
33
-3
-15
-3
-9
11
31
30
36
34
0
-16
-14
-31
-32
-16
-2
16
41
47
31
20
4
-10
-17
-19
-4
17
28
30
24
-6
-36
-51
-55
-47
-33
-7
13
21
26
19
4
-14
-34
-39
-27
-21
-12
-9
-22
-13
-14
-39
-62
-67
-71
-85
-70
-44
-31
-13
12
26
31
34
25
19
21
34
43
41
50
53
37
12
-7
-18
-16
-8
-3
6
4
3
-12
-54
-73
-66
-68
-60
-30
-2
16
20
16
4
-9
-9
-12
-24
-18
8
32
37
38
35
22
10
-9
-41
-65
-48
-20
-17
3
47
61
60
55
25
-4
0
-6
-21
-3
38
61
65
72
82
84
69
36
9
3
17
30
36
49
73
79
69
52
9
-26
-37
-50
-57
-51
-27
8
27
28
29
16
-6
-19
-37
-54
-47
-39
-44
-42
-46
-52
-42
-41
-56
-51
-42
-42
-29
-20
-27
-17
-2
8
22
21
27
33
15
-9
-23
-38
-45
-49
-56
-44
-23
-5
5
9
1
-6
-16
-42
-43
-30
-21
11
42
52
61
60
27
-2
-17
-32
-29
-15
-10
0
21
29
24
9
-8
-17
-10
-1
7
28
48
59
56
39
24
3
-27
-42
-31
-25
-16
-1
1
1
-3
-13
-29
-46
-50
-48
-44
-36
-21
-7
-7
-7
-3
-11
-15
-8
-13
-15
3
15
11
15
11
-4
-10
-19
-31
-28
-21
-16
-1
6
8
25
29
28
43
53
56
73
80
66
68
68
44
21
4
-8
-10
-5
-3
2
4
4
8
-11
-35
-29
-28
-37
-12
10
4
11
16
-9
-30
-28
-37
-37
-6
20
36
61
75
60
49
42
26
18
8
1
9
9
3
3
-5
-11
1
-3
-14
4
11
10
30
42
31
42
51
29
28
35
22
18
17
-2
-8
-3
-7
-6
7
21
28
33
31
18
4
-5
-15
-26
-21
0
16
18
19
18
3
-18
-34
-45
-50
-42
-23
-21
-14
3
-5
-37
-57
-63
-73
-68
-47
-24
2
34
44
31
16
-3
-16
-21
-20
-2
26
43
53
46
32
21
-2
-26
-31
-25
-15
-1
-2
-6
-1
-10
-30
-33
-27
-26
-14
0
3
6
5
-21
-40
-47
-58
-58
-61
-57
-38
-27
-22
-7
-4
-14
-3
13
13
23
47
49
49
58
56
47
35
30
30
39
54
59
52
39
34
24
7
-4
-6
6
21
29
30
31
24
9
-13
-36
-38
-32
-22
-5
8
25
43
41
20
11
8
-8
-12
-2
7
21
39
39
27
21
-2
-41
-67
-79
-78
-66
-52
-35
-26
-25
-25
-31
-46
-49
-44
-43
-28
-18
-27
-31
-41
-56
-61
-58
-59
-57
-42
-31
-23
-15
-21
-26
-15
-19
-22
-22
-30
-33
-25
-19
-15
-1
9
10
9
11
6
-9
-23
-25
-15
-7
2
22
29
29
42
42
25
19
21
13
8
23
34
41
57
67
65
59
56
45
30
33
33
23
16
17
14
4
-1
-4
-8
-3
7
16
19
20
26
15
4
10
6
1
10
17
15
20
13
-6
-13
-20
-26
-25
-30
-25
-7
-8
-12
-6
-7
-6
9
18
21
38
54
53
46
40
31
17
4
-5
-10
-8
-2
3
-3
0
5
-5
-8
-4
-5
-6
-1
0
-9
-15
-11
-12
-21
-23
-13
-13
-11
2
-2
3
22
21
10
14
18
14
10
10
8
8
2
-5
-13
-30
-39
-34
-29
-23
-1
20
29
33
30
13
-3
-13
-25
-34
-29
-18
-14
-12
-13
-17
-20
-21
-25
-27
-29
-23
-15
-18
-21
-12
-1
1
8
20
26
33
39
28
21
18
5
-9
-17
-23
-21
-10
-6
0
7
5
1
-3
-13
-16
-7
-3
-6
0
6
-1
-4
-9
-23
-18
-4
-1
1
8
13
16
20
13
3
3
-2
-7
-6
-10
-3
10
4
1
10
4
-12
-19
-27
-30
-18
-11
-15
-11
-5
-4
-9
-18
-23
-22
-17
-20
-17
-11
-9
-1
5
5
17
34
32
31
31
28
30
29
20
14
28
36
39
44
48
51
52
41
25
18
11
1
0
0
-1
18
29
22
22
22
5
-7
-13
-24
-15
7
25
38
52
51
42
28
0
-12
-8
-9
2
21
23
29
31
13
-10
-23
-34
-39
-35
-30
-22
-5
3
1
-4
-12
-19
-25
-35
-42
-35
-30
-35
-38
-41
-48
-51
-52
-63
-61
-43
-38
-37
-32
-35
-34
-27
-26
-19
7
24
36
52
49
40
36
20
4
5
10
14
27
31
30
29
18
-1
-14
-25
-34
-28
-24
-22
-10
-5
-7
-3
-8
-10
-1
5
9
15
21
21
23
19
6
4
6
4
5
6
3
8
6
-3
-6
-5
-7
-8
-2
4
6
9
6
-5
-11
-14
-21
-23
-19
-10
-4
1
5
2
-2
-11
-13
-15
-15
-2
11
17
27
33
22
8
-1
-15
-32
-32
-27
-23
-8
4
4
-1
-7
-20
-39
-53
-57
-51
-42
-27
-3
11
23
34
30
22
17
15
10
15
27
36
44
49
46
33
25
13
-1
-7
-11
-11
-10
-10
-12
-12
-12
-14
-14
-13
-12
-6
-2
1
7
10
14
17
19
19
20
19
15
13
8
4
5
11
16
23
33
37
36
29
19
11
1
1
8
18
35
51
59
56
47
30
9
-8
-23
-27
-22
-15
-4
2
0
-6
-16
-32
-41
-41
-43
-31
-13
-6
6
15
6
-1
-1
-11
-14
-3
5
15
29
29
29
22
6
-7
-13
-24
-24
-15
-11
0
8
7
4
4
-3
-13
-17
-19
-19
-17
-18
-18
-17
-15
-20
-26
-27
-30
-30
-26
-20
-15
-4
4
10
15
23
23
22
19
11
11
8
2
1
0
-1
3
2
-1
1
2
-1
-4
-2
-4
3
9
9
12
18
17
12
6
-6
-12
-14
-19
-20
-11
-5
0
4
1
-4
-2
-7
-16
-15
-16
-13
-11
-10
-16
-16
-17
-24
-31
-33
-36
-36
-28
-24
-14
-2
4
7
6
0
-10
-15
-22
-30
-28
-28
-29
-27
-30
-36
-38
-44
-50
-48
-47
-45
-37
-32
-31
-28
-27
-30
-25
-25
-26
-18
-9
-7
1
4
1
1
0
-7
-10
-8
-10
-8
-3
-5
-3
-2
-6
-3
3
10
19
29
36
44
55
53
54
57
56
56
60
57
49
46
38
26
18
13
8
11
18
20
23
24
18
11
3
-5
-6
-4
-3
4
11
11
9
7
-1
-8
-8
-7
-3
8
15
22
29
26
26
27
24
25
31
35
35
40
33
21
15
3
-8
-12
-13
-12
-6
-7
-8
-5
-12
-18
-21
-26
-25
-15
-8
-2
7
5
2
-1
-9
-12
-7
0
8
24
34
40
46
40
28
24
15
11
13
19
24
32
35
31
22
8
-7
-21
-29
-30
-23
-13
-2
9
15
13
8
-3
-16
-25
-31
-31
-29
-22
-11
-4
2
4
-2
-6
-11
-18
-19
-14
-5
5
13
19
21
22
18
12
11
9
11
16
17
19
22
19
16
14
10
11
9
7
6
2
1
-3
-8
-11
-12
-13
-12
-11
-11
-10
-12
-17
-20
-18
-19
-12
-2
2
8
12
6
-2
-13
-28
-34
-39
-38
-32
-23
-20
-16
-15
-27
-34
-39
-47
-44
-35
-27
-15
-2
1
-2
-7
-16
-26
-28
-31
-26
-9
3
10
19
20
12
9
1
-8
-6
-5
-2
3
5
2
1
-2
-11
-11
-10
-13
-5
-2
-4
-2
-2
-9
-11
-8
-8
0
12
20
29
37
34
34
35
31
