SAMPLES:	18547
BITSPERSAMPLE:	16
CHANNELS:	1
SAMPLERATE:	16000
NORMALIZED:	FALSE
14
14
11
9
8
6
4
3
2
1
0
-1
-4
-6
-8
-9
-11
-13
-15
-15
-16
-17
-17
-18
-19
-19
-18
-18
-18
-17
-17
-16
-16
-15
-15
-14
-13
-12
-12
-10
-8
-8
-7
-5
-2
-2
0
0
0
2
3
4
5
3
4
4
3
4
4
6
6
6
7
8
8
9
8
8
7
6
6
6
6
3
4
2
0
-1
-2
-4
-5
-7
-8
-9
-11
-12
-14
-17
-18
-19
-21
-22
-23
-23
-25
-24
-23
-22
-21
-20
-18
-17
-14
-12
-12
-9
-8
-7
-5
-4
-2
-1
0
1
3
4
5
7
8
11
11
12
12
12
11
12
12
11
11
11
11
11
10
10
9
10
10
9
10
9
9
9
10
10
10
10
9
9
9
11
11
12
12
14
13
14
15
16
17
16
14
14
13
12
12
11
10
9
8
5
4
2
1
0
-2
-2
-3
-3
-4
-6
-7
-8
-8
-9
-10
-10
-10
-10
-11
-10
-10
-9
-9
-8
-7
-7
-6
-5
-4
-3
-1
-3
-1
0
1
2
3
3
4
4
5
7
7
8
9
9
11
11
11
11
10
11
10
11
12
12
13
12
13
11
11
11
11
11
11
11
11
11
11
11
11
11
11
12
13
14
13
14
14
14
14
14
14
14
14
14
13
13
13
11
11
10
10
8
8
7
6
4
2
0
-1
-2
-3
-5
-8
-8
-9
-10
-12
-15
-16
-18
-19
-20
-23
-23
-24
-24
-26
-27
-28
-29
-29
-30
-29
-30
-30
-29
-29
-29
-27
-26
-23
-23
-22
-20
-19
-16
-16
-14
-11
-10
-8
-6
-5
-3
-3
-2
1
1
3
4
5
6
6
6
6
6
8
8
7
7
7
7
5
5
5
5
5
5
3
4
4
3
2
1
2
2
2
2
2
1
3
5
5
5
6
8
8
10
9
10
11
11
12
12
12
13
16
15
16
16
17
16
15
15
15
15
14
14
13
13
12
12
10
9
8
7
5
2
1
-1
-3
-5
-8
-9
-11
-14
-15
-16
-18
-21
-22
-23
-24
-26
-27
-28
-29
-30
-32
-33
-33
-34
-32
-33
-33
-32
-33
-32
-30
-30
-29
-27
-26
-25
-23
-22
-21
-21
-19
-16
-15
-12
-11
-9
-7
-6
-3
-1
2
3
5
6
8
11
12
14
15
16
19
21
22
24
25
26
27
29
29
30
30
30
30
30
29
29
27
26
26
25
24
22
22
19
17
15
13
11
9
5
3
2
-1
-2
-4
-5
-6
-7
-8
-9
-9
-9
-10
-9
-9
-9
-7
-6
-5
-3
-2
0
2
4
5
7
9
10
12
14
13
16
17
19
19
18
20
19
19
20
20
19
19
19
18
17
16
15
14
12
10
9
8
6
5
4
2
0
-1
-2
-3
-3
-4
-5
-6
-6
-7
-7
-7
-9
-8
-8
-9
-8
-7
-7
-7
-7
-7
-6
-6
-4
-4
-3
-3
-2
-3
-3
-2
-2
-1
0
1
0
0
-1
-1
-1
-1
-3
-2
-3
-4
-4
-5
-5
-5
-4
-4
-5
-4
-5
-6
-4
-4
-4
-3
-3
-2
-2
-3
-2
-1
-2
-2
-1
-1
0
0
-1
-1
-1
-2
-3
-3
-4
-5
-6
-6
-6
-6
-7
-5
-8
-8
-9
-9
-9
-9
-8
-9
-7
-7
-7
-6
-5
-4
-4
-3
-3
-1
0
0
1
3
3
4
5
6
7
6
8
8
8
10
8
8
8
6
6
5
5
5
6
4
4
3
2
1
0
-1
-1
-2
-3
-3
-3
-3
-3
-4
-4
-4
-3
-3
-2
-2
-1
0
1
1
1
2
2
2
2
4
5
5
6
6
6
6
6
6
6
5
5
5
4
4
4
3
1
3
1
-1
-1
-2
-4
-4
-6
-7
-7
-8
-8
-9
-9
-10
-11
-11
-13
-12
-13
-11
-12
-14
-13
-13
-14
-13
-14
-13
-13
-14
-13
-13
-12
-12
-11
-11
-10
-9
-9
-9
-9
-9
-9
-7
-7
-7
-8
-7
-7
-7
-6
-6
-5
-6
-5
-4
-5
-3
-3
-3
-1
-1
-1
0
1
2
2
4
5
5
8
7
8
9
9
11
11
11
11
11
12
12
12
12
11
11
11
9
9
9
7
7
6
4
5
4
3
3
1
2
1
1
1
0
0
1
1
1
1
2
3
4
5
7
10
10
10
14
15
18
20
21
22
23
24
25
27
28
28
28
28
26
26
26
26
24
23
20
19
18
16
15
13
11
9
7
5
2
0
-1
-4
-5
-7
-8
-9
-10
-11
-11
-12
-12
-13
-12
-12
-12
-12
-11
-13
-12
-11
-11
-8
-8
-8
-7
-6
-6
-6
-5
-4
-5
-5
-5
-5
-6
-6
-5
-7
-7
-7
-10
-10
-11
-12
-13
-14
-15
-16
-16
-17
-18
-18
-18
-17
-16
-16
-16
-15
-13
-14
-13
-10
-10
-7
-6
-4
-3
-2
1
2
3
4
6
8
9
10
11
11
13
12
11
12
12
10
10
9
8
8
7
5
4
2
1
0
-1
-1
-3
-6
-6
-7
-8
-9
-9
-9
-10
-10
-11
-9
-10
-9
-10
-10
-9
-8
-7
-8
-6
-6
-5
-5
-4
-3
-2
-2
-2
0
-2
0
0
-1
0
-2
-2
-2
-3
-4
-5
-6
-6
-7
-8
-8
-7
-10
-9
-8
-10
-8
-9
-9
-9
-9
-8
-8
-7
-7
-6
-6
-6
-3
-3
-1
-1
-1
1
3
5
5
7
9
9
11
12
14
15
15
16
17
17
18
19
18
19
19
20
21
21
20
20
21
18
19
18
17
16
14
13
13
11
10
9
8
7
6
6
5
3
2
1
-1
-3
-4
-5
-7
-7
-8
-11
-11
-13
-14
-16
-16
-18
-18
-19
-20
-20
-20
-21
-20
-20
-19
-17
-16
-15
-16
-15
-13
-12
-12
-11
-10
-9
-8
-5
-4
-2
0
2
3
4
6
9
9
10
9
10
10
8
8
8
8
6
4
4
4
4
3
4
5
5
6
6
5
5
4
4
2
1
-2
-3
-5
-6
-8
-9
-8
-10
-9
-9
-7
-7
-6
-5
-5
-5
-5
-6
-7
-9
-12
-13
-16
-18
-20
-22
-23
-24
-24
-23
-22
-22
-19
-17
-16
-12
-11
-9
-8
-8
-7
-8
-8
-7
-9
-7
-7
-5
-3
-2
1
4
7
10
15
18
21
23
25
27
26
27
27
27
26
25
25
24
24
23
25
25
26
27
28
28
29
30
29
29
27
25
23
19
15
12
9
6
4
1
1
-1
-2
-2
-2
-1
-1
-1
-1
-1
-2
-4
-5
-8
-11
-12
-14
-15
-18
-18
-18
-17
-15
-14
-12
-10
-8
-7
-4
-5
-4
-3
-4
-5
-4
-5
-5
-5
-5
-5
-5
-3
-2
0
3
5
7
10
12
13
14
14
15
14
12
12
11
10
10
8
9
8
9
11
11
12
14
14
15
15
14
14
11
9
8
5
4
2
0
0
-1
-2
0
1
0
2
3
2
2
1
-1
-3
-6
-8
-10
-11
-13
-14
-15
-17
-16
-15
-15
-14
-14
-13
-13
-14
-14
-15
-17
-20
-21
-22
-24
-25
-26
-26
-25
-23
-21
-20
-18
-18
-18
-16
-17
-15
-15
-15
-15
-17
-16
-16
-16
-15
-14
-11
-8
-5
-2
0
2
4
7
8
8
9
9
8
8
8
8
9
10
10
13
15
17
18
18
19
17
16
14
12
11
8
4
3
0
-1
-3
-4
-5
-5
-3
-3
0
-1
0
0
2
2
1
1
1
2
1
1
1
2
3
5
7
9
11
12
13
16
18
18
20
19
20
21
21
21
21
22
22
25
27
28
28
28
28
28
30
30
30
28
27
26
24
23
21
22
22
23
22
23
21
17
15
14
13
12
10
6
4
0
-4
-9
-10
-11
-11
-12
-11
-12
-16
-20
-23
-24
-26
-28
-30
-33
-38
-42
-45
-47
-45
-43
-41
-39
-38
-37
-36
-36
-35
-32
-31
-29
-29
-30
-32
-34
-35
-34
-31
-28
-25
-23
-21
-20
-17
-14
-10
-5
0
2
3
2
0
2
3
6
10
12
14
14
13
14
18
22
26
31
34
34
33
32
31
31
33
35
38
39
38
35
32
30
28
29
31
32
31
27
23
17
13
12
13
13
14
11
9
5
3
0
-1
-2
-5
-8
-11
-16
-20
-21
-25
-26
-23
-21
-18
-16
-16
-15
-11
-7
-2
3
4
4
2
-1
-1
-2
0
5
8
7
6
8
8
12
18
20
20
18
17
16
16
14
5
-4
-7
-11
-12
-7
-11
-20
-18
-20
-24
-13
-9
-17
-15
-17
-26
-19
-9
-18
-19
-21
-33
-29
-15
-13
-10
-10
-18
-17
-2
9
16
14
3
-1
8
19
29
27
11
3
2
8
20
24
14
2
-2
3
14
23
22
8
-2
5
12
23
35
26
10
13
16
19
37
34
11
9
8
4
20
25
2
-9
-7
-12
3
19
9
2
2
-4
6
18
17
9
3
-3
-3
2
0
-7
-16
-25
-25
-22
-18
-12
-13
-21
-22
-14
-8
-1
4
-3
-9
-4
1
2
3
1
-14
-16
-3
-6
-11
-11
-22
-31
-19
-17
-29
-30
-33
-40
-31
-19
-30
-34
-27
-25
-18
-6
-14
-18
-5
1
2
8
-1
-9
0
1
-8
-15
-17
-19
-2
-7
-12
-4
-14
1
19
8
12
25
-1
10
36
21
20
9
-3
16
19
12
27
6
-12
22
6
-5
38
8
-19
21
3
-4
34
11
-10
1
-28
5
37
1
10
5
-21
14
52
-1
-6
17
-42
-26
40
3
-44
-12
-27
-45
7
14
-29
-32
-7
-35
-19
43
-16
-48
-4
-39
-31
38
-26
-64
3
-37
-55
19
-6
-50
-17
-15
-31
27
26
-8
20
-5
5
49
18
8
40
-18
-5
86
3
-6
62
-29
-31
83
3
-37
86
15
-39
87
54
-16
66
42
-13
65
47
4
54
31
6
32
22
3
17
14
-1
12
1
6
10
-9
23
6
-29
18
14
-32
27
-13
-56
49
-51
-71
57
-81
-73
62
-93
-60
73
-113
-66
71
-101
-59
55
-78
-60
41
-44
-43
12
-32
-54
-23
30
-22
-50
34
-18
-46
63
1
-42
47
-8
-22
60
18
-10
8
10
10
1
18
9
-22
-4
9
-17
11
2
-39
-16
-7
0
-14
-11
7
-34
-26
34
-15
-54
46
-25
-82
78
-7
-87
63
-11
-84
68
11
-88
58
2
-79
78
31
-64
41
0
-64
52
26
-31
13
0
-14
23
18
3
12
8
6
8
52
17
-11
61
17
-1
68
7
6
65
26
19
85
61
6
79
61
10
94
76
-17
97
80
-43
87
69
-44
60
37
-51
33
22
-42
8
11
-47
-34
-1
-48
-72
-2
-60
-69
16
-71
-88
-6
-66
-79
1
-55
-76
-10
-25
-66
-6
-1
-84
9
24
-94
10
36
-86
38
62
-62
21
14
-51
58
12
-40
36
12
-23
39
36
-48
14
8
-42
29
56
-18
0
26
-10
3
15
13
11
19
-14
-25
66
9
-51
66
-39
-7
96
-93
-20
96
-87
44
93
-82
39
9
-32
71
-2
-5
21
-27
73
62
-55
52
-4
-75
30
21
4
0
-45
-43
-19
-4
-49
-100
-36
-26
-99
-8
-9
-110
7
-64
-91
16
-27
-13
27
-52
32
18
-37
137
34
-67
41
2
45
89
-26
45
67
-67
82
52
-162
76
50
-165
125
92
-186
17
28
-196
38
60
-141
26
42
-133
-3
67
-72
-1
13
-29
28
59
31
19
33
43
1
28
56
-2
55
45
-32
77
-19
-65
118
-19
-87
70
-81
-53
121
-42
-75
37
-39
-29
32
-18
-5
-25
-6
58
48
3
42
-32
-31
91
29
-24
139
56
-43
69
-38
-36
88
13
22
68
-36
17
-17
-68
21
-23
-47
63
14
-31
-11
-74
-46
-16
-12
8
28
-4
-25
-21
8
-3
27
-12
-13
38
18
41
46
11
40
-4
-56
52
-2
67
21
-25
65
-43
-74
92
-33
-80
76
-45
7
39
-30
-45
-76
-36
17
-10
17
37
-18
-69
-68
-42
26
5
30
78
-64
-67
113
-30
-127
115
-61
-58
180
-13
-56
68
-68
-97
27
12
-32
13
79
-37
-96
29
-56
-89
86
1
-50
50
-15
-86
82
6
-85
101
-25
-58
133
13
-105
83
23
-67
76
19
-43
58
18
-59
58
-3
-95
115
-4
-93
97
-11
-96
111
-42
-131
133
-24
-91
131
-76
-144
179
13
-149
118
-55
-158
159
-45
-138
147
-45
-121
177
-63
-191
142
-21
-152
136
-12
-112
164
-16
-124
123
-44
-98
110
-2
-53
148
82
-88
32
22
-97
120
113
-78
101
75
-99
146
30
-145
147
51
-62
114
17
-90
75
27
-51
64
21
-79
49
44
-128
48
60
-81
99
25
-118
44
-10
-62
48
-5
-25
64
-47
18
37
-123
20
27
-57
118
32
-101
110
-55
-16
106
-79
93
83
-107
117
63
-94
84
27
-54
69
35
-37
43
49
-65
-1
37
-90
47
65
-106
12
69
-104
-31
42
-53
16
31
-14
-49
6
34
-108
14
103
-90
-13
96
-56
-64
66
-62
2
94
-90
37
34
-100
68
-13
-105
134
-32
-125
125
5
-117
102
9
-141
80
0
-90
88
28
-78
44
25
-84
-5
17
-60
35
48
-56
18
46
-135
-25
86
-88
-13
155
-53
-102
88
-61
-51
60
-26
-20
31
62
-42
25
47
-123
-22
56
-83
18
113
22
-48
-15
-6
-54
-77
32
27
-93
70
49
-60
-7
-10
-59
-8
-14
-11
71
-49
1
61
-64
9
82
-78
0
117
-66
15
128
-90
33
137
-32
-29
117
8
-27
149
-43
-32
88
-57
3
111
-24
4
77
-78
-44
84
-113
44
77
-113
12
29
-11
84
-6
-81
-31
-50
67
46
-11
-8
-15
-37
71
-46
11
51
-98
16
-6
-84
30
112
-7
14
-6
-89
-23
-5
94
-82
25
110
-130
67
40
-140
-8
129
-126
-7
49
-113
46
12
22
-71
-100
29
-48
23
-2
-47
2
12
-71
25
8
-64
12
19
4
-20
103
-54
-1
96
-70
-44
125
-34
39
132
-87
20
124
-135
35
83
-108
101
73
-96
33
-12
-71
2
-39
-43
-14
7
-32
-33
-36
17
-136
21
-24
-43
19
-23
-21
-40
23
-20
9
-34
8
-96
-15
88
-42
-32
84
-68
-83
45
-26
-24
72
-28
-65
-4
3
-16
40
10
-31
-9
-69
12
54
-45
74
57
-118
44
38
-102
47
87
-47
10
61
-37
-36
74
13
-65
58
13
-108
51
37
-24
49
-49
10
-35
-33
61
-42
-90
135
-25
-82
164
-94
-136
182
-8
-180
144
-26
-94
140
33
-143
76
118
-194
22
93
-141
25
236
-96
-79
211
-170
-116
163
-99
-32
236
-56
14
98
-187
-30
102
-95
72
175
-157
55
106
-131
15
144
-161
-46
189
-67
-35
151
-30
-67
64
-41
-69
47
64
8
49
-24
-15
66
-44
-17
82
-43
-14
96
-3
7
97
-49
-49
61
-66
-5
77
-6
48
44
-31
-10
-33
-56
26
-5
2
73
24
-59
-5
-36
-62
51
-17
-71
66
-28
30
113
-123
3
10
-148
-5
102
15
75
51
-127
-35
20
-61
45
18
-41
20
-25
-58
74
-25
-80
37
-48
-76
26
-69
-39
53
11
-18
6
-16
-64
-21
-52
-80
39
106
-77
29
75
-119
36
43
-154
48
-19
-119
49
34
53
24
7
-12
-177
3
83
-102
117
66
-123
25
110
-99
-39
219
-40
-136
153
0
-103
196
67
-164
123
28
-115
127
-34
18
159
-88
52
65
-146
64
-17
-83
194
-90
-90
240
-191
57
91
-229
129
20
-151
123
-49
-100
188
-38
-82
142
-115
-72
53
-128
58
101
-38
81
-9
-84
-15
-7
17
-8
-80
32
66
-7
104
-36
-44
35
37
-94
-18
187
-124
34
235
-314
83
206
-176
90
77
-29
-62
88
9
-134
79
32
-171
71
16
-76
132
-12
-18
23
-128
-87
-10
2
-63
4
33
3
-69
110
-58
-156
101
-124
-96
148
-24
-17
181
-163
-41
205
-313
-50
214
-246
4
233
-135
25
168
-142
27
-56
-140
62
-154
-9
212
-86
50
223
-159
13
-5
-225
105
-1
-40
80
-101
-28
144
-54
6
76
-199
-69
46
-134
38
77
-104
26
-12
-152
70
-67
-83
126
-110
-54
110
-88
-4
75
-79
22
35
-48
-3
-21
-24
44
-7
46
55
-13
45
-38
-59
21
4
-9
-28
-20
-11
-17
0
13
71
101
71
25
27
-61
-37
-35
-40
41
30
86
109
110
120
78
55
62
15
10
-8
-8
6
45
64
59
91
71
65
48
45
29
11
1
-6
4
32
11
14
38
20
16
20
22
-11
14
21
-3
15
-2
5
-13
-2
11
-12
-8
-16
-13
-1
4
10
4
1
1
-25
-39
-24
-36
-31
-15
-17
-38
-1
-19
-11
1
-24
-37
-38
-63
-77
-46
-50
-42
-15
-3
-14
-25
-35
-51
-54
-53
-26
-35
-47
-19
-46
-43
-39
-16
-10
-12
-14
-31
-27
2
-2
-10
-8
-4
-15
-7
-9
-2
19
14
23
18
27
22
24
11
10
17
13
14
19
4
28
16
2
34
33
9
18
22
-4
12
21
-13
3
-8
0
21
25
11
16
21
10
17
0
-4
22
17
13
17
-1
-6
25
25
16
12
-9
-2
5
9
7
9
2
-2
-11
-3
-6
-15
-20
-6
-30
-12
-1
-13
-10
-9
-9
-33
-15
-31
-25
-27
-26
-30
-15
-4
-25
-19
-16
-24
-4
-6
-8
-20
-29
-16
-24
-10
-15
14
-3
0
23
-7
-6
20
-14
-6
-5
-3
-6
17
20
17
33
-3
-12
-3
-4
0
-18
-13
12
-10
2
11
-19
-1
14
-27
-16
-20
5
-1
-26
-11
-19
-12
13
11
8
6
12
6
9
15
3
20
23
7
27
18
-2
34
12
22
33
22
23
33
6
-11
31
4
2
24
9
6
12
3
-5
20
-16
-11
13
0
1
21
0
-13
2
-9
-9
4
5
8
13
15
15
4
3
2
-2
4
5
2
7
30
10
4
26
-1
-2
2
-32
-17
-11
7
30
10
1
2
-16
-24
-4
-15
-21
9
-12
-13
6
1
10
7
2
0
-2
-6
-7
2
6
7
14
8
21
26
17
-2
6
9
-6
11
-10
7
17
6
28
1
-1
29
0
13
2
-10
-1
-18
6
-3
-8
13
9
7
-11
-8
-8
-22
-9
-25
-37
-3
-14
-13
-7
-31
-36
-38
-15
-23
-24
-10
-25
-19
-10
-19
-32
-3
-4
-28
-20
-19
-8
17
9
8
7
-11
0
-2
-2
14
6
17
8
10
6
12
8
7
27
10
-5
8
12
-5
9
13
3
11
0
-9
4
-1
10
5
4
0
22
-3
-3
13
-2
-2
8
-13
6
18
-6
12
27
-7
0
23
-14
5
11
-8
-6
18
-6
-1
3
-13
-1
22
-14
9
11
-20
-7
-6
-6
1
13
-2
4
1
5
9
15
5
-6
1
0
2
25
15
16
8
-12
22
3
-1
10
1
-9
-7
-9
0
-8
-7
-8
-18
-25
-9
-21
-27
-27
-30
-26
-24
-26
-27
-4
-33
-31
-16
-36
-24
2
-38
-24
-8
-25
-3
1
-10
9
-11
-9
4
-6
13
16
4
-3
8
3
14
22
11
33
3
17
17
-2
12
9
28
14
17
15
13
13
12
4
3
2
6
-13
5
14
1
18
1
-20
-18
-6
-21
-17
-10
-16
-9
-4
-5
-16
-24
-8
-41
-24
-16
-31
-3
-3
-20
-15
-15
-18
-17
-15
-20
-22
-3
-25
-13
2
-20
7
-4
-21
-4
-14
-11
-11
-8
-11
-12
-12
-2
6
-1
2
-2
-15
-9
1
-11
-17
6
-14
-5
4
-6
6
10
-1
5
-15
-9
13
-3
12
6
-16
-6
20
6
0
21
5
-15
15
-1
-18
16
11
1
8
4
-7
13
4
0
4
-3
-3
9
19
2
18
34
3
8
15
-9
14
28
7
22
26
28
32
13
22
19
20
19
18
15
18
27
19
15
16
18
11
11
13
-8
1
23
12
6
14
-5
-2
0
-8
-5
-5
-6
3
2
-7
-2
-3
-4
-10
-9
-10
-9
-8
-5
-5
-6
-3
-6
-3
-5
-25
-2
3
-15
14
2
-11
1
-4
1
-4
14
5
-13
9
-6
2
18
8
14
8
10
1
4
15
7
4
18
0
1
22
2
9
15
-6
0
14
-2
7
6
-12
1
-5
-20
-5
-9
-1
7
1
-5
-19
-11
-9
-21
-1
-2
-10
3
-11
-6
3
-7
-4
6
-2
-3
-1
1
2
0
4
-3
-9
-1
-3
-2
1
4
1
2
3
-15
0
-6
-14
14
-4
-8
7
-1
-3
-3
-6
-5
9
5
6
20
8
-3
12
-13
-17
15
-12
-6
20
1
3
8
-9
-3
0
-8
-11
-9
-14
-11
-15
-10
-2
-10
-8
-12
-2
-5
-20
-12
-2
-24
-4
5
-27
-5
-1
-14
7
4
-1
6
-11
-10
6
-10
3
14
2
4
11
-1
0
13
-10
8
7
2
14
7
5
16
8
-7
20
2
-2
17
-6
-1
18
3
6
19
5
8
8
0
5
11
15
7
8
9
7
12
12
6
17
4
5
28
9
16
23
10
15
13
5
16
20
15
22
5
10
25
11
8
16
14
10
21
11
3
8
1
12
7
1
6
4
-2
3
7
-13
3
10
-18
-6
-7
-14
-2
-4
-9
-10
-10
-7
-8
-12
-6
-14
-16
-13
-19
-7
-12
-3
1
-17
-8
-5
-14
-9
-1
-11
-12
5
0
-8
13
-1
-9
6
-12
-3
6
-4
8
11
-9
2
-8
-13
-6
-18
-14
-7
-6
-1
2
6
-10
-6
-18
-35
-16
-31
-26
-8
-24
-11
-9
-5
6
-16
-9
-30
-43
-32
-36
-24
-5
-7
-7
-7
-33
-39
-36
-53
-35
-10
-15
1
2
-17
-24
-41
-68
-69
-65
-61
-13
-9
19
49
8
2
10
-24
-31
-20
-21
44
66
45
55
1
-33
15
55
112
146
170
161
117
70
32
-9
-37
-73
-31
-41
105
1088
1454
1050
809
-15
-903
-1165
-1177
-917
-264
309
618
555
246
-133
-683
-1055
-961
-657
-252
285
660
705
528
133
-392
-596
-570
-415
59
259
699
1585
1353
808
477
-332
-748
-637
-545
-159
299
308
195
-101
-377
-478
-670
-749
-494
-292
-201
95
135
16
25
-226
-505
-408
-265
-1
371
409
481
469
95
384
877
892
1152
1114
612
328
12
-323
-244
-99
71
359
294
23
-209
-563
-804
-786
-714
-519
-182
-69
-54
-74
-250
-305
-322
-395
-295
-108
4
181
235
84
-28
-96
-181
-143
79
209
299
336
169
-37
-113
-167
-231
-80
-6
28
127
119
42
-54
-165
-258
-230
-267
-160
-28
-110
-85
-118
-242
-281
-227
-168
9
148
267
420
326
163
8
-143
-164
57
212
378
514
342
172
57
-100
-106
13
10
39
99
31
-12
27
-35
-110
-100
-194
-203
-105
-44
104
237
94
21
11
-194
-130
25
-15
161
289
104
198
198
127
208
136
72
9
-12
28
71
68
187
158
12
-15
-70
-143
-86
31
24
-52
-170
-184
-93
-93
-62
97
-37
-130
-1
-134
-207
-68
-137
-6
157
13
104
164
11
-16
6
-199
-227
-190
-290
-89
-7
-53
66
-47
-194
-113
-261
-276
50
-5
-57
160
48
-122
20
-66
-159
-20
22
72
191
147
54
147
42
-66
65
16
58
211
78
68
132
-50
-203
-192
-207
-101
98
147
173
111
-53
-174
-116
-69
50
228
129
64
160
21
-124
-22
-11
-24
109
179
148
214
160
-18
-69
-148
-157
-23
-8
58
117
-12
-62
-97
-149
-88
39
31
-35
-4
-1
21
41
-49
-84
2
34
9
45
215
205
35
10
-2
-73
-8
106
12
18
104
10
-93
-100
-89
-89
-52
17
41
6
-17
-1
-62
-122
-80
-59
-28
68
123
103
72
17
-61
-121
-66
39
81
66
57
92
72
26
24
51
15
-30
-42
-89
-61
34
35
34
53
37
48
20
-13
19
9
9
63
73
37
57
78
-11
1
58
-36
-77
-13
-68
-103
-18
-21
-37
-21
-13
-38
-89
-113
-93
-5
22
42
116
109
50
-6
-97
-176
-109
-24
25
43
27
10
-22
-79
-112
-106
-97
2
25
-19
10
22
-57
-106
-96
-103
-68
-14
-16
-70
-48
-34
-52
-4
38
47
92
96
26
17
27
21
35
24
-4
28
43
31
65
77
31
-16
-36
-64
-63
-50
-61
-68
-32
-13
-23
4
-10
-67
-62
-72
-94
-15
64
102
122
96
41
10
-4
-14
37
83
94
147
149
84
92
49
-5
20
17
10
77
128
104
91
45
-31
-33
-9
0
36
56
40
29
33
16
24
26
-1
-13
-12
17
16
-14
-41
-84
-95
-98
-128
-111
-79
-53
-24
-4
-25
-79
-115
-114
-69
-6
4
-1
-15
-55
-61
-54
-70
-49
2
-30
-55
-65
-103
-76
-22
-17
-21
21
23
10
5
-47
-99
-106
-84
-50
5
41
66
65
35
1
0
27
62
111
117
105
114
96
35
20
30
9
26
89
121
161
164
81
5
-22
-50
-53
-14
1
40
54
43
73
78
27
-2
-5
-5
19
63
94
64
44
1
-48
-43
-31
11
14
9
29
10
8
34
4
-22
-15
-60
-74
-47
-45
-80
-126
-132
-121
-89
-42
-36
-58
-78
-120
-135
-95
-51
-36
-40
-41
-80
-106
-113
-155
-140
-102
-103
-83
-62
-82
-95
-96
-110
-102
-70
-71
-91
-68
-49
-7
76
119
115
104
79
69
90
114
152
154
138
118
75
50
63
82
113
142
158
165
162
183
200
211
215
237
260
249
252
277
267
282
322
313
328
346
332
339
320
264
242
209
152
119
114
103
117
146
141
127
118
79
37
43
55
81
108
131
129
96
61
2
-46
-48
-39
-46
-32
-55
-108
-159
-242
-309
-335
-357
-360
-361
-415
-453
-461
-463
-454
-423
-408
-432
-450
-471
-506
-515
-489
-512
-555
-575
-608
-677
-735
-799
-870
-881
-888
-940
-992
-1049
-1138
-1202
-1298
-1376
-1383
-1378
-1235
-821
-131
671
1364
1797
1953
1960
1935
1909
1935
2036
2163
2272
2242
2033
1712
1319
886
550
340
165
99
171
223
296
486
615
604
583
530
449
527
708
860
958
1018
994
828
619
432
256
133
87
4
-65
-88
-135
-202
-264
-283
-260
-229
-229
-212
-158
-69
41
127
118
54
24
-60
-169
-246
-293
-339
-404
-492
-609
-733
-846
-915
-996
-1063
-1107
-1171
-1232
-1259
-1231
-1211
-1223
-1282
-1440
-1625
-1767
-1889
-1981
-1987
-1989
-2024
-2118
-2299
-2510
-2756
-2991
-3242
-3541
-3725
-3228
-1671
465
2337
3594
4171
3959
3469
3005
2469
2392
3109
3688
3530
3119
2468
1514
703
66
-720
-1384
-1536
-1509
-1452
-966
-49
644
853
794
502
195
296
779
1217
1724
2330
2519
2154
1614
1152
652
239
-67
-419
-719
-807
-766
-761
-705
-590
-590
-779
-978
-961
-691
-208
338
748
959
1034
956
698
436
308
263
198
86
-46
-137
-142
-131
-165
-277
-413
-549
-711
-780
-659
-377
-67
168
268
291
290
275
267
263
310
362
381
341
311
356
395
348
213
52
-101
-195
-230
-190
-89
5
37
3
-62
-93
-62
-60
-69
-43
-56
-71
-18
62
166
304
379
318
202
78
-15
-11
132
306
437
518
447
283
122
-17
-192
-334
-378
-380
-360
-279
-175
-112
-48
-26
-76
-144
-125
-42
33
156
298
399
471
506
456
354
230
91
-26
-123
-136
-78
-21
41
68
14
-73
-110
-141
-166
-154
-150
-225
-329
-374
-462
-561
-629
-720
-876
-1009
-1078
-1165
-1170
-1103
-1051
-1072
-1139
-1286
-1508
-1711
-1920
-2150
-2424
-2644
-2851
-3156
-3476
-3418
-2181
208
2540
4047
4867
4730
3880
3284
2804
2341
2616
3133
2543
1600
1343
1049
485
128
-449
-1678
-2505
-2535
-2385
-1734
-160
1251
1500
1437
1432
1094
855
1189
1488
1361
1452
1554
1172
876
1097
1053
312
-471
-1176
-1909
-2194
-1802
-1314
-948
-485
-298
-506
-578
-236
106
288
511
634
581
578
735
801
772
655
198
-514
-1039
-1172
-1116
-900
-633
-484
-448
-478
-514
-477
-298
-114
3
11
35
180
399
652
794
817
700
427
127
-21
-43
-28
33
23
-46
-102
-111
-107
-107
-109
-198
-333
-464
-450
-281
-94
60
134
94
-30
-99
-177
-225
-156
-33
62
109
178
225
261
271
196
19
-142
-216
-210
-95
35
138
163
97
-14
28
370
803
1093
1182
1054
643
354
301
167
158
285
158
-56
82
232
299
565
691
522
341
310
284
415
709
844
708
459
340
202
56
26
13
-167
-393
-491
-648
-727
-605
-510
-659
-876
-1055
-1311
-1468
-1438
-1370
-1405
-1414
-1383
-1382
-1363
-1326
-1371
-1651
-1987
-2317
-2701
-3044
-3212
-3371
-3770
-4319
-4723
-4034
-1629
1613
4150
5539
5873
5106
4238
3883
3551
3229
3235
2727
1509
912
950
805
532
203
-951
-2647
-3480
-3191
-2211
-633
1076
1760
1712
2035
2381
2299
2333
2583
2251
1529
1094
898
903
1321
1641
953
-290
-1257
-1972
-2418
-2223
-1688
-1446
-1305
-1012
-710
-338
354
1007
1178
1044
781
470
371
692
1026
964
584
39
-498
-882
-1048
-1137
-1202
-1256
-1327
-1362
-1190
-699
-136
272
358
149
-85
-141
-20
194
442
570
556
471
392
311
244
179
-64
-427
-735
-852
-730
-415
-91
11
-72
-200
-300
-361
-332
-245
-164
-92
-37
28
109
222
275
141
-103
-288
-361
-300
-109
77
187
196
115
-23
-128
-120
-90
-62
-73
-161
-267
-277
-217
-150
-111
-169
-268
-353
-377
-383
-368
-274
-153
-66
-25
2
-7
27
90
256
779
1451
1817
1877
1752
1313
1097
1229
997
679
583
188
-245
-58
83
-31
166
175
-191
-368
-243
-66
250
579
569
233
-156
-225
-256
-410
-438
-496
-770
-954
-887
-906
-874
-734
-807
-1141
-1401
-1391
-1370
-1289
-1154
-1211
-1465
-1551
-1439
-1444
-1437
-1426
-1579
-1947
-2255
-2449
-2701
-2865
-3009
-3323
-3883
-4428
-5027
-5157
-3504
-144
3209
5312
6441
6327
5474
5233
5173
4474
3824
3394
2082
983
1080
1258
994
706
-53
-2034
-3724
-3845
-3004
-1890
-439
680
814
1380
2562
3126
3152
3417
3243
2034
1039
767
819
1124
1699
1490
206
-799
-1318
-1889
-2264
-2095
-2129
-2377
-2029
-1263
-511
418
1579
2062
1783
1430
1139
930
1102
1405
1094
513
148
-162
-556
-803
-973
-1377
-1784
-2067
-2197
-1979
-1212
-364
90
334
436
483
618
871
975
878
755
607
483
464
600
634
493
210
-247
-662
-810
-697
-569
-509
-492
-448
-284
-16
249
384
447
394
200
9
-26
96
261
329
194
-41
-200
-189
-109
-87
-138
-272
-424
-477
-438
-357
-166
69
148
113
72
53
73
138
146
40
-34
-1
87
158
341
792
1330
1650
1686
1530
1150
986
1202
1132
801
655
384
-10
99
224
50
143
253
-5
-247
-157
37
267
433
414
187
-79
-29
11
-202
-365
-451
-738
-992
-1044
-1177
-1288
-1272
-1291
-1493
-1604
-1468
-1299
-1199
-1131
-1233
-1557
-1766
-1908
-2039
-2124
-2140
-2170
-2318
-2520
-2755
-2904
-3071
-3186
-3461
-4029
-4766
-5199
-4022
-906
2779
5392
6831
6909
5997
5617
5510
4756
3727
2917
1480
153
121
508
675
730
332
-1402
-3165
-3320
-2377
-1302
-185
794
908
1254
2350
3056
3146
3288
3090
1794
544
186
340
561
904
839
-146
-890
-866
-832
-1031
-999
-1149
-1644
-1663
-1124
-454
350
1415
1943
1586
1141
1006
880
772
715
218
-401
-555
-403
-311
-201
-83
-331
-857
-1312
-1497
-1397
-904
-341
-160
-108
59
310
545
724
630
290
12
-139
-139
50
503
906
1023
903
584
304
232
252
93
-127
-274
-282
-99
125
359
514
528
370
130
-78
-138
-22
91
142
109
101
178
291
382
339
192
70
25
-6
30
99
106
70
-22
-154
-250
-255
-239
-266
-348
-406
-381
-262
-73
99
212
239
368
718
1148
1429
1533
1357
861
464
202
-80
-249
-257
-361
-430
-262
-150
-28
144
176
-25
-255
-314
-231
-12
231
429
385
231
141
-82
-399
-662
-903
-1235
-1431
-1443
-1406
-1271
-1061
-963
-1102
-1241
-1293
-1416
-1571
-1692
-1924
-2185
-2243
-2171
-2174
-2200
-2258
-2522
-2914
-3340
-3786
-4293
-4165
-2468
477
3317
5277
6453
6496
6023
5831
5232
3903
2697
1708
317
-471
-283
-1
111
156
-421
-1979
-2974
-2651
-1877
-1204
-295
553
1023
2041
3293
3867
3885
3774
2962
1353
174
-227
-317
-319
-109
-309
-948
-1082
-881
-999
-1323
-1492
-1795
-2004
-1620
-819
40
955
1837
2051
1755
1606
1589
1323
893
349
-406
-977
-1182
-1177
-1134
-993
-882
-1030
-1296
-1413
-1307
-1088
-743
-483
-306
14
498
1017
1356
1431
1218
849
417
105
-39
-65
58
103
15
-62
17
168
284
248
5
-230
-362
-328
-181
46
299
466
537
531
500
464
470
380
130
-96
-170
-74
134
362
471
475
454
421
394
398
423
373
240
96
13
15
57
60
-103
-392
-623
-713
-673
-484
-240
-125
-85
-30
24
111
229
264
165
34
-84
-172
-242
-303
-369
-446
-513
-565
-537
-419
-233
-94
-35
-10
27
127
289
445
457
376
241
55
-155
-401
-634
-835
-1050
-1324
-1506
-1536
-1433
-1188
-972
-872
-774
-651
-591
-557
-600
-809
-1055
-1281
-1538
-1782
-2012
-2268
-2571
-2899
-3237
-3557
-3769
-3727
-2901
-915
1691
3818
5165
5829
5674
5367
5157
4421
3208
2219
1204
32
-430
-333
-233
-213
-329
-1055
-2056
-2174
-1490
-823
-319
458
1089
1591
2550
3401
3615
3515
3213
2149
799
68
-203
-490
-741
-869
-1296
-1649
-1439
-1206
-1373
-1517
-1480
-1600
-1558
-1032
-290
382
1076
1598
1604
1478
1603
1600
1169
638
98
-458
-768
-793
-830
-914
-898
-921
-1072
-1114
-861
-588
-416
-280
-232
-177
86
479
699
756
696
542
325
130
32
-53
-109
-190
-332
-433
-275
44
275
376
292
152
75
116
218
314
413
473
495
518
646
759
765
632
294
-65
-222
-162
-23
131
217
180
114
69
37
-26
-91
-161
-314
-445
-421
-294
-136
32
82
-46
-172
-228
-253
-234
-143
-37
-17
-7
46
94
98
42
-122
-422
-667
-756
-784
-804
-749
-666
-677
-667
-629
-651
-647
-544
-470
-453
-363
-261
-222
-187
-199
-346
-587
-831
-1082
-1410
-1703
-1926
-2148
-2390
-2581
-2714
-2895
-2994
-3063
-3132
-3156
-3102
-3028
-2882
-1899
231
2825
4823
6005
6363
5935
5595
5281
4331
2952
1843
720
-394
-672
-467
-306
-238
-310
-1005
-1853
-1746
-1037
-536
-177
428
836
1294
2237
2956
3119
3076
2738
1676
551
28
-162
-404
-600
-730
-1050
-1101
-691
-413
-550
-696
-836
-1104
-1141
-814
-282
222
730
1049
1050
1079
1285
1254
744
156
-431
-918
-1115
-1080
-972
-849
-660
-582
-634
-665
-523
-404
-454
-499
-504
-364
-19
422
700
752
673
532
341
152
115
91
24
-21
-56
-45
124
345
365
239
48
-131
-240
-258
-235
-211
-155
-111
-79
-17
137
266
248
126
-63
-202
-184
-27
130
289
499
713
902
1037
1065
934
679
316
-91
-399
-509
-473
-422
-398
-358
-302
-245
-168
-135
-193
-247
-227
-171
-56
132
277
321
272
160
-4
-162
-291
-496
-781
-1030
-1173
-1235
-1160
-972
-806
-695
-635
-619
-633
-619
-575
-581
-630
-653
-625
-601
-585
-629
-767
-980
-1303
-1656
-2016
-2329
-2528
-2662
-2816
-2927
-2927
-2935
-2861
-2800
-2903
-3068
-2948
-1922
135
2520
4364
5533
5923
5706
5473
5017
4050
2888
1849
719
-129
-200
120
418
535
297
-531
-1242
-1193
-842
-621
-332
159
601
1292
2230
2886
3121
3097
2650
1660
812
464
259
-80
-361
-612
-870
-798
-515
-473
-755
-1043
-1370
-1675
-1632
-1174
-561
28
601
949
1172
1484
1777
1689
1192
576
-46
-493
-696
-692
-683
-720
-772
-889
-964
-902
-724
-670
-744
-828
-776
-480
-19
491
870
1066
1082
1007
860
721
650
524
293
55
-27
29
186
311
248
-19
-323
-483
-568
-535
-351
-103
81
256
468
662
872
993
938
717
494
356
249
181
163
150
76
24
-43
-179
-309
-425
-575
-739
-815
-767
-609
-424
-265
-141
-76
3
112
179
215
286
316
273
233
161
65
-16
-145
-403
-680
-881
-1012
-1055
-1047
-1018
-985
-907
-750
-568
-466
-456
-478
-579
-693
-749
-837
-993
-1157
-1316
-1515
-1648
-1666
-1686
-1737
-1768
-1866
-2100
-2289
-2445
-2706
-2904
-2974
-3050
-3048
-2704
-1623
398
2755
4551
5646
6056
5860
5570
5142
4190
2968
1867
701
-285
-560
-368
-169
-118
-318
-997
-1665
-1592
-1084
-708
-279
384
941
1616
2583
3274
3450
3335
2803
1694
618
41
-301
-698
-1007
-1192
-1372
-1259
-830
-544
-544
-564
-627
-795
-754
-365
144
566
952
1201
1247
1376
1598
1501
1005
424
-189
-768
-1097
-1172
-1152
-1110
-1031
-986
-958
-793
-461
-195
-117
-64
63
240
494
797
935
865
778
643
370
177
144
51
-90
-135
-147
-104
99
324
388
353
334
281
180
147
151
100
79
124
165
244
401
494
453
344
218
108
67
130
202
225
246
262
234
207
193
104
-36
-195
-359
-429
-368
-271
-214
-175
-158
-175
-185
-172
-183
-234
-304
-458
-662
-772
-777
-749
-713
-710
-777
-831
-817
-785
-799
-822
-836
-866
-858
-747
-621
-546
-508
-583
-789
-1026
-1236
-1443
-1610
-1659
-1625
-1619
-1646
-1637
-1701
-1885
-2110
-2413
-2803
-3079
-3168
-3088
-2400
-712
1529
3504
4913
5654
5653
5352
5001
4231
3101
2125
1194
254
-136
7
147
178
94
-399
-1065
-1223
-873
-491
-113
414
910
1482
2353
3093
3322
3240
2791
1734
538
-245
-739
-1111
-1303
-1449
-1602
-1485
-1097
-847
-796
-730
-738
-819
-642
-178
351
937
1461
1636
1572
1556
1502
1229
806
283
-331
-805
-964
-964
-908
-734
-571
-570
-572
-416
-227
-38
180
332
432
655
1003
1262
1384
1347
1095
672
259
-48
-316
-500
-615
-722
-763
-625
-342
-75
140
234
240
206
185
204
234
291
331
376
406
456
516
503
392
172
-51
-205
-206
-116
-9
107
219
338
396
409
370
302
183
23
-120
-218
-208
-146
-76
-65
-104
-186
-294
-409
-537
-637
-742
-796
-814
-798
-740
-645
-578
-607
-669
-748
-791
-821
-839
-865
-930
-991
-1026
-1020
-1019
-958
-919
-987
-1096
-1154
-1198
-1259
-1231
-1254
-1375
-1513
-1655
-1873
-2098
-2245
-2423
-2623
-2858
-3064
-3137
-2633
-1109
1039
3031
4547
5537
5745
5563
5290
4579
3562
2661
1700
605
122
270
437
486
412
-58
-788
-1048
-842
-556
-124
513
996
1387
2111
2805
3058
3003
2674
1803
701
-33
-477
-827
-1019
-1112
-1339
-1460
-1238
-987
-881
-760
-636
-671
-628
-266
281
834
1322
1583
1468
1227
1058
826
461
73
-346
-795
-1054
-1059
-919
-736
-544
-416
-387
-340
-162
88
303
516
715
847
977
1136
1198
1092
875
552
141
-205
-366
-411
-378
-259
-157
-92
56
258
375
437
466
423
410
486
594
707
796
779
648
484
334
198
50
-131
-327
-517
-637
-662
-596
-471
-326
-181
-64
31
91
140
154
115
33
-78
-152
-182
-167
-141
-161
-251
-389
-565
-748
-816
-814
-798
-759
-725
-696
-622
-540
-548
-587
-664
-812
-951
-1008
-1037
-1092
-1111
-1152
-1302
-1496
-1658
-1835
-1952
-1932
-1913
-1845
-1622
-1404
-1277
-1190
-1262
-1486
-1722
-2014
-2320
-2543
-2751
-2563
-1267
874
2894
4425
5373
5466
5051
4659
4019
3183
2730
2279
1307
643
743
814
688
601
107
-856
-1418
-1374
-1169
-544
582
1391
1664
2164
2785
2921
2875
2760
2084
1086
450
32
-310
-233
-15
-265
-774
-1032
-1229
-1501
-1556
-1498
-1591
-1556
-1177
-698
-120
634
1226
1363
1269
1173
1031
880
834
772
515
220
1
-215
-377
-441
-630
-1044
-1393
-1483
-1370
-1060
-526
4
381
714
939
1012
1121
1265
1232
1106
1008
885
824
847
801
643
432
140
-165
-319
-306
-194
-36
128
226
291
412
521
551
552
506
319
104
3
-29
-22
24
60
34
5
38
52
20
23
11
-99
-140
-44
14
65
156
122
-35
-196
-451
-799
-1034
-1194
-1368
-1434
-1354
-1220
-1040
-831
-705
-652
-618
-648
-758
-864
-911
-911
-869
-852
-926
-1035
-1175
-1453
-1810
-2091
-2287
-2359
-2258
-2132
-2034
-1860
-1771
-1842
-1866
-1900
-2047
-2080
-1994
-2033
-2070
-1991
-1411
344
2752
4570
5625
6099
5699
4925
4243
3339
2564
2339
1866
806
248
397
482
370
183
-408
-1244
-1472
-1189
-728
322
1781
2577
2720
3052
3266
3034
2686
2197
1314
436
-83
-570
-850
-581
-230
-470
-956
-1188
-1365
-1388
-1121
-811
-570
-184
191
377
718
1205
1458
1280
929
549
171
-18
-94
-176
-243
-304
-585
-915
-988
-949
-877
-798
-721
-599
-303
78
432
812
1088
1164
999
782
669
639
622
549
470
379
329
239
135
92
44
-27
-148
-224
-151
128
453
748
1039
1193
1202
1114
989
848
747
594
311
41
-171
-358
-542
-681
-814
-914
-943
-928
-798
-539
-213
74
292
446
574
624
548
433
255
13
-286
-626
-909
-1045
-1177
-1433
-1683
-1838
-1814
-1720
-1648
-1501
-1296
-1128
-1049
-1031
-1053
-1023
-1035
-1151
-1259
-1388
-1477
-1515
-1480
-1387
-1298
-1253
-1300
-1496
-1820
-2041
-2231
-2337
-2289
-2341
-2360
-2252
-2228
-2264
-1801
-513
1458
3473
4879
5664
5773
5465
5054
4431
3746
3345
2916
2139
1536
1157
828
551
175
-365
-1006
-1480
-1680
-1539
-962
55
1081
1720
2146
2315
2306
2249
2139
1947
1645
1306
975
747
578
504
303
-190
-732
-1291
-1797
-2116
-2117
-1829
-1336
-771
-294
124
451
754
948
996
1040
1040
927
743
629
536
450
358
98
-331
-759
-1030
-1202
-1183
-924
-656
-426
-164
48
170
360
537
575
610
684
768
874
1017
1146
1190
1135
1000
804
552
358
275
217
223
327
400
389
391
331
130
-49
-168
-279
-268
-113
54
229
432
534
529
445
263
85
-33
-111
-135
-93
-42
-9
-32
-161
-349
-599
-877
-1128
-1311
-1384
-1363
-1289
-1202
-1131
-1119
-1122
-1108
-1084
-1031
-1007
-986
-931
-910
-992
-1139
-1286
-1407
-1484
-1580
-1680
-1748
-1776
-1717
-1633
-1590
-1551
-1493
-1510
-1546
-1562
-1693
-1903
-2125
-2363
-2535
-2518
-2477
-2524
-2452
-1902
-506
1522
3455
4805
5508
5539
5132
4597
3943
3481
3437
3414
3174
2999
2828
2369
1686
845
-42
-723
-1107
-1328
-1337
-913
-186
497
991
1379
1617
1659
1587
1442
1311
1284
1263
1121
956
901
841
602
143
-439
-1010
-1471
-1718
-1713
-1472
-1110
-782
-577
-486
-369
-201
-39
129
297
415
529
741
931
1039
1033
847
520
135
-226
-527
-674
-676
-558
-386
-248
-114
-8
42
2
-88
-173
-170
-32
177
430
690
954
1138
1184
1134
1023
915
840
796
751
743
754
725
659
546
467
443
400
282
135
-19
-156
-234
-314
-388
-395
-399
-483
-559
-551
-479
-346
-195
-79
32
153
192
123
-6
-174
-368
-589
-810
-967
-1064
-1188
-1316
-1418
-1503
-1537
-1515
-1484
-1463
-1413
-1391
-1429
-1465
-1473
-1484
-1475
-1401
-1305
-1189
-1074
-1041
-1087
-1190
-1324
-1419
-1434
-1437
-1411
-1384
-1446
-1532
-1692
-1996
-2254
-2341
-2394
-2373
-2234
-1963
-1182
174
1628
2867
3754
4126
4184
4119
3852
3630
3665
3777
3804
3726
3517
3279
3059
2592
1855
1125
580
203
-16
-85
-58
95
213
142
6
-2
58
44
7
-25
36
173
245
256
338
476
506
423
247
66
-89
-280
-473
-564
-477
-360
-325
-362
-431
-528
-642
-716
-745
-690
-629
-641
-724
-830
-899
-916
-877
-919
-995
-970
-892
-759
-566
-409
-245
-17
89
157
281
290
194
57
-54
-26
32
-89
-223
-192
-102
56
326
494
493
607
747
874
1076
1018
847
997
1190
1241
1256
1063
959
1048
898
687
534
301
145
-25
-316
-492
-600
-703
-747
-868
-936
-897
-864
-736
-595
-484
-307
-171
-112
-12
51
69
73
-14
-107
-196
-308
-395
-477
-550
-573
-575
-583
-544
-472
-370
-238
-123
-69
-65
-78
-111
-129
-116
-86
-45
-7
28
59
69
55
31
-7
-54
-108
-141
-131
-112
-95
-114
-150
-164
-194
-241
-276
-310
-324
-291
-238
-149
-54
5
25
-33
-111
-157
-197
-212
-188
-141
-73
5
72
144
193
226
257
270
306
358
405
457
538
595
623
621
540
422
282
165
78
-18
-70
-84
-109
-114
-81
-46
30
121
168
242
356
492
620
719
799
855
859
807
716
570
432
312
180
85
57
73
82
100
108
97
107
146
194
222
254
294
301
258
203
147
64
-23
-137
-236
-288
-328
-372
-418
-456
-483
-509
-527
-516
-499
-484
-452
-419
-365
-305
-245
-195
-189
-202
-213
-234
-222
-188
-166
-148
-162
-232
-306
-365
-426
-469
-454
-414
-359
-278
-166
-49
23
68
88
88
115
121
106
113
135
156
153
110
52
-52
-181
-305
-408
-467
-488
-429
-352
-285
-184
-118
-80
-72
-66
-45
-61
-122
-129
-95
-88
-69
-47
-26
4
24
45
40
30
78
114
171
259
179
971
2571
2882
1677
-239
-1172
349
1882
1738
865
-308
-623
-143
143
699
584
-431
-1144
-1278
-194
728
148
-633
-1213
-1332
-634
-120
225
370
-263
-893
-740
139
981
854
225
-183
-37
522
776
681
691
426
38
145
469
786
896
348
-55
329
886
1099
949
616
487
580
693
690
714
708
304
-211
-343
-234
-164
-360
-697
-752
-470
-304
-236
-97
64
194
175
135
273
301
182
14
-242
-234
-80
-199
-286
-385
-474
-289
-251
-492
-498
-432
-334
-234
-433
-438
-157
-112
-117
-100
-95
-58
-188
-434
-510
-422
-436
-614
-703
-743
-728
-708
-919
-909
-732
-861
-881
-806
-696
-337
-189
-189
10
121
70
-23
61
268
63
-98
-56
-300
-359
-348
-713
-715
-636
-955
-939
-760
-775
-583
-411
-438
-464
-451
-398
-352
-294
-263
-292
-119
14
8
224
450
508
538
544
684
956
1175
1216
1125
1176
1304
1411
1648
1783
1820
1860
1704
1619
1788
1871
1780
1592
1362
1285
1267
1188
1147
1055
933
796
520
368
390
204
-25
-141
-294
-305
-290
-392
-411
-459
-594
-684
-664
-570
-573
-672
-676
-568
-393
-268
-298
-264
-186
-169
-131
-116
-98
-38
49
183
319
394
415
410
439
568
627
580
526
432
356
295
95
-93
-164
-309
-453
-562
-715
-672
-574
-552
-352
-129
-55
19
63
99
198
195
140
143
122
130
22
-106
-71
-152
-323
-500
-777
-808
-673
-765
-797
-710
-711
-581
-478
-534
-486
-308
-264
-392
-477
-484
-451
-396
-443
-657
-823
-926
-1160
-1280
-1380
-1529
-1488
-1589
-1833
-1721
-1501
-1375
-1221
-1314
-1380
-1128
-963
-839
-750
-844
-853
-788
-722
-370
-98
-162
-139
-147
-18
449
712
848
1059
1188
1400
1693
2036
2522
2733
2712
2708
2682
2971
3257
3104
2974
2903
2760
2727
2557
2227
2051
1748
1297
950
667
481
252
-104
-345
-434
-467
-539
-749
-920
-995
-1103
-1092
-1014
-971
-910
-913
-901
-733
-525
-448
-477
-471
-400
-296
-150
-43
19
153
223
219
274
332
370
368
303
263
302
385
438
421
421
459
444
409
368
306
249
181
114
88
99
79
33
14
29
75
132
194
241
267
264
271
308
346
368
357
327
276
206
178
189
183
157
89
-34
-114
-185
-257
-287
-349
-463
-586
-689
-708
-672
-668
-741
-813
-837
-892
-960
-1018
-1116
-1154
-1167
-1202
-1109
-1031
-1110
-1160
-1164
-1133
-1022
-1035
-1164
-1180
-1218
-1328
-1335
-1281
-1236
-1224
-1347
-1441
-1367
-1284
-1294
-1456
-1682
-1738
-1684
-1694
-1662
-1474
-1163
-753
-409
-254
-68
318
733
1082
1342
1493
1708
1999
2222
2498
2896
3229
3435
3491
3401
3412
3518
3480
3340
3169
2961
2735
2501
2299
2139
2003
1786
1419
1073
803
456
73
-271
-542
-752
-956
-1176
-1364
-1426
-1436
-1514
-1562
-1557
-1509
-1440
-1434
-1374
-1193
-1020
-889
-811
-717
-545
-388
-298
-193
-43
95
191
252
322
476
622
699
791
891
958
965
895
811
763
726
612
436
317
263
243
234
191
165
158
120
80
84
132
173
197
228
256
315
361
337
323
309
232
150
97
59
53
58
45
66
104
119
127
130
150
194
221
244
248
196
127
45
-58
-150
-276
-446
-642
-861
-1045
-1157
-1222
-1240
-1242
-1284
-1329
-1337
-1301
-1244
-1205
-1198
-1203
-1185
-1130
-1040
-938
-864
-815
-795
-801
-809
-834
-869
-875
-943
-1081
-1169
-1224
-1260
-1275
-1399
-1610
-1724
-1799
-1878
-1907
-1957
-1929
-1618
-1135
-691
-361
-137
145
614
1144
1496
1587
1627
1769
1960
2187
2463
2768
3066
3197
3122
3133
3337
3488
3486
3356
3203
3159
3058
2782
2518
2297
2031
1690
1286
954
712
384
-33
-414
-667
-834
-1080
-1370
-1543
-1617
-1641
-1649
-1697
-1687
-1611
-1601
-1581
-1455
-1238
-1009
-866
-767
-601
-380
-180
-34
71
193
320
377
368
431
556
633
671
682
724
835
887
871
883
903
907
858
718
562
463
374
261
163
104
50
-9
-80
-105
-44
38
130
202
222
239
251
264
320
371
386
406
423
449
471
418
348
293
184
93
60
-10
-63
-80
-119
-127
-141
-192
-259
-349
-388
-413
-484
-525
-592
-723
-817
-900
-961
-969
-991
-1053
-1116
-1148
-1134
-1107
-1074
-1070
-1106
-1136
-1129
-1095
-1031
-1007
-1039
-1045
-999
-901
-805
-800
-843
-906
-959
-943
-978
-1085
-1149
-1243
-1333
-1365
-1468
-1639
-1803
-1968
-2049
-1910
-1630
-1321
-1023
-791
-621
-331
155
628
965
1170
1293
1562
1993
2348
2672
3014
3245
3399
3453
3440
3532
3607
3500
3279
3106
3036
2944
2742
2474
2205
1998
1761
1383
1033
777
463
112
-171
-364
-466
-589
-847
-1084
-1188
-1257
-1348
-1469
-1590
-1649
-1688
-1731
-1665
-1467
-1271
-1118
-989
-838
-601
-347
-193
-76
92
268
367
420
500
586
645
694
711
727
791
826
781
748
741
719
654
528
418
353
286
224
150
89
75
53
-7
-50
-53
-45
-43
-9
47
117
204
253
290
360
444
544
615
634
652
657
638
632
630
602
530
422
317
228
135
-4
-183
-336
-451
-554
-630
-692
-748
-788
-854
-938
-997
-1066
-1159
-1252
-1324
-1344
-1326
-1295
-1278
-1278
-1258
-1213
-1162
-1101
-1067
-1109
-1184
-1209
-1166
-1077
-1029
-1119
-1223
-1226
-1206
-1172
-1183
-1282
-1355
-1441
-1535
-1523
-1478
-1454
-1486
-1619
-1700
-1677
-1644
-1476
-1136
-827
-627
-505
-325
134
730
1079
1192
1321
1595
1972
2294
2607
3044
3423
3548
3492
3488
3670
3805
3638
3356
3195
3134
3018
2748
2485
2378
2230
1877
1478
1177
906
567
121
-277
-425
-478
-681
-938
-1085
-1124
-1162
-1305
-1466
-1514
-1535
-1634
-1731
-1683
-1479
-1253
-1132
-1061
-889
-653
-473
-335
-199
-35
146
251
317
419
518
572
572
555
573
591
565
501
455
466
496
497
480
481
473
422
361
306
258
216
132
50
22
24
46
66
98
164
201
183
176
238
330
424
496
508
525
570
580
586
603
570
501
429
359
299
258
189
83
15
-48
-144
-241
-377
-514
-601
-697
-787
-872
-972
-1058
-1126
-1163
-1183
-1228
-1292
-1383
-1468
-1512
-1511
-1465
-1432
-1427
-1417
-1389
-1314
-1230
-1212
-1226
-1202
-1142
-1079
-1013
-958
-957
-1005
-1055
-1090
-1099
-1113
-1196
-1321
-1361
-1323
-1355
-1421
-1457
-1546
-1618
-1515
-1240
-827
-446
-363
-352
-41
496
1018
1305
1339
1417
1640
1880
2188
2591
2985
3243
3265
3220
3370
3630
3732
3583
3332
3182
3110
2969
2742
2488
2268
2037
1723
1396
1108
785
366
-81
-414
-579
-708
-943
-1208
-1384
-1461
-1475
-1509
-1603
-1660
-1708
-1808
-1808
-1659
-1463
-1292
-1204
-1166
-1025
-783
-586
-452
-328
-192
-39
98
215
353
490
585
627
645
678
692
648
581
553
590
642
657
630
580
539
506
473
471
478
423
318
218
165
196
275
315
333
355
348
346
369
383
408
419
383
367
392
406
408
398
385
367
317
219
99
5
-71
-149
-195
-230
-301
-374
-458
-556
-626
-695
-794
-905
-1019
-1113
-1153
-1151
-1167
-1208
-1217
-1215
-1240
-1259
-1265
-1256
-1216
-1183
-1144
-1074
-1024
-1022
-1028
-1015
-999
-1017
-1053
-1051
-1017
-1001
-1005
-1003
-951
-883
-898
-978
-1024
-1026
-1055
-1123
-1173
-1175
-1147
-1166
-1312
-1419
-1272
-989
-725
-533
-489
-392
-26
402
768
1106
1245
1278
1451
1655
1956
2412
2692
2807
2925
2946
3000
3145
3136
3058
3013
2898
2809
2753
2617
2448
2265
2042
1814
1552
1218
839
459
129
-138
-351
-527
-721
-939
-1137
-1304
-1396
-1428
-1477
-1534
-1579
-1611
-1579
-1454
-1280
-1127
-1030
-986
-944
-847
-711
-582
-463
-355
-235
-94
43
180
299
368
423
467
502
555
601
610
628
673
714
749
749
700
642
572
494
442
412
371
285
185
151
188
266
334
332
311
312
293
274
281
277
280
287
280
306
338
332
314
269
201
151
76
-7
-71
-133
-178
-214
-252
-303
-397
-518
-638
-739
-807
-868
-939
-996
-1035
-1050
-1044
-1045
-1060
-1092
-1161
-1236
-1263
-1270
-1273
-1248
-1235
-1205
-1113
-1047
-1051
-1075
-1111
-1091
-996
-950
-930
-872
-804
-715
-664
-680
-654
-640
-711
-789
-858
-867
-833
-899
-993
-1005
-996
-999
-1080
-1243
-1273
-1086
-796
-542
-428
-369
-173
192
576
841
1011
1192
1378
1538
1731
2053
2496
2836
2907
2855
2875
2982
3035
2924
2765
2713
2700
2598
2431
2290
2209
2081
1824
1543
1306
1057
740
353
35
-115
-248
-469
-721
-958
-1145
-1295
-1465
-1592
-1640
-1678
-1732
-1755
-1703
-1590
-1469
-1379
-1297
-1172
-1054
-974
-876
-751
-586
-414
-309
-192
-31
117
250
346
436
554
623
639
655
705
804
885
920
948
960
930
853
750
656
582
497
397
338
318
302
304
304
275
244
177
76
15
-36
-89
-86
-41
13
51
49
25
26
38
20
-4
-7
-4
11
18
-3
-5
-21
-93
-190
-322
-486
-627
-756
-862
-919
-972
-1028
-1072
-1110
-1139
-1154
-1163
-1186
-1214
-1246
-1260
-1217
-1130
-1053
-1020
-1036
-1070
-1083
-1087
-1084
-1061
-1037
-1024
-1009
-949
-818
-683
-639
-675
-675
-572
-462
-444
-463
-466
-422
-339
-320
-350
-364
-412
-457
-505
-622
-731
-812
-823
-661
-451
-289
-132
-54
18
205
421
630
797
882
1018
1237
1474
1755
2029
2220
2339
2392
2448
2554
2622
2614
2575
2542
2529
2481
2380
2264
2096
1869
1638
1398
1120
796
438
113
-122
-290
-429
-568
-716
-884
-1097
-1291
-1388
-1425
-1451
-1478
-1504
-1482
-1408
-1330
-1258
-1185
-1115
-1038
-961
-873
-756
-609
-433
-284
-150
17
159
235
287
492
1051
1636
1734
1455
1236
1232
1283
1193
1107
1205
1264
1037
606
247
113
24
-120
-146
-95
-131
-198
-202
-178
-197
-289
-367
-321
-234
-231
-225
-64
187
355
376
327
266
149
-26
-172
-194
-119
-124
-232
-321
-424
-577
-752
-961
-1122
-1197
-1319
-1431
-1420
-1370
-1338
-1339
-1356
-1299
-1232
-1272
-1333
-1326
-1260
-1175
-1133
-1078
-911
-786
-852
-933
-911
-927
-992
-1032
-1042
-953
-821
-804
-804
-704
-663
-741
-832
-886
-842
-742
-758
-828
-784
-686
-630
-701
-885
-868
-714
-785
-965
-985
-728
-172
442
925
1408
1795
1895
1844
1852
2027
2398
2827
3114
3241
3256
3182
3083
2903
2583
2257
1954
1616
1298
1079
983
976
843
460
5
-385
-702
-906
-944
-847
-662
-543
-602
-685
-687
-645
-531
-367
-203
-1
201
349
514
678
726
654
509
333
212
177
162
186
199
79
-130
-366
-587
-687
-706
-714
-664
-601
-579
-540
-479
-407
-307
-215
-126
38
277
550
841
1059
1173
1223
1191
1106
1044
1011
967
889
750
553
380
210
-24
-204
-270
-316
-353
-401
-465
-463
-465
-495
-459
-419
-402
-355
-328
-306
-246
-237
-268
-281
-363
-471
-492
-520
-594
-656
-764
-929
-1104
-1311
-1467
-1495
-1506
-1550
-1583
-1623
-1655
-1688
-1767
-1833
-1815
-1773
-1745
-1676
-1534
-1281
-994
-901
-989
-1041
-1011
-972
-945
-887
-733
-531
-475
-607
-747
-799
-884
-1099
-1336
-1391
-1285
-1244
-1292
-1324
-1341
-1375
-1473
-1548
-1193
-228
987
2036
2760
3147
3246
3139
2968
3017
3482
4144
4549
4475
4082
3608
3060
2371
1680
1143
742
401
94
-133
-232
-309
-559
-995
-1390
-1539
-1401
-1029
-517
29
492
742
750
636
573
700
977
1244
1453
1601
1614
1468
1200
841
483
193
-81
-340
-517
-617
-724
-916
-1179
-1424
-1608
-1690
-1631
-1431
-1115
-767
-501
-354
-248
-109
67
291
552
802
1007
1140
1183
1156
1097
1035
951
835
719
628
558
477
345
151
-78
-307
-498
-620
-632
-517
-383
-318
-282
-236
-190
-131
-43
75
227
376
467
490
462
403
307
170
29
-130
-319
-517
-719
-901
-1046
-1187
-1343
-1503
-1629
-1694
-1724
-1730
-1711
-1668
-1612
-1571
-1532
-1478
-1443
-1482
-1607
-1723
-1703
-1545
-1315
-1072
-946
-986
-1106
-1219
-1233
-1109
-1007
-1057
-1178
-1299
-1351
-1243
-1058
-946
-970
-1133
-1311
-1379
-1358
-1235
-1025
-896
-892
-919
-968
-984
-805
-293
603
1727
2639
3038
3034
2860
2694
2685
2935
3447
3995
4211
3960
3410
2766
2179
1689
1265
956
771
580
332
88
-154
-421
-712
-1003
-1209
-1226
-1009
-577
-49
388
624
660
576
497
541
770
1146
1512
1681
1594
1338
1003
623
280
57
-52
-118
-225
-400
-599
-789
-986
-1162
-1262
-1277
-1194
-1013
-792
-558
-349
-240
-231
-263
-275
-184
49
352
629
810
864
814
697
586
564
639
747
815
780
650
501
349
179
29
-72
-151
-207
-249
-273
-257
-235
-250
-277
-273
-217
-107
19
157
290
344
290
167
27
-82
-138
-163
-180
-229
-349
-537
-775
-1030
-1253
-1415
-1499
-1501
-1467
-1443
-1419
-1396
-1404
-1452
-1513
-1546
-1532
-1481
-1409
-1334
-1278
-1255
-1298
-1400
-1461
-1388
-1197
-945
-727
-670
-821
-1091
-1336
-1432
-1331
-1124
-949
-878
-913
-1024
-1165
-1298
-1404
-1496
-1553
-1505
-1352
-1171
-1034
-993
-1082
-1164
-917
-143
1013
2167
2949
3243
3181
2968
2806
2910
3365
3980
4390
4398
4038
3409
2638
1905
1386
1125
1010
895
672
316
-93
-496
-853
-1098
-1209
-1207
-1071
-804
-483
-183
53
205
259
240
253
401
665
987
1295
1482
1480
1279
931
575
328
204
165
161
122
-21
-300
-653
-962
-1152
-1205
-1141
-1001
-850
-725
-622
-533
-459
-391
-301
-178
-12
195
410
596
721
767
760
734
715
729
757
781
784
714
567
394
202
17
-101
-144
-134
-113
-135
-210
-318
-421
-471
-437
-327
-175
-25
73
105
87
47
16
1
-8
-17
-52
-130
-248
-397
-553
-696
-826
-958
-1106
-1270
-1428
-1545
-1598
-1602
-1588
-1566
-1556
-1582
-1606
-1569
-1452
-1299
-1160
-1075
-1077
-1139
-1196
-1179
-1052
-873
-784
-863
-1061
-1251
-1341
-1310
-1186
-1047
-986
-1023
-1137
-1333
-1546
-1649
-1583
-1387
-1163
-1057
-1117
-1245
-1293
-1208
-1053
-910
-770
-510
53
954
1902
2598
2984
3070
2910
2693
2637
2899
3469
4087
4423
4296
3698
2786
1825
1106
821
875
1008
1044
865
418
-170
-705
-1077
-1209
-1085
-786
-446
-187
-48
-1
-1
-11
13
101
293
580
870
1095
1227
1217
1028
738
470
279
180
168
210
232
155
-57
-376
-701
-916
-978
-907
-749
-568
-439
-405
-445
-505
-546
-529
-406
-199
41
268
433
518
570
647
741
821
874
882
849
800
755
699
609
483
322
120
-77
-211
-278
-287
-265
-259
-302
-390
-495
-585
-615
-552
-426
-310
-226
-189
-225
-296
-364
-408
-403
-369
-337
-342
-420
-565
-752
-974
-1171
-1278
-1306
-1290
-1263
-1271
-1327
-1419
-1540
-1656
-1697
-1647
-1534
-1408
-1315
-1266
-1236
-1196
-1147
-1119
-1151
-1207
-1209
-1125
-965
-801
-728
-762
-848
-935
-987
-994
-987
-983
-978
-986
-1021
-1070
-1141
-1229
-1257
-1177
-1036
-859
-682
-589
-571
-499
-202
417
1248
2017
2532
2765
2782
2724
2736
2922
3279
3647
3865
3864
3590
3066
2475
1987
1668
1500
1361
1163
882
509
102
-253
-519
-687
-763
-754
-663
-556
-487
-427
-354
-286
-212
-117
10
169
354
556
724
797
763
655
536
452
397
368
376
375
301
156
-36
-241
-409
-492
-480
-413
-362
-357
-390
-446
-497
-532
-529
-453
-297
-77
178
398
510
516
463
411
417
513
686
867
967
938
804
594
357
171
82
90
135
116
-2
-181
-389
-588
-733
-810
-817
-768
-713
-682
-689
-747
-825
-886
-927
-936
-908
-858
-791
-727
-722
-807
-962
-1130
-1221
-1196
-1093
-995
-960
-1013
-1131
-1253
-1347
-1387
-1352
-1261
-1147
-1049
-1026
-1089
-1155
-1161
-1099
-1004
-938
-934
-972
-1006
-985
-902
-842
-850
-873
-854
-794
-752
-786
-869
-932
-944
-901
-820
-758
-750
-774
-774
-729
-681
-670
-648
-551
-322
107
713
1335
1803
2050
2118
2116
2159
2331
2669
3135
3560
3760
3666
3334
2875
2440
2168
2086
2080
2003
1792
1440
970
463
30
-261
-394
-416
-408
-434
-517
-647
-771
-834
-825
-765
-657
-490
-290
-100
61
180
238
239
241
284
371
490
609
692
699
618
475
313
163
46
-13
-21
-32
-103
-244
-406
-532
-604
-608
-535
-424
-320
-243
-196
-164
-130
-69
52
222
398
531
594
583
520
439
386
387
422
456
464
421
304
107
-118
-304
-417
-454
-448
-464
-545
-682
-856
-1013
-1108
-1143
-1135
-1102
-1073
-1073
-1119
-1200
-1269
-1299
-1293
-1233
-1139
-1063
-1015
-1006
-1048
-1111
-1155
-1177
-1165
-1117
-1070
-1029
-950
-807
-642
-549
-581
-695
-809
-827
-689
-456
-256
-188
-291
-526
-757
-869
-823
-613
-314
-78
-23
-162
-420
-677
-809
-725
-448
-129
82
115
-24
-238
-401
-443
-339
-114
142
340
485
633
816
1031
1251
1444
1585
1692
1795
1909
2050
2217
2367
2434
2389
2245
2032
1803
1625
1528
1488
1459
1378
1184
900
594
326
138
62
75
102
71
-41
-210
-373
-465
-474
-433
-361
-269
-180
-123
-103
-103
-106
-85
-36
18
57
85
85
47
-3
-49
-97
-137
-154
-163
-179
-211
-264
-321
-361
-377
-370
-360
-355
-354
-353
-353
-347
-329
-293
-228
-153
-97
-57
-19
2
-7
-40
-72
-102
-133
-164
-181
-185
-201
-255
-339
-428
-508
-557
-571
-557
-534
-536
-565
-591
-615
-626
-598
-535
-468
-432
-444
-462
-468
-489
-524
-549
-556
-548
-547
-563
-593
-649
-709
-725
-674
-580
-486
-419
-346
-269
-241
-269
-303
-287
-206
-100
-12
31
27
5
-18
-52
-81
-78
-54
9
82
122
120
90
55
42
76
146
226
277
288
259
197
139
129
181
262
322
337
318
291
276
257
257
302
368
415
424
402
377
375
399
440
474
478
456
411
350
303
272
258
263
261
234
193
153
120
111
131
171
203
217
226
229
224
233
260
292
307
292
264
235
199
161
135
126
124
98
41
-23
-93
-166
-217
-230
-220
-212
-220
-237
-268
-306
-320
-304
-272
-246
-240
-246
-245
-242
-250
-246
-213
-158
-100
-56
-24
-10
-7
-6
-1
4
8
6
-9
-38
-70
-103
-144
-183
-214
-236
-254
-265
-264
-252
-243
-245
-253
-256
-248
-235
-218
-182
-131
-86
-53
-29
-18
-21
-25
-20
-11
-12
-29
-60
-96
-139
-178
-205
-215
-213
-212
-217
-224
-229
-226
-208
-175
-136
-100
-66
-41
-33
-35
-36
-31
-24
-22
-26
-30
-30
-26
-17
1
31
67
102
129
143
158
187
224
253
266
267
264
259
252
241
224
202
185
167
145
125
107
96
88
74
52
30
11
-7
-23
-19
13
52
76
76
66
50
41
44
55
66
75
81
76
64
49
33
30
40
50
62
77
79
55
27
16
26
34
28
20
14
15
14
2
-10
-14
-27
-53
-86
-126
-161
-176
-175
-171
-171
-168
-161
-158
-157
-157
-153
-148
-141
-132
-117
-93
-71
-50
-28
-10
-2
-4
5
33
67
97
113
115
108
94
71
49
37
29
12
-8
-12
5
23
19
2
-12
-8
-3
-12
-29
-34
-26
-12
3
8
6
-1
-3
-1
-4
-12
-17
-21
-24
-27
-32
-37
-38
-37
-38
-38
-35
-30
-19
-12
-12
-25
-48
-68
-78
-74
-58
-40
-41
-59
-76
-88
-98
-111
-133
-160
-187
-213
-233
-254
-261
-253
-225
-184
-145
-109
-80
-49
-19
14
60
113
163
198
220
234
238
238
234
237
245
249
239
212
182
159
143
122
87
42
4
-14
-12
-1
12
21
14
-15
-55
-87
-103
-98
-78
-49
-25
-16
-28
-41
-35
-3
43
79
102
107
102
95
96
102
100
84
54
22
-4
-23
-41
-63
-86
-105
-122
-133
-146
-173
-207
-225
-219
-194
-169
-156
-154
-155
-147
-131
-111
-89
-62
-36
-15
7
32
51
63
67
63
63
79
107
138
169
190
190
170
140
114
99
94
104
124
142
141
110
63
29
21
30
43
53
53
42
17
-22
-64
-89
-88
-79
-74
-71
-58
-37
-22
-23
-37
-54
-64
-54
-26
7
30
37
32
22
9
-7
-12
3
34
66
85
82
56
19
-13
-42
-72
-97
-110
-116
-134
-172
-226
-286
-337
-370
-382
-375
-351
-314
-269
-223
-182
-145
-108
-65
-14
48
119
188
246
284
301
300
294
293
301
312
311
297
273
244
203
147
85
23
-20
-38
-32
-13
-1
-12
-42
-74
-97
-107
-109
-100
-78
-48
-23
-13
-23
-40
-43
-27
0
24
35
35
26
15
3
-5
-2
5
5
7
14
21
28
29
29
26
19
10
7
3
5
8
15
32
47
42
26
13
11
22
34
32
14
-11
-40
-64
-75
-73
-61
-47
-41
-43
-48
-46
-31
-9
19
50
77
92
96
99
107
122
146
175
197
204
185
150
114
87
67
48
28
7
-18
-50
-87
-124
-154
-169
-173
-172
-165
-148
-128
-113
-105
-104
-98
-88
-77
-65
-47
-20
0
8
4
-3
-3
8
18
26
26
17
6
-6
-20
-31
-36
-38
-32
-31
-42
-58
-83
-117
-154
-186
-207
-208
-193
-167
-139
-117
-101
-89
-78
-67
-46
-18
16
57
94
120
130
122
102
81
76
91
114
138
152
152
137
109
82
71
81
101
117
125
130
128
121
109
94
76
56
35
16
-1
-21
-50
-82
-111
-136
-152
-158
-154
-144
-138
-136
-128
-116
-102
-87
-70
-53
-33
-17
-3
13
22
26
33
48
66
73
65
52
40
31
28
33
47
65
81
86
77
54
26
2
-10
-12
-4
11
20
15
-2
-22
-31
-27
-14
5
30
56
76
85
78
61
37
16
10
25
46
59
60
48
31
16
6
4
8
18
34
46
45
27
1
-20
-32
-37
-41
-42
-44
-51
-57
-64
-67
-68
-68
-66
-58
-46
-34
-25
-26
-38
-60
-76
-72
-45
-11
13
22
23
15
4
-11
-22
-23
-12
4
10
-3
-34
-70
-102
-126
-135
-130
-118
-100
-80
-62
-51
-44
-42
-32
-13
6
23
36
47
56
58
52
42
35
29
30
40
58
80
96
107
112
112
108
105
110
120
136
156
173
181
175
152
117
83
55
36
22
10
-5
-26
-52
-80
-99
-107
-109
-114
-126
-141
-150
-149
-136
-113
-87
-62
-46
-41
-47
-54
-50
-32
-7
17
31
32
25
19
21
25
34
45
60
74
77
67
49
35
26
22
22
22
19
11
-1
-13
-23
-33
-42
-45
-39
-30
-22
-15
-11
-9
-7
-6
1
11
20
24
25
27
28
30
30
26
15
2
-5
-4
6
20
24
21
13
2
-2
3
17
37
55
66
61
47
28
10
-4
-10
-13
-14
-15
-16
-21
-32
-46
-61
-72
-75
-64
-48
-27
-11
-3
-2
1
4
7
10
11
9
2
-8
-22
-44
-69
-94
-111
-121
-122
-111
-94
-76
-64
-64
-72
-85
-98
-101
-89
-60
-35
-24
-30
-45
-59
-66
-66
-60
-50
-33
-6
22
43
54
57
62
70
79
91
104
117
128
136
144
148
144
137
129
121
110
98
90
82
72
59
45
35
31
27
21
9
-9
-26
-33
-33
-38
-51
-68
-84
-96
-107
-121
-134
-144
-152
-153
-144
-130
-119
-116
-110
-91
-58
-15
31
71
99
111
113
112
111
110
107
104
105
107
106
96
76
52
29
15
10
7
1
-13
-32
-55
-73
-83
-83
-75
-65
-56
-47
-40
-32
-21
-5
13
27
34
37
41
51
56
59
58
57
55
52
51
56
63
66
62
52
43
34
22
10
-1
-10
-17
-20
-22
-27
-36
-48
-56
-57
-51
-37
-22
-8
6
20
32
41
45
47
48
49
43
37
27
11
-15
-45
-72
-90
-97
-97
-94
-91
-94
-96
-96
-89
-76
-59
-40
-24
-16
-22
-34
-49
-61
-66
-65
-56
-46
-40
-36
-34
-31
-27
-23
-16
-5
10
29
53
77
100
117
129
137
143
149
156
164
169
168
159
144
132
121
113
103
89
71
51
35
23
16
6
-9
-33
-61
-87
-109
-125
-135
-140
-141
-135
-134
-141
-152
-165
-168
-160
-140
-108
-69
-27
10
30
37
37
40
52
77
104
129
145
150
137
108
75
46
29
23
25
30
29
16
-7
-38
-69
-93
-102
-92
-69
-43
-30
-27
-33
-37
-26
-10
10
28
43
60
73
80
79
75
73
73
76
83
90
92
85
73
60
47
29
13
1
-7
-13
-21
-34
-49
-65
-78
-83
-82
-78
-74
-69
-61
-48
-34
-16
0
9
16
19
24
30
35
37
34
25
9
-8
-24
-36
-42
-43
-42
-42
-41
-44
-47
-51
-54
-50
-38
-20
-3
2
-8
-24
-40
-49
-51
-49
-46
-43
-46
-48
-51
-54
-51
-45
-37
-29
-24
-17
-3
17
41
58
67
71
74
83
97
114
126
126
118
107
100
97
94
92
89
84
77
70
60
47
33
20
6
-8
-28
-56
-86
-113
-136
-148
-152
-151
-146
-145
-149
-152
-151
-138
-114
-81
-46
-16
6
13
12
10
14
26
45
65
82
88
85
71
57
43
31
21
13
10
14
12
3
-12
-31
-42
-43
-34
-16
2
17
24
22
20
19
24
36
51
67
77
81
77
69
63
57
56
58
59
58
56
50
42
36
35
34
32
25
15
3
-10
-25
-38
-43
-46
-46
-44
-40
-37
-34
-30
-28
-24
-20
-14
-3
7
18
21
14
1
-16
-31
-43
-48
-52
-53
-53
-50
-48
-44
-41
-36
-28
-19
-9
3
18
35
50
59
60
49
30
10
-6
-15
-22
-30
-40
-55
-70
-84
-95
-100
-98
-87
-70
-51
-31
-15
-4
4
10
17
28
42
56
68
76
75
72
67
62
65
71
78
86
88
85
77
72
69
63
55
45
33
20
10
4
-3
-9
-21
-35
-45
-50
-49
-44
-41
-42
-44
-46
-45
-38
-28
-22
-21
-28
-38
-53
-65
-72
-71
-63
-54
-49
-51
-61
-70
-75
-72
-62
-43
-17
10
32
44
45
40
37
40
53
74
94
105
105
93
71
50
34
28
30
38
42
43
37
28
22
19
24
33
43
47
48
45
42
40
36
31
25
18
10
3
-6
-14
-20
-27
-34
-43
-50
-57
-58
-56
-51
-44
-38
-31
-28
-26
-28
-33
-35
-33
-28
-22
-17
-16
-16
-18
-20
-20
-18
-12
-4
4
13
20
23
26
28
33
40
46
51
53
54
51
45
38
31
27
24
20
12
3
-7
-17
-25
-35
-44
-50
-53
-51
-45
-43
-43
-44
-48
-49
-48
-44
-38
-31
-27
-23
-22
-22
-20
-16
-7
5
17
24
27
29
34
41
48
54
56
51
43
29
18
11
9
11
10
8
-2
-18
-37
-53
-63
-67
-63
-59
-54
-54
-61
-75
-92
-105
-104
-92
-72
-52
-39
-35
-42
-50
-53
-44
-26
1
27
50
66
71
73
70
69
73
83
98
112
123
128
124
113
100
89
83
81
83
86
87
84
75
65
56
55
57
58
63
67
67
62
51
36
20
4
-10
-22
-33
-49
-67
-86
-105
-120
-133
-140
-141
-134
-126
-119
-112
-108
-103
-96
-84
-69
-51
-35
-23
-17
-17
-20
-23
-22
-20
-15
-11
-6
-3
0
1
3
6
9
12
17
24
31
42
53
64
70
75
77
75
73
72
68
66
65
64
63
57
49
39
24
7
-7
-15
-19
-19
-17
-21
-30
-43
-58
-69
-75
-73
-68
-63
-59
-52
-47
-40
-29
-18
-5
11
27
46
69
91
112
125
126
121
106
93
83
76
71
63
48
28
0
-27
-52
-70
-79
-83
-81
-80
-79
-83
-89
-95
-100
-103
-102
-94
-83
-70
-56
-47
-40
-36
-32
-27
-17
-3
14
33
49
60
66
69
72
76
81
88
92
94
91
83
72
60
49
42
37
35
33
30
24
20
15
13
15
19
26
31
33
31
27
20
16
11
5
-2
-12
-25
-41
-56
-69
-81
-90
-95
-98
-103
-106
-108
-108
-104
-95
-81
-69
-57
-47
-43
-41
-41
-37
-30
-24
-16
-11
-11
-13
-17
-21
-23
-21
-15
-7
3
10
17
22
27
35
46
60
79
95
106
115
118
118
115
113
112
110
108
106
102
93
81
66
49
33
18
7
-3
-10
-17
-27
-40
-53
-65
-75
-75
-71
-67
-61
-55
-51
-50
-47
-40
-31
-20
-6
7
17
25
30
29
25
19
11
0
-7
-13
-16
-21
-29
-40
-54
-68
-77
-80
-78
-72
-67
-62
-61
-58
-56
-54
-50
-46
-40
-36
-32
-27
-23
-17
-11
-6
-5
-7
-6
-3
3
14
25
33
38
39
38
38
40
43
47
49
54
58
61
64
65
64
61
57
55
53
56
60
65
68
66
61
54
46
40
36
37
39
41
39
30
17
-1
-18
-32
-40
-45
-46
-48
-52
-59
-71
-83
-92
-95
-88
-76
-62
-52
-46
-46
-49
-55
-56
-52
-45
-37
-31
-26
-28
-32
-36
-39
-40
-38
-32
-21
-10
1
10
15
17
16
17
21
29
39
47
54
57
56
51
46
43
43
46
52
59
63
64
61
55
48
41
34
28
25
20
15
8
-3
-17
-33
-48
-60
-67
-68
-65
-62
-56
-51
-48
-43
-37
-30
-20
-8
7
21
34
42
44
42
35
28
25
24
26
28
28
26
21
14
10
9
11
18
23
27
27
26
23
18
14
7
-1
-8
-16
-22
-25
-26
-25
-27
-29
-31
-30
-26
-19
-8
4
14
23
30
35
40
43
44
45
47
46
46
44
42
38
35
29
22
18
13
12
10
12
7
3
-4
-13
-21
-27
-31
-35
-38
-41
-44
-49
-54
-58
-61
-64
-62
-58
-53
-47
-42
-37
-32
-29
-26
-22
-15
-10
-3
2
3
3
-1
-8
-14
-17
-21
-23
-25
-28
-31
-35
-39
-43
-44
-45
-41
-34
-25
-15
-8
-3
-1
3
7
15
25
37
49
57
62
63
63
62
64
68
74
81
84
84
82
74
67
61
57
52
48
41
32
21
9
-5
-20
-33
-44
-52
-59
-62
-65
-67
-66
-66
-66
-62
-58
-51
-43
-34
-25
-16
-10
-6
-4
-4
-4
-5
-4
-3
2
6
9
12
12
11
11
13
15
21
28
33
36
36
33
25
20
14
6
2
-2
-7
-11
-15
-20
-25
-28
-31
-30
-26
-19
-10
-1
6
12
15
17
17
18
18
19
19
19
16
11
3
-6
-13
-20
-27
-29
-31
-32
-34
-37
-39
-40
-40
-38
-35
-33
-31
-29
-27
-25
-22
-19
-16
-15
-11
-11
-9
-6
-1
2
5
8
9
10
11
11
9
9
7
4
1
-3
-7
-12
-16
-21
-24
-28
-29
-27
-23
-17
-12
-9
-6
-3
0
7
15
23
30
34
33
30
23
16
13
12
14
17
17
17
14
10
9
11
17
25
37
48
57
63
65
66
65
64
62
61
59
55
48
38
24
9
-6
-19
-28
-32
-34
-33
-31
-33
-35
-38
-41
-42
-37
-31
-25
-18
-14
-12
-14
-17
-20
-20
-18
-14
-9
-5
-1
1
2
4
4
6
7
10
12
13
13
11
8
1
-4
-10
-15
-18
-20
-20
-19
-16
-14
-11
-6
-2
7
15
24
33
41
49
55
58
58
57
54
51
45
40
34
27
18
8
-4
-13
-22
-28
-32
-34
-35
-33
-32
-32
-32
-33
-32
-29
-24
-17
-12
-5
-3
-2
-4
-6
-7
-6
-4
0
2
1
-1
-6
-11
-16
-19
-21
-21
-20
-20
-20
-21
-24
-29
-31
-29
-26
-17
-10
-2
5
11
16
22
26
32
39
46
53
57
59
57
52
43
34
25
17
10
3
-3
-13
-23
-34
-43
-52
-54
-53
-51
-45
-40
-36
-30
-26
-22
-16
-9
-2
4
10
14
16
16
13
10
7
4
2
-1
-2
-3
-6
-9
-14
-18
-21
-23
-23
-23
-21
-21
-20
-20
-21
-22
-22
-22
-21
-18
-13
-8
-2
1
3
3
5
7
11
15
17
21
22
21
20
16
13
11
9
9
9
10
10
10
11
12
14
17
21
28
33
41
47
53
58
61
61
60
58
56
52
48
43
36
27
16
5
-6
-13
-20
-24
-26
-27
-26
-26
-23
-21
-19
-14
-11
-6
-2
0
3
5
3
0
-5
-12
-20
-28
-35
-42
-49
-55
-61
-68
-75
-82
-86
-89
-89
-86
-82
-76
-72
-67
-63
-58
-51
-45
-34
-22
-8
3
13
22
29
37
44
54
63
71
79
83
83
81
75
69
64
58
51
44
36
26
14
1
-9
-19
-25
-30
-31
-31
-29
-28
-25
-23
-22
-20
-13
-6
1
8
16
20
22
23
23
24
25
29
32
35
36
37
36
35
34
34
36
36
37
36
34
29
25
18
12
7
1
-3
-10
-13
-15
-17
-20
-23
-28
-28
-27
-25
-18
-11
-6
-3
2
5
8
14
17
19
25
27
30
30
30
29
29
28
25
20
17
15
12
14
13
11
10
5
0
0
-5
-8
-8
-12
-9
-8
-14
-19
-23
-26
-27
-28
-23
-15
-12
-4
-2
-4
-1
1
5
7
1
-2
4
5
6
8
0
-11
-12
-11
-15
-4
1
-8
-11
-10
-17
-26
-31
-36
-41
-42
-43
-48
-57
-51
-41
-45
-47
-35
-22
-24
-23
-12
-11
-9
3
8
15
29
36
44
57
59
63
72
74
76
78
71
71
71
61
53
43
22
7
-10
-29
-34
-43
-57
-70
-84
-90
-98
-110
-113
-116
-112
-94
-92
-90
-76
-75
-69
-59
-57
-49
-43
-36
-19
-9
3
11
11
20
29
25
26
19
20
30
21
24
27
22
23
7
-19
-19
-13
-4
4
6
15
18
13
10
4
-5
-5
-1
6
13
18
13
5
-8
-32
-49
-59
-58
-36
-26
3
28
12
21
8
6
55
17
391
1160
1102
662
865
731
190
240
270
113
286
260
35
-15
-199
-414
-484
-613
-662
-616
-621
-521
-356
-363
-391
-185
-77
-303
-390
-287
-345
-280
-42
41
192
395
332
220
161
5
-121
-183
-198
-76
55
143
265
290
255
244
49
-137
-73
-96
-149
35
126
117
255
223
44
14
-114
-335
-328
-259
-241
-74
74
32
42
70
-69
-122
-63
-124
-116
-6
-3
90
293
329
334
349
171
12
10
-43
-29
128
149
123
222
180
45
61
-28
-192
-179
-226
-293
-158
-84
-92
-14
-50
-159
-197
-293
-352
-286
-232
-159
-34
34
81
125
88
40
41
22
-5
46
143
223
289
315
278
230
161
65
16
10
3
20
48
47
49
40
-12
-72
-135
-201
-217
-204
-182
-117
-49
-6
41
48
10
-8
-13
-12
23
80
142
204
239
235
212
173
104
37
5
-9
-6
30
52
49
28
-15
-67
-127
-184
-209
-208
-187
-139
-96
-68
-56
-61
-79
-104
-103
-63
-26
10
68
116
147
157
151
137
93
34
17
25
30
59
80
73
61
31
-30
-83
-117
-135
-125
-95
-80
-70
-52
-52
-55
-46
-52
-64
-38
-14
-4
40
76
76
86
91
79
74
53
33
41
47
58
82
83
69
55
15
-20
-21
-33
-45
-19
-1
-9
-5
-11
-29
-35
-58
-78
-60
-45
-22
28
50
60
86
75
39
18
7
5
16
44
89
106
95
83
40
-18
-55
-94
-110
-95
-87
-72
-46
-52
-71
-75
-88
-88
-70
-66
-52
-6
20
27
46
61
47
31
25
14
14
24
31
42
46
45
46
29
0
-21
-53
-75
-65
-61
-69
-57
-51
-55
-61
-83
-103
-98
-86
-75
-54
-21
9
22
35
44
29
12
11
9
12
12
11
28
49
54
39
17
27
36
15
25
45
27
18
27
10
4
23
29
21
25
38
52
59
47
40
47
38
14
11
10
-3
-6
-7
-13
-15
-25
-49
-60
-65
-63
-44
-34
-38
-29
-13
-18
-14
2
-3
-8
4
4
2
11
14
22
39
35
19
12
11
15
18
21
31
46
56
63
59
40
20
14
16
10
12
26
23
17
15
-4
-18
-25
-48
-49
-32
-34
-18
6
0
-1
-3
-25
-26
-23
-25
-8
5
20
43
33
15
7
-15
-22
-13
-20
-14
6
-9
-28
-15
-15
-29
-29
-30
-45
-49
-35
-15
2
8
17
14
0
7
4
-18
-10
1
-9
6
34
43
38
24
14
0
-23
-28
-30
-33
-16
-4
8
24
11
-1
4
-5
-2
6
-1
13
35
32
34
33
10
-6
-19
-37
-37
-18
-6
-10
-4
4
-11
-28
-36
-59
-77
-65
-48
-44
-35
-13
4
9
15
8
-10
-19
-24
-20
-2
17
38
51
46
35
15
-11
-22
-29
-31
-14
-7
-7
5
13
5
-12
-21
-25
-30
-28
-18
-7
12
28
29
26
31
31
14
-7
-17
-16
-5
11
17
24
28
21
13
8
0
10
29
33
32
37
48
61
67
55
45
52
55
45
52
61
50
51
63
53
35
25
1
-20
-26
-22
-10
0
3
6
6
-7
-23
-34
-37
-51
-67
-59
-34
-22
-15
-20
-37
-43
-46
-65
-75
-65
-61
-52
-30
-23
-24
-19
-29
-44
-51
-53
-50
-38
-21
-1
14
24
29
22
8
-5
3
15
5
14
45
57
64
65
44
32
23
10
5
-4
-4
4
4
19
26
11
15
17
-1
1
9
4
7
10
12
21
11
-10
-18
-28
-41
-39
-28
-22
-19
-18
-7
-4
-12
-7
6
18
28
25
32
57
66
56
49
49
51
37
13
-4
-22
-29
-11
-2
-13
-10
4
-3
-26
-35
-29
-28
-30
-17
-10
-19
-21
-18
-21
-22
-20
-20
-20
-26
-33
-28
-29
-25
-9
-22
-38
-29
-25
-26
-19
-25
-24
-14
-2
22
39
31
20
21
22
19
17
19
20
19
23
25
32
32
11
2
13
13
10
14
16
13
10
8
16
29
16
2
13
15
5
7
6
5
18
17
-1
-1
-2
-13
-23
-20
-5
1
2
0
-3
-3
-11
-17
-10
-6
-8
-6
-15
-20
-11
-10
-2
8
2
0
-2
-16
-21
-25
-39
-30
-10
-12
-12
-4
-6
-7
-1
2
8
23
33
43
38
30
44
45
25
22
21
5
7
12
6
10
17
20
20
6
-10
-17
-23
-23
-20
-22
-17
-2
2
-5
-9
-2
6
-3
-10
-9
-17
-7
5
-8
-14
-12
-25
-41
-54
-63
-60
-48
-32
-18
-7
4
-2
-14
-9
-9
-22
-18
-1
13
20
29
36
28
13
5
-4
-7
6
4
4
18
16
10
13
9
0
-4
-7
-7
-6
4
14
18
29
30
18
16
9
-6
-8
-6
4
16
17
22
36
31
11
0
1
6
10
18
28
32
36
38
32
28
31
29
10
5
14
6
5
24
25
13
11
11
-5
-28
-35
-27
-21
-16
-10
-11
-9
-11
-20
-29
-32
-27
-31
-35
-21
-16
-24
-27
-30
-37
-41
-46
-54
-54
-38
-30
-30
-21
-7
-5
-9
-13
-9
-4
-2
2
7
13
26
20
6
11
2
-12
-10
-14
-6
17
12
9
27
20
3
7
-1
-1
23
25
23
48
55
38
28
14
3
-4
-13
-4
3
-8
-2
7
-6
-13
-17
-22
-18
-25
-26
-9
4
24
37
24
25
36
20
1
-1
-2
4
13
15
18
19
11
-7
-19
-32
-50
-45
-29
-31
-21
-5
-8
-8
-9
-28
-33
-26
-30
-20
-2
0
9
21
11
9
14
0
-3
6
2
11
28
23
28
38
28
23
27
17
10
14
15
19
32
48
46
34
29
21
7
7
7
2
3
13
16
2
-12
-13
-20
-28
-24
-15
-7
-8
-14
-13
-19
-29
-23
-21
-25
-22
-20
-29
-28
-23
-31
-30
-24
-26
-16
-8
-16
-10
-3
-16
-8
2
-6
4
7
-9
-8
-2
-1
15
23
24
31
25
17
18
11
6
15
25
22
20
22
12
8
5
-5
-4
1
-2
7
22
19
19
28
19
9
14
15
13
15
16
15
18
17
13
14
13
1
-5
-1
-2
0
5
7
13
26
24
16
24
28
23
22
21
16
16
18
21
27
22
9
-3
-15
-24
-20
-13
-19
-29
-30
-33
-42
-41
-43
-51
-43
-35
-39
-34
-23
-24
-18
-9
-7
-5
-4
-6
-6
-2
5
15
18
14
5
-4
-1
1
-3
-4
0
-1
-3
-2
0
-6
-16
-26
-31
-30
-28
-25
-12
2
1
3
7
5
10
18
15
23
37
34
34
37
26
23
24
18
19
20
19
24
27
21
22
19
6
3
3
-8
-16
-11
-16
-25
-26
-30
-32
-35
-45
-49
-49
-55
-58
-58
-57
-51
-48
-52
-44
-31
-29
-22
-6
1
6
12
16
18
22
29
31
30
30
28
22
20
20
20
15
16
24
23
11
14
24
22
18
19
18
15
14
10
-2
-6
1
-4
-10
2
5
-1
5
-2
-10
-5
-2
6
18
20
24
28
21
14
10
2
0
3
-1
-7
-3
0
-5
-9
-14
-20
-23
-25
-32
-26
-14
-15
-14
-10
-13
-12
-19
-29
-28
-29
-31
-19
-14
-14
-5
-7
-18
-20
-26
-29
-19
-21
-19
-4
-2
0
13
9
2
9
4
-9
-5
6
8
11
23
28
29
27
23
25
27
27
34
43
44
54
58
51
55
52
41
37
31
23
21
22
28
30
19
12
10
-4
-23
-24
-22
-26
-26
-20
-14
-10
-6
-2
-3
-6
-9
-5
0
1
3
7
10
4
-5
-14
-22
-30
-38
-44
-46
-42
-37
-34
-32
-34
-40
-48
-52
-53
-51
-41
-29
-19
-13
-10
-5
-5
-12
-7
2
0
10
23
31
40
48
45
41
37
28
28
30
31
35
38
38
39
35
27
22
20
16
15
17
20
22
25
29
26
19
13
11
6
2
4
5
4
10
10
0
-1
-4
-13
-19
-23
-19
-13
-15
-9
2
-4
-10
-4
-7
-9
-4
-4
-2
8
9
5
8
4
-6
-9
-15
-22
-24
-27
-30
-25
-28
-36
-36
-41
-47
-48
-52
-48
-34
-32
-29
-17
-13
-7
2
5
8
18
24
29
41
50
56
62
56
50
50
39
26
23
21
15
13
9
3
-1
-14
-27
-31
-39
-46
-37
-38
-43
-32
-33
-37
-28
-27
-35
-30
-25
-25
-18
-12
-4
8
10
9
8
4
3
6
5
5
10
11
8
7
1
-6
-6
-9
-12
-5
-1
-4
1
6
2
4
4
-1
0
2
0
3
10
8
3
3
3
5
3
2
9
13
11
16
20
19
25
25
16
18
21
16
16
18
15
17
16
11
9
5
0
-1
-5
-9
-4
-6
-10
-6
-9
-14
-9
-7
-12
-13
-13
-13
-12
-15
-18
-14
-12
-14
-12
-10
-14
-17
-20
-22
-20
-15
-11
-5
-3
-6
-6
-9
-17
-19
-18
-18
-11
-7
-7
-3
-3
-5
-5
-3
-2
2
8
13
22
29
28
30
35
32
34
41
38
38
45
44
42
43
37
28
22
17
12
9
5
8
9
-1
-3
0
-6
-8
-6
-10
-11
-8
-8
-9
-3
2
0
2
3
-3
-5
-6
-9
-10
-13
-15
-13
-14
-12
-7
-12
-11
-10
-13
-13
-6
-3
0
7
9
11
13
7
6
8
2
0
0
-6
-9
-10
-11
-12
-12
-14
-18
-19
-24
-28
-27
-26
-25
-23
-21
-20
-21
-25
-27
-24
-24
-22
-15
-9
-6
-1
4
8
10
14
16
18
22
24
25
29
35
35
35
35
33
30
29
25
22
23
22
19
16
13
10
9
3
-1
0
-3
-8
-5
-3
-6
-3
1
-1
-6
-9
-11
-10
-9
-9
-6
0
1
0
1
0
-1
0
1
2
4
5
7
10
9
4
6
4
-1
-3
-3
-3
-4
-4
-3
-4
-6
-7
-10
-16
-15
-13
-16
-11
-6
-5
-1
2
1
2
4
5
6
9
11
16
18
19
20
22
19
19
15
7
6
6
-1
-10
-14
-21
-33
-40
-44
-53
-61
-65
-70
-74
-74
-74
-74
-71
-72
-74
-72
-66
-62
-59
-51
-41
-31
-20
-9
-2
4
9
11
12
16
18
19
22
20
18
21
16
9
7
4
0
-3
-9
-17
-23
-30
-36
-35
-38
-49
-56
-55
-60
-59
-52
-52
-55
-52
-45
-38
-31
-27
-25
-19
-17
-14
-2
6
5
6
12
12
12
9
6
5
7
12
23
29
27
31
37
39
35
28
18
9
5
6
13
18
9
0
-12
-34
-50
-54
-54
-53
-45
-36
-28
-20
-8
4
15
34
59
107
211
338
455
574
660
664
638
628
590
520
467
407
323
282
284
266
248
232
164
91
79
69
46
68
93
68
65
102
87
38
8
-60
-176
-254
-313
-400
-459
-481
-535
-584
-581
-599
-643
-634
-621
-655
-653
-608
-594
-573
-497
-448
-435
-393
-354
-356
-336
-297
-292
-276
-220
-182
-146
-75
-16
6
46
100
119
140
190
215
225
267
308
325
354
383
383
382
396
390
371
372
358
328
320
319
299
284
279
248
209
180
139
91
55
16
-28
-57
-79
-100
-112
-125
-146
-167
-186
-205
-217
-222
-227
-232
-232
-228
-218
-203
-192
-184
-178
-179
-180
-169
-158
-147
-125
-100
-78
-48
-12
15
36
62
78
89
116
146
171
207
241
255
265
276
267
254
256
245
232
239
240
226
220
210
178
151
132
96
68
60
38
12
3
-14
-43
-58
-74
-106
-129
-139
-164
-185
-188
-202
-220
-218
-213
-215
-197
-179
-178
-176
-169
-178
-185
-175
-169
-161
-132
-98
-72
-38
-9
-1
4
12
8
9
29
48
67
96
119
124
125
119
102
87
80
73
72
83
89
92
100
102
88
76
64
43
28
25
18
10
8
1
-14
-24
-32
-47
-57
-61
-74
-86
-89
-90
-94
-89
-80
-84
-87
-80
-78
-77
-66
-62
-63
-54
-43
-32
-15
4
12
17
25
24
21
25
28
28
32
45
58
66
75
78
73
66
59
53
45
45
45
40
39
35
21
6
-3
-19
-34
-33
-33
-39
-37
-30
-32
-33
-25
-23
-31
-27
-23
-30
-32
-30
-43
-54
-53
-60
-75
-74
-70
-84
-86
-76
-80
-85
-70
-60
-58
-36
-12
-6
5
27
25
22
34
30
9
10
13
-5
-5
12
9
9
34
46
39
47
49
21
6
9
-6
-18
1
9
5
26
45
31
24
30
14
-1
13
20
14
31
52
50
55
69
56
32
25
11
-18
-26
-21
-29
-25
-1
13
19
39
54
43
36
35
10
-7
5
13
12
34
54
47
43
54
34
4
3
-5
-23
-8
19
17
19
36
22
-1
8
6
-15
-5
13
2
10
39
34
20
37
36
13
21
30
7
-3
7
-17
-37
-25
-30
-49
-33
-21
-38
-32
-18
-35
-42
-20
-23
-30
-4
10
0
14
25
3
-10
-10
-32
-50
-39
-41
-51
-35
-25
-37
-27
-13
-24
-23
-7
-16
-27
-17
-20
-33
-21
-12
-21
-15
-3
-13
-17
-5
-13
-20
-3
5
5
30
52
49
53
62
42
22
27
18
6
20
30
25
37
54
46
40
46
32
15
22
25
17
27
33
16
3
1
-18
-41
-46
-54
-70
-69
-58
-58
-53
-42
-44
-48
-43
-41
-45
-40
-33
-33
-26
-11
-1
6
19
30
35
44
52
54
53
55
53
53
53
54
56
56
51
44
34
18
3
-3
-11
-14
-5
5
12
26
36
28
21
17
-1
-19
-20
-24
-35
-29
-22
-33
-35
-32
-48
-62
-57
-64
-75
-63
-54
-58
-46
-26
-25
-24
-8
-8
-15
-4
1
-7
-4
4
-3
-1
15
17
13
19
19
9
8
11
6
2
10
12
13
24
33
34
37
44
45
48
60
64
62
63
67
61
52
51
42
29
21
18
7
-1
-2
-11
-22
-23
-24
-34
-32
-30
-39
-44
-41
-47
-57
-55
-57
-68
-67
-58
-59
-57
-45
-46
-55
-55
-55
-64
-63
-54
-56
-52
-38
-29
-25
-11
-2
-6
0
15
22
32
56
69
74
87
96
93
91
92
80
67
67
60
48
45
38
21
9
10
4
4
16
26
28
40
51
49
47
45
28
12
4
-8
-21
-24
-30
-42
-45
-48
-55
-58
-58
-62
-64
-59
-57
-52
-41
-34
-28
-17
-9
-5
1
6
-1
-4
0
-3
0
11
18
21
30
32
23
20
12
-6
-15
-20
-23
-18
-2
9
19
34
41
42
45
46
41
39
37
35
37
39
37
34
29
16
4
-5
-16
-22
-22
-24
-20
-8
-2
5
17
21
17
18
14
0
-7
-12
-27
-36
-36
-43
-46
-37
-35
-39
-34
-33
-41
-43
-41
-47
-49
-39
-35
-30
-15
-5
-5
1
6
-2
-3
0
-2
-4
4
11
15
25
35
39
40
45
43
37
31
25
16
9
10
9
7
13
19
14
15
17
6
-3
-3
-11
-19
-15
-11
-18
-13
-11
-23
-30
-31
-42
-49
-43
-41
-39
-25
-13
-9
3
13
12
15
23
20
19
25
19
11
10
1
-13
-17
-20
-27
-25
-15
-11
-3
10
14
18
27
27
24
29
26
23
24
21
11
4
-3
-17
-23
-24
-29
-31
-27
-28
-28
-23
-23
-26
-24
-23
-23
-17
-10
-6
1
8
11
16
23
28
32
40
42
42
46
48
49
53
57
57
61
63
57
51
46
31
17
11
3
-2
4
10
12
20
31
30
31
34
27
22
21
16
7
5
1
-13
-20
-24
-36
-45
-46
-51
-58
-54
-54
-58
-55
-50
-53
-53
-47
-49
-52
-47
-44
-48
-42
-32
-31
-26
-10
-6
-4
5
6
-6
-9
-14
-28
-33
-26
-26
-26
-10
1
6
24
39
39
46
55
48
45
52
47
35
36
30
16
15
17
8
6
12
11
12
26
32
34
46
50
45
42
33
12
-5
-20
-41
-57
-63
-72
-76
-69
-67
-65
-60
-58
-62
-58
-52
-51
-41
-26
-19
-10
3
3
0
1
-7
-19
-24
-27
-29
-21
-3
13
31
55
72
87
103
113
114
113
107
92
76
61
43
24
10
-3
-13
-16
-13
-6
4
14
24
30
35
36
33
28
19
10
-2
-13
-24
-34
-45
-54
-60
-65
-66
-59
-54
-44
-26
-9
6
21
36
40
42
44
36
25
19
9
-2
-5
-2
-2
6
20
28
35
45
50
46
47
47
40
37
35
27
19
14
6
-6
-12
-18
-25
-23
-17
-14
-9
-1
0
-1
-2
-6
-13
-20
-26
-34
-38
-42
-47
-52
-56
-57
-59
-60
-59
-56
-54
-52
-48
-46
-44
-41
-39
-37
-32
-26
-20
-15
-10
-7
-6
-2
0
1
4
6
5
4
2
-1
-3
-4
-5
-3
1
8
17
25
33
40
44
48
51
52
53
54
51
48
42
33
23
15
4
-6
-11
-15
-18
-17
-12
-11
-7
-2
0
0
3
2
0
2
2
0
2
7
5
6
11
8
6
11
12
11
16
20
20
24
29
26
22
21
13
3
-1
-6
-13
-12
-9
-8
-4
0
0
0
1
-1
-4
-7
-9
-11
-13
-13
-12
-12
-10
-9
-8
-7
-6
-4
-3
-2
1
4
6
9
12
10
6
1
-6
-14
-19
-22
-22
-19
-11
-1
8
19
27
30
30
28
23
18
20
18
15
17
23
22
24
32
31
30
34
35
27
28
29
17
12
11
1
-6
-5
-8
-16
-13
-14
-23
-22
-19
-22
-22
-13
-11
-7
2
9
9
14
17
14
13
13
11
7
8
6
2
3
3
0
0
0
-1
-3
-5
-7
-12
-15
-16
-17
-16
-14
-9
-4
-2
3
4
2
2
-1
-7
-11
-15
-20
-28
-33
-38
-45
-49
-53
-60
-64
-64
-64
-63
-59
-56
-55
-51
-46
-46
-44
-40
-38
-39
-33
-29
-30
-24
-19
-18
-13
-6
-4
0
7
13
17
26
32
38
46
54
58
63
67
66
63
62
57
50
46
40
32
26
21
14
8
4
0
-3
-4
-3
-4
-1
3
4
5
6
5
3
1
-5
-10
-15
-19
-25
-28
-33
-34
-36
-35
-33
-29
-25
-21
-14
-9
-3
4
11
17
25
31
35
37
40
39
37
35
32
28
28
29
28
32
33
32
32
30
27
23
19
16
13
13
13
13
14
14
13
9
8
4
-2
-4
-7
-12
-13
-13
-16
-18
-20
-22
-27
-28
-32
-37
-37
-39
-38
-36
-33
-33
-30
-27
-28
-28
-29
-30
-32
-31
-29
-27
-23
-17
-15
-11
-7
-6
-7
-5
-8
-11
-10
-10
-11
-8
-6
-6
-4
0
-1
-2
1
0
-2
-2
-2
-4
-5
-6
-8
-8
-6
-5
-3
2
7
8
11
14
12
14
15
14
12
15
15
15
16
16
13
11
11
7
4
4
4
4
9
12
15
19
21
23
24
24
21
19
19
16
15
14
14
13
14
13
13
13
14
15
18
18
18
19
17
16
16
16
14
14
14
12
11
12
10
8
10
8
8
8
8
7
6
6
4
3
4
3
1
1
-3
-5
-7
-9
-12
-14
-15
-15
-14
-9
-8
-5
0
3
6
8
11
11
13
13
11
9
7
2
-2
-6
-10
-14
-17
-18
-18
-18
-17
-14
-13
-11
-9
-7
-5
-4
-3
-5
-7
-10
-14
-18
-20
-21
-22
-21
-22
-21
-20
-20
-19
-19
-20
-20
-22
-22
-22
-21
-21
-21
-20
-20
-20
-18
-19
-19
-19
-20
-18
-16
-14
-12
-10
-8
-6
-5
-3
-1
1
2
5
6
9
12
15
17
19
21
22
23
22
22
23
22
21
21
21
20
18
19
15
14
13
11
9
8
5
2
3
2
0
1
2
3
4
8
9
12
16
19
20
22
24
23
23
21
18
17
14
10
6
2
0
-3
-4
-5
-8
-8
-10
-10
-10
-11
-11
-10
-8
-8
-5
-4
-5
-4
-5
-6
-9
-8
-9
-10
-9
-6
-8
-7
-7
-11
-11
-12
-14
-17
-14
-15
-15
-13
-13
-14
-14
-13
-14
-13
-13
-14
-14
-12
-12
-12
-10
-9
-8
-9
-7
-9
-8
-6
-8
-7
-6
-4
-2
2
4
7
8
9
7
5
3
0
-4
-5
-6
-6
-5
-4
-4
-5
-3
-4
-6
-6
-7
-7
-6
-3
-1
-1
2
3
2
2
1
-2
-2
-2
-5
-5
-6
-7
-8
-8
-11
-12
-13
-14
-15
-15
-13
-12
-9
-6
-3
-1
1
2
0
-1
-2
-3
-4
-5
-4
-2
1
3
5
9
11
12
14
14
14
13
12
11
8
6
5
3
3
3
2
0
-1
-1
-1
-1
0
1
3
5
7
7
6
6
5
4
2
1
0
0
-1
-2
-3
-3
-5
-5
-8
-9
-11
-11
-13
-13
-13
-12
-11
-11
-11
-11
-11
-13
-13
-14
-14
-14
-15
-16
-15
-14
-14
-13
-11
-12
-11
-9
-9
-8
-4
0
2
6
11
14
16
19
21
21
21
22
22
23
23
22
23
24
23
24
24
22
23
23
26
26
27
29
29
28
28
26
21
20
16
13
11
9
6
5
5
4
4
4
4
5
5
4
4
1
-1
-2
-5
-7
-8
-10
-11
-13
-12
-11
-11
-9
-9
-9
-9
-8
-9
-11
-12
-13
-15
-17
-18
-20
-21
-21
-21
-22
-22
-21
-22
-23
-23
-22
-22
-22
-21
-21
-22
-21
-21
-22
-24
-23
-24
-24
-23
-21
-20
-17
-14
-10
-8
-4
-1
2
6
7
11
13
17
19
23
27
30
33
36
36
36
37
36
36
35
34
35
33
34
34
34
33
30
31
29
29
27
26
26
25
23
23
22
21
19
19
17
15
14
11
11
11
11
10
11
13
14
14
15
13
12
11
9
6
5
3
0
-1
-2
-3
-4
-5
-6
-8
-9
-10
-12
-12
-14
-15
-17
-18
-20
-22
-23
-27
-28
-30
-32
-34
-35
-36
-37
-38
-39
-40
-40
-42
-43
-42
-44
-43
-43
-42
-41
-38
-36
-36
-35
-32
-30
-28
-25
-23
-20
-16
-11
