SAMPLES:	13870
BITSPERSAMPLE:	16
CHANNELS:	1
SAMPLERATE:	16000
NORMALIZED:	FALSE
1
2
3
3
1
2
3
3
2
0
0
0
0
0
-1
-2
0
1
0
-2
-1
0
1
0
0
0
1
1
1
-2
-2
-1
0
1
0
-2
-2
-1
-1
-2
-4
-6
-5
-3
-2
-5
-6
-6
-4
-3
-4
-6
-8
-7
-5
-4
-6
-9
-7
-3
-4
-5
-8
-8
-7
-6
-7
-8
-8
-5
-2
-2
-4
-5
-3
-2
-2
-3
-4
-2
-1
0
-3
-4
-3
-1
0
-2
-3
-3
-1
0
-2
-3
-2
-1
0
-2
-2
-4
-2
0
-1
-2
-4
-2
-1
-1
-2
-1
-2
-1
0
1
-1
0
0
-1
2
0
1
0
0
-1
-3
-3
-4
-4
-3
-2
-1
-1
0
1
1
-1
-2
-2
-2
0
-1
0
0
1
2
3
4
5
2
3
1
2
2
1
0
0
3
4
3
4
3
4
4
3
2
0
2
2
1
0
0
3
4
4
4
1
2
3
2
1
-1
2
2
4
1
1
2
4
5
1
1
1
0
1
-1
-1
1
2
5
3
6
5
5
4
4
4
3
1
1
2
3
4
4
5
5
5
3
4
3
4
3
2
3
2
1
2
2
5
4
4
2
1
3
1
2
0
1
1
2
2
1
0
1
1
2
-3
-3
-4
-2
-3
-6
-4
-4
-1
-1
-2
-3
-3
-2
-2
-4
-4
-6
-3
-3
-4
-4
-3
-2
-2
-1
-1
-1
-1
-1
-2
-1
-1
0
0
1
0
2
-1
0
-1
-2
-1
-1
-2
-2
-3
-2
-1
0
1
-1
1
0
2
-1
-3
-3
-1
1
0
-2
1
3
4
3
1
2
3
3
0
1
1
3
1
1
2
2
3
2
2
2
2
1
-1
-1
3
2
0
0
3
2
1
-1
-3
-1
1
0
-3
-5
-3
-2
-2
-3
-5
-4
0
0
-3
-4
-4
-2
-1
-1
-4
-5
-1
0
-2
-3
-2
-2
-1
-2
-4
-5
-3
-4
-5
-4
-3
-5
-7
-5
-5
-5
-4
-6
-6
-6
-4
-7
-8
-6
-5
-4
-5
-5
-6
-3
-1
-2
-5
-3
-3
-2
-1
-2
-2
0
2
-1
-3
-4
-3
-1
0
-1
-3
-1
2
-1
-3
-3
-2
-2
0
-1
-1
0
2
0
-2
0
2
2
1
3
1
2
1
1
0
2
3
0
-1
2
3
4
3
2
0
3
4
2
2
2
3
1
2
-1
-1
-1
1
-1
-1
0
3
0
0
-2
0
1
1
-2
-3
-3
-1
0
-1
-1
-1
0
0
0
0
0
0
0
-1
1
1
0
-1
-1
-1
1
-1
-2
-3
-2
-1
1
-1
-2
-2
1
1
-1
-5
-4
-1
0
-1
-1
-2
-1
-1
1
1
1
2
0
0
-1
-1
-2
-3
-1
-1
0
1
0
2
2
4
4
4
4
3
1
3
1
3
1
0
-1
3
4
5
2
4
3
3
3
3
2
3
3
3
3
2
4
3
3
4
5
6
8
5
5
6
7
5
4
4
5
5
4
3
2
4
7
6
5
5
8
9
8
6
6
6
7
5
3
4
5
4
4
3
3
4
6
5
4
4
6
5
2
3
2
3
5
4
0
2
5
6
4
3
3
3
3
3
1
1
3
4
0
0
1
1
-1
-1
-1
-1
1
-2
-2
-2
-1
0
-1
-1
0
0
-1
-2
-2
-2
-2
-1
-3
-4
-4
-2
-1
-2
-3
-3
-2
-1
-2
-4
-6
-5
-2
-4
-5
-6
-4
-2
-3
-4
-5
-4
-4
-3
-4
-5
-3
-1
-2
-1
-1
-1
-1
0
-2
-3
-3
-3
-2
-2
-2
-1
-1
-1
-1
0
0
-1
0
-1
-1
-2
-4
-3
-3
-1
-2
-2
-2
0
1
1
1
1
0
0
0
-2
-2
-1
-1
-2
0
0
2
2
1
2
2
1
0
-2
0
2
2
0
-1
1
2
1
-1
-3
-1
0
0
-2
-3
0
3
2
-1
-2
1
3
3
0
-1
0
4
5
0
-1
2
6
7
4
4
5
7
9
6
4
5
8
10
9
9
10
11
11
12
11
10
8
8
7
6
6
2
-1
-1
0
-1
-5
-8
-7
-5
-7
-11
-15
-15
-13
-13
-18
-21
-19
-15
-15
-17
-22
-22
-18
-18
-21
-24
-23
-20
-17
-19
-21
-20
-17
-14
-15
-18
-16
-13
-9
-7
-6
-5
-2
3
6
8
10
16
20
23
26
27
27
29
30
32
33
35
34
35
35
37
35
33
31
31
33
33
30
28
27
26
23
18
13
10
9
6
-2
-10
-14
-18
-24
-32
-41
-46
-48
-51
-54
-59
-60
-57
-54
-53
-53
-48
-39
-30
-21
-14
-8
1
12
20
26
32
39
47
52
57
59
58
61
62
63
63
62
62
65
67
67
63
60
58
58
55
52
48
44
43
36
27
15
6
-5
-18
-32
-46
-61
-73
-87
-103
-119
-131
-141
-148
-149
-152
-150
-147
-139
-132
-120
-107
-94
-78
-61
-44
-28
-16
-5
5
14
17
17
19
22
25
27
24
19
18
19
17
14
15
22
34
46
56
68
84
99
112
120
126
137
148
153
154
153
148
144
135
122
105
91
76
60
42
27
13
0
-10
-20
-24
-26
-27
-28
-29
-27
-29
-30
-32
-32
-30
-26
-28
-34
-37
-42
-51
-65
-80
-93
-100
-107
-115
-121
-124
-125
-125
-127
-129
-127
-121
-111
-100
-89
-73
-55
-38
-25
-11
3
16
29
40
50
60
70
80
84
89
92
94
96
98
97
94
92
87
83
80
76
74
71
70
69
68
66
59
54
49
44
38
32
28
26
23
16
5
-5
-12
-20
-30
-42
-52
-58
-63
-71
-81
-88
-92
-94
-98
-100
-99
-92
-87
-84
-81
-73
-67
-59
-53
-44
-35
-25
-19
-15
-8
-4
2
4
9
13
18
23
28
30
33
36
40
42
44
48
54
59
59
61
62
65
67
63
61
61
60
57
52
46
42
35
27
18
13
10
3
-4
-10
-13
-17
-22
-28
-30
-31
-32
-34
-34
-34
-34
-33
-34
-35
-37
-37
-35
-31
-32
-33
-32
-30
-29
-33
-35
-35
-30
-28
-29
-29
-23
-20
-18
-17
-15
-11
-6
-3
0
4
7
9
11
15
17
17
17
20
22
22
19
16
17
18
17
15
15
15
16
15
15
15
14
13
13
16
16
14
12
14
15
13
9
8
8
7
5
0
-1
-1
-4
-7
-9
-11
-12
-11
-10
-8
-12
-12
-9
-5
-3
-5
-4
-1
3
5
2
0
3
5
4
0
0
2
4
3
0
-2
0
-1
1
0
1
3
4
5
5
6
6
8
10
14
17
19
16
15
14
15
14
12
11
11
12
8
0
-6
-10
-9
-12
-15
-12
-9
-6
-10
-16
-20
-18
-17
-17
-18
-13
-7
-1
-1
-2
-3
0
3
4
2
1
5
6
8
6
6
7
10
9
7
4
5
6
6
7
11
15
18
18
18
16
14
14
14
17
20
22
21
16
11
8
3
0
-5
-7
-7
-5
-11
-17
-23
-23
-24
-28
-33
-33
-29
-28
-31
-35
-33
-26
-23
-22
-23
-21
-16
-16
-19
-22
-18
-11
-8
-9
-12
-13
-15
-19
-24
-25
-23
-19
-16
-16
-18
-18
-19
-22
-25
-20
-11
-3
1
3
6
11
12
9
10
19
26
30
30
31
35
39
38
34
35
38
40
37
33
28
30
29
27
21
21
19
17
12
9
6
7
6
4
3
3
0
-4
-8
-10
-8
-8
-6
-8
-3
-2
-2
-9
-11
-11
-5
-5
-6
-5
1
5
4
1
3
6
9
7
6
12
16
19
14
14
14
16
13
11
9
15
13
11
5
6
5
4
-1
-4
-3
-4
-5
-6
-3
-4
-2
-6
-9
-10
-7
-5
-2
-4
-1
0
3
-1
-4
-4
2
5
-1
-3
-2
0
-1
-6
-12
-11
-12
-14
-21
-20
-23
-25
-33
-35
-36
-36
-39
-39
-35
-32
-33
-37
-36
-33
-26
-24
-19
-15
-7
-3
1
3
10
13
19
23
26
29
34
39
41
44
43
46
46
46
42
41
42
45
41
37
33
33
28
21
14
9
5
0
-5
-7
-9
-15
-21
-28
-30
-35
-38
-41
-39
-38
-40
-44
-44
-43
-40
-39
-37
-35
-33
-29
-25
-18
-15
-10
-7
0
4
6
9
14
21
23
24
24
26
28
30
31
34
35
37
36
35
35
35
33
32
31
32
32
32
31
31
30
27
24
20
18
13
9
5
2
-2
-6
-12
-17
-22
-28
-36
-43
-48
-53
-57
-59
-58
-59
-60
-63
-63
-61
-61
-61
-60
-55
-49
-44
-41
-38
-33
-29
-28
-26
-20
-12
-5
1
7
13
17
22
25
29
34
39
44
48
52
55
55
57
60
58
57
55
54
51
47
43
41
38
32
28
27
24
19
12
8
8
6
2
-2
-2
-2
-5
-11
-14
-14
-15
-19
-20
-22
-24
-27
-32
-34
-34
-37
-38
-39
-36
-33
-34
-34
-29
-23
-21
-20
-15
-7
-2
1
5
12
18
20
20
21
25
24
23
24
27
29
28
26
28
29
29
27
30
34
34
33
35
39
38
33
30
34
36
33
28
30
31
27
19
14
16
12
6
2
3
3
-1
-7
-8
-6
-9
-13
-15
-14
-12
-16
-20
-19
-20
-25
-32
-33
-32
-33
-34
-34
-30
-30
-32
-32
-27
-21
-20
-20
-13
-4
-2
-4
-2
3
6
4
5
11
16
15
13
16
17
13
6
6
8
9
2
0
5
9
8
4
5
9
11
9
11
14
16
14
12
12
12
4
0
0
3
1
-5
-7
-8
-10
-17
-23
-28
-29
-30
-30
-28
-26
-26
-25
-22
-20
-20
-20
-15
-6
-2
-2
-2
3
8
6
1
-1
4
6
4
3
5
8
8
6
7
8
6
5
8
13
12
15
15
17
19
19
17
17
18
18
20
21
20
14
8
4
0
-8
-14
-20
-18
-18
-20
-27
-29
-26
-27
-28
-31
-31
-29
-25
-24
-23
-21
-17
-18
-15
-13
-8
-6
-7
-6
-4
-2
0
-1
-3
-1
4
7
5
3
3
8
14
16
15
17
19
21
22
20
21
22
24
27
27
26
23
20
19
17
14
7
4
5
6
5
-4
-10
-11
-9
-11
-14
-20
-22
-19
-18
-21
-27
-30
-29
-25
-23
-24
-26
-26
-22
-17
-17
-19
-19
-16
-11
-6
-6
-6
-1
6
11
12
11
11
15
22
25
23
23
25
30
33
29
24
20
22
24
22
18
15
12
13
12
10
4
1
-1
1
3
-3
-9
-10
-9
-7
-9
-15
-16
-13
-11
-13
-17
-19
-17
-16
-17
-20
-21
-20
-17
-14
-16
-16
-17
-13
-8
-3
-4
-5
-2
-1
2
6
5
1
0
5
11
11
7
5
9
12
11
8
4
7
10
11
10
8
8
10
13
12
11
13
14
18
21
21
21
24
25
28
30
30
26
25
27
29
24
17
13
12
12
8
3
-4
-7
-7
-7
-13
-17
-19
-18
-17
-18
-17
-18
-17
-17
-15
-17
-18
-17
-14
-11
-11
-13
-11
-9
-7
-5
-2
-1
0
4
8
14
15
10
11
15
16
15
11
10
15
17
15
16
15
14
15
13
13
13
11
8
11
11
10
6
1
1
3
0
-5
-7
-6
-5
-7
-13
-17
-14
-13
-12
-13
-15
-13
-9
-8
-7
-8
-10
-10
-8
-6
-6
-5
-6
-5
-4
-3
-3
-6
-8
-7
-2
0
-2
-4
-3
1
2
-3
-6
-7
-5
-4
-5
-9
-6
-2
-2
-3
-4
-3
1
0
-1
1
1
0
-1
-2
-2
-1
-8
-11
-9
-8
-10
-13
-18
-16
-14
-15
-19
-21
-19
-16
-14
-11
-12
-10
-8
-6
-4
-5
-5
-3
-1
-1
-2
-2
-1
-2
-1
-1
1
2
2
1
4
6
6
1
-2
0
0
-3
-7
-7
-7
-6
-9
-8
-8
-8
-9
-10
-10
-11
-13
-16
-16
-15
-16
-19
-21
-20
-18
-18
-17
-17
-17
-16
-14
-13
-14
-13
-11
-8
-5
-7
-7
-4
1
5
5
6
8
11
9
9
9
9
7
5
4
7
7
3
1
3
4
2
0
-2
1
2
0
-3
-3
-1
0
-1
-1
0
1
2
3
5
5
6
8
10
12
11
10
13
14
15
15
16
16
17
18
22
24
23
22
23
24
23
19
15
15
15
14
10
8
8
10
10
9
8
7
7
9
12
13
11
8
6
8
8
6
3
5
8
10
6
3
3
3
1
1
0
-1
-2
-2
-1
0
-1
-3
-2
0
2
0
-1
0
2
2
1
-3
-4
-2
1
0
0
-2
-3
-1
1
5
5
3
3
7
9
10
9
9
10
13
12
10
10
12
13
16
16
17
17
17
14
13
13
10
8
8
9
7
6
1
2
2
3
1
-2
-1
4
6
6
1
-2
0
5
7
5
3
4
8
7
6
5
8
7
7
5
6
4
3
-2
0
2
2
-1
-4
-1
3
2
-1
-2
0
4
0
-1
-2
4
3
2
-2
0
1
3
3
2
-2
-2
-5
-4
-1
0
-2
-6
-4
-2
-2
-7
-9
-10
-10
-10
-11
-17
-17
-16
-16
-19
-22
-25
-25
-25
-29
-30
-32
-31
-32
-31
-32
-31
-30
-27
-25
-23
-24
-25
-24
-20
-14
-13
-15
-18
-14
-7
-3
-5
-4
-1
6
9
8
7
9
13
14
14
13
16
17
18
20
21
19
16
17
19
20
18
14
11
10
11
6
2
-1
0
1
0
-6
-10
-10
-10
-8
-15
-20
-24
-23
-25
-24
-26
-29
-29
-30
-29
-29
-31
-32
-29
-25
-21
-25
-28
-26
-18
-14
-11
-14
-10
-7
0
3
6
6
9
13
15
16
14
15
19
24
21
18
16
19
23
24
22
18
15
16
16
16
12
10
7
8
6
3
-3
-4
0
3
0
-8
-12
-11
-7
-10
-12
-15
-13
-12
-11
-10
-10
-10
-9
-5
-5
-6
-8
-4
2
6
4
2
1
4
8
11
10
11
10
13
13
14
12
12
13
15
17
8
3
7
11
12
8
0
2
6
3
-1
1
1
1
-2
-4
-4
-3
-13
-17
-15
-14
-20
-23
-29
-23
-23
-27
-26
-29
-33
-30
-29
-31
-29
-28
-28
-25
-28
-30
-24
-17
-15
-20
-16
-18
-20
-15
-6
-10
-11
-15
-22
-19
-20
-27
-27
-23
-25
-23
-21
-16
-23
-29
-25
-19
-26
-28
-31
-30
-20
-22
-28
-22
-21
-30
-28
-13
-6
-10
-7
6
9
5
7
4
10
21
15
11
26
36
43
46
43
37
36
30
25
30
34
30
18
14
21
17
0
-1
7
5
3
11
5
-7
-15
-20
-27
-31
-31
-20
-12
-18
-25
-39
-42
-33
-25
-25
-23
-12
9
11
6
18
28
31
23
43
145
225
182
157
228
253
201
168
238
350
337
255
258
308
355
324
185
175
242
161
157
278
212
108
104
15
-23
36
-47
-119
-34
-40
-134
-126
-80
-105
-177
-247
-279
-235
-170
-211
-280
-246
-245
-339
-357
-330
-364
-400
-441
-447
-372
-359
-428
-423
-388
-416
-435
-416
-377
-327
-324
-359
-318
-221
-210
-236
-203
-174
-158
-101
-96
-115
-45
-34
-95
-66
-63
-137
-111
-98
-169
-157
-164
-233
-160
-84
-145
-112
-7
16
61
94
87
176
266
256
276
362
441
500
517
517
515
492
491
507
491
489
474
418
407
392
302
240
202
123
94
95
66
80
92
25
-11
-6
-30
-38
-25
-40
-20
11
0
7
21
-11
-56
-85
-118
-127
-125
-139
-154
-175
-205
-218
-231
-259
-286
-302
-315
-302
-269
-248
-239
-236
-239
-214
-162
-140
-136
-103
-32
65
114
85
101
170
198
167
137
194
302
297
244
280
315
326
313
222
224
313
270
262
350
310
267
313
268
256
327
279
260
370
390
352
382
388
361
331
261
247
312
303
217
167
165
160
98
-18
-84
-112
-166
-201
-209
-256
-316
-374
-456
-522
-589
-694
-773
-798
-817
-837
-862
-883
-888
-925
-1028
-1134
-1172
-1173
-1189
-1217
-1249
-1275
-1300
-1368
-1450
-1498
-1555
-1551
-1409
-1231
-1013
-735
-524
-377
-276
-243
-114
71
171
348
621
873
1151
1326
1368
1459
1454
1322
1336
1393
1415
1536
1577
1506
1490
1377
1154
1029
908
757
702
707
748
830
839
775
719
640
550
493
481
520
578
609
630
636
581
475
360
233
106
12
-39
-69
-92
-147
-249
-390
-540
-675
-798
-910
-983
-1013
-1019
-1002
-989
-996
-1021
-1071
-1123
-1108
-1045
-975
-876
-757
-654
-569
-523
-516
-489
-445
-409
-336
-239
-147
-63
-1
45
68
41
17
42
122
272
363
343
402
533
542
493
491
557
694
786
791
854
996
1088
1034
921
924
956
903
923
974
922
913
889
753
714
679
467
339
336
248
180
171
85
-17
-119
-278
-383
-409
-474
-549
-578
-595
-613
-655
-729
-780
-836
-940
-1000
-996
-995
-986
-976
-1023
-1064
-1100
-1194
-1249
-1239
-1268
-1304
-1289
-1245
-1185
-1174
-1218
-1232
-1262
-1328
-1308
-1256
-1239
-1207
-1200
-1209
-1159
-1155
-1226
-1195
-1059
-907
-711
-481
-264
-61
137
295
355
402
601
868
1063
1245
1434
1637
1865
1974
1911
1888
1930
1917
1909
1936
1950
1944
1898
1782
1638
1467
1280
1120
978
879
823
756
698
671
570
406
292
211
160
163
138
101
141
162
108
55
-19
-121
-182
-221
-249
-237
-242
-285
-330
-399
-498
-606
-706
-764
-811
-877
-906
-896
-915
-950
-1005
-1087
-1125
-1116
-1127
-1115
-1036
-953
-874
-780
-731
-695
-584
-471
-409
-314
-168
-11
151
260
342
488
622
681
731
798
904
1054
1165
1231
1284
1302
1324
1325
1244
1167
1141
1114
1134
1148
1052
1003
1006
875
725
637
480
395
421
302
178
172
46
-115
-180
-356
-530
-556
-655
-760
-799
-938
-1059
-1109
-1268
-1399
-1448
-1574
-1639
-1629
-1737
-1825
-1842
-1954
-2023
-2024
-2125
-2166
-2106
-2148
-2182
-2109
-2121
-2186
-2193
-2223
-2209
-2123
-2086
-1996
-1766
-1512
-1201
-827
-548
-345
-127
137
417
584
749
1134
1581
1908
2136
2292
2553
2854
2830
2690
2784
2920
3019
3099
2995
2898
2881
2645
2352
2197
1977
1766
1661
1518
1439
1391
1159
928
801
576
352
235
141
147
183
68
-18
0
-81
-200
-281
-381
-401
-359
-402
-402
-338
-419
-558
-643
-772
-870
-902
-986
-1033
-1011
-1069
-1151
-1197
-1283
-1361
-1420
-1507
-1509
-1423
-1379
-1338
-1271
-1239
-1214
-1176
-1142
-1022
-792
-621
-524
-310
-36
116
260
472
635
769
916
1046
1204
1383
1460
1422
1435
1554
1574
1477
1523
1595
1499
1458
1413
1221
1188
1169
885
733
726
527
385
332
130
13
-76
-326
-410
-414
-596
-685
-763
-977
-1015
-1055
-1286
-1304
-1284
-1520
-1584
-1537
-1689
-1728
-1724
-1944
-2003
-1896
-1965
-1994
-1911
-1930
-1910
-1868
-1941
-1940
-1864
-1852
-1823
-1789
-1767
-1640
-1561
-1621
-1586
-1502
-1515
-1445
-1256
-1035
-660
-274
-129
24
346
563
640
749
934
1288
1721
1983
2158
2433
2728
2879
2822
2702
2745
2885
2997
3081
3067
2992
2946
2789
2511
2283
2045
1781
1623
1503
1370
1247
1069
854
638
339
37
-139
-217
-236
-295
-446
-520
-495
-567
-693
-796
-909
-930
-861
-825
-748
-625
-617
-669
-697
-757
-779
-738
-733
-710
-640
-612
-579
-556
-611
-668
-735
-850
-867
-805
-791
-754
-720
-760
-767
-748
-749
-607
-380
-279
-200
-37
117
227
252
223
300
467
584
655
783
979
1112
1060
954
931
948
973
974
927
926
956
887
779
687
538
379
250
138
93
60
-42
-136
-240
-403
-550
-674
-790
-826
-864
-999
-1072
-1053
-1108
-1216
-1315
-1425
-1454
-1459
-1527
-1500
-1397
-1395
-1420
-1419
-1424
-1368
-1320
-1318
-1257
-1200
-1211
-1164
-1074
-1063
-1079
-1048
-1030
-1004
-945
-940
-970
-929
-884
-921
-946
-935
-853
-537
-157
-61
-77
126
412
551
504
431
651
1136
1427
1462
1624
2021
2361
2365
2147
2095
2341
2571
2607
2597
2629
2696
2683
2483
2257
2135
1955
1721
1609
1542
1436
1324
1123
852
606
298
-33
-156
-148
-247
-435
-596
-674
-696
-794
-1010
-1166
-1176
-1146
-1144
-1118
-1009
-880
-836
-915
-955
-900
-821
-747
-684
-611
-518
-438
-411
-370
-302
-307
-404
-451
-370
-274
-230
-240
-270
-279
-296
-355
-364
-154
94
46
-70
17
126
130
-18
-195
-79
140
204
187
225
476
601
348
165
218
297
469
579
492
529
801
953
674
304
82
67
235
198
151
240
12
-75
162
-105
-540
-712
-727
-312
-184
-697
-836
-740
-856
-881
-1104
-1409
-1180
-932
-1092
-1168
-1091
-1064
-1105
-1334
-1550
-1402
-1221
-1176
-1028
-1022
-1169
-1171
-1155
-1160
-1057
-1098
-1205
-1027
-838
-820
-790
-781
-855
-871
-903
-964
-824
-628
-620
-620
-384
108
581
730
707
776
871
928
1087
1368
1753
2119
2188
2145
2407
2683
2531
2190
2032
2121
2324
2418
2337
2246
2115
1761
1253
872
780
787
644
418
302
235
112
-92
-399
-653
-778
-895
-862
-616
-434
-408
-505
-653
-708
-671
-631
-519
-350
-216
-116
-106
-98
-35
-73
-224
-312
-268
-137
-10
-10
-88
-153
-298
-505
-592
-559
-504
-459
-502
-542
-470
-403
-427
-484
-352
108
502
607
701
698
563
515
397
344
575
719
660
617
618
564
323
-57
-264
-258
-146
51
130
104
46
-230
-603
-717
-630
-539
-464
-452
-381
-236
-277
-388
-499
-663
-682
-565
-464
-211
24
-149
-410
-520
-642
-702
-603
-568
-539
-439
-556
-736
-775
-900
-1070
-1108
-1122
-1014
-773
-707
-744
-802
-981
-1104
-1079
-980
-767
-535
-543
-573
-484
-503
-564
-616
-696
-658
-537
-537
-472
-380
-510
-691
-868
-1070
-963
-347
427
955
1088
924
802
892
1025
1155
1442
1831
2219
2450
2539
2706
2698
2208
1618
1393
1476
1785
1988
1808
1479
1062
443
-137
-365
-375
-373
-500
-641
-580
-424
-450
-744
-1106
-1258
-1075
-771
-424
42
368
350
142
6
103
447
727
792
902
1071
1129
1026
855
652
422
183
55
168
335
348
74
-393
-739
-892
-1002
-1002
-860
-756
-725
-769
-793
-729
-513
-220
-79
204
783
1138
1157
1181
933
705
877
816
738
1034
1158
832
436
83
-262
-546
-788
-825
-808
-784
-724
-935
-1343
-1536
-1623
-1766
-1559
-1101
-810
-655
-583
-640
-700
-622
-478
-307
-80
204
365
298
244
168
-76
-321
-375
-385
-361
-258
-390
-740
-997
-1155
-1374
-1516
-1417
-1279
-1266
-1257
-1210
-1164
-1192
-1238
-1238
-1082
-683
-308
-191
-127
-26
-150
-384
-402
-319
-226
-80
-108
-325
-425
-491
-841
-1253
-1382
-763
422
1253
1327
981
618
596
820
871
1185
1851
2405
2594
2618
2658
2558
2103
1348
973
1243
1806
2173
1985
1394
697
17
-631
-853
-610
-365
-293
-441
-567
-594
-637
-895
-1178
-1149
-756
-148
363
771
960
805
402
186
398
838
1278
1431
1363
1234
1072
784
427
226
118
66
5
58
149
6
-405
-895
-1240
-1329
-1151
-950
-766
-589
-533
-660
-804
-760
-515
-164
216
641
1076
1419
1569
1519
1322
1161
1092
1010
1022
1126
1044
742
355
-111
-504
-708
-874
-995
-990
-973
-1075
-1251
-1434
-1551
-1576
-1524
-1302
-1040
-819
-659
-602
-615
-572
-441
-333
-168
2
119
149
87
-23
-171
-302
-467
-628
-733
-744
-787
-954
-1096
-1195
-1295
-1444
-1564
-1593
-1519
-1413
-1318
-1138
-933
-752
-650
-592
-507
-332
-166
-192
-177
-27
27
-40
-120
-229
-297
-286
-453
-705
-746
-722
-888
-1248
-1425
-854
398
1285
1249
833
576
770
1233
1480
1665
2180
2742
2874
2798
2897
2971
2564
1793
1297
1390
1888
2203
1876
1112
411
-174
-796
-1075
-848
-591
-651
-912
-1114
-1105
-973
-1061
-1317
-1326
-882
-276
191
577
813
739
434
290
522
1073
1612
1700
1452
1251
1123
883
619
457
375
295
139
44
32
-58
-359
-877
-1304
-1332
-1073
-847
-688
-560
-560
-679
-792
-749
-453
-46
218
443
849
1238
1327
1263
1249
1268
1367
1402
1198
1075
1094
788
243
-89
-262
-410
-572
-764
-878
-894
-951
-1203
-1513
-1573
-1369
-1220
-1150
-954
-768
-758
-792
-785
-699
-466
-229
-155
-139
-69
-42
-177
-357
-413
-416
-502
-601
-690
-802
-885
-1042
-1266
-1412
-1365
-1347
-1393
-1368
-1339
-1330
-1285
-1150
-1018
-803
-538
-409
-383
-267
-77
-52
-72
-31
27
59
128
221
25
-186
-404
-687
-880
-806
-653
-825
-1073
-1441
-1556
-945
200
885
750
574
453
669
1129
1507
1813
2110
2536
2662
2752
3010
3174
2725
1969
1652
1656
2057
2348
2081
1357
659
74
-477
-598
-480
-398
-631
-977
-1141
-1132
-1046
-1141
-1343
-1435
-1066
-570
-165
278
484
379
156
132
365
900
1336
1404
1306
1142
1028
893
764
588
449
308
189
162
116
22
-308
-751
-1092
-1146
-995
-809
-626
-601
-713
-837
-883
-749
-494
-92
307
590
685
757
848
842
1103
1383
1266
1211
1281
978
820
709
324
-34
-177
-347
-366
-400
-279
-501
-1202
-1248
-1379
-1542
-1099
-828
-851
-616
-715
-671
-710
-786
-423
-342
-429
-38
44
-50
81
-205
-449
-484
-459
-324
-273
-401
-517
-765
-1044
-1153
-1220
-1317
-1333
-1403
-1388
-1285
-1272
-1157
-1037
-1068
-1024
-892
-834
-603
-331
-330
-220
-146
-120
-15
0
-19
53
46
-142
-208
-260
-306
-362
-600
-790
-876
-942
-1056
-1217
-1191
-604
322
723
607
418
333
570
1074
1403
1685
2214
2597
2632
2693
2895
2875
2531
2116
2087
2366
2602
2578
2119
1511
1027
536
-68
-251
-42
-73
-348
-685
-988
-1138
-1267
-1505
-1651
-1470
-1098
-740
-610
-455
-222
-364
-518
-423
-40
471
845
850
793
857
829
693
535
582
787
857
682
569
484
291
-9
-317
-447
-341
-267
-378
-525
-592
-648
-763
-839
-466
46
195
245
381
511
697
826
469
371
739
914
867
850
788
571
262
-82
-137
10
61
-69
-449
-646
-567
-651
-925
-1005
-921
-927
-859
-812
-756
-688
-748
-922
-971
-687
-314
-137
-209
-296
-356
-533
-597
-510
-407
-308
-312
-523
-727
-734
-759
-925
-1109
-1200
-1148
-1083
-1122
-1138
-1071
-1166
-1330
-1379
-1302
-1024
-788
-780
-789
-709
-661
-631
-573
-447
-295
-244
-223
-146
-123
-162
-279
-466
-508
-261
-119
-282
-429
-555
-720
-496
229
842
958
824
637
618
1016
1358
1482
1620
1981
2297
2388
2487
2626
2487
1992
1767
1863
2075
2377
2270
1687
1163
865
517
213
186
171
9
-300
-509
-577
-700
-867
-1140
-1317
-1118
-661
-476
-524
-478
-528
-628
-552
-311
-20
275
395
317
320
453
517
431
314
372
519
608
662
651
463
222
27
-134
-71
77
40
-99
-112
21
-10
-176
-195
-31
117
335
436
359
454
416
152
68
254
385
411
326
208
193
89
-66
-164
-253
-164
-129
-298
-379
-318
-469
-696
-788
-854
-762
-658
-646
-661
-651
-743
-856
-900
-867
-668
-556
-612
-566
-537
-670
-802
-907
-967
-823
-691
-692
-716
-790
-908
-1062
-1156
-1076
-891
-880
-943
-934
-879
-743
-725
-906
-962
-820
-673
-490
-331
-348
-405
-438
-525
-519
-340
-234
-250
-276
-303
-271
-290
-393
-450
-514
-606
-568
-571
-662
-429
161
696
849
726
567
583
927
1316
1511
1739
2081
2324
2355
2418
2492
2399
2127
1960
2109
2368
2529
2392
1877
1327
985
739
575
617
595
333
11
-249
-392
-533
-759
-1005
-1106
-983
-743
-602
-623
-691
-852
-1036
-959
-605
-242
-14
3
-114
-88
26
88
146
241
312
389
496
604
677
582
351
200
221
361
453
401
275
294
360
194
59
122
142
112
249
365
367
327
87
-215
-278
-89
0
-77
-63
-22
-169
-374
-379
-383
-419
-350
-300
-271
-153
-39
-203
-475
-530
-494
-479
-349
-135
-92
-199
-372
-539
-598
-555
-458
-474
-532
-520
-587
-807
-1000
-1066
-1121
-1109
-979
-915
-987
-1132
-1267
-1367
-1339
-1226
-1090
-926
-780
-689
-736
-779
-704
-584
-509
-406
-192
-35
58
87
-30
-158
-116
-27
-14
33
112
63
-62
-177
-264
-333
-411
-450
-483
-507
-512
-525
-633
-731
-558
-131
308
464
372
302
378
601
820
1016
1259
1532
1717
1807
1971
2085
2010
1834
1776
1958
2196
2276
2146
1908
1638
1438
1284
1188
1178
1063
814
625
556
496
321
40
-241
-387
-413
-389
-352
-420
-581
-802
-961
-945
-843
-818
-885
-937
-955
-905
-814
-807
-823
-795
-735
-628
-401
-208
-127
-86
-112
-63
108
288
422
491
506
633
927
1058
1005
980
953
918
954
969
855
814
722
438
266
250
103
-141
-364
-585
-683
-777
-933
-1033
-1136
-1226
-1245
-1249
-1235
-1120
-1070
-1098
-956
-737
-651
-529
-307
-279
-221
-81
-21
134
208
248
303
251
196
222
140
-66
-104
-83
-121
-218
-340
-465
-539
-647
-755
-653
-522
-615
-663
-657
-699
-624
-567
-526
-397
-406
-412
-255
-194
-190
-187
-232
-206
-67
-34
-32
-58
-116
-167
-199
-179
-171
-137
-153
-211
-218
-217
-206
-174
-186
-258
-251
-231
-249
-172
-27
59
30
-46
-8
114
263
342
357
385
452
575
631
687
768
769
692
715
834
937
1034
1035
1009
1045
1060
1107
1156
1210
1222
1164
1121
1155
1191
1160
1126
1071
1013
955
879
763
632
484
295
150
44
-49
-148
-298
-443
-564
-688
-787
-829
-875
-922
-904
-913
-896
-824
-774
-744
-693
-631
-543
-401
-272
-94
71
150
186
205
191
189
245
288
295
314
242
138
67
-32
-149
-215
-254
-259
-256
-334
-370
-410
-523
-594
-610
-568
-452
-338
-275
-239
-200
-187
-207
-201
-59
43
118
226
198
189
198
85
-7
31
70
111
121
70
42
-54
-147
-162
-200
-201
-111
-65
-72
-57
-64
-110
-128
-124
-89
-18
6
-8
-36
-111
-199
-244
-277
-301
-325
-344
-396
-460
-534
-599
-631
-653
-658
-634
-586
-584
-593
-603
-609
-597
-568
-527
-404
-296
-272
-251
-246
-271
-234
-174
-145
-88
-8
71
100
66
52
54
26
43
88
119
165
206
159
130
147
170
215
340
505
618
731
786
832
864
895
956
1070
1216
1318
1377
1364
1343
1310
1240
1212
1204
1189
1163
1098
984
821
653
451
312
251
209
159
69
-37
-149
-259
-363
-375
-355
-350
-332
-313
-341
-348
-323
-342
-313
-238
-206
-193
-153
-151
-178
-252
-331
-349
-355
-339
-299
-307
-324
-369
-429
-495
-492
-434
-421
-411
-382
-366
-363
-335
-314
-297
-294
-251
-142
-85
-35
0
-26
-41
-31
-54
-46
51
75
13
-30
-42
-128
-187
-230
-252
-187
-146
-122
-149
-187
-199
-236
-227
-132
-46
12
104
130
131
149
147
165
169
235
273
254
248
209
111
5
-46
-77
-131
-211
-250
-290
-353
-406
-498
-576
-617
-653
-651
-625
-581
-565
-587
-600
-577
-527
-476
-427
-379
-322
-285
-228
-185
-163
-133
-121
-119
-113
-93
-88
-102
-102
-97
-135
-176
-203
-240
-254
-226
-214
-156
-68
17
92
158
234
316
420
552
687
820
949
1044
1122
1168
1196
1245
1311
1335
1368
1392
1391
1357
1269
1161
1066
1007
978
928
890
849
754
601
450
366
298
253
224
205
185
176
138
79
34
16
-41
-79
-68
-46
-87
-183
-262
-381
-434
-451
-473
-457
-428
-492
-576
-605
-670
-687
-669
-706
-614
-597
-625
-584
-594
-579
-598
-510
-437
-350
-248
-215
-224
-228
-209
-202
-176
-154
-161
-104
-49
-151
-210
-95
-203
-283
-197
-271
-197
-69
-205
-208
-139
-273
-205
-80
-64
81
137
137
224
185
187
272
300
253
310
509
475
324
350
266
145
122
90
109
79
-30
-37
-92
-242
-308
-374
-456
-477
-485
-515
-490
-501
-627
-637
-575
-568
-524
-454
-406
-342
-281
-261
-186
-120
-117
-87
-16
-4
-6
2
-4
-40
-101
-125
-157
-165
-196
-269
-284
-299
-302
-270
-215
-190
-192
-209
-151
-37
51
176
308
383
482
572
667
791
868
929
1028
1112
1179
1222
1218
1232
1190
1134
1124
1168
1133
1066
991
867
782
695
590
532
507
487
446
386
339
311
217
127
107
102
98
90
7
-147
-197
-118
-222
-409
-269
-257
-428
-471
-446
-485
-455
-357
-567
-804
-510
-316
-453
-521
-371
-456
-519
-379
-253
-269
-502
-241
-2
-212
-318
-226
-105
-151
-305
-317
-96
-108
-216
-47
-341
-462
-238
-240
-342
-440
-465
-111
-195
-549
-361
-168
-335
-352
-118
-81
-87
-19
76
101
32
112
261
275
181
194
300
398
348
126
59
122
234
112
128
161
-30
-77
-94
-87
-155
-232
-140
-148
-262
-266
-124
-204
-370
-301
-220
-180
-101
-96
-50
-30
-102
-40
77
85
36
26
66
114
61
-46
-72
-91
-112
-108
-186
-226
-242
-226
-205
-289
-328
-221
-142
-171
-152
-98
-78
-13
6
52
105
119
244
384
389
406
426
480
618
592
556
637
619
557
593
596
633
674
603
563
578
599
622
601
591
589
625
636
663
653
605
631
621
565
522
580
624
404
292
432
273
235
268
-30
10
117
-192
-232
-253
-401
-155
-382
-835
-624
-347
-324
-601
-1099
-512
-121
-498
-802
-732
-221
-320
-502
-391
-295
-411
-547
-364
27
-309
-564
-297
-193
-191
-579
-485
-165
-209
-604
-503
-229
-463
-483
-323
-228
-582
-443
33
-142
-147
27
-169
-141
122
52
-35
455
369
20
204
253
373
362
-100
89
270
73
417
-28
-212
290
101
13
29
-177
-46
253
6
-131
-126
-121
326
21
-324
168
306
100
47
-55
120
614
100
-225
303
159
-53
45
-99
-21
92
-205
-176
-78
-125
-189
-249
-348
-199
-283
-240
-60
-200
-245
-355
-197
44
90
-58
-113
111
306
259
152
207
388
385
370
289
363
587
428
176
279
310
275
522
339
28
184
375
326
316
121
103
327
375
389
335
461
463
343
491
495
597
672
509
566
375
468
621
326
558
436
-48
303
328
146
109
106
-358
-151
467
5
190
69
-745
8
274
-194
-45
-564
-75
198
-412
-202
-28
-46
-362
-380
-298
-546
19
273
-843
-840
-341
-385
187
-680
-1580
119
87
-1052
-1022
-672
289
-151
-1486
-898
-23
207
-245
-1198
-332
355
-220
-389
-420
-16
625
-64
-629
-23
200
545
207
-962
-460
714
575
-368
-775
-333
654
308
-858
-510
505
470
-559
-542
258
550
203
-453
-169
286
276
456
-15
-386
240
501
269
-67
-39
430
146
-539
-26
297
178
39
-538
-389
145
156
-198
-408
-344
-94
-60
-36
28
-95
-55
41
-7
72
352
473
261
17
182
487
499
373
299
263
304
416
482
427
256
68
135
343
392
271
255
240
160
262
374
542
555
422
472
620
752
859
890
788
734
858
1049
1095
985
853
870
815
712
749
799
705
506
273
297
482
372
90
-59
-53
-6
-169
-275
-203
-259
-272
-435
-480
-278
-259
-342
-444
-576
-367
-176
-322
-445
-615
-575
-488
-616
-588
-557
-684
-787
-917
-980
-879
-912
-1063
-1201
-1181
-1087
-1048
-1005
-1172
-1190
-959
-894
-822
-732
-822
-752
-694
-729
-550
-361
-306
-364
-391
-366
-270
-132
-175
-268
-310
-246
-223
-244
-163
-202
-283
-363
-406
-163
35
-122
-196
-236
-274
-96
-64
-110
-56
-41
-72
-88
6
76
5
-75
-110
-48
121
275
490
635
522
490
618
781
993
1121
1121
1208
1320
1427
1526
1550
1538
1488
1495
1516
1573
1649
1545
1364
1164
948
902
879
719
548
397
195
10
-153
-280
-354
-470
-591
-637
-631
-641
-706
-811
-831
-726
-494
-328
-252
-135
-26
22
188
414
517
644
796
917
1078
1267
1222
1072
1023
1058
1166
1193
1044
811
662
540
362
252
174
68
-108
-359
-486
-481
-557
-725
-885
-1035
-1029
-931
-936
-1035
-1039
-1059
-1126
-1030
-902
-812
-772
-764
-782
-732
-635
-574
-593
-610
-659
-697
-655
-720
-781
-732
-800
-889
-955
-1026
-1002
-1026
-1140
-1178
-1131
-1124
-1183
-1254
-1217
-1123
-1091
-1073
-1096
-1100
-907
-752
-742
-808
-830
-747
-595
-508
-498
-491
-445
-374
-451
-477
-459
-439
-435
-496
-486
-91
673
1251
1230
849
682
993
1654
2130
2188
2249
2522
2697
2695
2662
2720
2774
2637
2423
2359
2563
2723
2436
1718
1004
756
906
953
686
365
25
-323
-594
-830
-884
-750
-727
-928
-1003
-838
-623
-482
-562
-709
-614
-280
123
403
442
388
407
360
390
677
965
1044
872
659
546
570
577
396
190
146
138
28
-83
-225
-391
-436
-458
-445
-307
-148
-113
-272
-468
-483
-282
-85
-49
-6
60
51
13
-27
-86
-89
-45
-64
-98
-51
-42
-216
-416
-553
-635
-608
-521
-564
-657
-755
-874
-896
-894
-928
-945
-982
-1058
-1020
-966
-903
-955
-1149
-1246
-1181
-1103
-1130
-1172
-1142
-1234
-1382
-1416
-1400
-1316
-1172
-1219
-1342
-1293
-1212
-1224
-1178
-1184
-1192
-1071
-935
-810
-762
-734
-722
-662
-548
-506
-448
-386
-440
-466
-439
-304
350
1281
1744
1517
1045
912
1385
2061
2349
2358
2444
2640
2764
2730
2643
2621
2587
2339
2060
2126
2410
2546
2224
1344
608
496
681
786
669
433
174
-81
-383
-548
-444
-221
-190
-339
-365
-200
75
175
4
-200
-155
100
423
624
619
471
299
68
-51
60
210
246
128
-56
-224
-310
-362
-435
-571
-664
-655
-558
-409
-307
-275
-308
-341
-362
-277
-38
277
484
480
402
326
281
242
307
310
302
286
191
24
-158
-299
-431
-551
-668
-728
-708
-670
-767
-897
-1002
-1114
-1136
-1129
-1126
-977
-808
-763
-764
-801
-858
-874
-848
-815
-766
-712
-750
-864
-975
-1094
-1198
-1276
-1349
-1331
-1277
-1305
-1439
-1530
-1542
-1515
-1479
-1420
-1363
-1366
-1296
-1308
-1317
-1240
-1030
-778
-631
-553
-494
-354
-245
-216
-239
-235
-162
-40
-16
-138
-305
-364
27
910
1746
1893
1581
1309
1288
1600
1989
2167
2402
2707
2802
2687
2543
2401
2329
2208
1884
1691
1864
2167
2240
1845
1031
472
368
440
552
694
687
558
293
-119
-247
-46
218
333
320
297
404
541
483
246
47
16
92
212
262
228
176
-140
-638
-879
-822
-615
-411
-467
-709
-804
-796
-838
-857
-756
-631
-482
-335
-291
-161
57
193
191
78
73
329
590
698
725
617
391
251
142
57
84
134
32
-231
-467
-554
-569
-597
-700
-822
-849
-785
-709
-632
-566
-584
-618
-710
-770
-628
-433
-279
-250
-396
-615
-704
-654
-663
-674
-671
-821
-994
-1109
-1282
-1434
-1493
-1596
-1710
-1699
-1614
-1514
-1544
-1576
-1638
-1710
-1630
-1455
-1229
-1042
-937
-903
-984
-1011
-864
-672
-477
-369
-357
-341
-236
-218
-292
-351
-327
-290
-319
-300
-240
-139
-176
-339
-201
563
1613
2155
2013
1707
1713
2041
2379
2598
2707
2975
3233
3084
2737
2500
2454
2283
1915
1508
1303
1429
1551
1294
620
-40
-327
-332
-189
-33
53
68
20
-139
-338
-255
110
409
522
535
573
763
877
738
434
178
143
214
231
146
1
-195
-515
-875
-1157
-1229
-1050
-894
-924
-1024
-1007
-996
-973
-909
-863
-733
-483
-213
-20
134
292
331
298
241
254
448
638
703
581
294
48
-23
-56
-117
-159
-168
-226
-285
-314
-394
-444
-420
-408
-379
-290
-135
17
59
-43
-212
-317
-268
-93
23
14
-79
-279
-528
-701
-839
-915
-898
-931
-1049
-1242
-1463
-1701
-1878
-1971
-1962
-1810
-1606
-1533
-1612
-1770
-1918
-1932
-1797
-1564
-1326
-1130
-996
-869
-856
-931
-926
-869
-655
-409
-267
-198
-195
-242
-326
-421
-443
-274
-78
65
44
-132
-244
-307
-405
-504
-552
-211
825
2059
2641
2366
1781
1488
1728
2249
2703
2941
3132
3263
3067
2608
2197
2022
1940
1776
1497
1338
1460
1656
1469
765
-69
-480
-346
35
380
524
416
257
32
-235
-290
-63
276
521
552
455
413
348
193
-101
-464
-618
-442
-229
-159
-328
-733
-1147
-1397
-1491
-1419
-1139
-836
-644
-570
-646
-804
-775
-592
-370
-158
31
261
490
690
742
673
563
477
502
589
689
752
702
456
110
-122
-223
-180
-32
7
-61
-151
-229
-256
-203
-182
-205
-193
-184
-148
-71
-39
-107
-251
-462
-610
-612
-537
-497
-514
-674
-953
-1145
-1247
-1320
-1397
-1448
-1534
-1691
-1854
-1937
-1952
-1949
-1917
-1896
-1883
-1778
-1603
-1530
-1525
-1440
-1320
-1199
-1117
-1056
-978
-938
-938
-948
-923
-821
-591
-369
-304
-350
-426
-451
-448
-366
-266
-229
-223
-232
-287
-329
-346
-448
-247
564
1740
2584
2586
2074
1694
1757
2209
2649
2763
2846
3054
3139
2943
2530
2115
1767
1617
1540
1460
1529
1710
1724
1310
519
-149
-244
144
686
978
853
647
469
286
171
107
199
402
607
634
457
213
-61
-401
-766
-1033
-1040
-733
-464
-512
-913
-1442
-1811
-1825
-1600
-1340
-1060
-796
-607
-505
-514
-538
-462
-253
-27
183
480
809
1051
1081
922
678
478
434
583
786
858
775
503
138
-94
-193
-189
-35
81
90
62
5
-74
-191
-240
-210
-182
-91
6
32
-11
-165
-410
-660
-829
-820
-666
-545
-570
-790
-1141
-1463
-1623
-1690
-1636
-1506
-1404
-1491
-1719
-1898
-1987
-1981
-1879
-1806
-1802
-1745
-1631
-1487
-1440
-1524
-1670
-1677
-1510
-1251
-1068
-1093
-1150
-1194
-1148
-975
-834
-741
-635
-567
-512
-470
-390
-277
-131
-79
-182
-264
-180
-6
200
541
1089
1800
2257
2263
2010
1803
1947
2366
2662
2739
2725
2724
2743
2671
2422
2013
1670
1574
1649
1762
1799
1685
1456
1104
684
413
408
609
906
1107
1023
737
401
187
215
335
390
408
424
399
255
-9
-370
-695
-857
-817
-692
-621
-664
-830
-1045
-1264
-1408
-1382
-1248
-970
-690
-583
-504
-487
-488
-409
-328
-171
3
185
381
471
528
548
528
504
493
475
461
474
438
303
153
48
-47
-98
-67
-3
89
151
144
108
75
135
254
302
259
229
251
255
199
85
-96
-274
-403
-474
-513
-536
-594
-741
-969
-1199
-1399
-1522
-1550
-1544
-1581
-1705
-1854
-2042
-2139
-2069
-1948
-1852
-1794
-1774
-1788
-1751
-1610
-1444
-1344
-1388
-1519
-1633
-1639
-1536
-1395
-1262
-1184
-1104
-1000
-913
-847
-807
-773
-725
-661
-544
-373
-220
-222
-340
-394
-113
648
1607
2252
2271
1859
1550
1672
2180
2693
2877
2769
2652
2752
2969
3016
2709
2162
1731
1688
1951
2241
2310
2052
1604
1151
814
685
760
907
1085
1144
1033
791
456
258
244
317
381
339
271
190
105
-50
-360
-719
-956
-944
-744
-571
-598
-856
-1221
-1500
-1571
-1435
-1194
-984
-861
-791
-736
-703
-728
-751
-721
-568
-279
-16
124
151
131
157
181
181
222
338
488
617
618
503
302
116
88
204
377
523
544
464
368
315
311
290
316
373
412
456
443
375
224
42
-156
-327
-343
-282
-265
-325
-512
-750
-982
-1134
-1194
-1179
-1148
-1185
-1301
-1464
-1641
-1755
-1820
-1873
-1790
-1650
-1611
-1662
-1797
-1936
-1898
-1770
-1642
-1583
-1645
-1726
-1702
-1591
-1457
-1410
-1487
-1520
-1416
-1230
-999
-799
-747
-798
-829
-784
-670
-503
-399
-394
-334
4
694
1523
2050
2002
1643
1428
1623
2184
2758
3021
2947
2720
2628
2767
2943
2892
2553
2178
2024
2119
2325
2409
2200
1725
1241
1031
1096
1250
1331
1261
1091
926
781
663
598
561
544
556
518
398
217
-10
-215
-375
-509
-593
-601
-634
-724
-821
-987
-1242
-1470
-1599
-1528
-1315
-1107
-990
-1019
-1133
-1195
-1167
-1041
-820
-638
-538
-442
-345
-247
-159
-124
-86
-25
126
319
452
506
468
405
353
311
322
377
418
456
479
484
405
290
229
236
310
373
388
368
317
266
226
164
86
-15
-95
-101
-42
-31
-107
-283
-489
-617
-639
-624
-633
-691
-839
-1013
-1155
-1275
-1323
-1340
-1404
-1467
-1544
-1647
-1713
-1704
-1663
-1665
-1716
-1793
-1834
-1779
-1656
-1534
-1464
-1452
-1423
-1380
-1291
-1160
-1055
-1013
-967
-891
-758
-574
-430
-371
-375
-413
-474
-524
-454
-180
382
1101
1612
1661
1349
1026
1003
1347
1855
2270
2409
2346
2258
2276
2360
2342
2186
2007
1970
2103
2303
2395
2233
1859
1472
1261
1278
1431
1602
1659
1571
1391
1155
952
826
764
787
857
893
820
611
303
-25
-315
-510
-538
-471
-461
-575
-758
-1031
-1305
-1483
-1536
-1494
-1380
-1249
-1173
-1149
-1160
-1175
-1200
-1202
-1115
-943
-724
-512
-366
-322
-351
-395
-453
-453
-365
-187
7
115
112
32
-68
-135
-139
-51
108
223
257
260
235
193
171
150
184
312
449
556
633
615
553
468
345
285
323
411
516
545
415
189
-49
-257
-356
-316
-260
-224
-294
-497
-735
-956
-1151
-1238
-1221
-1174
-1120
-1119
-1212
-1357
-1501
-1584
-1621
-1595
-1495
-1379
-1274
-1276
-1374
-1460
-1483
-1429
-1296
-1139
-1010
-919
-879
-889
-886
-852
-823
-773
-697
-597
-446
-319
-327
-411
-476
-448
-260
120
672
1191
1356
1163
889
792
983
1363
1708
1893
1938
1906
1903
1977
2011
1923
1798
1748
1824
1945
2032
2018
1840
1595
1439
1408
1442
1445
1400
1333
1266
1186
1107
1015
871
733
672
696
716
650
451
176
-82
-276
-371
-384
-396
-408
-492
-638
-781
-968
-1114
-1158
-1126
-1042
-947
-909
-969
-1083
-1178
-1212
-1143
-1011
-866
-768
-701
-656
-668
-677
-647
-568
-476
-364
-212
-90
-36
-46
-96
-125
-97
6
130
258
357
369
338
308
290
330
429
550
617
631
620
588
544
505
502
498
488
477
449
402
325
220
116
38
11
-35
-108
-176
-282
-423
-569
-688
-788
-834
-848
-871
-901
-990
-1124
-1230
-1290
-1280
-1275
-1299
-1328
-1363
-1365
-1326
-1259
-1227
-1221
-1174
-1108
-1056
-1030
-1028
-1039
-1036
-986
-911
-824
-761
-725
-661
-602
-555
-526
-522
-507
-469
-369
-228
17
370
676
856
869
787
756
856
1070
1318
1505
1589
1646
1705
1757
1817
1806
1757
1763
1820
1888
1908
1886
1791
1648
1528
1477
1483
1461
1388
1284
1165
1094
1062
1000
890
782
740
721
669
550
393
256
177
118
58
3
-90
-244
-376
-460
-516
-590
-719
-853
-948
-981
-963
-923
-929
-1006
-1074
-1108
-1059
-955
-891
-811
-738
-682
-597
-503
-420
-333
-249
-172
-105
-44
10
64
127
171
180
166
157
200
288
351
381
364
300
243
200
166
201
248
249
224
206
198
188
176
147
103
70
44
39
38
-42
-155
-247
-333
-405
-448
-491
-534
-572
-643
-739
-805
-872
-956
-1012
-1064
-1140
-1197
-1230
-1267
-1266
-1246
-1217
-1184
-1166
-1126
-1061
-1035
-1027
-987
-942
-903
-847
-804
-779
-738
-720
-710
-639
-563
-514
-466
-469
-499
-496
-470
-421
-370
-304
-137
98
293
390
455
521
632
807
965
1080
1187
1271
1405
1622
1818
1885
1816
1713
1681
1749
1832
1863
1831
1746
1643
1585
1555
1487
1385
1259
1129
1059
1015
993
992
929
831
736
655
588
512
439
364
299
251
206
169
95
-28
-167
-306
-418
-503
-572
-620
-668
-724
-762
-805
-870
-896
-882
-840
-777
-726
-673
-622
-556
-482
-432
-382
-348
-319
-238
-123
-7
62
73
49
50
114
185
212
193
170
181
206
234
244
204
145
108
96
105
156
197
206
193
156
110
61
19
-14
-43
-35
-28
-64
-142
-233
-284
-333
-384
-444
-502
-548
-606
-690
-788
-877
-949
-1027
-1073
-1076
-1071
-1084
-1125
-1189
-1208
-1180
-1166
-1130
-1096
-1084
-1040
-984
-953
-911
-887
-866
-827
-780
-727
-666
-622
-584
-526
-497
-488
-456
-442
-449
-390
-314
-285
-279
-260
-195
-20
212
368
403
408
495
669
859
1002
1078
1095
1131
1272
1485
1682
1806
1801
1708
1673
1740
1801
1828
1827
1765
1712
1703
1658
1554
1404
1254
1158
1108
1081
1081
1050
946
838
740
623
539
490
408
339
306
236
146
65
-49
-135
-168
-215
-283
-368
-445
-493
-545
-596
-605
-600
-637
-679
-693
-694
-674
-645
-634
-619
-576
-533
-481
-418
-390
-375
-331
-267
-195
-131
-109
-119
-127
-131
-92
-33
0
49
110
130
113
106
99
105
136
167
183
187
175
148
124
89
46
26
12
15
13
-21
-57
-109
-208
-302
-352
-372
-393
-463
-576
-686
-754
-792
-837
-906
-968
-993
-1019
-1046
-1083
-1153
-1229
-1284
-1290
-1251
-1168
-1102
-1074
-1045
-1004
-963
-952
-946
-924
-871
-787
-699
-635
-594
-554
-509
-470
-437
-392
-329
-278
-230
-174
-131
-113
-121
-148
-124
13
234
458
582
616
628
685
809
957
1076
1153
1238
1345
1475
1620
1695
1687
1663
1663
1705
1765
1791
1764
1696
1614
1545
1500
1467
1423
1337
1216
1084
958
859
820
809
776
710
623
520
420
338
247
168
121
92
54
-6
-81
-164
-262
-358
-454
-532
-573
-584
-595
-637
-690
-753
-805
-817
-799
-763
-705
-653
-637
-636
-610
-567
-521
-454
-363
-273
-201
-151
-130
-100
-49
-4
36
77
121
164
211
272
318
318
287
253
233
244
283
290
239
185
145
111
87
64
16
-40
-82
-100
-112
-144
-199
-279
-362
-406
-439
-478
-519
-573
-633
-684
-721
-740
-765
-806
-851
-908
-954
-971
-983
-1004
-1026
-1038
-1035
-1016
-995
-982
-975
-958
-939
-910
-860
-809
-759
-707
-663
-631
-600
-570
-520
-439
-357
-291
-238
-192
-135
-68
-17
14
19
17
18
30
69
188
387
591
725
785
803
831
918
1020
1108
1163
1176
1226
1359
1526
1650
1652
1560
1469
1448
1481
1527
1557
1533
1471
1409
1365
1323
1250
1119
966
848
800
805
825
798
714
601
503
461
441
394
307
215
125
63
34
5
-54
-143
-262
-369
-452
-502
-533
-572
-616
-657
-674
-686
-703
-730
-756
-749
-690
-630
-583
-537
-499
-469
-426
-369
-320
-260
-199
-133
-55
27
97
135
134
122
131
161
204
254
285
286
261
203
137
83
43
9
-7
-2
-18
-56
-92
-127
-181
-233
-264
-268
-270
-280
-305
-325
-335
-345
-360
-383
-410
-461
-519
-561
-579
-587
-595
-634
-709
-786
-820
-832
-848
-879
-925
-960
-968
-949
-925
-903
-911
-928
-915
-853
-775
-722
-696
-668
-635
-583
-508
-431
-362
-317
-285
-252
-210
-162
-114
-79
-39
-5
5
-2
-5
7
43
104
151
218
345
494
588
626
655
719
826
942
1029
1074
1107
1157
1244
1355
1446
1468
1430
1387
1396
1430
1455
1443
1377
1282
1217
1181
1137
1063
953
832
725
668
654
635
583
508
426
356
299
248
180
106
39
-20
-61
-74
-95
-144
-203
-258
-294
-300
-300
-320
-360
-417
-465
-480
-469
-455
-455
-496
-546
-566
-540
-496
-439
-392
-341
-284
-231
-200
-176
-151
-116
-59
-12
23
51
82
114
148
154
147
133
126
118
124
125
112
79
45
17
0
0
-5
-18
-53
-109
-177
-232
-267
-264
-264
-263
-264
-258
-254
-272
-334
-422
-492
-518
-520
-526
-545
-592
-644
-677
-698
-725
-744
-751
-746
-736
-731
-744
-758
-774
-780
-766
-724
-668
-609
-559
-537
-541
-552
-537
-478
-418
-386
-346
-309
-293
-283
-264
-242
-198
-147
-103
-71
-52
-56
-51
-30
-6
22
62
114
154
190
246
347
435
472
495
531
595
701
799
855
861
863
909
1021
1155
1241
1269
1256
1247
1240
1232
1225
1216
1200
1190
1189
1193
1163
1086
968
834
741
701
703
704
668
585
486
392
320
267
225
189
162
136
111
81
30
-45
-128
-183
-209
-222
-245
-280
-329
-383
-422
-443
-448
-436
-417
-404
-391
-378
-357
-338
-318
-305
-285
-240
-180
-132
-114
-95
-72
-45
-21
7
22
30
24
4
-22
-33
-37
-46
-63
-94
-129
-161
-188
-233
-267
-277
-270
-280
-304
-325
-332
-347
-374
-405
-423
-414
-401
-392
-387
-372
-367
-371
-374
-375
-390
-411
-443
-473
-486
-488
-500
-526
-553
-566
-565
-568
-579
-602
-609
-604
-589
-574
-556
-547
-549
-540
-497
-448
-418
-415
-411
-368
-289
-211
-157
-131
-133
-125
-94
-48
-14
1
-4
-16
-31
-38
-24
9
25
29
27
46
91
123
119
82
55
75
163
273
360
413
457
500
553
608
654
688
713
765
873
1000
1080
1085
1032
987
987
1007
1028
1045
1049
1032
998
963
933
895
845
787
732
691
661
624
565
502
459
443
435
414
368
313
249
171
97
59
53
51
14
-50
-104
-132
-144
-166
-199
-235
-248
-244
-227
-212
-215
-250
-292
-304
-266
-199
-158
-173
-217
-246
-245
-219
-200
-190
-197
-203
-207
-197
-196
-215
-252
-301
-333
-325
-301
-293
-309
-335
-357
-365
-364
-382
-409
-438
-462
-474
-461
-448
-444
-462
-487
-500
-488
-463
-435
-413
-398
-381
-375
-374
-368
-344
-320
-306
-315
-333
-341
-321
-298
-293
-299
-297
-286
-281
-293
-315
-330
-334
-322
-302
-278
-259
-260
-277
-289
-289
-269
-232
-187
-163
-156
-159
-167
-176
-173
-146
-106
-76
-71
-82
-94
-84
-61
-39
-18
-5
-2
5
25
46
53
53
55
68
101
145
181
214
258
319
385
434
466
496
547
612
659
683
706
746
799
852
897
928
945
953
954
941
920
903
905
926
949
950
911
856
797
748
712
693
679
666
644
608
558
508
470
438
399
359
331
311
295
261
213
155
102
53
21
5
-8
-36
-95
-165
-225
-261
-283
-296
-320
-346
-365
-368
-371
-382
-409
-440
-459
-455
-430
-405
-391
-410
-438
-451
-437
-425
-431
-461
-480
-487
-489
-502
-524
-558
-600
-627
-639
-633
-627
-630
-645
-648
-635
-610
-593
-578
-569
-557
-540
-507
-471
-440
-400
-358
-316
-271
-227
-190
-163
-153
-154
-154
-155
-168
-178
-174
-153
-140
-158
-182
-184
-164
-150
-157
-171
-177
-162
-139
-123
-116
-106
-98
-91
-88
-82
-71
-60
-60
-57
-39
-15
1
-5
-21
-37
-46
-59
-72
-67
-54
-45
-40
-35
-20
-1
18
38
65
93
109
109
106
115
134
142
149
166
200
249
300
328
343
355
380
417
469
519
561
592
623
665
714
757
780
785
787
804
845
890
910
898
860
824
806
806
799
769
708
644
595
555
514
464
411
379
371
367
343
305
257
220
204
190
165
123
66
19
-10
-20
-28
-42
-71
-102
-133
-171
-211
-249
-284
-310
-336
-365
-398
-429
-465
-502
-538
-573
-601
-616
-618
-621
-621
-623
-629
-642
-652
-659
-655
-646
-635
-628
-619
-611
-601
-593
-584
-566
-539
-507
-481
-470
-467
-458
-446
-443
-441
-437
-428
-414
-392
-368
-344
-327
-309
-289
-259
-215
-174
-147
-129
-116
-100
-68
-30
2
27
52
69
75
81
96
116
124
120
108
89
64
33
2
-11
-7
-4
-12
-11
-9
-8
-7
-11
-6
8
37
67
96
118
132
142
147
157
173
177
180
184
188
190
176
143
99
76
68
65
55
37
13
-13
-37
-44
-38
-25
-13
5
32
66
107
136
163
190
221
260
310
359
395
426
454
484
527
573
612
636
636
629
629
644
665
684
687
669
654
647
650
655
642
617
595
588
593
597
585
548
501
458
427
404
374
334
291
242
192
138
87
30
-24
-76
-129
-176
-227
-285
-349
-405
-450
-487
-515
-546
-574
-599
-630
-656
-688
-714
-730
-724
-715
-713
-727
-753
-773
-771
-766
-769
-781
-793
-795
-785
-767
-754
-743
-744
-740
-729
-704
-670
-630
-601
-574
-543
-497
-441
-377
-318
-272
-233
-204
-168
-122
-64
-16
21
49
88
129
162
170
168
161
170
191
211
227
233
237
237
248
260
271
278
276
263
252
255
273
281
278
263
249
239
226
208
183
166
146
128
100
70
40
14
-14
-35
-54
-63
-65
-66
-70
-73
-81
-93
-98
-91
-70
-51
-34
-29
-28
-30
-24
-15
6
32
54
62
62
58
61
75
96
117
134
147
158
164
166
171
181
205
238
281
317
339
345
340
341
360
389
421
447
471
492
510
515
505
492
478
477
484
500
505
492
464
430
401
372
340
306
274
246
217
181
149
120
97
74
50
18
-17
-56
-94
-132
-163
-195
-229
-268
-312
-355
-388
-415
-447
-482
-519
-552
-581
-613
-650
-682
-706
-709
-707
-705
-714
-727
-738
-740
-730
-714
-692
-662
-634
-612
-594
-586
-582
-573
-545
-507
-460
-418
-387
-361
-336
-308
-275
-235
-191
-147
-106
-66
-20
25
67
102
134
168
207
252
292
329
346
351
351
357
375
393
410
413
401
376
345
321
305
300
293
279
259
237
225
209
188
158
134
119
119
126
125
113
90
66
42
24
8
-11
-25
-39
-51
-73
-109
-146
-177
-183
-173
-153
-152
-161
-175
-189
-192
-189
-170
-147
-119
-96
-80
-54
-27
10
38
54
68
80
113
147
177
184
182
189
209
241
267
283
287
294
320
354
382
390
388
391
411
442
465
466
444
424
415
429
444
444
427
401
385
372
359
330
286
243
207
190
166
132
84
38
1
-33
-62
-99
-136
-171
-205
-239
-274
-302
-328
-354
-384
-418
-451
-478
-495
-512
-532
-556
-580
-599
-608
-605
-601
-601
-615
-637
-660
-666
-649
-613
-569
-531
-505
-489
-475
-445
-405
-358
-311
-265
-221
-175
-134
-107
-85
-62
-31
6
44
75
99
111
118
124
133
144
156
166
175
185
191
190
181
176
176
182
193
205
217
224
226
219
207
195
193
199
204
199
180
155
134
119
106
88
68
47
30
17
5
-11
-36
-67
-94
-102
-102
-101
-107
-118
-124
-123
-112
-103
-97
-91
-84
-77
-70
-58
-51
-46
-43
-40
-26
-6
14
21
20
15
13
20
31
47
57
67
78
96
124
149
165
168
167
175
190
215
238
257
269
276
281
284
288
288
290
288
287
278
261
240
224
218
209
197
175
148
125
102
82
50
9
-31
-58
-55
-38
-18
-31
-72
-130
-177
-199
-203
-199
-203
-207
-211
-212
-216
-234
-267
-311
-347
-360
-352
-334
-319
-316
-328
-336
-339
-336
-329
-324
-312
-297
-277
-266
-255
-239
-217
-187
-159
-132
-105
-81
-61
-46
-29
-19
-10
0
14
41
67
87
87
75
64
66
81
86
83
71
68
68
67
67
56
47
35
27
24
18
12
0
-7
-14
-7
10
30
45
44
37
24
14
6
4
12
20
34
48
65
78
80
71
48
34
24
40
57
68
67
57
54
52
57
53
37
28
24
39
52
61
54
38
26
32
71
102
99
58
10
-3
11
40
50
49
46
66
104
131
125
76
25
3
17
53
88
112
107
96
81
82
84
80
80
87
109
127
137
126
100
75
59
68
78
88
81
62
40
10
-14
-37
-43
-39
-35
-31
-40
-56
-88
-118
-141
-144
-127
-109
-96
-102
-115
-124
-122
-120
-114
-108
-104
-98
-91
-88
-101
-134
-163
-167
-139
-85
-30
-32
-86
-147
-171
-165
-154
-145
-140
-138
-126
-99
-80
-100
-144
-170
-145
-84
-24
7
-2
-31
-42
-44
-35
-21
-16
1
54
128
159
131
80
42
16
16
43
49
27
11
21
35
18
-28
-58
-67
-71
-53
-22
20
59
72
57
40
35
49
79
91
104
112
115
135
126
74
19
-20
-36
-19
1
2
-15
-57
-85
-81
-73
-69
-67
-74
-62
-34
-4
30
28
2
-14
-2
29
66
72
55
59
64
70
63
36
18
8
5
4
-4
-24
-27
-23
-25
-28
-39
-30
-3
23
46
63
74
100
137
157
159
143
123
121
131
143
145
143
138
134
111
81
45
-4
-39
-50
-44
-30
-12
-11
-29
-56
-80
-99
-107
-98
-62
-17
16
32
19
1
-17
-31
-41
-52
-60
-57
-49
-56
-78
-103
-130
-151
-172
-182
-191
-190
-191
-203
-215
-220
-223
-218
-187
-147
-116
-93
-82
-79
-74
-60
-44
-35
-32
-23
-3
21
49
66
72
69
64
63
60
59
54
55
62
75
70
55
54
54
40
26
18
11
14
37
62
79
97
113
100
65
47
35
23
28
39
43
54
66
58
30
-1
-30
-40
-19
20
46
46
41
22
-15
-48
-74
-86
-70
-36
-6
1
-13
-31
-48
-65
-75
-69
-50
-26
-10
-15
-32
-58
-86
-119
-145
-144
-119
-83
-45
-16
-9
-3
9
13
6
1
6
22
50
73
84
91
103
112
104
96
97
97
100
110
111
106
104
94
76
53
30
17
19
33
47
47
36
16
-10
-28
-26
-13
6
33
56
60
46
21
-13
-47
-58
-40
-11
24
60
68
51
27
-6
-44
-57
-42
-20
3
19
9
-30
-61
-82
-105
-98
-57
-17
3
23
22
-8
-41
-73
-94
-91
-56
-15
9
15
-1
-28
-47
-59
-72
-64
-25
6
18
23
22
4
-20
-43
-64
-80
-81
-65
-45
-31
-36
-51
-59
-69
-83
-87
-72
-50
-26
2
17
18
3
-13
-21
-20
-16
-6
28
71
102
116
114
83
38
23
23
16
10
8
11
23
28
-4
-47
-62
-54
-30
14
59
72
70
74
61
29
15
17
20
37
63
79
88
82
45
-3
-20
-13
3
27
37
18
-9
-25
-48
-77
-91
-88
-63
-23
5
11
10
10
3
11
33
53
59
65
62
44
27
4
-22
-37
-36
-38
-39
-48
-81
-109
-117
-117
-113
-91
-62
-51
-42
-37
-48
-64
-67
-61
-46
-9
25
44
54
55
39
27
30
31
38
58
85
105
111
103
82
64
52
45
45
50
52
48
47
33
16
14
27
41
56
75
83
90
90
63
25
-2
-16
-23
-15
-10
-21
-32
-33
-40
-53
-56
-55
-60
-66
-84
-114
-135
-135
-135
-136
-123
-108
-91
-75
-61
-63
-73
-66
-47
-15
19
53
70
73
72
56
41
30
20
8
-1
-7
-23
-40
-57
-72
-80
-69
-52
-48
-45
-52
-56
-54
-51
-48
-46
-32
-11
21
49
73
88
94
107
122
142
153
145
123
89
58
32
19
11
13
24
33
42
46
42
28
5
-20
-42
-43
-19
13
28
31
37
42
56
59
47
28
23
32
45
57
50
35
23
18
3
-28
-48
-60
-66
-64
-56
-53
-54
-50
-61
-78
-95
-105
-104
-97
-79
-68
-57
-48
-42
-44
-40
-29
-30
-39
-48
-51
-56
-67
-76
-77
-60
-27
10
39
56
68
75
82
90
97
102
114
133
139
132
119
98
69
45
37
32
28
33
44
54
65
75
75
72
71
67
63
63
63
54
48
45
33
10
-13
-38
-69
-96
-107
-107
-95
-75
-68
-77
-90
-99
-104
-106
-110
-116
-114
-97
-80
-75
-77
-78
-73
-58
-32
-3
11
17
18
13
5
-10
-28
-44
-51
-54
-57
-58
-60
-64
-62
-51
-37
-23
-7
9
27
42
52
57
64
70
74
80
87
88
91
107
126
135
142
149
148
145
149
147
139
131
117
99
87
75
49
20
2
-11
-26
-28
-31
-41
-54
-59
-72
-93
-111
-126
-136
-139
-131
-121
-105
-86
-78
-83
-90
-92
-96
-92
-81
-78
-81
-86
-90
-102
-119
-131
-129
-109
-78
-49
-30
-26
-26
-20
-6
9
28
45
58
74
87
88
79
81
92
106
132
156
162
154
143
127
109
108
115
117
124
134
132
121
109
86
55
42
39
31
20
15
2
-15
-21
-25
-40
-52
-52
-54
-53
-45
-37
-36
-33
-28
-38
-50
-57
-70
-85
-95
-99
-109
-123
-135
-145
-147
-137
-122
-118
-111
-96
-85
-82
-78
-71
-63
-41
-15
-1
6
13
16
4
-7
-3
9
26
45
54
49
47
42
25
13
15
22
27
43
59
61
55
52
45
32
32
43
52
63
76
77
69
59
47
31
19
12
8
13
28
33
21
10
7
4
6
18
30
31
26
15
-6
-38
-73
-109
-135
-137
-126
-118
-106
-90
-81
-76
-70
-69
-70
-67
-59
-55
-51
-39
-33
-34
-36
-36
-31
-19
-9
-8
2
25
49
62
69
77
86
100
119
133
137
139
137
125
104
83
70
68
80
96
110
121
127
127
119
106
92
77
66
56
41
21
2
-15
-38
-64
-78
-83
-79
-70
-57
-44
-32
-18
-12
-11
-12
-15
-16
-12
-4
0
1
2
-4
-19
-33
-40
-51
-61
-68
-75
-86
-94
-98
-105
-108
-112
-114
-112
-99
-83
-74
-66
-61
-58
-52
-43
-36
-33
-22
-7
7
21
32
35
35
38
36
33
34
35
38
47
55
51
41
39
37
39
45
48
38
32
32
29
28
27
21
17
23
32
39
44
44
41
41
48
53
50
48
39
26
16
8
-6
-20
-29
-39
-47
-54
-67
-81
-82
-73
-66
-57
-53
-59
-64
-54
-47
-52
-52
-47
-37
-21
-9
-19
-36
-43
-41
-39
-28
-12
-2
10
24
25
14
9
10
15
30
49
62
69
75
77
72
68
69
70
81
98
112
118
124
119
114
113
113
108
97
82
61
41
25
10
-8
-20
-23
-24
-24
-31
-42
-53
-52
-46
-32
-13
7
20
24
18
1
-21
-38
-43
-41
-31
-24
-20
-25
-34
-51
-67
-74
-72
-58
-39
-21
-16
-23
-35
-48
-60
-65
-60
-49
-33
-25
-23
-26
-34
-41
-36
-26
-10
5
20
25
22
15
4
1
4
17
31
48
59
54
44
35
24
16
22
33
43
54
63
57
44
31
17
0
-5
-6
-8
-6
0
1
-7
-8
-11
-14
-12
1
5
3
6
3
-2
-2
-2
-15
-24
-29
-38
-50
-57
-67
-78
-77
-66
-62
-60
-56
-55
-56
-51
-43
-42
-34
-19
-5
2
6
2
-11
-17
-17
-14
-15
-8
-4
-7
-13
-24
-38
-47
-48
-42
-33
-22
-11
-2
4
5
11
17
32
50
69
83
96
103
106
107
107
111
112
113
110
105
93
84
70
53
41
30
20
14
12
3
-5
-8
-6
-5
0
1
-4
-9
-13
-22
-33
-39
-44
-46
-42
-32
-31
-34
-37
-45
-57
-64
-69
-78
-82
-77
-76
-80
-82
-85
-85
-80
-67
-56
-42
-20
-2
8
16
18
12
12
21
28
37
49
57
66
76
83
83
77
73
67
66
72
68
57
51
50
53
60
66
64
59
58
58
56
52
45
40
39
43
47
47
44
39
29
20
13
7
-2
-12
-23
-35
-44
-52
-61
-72
-79
-79
-73
-65
-60
-55
-53
-56
-61
-70
-78
-78
-74
-67
-58
-45
-33
-23
-17
-17
-21
-21
-17
-16
-18
-19
-21
-23
-23
-23
-24
-22
-15
-7
4
15
20
21
23
28
34
43
51
54
52
52
52
47
39
29
23
21
23
22
18
11
3
-3
-4
-1
5
14
21
27
29
28
24
16
8
4
1
0
-4
-10
-16
-22
-29
-35
-35
-33
-25
-16
-9
-5
-6
-6
-9
-14
-23
-31
-37
-38
-35
-32
-24
-13
-2
10
19
26
28
25
18
8
-2
-11
-17
-25
-29
-31
-32
-33
-35
-33
-25
-12
1
15
29
44
59
68
73
72
69
68
65
60
58
56
57
60
67
71
78
84
86
87
90
92
88
81
70
58
45
28
11
-6
-15
-22
-27
-29
-34
-38
-46
-53
-67
-83
-94
-104
-112
-117
-117
-114
-112
-108
-103
-98
-89
-80
-75
-69
-60
-51
-40
-32
-26
-20
-14
-4
3
8
15
22
29
35
41
43
46
51
54
57
60
65
64
62
56
51
47
43
42
40
44
48
52
49
45
43
41
41
37
30
23
18
10
-1
-13
-21
-25
-23
-24
-27
-30
-34
-40
-45
-50
-50
-47
-43
-37
-35
-33
-31
-29
-27
-24
-19
-14
-3
3
6
6
1
-4
-7
-10
-15
-20
-27
-33
-38
-43
-48
-50
-50
-49
-47
-44
-40
-38
-33
-33
-33
-35
-34
-33
-29
-25
-22
-15
-8
5
13
19
24
26
26
29
30
30
34
36
35
30
25
19
15
17
20
20
23
28
30
31
27
19
11
8
8
9
14
20
24
26
27
23
12
3
-2
-8
-13
-17
-17
-13
-6
-3
-5
-8
-12
-15
-18
-17
-17
-15
-12
-10
-10
-9
-11
-12
-10
-7
1
13
23
29
29
24
17
7
1
-4
-8
-8
-6
-5
-7
-9
-13
-14
-13
-9
-3
2
5
4
-1
-8
-18
-26
-28
-24
-18
-11
-4
2
6
11
15
20
23
30
35
36
33
23
15
13
14
19
29
38
49
57
57
53
48
42
42
44
44
42
37
31
20
7
-6
-13
-13
-9
-6
-5
-5
-8
-13
-18
-23
-25
-23
-22
-20
-20
-22
-23
-28
-34
-36
-35
-32
-29
-29
-31
-32
-33
-32
-29
-25
-17
-8
-3
-3
-4
-5
-7
-5
-1
5
15
26
32
33
32
31
32
32
36
43
50
56
55
48
41
35
26
21
17
17
20
20
17
11
5
3
3
3
6
8
10
10
6
-4
-12
-17
-17
-16
-14
-9
-12
-15
-19
-23
-27
-28
-28
-26
-24
-22
-25
-33
-41
-49
-55
-58
-55
-50
-44
-38
-37
-39
-42
-43
-45
-42
-37
-33
-28
-23
-23
-29
-35
-39
-44
-43
-41
-41
-38
-33
-27
-24
-19
-16
-12
-6
-2
2
5
9
11
14
16
21
26
29
34
38
42
50
54
59
64
66
64
60
54
48
43
39
36
33
34
34
31
30
29
27
25
24
24
26
28
28
24
19
15
8
-1
-11
-20
-27
-33
-38
-44
-46
-49
-50
-53
-56
-56
-56
-56
-56
-56
-55
-52
-48
-46
-44
-43
-39
-35
-30
-27
-24
-17
-11
-5
-3
0
3
8
12
16
18
17
22
25
24
21
19
18
16
19
19
19
21
24
26
26
27
29
31
34
35
36
36
36
34
33
31
29
26
26
27
27
25
24
24
23
23
21
18
14
16
15
13
12
12
14
15
14
10
6
2
0
-4
-9
-13
-15
-19
-21
-27
-32
-37
-36
-34
-33
-30
-26
-19
-18
-16
-19
-20
-23
-24
-25
-26
-25
-25
-22
-19
-20
-19
-18
-14
-13
-11
-10
-8
-5
-1
3
3
3
5
8
11
11
13
15
19
23
24
26
26
28
27
26
24
21
18
17
17
16
17
17
18
17
17
14
10
8
8
10
12
17
20
22
25
24
22
18
14
12
9
9
11
12
13
16
17
17
17
19
17
19
23
22
22
20
17
11
7
0
-6
-6
-8
-8
-7
-5
-3
-1
2
0
-1
2
1
1
1
1
0
-1
-4
-9
-11
-14
-16
-17
-17
-17
-13
-11
-11
-12
-13
-15
-17
-18
-21
-22
-22
-23
-26
-28
-30
-31
-27
-25
-22
-16
-11
-10
-8
-9
-13
-14
-14
-15
-14
-13
-15
-16
-18
-24
-30
-32
-35
-35
-33
-28
-22
-15
-9
-6
-2
-1
0
3
5
8
12
19
24
26
29
31
30
28
26
26
27
27
27
23
21
19
14
12
6
2
3
5
7
10
13
14
14
14
13
11
9
6
4
5
2
2
-1
-4
-9
-15
-16
-21
-22
-25
-29
-28
-31
-33
-36
-39
-39
-38
-35
-34
-32
-28
-27
-23
-20
-18
-15
-14
-11
-11
-8
-4
-8
-5
-7
-6
-2
-3
-1
-2
1
2
1
3
3
5
8
8
9
10
13
16
15
17
16
18
19
15
12
8
9
6
5
4
1
1
-2
-7
-13
-18
-20
-22
-25
-26
-28
-30
-29
-30
-31
-34
-32
-29
-24
-18
-13
-7
-1
0
1
0
2
5
8
14
16
20
24
27
29
28
28
30
31
32
31
32
31
28
27
23
24
24
22
25
26
29
29
28
30
28
28
27
27
30
29
28
25
20
15
7
3
-1
-3
-4
-7
-5
-6
-9
-12
-18
-19
-22
-22
-23
-25
-22
-22
-20
-22
-23
-23
-23
-20
-18
-15
-11
-10
-11
-13
-18
-20
-22
-23
-22
-23
-21
-19
-19
-20
-24
-24
-23
-19
-12
-7
-1
5
11
14
15
15
17
21
27
35
42
46
49
51
48
47
45
46
49
52
57
62
66
64
61
59
56
54
55
56
59
59
57
52
45
38
30
24
21
21
21
18
15
11
5
-5
-15
-23
-30
-34
-37
-41
-45
-50
-58
-65
-71
-75
-75
-74
-70
-66
-63
-61
-61
-62
-63
-63
-61
-58
-48
-40
-31
-22
-18
-13
-11
-6
-1
4
12
19
26
31
31
32
31
29
30
30
34
38
41
44
44
43
39
36
33
30
31
29
28
27
24
19
12
8
3
-2
-6
-11
-12
-13
-14
-18
-21
-23
-27
-30
-31
-33
-33
-33
-33
-34
-35
-36
-38
-38
-38
-38
-37
-37
-35
-34
-36
-38
-39
-38
-38
-37
-36
-33
-30
-27
-25
-22
-20
-19
-16
-12
-9
-4
0
2
5
6
6
7
6
8
10
15
20
24
27
30
34
37
38
38
43
46
49
52
49
49
49
47
45
43
43
44
43
42
42
39
38
36
33
33
32
30
27
23
16
11
3
-1
-4
-10
-13
-16
-19
-20
-25
-30
-30
-30
-31
-33
-32
-34
-33
-34
-38
-41
-40
-43
-42
-41
-45
-45
-43
-48
-48
-44
-45
-41
-36
-34
-31
-27
-28
-23
-18
-20
-16
-9
-10
-7
-5
-10
-7
-1
-4
0
7
9
18
25
22
25
32
31
37
42
43
47
53
49
46
46
38
34
40
32
32
42
40
43
50
40
42
49
41
40
42
35
37
36
24
17
13
0
-8
-12
-22
-25
-23
-30
-34
-35
-43
-46
-45
-54
-54
-53
-57
-56
-52
-59
-59
-55
-58
-59
-56
-56
-51
-41
-40
-34
-26
-23
-19
-12
-10
-7
0
2
5
13
14
18
23
24
30
36
37
43
50
54
58
62
62
61
60
54
53
53
50
49
51
48
45
44
40
38
38
35
33
33
29
24
19
10
1
-6
-13
-18
-20
-22
-22
-21
-23
-26
-30
-34
-37
-40
-43
-45
-46
-46
-49
-52
-55
-57
-57
-58
-56
-50
-46
-40
-36
-33
-31
-31
-31
-31
-28
-26
-23
-15
-8
-4
2
6
11
16
17
22
28
33
36
38
37
37
37
36
33
35
38
42
47
49
51
52
50
47
45
41
37
33
28
24
20
13
8
5
1
-1
0
1
1
1
0
-5
-6
-11
-17
-20
-26
-30
-32
-37
-38
-39
-42
-41
-38
-38
-35
-31
-27
-22
-19
-19
-19
-17
-18
-19
-18
-17
-16
-13
-12
-11
-5
-3
-2
3
5
7
12
15
15
18
19
17
20
18
19
21
23
23
25
26
24
25
21
18
18
16
13
10
4
-4
-7
-8
-12
-13
-14
-16
-13
-14
-16
-16
-19
-19
-20
-23
-27
-30
-32
-34
-31
-30
-32
-30
-29
-25
-21
-15
-12
-9
-4
-5
-6
-9
-14
-15
-16
-16
-16
-15
-16
-12
-8
-3
-1
1
3
6
9
10
9
5
4
1
-5
-8
-11
-11
-9
-3
3
5
8
10
12
14
18
20
19
20
20
18
13
12
9
9
11
14
15
17
22
25
30
31
29
28
22
19
16
14
12
12
11
9
11
9
8
9
13
14
16
16
12
12
10
6
2
0
-4
-3
-1
-2
3
6
4
5
7
2
3
4
0
4
6
4
0
-4
-9
-8
-6
-8
-4
0
2
4
6
1
-2
0
-3
-4
-4
-8
-8
-4
-6
-6
-4
-5
-3
0
1
5
12
11
11
14
8
7
8
4
1
5
5
5
9
8
9
12
12
13
17
17
14
14
11
7
8
3
-1
-1
-2
-2
0
-2
-4
2
5
6
4
4
3
7
5
-3
-6
-9
-10
-13
-16
-22
-21
-16
-16
-14
-15
-12
-10
-7
-8
-10
-10
-14
-14
-16
-21
-23
-24
-27
-26
-22
-22
-18
-16
-13
-8
-4
-3
-5
-2
-4
-3
-3
-9
-11
-12
-11
-11
-8
-8
-4
1
4
7
10
13
15
20
20
20
21
18
16
13
13
14
16
15
14
19
21
23
24
22
20
22
23
19
16
8
6
