SAMPLES:	16128
BITSPERSAMPLE:	16
CHANNELS:	1
SAMPLERATE:	16000
NORMALIZED:	FALSE
-7
-6
-4
-3
-2
-1
-1
0
1
2
3
2
1
1
2
5
8
9
13
14
15
16
17
15
12
10
8
7
6
5
4
3
-1
-3
-4
-7
-8
-9
-11
-12
-13
-14
-15
-17
-20
-22
-24
-26
-26
-26
-26
-25
-25
-23
-23
-23
-22
-22
-22
-21
-19
-15
-13
-12
-9
-8
-6
-4
-2
0
2
4
7
10
11
14
14
15
15
16
17
17
18
18
18
17
16
15
14
13
11
11
12
11
10
10
8
5
5
3
2
1
1
1
0
0
-2
-1
-1
0
-1
-2
-3
-1
0
0
1
0
0
0
0
0
0
-1
1
2
4
6
6
8
8
9
9
10
11
12
13
13
14
15
15
14
14
13
11
13
14
13
14
13
13
10
8
7
5
4
3
2
1
2
1
1
-1
-2
-4
-5
-6
-8
-6
-7
-8
-9
-10
-12
-13
-15
-15
-15
-15
-15
-14
-14
-15
-16
-18
-20
-22
-21
-22
-20
-18
-18
-17
-16
-16
-15
-14
-12
-11
-7
-3
-1
0
0
2
2
2
3
4
5
7
7
8
7
7
6
4
4
5
5
6
8
7
7
8
6
5
6
5
4
5
5
7
7
6
6
6
7
7
7
10
12
13
15
14
14
14
12
11
8
7
6
5
4
4
3
0
1
0
-1
0
-1
-1
-1
-2
-3
-4
-5
-7
-8
-9
-9
-9
-9
-7
-5
-5
-4
-3
-3
-3
-4
-4
-5
-5
-5
-5
-5
-6
-5
-5
-5
-4
-3
-2
-2
-1
-1
-1
-2
-3
-5
-5
-5
-4
-5
-3
-2
-1
1
1
1
2
1
0
0
0
0
1
0
0
-1
-1
0
1
3
4
5
7
7
6
6
4
3
3
2
3
5
6
7
8
8
9
9
9
10
10
8
8
4
1
-3
-6
-9
-11
-13
-14
-12
-12
-12
-11
-10
-10
-12
-13
-15
-17
-19
-20
-22
-23
-25
-24
-23
-22
-18
-14
-11
-6
-1
4
8
10
11
10
11
8
6
4
2
0
-1
-1
-2
0
1
3
5
6
8
8
8
7
4
1
-3
-8
-11
-15
-17
-18
-18
-17
-15
-11
-9
-6
-4
0
2
3
4
4
2
1
1
-1
-1
-1
0
2
4
7
10
12
16
19
21
22
23
24
23
23
21
20
20
20
19
20
19
19
20
21
23
22
23
23
21
22
20
18
18
14
12
11
9
8
5
3
0
-1
-4
-4
-6
-7
-7
-8
-9
-8
-8
-8
-5
-4
-4
-2
-1
-3
-4
-5
-5
-6
-5
-5
-4
-2
0
0
2
3
4
4
2
2
2
-1
-3
-5
-9
-11
-15
-18
-20
-21
-24
-23
-24
-25
-25
-27
-27
-28
-31
-31
-33
-34
-34
-34
-34
-34
-32
-30
-29
-27
-25
-21
-19
-17
-14
-11
-8
-8
-6
-5
-4
-2
-1
0
2
3
4
6
6
9
11
11
12
13
13
14
13
13
13
11
10
9
7
7
8
6
6
7
7
7
7
9
7
7
7
5
4
2
1
0
-2
-2
-2
-2
-1
0
2
4
5
7
7
9
7
6
6
6
5
4
3
3
2
2
2
2
3
5
7
8
9
9
9
9
9
10
6
5
4
2
1
-1
-1
0
2
3
5
6
7
9
11
11
13
14
14
15
16
15
16
14
13
13
13
14
15
16
14
15
13
13
12
11
10
7
7
5
4
2
0
-2
-3
-6
-8
-9
-10
-10
-13
-12
-12
-13
-13
-13
-13
-13
-14
-14
-14
-14
-14
-14
-13
-15
-14
-14
-15
-13
-13
-13
-13
-14
-12
-14
-14
-13
-15
-15
-16
-18
-18
-18
-19
-20
-19
-20
-19
-17
-16
-16
-16
-15
-15
-13
-13
-13
-13
-12
-12
-10
-9
-10
-8
-7
-6
-5
-4
-4
-3
-3
-3
-2
-1
-2
0
0
-1
0
0
1
1
2
2
2
3
3
4
4
4
4
4
3
3
5
5
6
8
8
9
9
9
9
9
9
9
9
9
9
10
10
10
11
11
11
13
13
13
14
13
11
11
11
9
8
7
6
6
5
4
5
4
4
3
2
2
2
1
0
-2
-2
-3
-4
-4
-5
-5
-4
-4
-3
-1
0
2
2
5
6
7
9
10
10
11
12
14
15
14
15
16
17
17
18
18
19
18
19
19
19
19
18
18
15
14
13
11
10
9
7
6
5
4
4
3
1
1
0
1
-1
-3
-4
-6
-9
-11
-12
-14
-14
-15
-15
-15
-16
-16
-16
-15
-15
-14
-15
-14
-13
-14
-14
-14
-14
-14
-15
-15
-14
-14
-12
-11
-10
-9
-6
-5
-5
-4
-3
-3
-1
0
2
4
5
5
6
7
7
9
9
11
12
12
13
13
12
13
13
14
14
14
14
13
12
10
10
8
8
5
3
2
1
-1
-1
-4
-4
-5
-6
-5
-8
-8
-9
-10
-12
-13
-16
-18
-20
-21
-22
-21
-22
-22
-21
-20
-19
-19
-17
-16
-13
-11
-11
-10
-9
-7
-7
-7
-7
-5
-4
-1
0
1
4
5
6
7
8
9
9
10
9
9
9
9
9
8
9
9
10
11
10
11
12
12
12
12
13
12
12
10
11
10
10
11
9
9
8
7
6
5
3
3
2
1
-1
-1
-3
-3
-5
-5
-7
-9
-9
-11
-12
-13
-12
-13
-13
-13
-12
-13
-12
-13
-12
-13
-13
-12
-14
-13
-13
-13
-13
-11
-11
-10
-9
-9
-8
-8
-7
-7
-6
-7
-7
-6
-5
-5
-3
-3
-1
1
2
4
7
8
9
11
12
15
16
18
19
19
20
20
21
22
22
24
24
25
24
26
24
24
25
23
22
21
19
18
16
14
13
11
10
9
9
7
6
4
3
3
1
0
-1
-3
-4
-6
-7
-9
-10
-11
-12
-12
-13
-14
-14
-15
-15
-16
-17
-16
-16
-16
-16
-15
-16
-14
-13
-11
-10
-10
-8
-8
-6
-6
-4
-3
-3
-2
-1
0
-1
1
2
2
3
4
4
3
2
2
1
0
0
-1
-2
-2
-3
-3
-3
-2
-1
-1
0
0
0
0
0
-1
-1
-2
-2
-1
-2
-2
-1
-2
-2
0
0
1
0
1
2
2
2
0
0
1
1
0
0
-1
-1
0
-1
-1
-1
-2
-2
-3
-3
-3
-4
-4
-4
-5
-5
-5
-6
-7
-7
-7
-8
-7
-8
-7
-7
-9
-6
-8
-7
-7
-7
-7
-7
-8
-9
-9
-8
-9
-9
-9
-9
-8
-7
-7
-6
-5
-4
-4
-3
-2
-1
-1
0
0
1
3
3
4
5
6
7
8
9
10
11
13
14
15
16
16
16
16
16
17
18
17
18
17
18
18
17
19
18
18
19
17
17
16
13
11
9
7
5
4
3
1
0
-1
-1
-3
-6
-7
-8
-9
-10
-12
-12
-13
-14
-15
-17
-17
-17
-18
-17
-18
-16
-15
-15
-14
-14
-11
-11
-11
-11
-10
-10
-10
-9
-9
-9
-8
-7
-6
-4
-4
-1
-2
-1
0
1
2
3
5
5
5
7
6
6
7
7
7
8
8
7
7
6
6
5
5
4
4
3
2
0
-1
-1
-3
-4
-6
-8
-8
-10
-11
-13
-13
-14
-14
-15
-14
-15
-17
-16
-16
-15
-16
-16
-15
-14
-14
-13
-13
-13
-11
-10
-9
-8
-8
-7
-5
-4
-2
-1
0
2
2
4
4
6
7
6
9
10
12
13
13
14
14
16
17
17
18
16
18
17
17
18
17
17
16
16
15
14
14
13
12
11
11
10
8
8
6
6
5
3
2
0
0
-1
-2
-2
-2
-3
-5
-6
-5
-6
-5
-5
-6
-6
-5
-5
-5
-6
-4
-4
-5
-5
-5
-4
-5
-3
-3
-3
-1
-2
-2
-1
-1
-1
-2
-1
-1
-2
-2
-1
-2
-1
-1
-1
0
-1
0
0
0
0
0
-2
-1
-1
-2
-3
-3
-4
-5
-6
-6
-6
-8
-8
-8
-8
-8
-8
-7
-7
-9
-9
-8
-9
-8
-7
-8
-7
-8
-7
-7
-7
-6
-5
-6
-4
-6
-5
-5
-5
-4
-5
-6
-5
-5
-6
-6
-5
-5
-5
-5
-5
-5
-4
-2
-2
-2
-2
-2
-1
1
1
2
4
6
6
6
7
8
10
10
11
11
13
13
14
15
14
14
15
15
16
17
16
16
16
16
16
16
17
17
17
18
17
16
16
14
15
16
14
15
13
12
11
7
7
5
4
3
1
-1
-3
-4
-4
-6
-8
-11
-12
-13
-15
-16
-18
-18
-20
-20
-22
-22
-22
-24
-22
-23
-23
-23
-22
-21
-21
-20
-20
-20
-19
-19
-18
-18
-17
-16
-16
-15
-15
-14
-14
-13
-13
-11
-12
-11
-8
-8
-7
-6
-6
-5
-4
-3
-2
-1
0
1
2
2
5
3
5
7
6
8
9
9
10
10
9
10
9
11
10
11
11
11
11
11
11
11
11
11
12
12
12
14
13
11
11
10
10
10
9
7
6
5
4
2
3
2
1
2
0
0
-1
-2
-1
-2
-3
-2
-2
-2
-1
-1
0
-1
-1
-1
-1
0
-1
0
0
0
1
1
1
1
1
2
2
3
3
3
4
4
4
4
4
5
5
5
5
6
6
5
5
5
7
6
6
6
5
5
4
4
3
2
1
2
0
0
-1
-2
-2
-3
-3
-4
-4
-5
-7
-7
-8
-8
-10
-10
-9
-11
-11
-11
-11
-12
-12
-12
-12
-12
-12
-13
-13
-13
-13
-15
-15
-15
-16
-16
-17
-16
-16
-15
-15
-15
-14
-15
-14
-12
-13
-12
-12
-12
-11
-9
-8
-8
-6
-7
-5
-4
-2
-1
0
2
3
3
5
6
8
12
13
15
15
16
17
18
18
19
22
22
24
24
24
24
25
24
25
25
25
25
25
25
24
22
20
20
19
18
19
17
15
16
14
13
12
10
10
10
9
8
7
5
3
2
0
0
0
-1
-2
-1
-3
-3
-3
-4
-4
-6
-7
-8
-8
-7
-7
-8
-8
-8
-8
-6
-7
-7
-7
-6
-7
-6
-5
-5
-6
-6
-7
-7
-6
-8
-6
-7
-6
-6
-7
-6
-7
-6
-8
-7
-6
-7
-8
-10
-11
-11
-9
-7
-9
-10
-8
-10
-10
-8
-8
-7
-5
-4
-4
-2
-2
-1
-1
2
2
1
2
1
1
1
0
0
0
-1
-2
-2
-2
0
-1
-1
-1
-1
-2
-1
-2
-1
-1
-2
0
-1
0
0
2
0
0
-1
-3
-4
-5
-5
-7
-8
-11
-14
-17
-19
-19
-21
-23
-24
-27
-28
-29
-29
-28
-26
-25
-23
-23
-21
-21
-20
-17
-15
-13
-11
-8
-7
-5
-5
-3
-4
-3
-2
-3
-3
-2
-3
-3
-5
-6
-8
-9
-9
-8
-9
-7
-7
-6
-6
-7
-3
-3
0
2
4
6
6
8
10
10
11
12
13
12
13
14
13
12
12
11
10
9
9
7
6
8
7
6
6
5
6
6
8
10
11
14
15
16
18
22
23
23
25
26
26
27
29
28
28
28
26
25
22
19
18
15
15
16
13
7
3
1
-1
0
2
-2
-3
-1
-5
-6
-2
-6
-8
-5
-7
-10
-5
-3
-5
-2
-3
-9
-10
-9
-12
-13
-8
-8
-12
-10
-11
-19
-17
-10
-16
-19
-14
-18
-20
-8
-7
-12
-9
-5
-6
-8
-7
-2
-3
-1
13
16
7
12
14
5
12
22
19
20
23
21
19
19
19
21
20
18
21
21
12
10
17
16
14
16
10
-1
0
4
6
6
8
2
-8
-10
-5
-1
1
0
-4
-3
-4
-9
-7
-7
-12
1
9
-9
-10
-5
-18
-13
0
-9
-8
1
-11
-12
-11
-24
-17
-1
-6
-7
-4
-14
-17
-7
-3
-7
-4
6
0
-12
0
4
2
15
10
-8
-4
-1
2
15
9
-4
-6
-9
-7
3
0
-3
-8
-20
-19
-15
-17
-16
-14
-13
-23
-25
-8
-18
-28
-3
-11
-33
-4
3
-15
3
5
16
32
6
-1
-26
-93
-5
119
59
51
64
-77
-94
23
-7
-23
62
40
-5
26
12
-24
-20
-18
-22
-17
-6
20
35
33
29
7
-11
-17
-26
-6
31
38
48
59
24
-4
14
14
3
31
42
6
11
36
2
8
45
-8
-37
20
-3
-30
23
-1
-33
18
0
-40
-4
-3
-16
16
0
-16
17
9
-5
16
3
-6
25
29
11
11
16
12
11
16
0
-26
-3
25
2
2
10
-26
-35
-15
-33
-40
-11
-15
-30
-14
-15
-36
-31
-27
-35
-26
-14
-22
-28
-4
5
-14
-7
0
-33
-27
3
-10
-2
20
-12
-38
-14
-3
-7
-2
-7
-28
-38
-22
-10
-19
-16
-6
-22
-12
16
-16
-41
-12
-15
-22
22
14
-14
24
26
-19
-3
19
-6
2
25
14
21
34
20
16
13
2
6
5
6
36
39
7
23
33
-8
-2
28
12
10
48
26
8
32
26
10
12
25
32
21
19
37
9
8
45
4
-16
41
11
-30
26
24
-13
-11
-15
6
0
-42
2
-1
-70
3
25
-65
-24
37
-53
-66
26
-18
-66
34
33
-76
-4
58
-68
-33
79
-29
-54
64
24
-55
33
41
-75
-3
56
-56
-13
62
-32
-23
34
-35
-30
9
-33
-15
0
-9
2
-5
8
-4
-25
-9
-26
-25
27
21
-5
18
17
-20
-7
18
-4
-23
5
3
-16
12
31
-1
-36
-4
-6
-71
-6
40
-66
-17
63
-45
-33
52
-31
-64
5
6
-29
-12
62
30
-44
41
54
-88
-9
117
-55
-59
169
5
-143
171
102
-205
96
176
-239
15
284
-167
-73
313
-93
-181
297
19
-240
218
115
-208
151
206
-129
29
196
-39
-46
184
55
-101
159
156
-139
98
220
-152
8
244
-104
-83
204
-32
-127
167
22
-192
118
60
-252
86
110
-313
49
177
-355
-46
217
-312
-100
221
-268
-147
147
-241
-96
118
-259
-36
129
-315
-34
195
-323
-111
244
-247
-206
253
-82
-249
177
10
-266
114
106
-217
51
134
-155
22
170
-79
-24
150
-29
-51
130
52
-15
90
62
8
51
64
43
35
41
51
6
18
70
10
26
36
-16
33
-8
-47
52
-20
-83
54
-13
-100
67
-8
-125
38
-29
-131
29
25
-80
17
17
-100
-19
11
-54
4
24
-6
-17
-2
12
-11
21
23
-28
20
43
-30
36
67
-40
38
56
-32
20
18
21
33
8
62
12
-38
65
33
-52
59
48
-54
62
58
-44
36
47
-52
12
78
-34
-11
69
-31
-21
55
-1
-31
17
14
-44
-16
43
19
-40
29
49
-88
3
108
-44
-18
129
4
-55
126
52
-57
117
95
-25
73
99
22
75
126
39
19
96
85
-22
57
160
-24
-3
163
1
-64
77
40
-89
6
71
-74
-52
37
-43
-105
-37
-39
-120
-63
-53
-109
-73
-76
-108
-101
-88
-118
-96
-111
-136
-27
-129
-151
2
-109
-122
-39
-105
-81
-28
-70
-34
-12
-88
17
10
-98
64
35
-58
73
53
-16
77
76
-1
83
86
22
89
104
43
42
138
42
-6
213
4
-80
237
5
-113
226
58
-137
137
49
-128
56
36
-39
9
-1
-12
-47
-9
-18
-86
-13
-3
-100
-43
63
-65
-100
44
-56
-130
24
18
-121
-15
76
-90
-58
79
-50
-73
61
-19
-87
88
54
-91
79
77
-102
17
118
-16
-23
124
54
-61
87
116
-61
32
155
-33
-24
170
16
-42
142
20
-44
109
29
-36
80
38
-13
58
13
-8
30
1
-22
23
29
-62
29
68
-108
-10
79
-105
-31
73
-86
-29
70
-66
-47
22
-36
-42
-34
21
-18
-63
18
-4
-50
-12
20
-29
-35
-1
-14
-17
-22
13
14
-40
-2
13
-21
-6
7
23
-24
-30
63
-7
-44
78
1
-74
87
10
-69
73
34
-35
39
36
-35
27
34
-24
21
56
-1
-21
41
15
-43
18
27
-36
21
31
-24
0
19
-21
-25
16
-46
-7
54
-82
12
89
-122
1
93
-123
-28
70
-78
-37
77
-13
-56
38
22
-77
-19
23
-53
6
25
9
1
-19
31
-19
-56
12
33
-28
-22
74
-20
-57
80
-50
-50
103
-31
-44
71
-29
-24
63
-86
20
118
-148
47
173
-186
0
204
-186
-59
202
-129
-3
159
-71
46
-5
-74
149
-74
-132
208
27
-143
104
126
-117
-30
208
-83
-157
183
1
-134
105
76
-26
-7
47
28
-82
-13
27
-73
1
90
-12
-39
45
13
-78
-36
37
-62
-71
55
20
-67
8
61
-49
-69
18
-17
-68
-8
54
-32
-84
122
15
-153
106
30
-203
87
120
-172
46
111
-81
-25
59
-18
-77
97
10
-49
76
-61
-16
89
-83
-28
152
-76
-122
214
-22
-211
209
14
-235
152
61
-158
71
56
-84
50
-38
-40
105
-131
-41
158
-98
-61
132
1
-110
14
107
-81
-16
162
-103
-39
149
-95
12
151
-109
40
145
-91
-11
88
-8
-43
24
72
-17
29
77
-28
-20
-8
-18
-48
32
65
-71
148
-8
-130
166
-122
-85
126
-86
-10
79
71
-1
-47
92
-43
-88
106
-42
-8
78
-82
76
23
-84
171
-4
-132
109
-50
-106
113
23
-24
35
25
-32
-79
73
61
-105
61
76
-101
-38
86
55
-125
40
112
-208
-3
212
-139
-3
238
-198
-34
184
-252
3
132
-198
69
143
-99
11
73
-92
-82
76
-60
-117
95
-38
-156
119
32
-129
99
-61
-125
48
-80
-49
-14
12
-48
-118
79
-85
-126
234
-109
-224
254
-127
-249
177
-42
-105
86
48
-56
-102
106
-52
-142
217
-47
-134
175
-71
-54
101
-45
52
74
-13
-4
4
70
-36
-26
151
13
-76
140
90
-140
65
174
-163
-28
246
-97
-88
255
-5
-169
131
19
-177
119
109
-156
94
120
-226
50
92
-192
85
37
-113
76
17
-46
-11
15
-21
-71
16
-10
-29
68
-30
-57
106
17
-121
41
28
-109
27
58
-40
20
51
-22
-24
38
23
-17
-5
4
31
3
-29
80
62
-40
50
44
-46
52
70
-5
51
62
0
6
26
25
29
19
59
62
1
23
31
-5
15
21
-22
6
34
-14
11
25
-36
0
6
-62
-4
9
-45
1
5
-46
-26
-18
-43
-35
-16
-2
-21
-9
2
-30
-10
-19
-37
4
2
-2
16
-10
-2
24
-5
8
34
13
30
33
-1
5
25
21
7
24
26
2
26
28
10
33
12
-8
13
-2
-5
8
3
-5
-19
-8
0
-20
-10
5
-23
-14
-16
-33
-12
-17
-22
-18
-27
-10
-7
-7
-10
-18
5
-13
-19
-7
-21
0
-5
-8
11
-6
0
25
0
-13
1
-12
-17
5
4
11
18
-6
8
2
-12
4
-13
-15
5
2
-3
2
-8
-6
-9
-4
-4
-15
18
1
-24
11
-2
-26
9
-7
-29
10
-2
-6
19
1
-12
1
6
1
-11
0
1
-4
9
-1
10
12
4
19
8
5
12
-8
-10
-6
14
23
-9
17
15
-3
9
-10
-6
1
-7
3
2
0
18
1
-27
-9
10
-12
1
18
-16
-9
-2
-8
-5
-6
-7
0
-4
-11
8
-13
-19
1
-14
-21
0
7
-19
-13
-2
-12
-8
-4
-27
-28
2
-3
-7
1
-6
-2
-20
-17
5
-8
6
11
-21
0
11
-9
4
9
5
8
10
-3
1
8
-3
5
23
11
-4
20
5
-5
26
5
5
19
6
2
7
11
7
8
4
3
10
7
7
3
12
20
6
-6
-6
1
-5
2
10
2
15
7
-16
3
5
-9
2
-10
-10
-1
-19
-6
8
-10
-10
1
-5
-15
1
-8
-28
-15
-12
-12
-11
6
9
-13
-3
-23
-33
-1
-13
-12
11
11
0
-8
4
-14
-16
8
-9
12
27
-4
22
21
-4
15
-3
10
25
0
30
42
23
29
19
14
24
10
28
31
27
49
28
30
27
13
15
21
29
19
29
30
12
7
10
8
-9
3
9
-23
1
9
-21
-4
-5
-30
-22
-16
-40
-29
-8
-32
-41
-24
-27
-50
-27
-23
-47
-25
-30
-47
-24
-27
-36
-24
-22
-31
-31
-4
-12
-21
3
3
-8
3
9
2
0
7
26
20
27
41
28
28
32
27
25
32
36
29
27
39
35
36
33
12
30
19
5
24
11
7
11
1
6
3
1
2
0
-6
-17
-7
-6
-24
-15
-7
-23
-15
-6
-12
-13
-9
-14
-29
-13
-16
-27
-3
-14
-23
-7
-11
-16
2
-4
-21
-5
-5
-13
-4
1
5
-3
1
13
-2
2
9
3
0
9
15
8
12
9
6
12
-1
3
9
7
10
3
5
5
0
5
1
1
-2
3
2
-11
4
11
-7
-2
3
-16
7
2
-7
25
-10
-16
10
-16
-14
-6
-15
1
-2
-10
-4
-6
-19
-23
-11
-25
-32
-4
-23
-40
-3
-10
-26
-10
-15
-26
-29
-24
-25
-25
-15
-14
-16
-18
-5
-10
-14
2
-15
-16
-7
-18
-13
0
-2
-8
14
18
-15
-3
12
-8
-3
5
-8
5
13
0
10
18
7
5
20
3
0
26
7
2
24
15
7
24
16
9
20
18
12
12
18
5
8
23
8
13
28
12
5
19
13
8
19
9
5
13
6
23
7
10
30
-7
15
20
-7
18
9
7
8
5
12
4
9
6
3
3
-4
1
-4
-9
1
-8
-9
6
-10
-7
-3
-10
-10
-12
-2
-10
-2
6
-13
1
-5
-15
-3
2
3
-4
3
3
-8
6
-5
-6
14
-2
-4
8
4
1
2
13
3
-2
13
10
1
10
17
3
9
13
2
10
6
4
11
4
6
6
3
-1
4
8
-3
4
-3
-10
4
-5
-7
0
-1
-12
-17
-9
-17
-10
1
-12
-17
-7
-8
-19
-11
-8
-20
-16
-14
-18
-12
-14
-14
-4
-18
-19
-5
-24
-14
0
-19
-7
-4
-14
-4
-4
-6
2
2
0
5
1
-3
9
1
3
22
6
8
18
9
17
15
14
17
16
17
17
17
18
26
20
9
21
15
9
16
15
17
10
14
20
6
11
19
4
2
18
3
-7
4
8
7
-3
0
2
-8
-13
-7
-8
-19
-10
-12
-15
-1
-17
-18
-13
-26
-15
-19
-36
-26
-29
-38
-23
-35
-34
-8
-34
-47
-33
-42
-51
-48
-24
-18
-21
-10
-21
-18
-16
-29
-19
-8
-16
-23
-18
-36
-44
-13
-13
-35
-22
-12
-41
-38
-15
-44
-47
-50
-83
-81
-65
-56
-27
-8
-35
-51
-60
-83
-83
-56
-39
-33
-26
-33
-36
-15
-3
-3
-2
-26
-25
-8
-25
-12
26
33
34
37
32
41
38
50
88
83
63
87
78
68
88
84
101
136
139
154
190
206
218
238
226
199
171
204
226
230
608
965
805
614
364
-197
-585
-640
-621
-489
-264
-161
-249
-377
-415
-449
-568
-623
-539
-423
-326
-132
135
217
217
144
-60
-146
-80
25
213
406
475
475
355
152
65
67
85
138
156
107
22
83
232
287
319
196
-37
-152
-218
-237
-145
-77
-77
-128
-198
-246
-231
-180
-247
-254
-189
-164
-87
-5
42
99
142
73
14
21
1
2
-3
-3
9
-1
-48
-148
-172
-223
-240
-192
-287
-258
-176
-234
-219
-188
-211
-200
-138
-166
-154
-45
-77
291
776
747
736
755
539
291
262
264
197
199
118
-29
-93
-67
-91
-251
-464
-559
-532
-607
-580
-310
-196
-162
-188
-433
-533
-493
-493
-287
-211
185
715
392
497
847
734
711
721
668
439
254
186
107
133
157
69
-140
-342
-321
-269
-336
-332
-164
-237
-368
-241
-172
-43
86
63
32
47
17
12
158
253
337
437
310
215
233
165
158
257
190
63
118
55
-56
46
22
-212
-210
-133
-264
-248
-72
-87
-164
-201
-352
-362
-248
-261
-127
-26
-79
23
5
-157
-129
3
-60
-85
79
92
109
217
105
-7
71
0
-43
35
-26
-32
62
100
-61
-148
-108
-213
-118
-8
-147
-77
49
-28
-64
-21
37
25
-42
-81
-74
21
199
246
132
5
-39
123
56
-103
-48
47
130
24
17
86
6
13
-36
-125
-11
123
54
-57
16
59
93
19
-126
-106
-140
-86
45
-10
-106
54
147
-31
28
31
-62
76
-1
-158
-13
101
85
123
113
22
18
1
-85
-109
-51
19
-5
3
-9
-48
-41
-28
-4
-59
-92
10
-25
-111
49
117
-79
-59
103
4
-107
-7
-51
-121
55
63
-58
30
81
-38
-70
5
-2
8
62
41
38
29
8
89
85
-45
-23
98
74
-17
28
-16
-141
-18
69
-110
-160
-58
-35
-125
164
568
285
38
87
-97
-121
13
-84
-149
-51
-30
-123
-26
169
179
50
-168
-261
-91
27
115
278
200
17
56
19
-92
41
146
-45
-193
-160
-111
-26
12
-96
-153
-98
-143
-140
-56
-33
45
89
-79
-230
-168
-46
4
36
20
-14
25
15
-65
-36
72
87
70
45
-21
13
132
70
-85
-106
-78
-102
-79
14
57
57
22
-98
-204
-148
-45
-53
-138
-193
-143
-64
-21
11
28
-36
-117
-150
-192
-163
-38
18
-25
-79
-58
17
25
6
-8
-40
-40
-21
-38
-26
37
76
39
-34
-56
-45
4
55
67
56
53
96
89
51
65
60
22
-23
-77
-79
-18
46
39
-12
-39
-53
-72
-50
-12
1
48
76
63
125
219
257
241
208
198
208
262
292
280
296
284
237
242
248
244
201
143
91
71
143
180
168
150
126
104
104
127
120
142
180
146
107
71
49
52
19
30
73
100
125
116
62
0
-40
-43
-65
-106
-101
-114
-171
-241
-273
-271
-274
-280
-284
-320
-361
-329
-358
-461
-453
-427
-437
-412
-404
-453
-469
-411
-461
-563
-563
-584
-642
-670
-717
-780
-832
-895
-1004
-1115
-1153
-1154
-1146
-1094
-1044
-977
-904
-830
-715
-592
-411
-95
313
755
1247
1746
2083
2323
2564
2697
2771
2860
2891
2824
2743
2622
2414
2159
1887
1555
1211
967
762
585
466
405
362
331
341
369
390
412
465
492
492
560
639
650
641
614
552
463
388
300
181
63
-67
-191
-319
-394
-455
-560
-627
-690
-820
-953
-1048
-1122
-1181
-1208
-1182
-1161
-1139
-1088
-1065
-1080
-1119
-1160
-1206
-1277
-1321
-1315
-1329
-1359
-1404
-1484
-1563
-1626
-1774
-2004
-2149
-2246
-2331
-2344
-2329
-2346
-2323
-2279
-2370
-2499
-2547
-2624
-2680
-2668
-2607
-2137
-824
918
2268
3249
3943
4074
4033
4116
3958
3768
4146
4493
4155
3719
3329
2563
1679
1048
251
-627
-905
-1035
-1452
-1612
-1208
-771
-557
-254
-132
-258
-152
228
510
733
1289
1821
1914
1887
1935
1812
1541
1354
983
427
145
87
-124
-378
-396
-410
-562
-709
-884
-1101
-1145
-959
-795
-622
-351
-34
227
349
444
561
668
661
574
511
486
571
711
764
671
590
514
222
-49
-191
-334
-435
-445
-459
-534
-432
-257
-207
-184
-121
-5
58
106
241
362
482
687
792
695
687
681
497
350
238
124
20
-84
-166
-325
-458
-508
-689
-927
-1056
-1101
-1092
-1067
-982
-905
-882
-770
-664
-694
-692
-589
-579
-673
-689
-703
-811
-887
-954
-1089
-1206
-1315
-1493
-1718
-1862
-1919
-1966
-1951
-1928
-1926
-1939
-2039
-2226
-2471
-2710
-2985
-3277
-3614
-3947
-3695
-2351
-266
1666
3314
4550
4896
4961
5097
4761
4380
4805
5159
4659
4254
3893
2967
2150
1686
660
-680
-1289
-1706
-2344
-2362
-1641
-1092
-687
-3
325
271
519
905
918
984
1537
1983
2124
2284
2401
2177
1817
1544
996
274
-197
-462
-840
-1121
-1061
-972
-926
-831
-782
-897
-995
-970
-941
-786
-432
15
387
615
744
841
887
799
640
461
255
92
12
-18
-40
25
130
84
-127
-279
-368
-527
-547
-393
-277
-166
86
277
299
424
571
509
405
441
436
381
459
520
467
410
361
206
-34
-170
-240
-356
-415
-344
-282
-244
-63
148
214
237
320
261
122
177
278
303
372
513
485
356
316
133
-177
-393
-508
-671
-750
-668
-685
-714
-742
-832
-972
-1057
-978
-945
-926
-871
-859
-935
-1009
-1017
-1090
-1143
-1187
-1263
-1336
-1372
-1340
-1347
-1410
-1583
-1781
-1986
-2273
-2481
-2614
-2851
-3171
-3476
-3913
-4075
-3092
-1039
1187
3114
4624
5206
5167
5247
5083
4561
4435
4562
3902
2986
2586
2036
1340
996
438
-747
-1587
-1876
-2350
-2555
-1901
-1003
-412
331
1095
1356
1516
1853
1939
1719
1768
1889
1646
1347
1284
1206
910
683
440
-124
-763
-1183
-1554
-1824
-1621
-1132
-800
-576
-259
-11
101
284
508
604
619
685
667
587
694
899
933
769
557
217
-218
-507
-612
-649
-615
-460
-366
-306
-123
116
263
299
340
325
251
235
287
381
541
689
699
569
369
204
39
-120
-188
-174
-107
-24
58
77
72
137
144
45
-20
-65
-85
36
204
302
376
355
155
-27
-141
-251
-264
-169
-77
-30
64
139
126
148
181
129
10
-101
-223
-343
-403
-447
-556
-755
-903
-1017
-1162
-1209
-1132
-1070
-1032
-999
-1094
-1262
-1337
-1301
-1269
-1256
-1176
-1164
-1263
-1338
-1367
-1418
-1451
-1441
-1517
-1732
-1929
-2060
-2299
-2612
-2906
-3227
-3673
-3929
-3276
-1540
725
2857
4550
5341
5392
5467
5320
4750
4401
4350
3630
2578
2103
1627
1050
860
615
-350
-1288
-1716
-2285
-2577
-1977
-945
-197
554
1469
1888
2031
2350
2572
2359
2139
2009
1443
818
700
814
698
545
354
-218
-901
-1367
-1652
-1816
-1646
-1191
-891
-660
-228
291
683
960
1152
1066
728
460
336
268
342
556
589
366
123
-136
-491
-766
-836
-921
-1026
-1002
-896
-689
-362
55
332
393
400
296
65
-97
-20
144
355
573
608
523
469
419
310
249
191
122
61
-18
-41
14
147
286
369
381
410
451
444
463
397
229
84
-101
-304
-361
-321
-333
-296
-233
-261
-209
-82
18
152
305
382
384
334
237
162
70
-18
-89
-267
-500
-674
-855
-1019
-1017
-961
-932
-863
-829
-853
-849
-825
-868
-967
-1053
-1148
-1277
-1389
-1443
-1490
-1525
-1478
-1427
-1445
-1494
-1620
-1814
-2024
-2283
-2618
-2968
-3348
-3816
-4211
-3993
-2623
-369
1933
3744
4879
5231
5269
5340
5073
4611
4371
3872
2778
1907
1431
926
668
562
-35
-1014
-1675
-2111
-2367
-1931
-918
4
704
1497
2074
2285
2552
2836
2754
2398
1987
1335
647
402
487
517
370
138
-316
-979
-1445
-1637
-1664
-1452
-1015
-691
-455
-2
516
928
1182
1201
909
524
201
-60
-154
-86
24
25
-61
-221
-434
-577
-621
-662
-733
-742
-654
-443
-84
357
715
927
1025
961
710
459
378
312
273
332
297
156
160
203
52
-56
-96
-258
-400
-406
-355
-204
127
496
731
833
889
923
854
736
566
272
13
-92
-120
-164
-113
-53
-146
-254
-381
-496
-473
-310
-178
-124
-39
21
72
119
150
138
62
-24
-165
-329
-468
-552
-610
-751
-856
-921
-975
-971
-969
-1020
-1190
-1364
-1491
-1580
-1592
-1515
-1379
-1322
-1219
-1121
-1182
-1279
-1370
-1546
-1818
-1984
-2128
-2293
-2404
-2541
-2648
-2804
-3151
-3675
-4004
-3503
-1780
570
2591
4247
5321
5572
5659
5751
5354
4765
4282
3203
1775
968
587
220
107
133
-393
-1194
-1553
-1620
-1523
-857
196
866
1375
2159
2703
2870
3205
3526
3197
2524
1870
1005
230
57
126
-161
-482
-614
-1037
-1586
-1694
-1567
-1532
-1303
-943
-819
-581
83
710
1022
1263
1324
993
587
369
184
-16
-33
-9
-202
-383
-402
-477
-586
-565
-575
-699
-768
-659
-411
-117
272
644
778
742
725
627
455
467
507
386
249
145
12
-63
-31
4
22
24
26
4
-14
110
377
650
885
1110
1200
1162
1115
1014
812
544
240
-132
-485
-704
-750
-718
-691
-611
-594
-628
-581
-481
-420
-346
-211
-163
-170
-117
-52
-33
-44
-82
-253
-503
-750
-970
-1148
-1216
-1118
-1001
-898
-812
-836
-967
-1130
-1296
-1460
-1552
-1598
-1610
-1510
-1344
-1128
-955
-1002
-1242
-1463
-1632
-1843
-1901
-1905
-2079
-2231
-2393
-2762
-3094
-3205
-3528
-3693
-2799
-946
1232
3287
4888
5566
5757
5974
5792
5123
4510
3867
2568
1304
681
232
-83
-91
-251
-892
-1304
-1348
-1389
-1113
-303
572
1098
1733
2486
2912
3203
3535
3521
2987
2401
1718
837
243
49
-150
-504
-769
-1050
-1443
-1742
-1798
-1712
-1589
-1311
-1001
-747
-341
306
901
1215
1331
1264
1019
702
485
348
166
1
-131
-362
-596
-598
-539
-608
-659
-660
-711
-743
-593
-323
-57
229
513
626
555
572
633
547
508
562
433
218
221
218
102
109
151
68
-20
36
82
83
215
431
553
613
768
810
674
610
546
341
124
3
-208
-477
-582
-590
-626
-648
-530
-471
-544
-467
-342
-339
-280
-106
-127
-230
-191
-243
-383
-429
-438
-579
-737
-821
-907
-994
-1015
-928
-897
-909
-832
-805
-918
-983
-1019
-1221
-1377
-1394
-1469
-1571
-1520
-1483
-1636
-1812
-1998
-2208
-2291
-2135
-2001
-2034
-2079
-2178
-2353
-2644
-2998
-3367
-3320
-2234
-198
2068
3915
5340
6021
6046
6056
5793
4985
4138
3348
1970
724
287
-30
-276
-235
-409
-1092
-1483
-1407
-1349
-1046
-247
607
1097
1806
2723
3161
3416
3760
3555
2707
2002
1225
189
-381
-473
-686
-936
-918
-995
-1284
-1421
-1352
-1343
-1279
-953
-667
-418
169
903
1330
1612
1767
1532
1133
763
359
-6
-183
-340
-557
-690
-759
-793
-793
-786
-895
-1004
-956
-861
-633
-193
231
513
785
914
827
811
805
633
495
441
333
238
237
284
299
276
218
107
-74
-109
87
247
445
691
764
686
720
761
624
542
459
268
29
-112
-215
-374
-417
-429
-514
-622
-635
-673
-764
-734
-697
-684
-638
-533
-495
-536
-555
-596
-675
-763
-782
-882
-1061
-1171
-1277
-1382
-1356
-1183
-1058
-961
-876
-883
-961
-1013
-986
-1016
-1078
-1083
-1092
-1185
-1236
-1276
-1467
-1643
-1725
-1847
-1995
-2035
-2005
-1952
-1954
-2063
-2312
-2719
-3053
-3125
-2618
-1170
944
2849
4312
5358
5670
5677
5624
5126
4301
3632
2663
1292
522
214
-93
-204
-233
-712
-1278
-1346
-1353
-1227
-615
240
860
1423
2239
2842
3191
3509
3558
3026
2341
1754
860
32
-295
-507
-822
-888
-858
-1086
-1252
-1247
-1344
-1413
-1184
-887
-671
-251
388
861
1176
1478
1454
1114
779
394
-141
-445
-537
-758
-880
-860
-862
-855
-765
-727
-780
-749
-717
-615
-430
-112
351
711
981
1140
1149
1004
868
712
442
328
257
212
228
241
219
155
80
-68
-114
-142
-149
-43
41
170
379
613
721
832
912
809
674
525
370
191
56
-113
-347
-535
-681
-813
-946
-938
-914
-946
-910
-799
-687
-531
-270
-115
-71
-25
-38
-163
-295
-399
-618
-887
-1106
-1275
-1388
-1359
-1225
-1176
-1159
-1122
-1168
-1309
-1341
-1239
-1168
-1050
-908
-863
-844
-789
-860
-1074
-1219
-1401
-1683
-1946
-2139
-2223
-2191
-2104
-2103
-2178
-2397
-2704
-3029
-3246
-2624
-976
1066
2898
4353
5132
5290
5498
5449
4851
4171
3528
2377
1062
511
215
-61
-16
-81
-669
-1099
-979
-1016
-849
-124
588
1070
1696
2452
2864
3134
3313
3069
2407
1753
1156
313
-331
-533
-678
-788
-658
-629
-836
-962
-1118
-1319
-1276
-1012
-712
-348
23
422
884
1181
1298
1244
945
448
-20
-403
-652
-647
-598
-563
-540
-539
-514
-506
-535
-577
-566
-587
-559
-332
-22
309
605
780
773
661
647
600
482
468
506
454
389
452
380
238
190
51
-137
-259
-223
-213
-168
6
192
374
516
738
757
618
510
290
7
-211
-314
-534
-678
-658
-643
-596
-534
-425
-422
-438
-377
-347
-361
-320
-207
-257
-316
-289
-378
-488
-493
-540
-720
-890
-1014
-1159
-1238
-1188
-1099
-1057
-1026
-934
-992
-1173
-1301
-1487
-1680
-1724
-1568
-1375
-1125
-910
-912
-1005
-1194
-1368
-1464
-1475
-1326
-1175
-1191
-1337
-1399
-1498
-1684
-1754
-2026
-2407
-2632
-2731
-2269
-905
928
2417
3744
4617
4771
4993
4988
4457
3858
3458
2545
1476
1093
711
455
458
346
-101
-433
-411
-553
-578
-240
355
786
1197
1891
2230
2292
2471
2343
1768
1398
1142
448
-123
-269
-517
-681
-595
-624
-867
-1053
-1120
-1321
-1315
-982
-624
-355
-34
332
424
614
806
662
499
383
115
-214
-219
-237
-321
-201
-232
-443
-580
-599
-717
-785
-666
-624
-613
-469
-203
-4
237
566
685
663
798
920
857
905
974
790
556
415
151
-99
-70
-19
-32
28
188
277
380
603
702
701
693
679
509
301
157
-85
-313
-470
-563
-695
-816
-867
-935
-957
-896
-753
-656
-524
-306
-191
-136
-67
-81
-231
-403
-573
-748
-847
-861
-912
-999
-1090
-1146
-1157
-1139
-988
-873
-825
-850
-985
-1180
-1341
-1430
-1597
-1595
-1526
-1528
-1476
-1413
-1391
-1400
-1347
-1500
-1673
-1706
-1765
-1791
-1734
-1622
-1667
-1771
-2018
-2324
-2558
-2610
-1986
-648
1058
2617
3915
4608
4819
5068
4920
4316
3700
3180
2205
1226
809
414
210
313
267
-197
-450
-371
-481
-409
12
505
860
1346
1952
2256
2453
2658
2528
1997
1551
1164
527
4
-207
-414
-586
-564
-605
-827
-1011
-1094
-1232
-1306
-1108
-760
-471
-159
224
467
635
834
862
682
561
418
162
14
-9
-56
-148
-199
-386
-597
-675
-763
-822
-789
-670
-635
-503
-272
-114
195
500
641
712
833
867
845
959
907
775
667
435
177
-33
-156
-248
-274
-269
-216
-100
-60
114
305
381
544
627
517
413
402
242
99
71
-148
-384
-581
-811
-992
-1047
-1048
-1050
-972
-890
-730
-576
-458
-273
-191
-240
-297
-402
-612
-716
-758
-917
-1048
-1094
-1156
-1181
-1121
-1078
-1048
-1012
-987
-1038
-1190
-1340
-1481
-1624
-1671
-1525
-1406
-1444
-1462
-1453
-1506
-1562
-1552
-1562
-1556
-1371
-1168
-1222
-1280
-1262
-1366
-1585
-1814
-2102
-2416
-2112
-1071
438
1997
3334
4393
4758
4840
4784
4288
3514
3008
2574
1620
1093
938
557
428
539
273
-321
-449
-599
-893
-662
-127
394
853
1499
2033
2263
2507
2554
2144
1524
1192
797
223
31
-54
-270
-341
-297
-538
-868
-994
-1262
-1543
-1507
-1229
-933
-522
22
372
605
858
919
723
612
546
293
136
104
-34
-141
-109
-232
-473
-597
-762
-980
-1042
-967
-882
-704
-438
-189
52
313
542
637
674
700
662
636
704
783
776
776
743
594
418
220
29
-99
-164
-186
-193
-142
-54
91
208
285
394
394
330
239
121
-1
-88
-148
-265
-317
-357
-396
-435
-548
-655
-722
-760
-774
-721
-677
-656
-578
-554
-604
-612
-634
-707
-766
-844
-947
-1032
-1065
-1126
-1187
-1209
-1231
-1217
-1225
-1206
-1226
-1313
-1404
-1498
-1523
-1506
-1431
-1361
-1310
-1240
-1240
-1264
-1335
-1448
-1555
-1642
-1721
-1825
-1876
-1886
-1963
-2143
-2456
-2841
-2748
-1718
-51
1667
3153
4200
4637
4919
5040
4676
4148
3750
3309
2609
2118
1763
1293
928
546
55
-496
-755
-954
-1349
-1481
-1219
-629
82
923
1658
1998
2226
2320
2209
1981
1821
1635
1207
888
747
632
543
447
190
-323
-799
-1199
-1574
-1733
-1654
-1411
-1072
-617
-132
242
496
594
537
384
269
250
230
217
225
180
99
22
-96
-305
-519
-722
-939
-1045
-1034
-953
-760
-476
-243
-85
75
162
236
362
459
546
695
861
926
951
921
805
673
510
342
162
23
-90
-207
-239
-183
-36
98
210
278
270
286
236
173
115
44
-44
-163
-280
-419
-461
-497
-587
-629
-650
-652
-632
-581
-580
-585
-574
-630
-720
-794
-841
-891
-917
-934
-956
-978
-1030
-1102
-1144
-1143
-1160
-1198
-1253
-1328
-1400
-1487
-1601
-1661
-1600
-1500
-1436
-1351
-1222
-1113
-1063
-1105
-1201
-1253
-1222
-1207
-1288
-1371
-1477
-1658
-1889
-2159
-2406
-2568
-2463
-1947
-932
454
1788
2845
3481
3862
4123
4169
4034
3789
3627
3415
3156
2900
2574
2275
1860
1274
540
-38
-300
-530
-733
-892
-903
-748
-449
-12
411
878
1225
1291
1198
1114
1184
1252
1298
1338
1359
1415
1368
1207
895
496
53
-509
-995
-1312
-1379
-1276
-1136
-983
-874
-719
-610
-560
-523
-495
-418
-365
-281
-128
87
316
451
506
467
404
343
216
72
-76
-200
-306
-345
-278
-197
-122
-105
-152
-203
-187
-78
63
245
415
521
546
512
452
386
337
266
173
79
34
37
90
178
249
291
287
279
247
178
76
-81
-255
-423
-563
-683
-771
-824
-890
-955
-1022
-1072
-1064
-1027
-972
-899
-781
-648
-543
-439
-408
-428
-456
-469
-482
-551
-629
-737
-831
-883
-903
-914
-964
-952
-923
-974
-1051
-1089
-1103
-1122
-1101
-1070
-995
-805
-555
-365
-292
-264
-206
-125
-31
171
428
562
596
538
301
121
152
91
-55
-102
-130
-185
-199
-215
-284
-220
-101
-57
4
100
233
325
347
369
469
609
719
834
928
1028
1147
1235
1296
1334
1358
1334
1272
1235
1220
1195
1110
1022
942
845
788
713
637
599
596
588
540
485
390
280
140
9
-81
-124
-66
14
105
181
238
235
183
164
127
113
107
93
74
40
1
-79
-174
-281
-391
-522
-673
-788
-880
-959
-1020
-1047
-1057
-1041
-984
-923
-826
-649
-439
-236
-49
136
282
367
391
343
274
203
129
38
-49
-105
-156
-186
-188
-142
-79
-14
56
90
123
158
153
104
60
36
6
-6
-8
-51
-93
-131
-204
-277
-298
-288
-270
-213
-143
-77
-27
-24
-52
-111
-166
-197
-214
-197
-148
-95
-80
-79
-73
-90
-116
-128
-153
-196
-236
-274
-312
-337
-338
-338
-355
-368
-372
-379
-384
-361
-304
-243
-153
-41
38
105
142
122
57
-48
-162
-273
-366
-418
-445
-466
-466
-460
-438
-407
-390
-373
-380
-387
-376
-374
-379
-360
-320
-276
-199
-113
-21
101
225
342
425
476
501
511
497
466
458
451
445
441
412
352
264
206
151
145
197
224
244
246
188
94
40
12
-3
21
26
32
46
63
56
59
88
63
45
44
57
127
250
376
435
477
497
471
438
418
380
358
336
279
264
263
249
197
387
1047
1338
1019
544
181
654
1503
1590
1102
501
264
217
214
337
-26
-530
-888
-1253
-932
-388
-408
-696
-973
-954
-659
-351
-101
-98
-146
-257
-412
-113
200
143
-75
-479
-629
-414
-276
-318
-524
-658
-733
-742
-526
-461
-487
-540
-869
-1059
-922
-783
-719
-747
-862
-874
-773
-647
-651
-732
-683
-781
-862
-685
-569
-603
-684
-731
-810
-673
-422
-558
-624
-389
-350
-322
-71
-79
-111
148
182
129
289
329
172
85
-46
-234
-154
-123
-230
-233
-292
-268
-133
-80
4
136
151
141
155
190
325
458
552
680
842
1018
1198
1324
1463
1642
1654
1638
1658
1645
1670
1648
1495
1380
1367
1271
1169
1048
867
743
617
464
333
322
258
167
167
80
33
-35
-209
-308
-321
-311
-316
-305
-284
-262
-238
-228
-219
-160
-131
-178
-196
-142
-17
67
66
-5
-82
-63
-65
-102
-144
-201
-250
-277
-282
-288
-282
-240
-169
-166
-126
-46
-40
-29
-28
-66
-144
-159
-253
-412
-424
-478
-606
-722
-770
-752
-663
-609
-717
-717
-592
-426
-277
-212
-183
-201
-170
-185
-209
-138
-187
-302
-420
-553
-571
-523
-645
-794
-798
-854
-807
-723
-873
-965
-929
-988
-987
-843
-815
-823
-700
-736
-823
-694
-656
-776
-812
-875
-1008
-928
-841
-995
-1058
-1084
-1195
-1097
-827
-681
-545
-344
-185
125
550
773
886
1047
1238
1513
1844
2093
2171
2187
2211
2221
2285
2348
2304
2198
2118
2022
1914
1843
1761
1591
1378
1165
903
650
442
208
-7
-196
-349
-429
-472
-481
-534
-621
-619
-592
-605
-621
-645
-681
-623
-514
-415
-306
-257
-282
-311
-333
-368
-389
-384
-373
-300
-206
-130
-50
-28
-35
-42
-44
-56
-32
21
58
173
292
401
521
593
574
533
532
502
491
444
351
320
278
207
123
10
-89
-147
-213
-332
-422
-473
-504
-487
-466
-437
-352
-234
-109
37
146
185
185
135
105
122
104
10
-121
-199
-279
-401
-483
-581
-676
-742
-837
-921
-903
-774
-708
-687
-642
-659
-651
-590
-581
-612
-642
-681
-742
-772
-784
-874
-940
-945
-1002
-1029
-1028
-1129
-1194
-1181
-1246
-1300
-1279
-1302
-1296
-1229
-1262
-1311
-1291
-1304
-1311
-1206
-1008
-818
-718
-630
-411
-78
225
381
442
569
845
1124
1339
1614
1953
2206
2337
2476
2641
2806
2929
2856
2700
2641
2543
2353
2122
1905
1737
1547
1307
1048
827
657
465
234
54
-67
-197
-372
-550
-656
-704
-723
-790
-893
-926
-928
-926
-881
-814
-746
-713
-712
-703
-668
-585
-506
-458
-382
-278
-201
-143
-107
-106
-79
-29
0
64
170
245
327
399
410
423
392
285
182
151
160
180
212
215
248
312
301
288
280
251
270
247
196
209
226
237
234
197
159
124
101
54
-24
-84
-177
-268
-303
-339
-367
-360
-318
-241
-134
-37
-39
-53
-33
-55
-63
-105
-231
-358
-475
-582
-696
-809
-889
-977
-1053
-1113
-1197
-1216
-1178
-1156
-1087
-998
-943
-903
-857
-834
-794
-728
-742
-731
-669
-688
-736
-785
-845
-848
-830
-873
-972
-1056
-1107
-1152
-1159
-1196
-1292
-1349
-1383
-1404
-1334
-1183
-980
-720
-514
-410
-230
83
402
687
842
864
982
1175
1323
1529
1809
2060
2232
2333
2406
2533
2695
2695
2573
2501
2443
2366
2247
2061
1939
1813
1559
1283
988
712
474
193
-65
-216
-317
-430
-565
-706
-770
-776
-820
-870
-914
-922
-910
-894
-830
-710
-550
-414
-313
-258
-217
-166
-177
-186
-156
-132
-141
-134
-84
-61
-15
38
26
22
80
139
172
256
361
442
499
515
465
406
404
338
230
179
98
15
-42
-94
-118
-115
-102
-136
-163
-129
-110
-113
-84
-77
-74
-3
23
5
20
11
-2
-44
-137
-220
-305
-397
-464
-459
-418
-366
-290
-258
-256
-228
-216
-240
-253
-287
-373
-468
-546
-616
-698
-768
-833
-894
-946
-984
-995
-1022
-999
-912
-893
-889
-837
-809
-777
-707
-671
-649
-628
-645
-681
-683
-651
-684
-767
-834
-865
-869
-914
-986
-1038
-1085
-1148
-1235
-1309
-1368
-1369
-1316
-1223
-999
-712
-514
-367
-148
128
446
736
875
984
1170
1340
1502
1717
1933
2128
2282
2332
2387
2511
2554
2488
2397
2305
2225
2134
1980
1798
1667
1535
1331
1077
797
530
267
-5
-204
-323
-411
-462
-532
-613
-629
-630
-643
-639
-659
-666
-662
-689
-652
-556
-466
-383
-292
-220
-160
-61
-18
-27
23
20
-13
34
87
159
234
229
199
191
184
173
144
125
141
157
155
155
155
165
156
86
27
-7
-52
-75
-106
-145
-104
-50
-69
-62
-37
-57
-24
24
3
37
100
84
79
104
107
120
105
47
-14
-94
-195
-312
-420
-465
-463
-460
-465
-464
-455
-453
-445
-443
-455
-478
-559
-624
-660
-703
-700
-733
-833
-929
-1037
-1121
-1136
-1135
-1145
-1153
-1118
-1012
-913
-853
-823
-778
-706
-677
-626
-560
-574
-581
-603
-643
-600
-544
-566
-685
-811
-874
-910
-900
-931
-1062
-1181
-1234
-1214
-1113
-933
-703
-510
-409
-325
-103
255
527
662
737
778
986
1251
1346
1483
1696
1839
1992
2148
2211
2257
2273
2187
2133
2153
2131
2043
1896
1740
1649
1582
1459
1253
1000
734
438
142
-98
-276
-403
-507
-626
-709
-711
-708
-741
-739
-685
-638
-570
-514
-482
-353
-231
-154
-7
112
198
266
238
232
279
260
209
159
102
110
164
179
182
187
152
85
42
24
8
3
-14
-24
6
63
91
57
23
-6
-62
-77
-64
-77
-50
-23
-42
0
39
17
28
16
-20
9
15
-16
-20
-60
-89
-24
7
-21
-51
-150
-251
-275
-339
-420
-443
-491
-541
-519
-512
-507
-485
-544
-593
-579
-598
-618
-656
-719
-708
-671
-693
-770
-886
-991
-1051
-1093
-1104
-1110
-1142
-1102
-1005
-916
-800
-725
-707
-663
-645
-624
-546
-505
-502
-563
-683
-703
-663
-684
-804
-980
-1109
-1216
-1315
-1418
-1558
-1584
-1435
-1224
-942
-671
-558
-415
-101
287
698
1006
1118
1201
1399
1619
1843
2151
2362
2398
2411
2368
2316
2362
2321
2155
2057
1981
1875
1763
1598
1467
1412
1323
1188
1046
869
655
458
287
170
106
-20
-218
-397
-505
-549
-587
-616
-622
-635
-650
-648
-608
-536
-431
-344
-309
-257
-173
-89
1
78
142
226
250
202
176
129
92
117
107
68
82
79
9
-20
-7
-8
-2
-41
-110
-129
-112
-75
-42
-33
-31
-41
-70
-87
-66
-36
-37
-31
-13
-25
-27
-30
-24
42
103
128
108
51
32
21
-3
6
14
0
-50
-137
-185
-194
-210
-243
-322
-408
-443
-484
-548
-552
-528
-540
-552
-583
-636
-647
-670
-691
-647
-621
-665
-761
-876
-916
-884
-894
-931
-967
-1037
-1067
-1033
-978
-861
-779
-789
-756
-710
-718
-708
-672
-608
-550
-586
-702
-819
-832
-802
-910
-1077
-1173
-1280
-1394
-1490
-1569
-1448
-1073
-752
-641
-544
-336
33
475
764
955
1203
1428
1613
1793
2008
2339
2613
2660
2609
2570
2549
2478
2317
2182
2104
2000
1823
1577
1365
1266
1192
1029
859
727
536
336
189
79
64
50
-67
-221
-367
-472
-547
-616
-635
-635
-647
-662
-686
-674
-596
-479
-367
-300
-262
-234
-196
-103
-9
82
190
247
265
269
255
249
244
246
239
210
202
188
169
195
204
176
158
120
68
15
-33
-28
-11
-9
-13
-56
-68
-42
-50
-41
-23
-28
-35
-80
-111
-56
21
62
74
27
-24
-24
-43
-85
-83
-91
-153
-204
-248
-307
-335
-357
-430
-489
-525
-612
-699
-731
-744
-733
-724
-741
-750
-753
-751
-709
-640
-571
-550
-616
-717
-768
-754
-738
-738
-768
-874
-995
-1044
-1030
-974
-906
-906
-960
-963
-928
-893
-840
-824
-882
-887
-855
-873
-874
-896
-978
-983
-991
-1171
-1341
-1396
-1394
-1173
-819
-622
-493
-340
-175
154
582
876
1048
1198
1363
1559
1801
2110
2424
2660
2755
2710
2638
2606
2562
2484
2394
2295
2161
1956
1707
1521
1435
1321
1128
893
598
328
142
-12
-86
-78
-112
-218
-332
-408
-436
-432
-424
-432
-439
-463
-511
-530
-480
-349
-211
-168
-188
-232
-255
-209
-136
-46
50
109
115
94
102
169
243
276
249
210
198
179
173
184
179
188
167
92
35
1
-39
-82
-88
-74
-78
-92
-126
-154
-107
-46
-35
-42
-59
-84
-102
-106
-83
-47
-19
-21
-29
-32
-57
-61
-68
-91
-77
-98
-175
-226
-245
-246
-247
-278
-346
-434
-505
-570
-627
-645
-655
-688
-734
-779
-771
-725
-696
-688
-693
-699
-693
-688
-683
-674
-659
-660
-666
-674
-739
-847
-912
-912
-910
-962
-1033
-1055
-973
-838
-830
-957
-1049
-1041
-968
-936
-1026
-1133
-1145
-1103
-1099
-1148
-1185
-1216
-1201
-1014
-717
-464
-305
-219
-20
381
762
958
1025
1110
1326
1588
1795
2021
2275
2419
2441
2449
2466
2525
2575
2465
2332
2316
2237
2043
1805
1576
1464
1393
1220
970
691
425
218
37
-75
-124
-228
-375
-490
-559
-576
-555
-535
-523
-500
-501
-544
-558
-474
-343
-239
-176
-165
-181
-182
-159
-105
-43
8
30
17
24
65
115
160
184
201
213
195
198
251
294
309
315
305
271
222
166
105
74
72
51
15
-15
-23
-27
-33
-5
22
29
14
-16
-10
1
-10
-5
4
-32
-112
-156
-202
-227
-200
-212
352
1262
804
-485
-1034
-903
1
871
566
-162
-958
-1577
-1309
-661
-119
-166
-1132
-1968
-2070
-1610
-892
-560
-735
-1375
-2004
-1815
-1181
-554
-297
-824
-1342
-1381
-1208
-739
-372
-438
-729
-1157
-1357
-1081
-702
-603
-824
-1119
-1263
-1275
-1416
-1804
-2090
-2163
-2302
-2424
-2280
-1748
-909
-244
44
311
728
1215
1707
2140
2571
3045
3408
3615
3799
3978
4075
3984
3671
3308
3006
2713
2418
2073
1657
1263
886
493
90
-359
-763
-1094
-1392
-1527
-1517
-1478
-1401
-1350
-1281
-1078
-831
-600
-378
-167
81
356
634
954
1303
1558
1648
1614
1516
1432
1397
1316
1142
919
640
357
115
-107
-310
-532
-794
-1027
-1199
-1291
-1261
-1141
-1012
-885
-761
-647
-446
-117
239
534
719
806
887
998
1125
1215
1207
1140
1004
718
439
317
208
37
-157
-372
-560
-697
-780
-756
-679
-637
-618
-598
-543
-439
-359
-299
-225
-166
-141
-129
-99
-69
-51
-46
-96
-194
-289
-384
-470
-525
-607
-729
-852
-980
-1056
-1077
-1138
-1194
-1246
-1394
-1513
-1500
-1447
-1383
-1358
-1436
-1506
-1468
-1370
-1246
-1101
-984
-939
-1005
-1126
-1160
-1121
-1128
-1197
-1312
-1394
-1379
-1407
-1539
-1711
-1950
-2207
-2333
-2105
-1238
119
1267
1821
2003
2055
2147
2463
2961
3580
4288
4683
4505
4151
3940
3735
3358
2718
1890
1134
606
320
217
135
-58
-493
-1207
-1842
-2053
-1904
-1531
-1067
-749
-563
-340
-123
71
373
745
1006
1137
1244
1401
1645
1872
1915
1724
1349
902
508
266
194
183
80
-178
-504
-775
-955
-1038
-1045
-1061
-1047
-936
-804
-637
-371
-109
64
173
267
386
559
801
1041
1212
1331
1343
1204
1035
925
835
756
656
446
185
-40
-272
-506
-671
-819
-966
-1054
-1104
-1055
-862
-684
-585
-479
-362
-225
-12
215
420
631
741
714
678
652
598
526
379
160
-82
-357
-615
-819
-1008
-1177
-1327
-1480
-1617
-1670
-1636
-1592
-1543
-1501
-1482
-1412
-1337
-1309
-1240
-1201
-1220
-1173
-1061
-905
-722
-656
-793
-995
-1125
-1256
-1358
-1331
-1280
-1275
-1315
-1422
-1590
-1811
-2024
-2146
-2167
-2178
-2295
-2452
-2450
-1970
-730
846
1951
2358
2276
2048
2116
2629
3378
4211
4902
5016
4529
3902
3430
3102
2712
2145
1560
1025
628
460
281
-2
-315
-837
-1495
-1885
-1877
-1537
-979
-472
-206
-90
-15
27
102
316
690
1097
1391
1576
1676
1667
1581
1409
1125
852
665
493
331
228
123
-77
-366
-709
-1055
-1276
-1314
-1232
-1065
-822
-552
-347
-235
-146
-40
105
344
607
827
1026
1184
1254
1209
1106
1003
860
697
585
482
369
253
100
-81
-252
-404
-573
-705
-719
-687
-625
-479
-328
-239
-197
-177
-130
-41
64
194
342
472
541
525
439
337
257
161
27
-109
-233
-364
-499
-647
-809
-953
-1071
-1208
-1341
-1393
-1344
-1245
-1166
-1150
-1174
-1171
-1129
-1083
-1042
-1000
-970
-978
-1040
-1094
-1065
-985
-955
-1021
-1112
-1199
-1335
-1531
-1727
-1844
-1845
-1754
-1638
-1567
-1555
-1660
-1903
-2093
-2166
-2198
-2113
-1963
-1806
-1296
-221
1068
2069
2486
2416
2291
2406
2771
3340
4028
4630
4827
4397
3621
2965
2460
1986
1561
1196
901
649
329
-92
-521
-867
-1157
-1457
-1640
-1544
-1213
-807
-428
-162
-39
45
105
151
351
755
1252
1671
1853
1827
1670
1433
1205
1000
854
818
773
639
434
178
-83
-369
-669
-893
-1016
-1043
-978
-871
-762
-635
-508
-459
-446
-359
-198
39
333
616
855
1003
1057
1052
986
947
971
969
940
888
774
598
355
74
-188
-398
-533
-615
-664
-667
-639
-608
-614
-632
-618
-545
-381
-136
119
348
552
695
733
709
668
582
483
395
267
122
-48
-267
-500
-742
-980
-1169
-1327
-1460
-1568
-1660
-1691
-1627
-1528
-1430
-1315
-1211
-1114
-1016
-974
-964
-939
-945
-933
-879
-847
-809
-781
-858
-1009
-1145
-1256
-1345
-1396
-1426
-1425
-1397
-1450
-1602
-1751
-1868
-1931
-1897
-1841
-1829
-1805
-1736
-1545
-987
-7
1042
1813
2218
2315
2320
2466
2827
3388
4006
4437
4494
4125
3529
2950
2429
1986
1649
1298
888
513
123
-329
-711
-991
-1253
-1472
-1580
-1538
-1329
-1002
-657
-406
-256
-134
-17
148
442
831
1228
1534
1665
1634
1506
1366
1234
1106
1026
950
823
647
383
81
-168
-399
-622
-794
-901
-929
-896
-794
-653
-543
-446
-361
-305
-221
-69
150
400
630
809
880
834
764
707
666
691
750
751
671
498
250
14
-163
-268
-316
-368
-457
-568
-660
-679
-630
-559
-481
-401
-300
-166
-3
189
363
478
545
560
543
512
469
432
389
311
158
-71
-308
-532
-751
-910
-1027
-1137
-1238
-1361
-1476
-1546
-1594
-1594
-1539
-1431
-1265
-1111
-1024
-999
-1016
-1048
-1075
-1021
-849
-631
-425
-372
-555
-830
-1073
-1218
-1208
-1099
-989
-980
-1120
-1341
-1560
-1661
-1634
-1619
-1639
-1683
-1788
-1858
-1844
-1778
-1496
-815
160
1101
1702
1924
1959
2034
2309
2778
3349
3925
4280
4211
3808
3310
2846
2445
2133
1874
1585
1274
927
486
13
-405
-752
-1039
-1272
-1414
-1429
-1313
-1110
-930
-805
-689
-599
-515
-335
-20
384
788
1089
1260
1322
1299
1252
1223
1225
1245
1217
1099
920
695
426
170
-47
-254
-430
-552
-638
-660
-631
-607
-587
-573
-575
-535
-438
-291
-80
142
343
495
549
546
560
585
624
672
701
696
618
471
298
135
14
-53
-114
-181
-236
-301
-363
-398
-416
-428
-419
-373
-300
-202
-71
75
185
229
226
193
145
135
149
136
100
16
-128
-291
-446
-579
-701
-822
-922
-1000
-1080
-1152
-1203
-1260
-1302
-1287
-1243
-1192
-1120
-1084
-1113
-1152
-1164
-1126
-1038
-922
-812
-740
-717
-736
-801
-881
-928
-915
-858
-848
-895
-935
-971
-1006
-1073
-1218
-1366
-1450
-1487
-1504
-1507
-1480
-1421
-1327
-1113
-662
24
752
1271
1510
1600
1725
2008
2426
2891
3351
3671
3703
3476
3106
2732
2454
2273
2139
1974
1724
1389
950
439
-23
-391
-673
-883
-1035
-1133
-1174
-1157
-1115
-1094
-1069
-1006
-893
-707
-459
-158
160
452
698
853
931
977
1001
1045
1141
1243
1298
1261
1109
868
609
390
239
148
64
-36
-138
-258
-392
-514
-608
-650
-637
-580
-479
-349
-234
-140
-33
67
141
244
377
507
649
758
789
762
696
608
513
416
311
196
93
-7
-116
-231
-356
-471
-554
-601
-583
-522
-464
-413
-382
-376
-376
-362
-339
-303
-237
-182
-170
-182
-231
-327
-437
-534
-601
-653
-716
-805
-911
-996
-1047
-1073
-1070
-1055
-1060
-1105
-1175
-1228
-1252
-1239
-1170
-1087
-1013
-958
-957
-1015
-1055
-998
-896
-836
-821
-862
-948
-988
-946
-843
-708
-631
-669
-785
-925
-1033
-1078
-1045
-930
-810
-724
-521
-90
428
834
1068
1178
1269
1447
1732
2093
2503
2874
3073
3044
2846
2571
2283
2076
2029
2047
1972
1779
1465
1007
515
119
-178
-366
-471
-580
-708
-830
-953
-1076
-1142
-1119
-1042
-914
-731
-512
-274
-45
151
328
456
542
662
812
945
1047
1108
1114
1053
919
759
611
482
373
287
212
120
-5
-148
-271
-344
-375
-376
-347
-308
-297
-286
-224
-141
-74
5
101
194
275
330
374
415
445
448
420
386
350
298
246
207
154
68
-28
-111
-192
-282
-374
-482
-587
-642
-649
-643
-642
-664
-697
-709
-711
-696
-639
-566
-515
-494
-520
-573
-624
-683
-717
-700
-658
-633
-664
-745
-827
-882
-899
-867
-819
-795
-809
-874
-971
-1035
-1039
-989
-882
-754
-673
-666
-726
-833
-920
-938
-894
-818
-750
-721
-733
-757
-743
-671
-565
-459
-384
-362
-359
-305
-129
199
629
1055
1347
1441
1374
1266
1263
1445
1762
2094
2311
2353
2244
2034
1786
1581
1479
1481
1519
1511
1411
1197
895
586
321
128
15
-58
-148
-249
-335
-431
-554
-672
-779
-867
-874
-786
-658
-511
-373
-275
-216
-185
-145
-66
61
241
435
598
720
769
733
639
542
491
482
503
533
510
424
295
124
-23
-101
-128
-104
-65
-73
-124
-199
-283
-332
-334
-316
-296
-258
-215
-198
-181
-153
-123
-85
-35
22
68
107
142
150
134
115
87
49
11
-40
-106
-166
-225
-297
-378
-466
-556
-632
-674
-680
-676
-707
-780
-872
-941
-960
-929
-844
-744
-679
-653
-646
-637
-617
-590
-542
-453
-341
-228
-137
-75
-41
-52
-84
-105
-106
-82
-39
10
60
51
-54
-195
-307
-340
-291
-237
-233
-291
-402
-480
-451
-337
-210
-131
-114
-98
-47
19
86
187
314
414
455
427
352
295
283
326
432
569
672
669
568
459
395
410
522
669
765
757
663
555
483
499
602
706
770
777
692
569
464
386
340
326
331
296
195
79
-19
-83
-97
-89
-89
-108
-160
-228
-277
-275
-240
-210
-192
-180
-168
-158
-149
-137
-127
-113
-81
-49
-23
2
12
24
49
71
97
127
140
140
123
78
39
0
-54
-91
-117
-135
-141
-167
-224
-285
-343
-381
-399
-393
-351
-295
-253
-219
-198
-189
-170
-130
-89
-64
-41
-8
34
61
42
-16
-64
-91
-114
-136
-150
-145
-156
-213
-288
-338
-363
-372
-363
-338
-304
-271
-255
-262
-262
-245
-222
-169
-72
32
123
201
248
261
257
256
266
285
314
350
389
420
422
378
311
240
186
139
116
126
134
122
92
42
-9
-44
-65
-78
-71
-41
-9
7
6
-13
-47
-93
-145
-186
-203
-191
-167
-146
-131
-142
-176
-205
-199
-152
-73
10
65
86
73
36
29
75
136
195
235
231
193
138
80
43
23
11
2
-25
-70
-125
-184
-229
-239
-230
-224
-217
-205
-191
-162
-127
-96
-65
-43
-22
8
48
105
155
181
194
194
184
179
183
196
218
230
228
214
186
146
104
64
32
0
-43
-83
-110
-129
-136
-140
-144
-153
-175
-191
-198
-184
-138
-89
-43
1
17
3
-15
-14
13
52
88
111
120
116
104
77
48
39
48
49
33
16
-12
-52
-98
-160
-215
-233
-225
-191
-138
-101
-90
-98
-100
-78
-43
-9
39
107
175
229
266
287
298
297
287
289
320
358
381
387
380
356
310
262
224
189
161
139
122
118
116
99
65
18
-34
-81
-116
-115
-90
-66
-46
-54
-85
-119
-150
-172
-186
-203
-215
-224
-224
-211
-210
-224
-245
-261
-259
-237
-203
-167
-139
-125
-126
-143
-159
-162
-130
-66
3
43
39
-2
-56
-109
-147
-159
-155
-144
-133
-134
-153
-186
-224
-255
-268
-253
-216
-162
-100
-51
-38
-56
-70
-63
-40
3
62
122
169
187
171
147
131
135
153
171
181
178
166
152
136
113
91
74
59
45
34
36
46
39
21
9
-4
-17
-14
4
37
78
103
108
107
108
112
122
145
171
194
208
213
204
178
145
118
105
106
115
112
99
69
16
-37
-84
-118
-125
-110
-86
-60
-55
-72
-93
-109
-108
-89
-60
-24
12
45
61
65
74
84
99
119
148
190
238
281
307
312
301
276
248
227
210
193
168
142
123
109
92
64
24
-24
-67
-95
-103
-90
-71
-72
-103
-146
-192
-226
-243
-242
-231
-218
-207
-206
-206
-195
-179
-169
-166
-157
-141
-116
-81
-45
-24
-23
-39
-72
-96
-90
-61
-20
22
37
11
-38
-91
-128
-136
-115
-83
-64
-72
-104
-153
-205
-239
-247
-230
-188
-134
-91
-72
-73
-86
-95
-88
-54
-2
55
109
147
157
145
134
119
104
100
98
96
93
83
70
42
7
-26
-56
-57
-35
-19
-10
0
8
13
19
32
59
99
143
172
188
193
187
174
161
156
164
169
174
181
181
170
143
102
58
22
10
25
52
70
59
19
-25
-59
-78
-76
-59
-32
-10
-1
4
13
20
22
16
17
32
58
88
116
145
160
152
127
100
81
81
92
116
150
164
159
140
108
80
51
38
49
64
72
67
51
32
17
8
12
23
32
28
15
4
-16
-37
-57
-73
-92
-113
-127
-137
-147
-155
-159
-166
-181
-203
-222
-224
-208
-182
-146
-101
-63
-47
-52
-58
-56
-50
-43
-29
-12
3
7
-4
-22
-42
-54
-61
-70
-79
-91
-105
-113
-118
-122
-124
-122
-112
-99
-87
-77
-68
-60
-52
-50
-46
-35
-21
-12
-8
-9
-4
6
11
14
18
17
10
-3
-25
-45
-63
-79
-83
-68
-46
-37
-36
-33
-28
-21
-3
29
74
118
147
156
162
172
184
194
211
226
231
227
213
195
164
137
115
105
107
107
92
71
59
56
64
77
92
99
96
85
71
59
49
39
26
25
36
42
35
26
15
3
-9
-22
-30
-37
-37
-32
-27
-19
-11
-6
2
19
39
52
65
82
95
98
89
69
50
43
50
60
76
99
115
110
92
74
58
48
35
18
4
-3
-11
-32
-59
-84
-113
-144
-165
-167
-155
-140
-132
-134
-137
-129
-111
-91
-74
-59
-46
-30
-6
22
41
54
48
20
-14
-37
-34
-16
6
11
-8
-37
-66
-88
-100
-105
-100
-93
-96
-108
-127
-141
-150
-152
-141
-114
-85
-67
-60
-56
-47
-34
-25
-17
-8
0
2
4
7
11
15
13
7
-2
-13
-23
-38
-55
-62
-57
-40
-23
-6
10
28
49
75
106
137
158
161
153
146
144
143
144
141
131
118
101
77
49
19
-1
-7
-3
8
20
29
27
10
-8
-16
2
38
76
104
107
85
48
10
-17
-24
-22
-18
-19
-24
-28
-30
-37
-47
-55
-53
-40
-16
20
58
86
96
89
79
76
87
112
149
191
218
215
184
139
95
65
54
56
58
54
37
7
-29
-64
-92
-105
-102
-92
-83
-78
-75
-73
-66
-50
-31
-10
10
30
55
77
87
85
69
50
37
34
34
34
41
44
39
25
2
-34
-72
-109
-136
-145
-140
-124
-116
-118
-122
-127
-126
-110
-82
-56
-32
-13
-1
3
1
-5
-10
-10
-8
-9
-15
-19
-28
-49
-79
-107
-132
-144
-142
-133
-122
-117
-119
-126
-126
-114
-96
-79
-64
-48
-36
-26
-15
-9
-6
0
13
35
68
104
135
154
159
152
142
139
143
145
149
151
147
135
112
78
36
-6
-48
-81
-97
-97
-90
-79
-72
-68
-65
-61
-51
-31
3
50
91
113
114
102
86
74
69
67
69
73
67
55
41
24
3
-15
-22
-14
7
33
51
54
48
32
13
9
26
62
104
137
148
134
106
73
41
22
18
24
34
39
38
25
1
-25
-42
-45
-36
-23
-16
-19
-28
-39
-40
-33
-19
-1
17
33
44
54
61
68
78
87
94
97
96
92
88
77
58
35
10
-18
-46
-69
-82
-82
-84
-95
-117
-137
-145
-143
-126
-100
-75
-59
-55
-56
-55
-50
-46
-41
-35
-23
-13
-2
3
-3
-18
-43
-72
-98
-116
-126
-134
-143
-158
-175
-187
-192
-187
-173
-154
-129
-103
-80
-63
-44
-22
0
16
28
45
71
102
132
157
168
169
160
145
139
139
142
146
143
133
118
97
67
34
3
-19
-27
-25
-20
-16
-14
-13
-14
-16
-11
5
33
63
89
110
118
111
97
80
67
58
51
42
33
23
9
-9
-27
-40
-48
-50
-47
-39
-24
-8
3
6
7
14
29
53
81
105
118
122
116
106
96
90
82
70
55
41
28
11
-8
-26
-38
-41
-36
-30
-29
-36
-50
-65
-72
-67
-51
-28
-7
10
20
26
34
45
61
81
102
118
129
133
133
128
117
99
74
46
20
-4
-30
-55
-84
-121
-162
-201
-228
-235
-224
-201
-168
-129
-92
-66
-51
-40
-26
-4
23
53
78
87
81
64
38
13
-12
-37
-61
-84
-108
-131
-153
-173
-196
-215
-233
-244
-250
-244
-226
-199
-170
-146
-127
-112
-96
-76
-46
-3
46
90
122
146
165
178
186
197
206
207
195
171
146
125
109
85
57
30
8
-10
-24
-30
-29
-24
-16
-14
-9
-4
10
30
56
88
115
131
134
127
114
101
90
84
78
72
62
45
22
-7
-37
-60
-73
-78
-77
-73
-66
-56
-45
-28
-6
22
53
87
119
149
176
197
217
229
232
223
202
169
132
97
65
39
15
-10
-35
-59
-79
-93
-107
-118
-125
-126
-119
-102
-79
-53
-27
-5
13
26
40
54
69
87
106
119
126
122
105
80
51
25
4
-11
-21
-34
-52
-79
-108
-134
-148
-150
-145
-135
-126
-115
-101
-86
-67
-49
-32
-15
4
28
52
74
90
100
101
91
73
50
29
11
-5
-24
-52
-85
-120
-152
-176
-188
-191
-190
-188
-190
-192
-191
-185
-177
-165
-148
-130
-113
-94
-77
-59
-39
-15
12
38
60
79
95
108
120
125
125
118
107
96
88
80
76
69
57
41
23
6
-6
-9
-2
12
28
45
59
68
73
76
77
79
84
89
92
92
86
79
72
62
51
35
14
-8
-26
-38
-46
-48
-46
-45
-47
-47
-41
-27
-7
16
40
66
90
110
127
142
152
156
153
147
140
130
120
106
89
67
39
11
-13
-31
-44
-56
-65
-74
-84
-89
-92
-89
-80
-63
-40
-18
-2
9
17
28
44
63
82
94
99
91
78
63
48
37
26
11
-13
-43
-78
-111
-135
-145
-141
-128
-111
-98
-87
-76
-60
-36
-3
34
68
97
120
135
145
150
150
142
127
104
80
54
30
8
-15
-41
-72
-107
-143
-175
-199
-212
-214
-211
-209
-208
-210
-209
-204
-189
-162
-124
-87
-54
-30
-18
-11
-1
15
37
62
80
90
91
84
74
63
53
46
39
32
27
23
16
8
-5
-24
-40
-53
-56
-49
-33
-14
2
15
23
30
39
52
69
87
102
111
112
103
91
75
61
47
34
21
6
-9
-26
-41
-53
-61
-65
-65
-60
-53
-42
-29
-14
1
20
39
58
74
87
100
113
123
130
133
132
126
119
112
98
82
61
38
16
-4
-19
-30
-40
-50
-63
-78
-91
-98
-99
-92
-78
-59
-41
-24
-10
1
11
21
32
41
49
50
45
35
21
9
-3
-11
-19
-27
-40
-54
-69
-80
-85
-84
-76
-65
-52
-41
-31
-19
-2
23
53
87
119
146
163
170
172
171
168
165
156
142
125
99
67
32
-9
-50
-87
-116
-139
-155
-168
-178
-191
-202
-208
-209
-201
-186
-168
-151
-132
-113
-92
-70
-46
-24
-4
11
26
37
50
63
75
81
80
70
52
36
22
12
6
-1
-10
-23
-38
-51
-58
-55
-46
-32
-17
-3
10
22
36
51
67
82
96
106
112
114
109
106
104
100
96
86
73
56
36
17
2
-4
-6
-6
-6
-7
-10
-12
-11
-6
4
17
31
42
52
61
65
69
71
69
67
64
58
49
39
28
16
2
-12
-27
-38
-46
-52
-54
-54
-55
-58
-61
-61
-57
-48
-36
-21
-10
-2
0
-1
-5
-8
-11
-15
-18
-22
-27
-37
-47
-62
-78
-90
-100
-107
-110
-112
-111
-107
-99
-87
-69
-45
-18
12
41
73
103
131
156
176
195
210
222
229
229
219
202
178
153
130
108
85
57
24
-14
-56
-96
-129
-157
-176
-191
-200
-206
-212
-216
-219
-216
-207
-189
-166
-138
-109
-81
-57
-37
-17
2
19
35
48
57
61
61
53
42
28
12
-4
-21
-36
-49
-58
-63
-67
-71
-75
-78
-79
-76
-66
-48
-25
-1
22
41
54
68
79
93
106
116
122
125
121
115
108
102
96
87
77
63
50
36
25
16
13
9
4
1
-3
-3
-1
5
13
24
35
47
57
65
72
76
76
76
72
69
63
61
58
52
41
25
6
-13
-27
-37
-41
-41
-40
-41
-45
-45
-45
-40
-31
-18
-1
12
22
26
29
32
34
35
32
25
13
-1
-13
-24
-32
-40
-49
-60
-73
-85
-93
-94
-85
-68
-47
-23
-2
17
35
54
74
99
124
150
174
189
195
193
182
163
142
121
98
77
53
24
-10
-48
-88
-126
-158
-180
-193
-197
-195
-192
-190
-192
-193
-192
-185
-170
-147
-121
-94
-72
-54
-42
-33
-24
-14
-1
11
23
30
33
30
26
18
9
1
-8
-15
-20
-25
-28
-32
-39
-45
-49
-49
-45
-37
-26
-13
0
15
28
39
50
60
68
78
87
93
95
92
82
73
66
64
66
67
64
54
39
24
11
5
6
11
16
14
8
-4
-17
-25
-26
-19
-6
8
19
26
29
28
28
28
32
39
48
55
57
54
43
30
14
3
-2
0
8
15
21
27
29
32
35
42
52
63
74
83
90
91
85
72
54
32
10
-10
-26
-40
-56
-72
-88
-106
-123
-137
-146
-147
-139
-125
-104
-79
-56
-35
-18
0
19
43
73
107
141
169
188
194
191
179
165
149
137
125
112
94
69
38
2
-38
-75
-104
-125
-133
-136
-135
-134
-136
-143
-149
-150
-142
-126
-104
-81
-62
-49
-41
-40
-40
-39
-37
-33
-29
-25
-21
-19
-22
-29
-40
-49
-59
-65
-66
-62
-59
-58
-56
-57
-59
-60
-56
-50
-40
-27
-13
0
15
30
40
51
61
69
75
80
87
89
88
86
84
83
78
73
66
59
54
46
35
28
22
19
17
19
15
6
-1
-6
-6
-8
-6
-4
0
6
8
7
1
-4
-2
1
8
18
31
36
32
27
24
17
10
11
19
30
39
43
40
28
14
10
9
7
9
17
21
17
13
6
-10
-26
-33
-38
-43
-43
-40
-44
-55
-67
-81
-96
-98
-87
-80
-80
-68
-49
-33
-19
-4
10
23
44
72
96
115
134
152
160
160
151
138
126
121
113
101
87
64
33
5
-13
-32
-55
-66
-69
-77
-86
-95
-106
-120
-132
-141
-144
-140
-127
-115
-106
-94
-83
-80
-83
-91
-97
-95
-88
-73
-51
-30
-27
-32
-32
-36
-45
-45
-27
-12
0
9
7
2
7
9
-6
-23
-24
-20
-22
-5
26
52
83
97
53
6
19
43
107
367
742
861
629
340
158
10
-89
-54
95
233
246
114
-83
-255
-369
-410
-360
-220
-81
-40
-40
-16
-51
-161
-250
-267
-231
-190
-165
-131
-90
-79
-74
-41
6
30
20
-16
-65
-97
-87
-41
50
142
204
223
197
205
254
176
74
143
155
59
86
159
166
198
190
104
11
-91
-154
-162
-156
-92
-18
-24
-32
-20
-47
-68
-56
-72
-104
-102
-51
51
150
211
269
298
246
173
139
107
108
133
109
90
84
23
-29
-43
-93
-154
-195
-242
-279
-293
-284
-237
-188
-167
-159
-173
-198
-210
-210
-192
-144
-83
-17
32
61
86
92
79
88
108
99
71
59
66
78
107
139
119
58
8
-38
-82
-88
-62
-41
-41
-60
-83
-105
-118
-105
-95
-101
-98
-89
-87
-73
-39
-6
-2
-3
21
39
43
66
97
109
114
130
127
103
97
102
79
68
87
83
61
61
58
29
2
-9
-19
-36
-51
-60
-67
-68
-68
-73
-79
-80
-80
-82
-89
-89
-75
-58
-43
-15
8
19
33
47
59
72
83
94
106
123
142
149
144
131
111
85
63
27
-7
-17
-18
-10
3
2
-9
-14
-22
-44
-68
-70
-56
-38
-17
3
9
2
-4
-6
-12
-16
3
26
33
33
37
46
55
58
62
76
89
93
85
80
85
79
65
64
67
65
50
23
-11
-39
-50
-45
-33
-22
-7
3
-3
-28
-60
-77
-72
-62
-49
-26
-8
-12
-28
-48
-63
-70
-80
-82
-63
-40
-24
-26
-49
-59
-54
-61
-68
-61
-48
-31
-21
-20
-12
3
11
12
12
20
15
2
2
9
21
24
19
17
1
-35
-65
-85
-96
-99
-105
-96
-78
-79
-80
-70
-70
-74
-64
-48
-32
-11
17
35
44
59
71
81
95
94
80
76
79
88
91
89
96
102
96
83
56
30
26
27
16
10
7
-2
-8
-6
-5
-6
-16
-22
-8
6
6
13
29
36
47
57
57
58
51
32
26
23
11
-1
0
9
8
-5
-16
-21
-24
-24
-18
-24
-31
-27
-32
-38
-34
-43
-54
-47
-37
-22
0
14
17
24
36
42
40
37
50
70
78
76
82
94
92
79
79
83
71
59
56
53
51
48
34
18
7
2
-6
-17
-26
-33
-42
-50
-52
-53
-55
-62
-71
-71
-69
-72
-64
-49
-42
-29
-20
-27
-34
-35
-36
-33
-36
-49
-50
-38
-40
-48
-47
-44
-51
-58
-56
-49
-50
-51
-44
-33
-25
-24
-23
-17
-22
-40
-53
-64
-77
-71
-44
-26
-22
-15
-10
-21
-44
-47
-30
-13
3
34
62
67
72
80
71
58
55
57
66
69
70
83
90
79
65
56
47
26
4
3
20
25
21
26
29
22
16
18
12
2
-2
1
13
25
26
29
36
38
32
17
6
5
-3
-16
-18
-16
-15
-12
-18
-38
-52
-57
-59
-49
-32
-25
-22
-23
-34
-38
-35
-33
-31
-34
-38
-34
-36
-48
-39
-17
-11
-7
4
14
19
14
16
30
33
36
54
70
80
84
73
54
37
26
32
40
37
44
57
52
36
26
15
8
9
2
-8
1
12
2
-13
-20
-34
-55
-72
-77
-79
-82
-87
-81
-64
-53
-43
-35
-32
-30
-25
-24
-33
-36
-18
-11
-18
-16
-12
-15
-15
-13
-17
-17
-8
-5
-3
14
27
15
-4
-13
-28
-47
-46
-26
-15
-20
-33
-37
-32
-28
-21
-13
-9
-2
10
24
39
48
49
53
62
71
75
81
88
93
89
79
63
59
76
79
58
52
58
51
36
24
13
7
3
6
5
-4
-7
-15
-20
-12
0
0
-2
7
10
4
2
9
17
15
8
4
3
3
4
0
-12
-21
-24
-33
-38
-38
-45
-46
-42
-39
-36
-30
-24
-19
-30
-44
-43
-30
-24
-21
-12
-4
-3
-2
6
12
11
16
26
32
42
57
66
73
76
67
57
50
48
44
36
33
36
38
37
34
34
31
26
24
19
20
28
32
34
35
28
10
-4
-9
-12
-22
-31
-31
-31
-36
-41
-47
-48
-33
-25
-31
-28
-18
-17
-19
-17
-16
-20
-32
-38
-30
-30
-41
-48
-55
-66
-71
-67
-68
-68
-61
-57
-61
-69
-72
-81
-88
-86
-77
-74
-76
-65
-51
-47
-45
-34
-28
-21
-9
-1
10
24
40
55
60
59
65
68
66
70
67
60
59
60
50
42
48
59
60
57
56
57
62
58
49
42
48
49
35
27
27
27
18
8
7
4
0
-6
-11
-9
-6
-6
-7
-5
-5
-14
-27
-30
-22
-9
-2
-3
2
0
-11
-17
-16
-16
-17
-16
-17
-18
-24
-27
-23
-15
-11
-8
0
5
11
12
7
4
2
1
5
21
39
47
43
31
21
20
24
34
51
69
84
90
87
81
72
58
45
46
57
63
63
63
62
48
19
-7
-22
-31
-36
-30
-17
-12
-17
-26
-38
-49
-55
-56
-49
-37
-28
-26
-32
-37
-42
-49
-53
-46
-43
-47
-45
-46
-52
-58
-61
-55
-42
-43
-52
-53
-49
-53
-62
-64
-58
-53
-50
-49
-49
-48
-52
-57
-56
-45
-34
-27
-22
-12
0
8
17
28
37
46
50
49
51
53
55
56
57
54
51
44
35
33
36
42
49
45
36
30
26
16
14
21
31
33
23
11
10
9
3
4
8
9
11
15
16
12
2
-12
-21
-24
-21
-11
-8
-10
-11
-19
-31
-35
-35
-35
-23
-9
0
9
15
10
6
-2
-11
-18
-27
-33
-32
-32
-37
-35
-33
-36
-35
-32
-25
-17
-8
8
19
18
18
22
24
21
15
11
15
23
25
20
20
23
28
34
43
48
55
59
54
46
36
25
21
18
11
1
-8
-14
-17
-19
-24
-33
-43
-49
-53
-55
-48
-37
-29
-27
-36
-48
-58
-66
-63
-54
-52
-52
-51
-56
-65
-73
-74
-63
-45
-33
-33
-42
-53
-61
-67
-61
-53
-55
-53
-39
-23
-17
-17
-25
-34
-25
20
94
177
237
243
215
191
191
224
270
298
298
277
256
264
282
284
267
229
179
140
122
112
102
83
51
12
-26
-57
-75
-82
-89
-98
-109
-125
-148
-176
-192
-196
-197
-203
-214
-233
-255
-269
-271
-263
-253
-252
-257
-263
-260
-252
-248
-240
-232
-224
-217
-203
-180
-146
-113
-90
-72
-54
-39
-22
-2
14
27
36
42
50
61
75
93
113
125
130
128
125
129
135
136
138
139
137
139
137
134
128
122
117
119
126
134
140
138
128
113
96
84
77
71
65
59
49
38
26
13
5
-2
-12
-21
-29
-41
-53
-59
-64
-68
-69
-69
-67
-64
-61
-61
-62
-61
-59
-59
-58
-47
-37
-32
-33
-34
-29
-22
-14
-4
1
4
4
6
12
19
22
23
23
23
23
21
19
18
16
18
19
18
14
5
-5
-17
-23
-23
-19
-16
-14
-11
-1
5
8
11
15
17
20
27
33
42
49
53
57
56
54
50
50
49
47
46
46
44
40
33
19
5
-2
-2
1
2
1
-3
-10
-16
-23
-24
-23
-22
-21
-21
-25
-27
-26
-25
-22
-15
-5
4
12
16
16
15
17
22
23
22
22
15
2
-8
-15
-20
-25
-31
-39
-45
-50
-51
-47
-43
-43
-46
-51
-49
-40
-27
-13
3
11
11
7
7
13
22
28
34
40
42
44
49
55
60
63
63
62
60
60
57
52
43
33
19
5
-6
-14
-18
-19
-20
-23
-26
-28
-30
-31
-24
-11
3
14
20
23
23
24
23
17
16
18
17
13
8
5
-3
-10
-18
-27
-36
-43
-43
-45
-45
-44
-45
-49
-53
-57
-60
-61
-58
-55
-55
-57
-58
-57
-53
-51
-49
-51
-56
-56
-49
-42
-38
-38
-37
-35
-29
-21
-13
-6
-4
-7
-4
4
10
15
18
22
29
37
45
56
62
59
54
51
50
50
51
56
56
53
46
36
26
22
25
28
32
35
31
27
27
30
36
41
41
39
38
34
30
27
25
26
29
32
29
22
7
-13
-30
-40
-46
-53
-56
-58
-61
-65
-73
-82
-93
-101
-95
-83
-69
-58
-52
-56
-59
-56
-43
-28
-16
-7
-1
5
13
25
38
42
42
37
32
30
34
39
39
36
33
34
38
42
45
46
45
42
39
35
32
29
22
17
13
13
13
13
14
17
21
23
25
25
26
29
33
32
27
20
9
-4
-8
0
9
14
13
7
-3
-9
-9
-5
-5
-9
-18
-28
-33
-31
-28
-31
-37
-49
-61
-63
-54
-44
-40
-44
-53
-64
-67
-63
-54
-44
-36
-26
-15
-3
8
16
15
11
7
6
12
18
24
25
20
11
5
7
12
17
17
13
7
4
0
-5
-7
-13
-17
-18
-15
-12
-9
-8
-5
1
10
23
36
48
55
62
65
67
69
66
60
55
54
49
44
35
22
8
-6
-18
-29
-36
-44
-53
-58
-61
-59
-59
-62
-66
-67
-66
-63
-59
-59
-61
-64
-65
-60
-49
-39
-33
-31
-27
-19
-6
10
27
38
43
42
44
49
53
53
49
47
50
55
60
62
61
57
53
51
51
56
57
55
53
51
49
44
38
30
21
15
14
19
26
26
21
14
12
11
10
5
-3
-14
-22
-23
-19
-15
-17
-25
-35
-43
-47
-45
-45
-45
-45
-46
-42
-38
-35
-37
-43
-48
-46
-44
-43
-47
-55
-59
-59
-56
-50
-47
-49
-56
-57
-52
-40
-24
-12
-4
3
12
23
33
36
36
30
26
28
36
47
53
51
41
38
38
38
35
29
16
7
4
6
10
8
0
-13
-22
-20
-12
-5
-3
-1
1
4
13
22
28
29
29
29
29
31
32
32
30
25
19
12
8
6
1
-8
-23
-37
-46
-43
-30
-19
-14
-17
-24
-29
-26
-22
-23
-29
-36
-37
-29
-15
-6
-11
-24
-36
-39
-28
-13
-3
-2
-10
-16
-14
-5
2
3
-3
-10
-11
-8
-1
5
2
-7
-16
-17
-12
-6
-2
-1
-6
-13
-12
-4
7
16
20
20
23
27
31
36
38
37
37
37
38
41
48
55
64
70
69
59
46
37
34
32
27
17
6
-5
-11
-9
-12
-21
-36
-51
-55
-46
-42
-47
-59
-73
-78
-73
-65
-63
-72
-87
-94
-87
-69
-52
-45
-46
-46
-40
-27
-11
1
2
1
5
24
50
74
85
80
66
54
58
71
83
83
64
41
34
46
67
81
71
46
25
22
37
53
54
35
12
-3
-1
13
24
24
15
6
4
9
14
20
19
7
-8
-24
-34
-35
-33
-31
-39
-54
-67
-70
-61
-48
-42
-49
-60
-66
-61
-54
-43
-37
-34
-31
-29
-28
-26
-20
-10
0
1
-4
-10
-5
13
36
48
42
27
23
39
71
97
103
86
69
66
79
96
97
77
51
34
36
53
67
66
49
27
12
12
17
22
18
1
-21
-39
-44
-37
-30
-32
-46
-63
-74
-69
-52
-36
-31
-40
-51
-55
-48
-34
-23
-23
-30
-36
-40
-38
-33
-30
-30
-32
-35
-34
-33
-36
-40
-45
-47
-45
-43
-39
-36
-32
-33
-38
-39
-37
-35
-30
-22
-16
-8
-1
3
10
20
31
41
43
45
49
53
62
68
63
52
43
40
43
43
43
35
27
24
23
22
17
10
6
7
6
3
-6
-16
-21
-21
-22
-27
-37
-43
-42
-35
-29
-35
-45
-52
-50
-41
-33
-34
-44
-51
-50
-47
-46
-54
-68
-75
-72
-62
-58
-63
-72
-73
-63
-46
-35
-41
-53
-61
-52
-33
-18
-15
-22
-29
-23
-3
20
35
37
33
34
42
59
75
83
82
75
72
74
82
92
88
75
60
51
55
64
70
60
36
14
6
13
22
20
5
-11
-17
-10
1
1
-9
-22
-25
-18
-9
-8
-14
-18
-12
6
22
28
26
28
38
57
71
71
59
53
62
78
92
94
80
64
62
74
90
93
81
63
52
52
58
57
47
27
8
0
3
8
7
-3
-15
-23
-23
-21
-22
-31
-42
-51
-51
-48
-43
-48
-58
-67
-71
-68
-66
-69
-76
-85
-92
-95
-96
-102
-110
-111
-107
-103
-106
-114
-118
-110
-91
-72
-71
-83
-94
-86
-58
-29
-18
-29
-43
-40
-13
21
39
33
17
12
24
47
64
64
56
47
48
55
58
59
54
49
44
35
24
15
9
10
10
6
-5
-15
-23
-26
-26
-26
-29
-34
-41
-50
-52
-47
-38
-32
-35
-45
-56
-52
-31
-8
5
-2
-19
-27
-13
13
32
32
14
-3
-2
18
45
58
51
38
30
36
53
67
70
66
59
56
61
69
75
77
73
67
59
51
49
51
54
52
47
36
25
20
21
23
23
15
2
-9
-16
-16
-18
-23
-35
-50
-60
-64
-59
-52
-51
-54
-60
-61
-58
-49
-40
-36
-35
-38
-38
-35
-31
-28
-28
-23
-15
-7
-5
-5
-5
2
19
30
34
25
19
27
45
59
57
36
12
9
28
47
47
22
-9
-24
-14
9
20
10
-14
-30
-28
-10
9
12
-1
-13
-13
2
23
36
41
37
30
32
42
49
54
55
51
47
40
32
28
24
23
16
-1
-24
-36
-35
-29
-28
-39
-56
-68
-66
-53
-44
-49
-60
-64
-60
-46
-37
-42
-48
-46
-36
-26
-26
-32
-28
-14
5
16
9
-2
-2
13
34
41
29
13
9
18
32
36
19
-1
-8
-2
8
8
-7
-24
-29
-25
-15
-13
-21
-25
-24
-17
-7
-4
-5
-7
-5
6
18
19
18
19
25
35
40
37
34
35
38
45
41
30
21
14
11
14
8
-8
-20
-28
-28
-23
-29
-42
-50
-52
-46
-40
-46
-53
-54
-50
-37
-30
-36
-41
-42
-30
-9
4
3
-4
-8
7
29
45
44
35
33
43
61
70
63
52
42
40
48
50
43
35
21
16
14
13
12
7
5
7
3
-1
1
1
6
9
5
1
-3
-1
5
10
10
7
-2
-1
8
15
21
15
2
-3
-4
8
17
8
2
-12
-17
-6
-7
-10
-18
-35
-32
-30
-30
-22
-34
-36
-31
-37
-28
-23
-25
-14
-15
-13
-8
-8
3
9
7
13
11
18
31
32
32
32
30
41
51
50
44
35
32
38
40
34
23
8
6
11
10
5
-13
-24
-22
-20
-11
-12
-27
-27
-26
-24
-12
-16
-17
-14
-19
-10
-9
-12
-4
-5
-6
-5
-16
-16
-12
-10
-6
-17
-26
-27
-25
-14
-10
-22
-29
-33
-29
-15
-11
-18
-22
-24
-14
-1
-1
0
-3
-1
14
19
21
20
13
20
25
20
19
7
2
9
1
-1
-6
-15
-11
-11
-13
-10
-21
-23
-13
-15
-12
-13
-22
-17
-13
-11
-7
-11
-14
-13
-14
-9
-7
-12
-14
-20
-21
-13
-15
-17
-26
-40
-42
-40
-40
-42
-54
-65
-66
-62
-54
-49
-57
-62
-58
-48
-31
-24
-25
-21
-16
-6
5
8
11
14
19
27
30
31
37
44
53
57
53
53
55
59
65
63
55
50
46
48
48
43
35
27
22
19
16
11
7
3
-2
-6
-12
-18
-22
-25
-30
-35
-46
-51
-54
-57
-54
-56
-58
-56
-59
-58
-51
-49
-40
-33
-32
-25
-24
-17
-2
7
14
19
15
24
40
52
