SAMPLES:	12801
BITSPERSAMPLE:	16
CHANNELS:	1
SAMPLERATE:	16000
NORMALIZED:	FALSE
-35
-34
-31
-28
-26
-23
-22
-17
-15
-8
-4
0
4
8
13
15
19
23
26
27
30
31
32
33
33
33
33
30
29
27
24
23
21
18
16
12
11
9
7
6
5
3
2
3
3
2
3
4
4
3
5
8
7
9
10
11
11
10
12
10
7
7
6
3
1
-2
-4
-7
-9
-13
-16
-20
-22
-25
-27
-28
-32
-34
-36
-37
-38
-38
-39
-38
-37
-36
-37
-34
-33
-31
-28
-25
-23
-21
-17
-14
-12
-10
-7
-4
-3
-1
-1
0
2
3
4
5
4
4
5
3
5
6
7
8
9
12
12
13
16
18
19
22
25
26
28
32
34
35
38
39
41
41
43
45
46
46
45
44
41
39
35
33
31
26
23
19
14
11
7
4
1
-1
-3
-6
-7
-8
-6
-7
-7
-6
-5
-3
-2
-1
1
3
4
5
6
6
6
6
6
6
6
4
3
2
-1
-3
-5
-7
-10
-12
-16
-16
-18
-20
-21
-24
-25
-26
-28
-29
-29
-29
-28
-27
-25
-25
-24
-23
-22
-20
-18
-17
-15
-14
-12
-11
-11
-8
-7
-6
-4
-2
-1
0
0
0
1
2
2
1
2
1
2
1
0
1
1
0
0
0
0
1
1
3
2
4
3
2
4
5
6
7
7
8
8
9
10
11
12
12
13
13
14
15
15
16
15
14
14
13
12
12
11
10
9
8
6
5
4
4
3
2
0
-1
-2
-3
-2
-1
-3
-4
-4
-4
-4
-5
-3
-1
-2
-1
0
-2
-1
-1
-1
1
1
0
0
-1
0
1
1
1
0
0
0
0
-1
-1
-2
-4
-6
-9
-10
-11
-11
-13
-14
-15
-16
-17
-18
-19
-18
-18
-19
-17
-18
-17
-14
-14
-14
-14
-13
-11
-11
-9
-7
-6
-5
-5
-3
-3
-2
-1
2
2
3
4
5
6
6
7
8
8
8
7
5
5
5
5
4
4
3
2
2
2
2
1
1
1
0
1
2
3
3
4
5
6
7
7
8
10
10
12
13
14
15
16
15
15
16
14
12
11
9
6
4
2
-1
-4
-7
-10
-13
-16
-20
-23
-25
-27
-28
-29
-32
-31
-31
-32
-30
-29
-26
-24
-22
-18
-14
-12
-8
-7
-3
0
2
5
7
8
9
9
10
11
11
13
12
11
10
9
6
4
4
3
2
-2
-2
-3
-3
-4
-5
-4
-4
-4
-1
0
2
4
6
9
10
14
15
18
19
22
24
23
27
28
29
28
28
29
27
26
24
23
20
19
16
13
10
7
4
1
-2
-4
-7
-8
-11
-12
-13
-14
-14
-14
-12
-10
-9
-7
-4
-1
2
5
9
12
15
18
20
22
25
26
26
28
28
29
29
28
28
26
24
22
18
14
11
9
6
3
0
-3
-6
-10
-13
-14
-15
-18
-18
-19
-20
-21
-21
-19
-19
-18
-18
-17
-16
-14
-12
-12
-9
-9
-9
-8
-8
-7
-6
-5
-4
-6
-8
-8
-9
-9
-9
-9
-10
-10
-10
-10
-10
-7
-5
-5
-4
-3
-3
-3
1
3
4
5
5
5
6
7
8
10
11
11
12
13
13
14
14
16
15
14
14
13
13
13
15
14
14
14
13
13
13
12
11
11
10
9
7
4
4
2
1
-3
-6
-8
-12
-15
-17
-20
-22
-25
-27
-30
-32
-33
-35
-35
-36
-37
-37
-36
-36
-34
-33
-32
-30
-28
-27
-26
-23
-22
-21
-20
-19
-19
-17
-18
-17
-18
-20
-19
-21
-22
-24
-25
-27
-27
-29
-29
-28
-28
-27
-24
-22
-20
-16
-13
-10
-6
-1
4
9
14
19
24
29
35
39
43
46
48
52
53
53
55
54
53
52
50
47
43
40
36
32
27
22
18
13
8
5
2
-2
-3
-6
-8
-11
-12
-12
-13
-13
-12
-13
-12
-12
-11
-9
-9
-8
-9
-10
-9
-9
-9
-10
-11
-12
-12
-14
-15
-16
-16
-18
-18
-19
-19
-18
-18
-18
-18
-17
-17
-16
-14
-11
-9
-7
-5
-3
-1
2
3
6
8
11
12
14
14
15
15
15
15
14
13
12
12
11
10
9
9
9
9
8
8
8
8
8
9
8
7
7
7
5
5
4
1
-1
-2
-3
-4
-5
-7
-7
-7
-8
-8
-9
-7
-7
-6
-5
-4
-2
0
0
3
4
6
9
8
9
12
14
16
19
20
21
22
22
24
25
25
25
24
22
19
17
15
11
9
6
2
0
-3
-6
-8
-10
-11
-12
-14
-15
-16
-16
-16
-16
-16
-16
-16
-16
-16
-15
-15
-14
-13
-13
-14
-12
-12
-10
-10
-7
-6
-4
-2
0
2
4
6
8
11
13
15
16
17
18
19
20
21
20
22
20
19
18
17
19
19
19
16
15
16
15
15
14
12
10
8
7
5
3
2
2
2
0
1
1
2
4
5
6
7
9
9
10
10
11
12
11
10
10
10
9
8
6
4
4
2
0
0
-2
-2
-2
-3
-4
-4
-4
-3
-3
-3
-3
-3
-1
-1
-2
-1
0
2
3
4
5
6
5
7
8
8
9
10
9
8
7
6
4
2
0
-3
-6
-9
-13
-17
-20
-23
-27
-29
-31
-33
-33
-34
-35
-35
-36
-36
-35
-33
-33
-31
-30
-28
-26
-23
-21
-19
-16
-13
-12
-8
-6
-4
-3
-2
1
3
3
3
2
2
1
0
-1
-1
-2
-2
-4
-5
-6
-7
-8
-9
-10
-10
-9
-9
-9
-6
-5
-4
-3
-1
0
2
5
6
8
9
11
13
13
14
15
15
15
15
14
14
13
14
14
12
12
11
11
10
7
6
5
4
4
2
1
0
-1
-2
-2
-3
-5
-5
-6
-6
-7
-8
-8
-6
-6
-5
-4
-4
-2
-1
0
0
1
2
2
2
2
1
2
1
0
-1
-1
-2
-5
-4
-5
-5
-6
-5
-4
-3
-3
-3
-2
-1
-1
1
1
3
5
5
6
8
9
10
11
11
13
14
15
15
15
16
15
14
13
11
10
7
3
-1
-2
-6
-9
-12
-16
-17
-19
-21
-21
-22
-22
-20
-18
-16
-15
-14
-11
-10
-9
-7
-6
-4
-3
-3
-3
-2
-2
-1
-2
-1
-1
-1
-1
-2
0
0
0
0
0
0
0
1
1
2
4
4
6
7
8
11
13
16
20
23
26
29
32
35
37
38
41
42
42
42
42
40
38
36
33
30
27
23
20
19
15
12
9
6
4
2
-1
-1
-4
-7
-8
-10
-10
-12
-13
-12
-12
-12
-11
-9
-10
-9
-8
-6
-4
0
3
3
4
1
1
0
-1
-2
-4
-4
-7
-9
-13
-18
-21
-23
-24
-24
-24
-24
-24
-26
-27
-28
-30
-29
-28
-26
-22
-21
-18
-19
-22
-22
-21
-19
-15
-12
-8
-3
-2
-1
0
0
3
5
8
12
15
20
25
27
29
27
26
26
27
29
29
26
20
18
19
21
22
16
6
-2
-4
-2
3
8
10
11
16
27
38
44
40
35
39
59
92
126
145
148
142
138
142
150
153
152
152
160
177
195
190
160
110
63
34
31
43
45
31
3
-28
-55
-83
-119
-160
-193
-205
-188
-157
-133
-138
-172
-217
-249
-254
-239
-216
-195
-176
-158
-139
-129
-134
-159
-188
-200
-180
-130
-74
-34
-22
-35
-55
-70
-72
-65
-52
-30
4
43
77
89
73
38
3
-12
3
40
80
108
117
110
94
71
51
33
28
40
70
109
138
143
120
82
45
27
31
56
85
109
124
126
115
91
58
27
9
13
38
72
93
90
64
25
-13
-39
-52
-50
-40
-26
-13
-7
-20
-49
-91
-129
-150
-149
-130
-103
-87
-84
-95
-115
-139
-158
-169
-165
-149
-121
-87
-65
-57
-65
-78
-90
-91
-74
-45
-11
18
42
57
59
52
44
38
41
56
80
102
115
117
105
88
69
58
52
54
62
71
79
79
69
54
37
22
15
19
29
39
45
46
40
29
18
9
4
6
13
20
27
27
21
8
-8
-21
-27
-29
-28
-24
-23
-28
-36
-46
-54
-60
-64
-62
-56
-49
-41
-35
-35
-38
-43
-46
-44
-36
-25
-14
-6
-1
-1
-3
-5
-7
-5
-1
3
11
19
22
20
16
9
5
4
8
18
26
31
33
32
29
26
24
25
28
32
40
49
54
52
47
37
30
29
35
43
48
47
43
39
35
29
21
13
9
13
23
32
34
28
16
4
2
5
13
19
22
26
29
32
30
22
10
0
1
12
24
32
28
16
2
-8
-14
-17
-21
-23
-25
-21
-18
-19
-29
-45
-61
-67
-63
-51
-38
-33
-31
-34
-36
-38
-41
-42
-40
-33
-21
-8
2
5
0
-8
-16
-19
-16
-10
0
8
11
13
7
1
-6
-10
-11
-7
0
7
15
19
18
12
5
0
-3
0
10
19
25
26
23
17
13
9
7
7
9
13
20
27
28
25
19
11
7
8
12
17
18
19
19
18
15
10
2
-4
-7
-7
-4
-5
-7
-11
-17
-26
-32
-39
-43
-45
-46
-43
-43
-43
-44
-47
-50
-52
-54
-53
-51
-44
-37
-31
-27
-26
-27
-27
-26
-22
-17
-14
-12
-9
-4
-1
-1
-4
-10
-13
-13
-7
-1
3
5
4
4
5
8
12
12
13
16
21
28
34
37
38
35
34
36
38
41
42
43
42
42
44
43
41
34
27
22
19
20
23
23
19
14
7
1
-4
-9
-14
-16
-18
-20
-18
-19
-22
-29
-39
-48
-52
-50
-46
-41
-39
-41
-47
-52
-53
-53
-53
-52
-51
-46
-37
-30
-26
-29
-34
-36
-33
-26
-15
-7
-3
-3
-4
-3
-1
2
4
5
7
13
21
26
26
23
17
15
19
27
33
36
33
30
29
30
31
32
33
32
34
38
40
41
37
32
29
28
31
36
37
33
28
20
16
13
12
12
10
7
5
4
3
-1
-8
-15
-18
-17
-12
-9
-9
-13
-19
-22
-22
-18
-17
-15
-14
-14
-11
-6
-4
-7
-11
-16
-14
-10
-5
-2
-4
-9
-12
-12
-10
-9
-9
-11
-13
-9
-4
2
5
5
6
10
16
22
27
29
31
33
40
45
51
54
53
51
49
49
49
49
48
47
44
41
36
31
26
19
12
6
2
2
1
-1
-5
-11
-18
-23
-23
-22
-21
-20
-19
-18
-15
-13
-13
-14
-17
-17
-13
-5
1
6
4
1
-1
-2
-1
1
0
-2
-2
0
2
2
-3
-12
-19
-20
-17
-14
-13
-16
-20
-24
-25
-24
-24
-27
-29
-27
-22
-15
-11
-10
-12
-13
-11
-4
4
11
15
17
19
23
26
26
25
23
24
29
34
36
36
32
25
21
19
17
16
14
14
14
16
16
12
6
0
-4
-4
-3
0
2
2
1
1
-2
-7
-11
-13
-13
-13
-12
-12
-13
-17
-22
-28
-31
-34
-36
-37
-36
-36
-37
-38
-42
-45
-47
-46
-44
-42
-39
-35
-34
-33
-33
-30
-28
-25
-23
-17
-13
-10
-9
-9
-9
-8
-5
-1
3
4
7
6
5
4
4
5
7
9
12
16
15
12
5
2
-1
-1
2
7
10
8
4
-2
-6
-9
-14
-15
-12
-7
-1
0
-4
-9
-15
-19
-19
-18
-13
-9
-4
-1
-3
-8
-15
-21
-23
-20
-15
-8
-3
-3
-9
-16
-22
-24
-25
-26
-25
-21
-16
-14
-15
-19
-24
-27
-28
-23
-15
-7
-3
-1
0
1
3
5
7
13
18
27
32
37
39
37
36
37
42
46
51
52
52
51
48
44
41
40
41
41
42
43
41
38
31
24
21
19
21
24
25
24
22
18
15
10
7
7
7
10
13
13
12
10
6
1
-2
-5
-3
0
0
-1
-2
-5
-9
-13
-18
-20
-20
-19
-18
-17
-16
-19
-22
-24
-24
-24
-22
-20
-17
-14
-12
-10
-9
-10
-9
-7
-4
1
5
6
8
9
10
11
12
14
15
16
17
17
17
16
15
16
16
17
18
18
18
15
14
12
9
7
8
9
11
12
12
11
9
7
6
5
5
4
6
6
8
8
7
6
4
2
2
4
6
9
9
9
10
9
7
5
3
1
3
4
7
7
6
4
2
-1
-2
-4
-4
-2
0
4
6
9
7
6
3
0
2
5
8
12
12
12
13
11
8
6
2
2
3
5
8
9
7
2
-4
-8
-11
-14
-13
-12
-12
-11
-12
-15
-21
-27
-33
-38
-39
-38
-35
-36
-37
-39
-41
-44
-46
-49
-48
-46
-41
-37
-33
-30
-29
-29
-27
-24
-22
-16
-10
-6
0
6
8
7
7
7
8
11
13
15
16
14
14
12
8
5
1
0
-1
1
3
1
-2
-5
-8
-11
-10
-9
-9
-8
-7
-7
-6
-7
-9
-11
-10
-8
-5
0
2
1
0
-1
-2
-2
-2
-1
-2
-1
0
1
-1
-4
-6
-8
-10
-8
-6
-6
-5
-6
-8
-9
-10
-11
-12
-12
-12
-10
-9
-8
-8
-8
-9
-9
-9
-8
-6
-6
-6
-7
-8
-8
-7
-5
-5
-4
-5
-5
-6
-8
-7
-8
-8
-6
-5
-2
-1
-2
-2
-3
-2
0
4
8
12
11
13
12
13
12
12
14
16
19
23
25
23
20
14
10
10
11
12
13
14
13
10
7
2
-4
-7
-8
-6
-4
-3
-1
-3
-9
-11
-14
-14
-13
-9
-5
-1
1
2
3
0
-1
-3
-1
3
8
12
14
15
13
9
8
7
7
8
9
11
13
14
11
9
6
4
5
7
10
11
12
12
12
11
11
11
11
12
13
15
17
20
20
18
16
16
17
17
18
19
20
20
20
18
18
16
14
13
13
15
16
16
16
15
13
11
11
11
12
13
14
15
16
15
14
12
11
11
14
17
18
20
19
19
18
16
16
14
15
16
20
21
22
21
19
17
16
17
17
18
18
17
15
14
12
7
4
-1
-3
-3
-4
-5
-8
-13
-17
-21
-25
-28
-30
-33
-35
-35
-35
-35
-37
-39
-40
-41
-39
-35
-31
-28
-27
-25
-22
-18
-16
-13
-11
-9
-4
0
4
7
6
6
7
8
9
9
7
5
2
0
-1
-4
-6
-7
-9
-11
-11
-13
-15
-16
-19
-17
-15
-13
-11
-9
-8
-6
-3
-1
1
3
6
10
15
17
20
18
18
15
15
14
12
11
8
8
4
0
-7
-12
-18
-23
-27
-30
-32
-34
-37
-41
-43
-46
-46
-46
-46
-44
-41
-38
-35
-33
-33
-32
-28
-25
-21
-17
-14
-11
-8
-6
-4
-5
-5
-6
-7
-7
-7
-7
-9
-12
-15
-18
-23
-28
-32
-35
-38
-39
-42
-45
-47
-50
-54
-55
-54
-54
-53
-52
-49
-45
-41
-36
-31
-27
-22
-17
-11
-3
4
11
17
23
29
33
38
43
47
51
56
59
59
60
60
59
57
55
53
50
46
43
39
36
31
27
23
18
14
12
8
6
5
4
3
3
4
5
6
7
8
10
13
15
16
17
17
18
19
20
19
18
16
14
12
10
8
3
0
-3
-6
-10
-13
-17
-21
-24
-27
-28
-31
-32
-31
-31
-31
-29
-27
-23
-20
-15
-11
-7
-3
1
7
11
15
21
25
30
37
39
42
43
45
47
47
49
47
47
45
44
44
40
38
33
29
27
24
23
20
17
15
12
10
8
6
3
3
2
3
5
6
7
8
10
12
13
15
18
20
23
24
25
25
26
26
25
25
24
24
23
21
20
17
13
8
5
2
-1
-4
-6
-10
-13
-15
-16
-18
-21
-23
-23
-21
-20
-21
-21
-20
-19
-18
-16
-13
-11
-9
-8
-6
-5
-2
-1
1
2
2
3
4
5
5
3
-1
-3
-4
-8
-8
-10
-13
-16
-20
-24
-26
-29
-31
-34
-36
-36
-36
-37
-37
-36
-38
-39
-37
-37
-31
-29
-25
-23
-19
-13
-11
-11
-7
0
2
11
14
20
22
24
25
31
34
34
31
31
35
32
34
29
32
29
26
28
27
28
28
33
37
36
37
37
27
28
23
19
23
16
11
10
9
8
4
1
8
-2
1
10
4
3
1
-13
-9
-3
-6
0
-14
-8
-12
-12
-20
-27
-35
-35
-30
-35
-40
-43
-50
-53
-64
-66
-57
-70
-63
-63
-60
-63
-60
-59
-68
-53
-54
-48
-47
-40
-34
-35
-30
-30
-45
-45
-46
-36
-26
-14
-9
-5
-3
-6
-6
-11
-25
-42
-35
-37
-24
-18
-10
-10
-16
-22
-31
-30
-26
-26
-8
4
15
13
1
-12
-31
-43
-49
-38
-14
7
25
26
32
21
1
-25
-44
-30
-20
10
47
240
229
54
-74
-83
-7
-124
-195
-114
120
200
111
55
-9
40
-47
-151
-132
12
122
125
117
89
98
17
-161
-170
-105
216
1003
853
308
-188
-156
239
-136
-800
-525
328
587
539
339
731
802
-3
-404
-151
172
285
499
902
1267
1009
421
255
96
-449
-834
-945
-620
-239
-320
-166
47
24
-333
-679
-693
-674
-799
-961
-558
33
392
497
272
278
262
-62
-423
-657
-574
-456
-475
-381
-219
-142
-284
-416
-456
-485
-594
-797
-756
-631
-440
-235
-119
-41
-19
6
-8
133
207
120
61
18
145
227
226
378
560
491
219
-33
-20
68
-93
-321
-239
-55
-78
-116
-18
99
101
-141
-280
-145
-27
-5
31
119
177
178
132
235
411
426
284
168
168
238
214
107
181
422
637
805
881
833
731
510
179
-46
-77
-22
120
304
563
879
1037
997
891
683
365
43
-182
-118
90
249
347
411
501
518
325
-41
-285
-414
-547
-655
-549
-241
73
152
68
23
-90
-279
-496
-631
-577
-495
-461
-389
-266
-133
-155
-281
-446
-609
-752
-884
-936
-889
-760
-683
-630
-608
-656
-670
-757
-1000
-1224
-1376
-1479
-1470
-1415
-1313
-1205
-1274
-1410
-1529
-1769
-2023
-2178
-2215
-2130
-1962
-1720
-1333
-977
-629
-8
835
1764
2562
3119
3511
3707
3540
3127
2785
2561
2451
2329
2231
2326
2376
2123
1643
1050
430
-208
-814
-1160
-1120
-983
-876
-816
-758
-577
-421
-332
-223
-67
-6
25
91
333
767
1202
1497
1656
1706
1598
1389
1078
750
425
123
-91
-168
-126
114
520
832
878
689
453
206
112
-64
-81
232
493
769
912
1083
1256
1217
827
383
175
3
3
53
268
575
529
254
-62
-296
-545
-764
-1056
-1236
-1227
-1381
-1393
-1338
-1197
-1016
-1059
-1156
-1205
-1192
-1284
-1320
-1332
-1316
-1223
-1267
-1138
-914
-748
-707
-842
-1044
-1220
-1344
-1534
-1581
-1581
-1613
-1651
-1793
-1876
-1882
-1969
-2166
-2371
-2590
-2754
-2818
-2770
-2541
-2180
-1839
-1175
-25
1508
3069
4168
4846
5050
4813
4029
3169
2643
2457
2451
2295
2427
2784
3038
2794
1982
1076
38
-938
-1818
-2115
-1728
-1363
-1190
-1226
-960
-462
-43
221
352
525
402
188
177
627
1387
1937
2244
2330
2436
2375
2066
1594
983
417
-268
-798
-973
-808
-558
-586
-791
-1088
-1215
-1303
-1346
-1249
-1167
-1085
-1133
-1002
-560
56
628
960
1200
1256
1315
1365
1440
1516
1442
1311
1072
995
914
887
805
530
226
-229
-460
-616
-660
-775
-952
-1048
-1177
-1055
-862
-449
-101
65
141
152
309
412
576
662
731
778
675
666
635
634
492
228
30
-213
-449
-688
-850
-1067
-1372
-1700
-2021
-2138
-2218
-2241
-2225
-2155
-1995
-1936
-1822
-1652
-1515
-1472
-1478
-1463
-1510
-1634
-1688
-1568
-1423
-1390
-1397
-1308
-1199
-1219
-1347
-1524
-1763
-1959
-2033
-1941
-1682
-1260
-613
291
1346
2340
3152
3644
3842
3731
3288
2845
2567
2522
2586
2658
2862
3158
3373
3156
2647
1974
1195
389
-466
-938
-1051
-1058
-1140
-1240
-1059
-721
-389
-269
-205
-142
-243
-402
-522
-261
238
704
1061
1409
1914
2217
2278
2063
1723
1326
718
180
-98
-54
-23
-128
-288
-390
-408
-574
-764
-919
-1109
-1391
-1700
-1820
-1663
-1310
-945
-562
-167
183
451
610
723
808
795
673
563
633
813
1027
1172
1205
1203
1081
863
616
378
86
-248
-596
-836
-816
-672
-480
-269
-142
-108
-171
-289
-334
-311
-258
-172
-50
94
254
391
430
397
314
190
8
-127
-218
-270
-311
-461
-581
-658
-791
-946
-1053
-1086
-1025
-1067
-1243
-1353
-1360
-1242
-1111
-1000
-840
-711
-704
-759
-754
-788
-877
-1029
-1129
-1099
-1062
-1048
-1125
-1177
-1238
-1326
-1398
-1481
-1500
-1567
-1721
-1905
-1994
-1968
-1879
-1740
-1451
-860
17
1056
2018
2859
3423
3718
3655
3241
2876
2641
2628
2591
2609
2827
3172
3415
3164
2706
2056
1311
456
-407
-818
-950
-1024
-1241
-1339
-1112
-759
-423
-332
-180
-74
-172
-332
-449
-156
244
588
824
1191
1761
2147
2354
2234
2052
1693
1128
618
269
233
139
-27
-280
-438
-451
-571
-708
-895
-1064
-1286
-1528
-1597
-1385
-943
-526
-154
208
556
844
985
1037
1014
917
688
511
549
733
952
989
900
701
443
58
-376
-728
-1070
-1340
-1631
-1744
-1607
-1329
-1049
-847
-618
-441
-276
-227
-167
-10
70
117
137
296
556
783
865
772
657
449
258
69
-67
-121
-236
-383
-587
-707
-837
-1009
-1217
-1432
-1518
-1571
-1487
-1335
-1151
-1009
-938
-919
-973
-1016
-1162
-1299
-1426
-1499
-1490
-1424
-1256
-1104
-1017
-1079
-1259
-1527
-1900
-2287
-2609
-2763
-2719
-2509
-2174
-1761
-1181
-249
1025
2400
3578
4429
4892
4972
4566
3837
3199
2859
2785
2715
2751
3004
3359
3351
2713
1775
770
-161
-1063
-1752
-1862
-1597
-1387
-1432
-1395
-1023
-480
-89
3
139
244
200
87
207
818
1584
2178
2492
2799
3071
3041
2634
1917
1184
468
-192
-611
-629
-354
-174
-264
-563
-843
-1027
-1245
-1444
-1619
-1728
-1768
-1743
-1490
-971
-295
244
571
767
923
1027
955
832
677
565
457
363
489
692
829
667
278
-142
-478
-719
-987
-1093
-1111
-1036
-934
-798
-449
-49
281
382
389
411
429
440
381
423
501
587
641
704
811
793
645
280
-92
-382
-632
-810
-967
-1075
-1201
-1348
-1518
-1607
-1617
-1639
-1636
-1635
-1539
-1333
-1144
-1000
-911
-871
-905
-1034
-1193
-1307
-1362
-1430
-1479
-1445
-1360
-1260
-1293
-1447
-1685
-1970
-2246
-2519
-2646
-2641
-2489
-2251
-1939
-1561
-1244
-836
-57
1279
2911
4323
5300
5852
5999
5590
4624
3631
3012
2767
2507
2262
2364
2739
2912
2321
1364
420
-403
-1213
-1882
-1942
-1587
-1220
-1203
-1102
-550
216
853
1083
1155
1145
976
703
643
1027
1530
1891
1941
1931
1989
1832
1397
699
-54
-769
-1329
-1608
-1536
-1191
-929
-850
-952
-1058
-1046
-998
-989
-1058
-1096
-1059
-865
-494
30
622
1033
1235
1210
1189
1236
1271
1255
1080
964
803
778
729
691
726
531
307
-87
-301
-423
-488
-592
-798
-738
-704
-472
-232
54
397
502
512
374
411
441
457
492
436
555
558
569
519
371
162
-236
-564
-918
-1066
-1204
-1318
-1371
-1503
-1548
-1699
-1781
-1867
-1900
-1851
-1778
-1588
-1403
-1193
-1065
-1029
-1086
-1212
-1279
-1343
-1372
-1446
-1513
-1500
-1489
-1419
-1457
-1494
-1597
-1687
-1761
-1801
-1722
-1725
-1685
-1826
-1875
-1858
-1684
-1433
-1238
-842
-127
1365
3110
4765
5929
6499
6544
5878
4747
3539
2892
2523
2225
1967
1939
2345
2596
2362
1665
836
-91
-1106
-1910
-2270
-2048
-1721
-1494
-1130
-460
451
1132
1455
1375
1094
679
221
113
366
921
1388
1662
1767
1793
1769
1443
885
103
-642
-1174
-1479
-1472
-1253
-856
-565
-448
-443
-454
-396
-480
-667
-888
-899
-720
-380
80
577
1092
1423
1636
1707
1752
1651
1452
1120
793
577
399
442
470
560
480
323
39
-282
-565
-929
-1069
-1206
-1104
-898
-613
-260
48
354
474
584
546
500
451
362
387
384
429
449
444
376
181
-62
-372
-636
-905
-1152
-1331
-1446
-1462
-1516
-1556
-1596
-1630
-1634
-1664
-1650
-1602
-1528
-1466
-1410
-1347
-1305
-1256
-1258
-1296
-1333
-1363
-1394
-1455
-1513
-1558
-1571
-1578
-1581
-1557
-1512
-1481
-1496
-1520
-1583
-1665
-1698
-1651
-1506
-1303
-1078
-852
-634
-380
248
1435
2947
4336
5271
5769
5837
5463
4607
3669
2965
2444
1994
1538
1421
1658
1957
1908
1510
1003
385
-273
-982
-1430
-1551
-1476
-1301
-1008
-338
512
1291
1682
1675
1538
1320
1121
913
877
1002
1156
1287
1334
1520
1682
1624
1208
525
-122
-661
-1059
-1359
-1426
-1300
-1115
-943
-805
-585
-366
-306
-400
-540
-629
-570
-451
-313
-73
233
634
1052
1367
1510
1553
1393
1010
618
172
-18
-93
-152
-156
-132
-35
-87
-138
-372
-493
-590
-753
-760
-725
-464
-216
123
383
655
918
987
1049
923
804
624
462
312
180
145
1
-120
-285
-429
-528
-658
-791
-944
-1032
-1190
-1329
-1431
-1498
-1448
-1458
-1466
-1462
-1420
-1387
-1376
-1338
-1308
-1243
-1262
-1299
-1311
-1335
-1351
-1421
-1458
-1497
-1520
-1558
-1652
-1700
-1784
-1791
-1773
-1705
-1549
-1385
-1236
-1205
-1234
-1292
-1233
-1113
-995
-836
-672
-504
-322
2
725
1916
3192
4237
4945
5375
5499
5288
4738
4105
3542
2898
2234
1649
1387
1392
1461
1388
1210
1033
735
362
-81
-455
-722
-912
-1011
-987
-723
-320
189
722
1181
1610
1916
2010
1866
1600
1318
1084
885
659
522
416
286
141
-4
-84
-180
-368
-691
-1052
-1374
-1645
-1799
-1873
-1826
-1662
-1402
-1093
-767
-429
-109
209
425
568
703
864
996
1101
1170
1216
1274
1217
1116
962
825
661
459
200
-121
-361
-603
-727
-784
-745
-617
-480
-362
-319
-213
-86
81
195
241
291
337
385
408
479
567
610
564
416
234
30
-211
-462
-685
-860
-1017
-1134
-1227
-1285
-1290
-1303
-1315
-1340
-1363
-1410
-1433
-1431
-1379
-1259
-1140
-1025
-928
-861
-837
-828
-861
-925
-988
-1055
-1105
-1124
-1147
-1124
-1060
-977
-894
-873
-896
-988
-1075
-1179
-1222
-1197
-1125
-997
-881
-711
-554
-373
-240
-138
-64
-57
-20
75
400
880
1454
2010
2518
3019
3426
3755
3885
3884
3725
3418
3040
2630
2340
2137
2038
1921
1822
1756
1662
1569
1379
1170
907
603
229
-144
-421
-613
-671
-705
-684
-635
-563
-518
-495
-467
-450
-413
-413
-400
-358
-267
-160
-22
106
179
197
124
19
-100
-210
-306
-355
-380
-398
-386
-380
-346
-329
-337
-336
-316
-304
-314
-307
-278
-200
-123
-66
19
117
206
237
210
154
108
83
63
84
145
233
315
390
467
533
564
516
435
333
213
97
2
-60
-105
-151
-216
-244
-236
-201
-166
-178
-223
-303
-362
-412
-413
-379
-328
-235
-122
20
146
251
302
313
281
199
99
-30
-159
-307
-448
-564
-649
-677
-674
-651
-649
-659
-673
-680
-668
-660
-641
-629
-633
-631
-603
-556
-477
-384
-294
-195
-118
-72
-54
-65
-98
-127
-154
-188
-198
-183
-141
-90
-69
-64
-54
-40
-47
-57
-67
-83
-78
-87
-89
-91
-98
-93
-67
-29
-16
2
22
73
150
221
307
396
495
600
697
779
832
877
902
942
997
1073
1177
1270
1356
1412
1439
1437
1409
1360
1295
1218
1118
1026
949
905
886
872
852
824
786
723
651
556
456
323
177
40
-58
-101
-141
-168
-218
-285
-374
-478
-547
-585
-581
-578
-572
-584
-615
-636
-639
-594
-502
-392
-275
-147
-29
51
78
64
27
-20
-99
-181
-230
-280
-342
-455
-576
-681
-752
-799
-833
-832
-846
-858
-876
-861
-793
-679
-525
-368
-191
-36
104
215
280
325
365
407
430
447
444
436
406
321
219
117
34
-33
-81
-109
-94
-50
8
90
151
181
172
143
119
106
78
34
-1
-43
-68
-89
-113
-121
-128
-145
-175
-210
-242
-242
-240
-265
-291
-336
-370
-407
-432
-454
-473
-496
-538
-534
-515
-478
-461
-456
-444
-439
-452
-522
-572
-607
-618
-617
-611
-553
-453
-336
-265
-213
-183
-161
-138
-130
-100
-57
12
101
220
347
461
582
700
860
1033
1204
1364
1489
1607
1697
1786
1843
1883
1900
1872
1814
1701
1571
1429
1290
1166
1075
1024
978
941
887
809
709
556
390
246
141
56
-14
-62
-90
-79
-69
-50
-17
26
52
53
31
-14
-62
-127
-198
-260
-324
-413
-507
-602
-693
-767
-851
-939
-1017
-1070
-1099
-1090
-1054
-1006
-942
-883
-820
-749
-680
-609
-533
-449
-373
-292
-207
-107
-9
67
116
125
122
84
33
-41
-124
-202
-274
-328
-376
-389
-384
-340
-278
-198
-108
-35
38
89
149
195
238
286
338
388
402
409
392
362
322
284
284
288
285
256
220
182
121
79
59
71
74
36
-45
-150
-263
-380
-437
-448
-429
-407
-399
-397
-406
-445
-520
-589
-654
-709
-758
-791
-799
-765
-710
-669
-651
-683
-727
-770
-803
-831
-840
-811
-748
-637
-497
-341
-180
-36
87
204
311
409
510
624
758
920
1091
1273
1469
1641
1776
1835
1828
1769
1689
1609
1537
1500
1470
1465
1460
1459
1460
1451
1423
1368
1309
1224
1138
1050
970
909
847
795
760
746
733
733
725
682
590
442
283
125
-24
-174
-295
-389
-471
-552
-649
-742
-827
-895
-968
-1026
-1071
-1112
-1142
-1175
-1197
-1196
-1177
-1158
-1123
-1075
-1013
-928
-840
-744
-648
-586
-563
-563
-573
-575
-564
-567
-585
-593
-589
-552
-502
-447
-383
-306
-232
-173
-126
-98
-60
-23
12
51
103
156
195
225
239
258
266
257
257
263
269
262
252
246
255
262
247
240
213
188
163
153
158
160
153
137
137
115
97
71
40
3
-65
-147
-226
-270
-303
-326
-367
-413
-448
-478
-508
-548
-581
-627
-674
-750
-844
-934
-1008
-1052
-1056
-1017
-953
-866
-776
-683
-590
-498
-405
-301
-189
-77
44
161
292
425
551
667
770
861
933
1014
1097
1209
1326
1440
1557
1662
1759
1816
1840
1828
1819
1804
1775
1740
1683
1643
1588
1533
1463
1402
1356
1303
1254
1159
1060
930
802
664
535
430
317
215
68
-70
-217
-350
-474
-598
-696
-802
-882
-966
-1009
-1036
-1059
-1070
-1088
-1083
-1086
-1072
-1048
-995
-935
-883
-826
-770
-692
-621
-552
-495
-442
-408
-406
-432
-473
-504
-531
-543
-536
-492
-423
-350
-292
-257
-233
-230
-238
-256
-254
-240
-222
-207
-202
-167
-122
-78
-62
-51
-46
-49
-61
-80
-54
-6
46
83
115
151
180
207
219
247
263
269
271
267
281
291
301
291
281
257
224
194
152
121
78
25
-45
-107
-152
-178
-182
-203
-219
-253
-288
-321
-355
-387
-436
-492
-559
-604
-636
-647
-635
-611
-573
-555
-539
-522
-487
-445
-407
-359
-308
-235
-163
-88
-20
37
94
158
243
342
465
598
726
833
930
1020
1085
1127
1138
1144
1145
1145
1154
1183
1231
1269
1290
1299
1325
1361
1387
1397
1378
1329
1252
1157
1069
997
923
843
757
671
586
504
417
324
212
72
-70
-206
-309
-383
-430
-465
-497
-519
-529
-522
-525
-547
-600
-669
-733
-778
-775
-731
-656
-584
-528
-498
-499
-518
-567
-620
-680
-733
-769
-769
-718
-635
-531
-445
-374
-329
-309
-308
-312
-308
-313
-315
-306
-262
-204
-162
-137
-122
-120
-151
-209
-275
-323
-350
-371
-376
-363
-334
-303
-263
-220
-174
-130
-97
-62
-22
28
74
120
165
220
285
340
388
414
436
445
441
436
436
447
445
431
388
325
245
159
80
7
-61
-130
-186
-228
-259
-293
-335
-381
-431
-474
-507
-522
-525
-515
-501
-481
-461
-443
-425
-416
-416
-429
-435
-432
-418
-393
-358
-305
-255
-203
-141
-51
63
155
228
283
352
436
527
624
725
831
911
978
1037
1107
1192
1267
1328
1364
1381
1379
1367
1354
1331
1296
1237
1161
1082
1000
915
822
733
650
569
489
408
336
267
196
117
38
-27
-72
-96
-108
-110
-111
-122
-145
-171
-194
-210
-228
-252
-277
-300
-331
-380
-437
-492
-530
-549
-556
-554
-543
-527
-525
-524
-526
-514
-483
-452
-417
-383
-346
-319
-306
-299
-288
-265
-246
-223
-196
-170
-157
-174
-206
-248
-292
-340
-389
-420
-431
-422
-413
-404
-396
-385
-360
-332
-293
-252
-207
-167
-132
-109
-99
-83
-70
-48
-25
3
33
63
98
124
155
168
175
169
148
119
92
87
77
63
31
2
-22
-55
-94
-128
-136
-139
-136
-130
-105
-70
-55
-58
-65
-59
-67
-89
-139
-194
-245
-302
-346
-369
-363
-355
-355
-360
-350
-321
-296
-272
-239
-189
-122
-45
53
168
288
389
474
565
666
761
840
908
964
1001
1011
998
981
964
946
924
898
872
842
806
764
728
704
679
650
623
598
569
527
475
422
366
316
283
274
280
285
285
279
273
264
259
268
293
322
315
277
235
213
182
131
80
41
31
16
2
6
28
51
55
52
51
65
71
48
17
-12
-33
-61
-89
-114
-135
-172
-233
-294
-351
-403
-461
-554
-661
-754
-822
-871
-903
-901
-877
-842
-820
-793
-755
-719
-689
-679
-677
-677
-662
-627
-589
-553
-534
-525
-527
-517
-487
-456
-429
-425
-440
-468
-490
-501
-508
-508
-507
-492
-482
-457
-404
-344
-296
-279
-265
-255
-236
-213
-182
-136
-101
-75
-58
-23
21
51
51
29
32
46
46
32
47
100
157
198
241
323
413
497
572
663
789
929
1061
1169
1293
1416
1503
1541
1552
1563
1533
1464
1374
1291
1204
1090
953
790
632
484
334
178
28
-92
-208
-313
-394
-425
-417
-392
-336
-279
-217
-168
-120
-83
-64
-34
15
113
238
376
493
579
653
709
756
754
729
675
600
528
476
484
502
523
536
554
574
566
559
514
437
344
276
235
212
247
291
324
325
326
322
288
240
161
55
-69
-155
-231
-343
-446
-518
-574
-647
-698
-736
-802
-887
-980
-1068
-1155
-1199
-1204
-1216
-1217
-1183
-1121
-1076
-1017
-925
-857
-822
-813
-820
-854
-899
-924
-960
-1008
-1058
-1089
-1122
-1168
-1195
-1196
-1159
-1103
-1049
-1032
-1052
-1060
-1061
-1079
-1140
-1187
-1177
-1138
-1071
-968
-806
-654
-551
-477
-433
-385
-325
-247
-189
-127
-25
64
157
388
882
1492
2023
2448
2809
3126
3358
3516
3510
3349
3149
2941
2760
2676
2779
2881
2797
2613
2443
2273
1973
1587
1116
524
-58
-536
-893
-1125
-1152
-1116
-1188
-1238
-1146
-993
-947
-953
-972
-1041
-1080
-982
-740
-462
-87
281
505
703
952
1163
1134
996
813
569
401
336
367
343
357
390
328
304
306
254
28
-217
-393
-528
-505
-361
-158
-1
197
428
596
759
912
971
855
771
731
671
679
725
753
692
666
606
434
224
-53
-362
-731
-994
-1116
-1211
-1223
-1173
-1095
-1064
-990
-885
-893
-937
-1024
-1150
-1277
-1310
-1239
-1140
-967
-776
-592
-460
-373
-322
-399
-570
-860
-1191
-1518
-1777
-1945
-2088
-2110
-2140
-2138
-2090
-2033
-1981
-2010
-1983
-2050
-2113
-2081
-1997
-1847
-1677
-1352
-1086
-806
-437
-143
21
56
135
87
34
86
170
192
136
307
642
1268
2126
2884
3286
3457
3706
3713
3603
3478
3259
2945
2666
2731
2941
3300
3601
3619
3341
2883
2550
2040
1423
925
479
-24
-410
-398
-275
-94
42
-41
-291
-534
-659
-853
-1008
-1045
-954
-831
-583
-15
546
942
1135
1140
969
725
555
293
75
-30
-96
-119
-62
187
438
515
368
75
-251
-583
-821
-941
-997
-990
-888
-660
-304
125
486
620
541
388
277
202
145
168
281
392
486
680
896
991
953
740
341
-105
-407
-616
-807
-910
-935
-889
-819
-655
-415
-347
-459
-634
-817
-1010
-1079
-1021
-1020
-955
-808
-654
-511
-349
-217
-249
-392
-621
-808
-989
-1190
-1292
-1395
-1506
-1607
-1607
-1545
-1499
-1525
-1736
-1954
-2151
-2264
-2223
-2178
-2143
-2035
-1815
-1636
-1405
-1115
-992
-948
-873
-754
-672
-535
-349
-238
-167
-69
141
284
372
474
442
346
449
907
1514
2188
2800
3074
3228
3410
3522
3455
3249
3032
2778
2651
2717
2957
3206
3231
3054
2641
2138
1693
1275
823
426
138
-157
-310
-247
-103
-31
-76
-241
-481
-651
-757
-733
-589
-381
-91
197
523
897
1227
1357
1278
1112
845
629
564
567
625
667
654
630
616
579
430
177
-180
-586
-880
-1062
-1055
-921
-783
-648
-559
-438
-311
-211
-226
-326
-410
-486
-420
-204
64
297
499
567
483
358
197
5
-242
-476
-698
-827
-795
-681
-561
-526
-530
-596
-745
-885
-995
-1080
-1126
-1094
-1009
-897
-693
-472
-313
-233
-235
-315
-429
-499
-526
-521
-532
-538
-570
-625
-717
-861
-1088
-1405
-1636
-1764
-1771
-1743
-1655
-1596
-1595
-1580
-1603
-1573
-1573
-1506
-1502
-1483
-1299
-1031
-703
-505
-273
-120
-1
137
210
295
326
432
487
525
598
612
580
520
588
765
1137
1680
2150
2437
2571
2689
2722
2685
2539
2290
2168
2182
2318
2407
2509
2602
2506
2233
1815
1468
1129
809
542
282
145
101
76
-24
-109
-151
-268
-438
-600
-686
-664
-560
-395
-149
141
424
667
793
816
825
851
819
779
790
790
808
845
934
1001
969
789
475
161
-131
-303
-464
-624
-677
-686
-697
-730
-680
-666
-726
-790
-846
-791
-653
-484
-330
-178
-28
99
200
238
237
176
30
-95
-117
-109
-146
-214
-322
-445
-536
-640
-747
-852
-985
-1123
-1205
-1190
-1118
-1023
-966
-948
-912
-890
-866
-838
-842
-839
-807
-731
-605
-439
-325
-316
-353
-478
-689
-915
-1099
-1230
-1290
-1282
-1235
-1138
-1012
-948
-1013
-1189
-1367
-1456
-1459
-1374
-1218
-1008
-791
-568
-371
-255
-162
-110
-100
-119
-103
-24
120
325
484
580
634
662
660
608
502
402
396
575
975
1477
1927
2217
2382
2427
2372
2212
1946
1773
1770
1880
2010
2183
2414
2565
2564
2372
2090
1786
1449
1086
732
501
378
287
212
186
169
17
-240
-497
-689
-810
-922
-991
-960
-807
-616
-450
-267
-85
53
84
66
76
141
247
322
415
588
851
1035
1068
1020
916
802
615
381
169
92
98
54
24
68
183
212
102
-12
-31
-9
-55
-150
-174
-72
52
94
108
184
229
157
13
-94
-107
-139
-249
-358
-354
-298
-311
-381
-460
-507
-570
-695
-829
-905
-910
-917
-948
-958
-947
-927
-956
-1020
-1102
-1159
-1152
-1130
-1086
-1050
-1014
-1004
-1052
-1132
-1251
-1346
-1445
-1544
-1608
-1602
-1507
-1451
-1447
-1465
-1476
-1502
-1566
-1604
-1573
-1440
-1298
-1202
-1066
-871
-683
-587
-537
-464
-354
-252
-210
-130
1
121
195
233
310
401
467
477
473
524
604
789
1054
1322
1575
1789
1992
2122
2143
2072
2039
2129
2200
2256
2402
2703
3021
3120
3023
2906
2855
2702
2395
2096
1911
1816
1646
1404
1236
1181
1057
734
398
147
-66
-333
-613
-780
-853
-892
-950
-944
-872
-819
-834
-927
-976
-975
-968
-930
-776
-549
-383
-227
-72
59
111
80
15
-12
16
13
29
124
266
344
322
295
318
336
259
140
45
-15
-49
-99
-138
-122
-100
-163
-293
-421
-547
-679
-836
-993
-1072
-1069
-1036
-1022
-1012
-1013
-1038
-1090
-1170
-1231
-1263
-1268
-1279
-1288
-1255
-1167
-1085
-1054
-1049
-1062
-1072
-1094
-1122
-1163
-1176
-1145
-1108
-1061
-1047
-1033
-1035
-1064
-1124
-1213
-1265
-1278
-1242
-1207
-1169
-1081
-975
-877
-852
-851
-814
-754
-695
-657
-570
-446
-307
-182
-84
39
159
268
332
395
485
572
652
693
747
830
949
1082
1202
1386
1650
1935
2139
2261
2407
2620
2795
2797
2718
2777
2986
3153
3174
3201
3376
3554
3513
3273
3061
2966
2842
2534
2159
1936
1818
1599
1266
971
758
521
159
-234
-530
-742
-969
-1220
-1402
-1499
-1530
-1576
-1624
-1610
-1589
-1584
-1597
-1587
-1547
-1481
-1371
-1235
-1031
-829
-665
-508
-396
-293
-255
-247
-241
-178
-58
12
93
169
303
422
426
368
312
324
287
212
134
103
139
112
39
-46
-98
-157
-291
-445
-574
-641
-726
-823
-867
-896
-915
-938
-964
-1001
-1041
-1083
-1149
-1184
-1171
-1135
-1109
-1090
-1060
-1022
-994
-1012
-1075
-1189
-1289
-1334
-1366
-1402
-1400
-1335
-1293
-1313
-1397
-1503
-1560
-1592
-1629
-1684
-1685
-1597
-1488
-1413
-1398
-1365
-1332
-1311
-1279
-1233
-1129
-996
-844
-731
-626
-506
-418
-326
-247
-134
-15
102
237
365
527
648
721
729
707
746
808
911
1015
1205
1487
1754
1961
2079
2242
2387
2434
2370
2315
2446
2625
2757
2819
2966
3227
3359
3276
3081
2977
2875
2617
2261
1954
1814
1707
1518
1302
1129
965
671
276
-102
-410
-678
-973
-1215
-1345
-1395
-1405
-1403
-1389
-1390
-1427
-1498
-1579
-1626
-1624
-1578
-1509
-1423
-1248
-965
-728
-614
-558
-443
-288
-238
-319
-376
-222
21
126
121
220
483
664
605
478
498
595
555
391
272
275
288
181
25
-59
-110
-243
-443
-596
-671
-739
-860
-962
-980
-980
-1026
-1066
-1058
-1046
-1026
-995
-946
-866
-759
-663
-614
-587
-580
-577
-590
-628
-670
-712
-699
-642
-606
-612
-604
-591
-683
-857
-1029
-1146
-1222
-1295
-1350
-1351
-1266
-1190
-1177
-1206
-1231
-1242
-1302
-1370
-1383
-1293
-1194
-1137
-1068
-968
-817
-715
-675
-660
-617
-524
-441
-357
-298
-195
-29
122
240
300
397
536
668
723
751
975
1339
1667
1808
1914
2200
2504
2590
2449
2442
2674
2895
2936
2903
3104
3412
3490
3245
2982
2926
2844
2553
2156
1949
1911
1789
1546
1324
1192
987
617
182
-133
-319
-540
-804
-977
-1002
-991
-1012
-1067
-1103
-1129
-1196
-1294
-1390
-1395
-1328
-1226
-1100
-908
-627
-416
-307
-262
-192
-97
-107
-189
-202
15
279
410
466
602
857
941
766
513
420
423
319
166
102
201
275
226
141
73
2
-176
-402
-577
-673
-762
-896
-955
-915
-872
-895
-936
-928
-903
-900
-931
-959
-948
-892
-822
-782
-750
-694
-635
-621
-644
-686
-732
-745
-741
-722
-699
-677
-697
-770
-844
-916
-1006
-1141
-1250
-1271
-1261
-1284
-1339
-1342
-1318
-1323
-1404
-1501
-1504
-1466
-1455
-1493
-1471
-1367
-1259
-1192
-1161
-1076
-1004
-976
-958
-892
-750
-628
-537
-456
-292
-90
10
50
106
270
472
662
854
1072
1346
1577
1783
1938
2047
2138
2199
2301
2416
2539
2635
2780
2989
3104
3071
2935
2848
2788
2657
2437
2222
2100
1982
1819
1610
1406
1223
985
676
348
86
-145
-375
-569
-715
-811
-901
-963
-1007
-1053
-1110
-1184
-1229
-1261
-1240
-1183
-1117
-1015
-842
-597
-428
-355
-292
-132
74
115
20
-7
199
465
535
473
518
754
870
710
491
463
541
478
309
222
280
308
184
28
-41
-79
-249
-494
-645
-676
-718
-859
-968
-986
-974
-1025
-1135
-1220
-1264
-1269
-1294
-1318
-1292
-1220
-1111
-1034
-1002
-1013
-1008
-974
-987
-1030
-1064
-1040
-983
-934
-875
-815
-769
-797
-886
-988
-1089
-1175
-1272
-1334
-1325
-1283
-1255
-1228
-1173
-1152
-1188
-1259
-1343
-1391
-1396
-1384
-1354
-1274
-1135
-988
-896
-866
-839
-768
-713
-678
-638
-546
-367
-198
-84
-11
107
226
283
342
437
641
906
1160
1376
1550
1738
1906
2045
2087
2083
2163
2316
2491
2595
2678
2825
2996
3052
2921
2791
2725
2637
2446
2211
2092
2036
1925
1714
1525
1376
1137
795
420
137
-89
-357
-622
-791
-839
-900
-1009
-1108
-1179
-1240
-1348
-1455
-1493
-1466
-1397
-1305
-1174
-1007
-790
-543
-392
-346
-303
-160
15
63
14
65
336
615
697
671
746
953
1029
853
631
591
658
621
509
461
508
534
452
331
214
57
-164
-360
-464
-536
-644
-777
-848
-849
-889
-1010
-1139
-1194
-1214
-1249
-1283
-1289
-1242
-1171
-1090
-1031
-1020
-1024
-1010
-964
-943
-948
-941
-894
-806
-740
-713
-715
-719
-748
-817
-890
-961
-1012
-1044
-1028
-977
-953
-973
-1003
-1010
-1044
-1138
-1242
-1301
-1301
-1279
-1244
-1187
-1113
-1045
-1006
-973
-950
-946
-926
-843
-684
-533
-432
-333
-164
21
108
106
125
253
461
710
964
1205
1425
1652
1912
2100
2118
2030
2062
2265
2462
2493
2478
2673
3010
3164
2990
2768
2715
2685
2447
2083
1886
1870
1814
1596
1372
1249
1095
765
336
29
-163
-412
-735
-941
-957
-949
-1049
-1186
-1236
-1233
-1297
-1437
-1560
-1590
-1535
-1441
-1325
-1199
-1057
-879
-636
-420
-364
-403
-333
-82
120
114
50
194
525
746
736
668
759
922
940
789
677
709
745
689
605
589
575
474
309
165
40
-145
-375
-566
-650
-682
-750
-872
-979
-1006
-1005
-1041
-1116
-1165
-1141
-1072
-1023
-1032
-1035
-963
-861
-823
-867
-877
-818
-781
-799
-807
-743
-665
-644
-674
-682
-658
-699
-830
-954
-995
-1023
-1111
-1203
-1198
-1120
-1111
-1193
-1276
-1284
-1275
-1316
-1378
-1376
-1288
-1204
-1162
-1115
-1026
-934
-893
-895
-879
-808
-718
-643
-545
-387
-203
-59
13
65
172
303
402
531
781
1088
1325
1471
1658
1953
2177
2160
2032
2082
2332
2537
2553
2551
2737
2977
3010
2839
2691
2632
2511
2265
2009
1878
1805
1651
1442
1266
1105
855
518
205
-31
-246
-510
-745
-865
-903
-936
-1001
-1080
-1164
-1234
-1310
-1394
-1476
-1546
-1538
-1443
-1305
-1192
-1097
-971
-786
-584
-505
-527
-484
-278
-17
108
99
152
409
695
781
709
688
830
965
942
842
839
903
883
803
749
733
650
454
256
141
51
-127
-342
-473
-510
-550
-677
-825
-896
-892
-909
-988
-1077
-1100
-1032
-950
-936
-970
-967
-904
-841
-843
-883
-873
-822
-790
-790
-780
-748
-740
-785
-855
-893
-914
-970
-1049
-1089
-1080
-1089
-1140
-1191
-1201
-1191
-1215
-1276
-1346
-1374
-1338
-1277
-1244
-1246
-1224
-1146
-1024
-940
-938
-974
-973
-885
-780
-696
-626
-519
-373
-241
-134
-59
17
89
187
352
607
908
1129
1268
1451
1756
2023
2036
1906
1949
2255
2538
2560
2483
2617
2953
3131
2975
2738
2680
2689
2510
2203
2019
1980
1876
1632
1427
1325
1175
851
470
222
70
-150
-460
-674
-709
-703
-795
-955
-1069
-1129
-1208
-1331
-1460
-1544
-1556
-1494
-1406
-1324
-1230
-1106
-973
-888
-838
-757
-632
-540
-499
-392
-158
82
176
181
301
562
745
694
584
643
825
897
781
680
733
828
789
639
530
483
402
222
43
-58
-140
-277
-435
-512
-526
-569
-678
-771
-766
-725
-736
-797
-823
-784
-747
-757
-794
-796
-772
-760
-770
-786
-781
-760
-742
-743
-756
-771
-797
-835
-906
-993
-1062
-1093
-1140
-1243
-1329
-1324
-1265
-1276
-1374
-1435
-1398
-1350
-1390
-1471
-1475
-1386
-1300
-1274
-1246
-1164
-1079
-1045
-1030
-971
-881
-802
-720
-590
-422
-282
-198
-140
-66
25
104
166
287
551
892
1139
1257
1424
1762
2067
2066
1846
1809
2128
2470
2493
2339
2448
2838
3056
2881
2619
2591
2626
2428
2093
1949
2027
2008
1756
1506
1451
1418
1130
670
350
241
90
-228
-511
-569
-492
-506
-674
-869
-977
-1033
-1143
-1323
-1492
-1554
-1522
-1463
-1407
-1338
-1225
-1105
-1045
-1067
-1061
-924
-739
-657
-661
-553
-272
4
95
71
153
370
538
521
457
545
740
847
803
769
832
881
820
698
627
590
495
342
232
223
201
83
-82
-168
-175
-221
-346
-482
-534
-529
-535
-576
-635
-676
-703
-735
-787
-849
-895
-916
-920
-929
-941
-939
-923
-928
-975
-1026
-1041
-1048
-1096
-1169
-1199
-1190
-1205
-1253
-1272
-1236
-1213
-1255
-1308
-1291
-1226
-1226
-1302
-1333
-1261
-1177
-1172
-1196
-1152
-1055
-997
-997
-978
-895
-786
-695
-617
-521
-408
-290
-173
-67
32
182
446
741
918
998
1212
1621
1925
1887
1718
1845
2266
2539
2454
2347
2575
2945
3016
2788
2661
2750
2734
2441
2166
2176
2263
2086
1731
1558
1599
1510
1120
709
549
500
277
-89
-321
-340
-365
-538
-746
-849
-894
-1004
-1173
-1314
-1394
-1458
-1524
-1545
-1500
-1426
-1374
-1347
-1319
-1273
-1203
-1130
-1086
-1058
-949
-701
-445
-349
-361
-247
37
244
195
60
151
471
712
710
652
774
983
1043
944
877
892
846
717
644
695
726
608
430
346
342
259
56
-133
-203
-216
-281
-360
-378
-362
-396
-486
-570
-648
-743
-840
-890
-892
-889
-892
-874
-813
-762
-784
-865
-943
-1000
-1066
-1137
-1173
-1177
-1196
-1230
-1230
-1195
-1199
-1277
-1388
-1469
-1508
-1520
-1518
-1502
-1465
-1409
-1329
-1239
-1183
-1175
-1178
-1153
-1119
-1105
-1061
-926
-753
-654
-612
-489
-255
-48
57
190
463
760
926
1030
1278
1629
1819
1774
1796
2107
2489
2607
2523
2594
2886
3074
2976
2820
2841
2903
2767
2511
2399
2439
2356
2053
1757
1638
1544
1269
891
622
474
275
-24
-271
-383
-471
-640
-842
-984
-1064
-1154
-1273
-1380
-1454
-1513
-1557
-1550
-1506
-1475
-1464
-1441
-1388
-1329
-1282
-1229
-1153
-1078
-1007
-908
-765
-615
-502
-409
-276
-94
61
127
176
305
493
625
645
638
719
875
988
992
951
944
975
989
957
898
826
734
633
568
533
475
357
196
70
13
-14
-71
-167
-254
-295
-296
-304
-341
-392
-440
-481
-519
-551
-567
-563
-564
-599
-653
-704
-747
-791
-854
-942
-1039
-1121
-1188
-1241
-1297
-1369
-1447
-1522
-1591
-1647
-1680
-1698
-1707
-1718
-1717
-1680
-1617
-1559
-1514
-1467
-1418
-1366
-1307
-1242
-1153
-1036
-904
-762
-611
-426
-176
128
379
500
597
835
1194
1452
1481
1475
1720
2163
2476
2532
2547
2734
2988
3074
2998
2960
2992
2928
2754
2646
2674
2660
2434
2112
1917
1838
1652
1290
929
705
549
327
54
-152
-278
-424
-629
-836
-1004
-1140
-1265
-1381
-1463
-1508
-1534
-1541
-1511
-1464
-1425
-1398
-1385
-1380
-1354
-1283
-1174
-1063
-992
-918
-773
-590
-462
-409
-374
-302
-211
-158
-118
-5
166
283
334
415
575
723
738
658
642
723
766
718
679
723
797
795
717
681
697
649
508
381
342
339
287
197
153
169
159
87
19
-4
-7
-38
-87
-103
-71
-48
-66
-91
-116
-154
-206
-272
-346
-418
-494
-576
-645
-710
-800
-916
-1047
-1182
-1311
-1440
-1579
-1704
-1791
-1842
-1871
-1903
-1951
-1981
-1971
-1951
-1946
-1947
-1939
-1896
-1812
-1715
-1613
-1499
-1385
-1266
-1121
-936
-696
-409
-149
36
207
481
869
1210
1331
1325
1478
1875
2280
2458
2474
2581
2859
3101
3144
3096
3092
3080
2967
2830
2791
2805
2690
2406
2147
2028
1904
1606
1196
857
654
462
181
-98
-266
-371
-516
-717
-915
-1076
-1210
-1350
-1480
-1570
-1627
-1659
-1652
-1596
-1511
-1429
-1384
-1375
-1346
-1278
-1188
-1102
-1036
-962
-833
-659
-496
-369
-271
-197
-133
-83
-40
15
81
147
222
322
420
502
558
599
644
662
612
534
510
554
597
568
487
461
528
594
565
470
387
355
340
300
264
259
252
227
229
279
337
345
286
229
241
281
280
245
224
236
253
225
163
109
55
-28
-138
-246
-344
-434
-542
-673
-790
-902
-1049
-1223
-1380
-1500
-1593
-1701
-1836
-1941
-1988
-2014
-2051
-2103
-2153
-2162
-2132
-2104
-2073
-2001
-1900
-1790
-1688
-1591
-1460
-1292
-1116
-910
-630
-330
-92
117
407
810
1176
1312
1312
1471
1859
2235
2395
2427
2565
2852
3075
3123
3113
3115
3044
2869
2715
2687
2702
2562
2264
2030
1932
1808
1526
1154
826
576
326
46
-179
-323
-465
-647
-826
-979
-1108
-1228
-1349
-1441
-1501
-1553
-1570
-1527
-1453
-1379
-1312
-1273
-1257
-1230
-1168
-1066
-955
-889
-841
-732
-556
-382
-253
-174
-117
-58
-15
19
85
160
191
206
255
360
474
515
481
468
511
534
484
409
389
442
475
421
354
354
396
406
364
301
268
259
249
258
304
337
325
310
342
421
481
469
421
414
455
504
531
534
525
523
504
460
414
352
261
142
8
-118
-216
-316
-449
-606
-775
-936
-1080
-1226
-1374
-1518
-1654
-1782
-1887
-1967
-2027
-2075
-2138
-2212
-2257
-2249
-2193
-2125
-2070
-2013
-1914
-1773
-1626
-1496
-1383
-1263
-1115
-923
-674
-363
-60
183
401
677
1015
1299
1422
1460
1604
1897
2187
2348
2422
2549
2756
2904
2910
2849
2789
2701
2568
2441
2374
2322
2180
1950
1756
1637
1475
1194
849
554
350
165
-55
-258
-401
-516
-629
-744
-870
-1001
-1131
-1253
-1333
-1370
-1399
-1416
-1389
-1319
-1223
-1142
-1112
-1115
-1098
-1048
-979
-912
-867
-807
-691
-544
-411
-306
-235
-183
-123
-64
-16
37
97
154
212
263
309
368
410
404
391
397
405
387
345
330
389
452
419
330
313
389
459
416
289
222
265
329
352
355
367
397
430
464
522
582
577
522
508
567
652
691
659
615
617
631
602
531
442
363
301
222
120
28
-58
-162
-286
-433
-592
-736
-875
-1020
-1159
-1285
-1405
-1513
-1601
-1675
-1729
-1788
-1872
-1946
-1978
-1971
-1946
-1932
-1924
-1882
-1782
-1661
-1549
-1456
-1375
-1278
-1149
-1016
-900
-789
-655
-474
-267
-65
154
425
686
856
967
1130
1374
1568
1590
1556
1686
1979
2202
2226
2189
2271
2419
2443
2316
2193
2133
2041
1875
1737
1700
1667
1504
1253
1068
972
831
574
290
86
-48
-182
-330
-448
-528
-603
-692
-778
-856
-934
-1007
-1064
-1114
-1163
-1196
-1189
-1155
-1125
-1114
-1099
-1069
-1047
-1036
-1005
-938
-866
-816
-767
-680
-553
-436
-360
-302
-233
-155
-84
-17
58
135
193
234
285
351
413
449
462
460
460
487
532
550
520
474
474
517
523
459
395
410
459
451
391
370
420
458
419
374
398
436
400
325
309
355
362
282
211
225
261
231
169
142
136
96
30
7
25
2
-87
-152
-137
-107
-138
-214
-278
-311
-347
-402
-446
-480
-537
-603
-625
-615
-630
-693
-769
-813
-835
-875
-932
-972
-989
-1001
-1001
-987
-967
-956
-954
-946
-918
-892
-880
-861
-817
-763
-698
-630
-564
-497
-429
-354
-273
-201
-146
-78
38
192
353
473
548
633
774
930
1017
1012
1004
1085
1238
1362
1412
1446
1503
1559
1577
1573
1568
1532
1429
1315
1272
1282
1239
1104
946
837
747
614
442
278
131
-23
-168
-274
-349
-446
-575
-695
-773
-847
-951
-1060
-1129
-1164
-1191
-1213
-1204
-1155
-1098
-1054
-1012
-959
-904
-851
-788
-704
-603
-499
-396
-280
-154
-37
59
136
202
258
314
381
454
516
560
603
662
717
734
720
699
671
618
556
520
498
428
301
207
200
200
91
-92
-204
-204
-208
-308
-433
-473
-451
-465
-513
-513
-462
-452
-500
-509
-420
-317
-298
-320
-273
-157
-61
-18
22
88
149
184
225
292
347
353
356
398
450
466
452
453
466
455
410
374
358
325
263
205
172
139
83
23
-8
-30
-86
-161
-201
-212
-240
-301
-351
-357
-352
-382
-428
-443
-432
-443
-485
-517
-514
-503
-517
-534
-530
-517
-521
-530
-526
-515
-514
-524
-519
-489
-463
-458
-456
-442
-426
-427
-444
-457
-459
-458
-451
-427
-389
-347
-301
-234
-148
-67
-12
29
92
181
262
310
345
411
526
652
746
815
890
976
1052
1096
1119
1129
1121
1100
1097
1123
1147
1131
1081
1035
1010
972
894
792
692
605
528
463
408
352
284
207
137
73
2
-80
-165
-240
-304
-359
-401
-433
-462
-499
-543
-577
-608
-644
-690
-738
-770
-782
-785
-791
-786
-766
-739
-720
-714
-704
-679
-653
-632
-604
-559
-500
-443
-388
-331
-276
-231
-197
-160
-123
-92
-63
-30
9
49
85
114
141
167
197
232
262
279
294
326
364
381
376
369
387
410
415
410
419
444
460
457
449
446
438
413
380
355
335
310
276
240
203
159
110
61
13
-44
-102
-146
-175
-199
-227
-253
-274
-294
-321
-350
-375
-403
-434
-459
-470
-470
-468
-469
-464
-447
-431
-429
-432
-428
-420
-415
-415
-412
-396
-371
-344
-315
-286
-257
-220
-189
-164
-137
-106
-73
-42
-15
25
81
132
168
204
250
300
342
371
399
431
462
491
524
554
571
580
593
613
629
632
630
629
629
621
608
594
569
529
484
450
423
388
344
301
268
234
189
139
91
34
-37
-111
-169
-211
-256
-314
-376
-420
-448
-474
-509
-552
-590
-614
-624
-626
-620
-613
-604
-589
-562
-534
-508
-492
-482
-468
-447
-420
-386
-348
-309
-263
-210
-151
-97
-58
-28
3
40
70
94
122
164
210
246
267
286
315
339
348
340
332
344
367
389
394
391
392
397
397
386
360
326
293
265
247
232
213
187
160
140
117
90
54
16
-26
-69
-106
-130
-149
-180
-213
-238
-251
-270
-301
-328
-328
-320
-328
-343
-344
-322
-303
-301
-313
-314
-301
-283
-264
-241
-214
-194
-175
-152
-122
-94
-81
-73
-56
-22
18
56
85
117
155
197
231
255
280
309
341
365
383
402
419
430
434
437
438
435
427
424
425
424
412
392
368
335
297
260
225
182
134
91
65
50
24
-13
-51
-84
-121
-161
-203
-242
-283
-333
-384
-427
-461
-502
-552
-610
-656
-688
-713
-739
-765
-778
-777
-762
-743
-724
-696
-651
-595
-546
-504
-464
-407
-339
-278
-237
-195
-129
-38
56
131
201
280
368
441
492
533
566
584
584
587
601
616
609
591
581
584
586
570
536
496
459
426
403
381
352
321
303
305
306
296
275
253
229
201
171
151
135
110
82
62
53
40
12
-25
-60
-98
-138
-178
-204
-226
-254
-283
-299
-298
-300
-315
-334
-344
-353
-367
-383
-391
-392
-391
-385
-371
-351
-331
-314
-296
-289
-295
-302
-296
-279
-265
-258
-241
-207
-166
-129
-100
-77
-64
-54
-35
-6
23
45
68
102
142
180
217
253
277
290
302
329
363
384
388
397
422
446
459
467
479
491
491
485
484
483
472
448
424
402
374
333
287
240
194
141
79
14
-44
-92
-136
-178
-217
-252
-281
-305
-332
-358
-381
-412
-448
-484
-501
-499
-493
-495
-492
-470
-429
-384
-358
-344
-330
-308
-282
-259
-236
-208
-172
-133
-88
-44
-5
23
46
65
80
94
107
128
157
187
207
227
251
275
285
276
260
248
244
233
224
218
223
230
230
234
242
247
239
221
206
204
198
186
171
158
150
139
121
98
75
49
22
-4
-27
-46
-57
-66
-77
-89
-99
-103
-108
-123
-141
-155
-162
-168
-173
-173
-171
-164
-159
-155
-148
-144
-142
-143
-144
-145
-147
-144
-139
-135
-135
-131
-122
-116
-120
-124
-117
-107
-108
-117
-121
-111
-99
-99
-104
-97
-82
-71
-63
-53
-35
-14
3
16
32
51
70
90
106
115
126
141
158
173
180
183
189
190
186
184
178
161
134
112
103
100
87
66
56
60
65
63
60
58
56
49
43
45
47
41
33
33
35
35
33
34
34
29
18
18
26
27
17
4
-4
-8
-18
-36
-53
-69
-86
-101
-109
-110
-114
-119
-121
-116
-110
-114
-120
-123
-124
-134
-145
-147
-140
-134
-135
-133
-119
-95
-77
-65
-50
-27
-6
7
14
27
45
52
49
43
48
61
68
64
59
63
73
81
84
85
87
90
93
95
99
99
94
86
81
78
72
64
58
58
61
62
59
61
64
65
58
43
32
27
24
17
6
-1
0
0
-4
-12
-19
-30
-45
-59
-70
-78
-91
-106
-114
-113
-114
-124
-135
-139
-141
-146
-153
-155
-154
-156
-158
-153
-144
-142
-149
-152
-142
-127
-118
-115
-104
-82
-62
-47
-35
-20
-11
-10
-14
-7
5
10
12
20
40
66
90
108
121
131
140
151
160
158
146
138
143
152
152
146
149
161
172
174
175
181
185
179
168
160
149
135
114
94
79
68
54
43
38
34
31
27
24
21
15
9
5
-2
-12
-25
-39
-48
-56
-63
-72
-77
-76
-70
-63
-57
-55
-60
-68
-75
-81
-91
-110
-130
-141
-143
-142
-146
-149
-142
-130
-124
-121
-114
-103
-98
-102
-107
-101
-93
-92
-93
-90
-77
-62
-50
-42
-28
-11
5
18
30
43
54
67
75
82
86
92
99
108
115
119
125
133
141
148
149
148
145
140
132
125
117
105
94
81
72
67
65
59
50
40
35
37
37
26
12
1
-2
-4
-11
-23
-36
-42
-41
-40
-41
-44
-44
-42
-39
-39
-39
-41
-45
-47
-51
-50
-47
-47
-50
-50
-47
-45
-49
-60
-69
-73
-78
-83
-88
-90
-91
-91
-88
-82
-75
-73
-76
-72
-61
-48
-37
-29
-24
-11
4
20
30
36
41
52
71
92
109
124
135
146
159
172
182
181
173
170
179
189
188
177
166
169
172
158
135
116
107
98
79
55
37
28
18
2
-22
-49
-72
-91
-107
-128
-157
-185
-203
-209
-211
-219
-229
-238
-242
-244
-241
-236
-237
-243
-245
-235
-215
-199
-193
-192
-183
-166
-148
-137
-129
-116
-93
-70
-49
-32
-7
18
36
40
40
48
59
62
57
59
71
86
94
103
121
139
147
146
150
163
174
174
170
179
192
201
203
205
211
216
212
203
201
202
198
185
172
162
151
130
105
83
60
37
12
-8
-22
-36
-53
-71
-84
-96
-118
-146
-173
-192
-206
-224
-242
-253
-254
-251
-251
-252
-252
-251
-250
-250
-245
-235
-226
-218
-208
-191
-167
-147
-134
-123
-106
-81
-54
-28
-4
24
58
90
117
138
154
168
177
183
189
197
206
221
235
248
261
270
279
282
279
269
256
246
233
216
201
189
176
158
138
119
104
88
63
37
15
2
-12
-31
-54
-72
-86
-100
-114
-130
-142
-151
-155
-160
-161
-160
-155
-151
-150
-148
-141
-134
-136
-142
-144
-139
-136
-142
-148
-144
-130
-119
-115
-109
-98
-86
-78
-75
-71
-65
-64
-66
-66
-63
-59
-56
-56
-51
-43
-31
-21
-10
0
9
20
30
39
47
55
65
77
89
101
119
139
160
177
191
202
213
222
227
225
221
218
216
213
212
215
216
213
207
205
203
201
186
164
142
123
106
82
53
23
-4
-31
-55
-78
-99
-120
-145
-170
-187
-200
-217
-242
-270
-291
-307
-323
-341
-353
-358
-355
-346
-330
-308
-287
-267
-246
-222
-198
-179
-163
-145
-121
-94
-66
-38
-6
28
65
102
133
157
180
204
228
244
250
253
259
264
264
257
252
247
241
234
229
226
218
204
190
179
162
137
107
81
63
42
20
6
-1
-1
-2
-2
-2
-4
-10
-23
-32
-39
-48
-62
-76
-82
-82
-82
-87
-89
-90
-87
-85
-86
-86
-88
-90
-96
-104
-112
-121
-133
-146
-158
-163
-167
-166
-161
-150
-139
-127
-117
-107
-100
-96
-94
-95
-93
-91
-84
-71
-58
-41
-19
5
29
50
70
89
105
117
123
132
145
156
164
168
175
185
197
209
217
224
230
238
244
246
244
236
224
208
192
174
156
134
111
88
67
48
27
4
-24
-50
-78
-106
-136
-165
-191
-215
-240
-263
-280
-289
-294
-300
-304
-303
-294
-282
-270
-258
-246
-232
-218
-204
-186
-169
-152
-137
-114
-86
-58
-31
-8
17
41
62
78
90
101
110
116
120
125
128
133
138
141
142
142
140
138
136
130
124
115
107
100
94
86
77
67
59
54
49
42
36
35
36
34
29
27
28
25
18
10
4
-1
-6
-12
-15
-16
-19
-22
-19
-16
-16
-21
-26
-27
-28
-31
-35
-40
-44
-47
-48
-49
-53
-59
-65
-68
-72
-77
-82
-85
-87
-89
-92
-94
-93
-93
-95
-97
-96
-93
-90
-87
-80
-67
-54
-42
-30
-12
6
21
37
50
63
78
91
106
121
134
147
158
169
178
185
190
193
193
193
192
191
187
179
171
164
158
144
128
116
106
93
77
62
51
38
20
0
-17
-33
-52
-74
-93
-109
-123
-140
-154
-165
-171
-176
-182
-186
-187
-187
-184
-181
-175
-168
-161
-151
-137
-122
-108
-92
-76
-56
-38
-19
0
19
36
50
61
71
78
80
80
80
82
82
81
80
83
88
89
89
90
90
91
87
81
76
71
64
58
54
49
45
41
38
38
37
35
32
32
30
24
16
8
1
-9
-19
-29
-36
-42
-46
-48
-48
-47
-46
-47
-45
-44
-45
-46
-45
-43
-44
-43
-38
-32
-28
-25
-21
-16
-11
-9
-7
-4
-1
1
1
-1
-1
-4
-10
-14
-18
-19
-19
-21
-22
-19
-13
-6
-7
-10
-11
-13
-16
-22
-30
-34
-33
-31
-28
-24
-17
-11
-5
-3
2
7
9
8
8
11
17
22
23
24
29
38
44
47
51
58
63
65
64
63
63
59
53
45
36
30
21
13
5
-3
-11
-19
-26
-31
-37
-43
-49
-54
-56
-59
-62
-64
-64
-60
-52
-46
-37
-26
-15
-1
11
22
31
37
45
51
56
58
59
61
64
66
66
66
63
60
57
52
43
33
23
13
4
-7
-17
-26
-33
-41
-48
-54
-58
-64
-69
-76
-80
-86
-90
-96
-98
-101
-103
-103
-100
-95
-90
-82
-74
-64
-54
-43
-34
-24
-17
-8
2
11
21
29
38
47
57
65
72
80
86
91
94
93
93
92
91
86
80
73
65
59
52
42
33
23
13
5
-4
-14
-25
-34
-43
-53
-62
-69
-76
-84
-89
-91
-91
-90
-91
-89
-86
-81
-78
-76
-71
-67
-62
-59
-53
-44
-35
-28
-20
-11
-1
7
11
13
17
23
25
25
25
28
30
31
28
28
29
29
26
25
24
23
21
19
18
18
17
17
20
21
23
28
34
40
45
51
56
61
64
66
69
70
70
69
68
66
66
64
61
58
54
49
45
40
32
24
15
7
-1
-10
-17
-22
-28
-34
-38
-42
-42
-44
-47
-48
-48
-47
-48
-48
-50
-50
-49
-49
-49
-48
-47
-46
-46
-46
-48
-49
-50
-53
-55
-56
-58
-58
-57
-56
-55
-50
-44
-41
-35
-30
-22
-13
-4
4
14
26
37
48
58
68
78
87
95
102
108
114
115
118
118
117
115
110
100
91
83
75
66
56
47
41
36
27
21
12
3
-6
-16
-26
-36
-44
-52
-58
-60
-60
-61
-59
-58
-55
-51
-50
-50
-51
-52
-53
-55
-58
-61
-64
-63
-63
-61
-58
-55
-49
-43
-38
-32
-28
-27
-28
-29
-31
-33
-36
-39
-39
-35
-32
-28
-22
-16
-9
1
6
10
12
14
17
17
16
17
20
25
33
40
49
58
69
78
88
93
99
103
103
104
101
98
95
91
86
83
80
77
73
67
62
56
46
35
22
7
-8
-22
-38
-53
-65
-75
-84
-90
-95
-99
-101
-101
-103
-104
-105
-105
-106
-112
-114
-114
-113
-111
-108
-104
-96
-86
-78
-68
-57
-47
-40
-35
-28
-23
-16
-14
-11
-4
6
14
23
35
46
60
70
79
87
94
97
99
99
96
95
93
91
88
87
86
84
81
77
73
70
64
58
52
45
38
30
22
15
10
4
-2
-6
-8
-10
-10
-13
-16
-18
-23
-28
-33
-39
-46
-52
-55
-59
-61
-63
-64
-64
-64
-63
-63
-65
-65
-65
-63
-63
-63
-61
-58
-54
-51
-45
-38
-32
-26
-18
-12
-4
0
4
9
12
16
16
19
22
26
32
36
42
48
53
59
63
66
68
70
70
70
71
72
71
72
72
73
74
74
73
72
69
66
62
56
48
40
31
21
13
4
-5
-13
-21
-29
-34
-41
-49
-55
-61
-66
-71
-78
-82
-87
-90
-95
-97
-99
-99
-100
-99
-97
-92
-89
-85
-83
-80
-75
-70
-64
-60
-53
-46
-38
-28
-19
-9
1
11
20
29
37
43
50
58
63
69
76
79
84
86
88
90
89
87
84
82
79
76
72
69
66
61
57
52
48
43
39
35
31
27
22
18
15
12
9
6
4
3
1
-1
-2
-3
-4
-7
-10
-12
-14
-17
-23
-27
-31
-33
-35
-36
-37
-38
-36
-37
-36
-37
-39
-42
-45
-49
-50
-50
-51
-51
-48
-45
-39
-34
-28
-21
-15
-9
-5
-2
2
5
8
12
15
19
24
29
37
46
53
61
67
74
77
80
81
78
77
73
67
62
57
55
52
49
45
45
41
37
32
25
18
7
-4
-13
-23
-33
-42
-48
-53
-54
-53
-53
-51
-49
-46
-43
-42
-40
-41
-41
-41
-42
-42
-41
-40
-37
-34
-28
-24
-20
-15
-12
-9
-9
-10
-12
-15
-19
-23
-27
-31
-32
-32
-29
-28
-24
-20
-16
-12
-8
-6
-4
-2
-2
0
0
1
3
6
10
15
19
25
31
35
41
44
46
48
48
48
46
45
43
42
43
42
43
44
45
45
45
45
42
36
31
25
18
11
3
-4
-12
-18
-22
-29
-34
-39
-44
-49
-55
-61
-67
-73
-78
-83
-87
-91
-92
-92
-91
-89
-86
-82
-77
-72
-68
-64
-60
-54
-50
-46
-41
-35
-29
-21
-13
-5
4
12
19
25
31
36
38
40
42
44
45
46
47
48
49
51
53
54
53
54
53
50
48
43
39
35
29
27
22
17
15
13
10
9
7
6
5
3
-2
-5
-8
-13
-18
-22
-26
-29
-30
-30
-31
-30
-28
-25
-23
-21
-18
-17
-17
-15
-15
-15
-12
-12
-11
-7
-3
2
6
11
16
21
24
27
28
29
29
27
25
20
17
14
11
10
6
5
4
2
1
0
-2
-3
-5
-8
-10
-12
-13
-12
-12
-8
-7
-2
1
6
12
17
23
27
33
36
37
39
42
41
42
42
42
40
39
36
34
30
25
21
17
11
6
0
-6
-13
-18
-24
-29
-34
-38
-42
-44
-46
-48
-48
-50
-48
-48
-45
-41
-36
-31
-26
-20
-15
-8
-1
4
10
17
23
28
35
40
47
52
56
59
63
67
69
70
68
67
65
60
54
49
41
32
25
17
12
5
-1
-6
-12
-17
-24
-27
-33
-38
-42
-47
-49
-51
-54
-54
-52
-49
-47
-42
-37
-32
-26
-22
-18
-13
-10
-7
-4
-2
0
2
4
7
10
13
17
21
25
27
30
30
31
32
31
29
27
26
26
26
25
25
25
25
24
23
21
18
15
11
7
2
-3
-7
-13
-18
-22
-25
-26
-29
-32
-30
-32
-35
-35
-37
-37
-37
-37
-36
-34
-33
-28
-24
-22
-16
-10
-6
-1
3
6
8
10
11
12
12
11
12
10
11
11
9
8
8
5
2
-1
-5
-9
-11
-16
-19
-19
-23
-23
-24
-23
-22
-18
-17
-16
-12
-13
-10
-6
-3
2
6
6
8
11
14
16
19
20
22
27
31
35
38
37
33
29
25
20
16
12
7
2
0
-4
-8
-12
-19
-24
-28
-32
-36
-37
-41
-43
-42
-45
-47
-49
-56
-61
-60
-61
-60
-57
-57
-54
-48
-45
-44
-41
-46
-47
-43
-43
-40
-32
-32
-32
-24
-20
-13
0
5
8
20
27
37
49
51
50
51
45
43
49
47
46
47
42
43
48
43
35
25
8
-5
-11
-23
-29
-34
-44
-46
-44
-41
-35
-31
-33
-32
-30
-31
-28
-24
-26
-25
-22
-23
-18
-11
-10
-8
-5
-6
-4
2
6
10
17
16
13
9
4
7
13
16
20
25
21
26
39
45
56
71
78
103
151
194
236
264
251
239
227
187
170
164
115
86
82
48
59
91
45
18
23
-39
-44
7
-33
-48
-19
-89
-129
-82
-121
-147
-100
-150
-175
-100
-108
-119
-67
-117
-171
-131
-163
-195
-141
-169
-214
-171
-192
-218
-153
-168
-209
-156
-154
-167
-86
-65
-94
-39
