SAMPLES:	15592
BITSPERSAMPLE:	16
CHANNELS:	1
SAMPLERATE:	16000
NORMALIZED:	FALSE
13
3
8
6
-2
6
-4
-1
-3
-5
-2
-8
-8
-6
-17
-9
-21
-10
-23
-12
-17
-18
-13
-23
-11
-19
-18
-11
-18
-6
-12
-7
-3
-6
3
-1
4
6
3
15
5
17
15
15
21
10
27
9
23
9
16
14
5
15
1
6
-1
-6
-5
-12
-12
-12
-15
-20
-17
-20
-23
-22
-27
-21
-29
-21
-20
-21
-17
-19
-8
-13
-8
-4
-3
1
5
7
15
11
18
20
17
24
17
24
20
19
22
18
19
19
12
18
6
7
6
-4
-1
-6
-8
-8
-10
-12
-10
-20
-14
-18
-21
-21
-21
-23
-21
-19
-18
-9
-16
-8
-8
-10
-5
-8
-1
-5
2
3
10
7
12
11
11
8
9
9
9
7
8
9
7
9
6
6
1
2
-1
-4
-3
-5
-4
-4
-5
0
-6
-1
-2
-4
-2
-4
1
1
3
5
9
7
14
13
12
17
12
21
17
24
25
26
28
32
26
33
28
30
32
23
34
22
30
23
23
22
19
15
17
6
12
6
1
8
-6
4
-5
-3
-2
-7
-3
-8
-4
-12
-3
-13
-6
-7
-13
0
-13
-1
-8
-4
-1
-3
-3
-3
-3
-1
-4
-3
-3
-5
-3
-3
-6
-5
-9
-7
-11
-11
-9
-17
-9
-19
-14
-16
-19
-15
-19
-19
-11
-23
-6
-20
-7
-14
-11
-8
-12
-3
-13
4
-7
7
4
4
13
7
14
10
11
13
8
14
9
15
8
17
13
10
15
3
13
-1
5
7
-5
10
-4
6
-1
-2
0
-5
-7
-1
-10
-2
-7
-4
-1
-7
7
-5
7
0
4
5
0
8
6
4
10
10
8
16
8
16
12
7
17
6
11
12
7
12
9
8
14
3
11
6
2
9
-4
10
-3
8
3
4
4
3
2
2
-2
1
-1
-1
3
-3
5
-6
3
-5
2
-6
-3
-4
-9
1
-11
4
-8
-2
-2
-7
-5
-7
-9
-5
-10
-9
-5
-12
-5
-9
-11
-6
-16
-9
-13
-18
-9
-22
-11
-15
-18
-5
-23
-7
-21
-17
-14
-23
-14
-21
-18
-17
-18
-17
-17
-17
-19
-17
-19
-17
-17
-15
-13
-14
-9
-13
-5
-11
-8
-6
-5
-6
4
-1
9
9
7
19
6
20
14
15
21
14
24
17
24
20
19
25
15
23
10
16
11
7
13
1
10
0
4
0
-2
-4
-4
-11
-6
-12
-10
-9
-15
-5
-18
-6
-14
-12
-9
-13
-10
-8
-13
-2
-8
-7
4
-9
3
-2
-5
4
-8
-1
-2
-9
-1
-9
-4
-9
-9
-11
-14
-13
-17
-14
-16
-18
-17
-18
-20
-18
-20
-22
-16
-26
-15
-22
-14
-15
-15
-9
-13
-5
-10
-2
-6
0
0
1
4
6
7
11
8
12
15
8
20
10
16
18
12
20
14
15
18
14
14
14
5
11
6
2
7
-3
8
-4
4
-3
-2
-1
-6
-1
-4
-5
0
-3
1
8
-3
16
-1
16
5
12
12
14
19
14
27
16
30
19
28
21
26
19
25
19
20
24
14
25
15
19
19
14
19
13
13
14
13
7
17
3
10
6
4
10
-3
7
-3
-1
2
-10
4
-8
-6
4
-22
11
-17
-9
14
-30
23
-17
-1
14
-18
17
-3
5
10
4
12
10
12
10
12
13
5
11
5
3
9
-3
-1
2
-9
-6
-7
-23
-6
-24
-24
-15
-28
-18
-21
-22
-18
-9
-25
-10
-12
-19
-5
-15
-12
4
-16
9
-2
4
6
6
12
8
20
4
20
15
13
24
13
19
25
10
18
16
6
11
5
1
6
-2
-7
6
-9
-6
-6
-16
-12
-17
-22
-23
-19
-30
-17
-21
-26
-9
-23
-15
-12
-20
-5
-12
-10
3
-4
7
6
14
12
18
15
17
20
12
17
15
8
18
9
10
11
7
6
7
0
2
-2
-10
-5
-16
-7
-23
-10
-23
-17
-17
-26
-11
-22
-16
-11
-21
-6
-11
-13
5
-7
6
10
9
20
20
18
23
24
18
30
19
27
29
27
33
25
33
21
25
15
11
8
-6
0
-13
-9
-18
-17
-19
-28
-28
-35
-40
-41
-50
-45
-50
-42
-42
-36
-34
-25
-27
-24
-18
-26
-11
-21
-18
-6
-21
0
-8
-2
9
-4
16
4
12
14
9
15
11
9
9
2
1
-7
-10
-16
-20
-21
-26
-28
-22
-29
-19
-22
-16
-11
-17
-9
-17
-14
-11
-23
-10
-18
-14
-3
-9
10
7
24
24
32
38
37
41
41
36
42
28
35
27
25
27
18
24
19
17
17
13
11
9
1
-2
-5
-11
-19
-16
-30
-23
-34
-33
-33
-35
-28
-32
-22
-26
-13
-22
-7
-15
-5
-9
-7
-6
-4
-1
-1
12
8
21
21
25
30
33
26
36
24
28
21
17
20
10
13
6
9
6
2
6
-2
5
-2
-4
-3
-11
-7
-15
-19
-16
-24
-14
-23
-9
-12
0
1
9
12
15
19
12
22
9
15
10
9
13
15
15
22
21
27
24
29
18
26
9
15
10
1
12
-12
12
-6
4
1
-6
1
-10
-7
-9
-12
-9
-9
-7
1
-1
7
-2
5
-2
-2
-5
-9
-9
-3
-4
8
13
21
30
29
30
28
25
15
13
-3
0
-10
-7
0
-4
14
9
19
20
16
17
6
0
-7
-14
-17
-12
-16
-5
-5
1
10
7
11
7
6
3
5
-3
6
4
10
12
18
18
19
15
10
9
-1
2
-4
4
2
12
12
19
20
19
13
6
-2
-15
-18
-32
-26
-37
-27
-25
-20
-13
-14
-10
-12
-18
-17
-31
-29
-30
-38
-21
-27
-16
-5
-8
6
3
-2
5
-12
-6
-15
-18
-16
-13
-13
-2
-5
0
0
-3
-5
-10
-15
-13
-19
-14
-11
-10
-2
3
1
6
1
-6
-4
-22
-17
-23
-24
-15
-17
-7
4
6
9
10
5
1
-5
-8
-16
-10
-15
-1
0
8
19
17
21
18
6
6
-3
-16
-11
-20
-10
-4
-2
10
16
16
25
12
10
8
-5
-3
-7
-5
7
5
25
21
28
28
15
13
-4
-15
-25
-31
-33
-26
-21
-8
0
6
13
9
2
-1
-15
-24
-20
-26
-13
-6
4
19
20
26
17
9
-8
-18
-33
-38
-32
-36
-14
-5
15
26
36
33
33
23
10
4
-11
-1
-5
7
21
31
42
44
37
30
11
0
-25
-34
-40
-43
-33
-25
-10
6
8
17
3
-1
-13
-28
-34
-41
-31
-28
-2
6
27
36
40
34
23
7
-11
-20
-33
-26
-19
-6
24
30
54
60
57
51
32
7
-5
-17
-25
-15
-11
20
35
45
59
55
41
31
-8
-18
-41
-47
-49
-41
-19
-5
17
29
31
32
11
0
-22
-38
-38
-40
-27
1
10
42
53
51
55
23
11
-15
-41
-43
-56
-33
-19
7
34
46
64
50
42
15
-10
-39
-54
-62
-59
-34
-10
18
45
59
66
54
31
1
-31
-63
-76
-97
-78
-67
-43
-6
4
40
28
34
16
-3
-13
-38
-28
-32
-14
9
23
50
56
55
50
29
6
-12
-31
-29
-34
-20
-4
16
29
39
32
21
5
-23
-42
-55
-57
-48
-29
2
35
59
84
88
81
66
34
9
-22
-43
-53
-52
-44
-24
-12
14
25
26
24
17
5
-8
-18
-17
-8
-7
13
20
30
37
28
15
9
-13
-24
-34
-36
-30
-23
-12
5
1
9
2
-23
-24
-52
-64
-66
-67
-56
-35
-17
23
35
55
69
69
61
53
30
17
7
-6
-5
-3
2
8
6
11
5
-11
-16
-33
-41
-54
-35
-41
-16
1
18
35
37
41
26
12
-7
-32
-47
-50
-48
-45
-20
2
15
30
32
27
14
-6
-20
-43
-42
-49
-44
-23
-10
9
16
20
17
5
-5
-11
-23
-9
3
23
45
64
75
74
53
19
-22
-73
-106
-146
-151
-140
-108
-61
-5
57
84
115
109
89
42
-5
-52
-93
-108
-111
-78
-43
12
60
91
119
121
100
74
31
-1
-31
-51
-41
-41
-7
18
39
56
56
60
33
11
2
-23
-26
-23
-17
5
15
24
25
17
3
-25
-57
-68
-87
-85
-76
-42
-9
28
76
96
117
116
101
78
30
5
-21
-50
-46
-36
-25
24
34
57
63
58
28
-4
-49
-82
-116
-123
-102
-79
-31
22
68
103
126
111
86
53
-10
-41
-77
-86
-56
-39
15
60
87
123
111
88
31
-18
-67
-106
-116
-103
-66
-14
32
81
105
123
91
29
-12
-71
-104
-112
-92
-48
5
70
110
143
147
105
32
-45
-109
-164
-190
-164
-128
-57
24
96
146
171
158
94
14
-47
-113
-149
-147
-118
-61
12
99
146
183
184
131
53
-17
-86
-150
-169
-174
-131
-84
-12
51
81
111
80
36
-13
-57
-96
-122
-121
-82
-42
22
84
123
146
147
106
71
35
-19
-41
-74
-59
-57
-29
9
12
26
13
-15
-48
-64
-95
-105
-96
-74
-29
20
83
123
153
167
138
116
71
24
-31
-67
-97
-93
-74
-49
-3
31
57
69
70
51
25
-22
-58
-102
-114
-111
-109
-76
-31
-6
30
64
62
63
49
6
-17
-54
-59
-70
-80
-38
-34
-9
13
9
0
-18
-53
-90
-108
-114
-101
-84
-27
30
75
133
151
152
120
74
1
-62
-108
-152
-171
-152
-109
-69
0
37
79
86
91
73
39
41
13
-3
10
24
44
59
67
57
37
17
-16
-57
-56
-75
-69
-61
-18
15
36
68
56
55
33
12
-22
-39
-57
-59
-65
-25
8
39
79
104
127
129
143
127
103
83
42
11
-21
-25
-42
-58
-52
-55
-36
-23
-4
-6
-10
-15
-43
-66
-70
-87
-98
-97
-81
-43
-7
50
89
110
144
135
125
107
80
28
-13
-42
-62
-67
-50
-44
-23
-6
15
15
23
30
-3
-24
-39
-60
-59
-54
-57
-47
-37
-4
1
26
41
48
36
33
28
13
18
3
-11
-14
-11
0
3
22
24
7
13
-2
-12
-33
-54
-86
-104
-105
-104
-90
-53
-29
-3
29
59
74
76
74
25
4
-27
-39
-53
-45
-24
-7
45
83
118
157
148
149
104
79
49
1
-11
-45
-47
-48
-25
5
19
38
29
33
31
29
26
16
17
14
15
27
25
25
1
-40
-81
-108
-140
-160
-161
-172
-150
-106
-62
-8
44
75
76
86
71
59
28
15
-16
-35
-8
0
26
69
77
85
73
80
42
16
-16
-69
-84
-97
-70
-63
-18
20
35
59
78
79
50
22
-25
-85
-99
-114
-120
-102
-77
-42
-10
39
88
87
92
82
34
13
-10
-40
-77
-74
-91
-85
-51
-13
12
32
65
56
70
73
62
35
12
-2
-38
-27
-21
-19
-2
9
25
42
55
67
46
33
15
-6
-17
-15
-13
-19
-6
4
12
25
30
2
-21
-47
-78
-88
-97
-93
-88
-75
-38
-13
19
52
46
35
20
-6
-19
-27
-41
-42
-48
-24
2
35
64
86
74
75
63
44
39
21
4
-16
-22
-21
-12
-8
1
-23
-32
-46
-52
-54
-61
-59
-71
-51
-36
-26
1
6
9
4
6
11
4
17
-1
4
3
12
15
8
-2
-22
-39
-50
-43
-58
-44
-44
-38
-19
10
20
38
31
25
17
0
25
9
14
22
12
33
49
57
64
47
48
20
18
7
7
1
-5
7
-6
18
25
18
16
-7
-14
-38
-36
-44
-59
-47
-51
-33
-28
-1
6
3
15
2
-1
-6
-6
-25
-38
-32
-43
-34
-23
-22
-15
-12
13
16
38
64
66
79
91
99
99
108
108
89
87
73
67
63
55
56
23
33
13
-4
-20
-40
-60
-92
-98
-128
-123
-125
-115
-107
-94
-69
-57
-35
-18
-10
-3
8
5
7
23
25
43
60
68
96
100
116
122
109
102
71
41
23
-24
-37
-60
-66
-69
-59
-46
-32
-13
-4
-3
0
-6
-10
-21
-11
-15
-7
28
29
49
66
70
68
64
63
37
29
22
7
11
22
29
12
29
13
2
-5
-9
-27
-41
-27
-40
-27
6
16
27
24
40
16
19
20
-8
-15
-15
-20
-18
8
30
33
43
46
32
30
29
2
-25
-37
-49
-58
-48
-33
-27
-13
-4
-2
8
21
14
-4
-15
-33
-38
-43
-39
-41
-31
-25
-11
1
24
35
33
34
14
20
8
-1
-10
-27
-23
-48
-30
-41
-34
-33
-46
-38
-59
-36
-55
-51
-60
-67
-62
-70
-48
-61
-41
-37
-29
-18
-3
10
16
13
17
9
11
23
16
26
32
44
58
70
82
83
67
51
14
-7
-35
-59
-82
-95
-99
-87
-68
-49
-19
-10
10
1
7
3
-4
0
-15
-5
-4
17
29
42
61
67
74
72
69
73
65
77
62
71
69
71
69
60
70
49
41
21
7
-15
-11
-30
-33
-36
-32
-25
-14
4
18
18
30
23
8
16
-6
-24
-43
-63
-72
-76
-70
-57
-57
-32
-25
-19
-3
-6
-12
-24
-37
-52
-50
-47
-36
-31
-6
7
30
47
60
57
56
37
17
2
-13
-25
-42
-47
-62
-60
-65
-72
-71
-87
-89
-110
-114
-112
-118
-105
-105
-98
-83
-69
-54
-46
-27
-33
-20
-18
-14
9
4
31
17
40
43
46
53
45
39
14
21
-5
3
-9
-8
-12
-11
8
8
31
38
48
45
59
73
84
105
113
122
139
158
169
172
184
177
156
144
122
107
88
69
46
25
20
11
-3
0
-3
-17
-17
-28
-25
-21
-24
-18
-26
-13
-8
-2
2
3
9
-6
2
-9
-4
-13
-22
-33
-49
-54
-71
-73
-106
-105
-136
-145
-153
-172
-165
-190
-180
-189
-191
-165
-174
-151
-153
-142
-142
-134
-121
-134
-133
-142
-139
-146
-134
-131
-137
-120
-123
-116
-98
-92
-80
-79
-71
-62
-55
-30
-20
-11
10
29
37
68
86
95
118
127
139
158
178
192
198
220
226
230
247
247
244
238
229
218
199
212
193
194
196
197
206
218
243
237
253
252
253
242
244
242
217
225
210
208
210
224
215
211
208
191
175
160
133
106
72
58
23
13
5
-9
-22
-36
-40
-70
-63
-90
-113
-127
-151
-153
-179
-171
-181
-192
-187
-196
-201
-201
-201
-209
-216
-198
-212
-191
-193
-188
-193
-211
-209
-255
-268
-304
-335
-367
-384
-390
-396
-382
-358
-350
-320
-303
-302
-299
-317
-333
-382
-409
-454
-503
-511
-544
-538
-538
-510
-466
-431
-345
-293
-208
-132
-52
30
105
197
266
343
416
486
562
642
722
794
874
946
1008
1063
1110
1140
1144
1141
1105
1065
1020
961
901
848
786
754
716
688
673
639
630
588
559
524
478
448
398
367
337
316
314
303
306
296
285
265
227
198
134
82
14
-58
-109
-166
-199
-241
-272
-297
-335
-359
-410
-460
-520
-596
-659
-748
-807
-861
-903
-918
-925
-898
-868
-809
-758
-713
-665
-645
-642
-673
-711
-788
-862
-945
-1027
-1086
-1126
-1135
-1130
-1092
-1035
-989
-939
-925
-933
-960
-1006
-1078
-1153
-1216
-1250
-1256
-1191
-1097
-959
-787
-609
-440
-268
-109
22
127
243
347
496
701
939
1243
1559
1912
2205
2482
2698
2795
2816
2682
2479
2172
1866
1529
1204
927
687
503
371
287
229
160
89
-34
-179
-324
-473
-607
-718
-770
-790
-711
-585
-378
-142
125
371
582
768
909
1004
1038
1019
944
869
778
705
631
572
510
431
355
247
153
25
-113
-279
-428
-546
-614
-633
-599
-531
-413
-270
-101
74
238
353
408
412
370
312
222
121
-11
-120
-220
-292
-337
-373
-403
-464
-526
-634
-722
-827
-927
-1046
-1174
-1259
-1328
-1322
-1301
-1248
-1176
-1084
-970
-869
-750
-647
-568
-505
-489
-488
-514
-538
-606
-691
-790
-901
-1021
-1133
-1229
-1311
-1339
-1360
-1385
-1381
-1359
-1324
-1299
-1264
-1214
-1138
-996
-812
-541
-124
397
966
1509
2044
2547
2977
3290
3417
3372
3235
2998
2663
2320
1993
1727
1464
1218
993
813
724
586
383
128
-127
-392
-643
-871
-1057
-1145
-1171
-1120
-982
-713
-333
30
386
681
961
1213
1367
1445
1417
1370
1248
1099
948
842
761
686
581
479
423
369
312
169
13
-156
-338
-491
-626
-703
-693
-654
-555
-410
-178
90
322
506
613
682
708
679
588
491
376
255
130
22
-38
-80
-138
-256
-403
-557
-709
-885
-1078
-1258
-1397
-1462
-1484
-1408
-1271
-1066
-842
-652
-462
-286
-160
-90
-110
-187
-283
-402
-511
-626
-683
-727
-762
-783
-801
-825
-861
-977
-1150
-1341
-1558
-1774
-2026
-2226
-2380
-2418
-2376
-2290
-2123
-1902
-1608
-1320
-1047
-814
-617
-479
-396
-317
-160
162
607
1096
1606
2153
2740
3301
3753
4005
4060
3952
3656
3227
2742
2282
1845
1413
988
649
477
434
421
357
256
111
-58
-289
-550
-789
-1003
-1196
-1356
-1387
-1262
-952
-597
-222
165
557
953
1259
1462
1559
1547
1441
1229
1022
834
708
587
461
364
328
337
323
274
179
46
-113
-279
-440
-516
-546
-545
-521
-429
-243
2
236
421
531
611
636
607
543
454
336
196
39
-58
-95
-67
-62
-78
-118
-155
-200
-300
-406
-559
-695
-852
-963
-1016
-974
-870
-752
-628
-491
-325
-190
-102
-93
-166
-274
-432
-623
-820
-1019
-1204
-1369
-1511
-1613
-1668
-1677
-1683
-1712
-1753
-1823
-1900
-1999
-2109
-2224
-2313
-2382
-2444
-2418
-2324
-2140
-1926
-1712
-1450
-1169
-873
-633
-450
-305
-238
-216
-226
-48
343
866
1388
1859
2400
3006
3582
3944
4070
4057
3880
3542
3046
2567
2183
1846
1472
1053
791
713
749
714
603
467
293
56
-281
-613
-854
-1068
-1256
-1410
-1376
-1097
-713
-300
93
517
982
1375
1664
1818
1918
1898
1758
1522
1309
1172
1059
918
737
606
542
469
362
187
1
-209
-480
-740
-935
-996
-976
-953
-886
-722
-448
-118
135
336
491
617
663
635
587
521
463
326
184
109
118
174
155
106
22
-61
-174
-342
-528
-713
-888
-1101
-1278
-1348
-1303
-1191
-1091
-965
-806
-592
-385
-301
-244
-264
-325
-465
-646
-792
-942
-1067
-1238
-1402
-1479
-1518
-1547
-1634
-1713
-1784
-1875
-1955
-2078
-2179
-2259
-2326
-2390
-2429
-2383
-2286
-2136
-1946
-1734
-1501
-1236
-955
-755
-573
-421
-277
-208
-199
-253
-148
256
805
1387
1870
2458
3068
3690
4126
4264
4284
4120
3786
3252
2710
2341
1987
1662
1252
960
891
941
972
859
755
589
315
-33
-422
-703
-957
-1183
-1415
-1492
-1281
-928
-519
-111
333
793
1217
1539
1722
1833
1856
1706
1465
1220
1058
932
803
637
500
444
416
352
247
115
-54
-296
-547
-782
-916
-974
-1013
-963
-809
-459
-64
323
640
913
1113
1200
1158
1025
866
676
450
175
7
-73
-75
-72
-88
-108
-110
-153
-283
-466
-680
-925
-1209
-1481
-1656
-1695
-1626
-1526
-1389
-1182
-903
-639
-447
-341
-301
-333
-469
-659
-884
-1080
-1279
-1488
-1672
-1761
-1766
-1759
-1752
-1761
-1784
-1803
-1846
-1941
-2043
-2125
-2212
-2309
-2346
-2341
-2231
-2053
-1834
-1614
-1353
-1034
-755
-519
-362
-202
-101
-57
-82
-120
134
616
1217
1748
2274
2897
3524
4103
4389
4449
4382
4116
3657
3029
2544
2137
1767
1383
978
812
826
890
850
736
650
446
142
-230
-571
-831
-1064
-1324
-1510
-1452
-1173
-829
-456
-52
414
859
1229
1474
1612
1713
1647
1430
1176
973
832
689
536
396
324
345
324
278
220
140
-13
-234
-448
-626
-713
-784
-840
-806
-617
-275
73
433
758
1049
1261
1355
1336
1246
1098
841
494
182
-29
-161
-262
-364
-422
-425
-409
-462
-551
-632
-736
-900
-1133
-1335
-1455
-1486
-1498
-1488
-1410
-1222
-1015
-796
-626
-478
-376
-378
-457
-590
-712
-856
-1050
-1257
-1418
-1513
-1567
-1640
-1704
-1764
-1766
-1787
-1823
-1850
-1861
-1867
-1889
-1926
-1937
-1913
-1853
-1794
-1703
-1537
-1369
-1181
-996
-825
-663
-525
-428
-380
-348
-341
-301
7
523
1193
1765
2330
2926
3537
4136
4400
4480
4372
4141
3762
3223
2835
2490
2195
1823
1430
1231
1151
1191
1040
855
634
331
-8
-456
-800
-1120
-1371
-1615
-1827
-1748
-1473
-1080
-658
-234
244
716
1153
1458
1638
1753
1723
1556
1320
1112
961
813
665
512
418
423
404
374
290
190
28
-202
-432
-675
-848
-962
-1055
-1066
-936
-656
-329
41
388
686
942
1125
1201
1182
1091
913
645
379
161
-10
-129
-251
-370
-457
-493
-556
-651
-734
-858
-1026
-1239
-1425
-1580
-1644
-1637
-1633
-1565
-1399
-1178
-943
-710
-490
-339
-242
-198
-224
-249
-310
-406
-573
-706
-805
-895
-970
-1088
-1194
-1274
-1325
-1396
-1503
-1570
-1627
-1719
-1816
-1904
-1942
-1921
-1873
-1834
-1765
-1611
-1451
-1315
-1175
-1030
-895
-800
-711
-631
-547
-490
-443
-115
458
1142
1725
2236
2862
3477
4076
4320
4367
4315
4127
3784
3240
2879
2612
2334
1968
1545
1349
1286
1299
1143
907
696
397
37
-413
-764
-1068
-1333
-1604
-1845
-1808
-1537
-1193
-819
-420
50
518
956
1262
1479
1665
1721
1600
1390
1236
1135
1052
899
749
672
699
688
629
558
472
360
121
-122
-368
-520
-651
-822
-916
-873
-681
-464
-240
57
361
634
805
865
893
910
827
571
291
73
-107
-259
-443
-570
-628
-640
-687
-782
-824
-848
-947
-1111
-1310
-1420
-1484
-1527
-1599
-1599
-1479
-1294
-1082
-892
-648
-409
-227
-128
-80
-49
-32
-113
-262
-395
-489
-592
-752
-886
-995
-1064
-1131
-1221
-1308
-1353
-1368
-1433
-1524
-1598
-1635
-1681
-1716
-1765
-1773
-1677
-1588
-1496
-1423
-1265
-1085
-925
-798
-717
-567
-462
-419
-448
-221
301
884
1402
1832
2404
3031
3628
3962
4101
4213
4140
3889
3418
3092
2861
2578
2180
1686
1438
1342
1286
1113
865
701
414
79
-334
-678
-908
-1171
-1450
-1743
-1760
-1563
-1279
-964
-632
-208
220
609
913
1188
1483
1630
1591
1487
1408
1408
1382
1272
1125
1036
1034
949
832
732
655
496
237
-33
-250
-384
-534
-736
-913
-926
-827
-665
-519
-311
-74
125
272
346
458
548
525
379
192
68
-26
-98
-223
-346
-410
-462
-558
-664
-714
-757
-878
-1056
-1241
-1331
-1356
-1375
-1415
-1403
-1282
-1108
-902
-705
-492
-262
-92
14
90
189
234
188
73
-54
-156
-276
-412
-592
-748
-877
-1017
-1186
-1308
-1399
-1491
-1617
-1762
-1856
-1919
-1942
-1980
-1997
-1980
-1925
-1824
-1713
-1584
-1462
-1304
-1156
-1024
-887
-771
-637
-525
-449
-379
-128
384
979
1535
1993
2532
3094
3627
3956
4099
4165
4106
3884
3480
3129
2876
2618
2283
1866
1602
1459
1373
1211
974
770
486
158
-233
-570
-815
-1073
-1345
-1617
-1698
-1564
-1366
-1106
-845
-482
-73
296
641
925
1241
1443
1497
1470
1434
1455
1438
1325
1185
1071
1020
932
801
713
597
471
256
20
-162
-335
-484
-698
-849
-877
-821
-724
-644
-493
-301
-135
-28
37
110
168
173
72
-59
-122
-151
-210
-336
-428
-456
-462
-507
-575
-622
-670
-750
-879
-999
-1080
-1093
-1139
-1159
-1114
-965
-779
-608
-417
-224
-15
126
174
209
209
165
58
-101
-260
-386
-495
-648
-810
-922
-990
-1098
-1225
-1348
-1444
-1540
-1676
-1791
-1876
-1911
-1933
-1944
-1937
-1861
-1736
-1626
-1538
-1400
-1238
-1072
-948
-861
-748
-615
-475
-373
-312
-271
5
462
1026
1511
1980
2525
3033
3571
3860
4043
4101
4027
3802
3385
3080
2817
2554
2214
1788
1554
1389
1283
1135
915
773
520
250
-113
-431
-689
-977
-1282
-1580
-1704
-1651
-1504
-1332
-1041
-686
-282
102
460
808
1139
1405
1493
1521
1522
1514
1454
1303
1142
985
862
724
573
492
413
302
131
-51
-197
-328
-475
-670
-828
-891
-884
-845
-772
-613
-431
-243
-94
35
174
287
322
255
171
102
23
-73
-182
-275
-325
-362
-432
-509
-522
-563
-616
-733
-826
-884
-905
-906
-956
-925
-836
-719
-587
-438
-244
-87
44
106
132
167
151
44
-102
-257
-399
-581
-759
-928
-1064
-1149
-1250
-1361
-1420
-1444
-1465
-1543
-1606
-1646
-1700
-1702
-1738
-1754
-1713
-1664
-1593
-1534
-1427
-1296
-1142
-983
-850
-722
-556
-412
-332
-309
-320
-218
96
545
992
1399
1888
2388
2889
3293
3562
3740
3805
3735
3486
3215
3028
2807
2523
2133
1815
1629
1477
1355
1122
955
748
465
125
-231
-504
-787
-1091
-1432
-1698
-1757
-1704
-1612
-1430
-1139
-760
-373
11
400
787
1145
1349
1402
1433
1439
1430
1319
1174
1024
902
788
652
589
548
500
383
225
58
-98
-269
-456
-642
-777
-839
-880
-853
-760
-570
-409
-291
-182
-79
68
148
157
102
60
46
-36
-121
-206
-226
-246
-320
-406
-460
-458
-485
-564
-646
-698
-712
-763
-812
-818
-766
-701
-660
-593
-492
-363
-247
-199
-168
-146
-146
-200
-299
-397
-496
-633
-803
-964
-1065
-1145
-1195
-1260
-1296
-1302
-1308
-1317
-1397
-1430
-1493
-1539
-1612
-1673
-1664
-1669
-1648
-1609
-1540
-1413
-1276
-1115
-969
-824
-652
-523
-410
-372
-361
-376
-249
61
447
870
1295
1803
2345
2899
3335
3668
3885
4008
3946
3738
3507
3273
3019
2663
2262
1913
1631
1414
1167
918
696
439
162
-167
-472
-766
-1038
-1365
-1654
-1859
-1913
-1877
-1772
-1562
-1262
-907
-522
-121
285
696
1039
1251
1384
1460
1512
1489
1391
1257
1125
1017
883
727
636
552
449
284
107
-35
-191
-315
-469
-607
-694
-742
-758
-751
-676
-556
-459
-350
-245
-103
13
108
174
190
213
206
192
163
113
70
-5
-103
-204
-299
-381
-502
-633
-751
-880
-989
-1086
-1137
-1154
-1141
-1095
-1046
-953
-829
-720
-613
-540
-480
-458
-485
-514
-558
-598
-670
-758
-837
-896
-927
-954
-987
-1020
-1036
-1066
-1116
-1206
-1316
-1401
-1490
-1584
-1680
-1722
-1722
-1694
-1626
-1544
-1424
-1281
-1124
-982
-825
-689
-576
-495
-453
-444
-489
-447
-224
163
593
1040
1521
2086
2648
3175
3559
3831
4003
4007
3839
3574
3342
3090
2742
2322
1917
1619
1401
1193
995
777
574
326
31
-287
-553
-811
-1090
-1397
-1658
-1784
-1808
-1733
-1592
-1365
-1045
-688
-291
124
545
949
1242
1423
1533
1607
1649
1585
1459
1304
1145
980
783
625
530
430
319
154
-3
-121
-202
-280
-396
-484
-531
-573
-624
-602
-554
-477
-442
-398
-321
-206
-61
30
78
117
136
158
134
131
87
25
-107
-269
-420
-553
-688
-851
-1014
-1161
-1252
-1287
-1289
-1263
-1223
-1145
-1065
-995
-887
-774
-658
-585
-548
-534
-540
-536
-534
-533
-564
-610
-645
-676
-711
-722
-733
-748
-824
-899
-975
-1081
-1180
-1315
-1452
-1596
-1700
-1749
-1763
-1719
-1651
-1578
-1508
-1423
-1294
-1172
-1083
-984
-910
-828
-762
-689
-621
-559
-409
-134
280
756
1258
1770
2310
2824
3300
3647
3899
4030
4025
3899
3679
3456
3190
2873
2487
2094
1739
1443
1171
927
680
428
158
-141
-422
-703
-941
-1203
-1457
-1679
-1810
-1858
-1803
-1679
-1443
-1129
-776
-367
53
505
918
1260
1491
1639
1725
1738
1682
1573
1432
1250
1047
841
688
558
445
334
214
103
2
-53
-131
-200
-304
-396
-477
-538
-536
-574
-554
-541
-495
-409
-319
-178
-55
36
96
102
102
71
30
-41
-162
-290
-434
-561
-670
-787
-873
-949
-1014
-1080
-1107
-1101
-1095
-1062
-1038
-992
-957
-882
-811
-729
-648
-575
-526
-512
-492
-480
-467
-489
-519
-575
-637
-707
-759
-799
-862
-934
-1024
-1093
-1181
-1262
-1364
-1481
-1590
-1653
-1687
-1713
-1692
-1632
-1553
-1479
-1358
-1225
-1070
-911
-778
-657
-551
-464
-377
-341
-309
-272
-151
74
392
777
1185
1629
2090
2584
2998
3347
3599
3751
3768
3657
3462
3236
2959
2624
2249
1877
1581
1329
1104
890
696
495
302
73
-163
-399
-646
-907
-1194
-1422
-1574
-1659
-1652
-1570
-1396
-1133
-813
-452
-85
327
703
1011
1226
1390
1523
1584
1574
1483
1375
1241
1115
968
833
723
634
536
407
286
167
52
-71
-200
-328
-467
-579
-676
-748
-775
-797
-788
-780
-722
-630
-530
-420
-332
-251
-169
-96
-14
28
61
54
18
-34
-106
-174
-276
-388
-523
-655
-775
-880
-974
-1016
-1062
-1069
-1088
-1070
-1003
-938
-862
-836
-802
-764
-740
-695
-666
-631
-617
-602
-583
-563
-543
-524
-510
-512
-524
-546
-600
-673
-765
-866
-993
-1119
-1208
-1276
-1319
-1345
-1355
-1345
-1315
-1274
-1203
-1133
-1036
-943
-832
-735
-629
-516
-406
-327
-260
-186
-91
72
330
650
981
1325
1693
2093
2466
2806
3055
3211
3290
3273
3183
3020
2838
2636
2363
2079
1786
1546
1311
1099
885
694
499
279
51
-164
-369
-556
-776
-1012
-1201
-1327
-1373
-1417
-1380
-1276
-1125
-914
-683
-421
-118
173
455
657
840
1001
1110
1172
1175
1153
1098
1020
913
819
732
644
536
440
364
271
175
50
-92
-239
-382
-572
-754
-905
-999
-1078
-1135
-1137
-1090
-975
-825
-663
-492
-316
-156
-18
79
126
139
121
58
-31
-128
-216
-325
-434
-523
-592
-639
-650
-662
-673
-656
-638
-636
-652
-649
-652
-668
-679
-674
-661
-606
-542
-494
-417
-369
-293
-253
-207
-174
-183
-186
-240
-300
-362
-434
-500
-587
-658
-724
-783
-823
-856
-886
-907
-932
-947
-935
-913
-860
-816
-748
-681
-596
-501
-418
-303
-193
-81
14
98
192
258
308
359
387
450
522
602
712
826
984
1127
1269
1401
1528
1628
1711
1759
1792
1802
1763
1686
1582
1467
1340
1188
1034
881
751
636
517
399
300
221
130
38
-45
-129
-189
-272
-327
-382
-409
-393
-376
-340
-281
-197
-86
3
117
220
317
396
457
501
519
517
458
374
271
176
74
-48
-148
-219
-291
-350
-396
-426
-430
-454
-468
-495
-516
-510
-531
-534
-537
-524
-494
-479
-454
-395
-340
-286
-265
-259
-261
-279
-312
-366
-435
-481
-516
-572
-599
-617
-599
-588
-580
-555
-517
-472
-422
-384
-333
-271
-216
-165
-119
-66
-6
39
81
130
169
214
212
193
165
131
111
74
32
-10
-27
-52
-61
-85
-93
-97
-109
-129
-151
-183
-185
-222
-256
-290
-317
-298
-281
-242
-188
-114
-44
21
75
129
162
176
184
163
131
76
36
-6
-25
-57
-74
-75
-63
-11
5
38
65
88
97
89
74
77
67
63
59
47
88
120
186
238
303
377
443
497
529
543
542
546
529
513
483
468
449
446
440
452
464
489
492
512
534
543
558
533
527
487
470
423
382
343
313
265
208
156
105
68
13
-9
-50
-67
-105
-148
-183
-225
-257
-294
-341
-372
-412
-423
-464
-483
-502
-518
-546
-577
-591
-606
-619
-628
-635
-632
-619
-580
-558
-522
-483
-439
-389
-357
-314
-282
-247
-212
-189
-157
-132
-106
-82
-54
-46
-24
-14
-20
-27
-50
-57
-81
-101
-120
-129
-124
-100
-92
-53
-31
4
37
68
106
140
160
185
183
196
205
209
211
214
221
232
242
258
275
283
303
300
300
277
251
203
156
94
33
-22
-68
-101
-109
-111
-101
-89
-84
-77
-90
-98
-112
-138
-150
-185
-189
-194
-182
-167
-145
-119
-83
-45
-2
37
57
72
69
74
87
96
105
100
101
89
86
98
105
114
116
98
102
82
99
73
56
38
3
-14
-27
-26
-4
6
8
22
13
54
53
71
80
80
96
101
114
138
152
167
167
173
182
184
169
144
108
64
25
-54
-123
-205
-271
-345
-403
-455
-483
-493
-487
-460
-435
-365
-323
-266
-219
-176
-129
-93
-56
-35
-5
18
55
73
113
138
155
179
180
188
179
160
143
101
87
60
33
23
-8
-2
-19
-9
5
24
61
73
90
105
114
114
115
97
83
71
47
45
22
27
15
-2
-9
-33
-44
-55
-64
-77
-95
-113
-137
-146
-159
-157
-147
-130
-95
-82
-44
-11
34
70
99
119
140
172
188
207
211
224
225
220
224
225
238
248
248
245
233
217
184
160
117
87
44
19
-2
-6
3
9
25
32
48
49
63
68
74
62
50
36
19
9
9
10
2
-7
-7
-1
23
51
68
83
88
100
108
125
147
166
176
176
190
210
220
223
202
176
136
98
64
9
-26
-71
-114
-159
-185
-187
-174
-163
-149
-113
-85
-23
9
59
103
139
181
195
216
235
264
278
286
285
298
304
305
289
265
220
186
140
82
35
-10
-33
-64
-101
-109
-118
-104
-96
-81
-58
-36
-23
-2
0
-4
-11
-40
-77
-147
-197
-267
-333
-409
-479
-570
-642
-711
-780
-838
-907
-953
-1015
-1065
-1105
-1132
-1139
-1141
-1128
-1113
-1086
-1053
-1007
-947
-893
-831
-782
-728
-678
-632
-568
-524
-463
-420
-384
-340
-304
-239
-204
-166
-156
-141
-124
-114
-107
-117
-122
-136
-153
-151
-146
-121
-76
-48
12
71
159
258
333
426
500
572
654
707
772
821
874
930
984
1047
1130
1213
1301
1402
1492
1607
1694
1785
1855
1925
1993
2061
2118
2168
2218
2270
2317
2354
2379
2402
2410
2383
2367
2316
2272
2208
2120
2039
1933
1850
1762
1663
1584
1499
1418
1341
1249
1171
1084
986
898
779
688
567
457
354
231
124
1
-114
-222
-345
-439
-561
-664
-771
-883
-987
-1085
-1170
-1246
-1307
-1365
-1398
-1418
-1419
-1413
-1398
-1367
-1331
-1298
-1249
-1209
-1145
-1099
-1040
-989
-928
-863
-802
-749
-690
-622
-549
-487
-423
-364
-303
-251
-210
-168
-135
-107
-96
-79
-84
-83
-97
-121
-150
-198
-253
-324
-423
-513
-638
-757
-884
-1035
-1167
-1328
-1471
-1617
-1760
-1891
-2023
-2145
-2262
-2375
-2472
-2563
-2641
-2721
-2783
-2841
-2884
-2905
-2905
-2885
-2845
-2790
-2706
-2611
-2489
-2349
-2199
-2038
-1876
-1707
-1533
-1355
-1177
-981
-798
-602
-408
-212
-10
188
386
567
735
888
1048
1175
1314
1437
1551
1666
1758
1860
1945
2037
2103
2176
2225
2271
2314
2318
2343
2320
2302
2257
2188
2128
2038
1948
1853
1763
1688
1597
1499
1411
1309
1222
1109
996
872
748
625
486
361
237
125
12
-111
-222
-335
-450
-568
-704
-841
-993
-1154
-1311
-1480
-1647
-1799
-1966
-2116
-2278
-2418
-2562
-2686
-2809
-2918
-3021
-3099
-3148
-3173
-3186
-3165
-3132
-3068
-2995
-2910
-2808
-2694
-2562
-2426
-2272
-2119
-1930
-1743
-1524
-1306
-1062
-807
-538
-255
46
365
681
1032
1359
1721
2059
2412
2755
3085
3405
3694
3981
4235
4481
4699
4889
5066
5201
5320
5389
5421
5412
5343
5229
5053
4827
4560
4249
3904
3543
3144
2745
2333
1928
1525
1129
734
359
-13
-379
-725
-1062
-1373
-1674
-1952
-2216
-2448
-2646
-2820
-2976
-3107
-3223
-3315
-3391
-3448
-3485
-3508
-3510
-3504
-3485
-3443
-3397
-3313
-3228
-3123
-3005
-2879
-2729
-2572
-2395
-2219
-2035
-1857
-1679
-1504
-1329
-1151
-971
-804
-641
-479
-317
-143
32
211
383
547
708
859
1019
1161
1306
1419
1533
1631
1737
1835
1924
2015
2086
2157
2204
2260
2305
2344
2357
2348
2323
2280
2244
2176
2108
2021
1931
1828
1730
1626
1540
1448
1355
1257
1159
1056
965
850
744
615
476
350
195
64
-79
-217
-359
-501
-624
-750
-863
-976
-1087
-1193
-1306
-1415
-1513
-1621
-1696
-1771
-1828
-1861
-1886
-1856
-1850
-1795
-1752
-1679
-1602
-1535
-1447
-1382
-1286
-1216
-1125
-1050
-973
-867
-784
-680
-592
-493
-393
-328
-244
-202
-148
-117
-109
-98
-120
-114
-127
-120
-113
-91
-45
4
64
147
231
326
417
496
585
658
731
799
847
899
953
999
1051
1089
1145
1198
1244
1282
1298
1317
1311
1296
1260
1208
1152
1078
1012
927
846
776
694
612
526
437
357
260
170
72
-34
-130
-235
-329
-417
-504
-581
-646
-712
-762
-812
-853
-886
-922
-947
-975
-996
-1000
-1006
-1012
-1004
-991
-982
-965
-956
-943
-929
-920
-912
-915
-903
-896
-879
-866
-839
-803
-766
-706
-671
-598
-538
-470
-406
-338
-271
-200
-139
-73
-16
49
103
145
176
215
234
258
266
259
267
246
237
212
190
181
155
140
128
112
125
125
146
161
191
223
248
294
322
363
393
418
452
466
507
523
556
582
612
631
664
682
702
715
707
702
678
651
614
567
520
467
406
363
315
278
253
228
223
222
231
242
257
275
291
296
300
297
292
282
268
243
229
216
193
185
163
156
135
117
97
70
43
14
-30
-61
-104
-140
-179
-219
-251
-287
-315
-344
-370
-389
-405
-426
-432
-447
-456
-456
-467
-455
-464
-452
-449
-446
-431
-430
-420
-415
-412
-402
-400
-397
-391
-382
-374
-358
-353
-338
-320
-310
-285
-269
-242
-216
-187
-164
-132
-104
-63
-38
2
22
66
92
124
168
178
232
237
272
292
303
330
331
343
343
351
345
351
337
334
321
298
284
252
236
201
183
148
133
109
103
95
103
115
133
151
176
206
227
266
271
300
304
317
324
331
336
341
344
345
349
353
352
351
328
318
280
246
206
146
98
27
-34
-97
-157
-200
-243
-271
-299
-303
-314
-303
-292
-278
-252
-243
-227
-211
-199
-184
-172
-165
-153
-146
-134
-120
-121
-104
-116
-110
-133
-141
-160
-186
-201
-248
-265
-301
-323
-341
-362
-374
-379
-392
-388
-392
-382
-369
-366
-348
-336
-315
-285
-262
-219
-196
-150
-121
-90
-54
-37
-3
3
14
15
7
5
-1
-10
-13
-22
-23
-24
-23
-15
-7
8
17
26
36
41
56
54
61
52
48
48
36
42
38
45
57
64
87
104
131
155
176
195
213
223
236
237
241
236
232
225
209
203
181
168
146
121
102
67
47
15
-10
-31
-55
-70
-84
-93
-87
-88
-71
-62
-46
-27
-13
18
36
68
91
113
141
162
183
205
214
223
225
214
207
182
163
121
83
34
-14
-60
-103
-145
-178
-206
-224
-231
-237
-222
-215
-191
-170
-150
-116
-91
-52
-22
8
45
76
113
139
165
186
201
209
204
200
183
168
137
112
69
40
6
-30
-52
-79
-91
-105
-113
-117
-110
-106
-96
-97
-81
-79
-67
-58
-48
-41
-20
-27
-8
-10
3
7
5
5
-1
-4
-13
-22
-34
-41
-56
-64
-80
-85
-95
-91
-106
-97
-101
-90
-80
-72
-64
-46
-36
-31
-12
-21
-2
-3
-3
-1
2
2
14
11
23
29
39
49
51
57
64
59
63
45
38
22
4
-13
-44
-54
-86
-104
-129
-150
-158
-172
-173
-188
-181
-181
-172
-160
-155
-138
-122
-103
-88
-63
-41
-11
22
48
83
125
159
199
226
250
275
278
282
267
253
231
193
156
109
68
21
-18
-64
-99
-124
-154
-169
-190
-196
-196
-204
-194
-204
-180
-181
-163
-145
-134
-93
-77
-36
-15
27
57
87
110
117
128
126
114
99
74
50
24
-9
-31
-57
-63
-78
-81
-96
-83
-92
-77
-80
-78
-62
-64
-46
-43
-22
-5
18
36
52
65
86
82
96
81
78
70
48
42
19
16
-2
-9
-19
-26
-23
-25
-25
-19
-14
-5
1
12
22
36
52
55
73
76
91
95
99
107
100
113
102
105
101
99
93
91
78
72
65
55
46
39
29
22
17
0
-7
-19
-36
-46
-69
-81
-97
-114
-115
-137
-126
-134
-126
-118
-115
-97
-91
-71
-68
-55
-45
-36
-20
-3
9
37
64
87
126
144
184
200
225
225
231
224
212
189
161
129
93
67
26
1
-24
-40
-55
-64
-67
-66
-51
-50
-38
-26
-18
-3
6
14
28
32
45
45
49
55
51
50
43
20
15
-15
-37
-67
-99
-127
-161
-187
-215
-229
-236
-243
-237
-231
-213
-193
-169
-146
-117
-89
-68
-38
-19
17
34
69
79
108
123
142
152
161
163
159
151
135
116
101
78
51
36
11
4
-5
-15
-9
-13
-6
-4
-2
3
8
4
17
-1
15
12
17
27
31
45
58
74
83
104
112
120
125
122
121
118
106
100
78
71
50
28
18
-13
-25
-60
-80
-115
-136
-166
-191
-204
-233
-231
-249
-245
-241
-229
-215
-199
-177
-160
-132
-110
-92
-64
-48
-23
0
13
45
58
85
111
114
155
146
165
166
156
157
139
122
110
84
71
55
43
33
30
25
26
28
33
42
39
53
46
54
55
55
53
57
49
50
46
39
31
21
2
-18
-34
-67
-85
-113
-137
-156
-169
-186
-185
-193
-180
-177
-159
-149
-134
-114
-97
-82
-60
-42
-25
5
13
45
58
77
92
100
111
109
113
102
92
80
65
48
33
17
2
-9
-21
-34
-37
-37
-45
-36
-38
-34
-23
-23
-14
-7
-1
6
14
18
31
36
51
57
70
81
93
108
121
130
144
146
151
148
143
133
119
106
78
66
35
24
6
-18
-30
-53
-62
-75
-91
-98
-101
-120
-116
-136
-140
-137
-143
-130
-122
-115
-96
-83
-61
-47
-40
-23
-14
-16
-9
-16
-7
4
-7
1
-1
0
3
-16
-19
-26
-45
-48
-81
-81
-89
-104
-109
-113
-109
-80
-69
-67
-48
-12
25
55
52
12
34
34
40
58
65
96
122
132
168
202
233
192
100
75
18
4
-19
-85
-100
-109
-116
-120
-128
-138
-137
-157
-153
-163
-137
-113
-103
-76
-39
-9
20
42
50
97
132
163
187
201
200
213
199
177
176
154
121
94
67
58
54
30
22
5
-6
-7
-33
5
5
14
5
-9
3
3
17
40
51
78
73
76
123
154
196
205
183
154
137
122
129
109
85
47
28
4
6
2
5
-12
-46
-62
-58
-53
-49
-87
-115
-112
-128
-120
-150
-158
-146
-126
-117
-125
-114
-121
-100
-93
-123
-141
-125
-133
-126
-109
-94
-43
-22
-27
-57
-32
-26
-8
35
39
46
60
48
48
69
94
81
22
-11
-22
10
62
84
70
55
37
22
42
52
56
57
38
-6
-3
17
42
21
31
12
-8
2
0
19
3
2
-28
-42
-33
-34
-13
-25
-39
-51
-33
-15
-10
3
-2
7
21
43
52
69
91
134
163
164
144
152
171
184
165
124
110
132
144
103
92
63
-18
-7
-25
-21
-1
-73
-126
-134
-110
-88
-91
-110
-148
-170
-130
-101
-100
-103
-143
-102
-13
38
10
-54
-86
-33
59
125
40
-95
-135
-96
11
91
70
-20
-136
-172
-50
88
81
-52
-166
-158
-109
-65
-39
-67
-149
-213
-246
-153
-56
-37
-56
-120
-144
-125
-51
38
48
11
-38
-65
-14
49
73
57
14
-13
67
122
103
73
56
103
165
179
111
49
66
136
166
105
35
60
103
102
79
56
52
30
5
25
48
55
17
-14
35
84
89
58
17
14
44
36
19
77
96
75
34
-3
84
122
104
61
20
104
143
99
65
87
106
113
36
-17
55
80
63
-30
-51
74
103
42
-88
-141
-15
34
8
-83
-193
-192
-75
-7
-83
-238
-302
-275
-202
-173
-188
-232
-301
-269
-195
-196
-295
-384
-299
-229
-254
-302
-315
-195
-181
-261
-262
-335
-365
-237
-191
-148
-196
-268
-227
-140
-56
-132
-244
-245
-208
-54
34
-19
-124
-129
-9
113
124
-22
-93
61
208
156
94
92
173
256
229
217
249
321
323
289
357
489
512
444
368
470
577
586
480
426
513
589
537
476
455
472
507
432
356
356
397
356
244
254
293
229
196
110
73
89
58
25
-29
-123
-68
-35
-123
-250
-263
-190
-229
-351
-401
-400
-336
-345
-425
-454
-469
-438
-433
-492
-566
-525
-504
-565
-587
-612
-630
-582
-580
-684
-687
-619
-627
-676
-720
-677
-657
-619
-706
-764
-674
-712
-761
-707
-685
-726
-716
-693
-720
-695
-643
-694
-787
-758
-675
-640
-668
-705
-611
-468
-481
-538
-437
-222
-103
-31
102
307
512
628
685
860
1040
1116
1172
1312
1502
1632
1748
1809
1871
1992
2068
1953
1864
1891
1930
1849
1706
1618
1589
1516
1349
1166
1051
915
716
549
434
278
153
69
-38
-157
-275
-369
-451
-509
-605
-646
-677
-655
-610
-517
-500
-542
-481
-367
-322
-339
-310
-220
-115
-52
-10
33
111
147
157
141
129
147
170
147
90
82
36
-26
-98
-157
-270
-399
-546
-646
-697
-766
-865
-949
-949
-1030
-1094
-1135
-1201
-1220
-1204
-1144
-1168
-1216
-1117
-1029
-1000
-992
-1005
-1022
-919
-806
-810
-845
-772
-717
-678
-629
-674
-693
-643
-617
-684
-670
-681
-727
-768
-710
-701
-785
-675
-340
-21
-45
-158
145
610
713
498
390
724
1182
1352
1309
1358
1774
2188
2198
1980
1939
2152
2247
2095
1979
2015
2059
2016
1973
1871
1659
1391
1172
1029
828
602
329
217
222
135
-81
-311
-374
-381
-536
-789
-910
-884
-841
-853
-888
-887
-829
-752
-732
-740
-719
-621
-562
-460
-327
-205
-107
27
163
283
344
413
575
686
716
762
871
952
953
906
876
874
893
850
745
698
726
677
472
330
282
152
-33
-213
-342
-442
-540
-618
-697
-810
-915
-951
-963
-1056
-1149
-1118
-1103
-1122
-1103
-1039
-982
-942
-853
-782
-774
-723
-642
-559
-515
-538
-481
-418
-374
-410
-479
-439
-403
-508
-631
-667
-722
-784
-840
-981
-1115
-1124
-1181
-1284
-1349
-1464
-1579
-1608
-1683
-1820
-1882
-1885
-1874
-1711
-1364
-1118
-1041
-911
-514
-33
98
-57
44
603
1122
1312
1438
1799
2429
2909
2953
2812
3016
3356
3369
3168
3094
3238
3323
3258
3124
2950
2736
2462
2169
1858
1501
1122
831
629
446
197
-161
-421
-518
-689
-1073
-1403
-1490
-1491
-1533
-1595
-1629
-1540
-1402
-1339
-1304
-1293
-1217
-1049
-906
-787
-611
-413
-201
26
233
355
443
575
720
836
961
1067
1134
1193
1274
1270
1219
1125
1009
922
807
725
623
500
419
356
174
-31
-166
-297
-459
-583
-699
-779
-853
-888
-889
-904
-953
-987
-953
-955
-951
-860
-759
-707
-635
-497
-410
-437
-432
-348
-285
-280
-323
-310
-257
-265
-285
-329
-417
-524
-581
-631
-795
-961
-1009
-1017
-1114
-1193
-1280
-1419
-1524
-1556
-1627
-1699
-1778
-1838
-1853
-1843
-1843
-1896
-1947
-1977
-1932
-1857
-1841
-1760
-1335
-846
-675
-627
-272
316
630
579
549
929
1516
1859
1970
2154
2668
3279
3487
3292
3257
3539
3652
3465
3251
3236
3270
3217
3093
2907
2630
2324
2036
1717
1386
1007
679
459
368
172
-121
-389
-474
-519
-793
-1107
-1235
-1258
-1248
-1261
-1303
-1253
-1123
-1007
-948
-956
-912
-780
-698
-605
-479
-320
-164
16
237
347
399
489
613
677
720
767
859
976
1051
1010
962
980
954
850
697
540
491
476
358
238
169
78
-47
-208
-392
-525
-649
-758
-863
-918
-935
-966
-988
-1016
-1027
-1085
-1133
-1144
-1074
-1039
-1000
-928
-836
-743
-697
-684
-666
-625
-644
-677
-653
-628
-609
-576
-614
-644
-617
-695
-796
-776
-815
-954
-987
-1041
-1110
-1128
-1163
-1251
-1311
-1343
-1405
-1458
-1476
-1506
-1549
-1526
-1546
-1538
-1496
-1510
-1567
-1511
-1490
-1520
-1474
-1234
-789
-448
-420
-332
232
755
792
624
753
1265
1765
1944
2014
2372
3049
3463
3358
3213
3401
3659
3578
3309
3255
3367
3358
3296
3167
2988
2719
2413
2108
1792
1439
1043
744
619
497
247
-40
-199
-180
-309
-616
-812
-808
-757
-733
-680
-599
-436
-254
-93
53
138
268
452
629
807
1002
1191
1433
1700
1934
2033
2121
2277
2419
2513
2569
2670
2694
2725
2734
2706
2655
2541
2404
2231
2104
1965
1805
1593
1404
1252
1007
700
404
161
-90
-373
-642
-875
-1029
-1183
-1332
-1523
-1708
-1837
-1964
-2126
-2217
-2293
-2354
-2366
-2365
-2308
-2299
-2337
-2314
-2272
-2264
-2256
-2257
-2233
-2175
-2087
-2047
-2037
-2042
-2027
-1930
-1880
-1975
-2009
-1928
-1943
-1980
-1965
-2025
-2110
-2053
-2030
-2128
-2184
-2211
-2244
-2175
-2180
-2269
-2264
-2232
-2218
-2243
-2299
-2295
-2238
-2201
-2135
-1942
-1553
-1137
-916
-800
-455
113
415
388
439
851
1399
1815
2008
2232
2773
3349
3483
3352
3400
3589
3664
3527
3359
3363
3402
3333
3212
3007
2724
2405
2053
1654
1309
928
570
342
207
45
-243
-498
-582
-681
-919
-1172
-1311
-1292
-1240
-1218
-1190
-1055
-884
-738
-623
-547
-461
-308
-147
38
230
404
605
830
1030
1160
1224
1291
1359
1453
1509
1530
1501
1488
1511
1469
1322
1160
1019
858
667
499
347
143
21
-114
-322
-559
-766
-967
-1140
-1295
-1417
-1500
-1557
-1562
-1506
-1481
-1514
-1495
-1411
-1312
-1252
-1190
-1083
-877
-707
-558
-416
-281
-126
9
104
152
231
303
400
474
482
434
448
519
482
348
271
230
184
92
-1
-157
-301
-305
-434
-685
-826
-866
-968
-1121
-1255
-1306
-1316
-1337
-1424
-1497
-1532
-1570
-1606
-1639
-1617
-1543
-1463
-1385
-1152
-605
-67
103
228
561
901
1026
1016
1163
1592
2093
2393
2532
2760
3275
3576
3425
3122
3146
3259
3146
2861
3029
4050
4173
3239
2763
2338
1844
1597
952
259
-273
-787
-818
-798
-1277
-1649
-2098
-2482
-2413
-2500
-2756
-2598
-2187
-1995
-1867
-1734
-1657
-1172
-605
-405
-300
-84
282
757
1067
1132
1214
1354
1411
1434
1317
1128
1133
1098
887
568
247
-16
-165
-354
-689
-1013
-1193
-1183
-1122
-1145
-1196
-1171
-1092
-1101
-1092
-1049
-986
-840
-743
-696
-635
-575
-484
-386
-374
-440
-483
-518
-513
-408
-376
-413
-437
-427
-419
-419
-452
-435
-404
-459
-529
-496
-434
-343
-255
-190
-175
-181
-168
-117
-48
-17
-53
-175
-317
-384
-477
-614
-707
-800
-947
-1161
-1350
-1485
-1519
-1551
-1696
-1857
-1953
-1931
-1828
-1754
-1747
-1731
-1708
-1722
-1681
-1504
-1195
-584
307
1219
1797
2239
2701
3026
3069
2960
3039
3315
3707
3960
4073
4220
4404
4280
3628
2803
2226
1846
1472
1153
1005
914
706
363
-67
-509
-851
-1133
-1337
-1377
-1232
-990
-717
-371
-47
72
-6
32
226
429
633
833
1113
1376
1488
1454
1341
1214
1036
766
457
318
300
265
188
101
-55
-238
-409
-509
-531
-501
-454
-396
-296
-174
-78
-31
12
53
39
-25
-11
71
186
220
155
60
-14
-142
-338
-562
-792
-1023
-1210
-1317
-1350
-1332
-1321
-1337
-1359
-1376
-1363
-1284
-1150
-960
-755
-573
-410
-259
-160
-82
-67
-119
-176
-222
-231
-221
-273
-342
-435
-604
-808
-990
-1158
-1324
-1463
-1609
-1737
-1850
-1906
-1898
-1895
-1859
-1826
-1786
-1746
-1622
-1446
-1272
-1143
-1033
-989
-918
-807
-701
-495
-344
-367
-421
-461
-542
-472
-48
776
1689
2299
2535
2661
2757
2724
2628
2562
2665
2893
3107
3253
3452
3691
3613
3043
2218
1609
1268
1044
956
1026
1046
814
454
28
-292
-501
-757
-1018
-1039
-832
-554
-249
96
370
445
257
114
201
480
757
986
1157
1288
1322
1209
996
804
585
272
-12
-126
-88
-1
12
-68
-211
-352
-466
-510
-433
-275
-144
-64
47
227
408
468
499
470
441
435
485
552
644
651
506
295
122
-53
-234
-439
-702
-964
-1151
-1313
-1405
-1423
-1421
-1475
-1579
-1617
-1583
-1503
-1386
-1267
-1144
-1049
-984
-915
-820
-722
-710
-736
-756
-730
-662
-668
-766
-826
-867
-1022
-1221
-1301
-1329
-1452
-1555
-1604
-1664
-1664
-1594
-1557
-1543
-1441
-1390
-1432
-1383
-1137
-981
-881
-750
-673
-628
-599
-554
-457
-310
-206
-229
-377
-522
-587
-605
-415
300
1319
2102
2452
2551
2620
2571
2393
2262
2343
2622
2957
3181
3323
3559
3590
3042
2181
1480
1069
817
731
844
1013
971
658
207
-177
-424
-653
-902
-967
-732
-361
-63
182
464
536
376
165
182
388
652
906
1090
1184
1179
1040
748
497
303
62
-194
-295
-193
-10
122
157
118
28
-115
-257
-315
-206
-36
87
244
459
602
618
562
456
332
235
218
253
326
410
324
111
-123
-355
-653
-934
-1109
-1183
-1275
-1346
-1356
-1346
-1325
-1386
-1496
-1586
-1568
-1455
-1312
-1141
-980
-842
-799
-794
-832
-843
-847
-904
-925
-919
-907
-886
-807
-775
-800
-902
-1056
-1217
-1364
-1449
-1500
-1472
-1362
-1253
-1230
-1206
-1141
-1112
-1114
-1110
-1064
-895
-686
-580
-484
-356
-395
-482
-492
-499
-490
-487
-527
-601
-525
-291
43
659
1554
2216
2416
2415
2479
2541
2525
2532
2631
2750
2952
3088
3101
3140
3007
2520
1773
1161
833
725
630
610
622
396
-2
-369
-654
-772
-849
-988
-1006
-832
-535
-262
-46
135
252
206
115
248
539
805
1011
1150
1172
1139
1045
875
692
523
364
169
78
141
241
306
293
204
109
-25
-126
-128
-43
11
54
177
305
381
416
387
239
83
-2
-46
-12
78
110
-13
-183
-395
-646
-897
-1144
-1334
-1416
-1478
-1498
-1463
-1403
-1380
-1432
-1537
-1600
-1562
-1476
-1336
-1191
-1049
-948
-949
-971
-988
-1012
-1043
-1070
-1039
-970
-949
-949
-938
-933
-963
-1040
-1123
-1233
-1321
-1433
-1531
-1559
-1553
-1531
-1518
-1461
-1404
-1306
-1244
-1202
-1118
-1038
-930
-765
-572
-428
-315
-235
-182
-175
-157
-176
-243
-245
-201
-187
-4
441
1044
1668
2198
2544
2680
2687
2658
2624
2669
2887
3024
3090
3225
3312
3233
2949
2521
1986
1459
1009
755
655
594
506
291
-69
-382
-638
-905
-1045
-1092
-1047
-901
-669
-373
-67
119
180
215
240
386
609
884
1193
1424
1493
1455
1362
1248
1127
954
729
627
573
558
621
636
578
388
119
-151
-302
-324
-294
-244
-163
-52
41
62
65
57
-49
-183
-250
-222
-95
14
5
-99
-283
-512
-782
-958
-1096
-1193
-1258
-1349
-1387
-1387
-1382
-1445
-1530
-1579
-1646
-1629
-1548
-1401
-1231
-1128
-1077
-1127
-1184
-1183
-1174
-1135
-1062
-948
-874
-808
-777
-839
-968
-1161
-1331
-1507
-1623
-1646
-1704
-1735
-1639
-1588
-1621
-1622
-1576
-1559
-1502
-1391
-1202
-978
-679
-440
-315
-166
25
92
76
91
41
19
22
45
76
225
552
967
1392
1820
2187
2353
2407
2455
2457
2503
2640
2802
2940
3053
3117
3063
2872
2598
2264
1867
1529
1279
1101
956
814
632
350
-12
-372
-674
-891
-992
-1027
-980
-867
-702
-535
-419
-295
-187
-111
-27
155
400
698
974
1192
1334
1385
1304
1194
1072
979
921
842
876
954
948
832
625
330
48
-190
-327
-381
-307
-209
-163
-134
-120
-128
-249
-363
-396
-359
-301
-198
-87
-28
-40
-139
-279
-452
-597
-697
-811
-869
-890
-921
-991
-1089
-1178
-1294
-1433
-1521
-1511
-1467
-1399
-1327
-1297
-1262
-1250
-1294
-1323
-1318
-1299
-1237
-1150
-1016
-849
-728
-656
-679
-805
-940
-1154
-1331
-1430
-1440
-1469
-1512
-1512
-1497
-1472
-1402
-1394
-1364
-1339
-1345
-1271
-1115
-855
-596
-412
-297
-176
-123
-112
-100
-95
-92
-67
4
138
321
548
838
1120
1413
1766
2050
2217
2341
2467
2536
2619
2727
2837
2903
2939
2975
2911
2781
2627
2393
2091
1788
1516
1290
1093
922
696
443
161
-112
-360
-550
-698
-766
-787
-749
-670
-554
-413
-292
-174
-55
86
239
423
618
830
970
1054
1079
1088
1061
1013
1006
1054
1004
887
740
569
392
190
6
-167
-298
-383
-422
-469
-464
-441
-441
-495
-493
-474
-444
-421
-363
-328
-318
-313
-349
-376
-447
-511
-565
-624
-682
-773
-879
-991
-1081
-1113
-1180
-1195
-1198
-1231
-1312
-1395
-1452
-1456
-1451
-1463
-1433
-1383
-1330
-1265
-1220
-1165
-1049
-949
-865
-792
-722
-693
-688
-709
-817
-971
-1095
-1185
-1249
-1283
-1210
-1159
-1149
-1128
-1147
-1174
-1156
-1081
-977
-846
-700
-548
-424
-319
-210
-154
-131
-92
-68
23
108
241
399
532
655
875
1188
1457
1748
2031
2251
2343
2400
2462
2509
2604
2685
2697
2737
2804
2803
2667
2498
2353
2102
1803
1583
1408
1248
1053
825
581
346
149
-73
-291
-436
-509
-638
-701
-670
-552
-446
-396
-289
-204
-97
30
176
343
548
683
761
911
1121
1256
1285
1255
1108
919
753
616
523
444
360
215
58
-89
-211
-382
-560
-675
-753
-797
-761
-685
-655
-666
-742
-817
-874
-870
-827
-764
-686
-617
-607
-603
-636
-671
-782
-892
-979
-1005
-1012
-974
-950
-942
-1012
-1120
-1205
-1317
-1349
-1385
-1415
-1378
-1371
-1346
-1266
-1217
-1142
-1061
-983
-911
-836
-790
-727
-683
-700
-728
-808
-873
-861
-807
-766
-725
-662
-571
-582
-584
-501
-554
-615
-618
-647
-557
-393
-304
-168
-146
-111
-94
-134
-107
-42
38
157
280
393
539
724
925
1145
1423
1727
1956
2066
2215
2351
2389
2416
2485
2540
2565
2664
2726
2700
2665
2574
2366
2086
1868
1676
1452
1244
1072
883
602
376
179
-18
-197
-337
-477
-573
-590
-605
-596
-557
-475
-394
-311
-194
-8
152
290
443
598
786
896
914
927
880
759
641
564
479
437
386
287
165
83
-34
-231
-411
-523
-622
-724
-726
-684
-656
-678
-721
-794
-863
-932
-936
-882
-843
-796
-775
-794
-823
-819
-832
-892
-908
-909
-953
-988
-992
-1013
-1036
-1087
-1096
-1155
-1221
-1179
-1177
-1186
-1114
-1114
-1159
-1137
-1056
-921
-848
-788
-695
-620
-572
-526
-538
-530
-532
-594
-511
-399
-335
-266
-189
-247
-333
-316
-367
-322
-174
-167
-133
-62
-100
-172
-206
-283
-347
-398
-392
-329
-219
-110
39
154
205
274
326
359
400
562
759
967
1255
1607
1890
2082
2219
2272
2302
2307
2335
2358
2397
2490
2550
2554
2525
2457
2276
1971
1642
1382
1126
846
664
548
409
262
74
-126
-292
-457
-639
-756
-789
-750
-666
-585
-438
-263
-130
-21
101
223
364
484
574
687
765
751
751
745
705
668
595
498
410
281
150
20
-115
-249
-403
-539
-639
-750
-866
-930
-1005
-1052
-1060
-1138
-1176
-1103
-1075
-1072
-972
-889
-865
-899
-845
-761
-748
-762
-782
-795
-718
-697
-763
-727
-776
-794
-689
-728
-787
-799
-892
-989
-971
-888
-827
-824
-753
-635
-498
-423
-405
-386
-415
-412
-411
-289
-80
-139
-179
-86
-88
-72
-65
-89
-56
-93
-62
-61
-138
-68
-8
-147
-204
-110
-116
-122
-83
-25
27
5
0
101
163
258
358
453
561
631
683
752
770
803
850
853
918
999
1011
1044
1049
1060
1126
1153
1187
1281
1332
1342
1371
1362
1317
1282
1259
1208
1148
1068
1019
979
913
873
805
728
668
567
470
380
281
179
78
5
-8
-25
-59
-83
-124
-136
-136
-91
1
76
135
198
238
237
243
194
196
217
216
213
135
55
81
6
-184
-249
-357
-559
-661
-629
-705
-771
-783
-922
-1006
-986
-1107
-1181
-1085
-1026
-1137
-1010
-938
-1046
-1002
-946
-841
-886
-918
-581
-503
-597
-377
-397
-514
-408
-326
-381
-360
-270
-283
-341
-313
-282
-262
-400
-518
-303
-369
-402
-135
-354
-397
-118
-278
-132
29
-159
-14
30
10
113
83
109
158
181
196
198
256
404
390
298
314
209
186
176
69
125
191
21
103
213
87
184
203
109
161
228
304
286
261
391
388
415
545
521
513
557
555
636
703
679
698
738
705
653
640
654
664
636
618
610
563
489
476
441
378
427
445
456
464
429
371
370
330
317
358
297
272
273
263
273
301
348
313
269
263
299
298
330
326
194
145
183
163
104
69
-11
-151
-274
-187
-117
-219
-299
-289
-225
-251
-324
-413
-592
-656
-688
-751
-721
-711
-777
-699
-654
-880
-973
-1051
-1069
-854
-791
-755
-662
-722
-576
-354
-564
-658
-397
-490
-429
-145
-234
-209
168
-58
-160
290
33
-243
-11
-53
-229
-229
107
51
-201
157
141
-194
-45
5
-161
-78
43
127
216
145
71
63
120
154
72
123
184
41
369
341
-66
250
291
-192
100
409
127
142
188
165
229
183
260
377
370
375
366
270
297
374
409
499
397
519
724
454
423
646
423
234
353
376
313
225
254
324
112
-127
-70
-32
-145
-157
-33
-43
-83
48
91
-21
-49
7
-72
-217
-106
167
17
-65
234
285
139
86
195
241
142
103
103
239
337
236
287
197
41
153
76
-132
-43
184
76
-274
-68
-8
-307
-21
42
-283
-249
-245
-394
-301
-175
-285
-344
-242
-209
-264
-482
-406
-293
-696
-566
-121
-359
-270
8
-78
96
-103
-262
113
-87
-123
148
-60
193
247
-122
70
119
-140
-241
-66
-154
-197
-80
-126
-119
-456
-183
19
-539
46
417
-266
-187
205
18
-37
-9
100
318
242
129
259
410
218
14
201
136
93
165
125
283
43
-86
46
-79
98
-163
-263
172
-120
-182
305
-117
-53
445
-182
-82
336
46
-46
211
285
107
524
559
99
139
245
-215
-320
215
-10
-234
132
-59
-78
38
-212
-195
-232
-383
-295
-114
-69
37
3
-106
-28
-260
-367
-189
-188
-241
124
360
-14
98
330
-81
82
381
-106
-178
487
377
-364
57
306
-303
-41
26
-123
99
-272
-133
424
-164
-230
419
127
-297
98
290
-137
-132
-35
99
72
-256
197
39
-353
-30
109
64
-77
-126
466
271
-296
196
170
-34
-38
-146
180
265
129
40
-58
-93
-29
-311
-146
160
-313
-220
226
-149
-307
85
-127
-263
-270
-24
108
-135
156
153
-215
46
109
255
483
-25
231
455
-134
36
449
35
-119
266
397
181
-55
393
409
-359
-118
375
-51
-105
370
229
-294
-49
448
-81
-300
189
158
105
147
133
392
148
-457
184
416
-488
23
269
-315
-275
-367
-280
-272
-533
-306
-179
-349
-294
-169
-376
-522
-287
-210
-228
-337
-283
113
-239
-397
111
-196
-377
-66
49
8
7
242
372
228
47
169
125
107
172
186
-17
197
412
265
379
-140
-176
345
-16
-34
378
-46
61
461
-94
-103
145
93
135
-97
11
3
-277
-23
-15
-340
46
52
-197
194
32
91
180
-293
80
320
-34
46
255
200
-45
-117
261
-56
-335
335
105
-347
147
106
-352
-306
79
-409
-641
146
-172
-442
209
-4
-321
101
166
-65
107
218
108
171
176
288
173
-53
340
331
-92
64
204
202
68
-62
306
174
-166
293
284
-257
78
440
-246
9
486
58
19
143
169
183
-37
335
521
-271
15
396
-338
-80
272
-333
-240
-91
-467
-243
-406
-598
-306
-758
-650
-168
-703
-802
-310
-282
-648
-575
-235
-163
-347
-442
-77
-60
-559
-71
193
-168
304
116
117
215
138
685
159
56
682
121
-73
306
451
226
-97
442
512
-61
360
358
79
488
-17
-146
403
142
51
276
97
-45
105
264
-86
-212
428
201
-405
173
389
-312
-215
287
264
-378
-23
593
-28
-329
240
338
-360
-298
195
29
-325
-15
356
-187
-250
455
-198
-685
172
-68
-432
62
-177
-281
-219
-394
-46
-195
-496
-43
48
-58
16
95
64
227
-86
-177
238
-54
68
350
269
73
421
210
-318
211
30
43
117
82
714
65
-352
507
77
-426
270
-166
-276
492
310
-2
25
267
-139
-418
247
155
-242
405
398
-183
208
8
-46
163
-265
-296
39
86
-416
-459
142
-36
-751
-187
-362
-620
63
-376
-422
-332
-253
-122
-443
-151
-2
-510
-128
-61
-319
423
83
-489
253
121
-168
575
644
105
-38
153
33
-202
147
183
86
362
126
-70
197
227
-51
82
-113
62
306
0
580
335
-192
227
90
47
137
-232
194
318
-203
392
382
-84
366
63
-279
320
416
-155
118
351
169
-99
101
192
-178
244
-99
-154
228
-327
28
85
-372
-69
-100
-229
29
-112
-88
2
-631
-139
25
-753
-161
384
-193
-465
274
312
-628
164
392
-621
174
136
-268
277
1
-172
-273
-165
153
-436
92
458
-269
242
239
-227
261
29
-465
62
111
-284
116
168
54
272
108
62
197
121
239
1
179
312
-2
237
107
-119
141
92
-288
32
112
-499
66
357
-333
-482
-137
-427
-329
-126
-388
-99
-144
-105
-178
-365
163
-146
-369
201
-27
-134
238
170
-94
15
331
-66
-64
718
264
-112
285
253
165
64
275
322
-348
-35
341
-353
-69
136
-562
124
402
-387
10
322
-168
-81
-189
-147
205
-227
-44
510
-140
-19
723
-78
-335
562
192
-29
450
96
210
136
-325
458
49
-717
263
152
-503
175
96
-158
-45
-231
-63
-110
-247
-174
-4
-389
-274
2
-212
59
-111
-210
144
-290
-222
266
-96
-277
-25
194
253
-125
-78
32
-298
35
134
-189
175
247
-212
62
102
-116
192
35
3
290
-84
-63
279
-155
-214
83
-78
-14
143
144
161
97
187
-11
-143
203
18
205
380
-211
286
200
-524
263
165
-334
183
210
-88
-9
114
-19
-356
-203
-159
-380
-110
148
-78
-314
242
77
-756
331
369
-793
77
305
-280
300
227
106
391
5
152
217
0
257
214
141
179
251
264
178
57
-58
-204
-167
86
-133
169
236
-322
169
97
-543
-77
-39
-341
44
-25
-114
153
135
-24
26
100
16
155
69
-58
227
75
187
231
-296
96
-60
-379
252
-189
-167
182
-135
95
-81
-278
93
-359
-356
9
-258
-209
-215
-198
-67
166
80
-81
-28
-68
195
-178
-395
287
-63
-359
374
-52
-140
488
24
-92
-43
-141
143
-229
41
557
-184
-174
208
67
-239
-283
182
-190
-425
415
199
-127
235
133
-140
-170
-186
176
56
-13
469
139
90
341
20
-72
-35
75
410
109
43
319
-59
-211
91
-188
-127
265
14
-235
38
156
-289
27
173
-236
-119
40
-24
-114
-216
-165
-296
-1
71
-115
156
245
-80
103
149
-224
75
380
145
-59
229
293
70
-64
198
222
-406
-48
247
-220
202
233
-110
-23
-252
-114
-132
-257
-45
-232
-75
-72
-78
298
-164
-137
40
-349
46
88
-27
262
139
127
68
-189
89
-201
-218
156
-352
-6
275
-336
150
54
-616
-244
-39
-301
-253
-136
91
-143
-307
68
202
-219
-257
92
-146
-224
253
-27
-263
274
-63
-194
178
94
201
193
-152
10
153
60
-65
38
272
-82
47
246
47
102
93
81
-100
124
494
129
-104
177
97
-44
61
152
203
117
16
103
151
-29
97
139
-235
200
226
-246
213
351
-83
-120
-10
-115
-82
-130
-116
112
-112
-205
-92
-87
-93
-368
-225
90
-399
-334
313
-173
-413
319
-187
-302
393
206
-59
-122
-16
51
-196
361
575
35
129
106
63
105
26
-34
65
103
-5
53
151
45
-126
-282
-306
-147
-162
-126
56
160
52
-181
113
144
-219
238
141
-156
197
141
42
367
371
167
1
-49
121
-33
44
168
4
186
-90
-262
135
44
-268
-258
136
-37
-191
-14
-209
-436
-137
-187
-339
111
-76
-132
-32
51
127
-99
-61
-83
-154
-130
10
327
90
9
227
17
173
145
-80
316
40
-188
317
58
111
258
-209
-105
235
-169
-41
252
-164
23
114
-316
9
114
-318
-68
-50
-80
143
93
113
47
45
57
192
98
-58
436
81
-140
519
87
-116
287
-141
28
142
-406
227
-61
-534
260
-145
-394
191
-211
-333
-103
122
-58
-434
-36
293
-49
-209
321
83
-200
212
76
-5
-74
135
394
-195
-37
259
-88
234
108
27
311
-223
-126
-65
-541
4
-15
-586
16
254
-281
-114
-61
-437
79
49
-340
282
236
-126
193
-59
-43
235
-343
150
409
-223
147
223
-264
-129
-10
-151
56
9
-65
-103
-44
221
-315
-418
10
-211
-293
-15
-212
-147
152
-363
-131
509
176
-24
124
14
75
83
-14
180
26
88
259
21
247
234
-57
339
173
-178
137
224
204
116
147
111
-155
133
-67
-298
109
47
-71
57
43
-75
-79
-96
-72
-134
-12
119
-225
196
492
-2
-50
40
-49
-203
-10
-161
-53
216
-40
149
173
1
31
-76
-320
-224
-96
50
85
-311
45
249
-373
-145
-8
-423
-146
113
-299
-4
369
-140
-164
67
37
-43
-177
-89
87
105
28
195
131
46
28
16
126
-76
-40
373
103
-350
273
181
-323
34
66
-233
-247
69
6
-296
-15
244
-304
-456
394
44
-619
141
429
-94
-108
217
215
25
-58
30
201
-119
-150
373
-11
-117
197
79
-166
-240
-59
-4
-266
-29
170
-242
-143
17
-146
-301
-115
105
-108
193
227
-25
326
59
-5
149
-37
209
99
133
431
70
73
198
-112
-41
16
-153
318
272
-300
110
59
-288
-93
-65
-27
-73
-4
141
-60
-29
369
-126
-316
248
77
41
207
306
223
-58
153
46
-251
162
111
-229
181
137
76
81
-239
-171
-117
-63
-95
-57
51
-141
72
-2
-154
247
-142
-284
261
-110
-227
350
331
-92
-262
-110
-135
-237
-166
-117
-64
130
109
-201
-57
131
-284
-159
169
-233
24
315
11
144
132
148
-61
-175
30
31
47
-137
112
195
-166
282
55
-496
60
35
-341
2
223
222
-94
-10
140
-267
-78
69
-324
186
387
-268
-72
266
128
-177
-159
156
-100
-144
326
-28
-334
207
60
-271
-79
107
-107
-187
23
-57
-82
25
146
-88
-97
314
-14
-85
311
24
-11
135
81
76
91
357
166
-10
421
170
-54
-26
0
211
-121
-112
230
-98
26
22
-276
-12
-228
-214
8
-135
62
-12
1
18
-263
44
31
-109
11
-42
215
52
-167
305
106
-5
246
-95
42
184
-89
53
9
-30
299
-165
-352
162
-102
-384
-38
-54
-327
-20
-40
-402
-75
-36
-378
-123
51
-306
-223
72
-152
-109
136
-93
-74
120
-81
-122
101
208
143
-25
61
196
-86
32
124
-55
136
34
-198
97
53
-14
125
-117
22
162
-96
-134
71
6
-229
-85
29
63
80
-12
336
143
-303
245
178
-157
344
38
-131
398
64
-89
338
159
-235
75
157
-188
177
75
-289
-76
-59
-145
-163
-65
75
-43
-99
188
81
-180
196
52
-85
186
74
152
52
72
211
-127
4
360
-15
-148
131
-20
-107
-108
-95
-104
-299
-44
16
-193
75
-17
-134
-62
-102
-170
4
-62
-203
157
54
16
121
14
160
-32
46
201
94
56
160
175
88
135
-19
-22
162
87
-243
22
272
-398
-95
267
-212
148
-26
-287
28
11
3
-239
-105
117
-232
-143
213
-127
-293
65
-84
-312
-57
60
-48
-29
87
-22
-9
126
-23
-26
-8
-5
193
-65
-114
230
66
-231
22
213
-198
-77
94
-80
-189
38
90
-281
-12
178
-277
-173
215
-45
-169
166
223
-91
-11
296
-32
-16
110
10
204
35
107
357
128
79
-18
-95
69
-13
36
-2
29
153
-33
116
-14
-237
107
-114
-368
158
150
-135
122
-7
-232
43
-69
-98
205
-24
122
395
-57
43
56
4
54
-358
75
311
-184
127
100
-208
179
31
-337
-52
29
-44
70
-17
-78
159
165
-73
-49
22
51
-197
-74
347
-141
-199
327
127
-149
-13
130
90
-115
-95
250
29
-106
240
97
-24
240
20
-182
-6
182
-66
-332
322
155
-595
-50
148
-502
-165
14
-281
-132
-110
-143
-219
-190
-33
-163
-202
99
-191
-191
209
-194
-187
36
-214
97
248
-57
69
210
51
45
184
149
-63
63
171
-72
94
303
-151
-137
367
-27
-116
279
32
-26
169
57
118
10
101
123
-81
19
19
235
210
-194
49
349
-260
-73
372
-336
-107
327
-106
46
148
-52
-20
-398
-235
103
-230
13
-40
-369
338
143
-413
164
-46
-298
59
11
54
137
63
-3
15
82
207
-107
-190
154
-173
-37
232
-157
54
35
-336
65
197
-270
-121
-15
-254
1
-216
-284
27
-360
-129
9
-353
-26
25
-81
25
64
9
-146
66
264
-79
65
342
-11
1
92
277
295
-128
132
301
-70
155
136
24
181
-9
47
104
-166
-80
84
-205
-340
-116
51
-34
-299
-182
135
-138
-202
99
30
-104
-40
36
-47
-56
34
-3
74
29
7
133
79
42
131
88
158
265
-27
61
49
-33
53
-30
6
204
-31
-160
79
-39
60
-59
-210
54
-99
-25
248
73
-189
196
233
-189
46
66
-18
88
-14
34
114
-39
-82
153
110
-57
12
44
-67
-247
-85
83
-54
-87
62
-17
-269
7
172
-200
-95
286
40
-172
337
347
-163
3
243
-36
133
196
85
311
77
-84
99
-146
-225
-14
-125
-42
93
-18
29
-182
-81
-66
-395
-89
144
-166
-139
75
18
52
-96
-75
171
-105
-44
255
-66
12
116
63
116
-177
0
206
-202
123
140
-312
94
84
-268
34
-23
24
269
-239
-112
273
-161
-6
56
-122
-69
-14
106
-68
-91
-6
100
-108
-303
40
-28
-124
90
9
-116
-14
16
-77
-55
-8
-18
-137
92
90
-154
70
31
-36
-52
-193
0
37
-41
214
201
7
35
61
-95
-147
-39
74
157
-42
35
344
96
-65
141
29
72
9
-51
282
85
-116
323
199
-179
-42
58
-41
-294
103
173
-299
90
147
-100
54
-55
-144
-28
-81
-172
75
66
-139
-92
161
123
-100
58
200
31
-133
238
142
-146
140
134
-7
-62
-74
-5
-85
-252
-143
-3
-164
-101
-11
17
-105
-224
-22
-18
-140
-32
4
-125
-177
58
232
-73
-77
295
1
-279
206
208
-173
146
361
122
119
328
49
-216
114
57
-237
170
266
-139
203
323
-33
64
-5
-45
-86
-169
307
181
-246
113
161
-191
63
21
-395
-31
-7
-129
157
-85
-81
272
-80
-194
27
-92
-17
-62
-168
91
6
-39
268
160
-161
37
136
-200
-150
123
93
98
149
59
272
219
-280
-173
-71
-193
-129
-23
92
73
-37
-11
-47
-176
-118
-93
-144
-217
77
-81
-179
189
-145
-76
48
-148
19
-61
-116
31
-2
-34
306
110
-207
141
175
26
-21
91
112
-66
4
153
0
-51
69
44
-25
-59
2
84
-11
-103
-7
86
-105
-147
197
3
-190
48
-155
-189
87
-81
-161
-49
112
132
-88
-28
151
-99
-125
171
-23
-30
163
-33
96
144
-11
64
-49
17
30
-72
150
224
-17
167
315
-3
-112
74
64
-137
-49
164
141
-70
-15
167
-12
-48
104
-90
-18
73
-124
66
90
67
40
-123
81
-60
-301
60
1
-55
216
-54
-109
152
-33
-221
61
189
-173
-67
227
-9
-104
-94
-88
6
-250
-156
153
-149
-75
124
-63
121
81
-236
-25
-23
-59
3
-39
25
23
-115
50
122
-107
-80
-136
-94
137
-66
-51
187
-105
30
200
-80
120
135
-160
29
152
33
53
163
136
-20
8
89
3
-81
-79
49
-88
-5
266
-83
-129
186
-8
-72
-109
-64
102
-77
-58
-10
-13
174
-105
-158
203
-111
-150
79
-65
7
-16
-72
61
24
32
1
-208
8
53
-214
-102
59
-31
-171
68
100
-108
45
-77
-149
145
-75
-241
204
133
-137
83
131
-30
12
36
83
26
-119
-8
33
-58
222
67
-145
271
81
-202
188
273
-107
-95
132
185
31
-67
67
144
55
-67
-73
100
-86
-106
84
-38
-55
70
-82
-139
46
-241
-204
135
94
-31
-84
38
125
-36
-190
-114
15
5
-48
-82
198
47
-306
-52
14
-140
-131
-70
31
-49
16
33
-202
-88
-89
-189
-74
-62
-4
90
-9
118
71
-197
-100
-45
-134
-52
-61
-16
284
57
-219
117
89
-255
-31
159
-2
83
215
62
65
207
153
-7
116
141
66
102
197
118
127
292
61
35
206
148
23
-26
8
-7
-142
18
88
-184
-45
24
-168
-18
169
-17
-192
-34
-25
-158
-21
190
-62
-72
158
-44
-71
47
-113
-67
29
9
66
-2
62
67
-79
94
21
-173
-17
-26
-82
75
74
36
91
-11
-72
-22
-49
-108
-70
163
80
-95
16
163
76
-132
-48
18
-130
-117
43
17
11
85
-14
-103
-11
138
-47
-225
51
172
-39
-95
144
84
-60
7
-88
-36
95
37
-19
48
236
40
-101
16
25
-191
-72
56
-135
66
69
-144
10
-26
-129
133
-36
-213
55
8
-29
39
-37
74
-58
-105
160
0
-95
131
90
24
-22
-60
0
50
78
71
43
-2
48
57
-89
-21
106
-67
32
102
53
141
8
-94
40
-19
-134
57
147
191
139
-49
75
28
-203
-67
-94
-105
138
13
-113
33
-120
-52
15
-208
40
4
-260
-31
8
-144
-67
-28
58
25
-86
87
71
-131
-5
13
-142
122
271
-72
78
239
-46
3
-110
-186
86
29
-89
200
100
22
136
-131
-61
107
-174
-107
108
-12
66
190
73
-18
-60
-51
-42
-120
-5
48
45
124
135
-9
-55
-75
-78
-142
-49
60
-81
34
45
12
-34
-21
-51
-218
-122
-64
-99
-80
29
-11
-41
-68
-118
-3
-64
-110
-95
-28
67
9
21
57
-85
-11
97
-124
5
106
-171
-52
138
-62
51
45
-83
66
-138
-76
184
26
-29
166
66
-15
37
-30
-90
-137
58
18
-4
173
64
-30
-28
8
73
-153
-30
152
-74
-25
185
78
-21
-87
-148
100
-39
-115
90
-16
-22
117
68
-18
133
125
-112
-115
37
109
13
-89
87
139
-91
-94
-31
-5
-73
-56
53
-33
22
149
40
-90
-16
23
-45
-48
130
141
-113
34
199
-19
-1
75
-42
-51
-36
29
145
12
-66
80
-156
-242
-2
-22
-88
-72
-24
82
-55
-42
200
-171
-268
217
68
-104
125
45
3
23
46
141
-49
-122
39
-125
-71
92
-25
54
-64
-195
118
89
-166
-68
-39
7
63
-15
57
67
-62
-35
72
-4
-35
35
74
163
57
1
66
-7
-47
-61
6
22
1
6
-15
87
31
-40
27
-70
-66
123
67
38
147
80
-18
116
167
77
46
83
31
-45
113
128
-58
-10
-8
-64
57
42
-63
-15
-33
-112
92
59
-89
-40
-50
-23
17
-12
32
4
-46
22
-85
-20
197
-28
-79
-4
-154
67
150
-8
-58
-139
-95
33
-9
-47
-52
-8
16
-81
0
117
-12
-70
-7
-52
3
51
-22
-72
-99
-51
-4
18
65
69
-87
-123
-73
4
2
-115
-58
-11
-41
102
90
-16
-19
-85
-41
-30
-63
116
184
78
56
64
36
20
-31
-83
5
9
9
33
37
8
-10
-72
-78
-26
29
31
-57
3
151
22
4
27
-88
-104
32
-40
-91
55
38
-3
0
25
12
-23
68
14
-123
-41
-67
-154
-19
-28
-75
61
-57
-144
-31
-89
-78
-39
-18
68
-36
29
150
-56
-26
96
-99
5
160
-46
6
115
2
54
70
-25
12
-1
-69
-31
47
76
68
-26
-1
90
-112
-149
-3
24
-28
-75
58
146
112
152
104
-24
64
23
-105
89
145
119
110
8
121
91
-56
-28
-48
11
32
64
53
8
63
-42
-37
-1
-78
-116
-69
-42
-10
-6
-33
8
-16
-118
-87
-51
-75
-111
-73
-34
-48
1
-54
-56
4
-74
-80
-58
-1
51
37
-8
-58
129
57
-95
-32
-106
-25
-37
-91
-6
40
-12
12
97
-45
39
37
-7
93
-144
3
139
-53
71
101
19
41
25
-12
80
44
-2
63
-47
1
22
-108
-18
-7
-21
4
-2
1
1
-18
-65
-25
-92
-44
-21
-86
152
78
-60
39
53
-20
-31
17
39
83
47
71
76
16
76
2
-3
64
-50
16
37
-64
-66
30
22
40
79
-53
-51
-33
-53
-58
-71
60
76
-8
92
127
11
10
62
-37
-26
47
37
103
50
64
151
14
-57
-41
-73
-130
-41
78
52
30
10
39
-88
-138
-31
-89
-84
9
55
62
28
-12
-34
-51
-48
-44
-28
-13
29
40
33
45
38
1
-38
-34
-107
-15
76
-41
23
83
-45
-25
5
29
-7
-73
6
40
-13
-21
-29
3
39
20
34
64
6
-57
18
-45
-16
39
-57
72
130
-16
48
40
-54
31
-45
-30
107
89
15
55
73
-75
-85
8
-22
-77
-62
-6
59
42
-13
-56
-110
-127
-123
-81
-65
-57
37
48
5
23
-59
-113
-9
-38
-38
9
44
104
43
-33
38
32
-93
-12
41
-15
72
28
-34
92
-9
-133
-16
-4
-26
83
57
16
-7
-61
-71
-75
44
20
-68
27
71
35
75
75
0
-57
-57
22
57
62
34
44
77
16
-1
24
-43
-86
-63
31
24
-30
49
5
-85
-64
-62
-13
11
21
52
6
9
44
7
7
30
-17
10
-16
-41
-39
-73
-26
74
29
-32
-31
6
-12
-70
-54
-16
-20
-55
-20
14
-29
-34
-13
-17
-77
-122
-95
-16
7
-10
41
47
7
-23
-23
-8
-16
-59
-52
-18
-3
22
7
-30
46
40
-32
19
42
-2
14
-3
-40
17
36
30
63
55
-10
-65
0
59
-1
-5
75
74
23
49
125
54
-36
-49
-44
3
-18
39
98
54
66
18
-16
78
51
-15
79
124
94
111
62
12
6
-60
-95
-9
61
17
4
41
53
-63
-123
-72
-19
8
11
41
66
48
-51
-85
-4
24
-60
-25
132
144
51
40
-8
-71
-87
-109
11
92
4
-25
-24
-93
-109
-82
-110
-83
-46
-28
-47
-53
-6
2
-73
-61
-32
-46
-15
41
85
87
27
22
66
2
-22
54
-7
-11
74
14
-9
-4
-11
-13
-44
-49
2
7
-3
9
-12
8
50
-7
-31
2
18
36
46
29
37
57
38
42
60
55
68
64
38
29
56
45
-29
22
56
52
16
-32
-28
8
-14
-84
-49
-28
-54
-49
-3
-11
-3
3
-37
-43
-55
-49
-27
7
35
24
-22
35
53
-28
-13
43
36
-3
12
9
40
20
-45
-8
-5
-49
-53
-116
-66
6
-77
-91
-27
-48
-116
-91
-47
-25
-41
-53
2
40
55
60
84
80
63
57
59
86
75
7
16
68
87
29
15
29
16
6
-52
-19
31
-49
-92
-50
-10
-19
-84
-51
9
-11
-68
-17
16
-5
8
85
81
46
71
52
2
28
62
15
-25
-9
47
48
8
22
-11
-67
-54
-53
-63
-75
-32
-7
-21
-35
10
4
-26
-29
-76
-47
9
-4
21
98
67
11
9
14
18
-25
-41
7
42
43
22
15
19
-30
-62
-52
-51
-65
-57
-16
-23
-1
56
30
-11
-11
-28
-30
-8
-9
56
102
83
65
12
0
19
-23
-51
17
36
26
24
10
-28
-57
-68
-79
-35
-36
-27
7
10
-10
-15
-10
-3
-5
17
14
34
24
17
18
-16
13
33
0
6
48
28
-26
-26
-23
-51
-8
-38
-26
18
-21
-38
-8
-40
-43
24
23
-9
47
31
18
25
39
43
32
39
32
5
17
34
-24
-47
-13
-20
-27
-21
-44
-51
-30
-40
-61
-32
-28
-25
-4
-20
-30
-28
-4
7
-4
-3
1
16
0
8
25
29
39
35
23
7
-20
-23
-27
-25
37
33
-7
14
23
-26
-46
-2
11
-5
22
58
70
95
56
27
46
26
28
91
95
108
107
63
64
64
31
6
14
26
52
52
39
47
16
-36
-28
-22
-13
-37
-24
-17
-6
4
-25
1
-18
-57
-48
-43
-25
-5
2
-4
8
1
-34
-35
-26
-47
-51
-36
-31
-34
-40
-37
-33
-60
-82
-71
-62
-65
-54
-26
-19
-5
-17
-51
-63
-29
-62
-40
9
47
64
59
31
-17
16
13
17
16
38
65
45
32
21
-19
-34
-36
-40
-13
-8
25
34
-4
-12
12
-1
-4
1
-3
24
40
64
32
28
42
10
12
41
58
50
23
16
9
25
24
-21
-3
37
-12
-24
-6
-30
-41
-75
-78
-40
-12
-33
-11
-9
-16
-47
-76
-62
-47
-33
-11
11
51
52
8
-46
-44
-42
-41
-2
22
46
33
2
5
-13
-47
-57
-54
-49
-31
-17
-6
-17
-25
-63
-80
-60
-19
-14
10
26
16
35
11
15
15
6
44
55
52
54
36
11
-2
12
-11
-4
17
0
0
21
14
2
-17
-9
-18
-21
4
16
34
30
32
50
48
36
27
17
16
34
29
30
60
72
36
1
12
-27
2
1
-21
21
11
-14
-21
-17
-24
-32
-29
-9
11
16
19
22
0
9
6
10
29
14
37
21
-1
-8
4
-5
-22
-12
-22
-9
4
-3
-7
-31
-54
-66
-67
-49
-35
-15
3
-36
-13
-31
-65
-82
-64
-27
-16
10
39
35
21
-5
-10
0
-40
-23
-15
-7
7
31
34
49
41
0
-8
-8
-2
12
32
34
41
54
60
66
50
31
17
6
6
21
32
53
69
53
32
10
-8
-25
-36
-19
11
20
26
36
17
14
-1
-12
-12
-23
-10
16
35
48
35
23
25
9
4
-26
-18
-14
-21
6
-1
11
14
-13
-17
-24
-56
-62
-62
-63
-41
-47
-45
-16
-25
-34
-55
-60
-71
-97
-105
-68
-38
-14
-5
-9
3
-6
-20
-27
-37
-50
-21
-9
19
71
61
60
50
14
13
-20
-21
22
30
58
83
56
58
31
-6
-19
-23
-35
-1
33
50
77
57
38
38
22
-1
-14
-8
18
22
25
50
55
32
28
30
11
-7
16
28
18
32
42
61
50
33
10
-3
-10
-25
-25
-38
-11
0
3
-4
-20
-29
-57
-52
-64
-64
-44
-23
-12
-3
-9
11
-27
-33
-47
-64
-60
-33
-17
-27
1
4
-12
-29
-17
-35
-46
-27
-23
-44
-10
3
20
17
2
-15
-24
-31
-27
-16
9
19
28
37
18
21
3
-12
-2
-14
-9
13
20
14
30
43
20
15
20
2
-22
-6
1
13
23
32
34
25
37
6
5
8
-8
26
35
38
33
46
54
33
11
14
5
4
18
26
23
36
30
-1
-8
-6
-20
-30
-18
-16
-27
-13
-8
-39
-38
-25
-27
-39
-29
-48
-54
-24
-2
-15
-8
5
-15
-9
-10
-12
1
22
-18
-3
14
-9
-5
1
-4
-1
-16
-17
-17
-38
-14
-16
-26
-12
-8
-8
-14
-32
-22
-15
-24
-29
6
12
-5
12
22
13
12
8
11
20
21
36
62
32
40
37
14
26
26
21
20
21
28
41
29
11
0
16
-4
-6
14
19
18
14
21
9
8
21
7
-3
22
7
7
3
18
19
16
20
7
2
-1
1
2
-3
-5
11
4
-1
0
-6
-9
-14
3
-7
-1
-10
-18
1
-19
-26
-20
-38
-42
-23
-22
-31
-33
-9
-35
-44
-7
-28
-36
-13
-2
-15
-22
-4
12
-20
-6
-1
-6
0
0
-4
-16
-3
13
1
5
-12
-7
3
-6
-6
