SAMPLES:	15608
BITSPERSAMPLE:	16
CHANNELS:	1
SAMPLERATE:	16000
NORMALIZED:	FALSE
-21
-22
-22
-23
-23
-21
-18
-17
-15
-12
-11
-9
-9
-9
-9
-9
-8
-7
-9
-11
-12
-12
-15
-15
-16
-18
-18
-20
-21
-22
-20
-18
-17
-16
-14
-11
-8
-5
-3
-1
0
2
5
5
6
6
5
5
5
2
2
1
0
-2
-2
-3
-3
-2
-1
1
1
4
7
9
11
12
14
15
15
15
14
16
18
17
15
14
13
11
9
9
7
7
8
8
8
7
9
11
14
15
16
18
20
21
20
19
16
16
15
13
10
6
4
1
-4
-7
-11
-13
-15
-16
-17
-19
-18
-18
-19
-17
-16
-16
-10
-8
-6
-5
-4
-2
-1
-2
-2
-1
1
1
1
0
-2
-2
-5
-5
-6
-6
-5
-6
-6
-7
-8
-8
-8
-8
-7
-7
-5
-5
-5
-7
-8
-7
-5
-5
-5
-4
-6
-6
-7
-9
-9
-9
-8
-6
-7
-6
-6
-6
-6
-5
-4
-3
0
1
2
3
5
7
8
10
11
13
14
15
15
14
13
12
13
13
12
12
12
11
10
9
8
8
9
10
10
10
11
11
13
14
17
18
20
21
20
18
17
16
15
15
13
12
11
9
7
3
-2
-4
-6
-7
-9
-10
-11
-12
-13
-13
-13
-12
-10
-7
-8
-9
-9
-10
-9
-8
-5
-5
-2
-3
-3
-5
-5
-4
-5
-4
-4
-3
-4
-4
-4
-4
-4
-3
0
2
3
3
0
-1
-3
-5
-5
-5
-5
-7
-7
-9
-13
-15
-18
-20
-20
-19
-19
-18
-14
-14
-12
-9
-6
-3
0
4
6
8
7
8
9
9
9
11
12
13
13
10
7
6
4
3
3
3
4
5
5
4
4
3
3
3
3
1
0
-2
-4
-5
-7
-7
-7
-8
-8
-11
-13
-14
-15
-13
-12
-9
-7
-5
-2
1
4
7
9
11
11
12
14
14
13
10
9
8
6
4
1
1
-1
-3
-4
-5
-6
-4
-3
-1
2
3
5
7
9
9
10
10
11
12
11
9
8
7
6
4
3
1
1
-1
-1
-1
-2
-1
-1
1
2
3
4
4
4
4
4
4
4
2
2
1
0
-2
-5
-6
-7
-8
-9
-8
-8
-7
-6
-4
-2
0
3
5
8
11
12
14
15
14
13
13
11
11
9
7
4
2
-2
-5
-7
-9
-11
-12
-11
-12
-12
-12
-13
-10
-9
-8
-8
-7
-7
-6
-7
-8
-8
-10
-11
-12
-13
-14
-13
-14
-13
-13
-12
-9
-6
-4
-1
2
5
5
9
10
11
12
11
11
9
8
4
2
-1
-4
-7
-10
-12
-13
-15
-15
-14
-13
-12
-9
-7
-2
-1
3
6
9
12
13
17
18
20
21
22
21
20
18
17
17
16
14
13
12
11
9
8
7
7
7
5
5
3
0
-2
-4
-7
-9
-12
-15
-15
-20
-23
-24
-28
-29
-30
-30
-30
-31
-29
-28
-23
-21
-18
-14
-10
-6
-2
0
3
8
11
14
18
21
22
23
24
26
27
27
27
29
28
29
29
28
27
26
26
24
23
21
19
15
12
9
6
3
-1
-4
-6
-9
-12
-15
-17
-18
-20
-21
-20
-19
-18
-15
-13
-10
-8
-6
-2
1
1
6
6
9
9
10
10
10
10
9
9
7
6
5
4
2
2
3
2
1
-1
-2
-2
-3
-3
-3
-5
-5
-8
-9
-13
-15
-19
-22
-24
-27
-29
-31
-32
-33
-33
-32
-31
-29
-25
-22
-17
-13
-9
-5
-3
2
8
12
14
16
17
19
19
20
22
21
21
21
19
19
17
16
15
15
15
14
13
11
9
8
9
7
5
4
2
-1
-3
-4
-8
-9
-10
-13
-15
-15
-16
-16
-16
-15
-14
-13
-11
-8
-7
-3
0
2
5
8
12
15
17
18
20
21
21
22
22
21
21
20
19
18
16
14
11
8
5
2
0
-4
-7
-10
-13
-17
-21
-23
-24
-26
-28
-28
-27
-27
-26
-25
-23
-22
-19
-17
-15
-12
-9
-7
-5
-2
0
1
3
5
5
5
6
6
6
4
4
2
0
0
-1
-1
-1
-2
-2
-1
-1
-1
0
1
2
3
3
4
5
5
6
6
6
5
4
3
2
1
0
-2
-4
-5
-7
-8
-6
-5
-6
-4
-3
-1
3
6
7
12
15
18
20
21
23
23
24
22
20
19
16
13
10
6
1
-2
-6
-9
-11
-14
-15
-16
-16
-15
-14
-10
-8
-4
-2
0
4
6
7
9
10
11
11
11
9
8
5
1
0
-4
-7
-9
-11
-14
-15
-16
-17
-17
-16
-14
-12
-9
-6
-3
-1
2
4
7
9
10
10
11
10
8
6
1
-3
-7
-11
-15
-19
-21
-23
-25
-26
-26
-24
-23
-20
-17
-13
-8
-3
3
9
16
21
27
32
34
37
38
38
37
36
34
31
29
26
24
19
14
10
7
4
1
0
-2
-2
-1
-1
-1
0
0
1
2
3
3
2
1
0
-3
-4
-5
-7
-9
-12
-15
-19
-21
-24
-26
-28
-28
-27
-29
-27
-28
-27
-24
-22
-19
-17
-14
-12
-9
-7
-6
-2
1
3
6
9
10
12
13
13
14
15
14
14
14
14
14
13
12
10
10
9
8
6
5
4
4
3
2
2
2
2
2
2
2
2
3
4
3
3
3
2
2
1
-2
-2
-4
-6
-6
-7
-7
-9
-10
-9
-10
-9
-9
-7
-5
-4
-1
1
4
6
8
9
11
12
13
15
15
13
12
10
9
6
3
1
-2
-6
-9
-12
-15
-18
-20
-22
-23
-24
-24
-25
-23
-22
-23
-22
-21
-20
-19
-18
-18
-17
-17
-16
-17
-16
-17
-18
-17
-17
-15
-13
-11
-8
-6
-3
1
3
7
11
15
19
22
25
27
31
33
34
35
36
36
35
34
32
29
26
25
22
21
18
16
15
12
10
7
6
4
3
1
1
-1
-1
-1
-2
-4
-6
-7
-7
-8
-10
-11
-13
-13
-14
-14
-14
-14
-13
-12
-11
-10
-9
-7
-7
-5
-3
-3
-1
0
0
0
-1
1
0
-1
-1
-3
-5
-5
-6
-7
-7
-8
-9
-8
-8
-9
-8
-9
-9
-8
-8
-7
-6
-7
-5
-5
-6
-6
-5
-6
-6
-6
-6
-6
-7
-6
-6
-6
-5
-3
-2
1
3
4
7
9
10
10
13
16
16
18
18
19
18
20
21
21
21
21
21
19
19
19
19
19
19
19
19
19
19
19
20
19
19
18
16
14
13
11
8
6
4
1
-1
-4
-7
-9
-12
-13
-16
-17
-16
-18
-19
-17
-18
-15
-14
-13
-11
-10
-10
-10
-8
-8
-8
-9
-8
-10
-10
-12
-14
-16
-17
-19
-20
-22
-22
-22
-22
-22
-21
-19
-17
-15
-12
-10
-7
-3
-1
1
4
6
8
9
10
10
9
9
7
6
4
4
3
2
-1
-1
-2
-2
-2
-1
1
3
5
6
8
10
11
12
13
13
14
14
14
14
13
12
10
9
10
8
9
8
7
7
8
8
8
8
9
10
10
11
12
13
13
13
14
14
13
14
13
13
11
10
10
8
9
8
7
5
4
4
2
3
-1
-3
-4
-7
-9
-12
-15
-17
-20
-23
-25
-28
-30
-31
-32
-33
-30
-31
-29
-28
-27
-24
-23
-20
-19
-15
-13
-11
-8
-6
-5
-4
-4
-4
-4
-4
-4
-5
-6
-7
-7
-7
-7
-6
-6
-4
-4
-2
0
3
5
7
11
13
16
18
20
22
23
24
25
25
26
26
25
25
25
24
22
21
20
19
18
16
15
14
13
11
11
10
10
9
7
6
5
3
2
0
-3
-6
-7
-10
-12
-13
-16
-18
-20
-22
-22
-24
-25
-25
-25
-26
-26
-25
-25
-24
-23
-22
-20
-19
-17
-14
-14
-10
-8
-5
-1
1
4
7
11
13
14
16
16
19
19
20
21
20
19
19
18
17
15
13
13
11
9
8
8
8
7
8
8
8
8
9
9
8
7
7
7
4
3
1
-1
-4
-6
-10
-11
-12
-15
-15
-16
-16
-15
-14
-10
-8
-5
-1
2
5
8
10
12
14
17
18
16
16
14
11
10
7
4
1
-3
-5
-8
-10
-12
-13
-15
-15
-14
-12
-11
-9
-7
-6
-4
-4
-3
-3
-4
-4
-4
-7
-8
-10
-14
-16
-18
-20
-21
-22
-23
-22
-20
-18
-15
-11
-6
0
6
9
15
20
25
29
33
35
37
38
38
36
34
32
29
25
21
17
13
9
5
4
1
-1
-2
-1
-2
-2
-1
-1
-1
-1
0
-1
-4
-4
-5
-7
-9
-11
-14
-19
-21
-23
-26
-27
-30
-31
-30
-29
-30
-28
-26
-26
-23
-21
-17
-15
-13
-10
-7
-6
-5
-1
1
1
3
4
4
4
4
5
7
7
9
11
14
16
18
22
22
24
23
25
25
26
25
23
23
20
19
17
14
9
7
3
0
-4
-7
-9
-10
-11
-12
-13
-13
-14
-15
-15
-15
-14
-14
-15
-14
-15
-16
-17
-19
-19
-21
-21
-22
-22
-22
-21
-20
-19
-17
-14
-9
-6
-2
3
8
12
16
21
25
28
32
34
35
36
36
36
34
32
29
26
23
20
17
13
11
8
5
4
2
0
-1
-1
-2
-3
-3
-2
-2
-4
-5
-6
-8
-10
-12
-14
-17
-19
-22
-25
-27
-30
-31
-33
-34
-34
-32
-30
-26
-24
-22
-17
-13
-8
-3
1
4
9
14
15
18
21
21
22
24
22
22
21
20
20
19
18
17
18
18
17
20
22
22
24
24
25
27
27
27
26
24
22
20
16
13
10
5
1
-4
-9
-12
-16
-20
-23
-25
-28
-29
-26
-27
-27
-24
-24
-23
-21
-20
-18
-17
-16
-15
-15
-16
-18
-17
-19
-20
-18
-18
-19
-17
-18
-17
-14
-10
-8
-3
1
3
10
15
19
24
26
28
32
35
34
34
34
30
27
26
20
18
15
10
8
4
0
-1
-3
-4
-4
-1
-2
-2
1
1
3
3
1
2
2
-1
-2
-2
-6
-9
-11
-16
-18
-19
-24
-24
-23
-26
-24
-23
-21
-18
-14
-10
-6
-1
4
8
13
15
18
21
20
21
20
19
17
16
13
11
9
6
3
1
-1
-2
-2
-3
-3
-2
-3
-4
-2
-3
-3
-3
-3
-4
-6
-7
-9
-10
-13
-16
-18
-20
-20
-21
-20
-19
-19
-18
-15
-12
-10
-6
-2
0
3
8
11
13
14
15
16
17
17
17
17
16
16
17
16
16
17
17
17
18
18
19
19
20
19
18
17
14
12
10
6
3
-1
-4
-7
-10
-13
-14
-17
-18
-18
-19
-17
-14
-10
-8
-5
-2
2
5
8
10
11
11
12
11
10
7
5
2
-1
-4
-8
-12
-15
-18
-20
-20
-22
-21
-21
-22
-20
-19
-17
-13
-11
-9
-8
-6
-5
-4
-3
-4
-3
-3
-3
-3
-2
-2
-2
0
-2
0
1
2
4
7
10
13
15
18
21
23
24
23
24
22
20
19
16
14
10
6
1
-2
-6
-12
-15
-18
-21
-22
-23
-24
-23
-23
-22
-19
-17
-14
-13
-11
-7
-5
-2
1
1
3
5
6
7
8
11
10
12
13
14
15
18
19
18
21
22
22
23
20
21
20
16
14
10
7
3
0
-5
-8
-11
-14
-17
-18
-19
-19
-19
-19
-18
-15
-14
-11
-7
-5
-1
0
3
4
5
5
5
4
3
2
-1
-3
-5
-5
-5
-6
-7
-7
-6
-5
-3
-1
1
2
6
7
9
10
9
10
10
8
7
6
4
2
-1
-4
-7
-10
-12
-13
-14
-13
-13
-12
-10
-8
-5
-2
1
5
8
10
14
15
17
17
17
17
16
15
14
11
9
5
2
0
-2
-4
-4
-5
-4
-3
-3
-1
1
2
4
6
7
8
8
9
10
9
9
7
6
3
1
0
-2
-4
-6
-6
-7
-8
-6
-4
-2
-1
1
4
4
5
7
7
6
6
6
4
2
-1
-3
-6
-9
-13
-16
-19
-21
-21
-23
-23
-24
-23
-24
-22
-22
-21
-19
-19
-17
-17
-17
-17
-18
-18
-18
-19
-19
-20
-20
-18
-17
-16
-14
-11
-9
-5
-1
2
6
10
13
18
20
22
23
24
26
26
24
23
19
17
16
13
11
10
8
7
7
7
9
10
12
13
15
18
20
22
21
19
17
14
10
4
-1
-8
-15
-22
-28
-34
-39
-42
-43
-43
-41
-38
-33
-29
-22
-15
-9
-2
4
11
15
20
22
22
22
20
18
15
11
8
6
4
1
0
-1
-3
-3
-2
-1
1
4
6
8
10
13
15
17
18
18
18
18
16
13
12
9
5
1
-3
-8
-14
-19
-22
-24
-26
-28
-27
-25
-23
-21
-18
-13
-7
-1
4
10
14
18
19
20
19
17
14
11
5
0
-4
-9
-12
-16
-16
-15
-13
-11
-6
-2
3
8
12
16
20
22
24
25
25
22
20
16
11
7
4
3
1
1
-1
-1
-3
-4
-6
-8
-10
-13
-15
-17
-19
-20
-22
-22
-22
-21
-19
-17
-15
-14
-12
-11
-10
-10
-8
-10
-10
-11
-13
-14
-16
-15
-14
-10
-5
-1
5
13
16
19
25
26
27
27
24
21
16
10
5
0
-4
-6
-7
-7
-5
-2
2
7
9
14
17
19
21
21
21
19
17
14
10
4
1
-3
-7
-11
-14
-16
-17
-21
-23
-25
-28
-29
-30
-31
-31
-28
-25
-20
-14
-8
-1
7
14
21
26
30
33
34
32
28
25
19
14
9
3
-1
-6
-10
-11
-12
-11
-9
-8
-5
-3
0
2
4
6
6
6
6
7
6
7
7
7
7
7
4
3
0
-3
-7
-11
-17
-23
-27
-32
-36
-35
-32
-32
-27
-23
-18
-10
-5
-1
3
4
5
4
3
2
0
-3
-7
-9
-9
-6
-3
4
8
14
17
18
24
29
35
40
39
33
28
22
18
19
17
12
7
2
0
-1
1
-1
-7
-11
-16
-18
-14
-8
-9
-11
-15
-21
-22
-19
-17
-20
-24
-29
-32
-31
-29
-30
-34
-40
-43
-38
-25
-10
5
17
25
29
31
34
37
41
48
50
51
53
48
40
34
27
19
17
19
21
26
28
22
9
-7
-20
-26
-22
-14
-7
-1
-4
-12
-16
-15
-6
6
21
30
30
23
7
-15
-32
-44
-52
-54
-53
-57
-64
-70
-78
-77
-66
-49
-27
-1
23
40
47
45
36
26
20
20
27
39
45
41
27
6
-14
-25
-17
2
24
37
35
18
-3
-22
-34
-32
-26
-25
-27
-27
-25
-18
-7
-3
-1
5
12
21
39
50
46
29
8
-18
-35
-44
-50
-53
-56
-62
-68
-63
-52
-36
-10
19
44
56
57
49
40
36
30
19
7
-7
-28
-41
-40
-32
-21
-12
-9
-6
6
25
46
69
81
71
54
35
14
1
-3
-6
-6
1
6
14
26
33
32
25
19
19
31
51
73
89
93
77
42
5
-19
-32
-23
1
21
28
19
-8
-37
-49
-50
-39
-11
18
31
26
6
-24
-54
-80
-93
-80
-43
-7
15
23
21
4
-25
-41
-33
-3
31
53
62
61
33
-22
-65
-69
-46
-12
24
54
66
42
-11
-55
-62
-51
-35
-4
43
78
78
48
21
12
0
-19
-18
9
32
27
0
-20
-40
-87
-136
-147
-114
-66
-31
-11
8
11
-19
-51
-45
-16
2
-3
-16
-21
-28
-53
-66
-49
-25
-19
-29
-23
16
44
49
54
67
73
71
64
58
59
34
-18
-48
-42
-31
-9
16
20
16
5
-13
-18
-3
18
31
34
36
33
17
7
1
-20
-29
-14
6
38
84
105
87
42
-16
-51
-56
-58
-50
-28
-29
-54
-70
-71
-63
-48
-31
-22
-7
28
46
42
61
87
69
34
17
7
-1
-13
-34
-27
-7
-23
-39
-24
-23
-33
-18
-6
-3
34
69
52
39
62
50
2
1
17
11
25
57
60
43
26
1
-15
-8
10
24
32
21
-17
-50
-54
-58
-59
-33
-27
-55
-60
-80
-129
-115
-63
-59
-44
9
28
31
41
7
-54
-98
-109
-77
-15
51
77
24
-79
-154
-169
-120
-30
47
104
142
135
119
116
85
63
76
70
76
131
138
81
20
-60
-128
-105
-38
34
139
216
199
142
86
21
-1
22
20
12
45
52
4
-38
-71
-116
-128
-110
-85
-17
54
48
9
2
-9
-36
-30
-4
13
40
43
-5
-38
-19
-31
-79
-64
-1
21
-2
-12
16
50
23
-34
-37
-33
-89
-134
-122
-76
-14
12
-8
-2
12
-45
-106
-80
-10
22
13
37
99
95
3
-65
-71
-76
-108
-123
-80
-18
-15
-55
-51
-11
-8
-44
-48
21
97
100
63
60
64
3
-97
-116
-30
24
-4
15
105
136
69
-2
-7
17
-9
-49
0
101
147
124
78
28
-38
-140
-228
-193
-54
44
62
101
165
141
29
-40
-20
-2
-23
-28
22
76
80
33
-33
-82
-103
-124
-118
-11
138
183
110
8
-78
-157
-200
-150
-18
95
132
120
84
40
-16
-99
-169
-174
-136
-75
3
87
166
174
74
-37
-78
-93
-87
-15
103
207
244
218
166
92
-2
-78
-104
-56
51
115
101
96
76
-43
-171
-196
-152
-81
37
179
289
323
250
93
-28
-26
21
61
125
154
59
-118
-283
-360
-333
-263
-172
-34
84
85
5
-66
-94
-75
-12
89
192
237
177
4
-186
-291
-304
-238
-73
136
240
184
49
-83
-190
-197
-55
125
244
306
245
73
-60
-140
-201
-156
-28
81
169
203
134
14
-141
-278
-274
-145
15
181
289
286
198
43
-120
-188
-164
-110
-36
54
109
59
-94
-255
-344
-316
-183
-9
196
393
426
296
166
37
-114
-185
-187
-145
-17
65
-23
-126
-160
-212
-227
-115
48
207
327
323
263
230
112
-94
-187
-172
-166
-116
-56
-98
-137
-126
-171
-189
-78
34
91
157
214
217
151
21
-109
-177
-172
-111
-57
-38
-20
-30
-98
-135
-93
-34
9
49
82
103
121
109
81
112
160
135
91
56
-16
-52
-27
-37
-31
14
-28
-87
-37
21
42
88
119
131
148
129
83
36
-10
-26
-12
27
98
123
80
49
10
-53
-86
-103
-118
-95
-85
-97
-58
-11
-7
-7
14
43
72
91
113
153
164
106
0
-129
-222
-213
-137
-25
138
239
171
66
7
-86
-146
-101
-50
15
129
156
89
37
-54
-177
-208
-130
-3
125
195
203
167
50
-89
-174
-193
-136
-40
42
107
126
13
-163
-283
-322
-265
-124
42
163
211
155
16
-103
-133
-101
-41
81
239
321
286
163
-5
-153
-220
-212
-146
-30
84
135
97
17
-55
-109
-123
-46
130
304
385
378
289
99
-99
-205
-238
-187
-40
62
53
5
-99
-253
-329
-307
-230
-79
57
126
177
149
20
-89
-152
-206
-168
-59
14
64
62
-54
-199
-246
-217
-150
-33
86
142
135
83
-9
-72
-68
-27
43
134
193
203
158
62
-2
-9
-4
29
102
155
167
124
27
-43
-59
-8
99
182
212
185
57
-97
-169
-217
-238
-167
-92
-36
16
21
-20
-70
-120
-139
-131
-152
-141
-131
-170
-172
-161
-197
-222
-201
-207
-227
-207
-208
-234
-235
-176
-118
-88
-48
-67
-123
-129
-108
-102
-60
-15
-30
-23
-28
-55
-35
-36
-54
-30
-2
6
56
91
71
75
37
-33
-87
-116
-92
-37
22
67
77
27
-7
-14
-20
66
170
236
312
366
372
326
233
114
39
-16
-30
46
109
153
182
164
130
130
177
228
312
418
502
517
468
410
299
201
171
173
209
257
265
221
191
135
84
103
136
224
347
406
381
336
252
117
54
33
23
40
41
12
-53
-126
-191
-250
-283
-245
-145
-89
-56
-64
-149
-254
-330
-352
-357
-333
-312
-345
-409
-451
-492
-563
-557
-523
-546
-555
-589
-663
-684
-694
-773
-807
-786
-771
-676
-576
-570
-599
-643
-714
-738
-674
-604
-567
-530
-523
-548
-529
-482
-478
-427
-311
-241
-121
77
222
317
418
477
500
552
647
784
943
1160
1381
1468
1512
1564
1513
1439
1443
1445
1464
1530
1563
1588
1608
1568
1519
1469
1435
1462
1496
1517
1553
1550
1487
1369
1180
1014
885
727
626
575
489
418
335
208
102
12
-84
-133
-174
-209
-225
-310
-425
-511
-623
-722
-795
-887
-943
-978
-1060
-1104
-1131
-1213
-1240
-1239
-1265
-1225
-1163
-1163
-1134
-1092
-1120
-1176
-1253
-1333
-1375
-1416
-1453
-1458
-1450
-1418
-1375
-1329
-1249
-1210
-1265
-1310
-1361
-1421
-1399
-1377
-1401
-1329
-1227
-1278
-1373
-1393
-1412
-1479
-1483
-1352
-1196
-1060
-848
-639
-355
429
1631
2635
3231
3492
3267
2631
1972
1515
1252
1189
1279
1294
1122
978
935
761
559
659
970
1301
1756
2319
2747
2869
2704
2373
1990
1670
1480
1313
1089
876
594
144
-314
-636
-862
-992
-1007
-892
-671
-447
-274
-146
-106
-152
-221
-299
-344
-328
-334
-408
-524
-666
-822
-986
-1109
-1117
-1022
-870
-660
-432
-216
2
155
250
396
577
719
867
1018
1085
1089
1019
863
742
755
934
1196
1408
1525
1524
1330
1044
812
537
313
280
244
142
120
92
-50
-179
-258
-310
-324
-321
-285
-302
-434
-592
-801
-1092
-1349
-1515
-1687
-1846
-1957
-2065
-2164
-2248
-2256
-2216
-2181
-2089
-1991
-2001
-2010
-1900
-1798
-1720
-1593
-1523
-1527
-1573
-1641
-1690
-1698
-1642
-1553
-1512
-1526
-1430
-1292
-1242
-1152
-985
-831
-682
-501
-382
-288
312
1786
3459
4418
4769
4688
3898
2832
2055
1503
1254
1486
1700
1505
1298
1308
1218
776
433
590
908
1288
2009
2833
3261
3225
2816
2181
1623
1242
1006
819
635
501
194
-405
-967
-1280
-1496
-1643
-1596
-1293
-812
-429
-171
61
84
-104
-286
-412
-447
-331
-239
-288
-406
-608
-869
-1150
-1350
-1317
-1146
-968
-717
-385
-110
104
260
351
464
561
634
740
856
955
989
888
709
554
413
318
323
404
550
673
731
765
750
687
629
593
583
622
651
642
685
796
877
842
758
620
366
143
-10
-146
-151
-69
-117
-230
-276
-343
-398
-415
-412
-332
-256
-213
-141
-137
-243
-366
-540
-766
-897
-932
-908
-865
-860
-869
-940
-1059
-1101
-1105
-1175
-1260
-1316
-1340
-1347
-1372
-1354
-1376
-1568
-1710
-1736
-1797
-1712
-1492
-1468
-1539
-1558
-1669
-1736
-1679
-1715
-1785
-1781
-1775
-1725
-1642
-1611
-1360
-427
1159
2700
3652
4116
4097
3452
2603
1963
1510
1391
1587
1601
1354
1225
1203
953
505
289
461
790
1310
2122
2846
3181
3178
2872
2400
2002
1707
1441
1204
1002
774
360
-195
-630
-952
-1280
-1453
-1374
-1136
-768
-366
-83
74
97
-66
-304
-465
-511
-519
-573
-648
-749
-932
-1137
-1294
-1401
-1393
-1232
-1016
-733
-330
62
340
539
708
843
925
992
1070
1117
1117
1091
1001
835
692
600
516
446
447
496
518
544
626
702
717
728
727
659
597
565
490
373
254
111
-57
-133
-50
112
254
369
402
283
100
-103
-343
-493
-499
-507
-547
-542
-535
-565
-611
-654
-647
-577
-437
-228
-43
45
28
-116
-366
-626
-833
-964
-1032
-1066
-1085
-1130
-1196
-1221
-1193
-1125
-1041
-1002
-1020
-1054
-1076
-1052
-979
-902
-830
-827
-975
-1166
-1308
-1464
-1633
-1785
-1959
-2058
-1957
-1784
-1627
-1412
-1210
-1154
-1217
-1319
-1400
-1324
-853
224
1721
3110
4051
4400
4129
3478
2752
2085
1596
1409
1419
1422
1386
1425
1431
1162
780
609
711
1094
1796
2623
3268
3539
3378
2880
2230
1624
1171
826
538
341
176
-94
-458
-823
-1180
-1511
-1698
-1631
-1329
-903
-462
-141
-70
-205
-421
-670
-874
-941
-936
-969
-1020
-1096
-1236
-1405
-1554
-1643
-1621
-1447
-1131
-740
-319
102
421
577
682
787
862
952
1057
1142
1189
1146
1001
821
634
487
425
423
523
726
906
1011
1082
1112
1074
977
874
797
717
619
516
372
191
43
-56
-121
-116
-65
-26
101
359
584
699
712
549
264
-42
-384
-662
-770
-795
-778
-713
-615
-474
-367
-324
-244
-170
-130
4
184
283
284
117
-199
-525
-805
-1011
-1126
-1163
-1127
-1087
-1094
-1091
-1065
-1041
-995
-943
-879
-795
-781
-866
-996
-1146
-1296
-1448
-1582
-1628
-1671
-1756
-1733
-1655
-1603
-1473
-1396
-1505
-1589
-1590
-1625
-1618
-1595
-1639
-1639
-1456
-879
287
1845
3307
4233
4435
4102
3449
2649
2007
1615
1359
1216
1077
922
933
955
749
466
313
437
951
1717
2531
3208
3485
3325
2890
2319
1838
1460
1036
649
361
55
-267
-562
-877
-1164
-1396
-1517
-1410
-1108
-700
-290
-58
-45
-114
-273
-484
-601
-664
-742
-808
-878
-960
-1015
-1058
-1080
-1048
-983
-824
-564
-293
12
341
550
660
784
866
912
983
1009
968
914
834
735
642
570
559
568
569
649
791
895
977
985
874
742
623
500
410
340
259
156
-12
-166
-238
-277
-233
-124
6
239
471
533
550
459
95
-270
-545
-841
-960
-869
-806
-736
-611
-560
-586
-647
-643
-539
-461
-347
-159
-110
-190
-273
-448
-646
-739
-800
-814
-752
-682
-588
-572
-725
-854
-913
-983
-918
-762
-778
-874
-956
-1120
-1232
-1229
-1274
-1339
-1365
-1417
-1401
-1310
-1273
-1239
-1279
-1446
-1524
-1498
-1494
-1447
-1443
-1542
-1570
-1568
-1559
-1376
-901
186
1886
3446
4430
4857
4565
3716
2758
1879
1291
1098
1100
1157
1141
1060
1065
859
350
88
241
626
1362
2323
3079
3449
3348
2904
2346
1761
1307
988
619
350
244
-26
-411
-718
-1079
-1418
-1561
-1530
-1242
-764
-366
-92
17
-126
-370
-616
-857
-983
-1042
-1117
-1143
-1180
-1230
-1212
-1223
-1270
-1196
-1037
-831
-479
-70
266
510
664
782
867
890
926
958
895
841
846
821
814
838
814
797
824
871
967
1067
1153
1281
1339
1267
1178
1035
813
619
422
252
184
119
50
75
114
123
146
144
194
340
436
411
289
70
-187
-455
-732
-894
-933
-951
-940
-880
-811
-768
-804
-872
-886
-892
-891
-845
-818
-813
-795
-857
-974
-1013
-1010
-1032
-1014
-962
-934
-921
-919
-917
-893
-924
-1083
-1249
-1332
-1334
-1224
-1060
-1015
-1035
-1045
-1132
-1219
-1159
-1018
-904
-797
-712
-696
-741
-800
-926
-1200
-1463
-1536
-1519
-1462
-1264
-969
-744
-629
-330
584
2014
3385
4328
4691
4449
3856
3109
2316
1729
1419
1178
889
661
643
758
666
351
153
218
574
1273
2137
2846
3182
3065
2639
2155
1724
1346
976
587
253
-38
-390
-768
-1094
-1392
-1670
-1838
-1773
-1445
-1001
-622
-357
-246
-275
-337
-398
-473
-524
-556
-618
-682
-701
-718
-788
-902
-1017
-1061
-999
-847
-586
-243
48
276
523
754
926
1074
1149
1128
1092
1035
936
839
766
693
626
591
624
710
764
766
753
737
744
765
763
749
734
747
790
780
700
602
418
126
-146
-346
-466
-472
-426
-390
-351
-341
-380
-467
-554
-536
-476
-498
-505
-487
-579
-732
-890
-1123
-1346
-1468
-1500
-1411
-1241
-1066
-895
-788
-747
-696
-679
-708
-730
-806
-928
-1007
-1056
-1044
-990
-1000
-1055
-1156
-1296
-1326
-1258
-1170
-893
-540
-386
-280
-213
-413
-661
-757
-948
-1125
-981
-788
-845
-911
-839
-909
-1174
-1268
-1135
-1086
-1022
-715
-440
-128
852
2339
3483
4083
4308
3961
3117
2368
1943
1553
1226
1186
1117
768
584
650
386
-125
-275
-76
309
1096
2116
2765
2867
2660
2227
1637
1227
1102
913
580
360
157
-248
-664
-985
-1368
-1740
-1859
-1687
-1345
-907
-431
-125
-119
-218
-283
-409
-493
-441
-437
-511
-523
-517
-579
-711
-884
-1008
-1065
-1016
-746
-361
-14
366
703
828
899
1030
1082
1065
1071
1060
1004
937
868
777
670
598
578
596
697
876
1028
1113
1181
1237
1269
1255
1200
1112
946
727
542
386
225
84
-59
-223
-359
-473
-585
-647
-637
-602
-563
-516
-478
-458
-487
-591
-737
-889
-1062
-1261
-1445
-1603
-1714
-1761
-1757
-1712
-1630
-1530
-1454
-1426
-1381
-1263
-1133
-1031
-959
-916
-829
-768
-932
-1230
-1436
-1525
-1473
-1282
-1079
-885
-690
-574
-569
-661
-733
-660
-539
-405
-154
60
59
-23
-153
-432
-754
-937
-993
-1033
-1005
-869
-819
-831
-660
-490
-554
-438
319
1620
3028
4089
4597
4507
3841
2926
2165
1621
1311
1185
961
639
491
466
269
-139
-466
-441
-76
569
1509
2459
2958
2919
2537
2032
1582
1254
978
672
365
106
-180
-562
-935
-1254
-1579
-1818
-1767
-1386
-836
-346
-36
84
20
-151
-303
-379
-393
-386
-406
-470
-581
-704
-853
-1060
-1235
-1246
-1108
-865
-523
-187
66
241
354
471
642
837
1028
1157
1177
1126
1028
854
666
539
458
430
499
625
746
908
1115
1295
1478
1680
1735
1596
1337
952
536
226
-23
-223
-321
-378
-427
-471
-489
-451
-409
-395
-320
-248
-264
-314
-434
-666
-915
-1173
-1447
-1637
-1727
-1755
-1781
-1868
-1932
-1913
-1890
-1818
-1681
-1580
-1470
-1286
-1098
-947
-837
-745
-680
-766
-896
-907
-1001
-1248
-1336
-1251
-1110
-827
-527
-441
-469
-439
-477
-632
-612
-298
-121
-232
-226
-117
-221
-424
-544
-653
-702
-642
-632
-719
-726
-586
-563
-803
-952
-747
-214
785
2207
3447
4067
4097
3624
2850
2145
1718
1466
1243
1063
934
765
590
407
30
-459
-687
-502
36
850
1688
2225
2351
2180
1883
1587
1375
1246
1090
873
679
458
115
-273
-663
-1081
-1392
-1437
-1228
-864
-452
-136
9
4
-67
-122
-138
-107
-55
-41
-74
-125
-240
-427
-655
-917
-1123
-1148
-997
-716
-327
40
247
321
373
453
569
757
952
1038
1090
1162
1093
873
661
436
198
127
283
573
897
1172
1328
1327
1240
1162
1040
882
810
739
548
331
113
-166
-481
-783
-1005
-1070
-993
-798
-570
-418
-332
-366
-574
-795
-966
-1180
-1357
-1455
-1555
-1626
-1672
-1788
-1970
-2142
-2232
-2208
-2084
-1827
-1511
-1316
-1229
-1175
-1167
-1152
-1092
-1049
-1030
-982
-875
-773
-735
-650
-505
-512
-658
-740
-746
-722
-611
-366
-63
117
168
194
99
-59
-40
35
33
93
113
5
-43
-72
-227
-423
-591
-746
-855
-846
-650
-429
-331
-164
252
963
1966
2896
3352
3393
3131
2635
2143
1799
1579
1405
1142
777
455
253
104
-143
-456
-573
-404
11
664
1331
1791
2023
1952
1666
1493
1480
1444
1338
1174
951
624
174
-279
-686
-1061
-1291
-1364
-1301
-1011
-651
-472
-406
-375
-400
-373
-247
-105
16
117
154
73
-92
-242
-422
-678
-864
-922
-919
-799
-557
-354
-232
-117
18
167
377
667
927
1110
1305
1421
1332
1181
1032
801
601
553
616
744
847
820
696
562
463
378
297
308
379
374
342
320
198
9
-201
-452
-639
-679
-673
-695
-737
-799
-919
-1117
-1300
-1423
-1536
-1605
-1630
-1660
-1638
-1589
-1635
-1752
-1879
-1979
-1986
-1929
-1819
-1640
-1509
-1503
-1527
-1561
-1550
-1359
-1047
-738
-447
-201
-87
-177
-412
-630
-761
-760
-535
-217
-25
75
80
-103
-279
-256
-154
-8
194
221
70
95
261
239
63
-126
-369
-551
-516
-390
-322
-330
-419
-580
-682
-509
-38
601
1460
2394
2933
3051
3016
2760
2335
1998
1706
1449
1358
1271
995
642
360
71
-356
-692
-638
-339
60
621
1141
1423
1602
1686
1605
1540
1585
1553
1372
1151
902
578
228
-112
-461
-795
-1061
-1175
-1095
-913
-716
-531
-416
-364
-297
-190
-60
77
179
177
85
34
32
-71
-241
-367
-492
-612
-618
-528
-414
-276
-122
23
199
469
808
1076
1179
1196
1198
1118
964
839
642
364
199
114
26
63
181
219
212
230
297
349
334
348
324
185
99
18
-200
-422
-655
-981
-1259
-1433
-1517
-1496
-1446
-1390
-1350
-1396
-1452
-1485
-1563
-1604
-1592
-1620
-1627
-1548
-1486
-1506
-1616
-1847
-2056
-2071
-2084
-2147
-1942
-1552
-1231
-1052
-1114
-1134
-915
-774
-593
-163
191
321
259
64
38
88
-49
-112
-91
-110
10
142
147
200
236
76
-208
-383
-247
60
313
577
851
936
842
705
494
248
157
169
114
128
460
1017
1516
1887
2114
2065
1781
1581
1560
1542
1588
1709
1586
1250
994
798
503
165
-88
-296
-457
-397
-117
141
331
474
441
354
474
684
829
945
996
956
840
642
411
177
-67
-321
-558
-650
-586
-537
-501
-443
-498
-570
-505
-419
-267
35
201
142
89
114
112
50
98
203
181
170
192
121
114
202
223
209
246
404
603
679
760
836
724
640
606
421
313
317
236
164
126
111
140
106
104
130
54
77
156
71
37
48
-134
-352
-537
-750
-921
-1101
-1278
-1392
-1535
-1601
-1567
-1607
-1586
-1490
-1521
-1562
-1557
-1592
-1588
-1586
-1651
-1664
-1682
-1752
-1778
-1783
-1748
-1633
-1514
-1407
-1358
-1410
-1397
-1296
-1173
-926
-633
-447
-337
-299
-298
-243
-196
-217
-229
-185
-128
-143
-168
-101
-78
-144
-163
-209
-281
-145
99
207
268
385
413
319
328
494
621
834
1366
1916
2241
2533
2713
2531
2235
2085
1961
1856
1946
2109
2060
1875
1743
1469
986
610
367
64
-116
-47
50
85
141
147
-12
-222
-305
-288
-258
-85
199
369
481
640
718
676
595
462
277
103
13
-14
-92
-201
-321
-544
-800
-954
-1022
-993
-887
-794
-670
-497
-335
-161
3
101
165
204
212
232
280
355
415
405
377
363
309
288
342
381
426
534
617
613
572
540
492
417
374
322
210
113
35
-82
-178
-217
-256
-289
-308
-320
-315
-307
-288
-291
-341
-386
-454
-586
-700
-797
-915
-1020
-1134
-1261
-1374
-1489
-1564
-1590
-1615
-1617
-1595
-1573
-1530
-1474
-1400
-1290
-1206
-1169
-1129
-1083
-1031
-971
-911
-851
-838
-857
-871
-875
-799
-638
-474
-350
-284
-260
-239
-219
-147
-12
103
188
242
242
262
322
358
354
298
218
160
106
102
171
222
230
229
221
225
274
397
578
771
970
1161
1302
1374
1392
1356
1273
1181
1118
1070
1033
1038
1069
1057
983
873
728
567
444
386
373
395
436
425
362
296
226
153
86
36
13
-4
-7
15
42
73
124
188
250
317
400
460
456
426
389
324
234
119
-32
-189
-336
-467
-550
-578
-579
-580
-584
-564
-522
-457
-352
-250
-180
-140
-125
-124
-127
-136
-170
-231
-291
-342
-382
-394
-407
-443
-475
-494
-485
-422
-328
-208
-72
34
116
202
259
283
295
286
257
214
169
152
150
145
150
144
120
120
118
78
43
44
41
32
30
-6
-78
-158
-259
-373
-466
-530
-572
-613
-664
-705
-744
-806
-856
-885
-906
-901
-872
-838
-803
-785
-772
-749
-739
-732
-717
-699
-664
-607
-545
-483
-420
-373
-339
-289
-211
-118
-22
81
173
228
262
294
298
296
311
321
334
363
370
359
357
353
345
348
371
428
484
534
606
664
701
718
692
651
601
506
412
356
307
260
222
180
134
85
38
-10
-35
-32
-44
-68
-73
-96
-152
-225
-289
-318
-340
-340
-289
-252
-232
-203
-217
-235
-200
-157
-93
13
120
225
311
363
403
411
393
381
344
287
240
190
134
78
32
13
17
37
72
127
218
321
415
514
606
653
658
659
650
587
492
395
272
142
40
-55
-147
-232
-310
-362
-395
-396
-354
-303
-257
-209
-177
-145
-129
-168
-221
-267
-329
-389
-442
-493
-522
-522
-535
-564
-576
-567
-552
-546
-517
-447
-378
-328
-271
-253
-276
-274
-267
-267
-240
-208
-198
-187
-175
-171
-164
-144
-111
-102
-119
-131
-148
-153
-127
-97
-64
-12
38
78
126
163
173
168
178
192
188
196
219
235
253
267
238
189
168
160
167
196
219
215
176
116
61
14
-33
-65
-91
-109
-95
-63
-28
17
58
73
99
141
172
196
209
203
176
128
80
34
-6
-32
-44
-46
-15
26
31
29
48
65
83
110
127
139
156
164
150
124
118
121
108
91
75
54
23
0
-6
6
37
76
116
150
184
197
192
173
127
87
55
5
-49
-107
-189
-246
-272
-310
-330
-318
-280
-225
-165
-93
-23
29
92
151
166
185
198
156
102
47
-23
-72
-105
-138
-167
-199
-220
-217
-211
-185
-138
-101
-57
-5
27
51
77
78
55
32
18
10
-2
-28
-59
-96
-143
-185
-213
-210
-172
-126
-84
-42
-12
-1
-1
-22
-62
-95
-121
-140
-132
-119
-125
-146
-173
-213
-261
-290
-299
-300
-285
-250
-217
-196
-170
-155
-152
-145
-141
-151
-143
-94
-32
8
41
62
44
24
25
17
13
43
93
136
180
209
210
191
169
160
160
165
189
224
258
292
302
280
264
261
258
280
312
333
350
332
272
207
139
75
8
-62
-89
-92
-101
-90
-89
-120
-140
-160
-190
-192
-170
-133
-88
-46
9
46
30
-3
-39
-80
-85
-74
-58
-20
-3
-13
-29
-70
-112
-127
-126
-103
-53
0
47
72
71
59
33
2
-24
-61
-76
-45
-17
4
35
55
52
44
47
76
135
208
271
310
335
344
312
258
215
156
83
29
-13
-53
-80
-106
-138
-178
-216
-234
-222
-186
-139
-85
-20
41
80
98
91
66
35
7
-18
-36
-46
-65
-100
-149
-196
-240
-271
-269
-239
-200
-158
-114
-77
-54
-53
-77
-109
-134
-158
-178
-195
-221
-247
-270
-295
-306
-294
-267
-224
-176
-138
-102
-62
-17
33
75
96
110
123
110
70
26
-7
-22
-24
-9
28
61
85
106
109
103
104
98
94
117
157
193
213
204
181
158
135
119
116
123
133
140
145
152
157
140
101
71
55
58
82
92
71
50
28
-1
-19
-29
-34
-41
-61
-83
-106
-137
-155
-156
-158
-145
-117
-99
-84
-73
-59
-34
-22
-16
-3
-2
2
10
-4
-20
-32
-52
-63
-54
-29
0
21
42
72
96
110
128
145
166
180
181
182
178
165
151
140
126
100
63
29
13
20
54
92
118
141
138
113
86
57
26
7
-14
-45
-75
-110
-153
-205
-262
-304
-313
-288
-244
-203
-169
-127
-102
-99
-91
-70
-40
-6
27
51
64
59
31
-19
-70
-96
-107
-108
-91
-74
-64
-56
-59
-56
-39
-21
-6
4
6
20
25
9
-8
-30
-42
-28
-13
4
26
30
16
-1
-10
-5
2
4
17
22
23
26
14
-3
-10
-17
-12
16
43
59
70
75
69
52
27
14
23
41
60
76
85
94
90
77
70
53
35
34
25
-3
-20
-33
-48
-46
-31
-13
5
20
25
14
5
8
8
8
24
39
37
22
-10
-57
-107
-147
-173
-183
-180
-172
-159
-136
-105
-73
-29
6
19
33
51
54
50
47
37
18
2
-15
-44
-67
-85
-107
-114
-86
-26
39
83
119
153
165
166
172
178
181
167
143
134
124
104
77
39
3
-4
5
35
101
176
232
256
255
240
198
140
102
73
49
37
6
-62
-140
-214
-278
-317
-314
-273
-226
-182
-135
-95
-60
-18
19
43
69
92
97
81
53
9
-62
-148
-221
-279
-313
-323
-325
-318
-290
-249
-206
-164
-122
-76
-35
11
66
110
135
140
109
63
35
23
15
15
19
20
16
18
30
41
51
71
88
99
127
151
152
141
122
90
65
67
90
114
128
135
120
89
72
75
82
93
105
99
76
55
29
-1
-31
-56
-75
-93
-101
-109
-121
-128
-130
-130
-124
-103
-74
-52
-39
-29
-25
-34
-49
-64
-80
-93
-110
-130
-139
-135
-126
-109
-98
-90
-74
-43
6
77
155
215
246
250
233
210
185
167
151
121
93
70
35
-5
-46
-95
-134
-137
-104
-48
13
79
129
151
168
190
207
217
211
180
142
109
71
28
-19
-79
-145
-198
-222
-206
-162
-114
-67
-35
-16
-12
-11
-11
-10
-16
-21
-28
-60
-101
-142
-190
-232
-247
-245
-221
-172
-121
-78
-44
-14
11
27
51
90
118
135
146
132
100
67
32
-11
-43
-70
-101
-124
-127
-112
-89
-39
12
47
77
106
115
106
108
103
93
82
79
65
52
41
20
-8
-27
-31
-38
-27
6
34
38
33
22
4
-12
-20
-25
-32
-26
-28
-34
-32
-19
-14
-22
-22
-18
-3
14
22
12
2
-7
-27
-46
-60
-66
-82
-102
-122
-130
-131
-121
-108
-100
-66
-24
19
55
89
109
119
114
99
85
65
52
38
23
14
14
5
-7
-13
-18
-13
-8
4
25
62
97
120
124
122
125
119
107
98
94
77
53
31
12
-10
-40
-70
-106
-134
-145
-141
-130
-100
-58
-23
17
59
107
143
170
184
183
168
150
123
89
61
29
-5
-37
-45
-38
-19
7
26
43
60
81
92
97
92
75
45
16
-10
-46
-78
-108
-139
-163
-164
-157
-149
-130
-109
-96
-81
-54
-28
-9
5
17
21
15
10
-6
-36
-65
-93
-124
-146
-155
-160
-159
-148
-129
-101
-66
-33
-12
1
13
26
35
44
48
51
53
50
41
34
22
-3
-26
-33
-23
-5
20
45
59
66
72
76
75
78
73
55
37
25
16
11
19
32
43
49
60
66
59
47
34
18
2
-14
-37
-53
-63
-69
-75
-84
-94
-107
-121
-123
-106
-79
-44
-12
12
26
32
35
30
18
2
-15
-27
-28
-20
-8
9
20
16
2
-14
-29
-40
-37
-18
11
43
71
85
93
97
96
92
89
89
87
84
75
59
37
12
-15
-42
-61
-66
-57
-39
-18
-1
10
18
26
49
85
128
162
183
187
173
145
106
63
19
-22
-60
-86
-96
-97
-99
-97
-89
-78
-66
-49
-28
-13
-1
0
-11
-26
-41
-55
-67
-70
-61
-51
-45
-44
-46
-47
-46
-40
-30
-12
13
33
46
52
51
45
42
38
30
18
-2
-27
-50
-60
-50
-28
1
31
51
61
68
70
65
59
55
50
48
46
45
39
20
-7
-39
-61
-68
-60
-46
-25
-6
2
2
-2
-4
-9
-15
-26
-40
-54
-64
-71
-77
-76
-77
-76
-78
-81
-73
-59
-48
-43
-38
-32
-23
-21
-22
-21
-19
-17
-19
-20
-11
-3
-6
-16
-27
-25
-10
10
28
52
75
85
92
96
96
93
95
92
90
91
95
92
71
48
26
9
0
8
24
41
59
70
76
83
96
102
102
101
100
91
76
59
35
-1
-50
-96
-135
-157
-155
-143
-138
-136
-127
-120
-103
-72
-31
8
45
76
100
110
112
102
71
33
-3
-30
-51
-56
-63
-75
-88
-101
-110
-109
-91
-60
-34
-18
-4
1
-2
-5
-12
-20
-23
-21
-22
-22
-21
-24
-33
-42
-43
-37
-17
10
39
62
83
99
105
106
99
82
60
41
19
0
-13
-24
-31
-29
-22
-14
-7
-2
7
17
33
51
63
62
57
45
33
33
37
41
42
42
31
16
3
-7
-14
-11
4
21
36
41
31
8
-19
-42
-59
-64
-60
-50
-47
-43
-46
-58
-75
-91
-100
-98
-81
-57
-34
-22
-16
-22
-34
-40
-41
-38
-30
-19
-16
-16
-20
-31
-45
-54
-52
-38
-18
8
33
45
50
44
32
31
42
55
70
84
82
70
52
36
27
30
43
62
90
112
131
138
135
126
111
98
88
76
60
40
7
-26
-58
-81
-90
-87
-81
-68
-55
-43
-32
-26
-17
-9
0
10
19
24
24
15
-7
-27
-47
-62
-73
-83
-95
-106
-112
-108
-96
-80
-55
-31
-14
0
19
35
50
62
64
58
45
33
17
3
-3
-9
-16
-19
-17
-20
-19
-21
-24
-26
-23
-13
3
25
44
52
46
30
9
-15
-34
-49
-60
-67
-70
-72
-66
-56
-40
-25
-12
0
8
16
21
21
17
14
8
-1
-6
-9
-13
-19
-23
-25
-21
-13
-7
-4
-1
5
5
4
1
-5
-19
-32
-37
-29
-15
0
9
9
8
9
12
22
38
50
53
48
44
37
34
31
28
21
11
1
-8
-13
-11
-3
5
18
32
46
58
64
66
66
65
66
68
67
63
59
50
36
22
8
-3
-11
-13
-5
11
25
37
40
44
55
70
82
95
103
99
86
66
44
26
4
-29
-60
-82
-93
-97
-94
-89
-85
-87
-89
-91
-90
-83
-68
-56
-49
-32
-11
1
12
22
19
9
-2
-14
-30
-43
-51
-60
-70
-74
-65
-63
-65
-57
-48
-52
-49
-34
-22
-8
9
19
23
29
38
45
45
46
45
33
10
-10
-26
-39
-44
-49
-54
-51
-39
-34
-38
-41
-36
-37
-46
-52
-50
-39
-31
-27
-24
-12
-5
-9
-7
-3
-6
-9
-5
-8
-11
-2
9
15
22
21
25
43
57
77
88
94
125
155
155
167
203
195
152
128
103
81
82
71
37
2
-28
-53
-67
-82
-93
-96
-112
-117
-90
-63
-30
9
-2
-70
-106
-108
-119
-119
-107
-106
-104
-109
-123
-113
-89
-80
-80
-84
-79
-35
15
40
58
66
54
32
14
0
-18
-23
-12
-8
3
33
58
72
68
45
59
96
106
117
134
129
130
139
129
138
181
191
150
97
43
-1
-9
6
32
80
89
42
3
-40
-85
-64
-40
-59
-56
-49
-49
-1
48
56
81
86
43
22
13
6
23
8
-49
-47
12
52
96
140
118
82
75
61
101
191
234
248
233
171
137
138
114
113
117
69
18
-23
-80
-112
-103
-81
-61
-57
-67
-74
-82
-106
-133
-130
-120
-124
-121
-118
-114
-90
-85
-106
-112
-118
-118
-106
-99
-80
-59
-69
-87
-96
-95
-69
-36
-9
9
11
3
-3
-9
-6
7
20
34
32
25
28
33
25
-2
-40
-66
-80
-88
-73
-49
-31
-17
-18
-22
-12
4
26
39
41
65
96
121
149
167
168
146
107
84
76
75
96
120
121
117
105
81
62
50
47
60
74
88
98
88
60
31
-3
-41
-59
-48
-30
-17
-3
-4
-23
-40
-52
-44
-6
36
63
74
63
45
35
32
43
67
84
79
60
37
10
-12
-22
-33
-43
-39
-30
-23
-20
-22
-25
-26
-31
-26
-2
23
42
41
6
-43
-86
-130
-162
-165
-147
-128
-120
-130
-142
-149
-154
-156
-160
-166
-175
-191
-221
-257
-285
-306
-331
-358
-389
-423
-459
-496
-531
-548
-551
-558
-576
-608
-630
-632
-621
-602
-584
-577
-580
-592
-609
-603
-581
-562
-554
-567
-582
-575
-549
-515
-473
-437
-403
-372
-337
-279
-197
-106
-24
36
83
131
195
275
369
473
576
663
729
785
848
931
1018
1103
1184
1248
1299
1340
1356
1357
1361
1357
1353
1351
1339
1331
1311
1263
1202
1132
1054
991
948
910
875
833
766
672
565
459
367
298
242
182
114
27
-60
-123
-183
-230
-246
-258
-285
-315
-347
-379
-405
-439
-478
-510
-542
-573
-617
-689
-779
-870
-959
-1045
-1098
-1115
-1132
-1165
-1207
-1282
-1395
-1489
-1522
-1513
-1507
-1517
-1537
-1594
-1700
-1780
-1780
-1730
-1676
-1660
-1702
-1759
-1757
-1697
-1639
-1582
-1513
-1488
-1542
-1594
-1560
-1466
-1370
-1283
-1235
-1297
-1414
-1448
-1393
-1260
-920
-293
452
1012
1208
1113
998
1161
1712
2490
3286
3944
4261
4077
3596
3281
3378
3764
4163
4348
4203
3776
3197
2580
2040
1702
1567
1447
1137
662
174
-295
-790
-1286
-1689
-1890
-1883
-1810
-1811
-1890
-2009
-2142
-2256
-2261
-2019
-1519
-986
-658
-553
-535
-462
-248
112
566
1042
1419
1576
1511
1375
1362
1523
1715
1830
1888
1861
1682
1396
1096
857
740
701
602
424
260
104
-115
-379
-564
-607
-555
-462
-365
-313
-334
-388
-458
-511
-424
-161
109
249
278
220
110
52
100
218
351
436
369
112
-215
-452
-588
-693
-772
-848
-1005
-1274
-1593
-1891
-2112
-2224
-2250
-2275
-2360
-2474
-2598
-2734
-2827
-2824
-2751
-2645
-2528
-2420
-2321
-2248
-2209
-2175
-2106
-1992
-1818
-1602
-1417
-1325
-1289
-1269
-1280
-1301
-1276
-1249
-1266
-1093
-374
748
1586
1711
1334
911
851
1385
2383
3496
4400
4741
4302
3448
3006
3404
4230
4851
5010
4744
4163
3469
2882
2508
2386
2404
2224
1644
949
485
167
-260
-795
-1253
-1489
-1558
-1629
-1765
-1919
-2090
-2333
-2623
-2731
-2427
-1832
-1346
-1236
-1395
-1533
-1464
-1184
-735
-156
401
673
584
369
337
611
1065
1404
1501
1467
1369
1188
988
899
939
991
911
694
469
322
218
72
-129
-286
-317
-280
-272
-292
-287
-280
-326
-387
-342
-109
213
449
541
553
573
660
799
946
1127
1303
1323
1145
942
877
912
917
825
642
400
140
-118
-377
-594
-743
-916
-1215
-1569
-1836
-1996
-2120
-2253
-2406
-2542
-2613
-2664
-2736
-2769
-2687
-2548
-2469
-2456
-2400
-2253
-2059
-1885
-1781
-1716
-1608
-1451
-1284
-1092
-895
-784
-811
-933
-1051
-1028
-842
-672
-687
-871
-1154
-1459
-1698
-1762
-1476
-706
271
800
541
-62
-295
78
877
1874
2820
3415
3494
3124
2670
2702
3435
4329
4732
4620
4322
3976
3600
3280
3086
3002
2915
2626
2063
1448
1007
614
32
-634
-1094
-1269
-1345
-1537
-1931
-2397
-2765
-3012
-3131
-2991
-2566
-2132
-1998
-2158
-2336
-2228
-1765
-1143
-579
-124
203
337
323
392
712
1198
1631
1855
1864
1790
1739
1660
1539
1491
1548
1566
1449
1239
993
730
472
236
56
4
61
65
-79
-290
-468
-598
-656
-581
-383
-161
-30
-47
-160
-208
-100
109
338
566
756
855
842
774
732
784
888
939
902
826
723
554
324
89
-111
-262
-397
-574
-796
-1018
-1239
-1513
-1799
-1986
-2050
-2079
-2147
-2290
-2477
-2597
-2581
-2509
-2456
-2372
-2255
-2195
-2194
-2158
-2052
-1892
-1709
-1581
-1538
-1486
-1379
-1301
-1266
-1171
-1039
-985
-990
-991
-1029
-1083
-1069
-1060
-1154
-1272
-1312
-1172
-642
253
970
1020
621
339
488
1116
2086
3025
3572
3623
3267
2808
2775
3407
4248
4676
4574
4177
3687
3302
3147
3114
3037
2851
2467
1856
1259
904
653
255
-250
-686
-986
-1173
-1315
-1518
-1792
-2059
-2265
-2383
-2312
-2032
-1749
-1671
-1776
-1889
-1809
-1433
-910
-497
-254
-125
-119
-147
6
391
823
1126
1222
1120
979
976
1066
1114
1138
1173
1104
873
626
483
394
302
204
73
-49
-91
-140
-286
-443
-507
-508
-474
-376
-245
-171
-185
-236
-263
-173
81
374
536
580
602
617
611
659
790
920
974
942
822
670
571
507
382
195
28
-121
-306
-514
-703
-888
-1088
-1307
-1538
-1743
-1864
-1919
-2007
-2163
-2312
-2370
-2362
-2346
-2335
-2326
-2300
-2231
-2136
-2072
-2031
-1940
-1801
-1669
-1531
-1378
-1260
-1210
-1190
-1166
-1101
-957
-800
-771
-864
-933
-963
-1039
-1111
-1088
-962
-627
3
630
829
616
361
368
784
1572
2434
3033
3231
3046
2667
2505
2890
3625
4186
4283
4009
3563
3147
2917
2869
2879
2829
2595
2105
1513
1059
758
446
41
-374
-685
-873
-1038
-1283
-1603
-1916
-2163
-2322
-2363
-2252
-2055
-1943
-2006
-2143
-2147
-1917
-1531
-1140
-818
-597
-496
-450
-315
-18
395
790
1024
1076
1069
1107
1194
1300
1419
1506
1495
1378
1213
1069
977
924
852
711
537
398
291
176
51
-54
-109
-107
-96
-115
-145
-165
-176
-165
-97
38
215
365
425
418
431
518
653
784
886
931
898
793
672
593
562
545
468
284
26
-223
-433
-617
-778
-932
-1124
-1350
-1567
-1757
-1917
-2044
-2158
-2279
-2373
-2403
-2387
-2390
-2451
-2530
-2547
-2459
-2296
-2124
-2000
-1932
-1925
-1951
-1892
-1667
-1373
-1140
-1008
-975
-994
-976
-907
-812
-673
-549
-569
-711
-821
-858
-867
-738
-289
375
862
910
622
356
482
1087
1861
2501
2962
3145
2930
2590
2621
3128
3770
4166
4144
3798
3390
3123
2967
2842
2772
2709
2431
1884
1304
868
513
149
-235
-594
-847
-1004
-1224
-1584
-1944
-2192
-2340
-2393
-2310
-2098
-1877
-1805
-1910
-2016
-1901
-1532
-1074
-683
-406
-246
-192
-165
-22
299
731
1099
1230
1164
1097
1128
1199
1282
1378
1434
1392
1253
1042
859
795
788
708
549
402
297
179
40
-61
-102
-103
-92
-103
-129
-110
-67
-71
-77
9
156
260
300
308
326
395
495
558
588
613
599
500
362
284
288
288
202
35
-170
-368
-547
-719
-873
-984
-1091
-1260
-1480
-1669
-1776
-1827
-1879
-1957
-2017
-2027
-2032
-2069
-2110
-2098
-2011
-1872
-1750
-1693
-1674
-1635
-1575
-1518
-1421
-1245
-1069
-991
-973
-955
-951
-951
-929
-915
-920
-879
-855
-968
-1125
-1160
-1138
-1118
-859
-220
455
710
515
191
146
640
1512
2304
2787
2993
2863
2475
2304
2715
3440
3955
4009
3665
3175
2846
2763
2757
2730
2675
2441
1900
1251
799
564
369
98
-242
-571
-807
-1017
-1314
-1639
-1850
-1933
-1946
-1894
-1775
-1660
-1653
-1774
-1902
-1814
-1434
-951
-607
-453
-413
-407
-347
-139
236
693
1063
1180
1062
933
978
1155
1333
1459
1505
1437
1251
1011
828
791
855
861
738
569
434
303
154
34
3
66
150
162
84
-17
-92
-137
-131
-27
151
279
270
157
71
114
270
429
515
525
472
357
230
191
261
353
333
167
-58
-235
-335
-404
-465
-534
-633
-803
-1038
-1256
-1373
-1403
-1424
-1493
-1594
-1693
-1796
-1901
-1977
-2003
-2002
-1989
-1958
-1915
-1882
-1877
-1913
-1963
-1942
-1822
-1667
-1546
-1472
-1453
-1502
-1537
-1440
-1241
-1078
-1014
-1031
-1120
-1220
-1205
-1060
-888
-750
-565
-229
203
518
571
486
545
905
1486
2077
2536
2819
2870
2704
2573
2797
3355
3867
4008
3778
3403
3099
2969
2971
2985
2915
2682
2214
1601
1121
909
793
562
201
-208
-589
-902
-1161
-1383
-1531
-1603
-1691
-1831
-1922
-1893
-1838
-1861
-1902
-1828
-1591
-1261
-980
-829
-749
-641
-494
-303
1
402
745
892
864
794
830
1023
1273
1430
1461
1395
1241
1042
927
967
1073
1107
1006
794
554
381
300
268
271
291
240
73
-124
-232
-242
-213
-183
-158
-142
-137
-159
-203
-200
-96
52
132
130
119
134
151
150
146
167
203
201
112
-32
-147
-221
-309
-428
-542
-636
-753
-925
-1129
-1301
-1396
-1446
-1509
-1591
-1675
-1773
-1892
-1996
-2029
-1976
-1899
-1876
-1920
-1961
-1949
-1905
-1845
-1754
-1627
-1514
-1468
-1490
-1486
-1352
-1122
-948
-894
-860
-787
-730
-718
-697
-617
-499
-404
-339
-156
274
796
1066
980
821
910
1307
1835
2313
2656
2816
2750
2530
2425
2679
3173
3516
3471
3148
2815
2625
2543
2477
2396
2281
2028
1586
1110
808
665
491
181
-195
-510
-726
-922
-1165
-1389
-1507
-1563
-1659
-1766
-1786
-1716
-1664
-1694
-1728
-1630
-1368
-1082
-906
-811
-695
-540
-384
-200
67
388
634
706
664
684
850
1070
1221
1282
1279
1227
1138
1064
1064
1140
1195
1122
940
769
688
667
642
590
522
446
355
243
157
163
225
222
124
27
1
26
50
36
-3
-19
-9
-19
-34
-1
48
26
-74
-166
-180
-135
-107
-163
-286
-413
-513
-605
-681
-701
-710
-803
-996
-1213
-1368
-1416
-1411
-1450
-1548
-1639
-1717
-1809
-1878
-1859
-1794
-1784
-1835
-1872
-1843
-1766
-1683
-1627
-1571
-1468
-1349
-1289
-1263
-1170
-1011
-894
-849
-780
-634
-492
-461
-532
-605
-573
-416
-232
-128
-72
73
325
567
733
863
1000
1161
1373
1645
1945
2229
2421
2440
2364
2406
2648
2921
3046
3012
2873
2668
2455
2308
2245
2220
2129
1861
1423
1005
748
594
428
221
-17
-298
-610
-896
-1086
-1154
-1145
-1162
-1266
-1399
-1470
-1479
-1475
-1441
-1330
-1158
-1002
-901
-819
-707
-559
-403
-246
-50
196
443
604
660
691
778
909
1020
1100
1170
1198
1139
1034
956
941
952
931
840
719
632
576
491
385
332
334
292
178
66
4
-21
-36
-66
-117
-153
-155
-173
-221
-225
-157
-91
-85
-108
-120
-113
-87
-56
-45
-45
-45
-86
-189
-290
-331
-351
-401
-485
-588
-704
-826
-957
-1090
-1179
-1208
-1238
-1322
-1434
-1532
-1612
-1661
-1661
-1638
-1624
-1617
-1638
-1680
-1671
-1591
-1517
-1488
-1453
-1394
-1333
-1251
-1165
-1121
-1075
-960
-840
-782
-701
-571
-508
-530
-533
-482
-397
-258
-117
-14
175
523
823
886
846
924
1159
1489
1834
2094
2248
2335
2337
2272
2339
2644
2962
3035
2876
2644
2453
2356
2322
2265
2151
1968
1657
1230
866
670
540
345
67
-248
-544
-781
-1000
-1214
-1348
-1381
-1431
-1554
-1662
-1688
-1658
-1616
-1562
-1468
-1291
-1053
-871
-787
-694
-531
-358
-185
51
339
579
703
715
690
750
919
1093
1183
1208
1187
1102
996
964
1019
1079
1069
961
778
612
536
518
512
500
454
326
141
1
-32
15
66
63
-1
-85
-138
-150
-127
-57
36
82
53
3
-10
20
60
67
42
10
-27
-90
-168
-227
-254
-279
-345
-442
-536
-614
-700
-805
-899
-956
-1002
-1083
-1185
-1271
-1319
-1335
-1352
-1391
-1434
-1472
-1528
-1589
-1598
-1536
-1455
-1419
-1441
-1477
-1469
-1390
-1275
-1157
-1044
-948
-912
-918
-882
-765
-603
-472
-435
-467
-457
-350
-203
-87
-31
-19
16
179
500
845
1046
1073
1012
1004
1186
1556
1947
2205
2283
2183
2016
1981
2163
2428
2580
2531
2304
2007
1790
1712
1698
1645
1506
1246
896
594
417
305
170
-18
-253
-485
-649
-740
-813
-896
-979
-1068
-1146
-1160
-1095
-1011
-952
-921
-903
-841
-694
-508
-354
-238
-137
-39
80
240
413
546
619
647
665
718
825
924
964
960
926
863
810
810
830
824
772
679
569
488
461
458
425
355
265
167
85
47
34
10
-34
-103
-193
-270
-308
-322
-334
-349
-361
-376
-406
-439
-445
-419
-387
-367
-359
-340
-307
-286
-285
-294
-300
-307
-327
-357
-385
-412
-462
-534
-604
-651
-673
-690
-720
-782
-864
-957
-1053
-1133
-1174
-1180
-1198
-1261
-1350
-1418
-1436
-1406
-1353
-1311
-1291
-1282
-1265
-1223
-1140
-1033
-932
-865
-829
-780
-690
-570
-447
-333
-234
-145
-69
-5
70
220
492
819
1057
1138
1124
1123
1220
1443
1735
1984
2114
2108
1997
1888
1907
2051
2186
2202
2094
1900
1686
1526
1436
1364
1270
1129
908
641
420
285
176
57
-65
-197
-343
-469
-575
-675
-734
-741
-747
-780
-799
-782
-766
-758
-738
-693
-608
-472
-349
-293
-261
-192
-96
14
152
288
380
425
442
448
492
603
722
784
794
774
716
662
672
722
757
771
747
658
541
453
392
351
354
359
286
152
26
-80
-161
-174
-148
-159
-219
-290
-370
-431
-414
-346
-300
-281
-271
-297
-348
-356
-302
-235
-179
-147
-170
-220
-233
-214
-205
-199
-188
-207
-267
-329
-387
-444
-489
-527
-583
-647
-701
-772
-884
-1006
-1095
-1156
-1201
-1234
-1270
-1313
-1353
-1402
-1466
-1492
-1443
-1351
-1283
-1247
-1227
-1208
-1171
-1103
-1005
-867
-704
-573
-510
-481
-431
-345
-222
-74
82
237
419
624
799
897
947
1007
1139
1359
1600
1770
1847
1858
1828
1807
1866
2003
2128
2156
2064
1891
1713
1601
1545
1500
1432
1310
1107
859
645
494
376
264
141
-15
-185
-334
-467
-582
-654
-696
-748
-807
-839
-840
-822
-797
-773
-742
-669
-554
-444
-360
-275
-170
-55
63
185
306
415
488
528
576
657
746
807
829
820
787
741
698
680
696
703
645
540
469
435
381
292
194
117
63
28
-21
-95
-158
-219
-319
-418
-434
-388
-363
-371
-393
-418
-420
-369
-301
-253
-212
-177
-184
-196
-146
-66
-32
-43
-67
-106
-135
-132
-131
-158
-185
-220
-303
-409
-472
-497
-531
-583
-652
-750
-855
-933
-994
-1052
-1090
-1124
-1186
-1252
-1277
-1282
-1295
-1308
-1317
-1321
-1301
-1238
-1159
-1087
-1024
-979
-950
-899
-787
-628
-468
-347
-288
-269
-230
-134
13
193
395
597
763
861
900
942
1062
1259
1471
1639
1744
1785
1776
1754
1761
1829
1939
2015
1980
1839
1666
1521
1421
1359
1306
1218
1057
823
568
358
224
133
34
-79
-206
-353
-519
-670
-754
-760
-740
-749
-785
-810
-805
-788
-756
-689
-582
-462
-360
-288
-221
-136
-45
38
138
268
397
484
526
547
577
624
681
727
755
755
718
657
624
634
641
596
496
396
341
325
297
231
145
57
-26
-90
-116
-114
-118
-170
-275
-376
-409
-378
-347
-340
-342
-351
-361
-352
-309
-249
-195
-174
-200
-222
-171
-74
-13
-17
-48
-85
-117
-119
-92
-61
-48
-74
-160
-271
-333
-345
-369
-422
-485
-563
-660
-761
-848
-930
-993
-1033
-1082
-1148
-1195
-1217
-1252
-1296
-1313
-1295
-1249
-1173
-1081
-1015
-982
-955
-915
-843
-715
-550
-418
-337
-276
-216
-149
-37
136
336
531
703
822
887
950
1047
1180
1348
1530
1660
1701
1685
1664
1662
1694
1756
1806
1800
1726
1594
1435
1306
1227
1158
1056
913
736
547
369
218
91
-18
-123
-245
-383
-517
-623
-691
-727
-745
-753
-755
-754
-759
-752
-710
-634
-547
-458
-369
-279
-185
-93
-9
73
170
274
367
446
516
563
584
598
623
658
693
704
672
613
552
504
473
462
452
407
318
210
129
94
89
76
30
-46
-125
-189
-231
-246
-241
-251
-292
-351
-394
-397
-367
-327
-305
-301
-299
-287
-260
-212
-145
-94
-77
-87
-94
-78
-42
-8
13
16
1
-36
-88
-127
-149
-169
-211
-277
-351
-417
-477
-535
-594
-652
-714
-786
-849
-892
-916
-941
-981
-1029
-1068
-1086
-1083
-1068
-1047
-1021
-1006
-1001
-982
-933
-852
-755
-658
-575
-500
-416
-325
-228
-107
36
180
318
466
626
776
897
990
1077
1192
1345
1493
1597
1662
1697
1699
1683
1687
1721
1755
1752
1679
1540
1381
1243
1127
1015
895
749
560
344
146
-18
-151
-269
-396
-537
-676
-791
-875
-922
-934
-930
-926
-921
-906
-872
-811
-728
-632
-535
-429
-312
-193
-76
40
147
248
349
444
527
603
675
731
765
781
779
762
740
714
676
629
576
512
444
371
293
202
120
66
23
-28
-98
-173
-226
-250
-271
-306
-341
-346
-334
-323
-311
-290
-261
-229
-210
-206
-191
-151
-109
-78
-47
-8
16
22
21
28
46
62
61
45
33
32
7
-50
-104
-138
-165
-188
-214
-250
-301
-370
-448
-515
-544
-542
-551
-590
-644
-710
-786
-843
-860
-841
-815
-808
-841
-900
-939
-935
-901
-851
-798
-762
-753
-745
-711
-643
-547
-439
-347
-267
-174
-60
65
194
331
473
607
731
844
960
1095
1234
1341
1402
1446
1489
1520
1530
1525
1505
1474
1430
1358
1254
1138
1014
873
719
572
446
317
179
46
-84
-209
-318
-413
-493
-543
-562
-582
-613
-626
-616
-590
-549
-490
-425
-364
-300
-235
-171
-93
-3
73
129
187
240
275
307
337
349
347
341
328
304
286
266
227
177
131
88
44
13
-10
-41
-78
-104
-126
-141
-136
-124
-119
-106
-77
-45
-28
-12
6
26
59
96
116
115
109
98
77
64
67
61
36
-2
-49
-90
-114
-127
-150
-186
-227
-276
-326
-351
-347
-339
-340
-354
-376
-398
-410
-403
-379
-333
-275
-233
-218
-214
-205
-184
-149
-96
-40
-1
5
-28
-78
-111
-107
-82
-63
-73
-121
-195
-261
-294
-299
-299
-310
-344
-386
-419
-445
-468
-473
-453
-423
-397
-375
-341
-286
-206
-119
-36
43
133
231
325
425
531
627
700
761
817
869
910
934
933
922
910
891
853
806
756
682
587
491
412
342
271
189
96
8
-59
-109
-142
-153
-154
-164
-184
-186
-155
-105
-49
0
48
101
149
184
212
257
311
350
359
350
336
321
302
265
225
185
136
70
-2
-63
-118
-187
-271
-354
-418
-459
-495
-541
-590
-625
-647
-661
-660
-639
-606
-574
-548
-523
-482
-421
-353
-294
-240
-188
-140
-101
-67
-29
12
54
87
100
104
110
118
130
141
151
154
149
137
121
108
103
104
108
109
102
84
59
40
31
29
31
26
13
-10
-38
-68
-91
-99
-98
-97
-102
-117
-144
-183
-219
-244
-253
-247
-241
-246
-268
-301
-336
-358
-350
-317
-280
-256
-250
-255
-250
-221
-174
-117
-52
17
77
125
168
213
268
335
407
475
536
589
628
649
664
686
717
754
777
776
748
706
657
612
581
556
517
455
380
297
221
162
116
74
36
-5
-55
-103
-131
-138
-143
-151
-162
-177
-187
-187
-183
-185
-186
-186
-190
-194
-185
-171
-169
-182
-199
-220
-232
-234
-235
-242
-258
-282
-315
-343
-348
-336
-327
-328
-338
-354
-364
-363
-361
-357
-350
-346
-352
-357
-354
-347
-343
-342
-344
-346
-348
-349
-354
-353
-346
-337
-326
-314
-301
-285
-267
-232
-174
-102
-30
27
79
136
204
285
372
462
537
586
615
644
689
741
782
801
803
796
781
757
734
720
708
678
632
586
546
516
484
451
424
404
375
332
288
255
230
201
169
135
102
65
18
-33
-77
-114
-153
-204
-258
-305
-348
-393
-440
-481
-513
-534
-551
-568
-576
-576
-572
-568
-552
-517
-466
-411
-361
-318
-280
-237
-185
-130
-72
-14
35
69
92
113
130
145
152
148
129
108
91
72
46
16
-16
-51
-81
-103
-116
-122
-126
-136
-153
-162
-151
-127
-102
-78
-60
-47
-38
-27
-6
27
61
84
83
70
63
64
73
83
89
86
74
59
48
43
43
44
45
49
58
62
54
39
31
35
49
73
95
106
104
93
85
92
117
147
163
163
150
135
128
133
142
145
135
111
76
45
28
20
14
3
-19
-51
-81
-99
-105
-99
-92
-97
-109
-125
-131
-127
-113
-96
-82
-73
-72
-76
-75
-66
-52
-43
-41
-40
-41
-42
-44
-47
-48
-47
-46
-52
-63
-75
-85
-96
-99
-94
-88
-87
-89
-95
-100
-98
-89
-79
-67
-51
-37
-26
-20
-14
-9
-2
12
30
48
64
74
80
87
97
114
135
155
166
165
158
150
147
144
139
127
110
87
61
31
6
-20
-47
-72
-99
-121
-141
-159
-179
-196
-204
-207
-207
-204
-195
-189
-185
-177
-164
-144
-117
-90
-75
-63
-42
-14
17
51
82
106
126
143
162
186
216
239
247
246
248
250
251
250
242
230
223
215
202
181
157
131
103
87
82
79
66
44
14
-12
-23
-18
-13
-10
-9
-28
-61
-90
-105
-108
-99
-94
-105
-128
-159
-189
-216
-220
-203
-188
-188
-203
-227
-245
-246
-228
-200
-169
-145
-140
-148
-148
-128
-94
-55
-20
3
15
23
35
51
77
112
140
154
162
166
168
171
180
187
187
181
159
127
97
80
69
58
48
29
-2
-28
-44
-53
-52
-46
-41
-42
-43
-41
-42
-41
-32
-17
2
24
37
36
26
20
24
40
65
86
92
81
64
52
51
63
73
77
73
62
45
24
7
-3
-8
-13
-21
-36
-55
-75
-96
-109
-110
-101
-96
-98
-108
-121
-127
-122
-110
-94
-79
-70
-68
-71
-72
-65
-52
-36
-19
-4
4
3
-1
-2
9
25
42
52
57
54
49
50
59
78
93
100
100
97
97
99
104
114
122
126
122
113
108
105
99
93
84
80
74
59
39
18
1
-13
-22
-24
-24
-32
-49
-70
-85
-84
-69
-52
-44
-45
-58
-73
-80
-70
-46
-25
-14
-20
-32
-40
-37
-24
-6
11
17
12
4
1
3
7
11
13
12
9
-1
-12
-24
-33
-41
-45
-46
-47
-53
-69
-89
-100
-99
-87
-74
-70
-70
-78
-83
-81
-68
-43
-20
-7
-6
-13
-15
-6
14
38
56
64
59
50
47
55
71
89
100
102
97
85
76
73
74
82
84
76
61
43
24
6
-6
-17
-29
-43
-60
-81
-101
-120
-135
-147
-155
-156
-158
-157
-159
-160
-160
-153
-135
-110
-85
-65
-53
-44
-32
-11
18
49
80
100
106
109
116
131
154
179
201
211
212
205
201
204
215
225
227
220
204
186
168
152
143
139
132
116
91
68
55
44
34
21
6
-9
-20
-35
-48
-62
-79
-94
-108
-114
-117
-122
-136
-155
-173
-183
-180
-170
-160
-156
-162
-172
-175
-166
-147
-125
-107
-97
-90
-85
-79
-74
-65
-55
-45
-32
-23
-17
-18
-24
-28
-26
-10
12
33
44
40
31
22
29
48
72
85
83
67
51
41
43
52
59
59
46
31
19
17
23
32
33
29
24
22
26
37
52
63
62
59
56
58
66
77
88
94
95
86
73
63
62
70
79
82
74
55
32
9
-4
-9
-8
-10
-26
-53
-84
-106
-118
-119
-115
-115
-123
-135
-147
-150
-142
-127
-108
-90
-80
-76
-75
-71
-57
-33
-7
11
19
19
18
21
36
53
72
85
85
76
68
69
79
95
107
110
102
91
77
70
70
77
82
82
75
61
45
28
20
23
35
45
45
32
14
-3
-11
-11
-1
11
16
4
-18
-36
-44
-40
-31
-30
-34
-44
-54
-59
-56
-48
-44
-45
-50
-53
-49
-40
-27
-17
-17
-26
-35
-33
-18
0
9
7
-3
-7
-6
0
11
23
31
27
19
15
18
23
25
20
14
10
3
-3
-9
-17
-30
-44
-48
-41
-31
-35
-49
-64
-69
-62
-47
-27
-15
-14
-29
-46
-46
-20
12
30
28
10
-9
-15
1
32
57
58
37
8
-4
4
21
34
32
12
-20
-47
-54
-38
-17
-15
-36
-69
-88
-88
-73
-51
-37
-38
-51
-59
-52
-33
-11
3
10
15
18
24
33
42
52
52
48
50
62
75
75
62
52
53
65
78
83
81
73
62
57
67
84
98
97
85
71
64
67
79
92
96
85
62
44
41
48
54
47
31
8
-15
-28
-31
-31
-35
-47
-69
-91
-105
-109
-105
-99
-102
-116
-127
-131
-122
-111
-103
-95
-89
-84
-77
-67
-55
-40
-29
-21
-11
2
11
15
19
24
30
32
36
44
45
37
22
13
18
30
33
28
18
6
-9
-18
-17
-6
5
2
-14
-33
-45
-47
-39
-26
-14
-12
-21
-35
-41
-35
-22
-7
4
12
14
8
0
2
13
27
36
39
41
43
40
33
27
29
37
43
47
45
40
28
14
7
10
18
25
25
18
6
-11
-23
-21
-5
10
16
9
0
-7
-7
2
20
40
51
52
47
46
48
55
64
72
76
71
60
52
46
37
25
19
16
16
8
-9
-26
-34
-37
-35
-34
-34
-35
-40
-46
-47
-40
-31
-26
-26
-30
-30
-23
-16
-11
-8
-14
-23
-26
-25
-18
-13
-16
-26
-32
-38
-41
-40
-39
-39
-38
-40
-41
-37
-31
-28
-24
-20
-12
4
19
29
35
35
38
50
65
76
84
86
83
84
85
89
95
94
87
80
76
74
71
64
54
44
35
26
23
19
9
-5
-24
-39
-42
-42
-45
-51
-63
-77
-86
-90
-86
-76
-71
-77
-84
-89
-88
-78
-66
-60
-57
-59
-64
-63
-55
-46
-39
-36
-41
-43
-43
-39
-29
-22
-23
-26
-31
-37
-32
-26
-21
-17
-21
-31
-37
-36
-28
-15
-5
-4
-7
-11
-12
-2
17
34
47
52
51
56
66
77
92
107
113
116
110
104
105
107
106
102
95
86
77
67
54
40
30
19
12
7
1
-7
-18
-33
-41
-39
-33
-21
-15
-16
-22
-30
-28
-9
19
37
41
30
17
15
27
46
63
65
48
20
-2
-8
0
9
9
-8
-35
-62
-76
-74
-65
-58
-63
-73
-81
-80
-72
-64
-56
-48
-43
-33
-23
-11
-4
-2
-6
-11
-6
7
20
24
12
-10
-28
-40
-44
-40
-38
-48
-70
-99
-121
-131
-136
-134
-131
-133
-140
-152
-159
-158
-147
-133
-116
-96
-79
-69
-61
-54
-37
-11
18
45
66
80
84
87
93
107
128
145
155
154
139
119
108
107
114
120
115
95
69
42
30
33
45
50
41
20
-1
-9
1
21
39
41
28
13
6
17
38
53
57
49
33
24
29
43
55
55
46
36
34
43
56
63
56
39
26
24
34
44
40
22
-6
-31
-39
-28
-12
-13
-33
-65
-88
-90
-69
-38
-21
-26
-49
-68
-64
-32
5
25
21
-1
-25
-33
-18
9
27
19
-13
-47
-64
-58
-40
-25
-27
-46
-72
-87
-83
-64
-48
-45
-52
-63
-66
-59
-45
-33
-29
-30
-30
-23
-8
10
23
23
20
22
34
55
72
76
67
52
42
46
58
66
61
43
22
8
6
14
24
22
10
-4
-14
-8
5
16
17
5
-12
-21
-19
-7
5
5
-5
-21
-28
-22
-6
13
22
20
9
1
1
12
25
30
23
4
-17
-31
-34
-33
-32
-39
-55
-72
-83
-86
-83
-75
-71
-73
-75
-77
-73
-65
-57
-51
-46
-42
-32
-17
-1
10
17
21
29
47
69
89
101
98
88
81
81
90
103
107
96
74
51
35
37
46
53
51
34
15
1
-3
1
10
13
7
-8
-22
-30
-28
-23
-19
-17
-19
-20
-18
-11
-2
7
13
16
20
23
23
22
20
14
9
4
-2
-6
-11
-17
-22
-24
-21
-16
-11
-8
-9
-7
-3
8
22
34
40
38
31
28
33
43
55
61
54
43
29
20
21
31
36
29
11
-12
-33
-44
-48
-50
-54
-67
-84
-105
-122
-126
-124
-116
-110
-110
-113
-119
-119
-112
-96
-78
-66
-62
-65
-69
-68
-60
-47
-36
-30
-33
-39
-41
-39
-31
-20
-11
-7
-5
-3
1
6
11
17
22
25
29
31
31
28
21
15
17
24
33
36
31
20
10
10
22
44
63
69
59
46
42
55
81
108
121
115
94
72
70
87
109
119
108
79
48
31
37
55
70
67
44
16
0
7
28
48
53
37
10
-12
-14
0
16
19
1
-30
-61
-75
-68
-51
-39
-44
-64
-87
-96
-85
-60
-36
-28
-38
-56
-69
-68
-51
-34
-29
-40
-59
-76
-78
-64
-46
-35
-36
-46
-51
-42
-22
4
24
30
28
22
26
44
67
82
85
78
65
57
59
73
87
94
87
70
52
42
39
44
49
46
33
10
-14
-33
-40
-38
-33
-33
-41
-58
-76
-88
-85
-70
-50
-35
-35
-43
-57
-62
-53
-33
-11
0
-6
-21
-35
-39
-27
-8
8
11
0
-13
-18
-10
7
23
31
29
26
24
31
44
55
59
54
52
56
64
72
74
70
60
53
53
58
66
64
51
35
22
17
15
18
18
9
-3
-18
-26
-27
-27
-28
-28
-29
-32
-38
-43
-46
-44
-39
-34
-26
-24
-27
-32
-35
-31
-22
-13
-12
-15
-21
-28
-29
-24
-18
-18
-25
-36
-40
-35
-27
-20
-20
-29
-40
-42
-29
-9
6
6
-8
-23
-28
-14
11
33
40
27
8
-3
9
38
66
80
74
56
41
45
66
90
101
90
67
44
35
40
51
57
46
22
-2
-16
-15
-6
-1
-11
-30
-51
-64
-66
-61
-62
-71
-89
-106
-113
-110
-104
-101
-102
-107
-110
-106
-92
-76
-65
-62
-65
-63
-55
-40
-28
-22
-23
-28
-30
-22
-6
11
18
15
9
8
17
33
53
63
62
50
36
34
41
52
58
52
35
17
3
1
7
12
8
-4
-19
-32
-39
-37
-32
-29
-31
-37
-42
-42
-38
-33
-30
-25
-20
-15
-10
-6
-3
-3
-4
-4
5
15
21
25
26
27
30
40
56
76
91
99
100
104
108
117
128
137
141
133
118
103
91
83
76
69
58
43
23
4
-8
-16
-22
-28
-35
-42
-52
-62
-72
-82
-89
-94
-94
-92
-92
-99
-108
-113
-111
-99
-84
-67
-55
-50
-51
-48
-34
-10
14
29
34
30
25
28
42
61
76
81
74
63
59
63
73
84
90
82
65
49
41
40
40
37
27
9
-11
-28
-36
-37
-38
-41
-48
-58
-67
-72
-71
-63
-59
-59
-62
-66
-70
-69
-64
-58
-52
-51
-52
-54
-51
-45
-40
-33
-33
-33
-34
-33
-32
-30
-27
-26
-27
-27
-25
-21
-15
-8
-2
6
13
20
27
31
37
40
43
45
47
46
43
40
37
36
36
37
38
39
41
41
43
46
47
49
50
52
50
50
47
42
37
31
30
32
36
39
35
28
23
23
28
37
42
40
29
15
2
-6
-7
-8
-14
-27
-44
-62
-74
-79
-78
-76
-75
-78
-82
-84
-84
-79
-69
-60
-51
-42
-33
-30
-25
-18
-11
1
17
31
43
51
54
56
59
68
81
90
96
91
80
67
58
55
56
56
49
38
23
10
3
-2
-5
-5
-9
-16
-23
-32
-38
-43
-47
-49
-50
-51
-57
-63
-68
-70
-69
-63
-56
-51
-50
-52
-51
-47
-41
-34
-31
-35
-40
-46
-48
-47
-44
-43
-46
-52
-55
-55
-47
-35
-25
-19
-16
-14
-11
-2
10
19
26
24
24
23
23
25
24
26
27
24
22
19
15
14
12
11
12
12
10
8
2
-2
-3
-3
-1
-1
-2
-3
-2
2
9
16
22
26
28
31
38
45
51
53
53
53
55
60
67
72
71
68
64
65
72
78
80
75
66
54
46
43
42
37
24
4
-18
-36
-46
-49
-52
-57
-67
-78
-85
-87
-81
-73
-68
-64
-60
-57
-52
-46
-40
-35
-31
-26
-21
-13
-9
-8
-6
-4
3
13
22
32
36
37
35
35
40
45
49
47
41
33
25
18
12
8
3
0
-5
-9
-16
-23
-29
-31
-32
-30
-30
-34
-40
-51
-59
-63
-61
-58
-59
-67
-77
-84
-87
-81
-70
-62
-58
-60
-62
-61
-52
-40
-28
-20
-17
-18
-16
-12
-3
7
15
21
23
24
24
27
31
38
43
44
44
42
39
36
34
35
36
35
30
23
18
14
15
16
16
12
6
2
-4
-6
-5
-5
-4
-6
-9
-10
-10
-6
-2
2
4
5
6
9
13
17
20
20
19
18
20
20
22
21
18
14
11
13
17
20
20
16
9
4
3
7
13
15
10
1
-8
-13
-7
2
9
10
5
1
-2
4
16
29
37
38
35
34
38
46
54
57
57
49
43
42
41
39
34
26
19
12
8
5
-1
-12
-24
-34
-38
-36
-34
-37
-48
-61
-71
-69
-60
-48
-44
-48
-58
-69
-68
-56
-38
-26
-23
-31
-40
-43
-36
-21
-9
-3
-8
-16
-22
-22
-15
-8
-5
-6
-12
-16
-18
-19
-18
-17
-17
-16
-16
-15
-16
-17
-19
-17
-13
-5
1
4
4
0
0
3
10
17
21
18
12
6
4
6
10
9
3
-5
-15
-22
-27
-26
-27
-32
-37
-43
-47
-49
-47
-44
-41
-38
-36
-33
-27
-20
-13
-4
7
17
27
35
45
54
64
74
84
94
102
106
108
107
110
110
110
110
106
97
86
74
63
54
42
31
17
2
-13
-27
-38
-47
-55
-61
-68
-76
-82
-86
-87
-84
-81
-78
-74
-71
-69
-64
-58
-49
-40
-33
-27
-22
-16
-10
-4
3
10
15
19
22
24
26
28
30
31
31
31
29
25
22
20
19
19
19
15
11
8
7
10
14
16
14
11
8
5
5
9
9
8
2
-5
-10
-12
-10
-11
-13
-18
-25
-31
-32
-30
-28
-28
-32
-39
-44
-45
-43
-39
-36
-37
-41
-43
-42
-39
-31
-25
-19
-16
-14
-11
-5
3
11
18
23
27
29
32
34
36
40
43
43
45
44
42
41
40
39
37
35
33
30
26
22
18
15
9
7
3
-1
-5
-10
-13
-17
-20
-20
-20
-21
-22
-24
-27
-28
-28
-27
-25
-22
-21
-23
-25
-27
-26
-22
-16
-11
-9
-10
-12
-14
-11
-4
3
9
11
8
4
3
8
15
22
27
28
23
19
19
22
29
37
39
38
34
29
28
31
34
37
38
31
24
17
11
10
10
9
5
-1
-9
-15
-18
-17
-16
-13
-15
-17
-22
-24
-23
-22
-19
-17
-15
-15
-17
-19
-18
-17
-14
-11
-9
-9
-10
-12
-12
-11
-8
-4
-4
-5
-8
-10
-12
-11
-9
-6
-4
-6
-7
-8
-6
0
4
7
10
12
12
14
18
20
23
23
22
20
17
14
12
10
9
6
0
-4
-9
-14
-17
-21
-25
-30
-37
-44
-48
-51
-52
-54
-56
-58
-61
-60
-58
-52
-44
-39
-33
-28
-22
-12
-4
5
13
19
24
28
36
42
47
50
52
54
58
63
67
70
69
66
63
63
64
64
63
58
50
45
42
39
38
36
32
27
23
20
19
19
19
19
15
11
9
6
2
0
-3
-7
-11
-14
-18
-23
-27
-31
-33
-34
-34
-34
-36
-39
-41
-42
-43
-40
-39
-38
-38
-38
-39
-36
-32
-28
-24
-21
-18
-16
-12
-10
-7
-5
-3
-1
0
2
3
0
-2
-3
-3
-3
0
0
1
-2
-4
-5
-4
-2
2
5
5
3
0
-3
-2
1
4
6
8
5
3
1
1
4
7
8
6
3
-1
-4
-5
-2
0
1
0
-3
-6
-6
-4
-2
1
3
2
2
2
3
4
4
3
3
2
1
0
-1
-4
-8
-12
-14
-15
-14
-14
-17
-23
-29
-32
-33
-31
-29
-30
-33
-38
-41
-41
-37
-31
-25
-25
-26
-25
-21
-14
-6
3
9
13
15
18
25
32
38
44
47
47
48
50
51
52
52
51
51
50
47
43
38
33
26
23
21
18
12
5
-5
-12
-17
-18
-19
-18
-20
-28
-32
-33
-35
-31
-26
-25
-25
-28
-30
-30
-28
-24
-20
-16
-15
-16
-16
-14
-12
-8
-3
-1
1
0
0
1
2
6
10
12
14
10
9
8
9
13
18
22
23
22
17
17
16
19
21
24
25
23
18
12
9
11
13
14
13
8
3
-2
-4
1
3
4
3
-4
-10
-14
-14
-11
-7
-6
-8
-12
-15
-15
-12
-5
-2
1
-1
-3
-3
-1
3
8
12
13
12
7
4
4
5
6
8
7
4
0
-5
-7
-6
-4
-3
-3
-5
-10
-14
-13
-13
-10
-6
-5
-6
-8
-8
-6
-2
3
8
10
13
14
15
17
21
24
26
28
28
28
28
27
27
28
28
30
30
28
26
23
23
21
20
22
19
18
15
12
9
8
6
5
4
2
-1
-6
-10
-13
-14
-14
-16
-17
-20
-25
-27
-30
-30
-29
-29
-30
-33
-34
-36
-34
-34
-31
-28
-28
-28
-28
-27
-24
-22
-18
-16
-15
-14
-13
-12
-9
-8
-7
-6
-6
-5
-5
-6
-7
-8
-9
-8
-7
-7
-8
-10
-12
-14
-13
-11
-7
-5
-5
-6
-8
-7
-6
-1
3
7
7
6
6
6
10
14
16
18
16
16
15
17
21
24
27
28
28
25
25
25
26
27
28
29
28
25
21
16
12
12
10
9
6
1
-5
-11
-15
-18
-17
-18
-20
-24
-29
-32
-34
-34
-32
-31
-31
-31
-32
-32
-30
-25
-20
-16
-13
-13
-10
-8
-5
-1
3
7
8
9
7
7
8
7
7
7
5
4
2
-1
-4
-6
-9
-10
-11
-12
-15
-17
-19
-19
-19
-16
-15
-14
-14
-14
-12
-9
-4
1
5
7
9
11
16
22
27
32
34
34
32
33
35
37
38
38
35
30
26
24
23
22
20
13
5
0
-6
-8
-9
-13
-16
-20
-25
-29
-29
-28
-26
-26
-26
-26
-25
-23
-21
-17
-13
-9
-7
-5
-1
1
4
7
10
13
15
18
18
19
21
22
24
27
28
28
24
22
21
19
19
18
17
14
11
6
3
0
-3
-2
-3
-5
-9
-14
-18
-22
-24
-23
-24
-24
-26
-31
-35
-40
-39
-38
-34
-34
-35
-36
-35
-33
-30
-25
-20
-15
-13
-10
-7
-3
2
6
12
18
23
28
32
36
39
43
47
53
58
60
62
62
60
59
57
59
59
56
53
46
38
32
26
23
19
15
7
1
-6
-12
-16
-20
-23
-26
-29
-34
-37
-41
-43
-43
-41
-40
-36
-35
-33
-32
-28
-24
-18
-11
-5
0
3
5
7
11
15
20
23
24
24
22
20
18
18
19
19
17
14
11
6
1
-1
-2
-3
-5
-7
-13
-19
-24
-27
-28
-27
-25
-27
-30
-35
-38
-38
-34
-30
-27
-27
-30
-32
-33
-31
-27
-22
-19
-18
-18
-19
-19
-15
-11
-8
-3
0
1
3
4
5
8
10
14
17
19
19
17
16
15
17
19
20
19
17
12
8
5
3
4
4
1
-5
-11
-15
-18
-18
-16
-16
-16
-18
-21
-23
-21
-20
-18
-16
-14
-13
-12
-10
-7
-4
-1
2
3
6
8
9
9
10
10
13
15
16
17
17
17
15
15
16
16
18
18
16
16
15
14
15
16
16
18
19
19
20
21
21
22
23
23
24
24
24
22
21
18
15
15
14
12
9
3
-4
-7
-12
-15
-18
-22
-25
-30
-35
-38
-40
-43
-45
-45
-46
-47
-48
-49
-47
-44
-42
-38
-35
-31
-28
-24
-21
-15
-10
-5
1
6
10
13
16
20
25
29
35
38
39
39
39
41
44
47
49
48
45
43
37
35
35
36
34
30
26
18
12
7
4
2
2
-2
-9
-14
-20
-24
-25
-25
-26
-28
-33
-37
-38
-38
-37
-33
-32
-30
-31
-29
-29
-27
-23
-19
-13
-7
-4
-1
2
4
9
15
21
28
32
35
35
36
39
45
50
53
56
55
52
49
50
52
55
56
55
51
45
42
40
40
40
38
34
28
22
18
15
13
11
7
1
-4
-9
-14
-18
-20
-21
-25
-27
-30
-34
-38
-40
-41
-40
-38
-38
-37
-37
-38
-38
-37
-35
-31
-27
-23
-22
-24
-23
-20
-14
-8
-2
0
0
-2
-1
1
5
9
13
13
11
8
7
6
8
10
10
8
5
2
-1
-3
-1
-1
-1
-3
-5
-8
-10
-13
-15
-15
-15
-15
-16
-17
-18
-20
-20
-19
-18
-15
-14
-13
-13
-13
-12
-11
-9
-6
-3
-1
0
0
-1
1
2
6
10
9
9
8
6
6
8
9
11
10
8
5
4
3
4
4
5
4
3
2
1
0
-1
-2
-2
0
-1
-1
-3
-3
-4
-6
-6
-4
-2
1
1
-1
-2
-1
2
4
6
7
7
7
7
7
9
12
13
12
12
10
10
9
10
11
12
10
8
7
6
6
5
6
4
3
1
2
0
1
0
0
-1
0
1
2
