SAMPLES:	18367
BITSPERSAMPLE:	16
CHANNELS:	1
SAMPLERATE:	16000
NORMALIZED:	FALSE
-29
-28
-31
-31
-31
-31
-31
-33
-32
-32
-32
-31
-31
-30
-29
-27
-26
-27
-24
-23
-20
-18
-18
-15
-14
-10
-10
-8
-5
-4
-1
0
3
5
6
9
10
13
15
17
19
19
21
20
22
23
24
24
26
27
26
28
25
28
27
27
27
25
27
26
26
24
22
22
20
19
20
17
17
16
13
13
12
11
9
7
6
4
3
1
0
-2
-4
-4
-5
-6
-7
-8
-9
-10
-12
-12
-14
-14
-14
-16
-14
-16
-17
-17
-17
-17
-17
-18
-17
-16
-17
-15
-15
-13
-15
-13
-12
-11
-10
-9
-9
-7
-7
-7
-4
-5
-4
-3
-2
-2
-1
0
-1
0
1
0
3
3
4
4
3
4
1
2
2
1
2
1
2
1
1
0
0
0
-3
-2
-3
-3
-4
-4
-4
-4
-5
-5
-7
-5
-6
-7
-6
-8
-6
-6
-7
-4
-5
-5
-4
-6
-5
-4
-1
-1
0
1
2
3
5
5
5
7
7
9
9
10
11
10
12
13
14
15
16
16
16
17
17
18
18
19
19
18
18
18
18
18
17
17
16
18
18
17
17
17
16
17
14
13
14
12
14
10
11
9
8
8
6
8
5
5
4
2
2
2
1
1
1
0
0
-1
-2
-1
-4
-3
-3
-3
-3
-4
-4
-4
-3
-4
-5
-3
-4
-1
-2
-2
-1
-2
0
-1
0
1
2
2
1
2
2
1
1
2
0
1
0
-1
0
-2
-1
-1
-1
0
-1
-1
-2
-2
-3
-3
-4
-5
-5
-5
-6
-7
-6
-9
-9
-9
-12
-11
-14
-13
-14
-15
-14
-18
-17
-18
-18
-18
-21
-20
-20
-21
-18
-21
-20
-20
-20
-19
-20
-18
-18
-18
-17
-17
-16
-14
-14
-11
-9
-9
-7
-7
-5
-3
-2
1
2
3
5
8
8
11
13
14
15
17
18
20
20
22
23
24
26
25
27
27
28
29
28
30
28
28
28
26
26
25
23
23
22
21
20
18
17
15
14
11
10
8
5
4
2
1
-1
-3
-4
-6
-8
-10
-11
-13
-14
-15
-15
-18
-18
-19
-21
-21
-23
-22
-22
-24
-23
-22
-24
-24
-23
-24
-22
-24
-22
-23
-22
-20
-20
-19
-18
-16
-15
-15
-13
-11
-12
-9
-8
-8
-5
-6
-4
-3
-2
-1
1
2
2
4
4
6
6
5
6
7
9
8
8
7
9
8
8
9
8
9
8
8
7
7
6
6
5
4
4
4
4
4
4
2
3
2
1
2
0
0
-1
1
-1
0
0
-1
0
-1
2
0
1
2
1
2
1
3
4
4
5
4
5
7
7
8
6
7
7
7
8
7
9
9
10
10
10
10
10
10
10
11
10
11
11
9
10
8
8
7
7
6
7
5
4
6
4
4
2
2
1
1
0
-1
-1
-2
-2
-4
-5
-5
-8
-7
-8
-8
-8
-9
-9
-11
-10
-12
-12
-11
-12
-13
-14
-14
-15
-13
-14
-13
-15
-14
-15
-14
-12
-13
-13
-13
-12
-12
-11
-9
-9
-7
-8
-7
-4
-7
-3
-3
-1
0
0
2
1
4
4
6
6
7
8
8
8
11
10
11
12
12
13
13
13
13
12
13
13
12
13
13
12
13
12
13
13
11
11
8
10
10
9
7
6
6
5
7
5
4
4
2
3
1
1
2
-2
0
-2
-3
-1
-4
-4
-4
-5
-3
-4
-1
-4
-3
-3
-5
-4
-6
-4
-5
-4
-3
-4
-3
-4
-3
-3
-4
-3
-4
-3
-4
-3
-3
-4
-4
-6
-4
-5
-5
-5
-5
-5
-6
-6
-6
-7
-6
-8
-6
-7
-6
-7
-8
-8
-9
-8
-8
-7
-8
-8
-9
-10
-9
-9
-8
-8
-9
-8
-8
-8
-9
-8
-9
-10
-9
-9
-9
-9
-10
-10
-11
-11
-11
-11
-9
-11
-9
-10
-9
-8
-10
-8
-9
-7
-7
-8
-7
-8
-6
-6
-5
-4
-3
-2
-2
0
0
1
2
2
4
5
5
8
8
10
11
10
11
11
13
14
14
15
15
17
17
17
18
18
18
18
18
18
17
17
16
15
15
15
15
14
13
12
12
9
10
8
6
6
4
4
2
1
0
-1
-2
-3
-5
-6
-6
-7
-7
-9
-9
-8
-9
-10
-10
-11
-9
-10
-11
-10
-10
-9
-9
-9
-8
-7
-4
-5
-4
-4
-3
-1
-2
0
1
1
2
3
5
6
5
7
8
8
10
10
12
12
12
14
13
15
13
14
14
14
14
11
12
12
12
11
9
10
8
7
9
6
6
6
4
5
4
3
2
1
0
-1
-2
-4
-3
-4
-5
-6
-7
-7
-7
-8
-9
-9
-9
-10
-11
-11
-12
-11
-11
-11
-11
-12
-11
-12
-12
-13
-13
-13
-12
-13
-12
-12
-12
-12
-12
-12
-12
-12
-11
-11
-11
-9
-9
-8
-8
-9
-8
-8
-7
-7
-5
-6
-6
-6
-5
-4
-5
-2
-3
-2
-2
-2
-1
-2
-1
1
1
1
2
2
3
3
4
4
3
5
4
6
6
8
8
8
9
8
9
9
11
11
11
12
12
12
12
12
12
10
12
12
11
12
11
12
10
11
10
10
8
8
8
8
9
7
8
7
7
7
5
6
4
4
3
4
3
3
2
1
2
1
0
0
0
-1
-2
-3
-2
-3
-3
-3
-6
-4
-6
-5
-6
-7
-7
-9
-7
-8
-8
-8
-8
-8
-8
-8
-9
-10
-10
-9
-10
-9
-10
-8
-8
-8
-9
-8
-7
-8
-7
-7
-6
-7
-6
-5
-5
-4
-4
-4
-1
-2
0
1
1
2
4
4
5
6
6
8
9
8
9
9
10
10
12
12
12
12
13
12
12
11
10
12
11
10
10
9
9
8
8
7
7
6
4
4
2
3
2
1
0
-2
-3
-3
-3
-3
-4
-5
-6
-6
-6
-7
-7
-7
-7
-8
-7
-8
-8
-7
-9
-8
-6
-7
-6
-5
-7
-4
-6
-4
-4
-4
-4
-4
-4
-3
-3
-2
-4
-3
-2
-2
-2
-1
-1
-1
-1
-2
-1
-2
0
-2
-2
-2
-2
0
-2
-3
-2
-2
-2
-1
-1
-1
-1
-1
-1
-2
-1
-1
-2
-2
-1
0
-1
-1
-4
-2
-3
-3
-2
-3
-2
-2
-3
-3
-4
-5
-5
-5
-5
-6
-6
-7
-7
-6
-6
-6
-6
-5
-6
-7
-4
-6
-4
-4
-5
-3
-4
-3
-3
-2
-3
-3
-2
-2
-1
-1
-2
-2
-2
-1
-1
1
1
1
2
0
1
0
1
1
2
2
1
2
1
2
1
1
1
1
2
1
3
2
3
3
1
4
2
4
3
2
3
3
5
4
4
3
5
5
4
4
4
6
5
5
5
4
4
5
3
4
4
2
5
4
4
4
3
3
4
5
3
4
4
4
4
4
3
5
4
4
4
4
4
4
5
3
4
2
3
4
4
3
1
2
1
0
0
-1
1
0
0
-2
-1
-3
-4
-3
-5
-5
-6
-5
-6
-7
-6
-8
-7
-8
-8
-9
-9
-8
-9
-9
-9
-10
-8
-9
-9
-9
-8
-7
-7
-6
-6
-6
-5
-5
-4
-4
-6
-5
-6
-7
-5
-5
-4
-3
-3
0
-1
-1
1
1
2
2
4
4
6
5
5
7
6
8
7
8
9
9
10
9
11
9
9
10
8
11
10
11
11
9
10
9
10
9
8
9
8
8
7
7
7
6
7
6
5
6
4
4
3
2
2
1
2
0
1
0
1
-2
-1
-2
-3
-2
-3
-3
-3
-3
-4
-4
-4
-3
-4
-3
-3
-3
-2
-2
-3
-3
-2
-3
-3
-3
-4
-3
-4
-2
-3
-5
-4
-6
-5
-5
-5
-4
-5
-4
-5
-4
-5
-5
-6
-6
-5
-6
-6
-5
-5
-4
-4
-4
-2
-2
-1
0
-1
0
0
1
1
3
1
4
4
4
6
5
7
6
8
7
8
8
7
9
8
9
8
9
8
8
8
8
8
7
7
8
7
8
6
7
7
6
7
5
5
4
4
5
4
4
4
4
2
1
1
1
0
1
0
-1
-1
-2
-1
-3
-4
-4
-4
-4
-4
-4
-7
-7
-7
-8
-9
-10
-11
-11
-11
-12
-12
-14
-14
-14
-13
-14
-13
-13
-15
-13
-14
-13
-12
-12
-10
-10
-8
-9
-7
-6
-7
-4
-5
-2
-1
1
1
2
3
4
4
6
7
8
8
9
10
10
11
11
12
12
12
13
12
13
12
12
12
10
10
10
7
9
7
8
8
5
6
4
3
4
1
1
0
-1
0
-1
0
-2
-3
-3
-3
-3
-3
-3
-2
-2
-4
-1
-2
-2
-2
-1
-1
-2
-2
-1
-2
-2
-3
-3
-1
0
1
1
0
0
1
0
0
0
0
0
0
1
2
0
1
2
1
1
-1
0
-1
-1
-1
-2
-1
-2
-1
-2
-3
-2
-3
-2
-2
-2
-1
-1
-1
-1
-1
0
-1
1
3
3
4
5
5
5
5
4
5
6
6
6
6
6
6
6
6
6
6
4
5
4
4
4
2
3
2
1
1
1
1
1
-1
-1
0
-1
-1
1
0
0
0
-1
0
-1
-1
-1
-1
-1
-1
0
-1
0
-2
-1
-1
-2
-1
-1
-1
-2
-4
-5
-4
-4
-3
-5
-5
-6
-6
-7
-8
-8
-10
-10
-11
-9
-11
-10
-11
-12
-12
-13
-13
-13
-13
-14
-15
-14
-14
-14
-13
-12
-12
-12
-11
-12
-11
-11
-11
-10
-11
-9
-9
-9
-8
-8
-7
-8
-7
-8
-7
-7
-6
-4
-3
-4
-3
-3
-3
-2
-2
-1
0
0
0
0
2
1
1
3
3
5
4
4
5
4
6
6
5
7
7
4
6
7
4
6
4
4
4
2
3
2
4
2
2
3
1
1
1
0
-1
0
-1
-1
-1
1
-1
0
0
0
3
1
2
1
2
4
4
4
5
4
5
6
7
8
8
10
9
10
10
10
10
11
11
11
11
11
12
12
11
11
11
10
10
9
11
9
9
9
7
8
7
7
6
6
5
6
5
4
4
2
2
2
2
2
0
2
2
0
2
0
0
-1
-2
-1
-4
-3
-3
-4
-3
-5
-5
-6
-7
-7
-7
-9
-9
-10
-10
-10
-12
-11
-11
-13
-12
-12
-13
-13
-12
-13
-13
-12
-13
-12
-12
-12
-10
-11
-9
-10
-8
-7
-7
-7
-7
-6
-6
-4
-3
-2
-2
-1
-1
0
1
2
2
3
3
3
4
2
3
2
5
4
3
6
5
7
7
8
8
8
9
9
8
10
9
8
10
8
11
10
11
11
10
11
10
11
10
10
10
9
11
9
9
9
7
7
6
8
7
6
7
6
6
6
4
5
3
3
3
2
3
1
2
2
1
3
1
2
2
0
1
2
2
3
1
3
3
3
1
1
1
-1
0
-2
-2
-2
-3
-3
-3
-4
-5
-4
-5
-5
-5
-5
-5
-7
-8
-7
-7
-7
-8
-9
-8
-9
-9
-10
-10
-11
-10
-10
-10
-9
-10
-9
-10
-11
-8
-9
-9
-8
-11
-7
-7
-7
-4
-5
-4
-4
-4
-4
-3
-3
-3
-3
-5
0
-2
-2
1
-3
-1
3
-3
2
3
-3
3
0
0
4
2
-1
1
-1
1
1
1
2
-1
1
2
2
3
4
-1
3
6
1
10
8
2
7
4
4
9
7
3
3
5
6
8
10
5
0
6
1
3
12
1
3
6
-3
4
6
-1
0
-1
-7
-1
0
-5
0
-10
-11
-4
-8
-4
-4
-9
-10
-8
-6
-8
-3
-7
-15
-7
-7
-12
1
-7
-16
-2
-11
-9
4
-10
-7
-5
-11
0
-2
-6
1
-11
-8
9
-16
1
10
-31
6
6
-28
19
0
-36
9
-13
-29
16
-12
-28
3
-24
-18
7
-17
-16
-10
-22
-11
-4
-6
-3
-18
-13
-1
-12
4
10
-9
3
4
-7
14
20
3
11
7
-2
27
32
14
19
18
10
27
28
21
32
25
18
30
27
25
29
19
17
23
21
26
26
12
11
11
8
16
10
4
3
-3
0
3
0
-5
-12
-16
-14
-8
-7
-8
-16
-20
-16
-19
-15
-11
-17
-19
-16
-17
-7
-4
-11
-10
-9
-5
2
4
3
3
4
5
8
18
19
16
19
19
23
28
21
19
28
27
30
34
22
24
25
14
23
25
18
25
22
14
18
8
8
16
7
2
3
0
1
3
-3
-6
-11
-13
-6
-12
-13
-9
-12
-13
-16
-14
-8
-15
-24
-21
-17
-14
-9
-6
-9
-15
-20
-15
-12
-12
-10
-8
-5
-6
-8
-7
-10
-10
-5
-7
-9
-7
-6
5
3
-15
-11
-11
-11
2
-6
-13
-4
-9
-12
3
-1
-16
-12
-10
-14
-4
-6
-12
-1
-2
-15
-2
6
-24
-25
-6
-3
2
0
0
-7
-6
8
-19
-16
15
-35
-70
-39
38
214
169
-215
-317
-88
90
202
96
-88
-10
20
-109
-89
-12
82
161
-47
-246
-59
208
240
14
-233
-194
24
147
134
43
-34
-23
6
1
-11
23
91
66
-41
-68
27
118
89
-26
-92
-36
71
112
54
-35
-65
-12
42
34
11
15
12
-8
-37
-32
19
39
13
-29
-49
-15
25
21
-13
-45
-41
8
26
1
-17
-32
-32
-15
-8
-5
-3
-2
-13
-31
-30
-16
-7
-4
-31
-52
-18
4
1
-4
-37
-49
-19
-9
-15
-15
-25
-17
-7
-20
-12
-1
-10
-20
-25
-17
4
11
11
11
0
1
15
15
14
10
12
26
30
31
32
23
23
32
29
27
30
21
30
33
21
30
24
7
20
24
9
12
1
-10
12
7
-9
-1
-12
-22
-9
-19
-19
-1
-17
-36
-28
-29
-24
-11
-16
-19
-19
-21
-26
-28
-28
-23
-7
-5
-19
-21
-12
-11
-6
-1
-18
-28
-18
-14
0
5
-4
-4
-8
-26
-19
3
-2
-12
-24
-30
-6
17
17
10
-18
-43
-36
-14
2
15
15
4
-6
-15
-13
-9
-11
-8
-3
6
12
13
13
2
-14
-18
-10
7
26
33
26
0
-21
-2
16
17
22
12
1
11
7
4
18
5
-7
7
7
4
11
-1
-14
-7
-6
2
11
8
-3
-9
-9
-11
7
21
16
12
10
11
18
29
25
26
40
46
52
58
53
59
74
71
64
69
78
89
106
93
80
90
90
97
101
92
95
94
74
70
72
74
87
86
67
42
24
17
21
22
22
24
1
-27
-42
-53
-63
-67
-77
-90
-96
-110
-119
-125
-151
-166
-162
-174
-182
-177
-185
-193
-197
-210
-212
-208
-210
-209
-207
-210
-200
-193
-194
-188
-180
-177
-169
-158
-147
-135
-135
-125
-93
-63
-59
-69
-68
-52
-17
13
21
34
46
50
63
83
90
109
139
141
148
159
165
195
210
188
191
208
221
249
243
219
231
238
240
250
230
219
235
230
226
236
226
209
188
166
171
188
190
185
163
128
107
103
108
109
101
85
58
29
16
21
13
-11
-31
-39
-38
-55
-74
-87
-101
-109
-117
-130
-137
-134
-135
-146
-177
-197
-184
-174
-186
-205
-215
-211
-205
-212
-224
-231
-232
-221
-211
-218
-222
-212
-205
-198
-198
-178
-145
-141
-149
-148
-137
-111
-85
-71
-60
-49
-37
-18
-15
-15
12
31
31
45
66
85
96
83
76
89
99
115
135
121
107
110
115
124
123
117
117
118
110
113
118
111
108
97
75
78
94
103
95
69
42
41
54
50
56
42
11
12
12
1
-3
-18
-20
-10
-31
-48
-34
-18
-18
-29
-44
-32
-10
-17
-34
-37
-20
-3
-10
-37
-49
-32
-11
-13
-21
-18
-21
-25
-24
-23
5
44
38
0
-36
-54
-26
23
26
18
22
-9
-40
-48
-57
-40
1
2
-11
-14
-33
-36
-34
-69
-65
0
27
8
-23
-56
-45
-11
-13
-19
-27
-43
-20
0
-9
-16
-45
-61
-19
12
14
5
-14
6
24
-27
-40
36
81
34
-40
-64
7
96
55
-31
-24
2
17
33
-6
12
96
48
-63
-59
4
80
127
34
-69
-28
2
-9
50
41
-21
22
16
-32
33
35
-26
5
-19
-9
118
82
-9
-10
-71
-31
108
74
12
21
-46
-30
48
-19
-2
90
-35
-99
1
-13
46
117
-76
-109
30
-47
1
138
6
-5
41
-108
-31
100
16
30
62
13
2
-14
-36
-66
23
135
-2
-83
-15
-50
-7
69
-36
-41
25
-88
-73
62
22
30
51
-94
-113
-4
18
60
98
0
-139
-134
8
138
129
-14
-86
-76
-35
51
79
101
6
-191
-85
64
83
166
9
-141
-13
-57
-78
153
202
70
-61
-223
-59
345
244
-115
-131
-14
135
264
70
-144
-30
60
57
151
43
-78
68
-26
-105
117
50
-68
32
-73
-124
131
151
-185
-176
13
-119
24
126
-214
-90
89
-151
-80
-67
-180
128
144
-123
-38
-146
-225
151
135
-71
1
-141
-55
193
-170
-226
237
51
-199
59
-90
-205
150
69
-57
50
-173
-160
30
19
125
9
-119
-8
-108
-68
109
150
179
-118
-318
31
249
218
115
-109
-69
59
70
155
110
87
102
-64
-46
5
39
405
230
-328
-162
78
88
254
129
-194
-98
181
27
-169
38
34
27
130
-199
-159
150
-94
-91
28
-99
77
-92
-272
81
-29
-102
112
-173
-244
-14
34
86
-106
-265
-86
-83
-24
134
-67
-17
101
-303
-371
98
366
233
-141
-245
-67
97
230
42
-129
44
-59
-69
248
75
-57
-25
-183
36
137
-163
-23
175
-78
-136
41
96
145
-73
-276
53
103
-2
161
73
180
136
-486
-164
405
83
302
196
-330
228
-15
-389
591
392
-82
155
-545
-244
850
241
-168
76
-342
-119
274
-19
43
48
-216
-25
39
-140
-74
56
159
-125
-451
-89
101
120
371
-43
-542
-305
230
313
-86
-103
-32
-73
258
227
-328
-232
190
-1
117
489
-49
-323
51
-217
-20
721
209
-399
-156
-113
38
375
145
-252
-169
-40
-149
104
456
-6
-581
-148
133
-125
311
214
-541
-48
184
-223
216
55
-583
124
500
-131
26
-239
-601
337
555
-60
-182
-224
-129
251
140
66
188
-89
-184
-81
140
425
107
-92
-2
-331
-69
427
143
116
-79
-624
-36
407
108
167
-119
-336
39
-64
38
158
-180
196
124
-437
-57
-90
-115
717
37
-700
33
-129
-49
690
33
-424
-30
-207
159
479
-92
-73
-87
-205
398
354
-296
-184
35
23
317
129
-226
-44
-85
23
163
-109
-38
73
-147
95
183
-207
-218
-55
96
270
88
-361
-249
93
109
80
-26
-239
-116
167
24
-184
-36
233
38
-151
-4
-213
23
481
-97
-192
228
-190
-103
315
-212
-81
420
-268
-244
417
-120
-346
320
9
-242
303
-107
-481
179
212
-38
-29
-281
-89
170
92
-163
-216
189
123
-267
-89
93
58
228
-171
-374
245
51
-62
82
-177
325
55
-389
111
-103
48
384
-77
-158
-98
-53
130
149
83
20
-177
-252
110
243
354
196
-662
-328
491
84
298
125
-723
178
451
-364
96
107
-291
263
37
-362
256
214
-319
-188
49
165
170
-21
-392
-272
262
325
85
-260
-226
-106
-21
447
184
-340
-107
-224
17
660
110
-482
-108
30
21
329
97
-160
101
-49
-314
227
255
-176
-26
107
14
-190
-165
-41
293
286
-453
-123
156
-267
153
66
-22
427
-284
-564
267
311
134
147
-447
-380
514
297
-92
164
-197
-312
109
210
220
9
-358
-164
337
447
-179
-564
-126
110
287
343
-282
-219
122
-273
125
168
-282
149
118
-288
51
342
-52
-373
-14
51
-28
430
-116
-406
343
101
-212
217
-189
-235
321
-34
287
210
-608
1
324
-276
-99
341
128
-68
-82
-249
-314
290
486
-292
-59
-54
-294
328
188
-44
-68
-225
-66
179
233
160
-262
-101
210
-159
153
159
-221
232
55
-246
425
183
-474
-79
3
137
471
-114
-267
40
-93
110
-13
-155
220
77
-148
27
110
-134
-25
94
177
52
-400
151
148
-3
373
-178
-160
83
-35
123
35
145
149
-218
-134
107
119
166
-203
-376
301
57
-298
407
-7
-473
-141
-247
268
549
-418
-542
94
72
107
-285
-66
441
-217
-266
-336
103
823
26
-595
-429
-1
523
328
-157
-290
-121
54
99
-107
-52
313
-17
-200
70
-212
-155
284
148
-35
-88
-285
-207
195
129
-21
148
-81
-554
-198
515
339
-54
-375
-296
101
297
312
48
-363
-194
240
53
303
114
-450
543
177
-657
301
144
29
412
-312
-148
353
-251
-10
174
-128
351
-84
-400
280
-107
-438
447
358
-422
46
-101
-693
316
714
-193
-263
-266
-620
566
921
-799
-750
492
-6
-54
611
-441
-655
405
42
-244
303
-27
-258
-97
106
43
41
187
-304
-206
-101
89
488
-201
-152
320
-433
-186
421
-219
138
421
-518
-76
330
-405
92
262
-38
364
-301
-375
481
-29
186
161
-707
94
719
138
3
122
-397
-242
535
115
-60
-80
-175
432
-113
-137
454
-581
-190
338
-393
143
-50
-10
553
-438
-514
24
-84
259
412
-119
-241
-379
-103
583
365
-93
-545
-384
720
720
-555
-512
298
205
300
190
-372
-154
260
81
8
107
90
-280
-133
452
-122
-460
358
146
-633
81
36
-401
783
-164
-969
613
243
-810
249
501
-154
322
-432
-793
719
736
-127
-62
-613
-367
825
233
-146
44
-394
-558
427
742
-398
-272
227
-243
-37
180
-58
114
239
-143
-278
98
277
-67
-98
132
97
-106
-127
-240
-41
610
93
-601
-50
125
82
-16
18
130
-118
-21
-155
50
283
-28
15
-4
-296
-80
330
223
-172
138
-61
-366
303
54
-138
381
221
-70
-363
-199
556
270
-161
-35
-304
-33
414
255
-180
-184
-229
-148
591
73
-310
-46
-258
219
359
-268
-326
153
34
282
206
-781
-223
715
24
-322
74
-541
-132
1038
-66
-706
207
-335
-515
890
392
-617
-113
-9
-290
119
599
92
-736
-242
29
237
723
-765
-548
838
-115
-367
276
-289
250
688
-1014
-313
1076
-136
174
14
-927
627
880
-571
-159
-13
-323
702
391
-382
-335
-350
282
710
-162
-367
-260
-262
571
175
-462
285
-6
-877
405
750
-290
-156
-780
-175
1272
134
-639
-150
-199
194
449
-8
-274
-202
338
234
-152
324
-340
-481
558
284
9
-204
-264
88
-68
461
-73
-716
-15
196
526
-16
-712
-193
204
223
159
-53
-565
-262
638
-11
270
449
-1262
-468
830
70
269
389
-850
-484
743
49
-442
376
182
-548
227
298
-449
240
263
-185
31
-148
-135
90
302
133
-279
-8
15
-291
240
9
60
180
-336
3
-83
266
643
-648
-470
408
103
508
-161
-907
151
529
354
15
-1045
55
680
-546
203
126
-413
393
-93
-206
358
-341
-219
152
-148
507
397
-318
-279
-403
35
540
63
46
78
-558
-32
671
-205
-315
233
35
152
-37
-597
453
675
-516
-179
-60
-248
618
63
-490
363
-125
-311
260
-193
236
179
-861
358
448
-467
337
-95
-364
6
-216
346
483
-377
-342
-200
-114
810
239
-671
-96
140
-84
324
279
-192
258
-120
-476
825
321
-550
211
-287
-94
841
187
-178
-308
-578
102
630
-126
-402
330
-171
-406
534
-130
-137
359
-1083
-167
1015
-163
-7
234
-520
-255
244
144
-184
573
137
-925
696
100
-519
887
-22
-605
678
-184
-626
1197
-217
-618
551
-805
282
900
-570
15
190
-790
210
656
-638
-246
417
-164
48
291
-571
-130
426
-218
-197
589
-108
-819
416
264
-163
315
-135
-49
-173
-473
582
480
-52
-186
-670
160
926
75
-387
339
20
-492
33
393
523
-133
-594
27
-186
283
688
-611
-120
399
-801
-259
193
124
849
-34
-1353
-505
897
581
-119
-270
-355
-224
126
396
465
-332
-178
-213
-696
698
569
-504
40
-501
-545
790
573
-405
-922
-226
948
516
-716
-372
151
199
252
-285
-220
348
10
-173
76
-113
-85
447
-134
-784
726
327
-654
518
-39
-509
336
272
104
128
-136
50
-46
-346
632
405
-72
174
-606
-75
336
-195
78
701
5
-717
24
211
-249
411
429
-713
-97
68
-617
707
900
-730
-1096
-112
615
929
275
-1155
-986
521
763
316
-32
-803
300
266
-696
624
553
-485
-212
-74
-273
547
973
-543
-912
259
200
343
529
-608
-420
262
37
331
108
-651
110
327
-374
-123
-116
-53
469
-471
-816
780
257
-3
367
-1713
-565
1625
191
-304
-62
-591
476
821
-788
-448
486
120
525
-288
-935
602
469
-404
-28
-170
-108
370
26
-251
-57
54
-59
189
229
-365
38
563
-92
-232
-249
89
290
-449
-6
440
-79
-205
-247
-938
-121
1310
-324
-682
183
-769
337
738
-993
-161
890
-247
4
319
-580
540
702
-452
107
214
-155
287
497
265
-162
-185
-301
-203
739
461
-313
-272
-368
-86
937
893
-536
-949
-641
276
1014
189
-722
-386
33
76
40
-418
-17
157
-670
-298
556
178
235
-262
-861
551
499
-285
599
-102
-456
905
182
-214
317
-790
38
1454
-195
-422
88
-260
166
22
-124
215
102
-416
-961
-111
821
25
-528
-595
-540
352
226
-190
130
-502
-61
595
-446
-177
694
48
370
158
-753
395
746
-37
161
-311
-135
649
-158
-203
319
249
-18
-655
-389
365
290
135
87
-522
68
514
-216
172
139
-378
372
41
-293
962
-29
-666
415
-498
-103
765
-328
-122
28
-477
244
491
-194
-251
-276
-61
299
108
-323
-458
-60
163
30
-493
-53
748
-297
-792
200
-49
-274
758
-72
-226
1075
-470
-1008
554
307
189
279
-777
162
938
-697
-293
502
-2
278
-130
-370
641
210
-67
134
-773
-163
397
-380
-273
111
-55
-156
-305
-619
79
179
-469
200
-32
-490
332
214
-224
552
503
-509
86
489
37
553
132
-444
593
444
-197
515
313
-161
376
-75
-460
196
214
-76
-271
-364
58
176
-226
-327
-304
-338
-186
-134
-65
-175
-377
-33
-93
-296
53
-1
-233
-131
-51
271
274
-95
10
51
-78
254
474
319
20
-144
58
456
490
68
-233
-279
243
419
-93
-183
109
172
0
-112
-170
356
234
-735
-265
247
-14
-31
-225
-294
42
-22
-311
-212
-119
-8
-141
-222
114
62
-50
84
-18
193
399
88
-312
-162
202
148
283
342
-43
4
215
60
110
229
41
-130
-84
139
373
301
-100
-522
-392
18
16
140
108
-346
-333
-269
-307
-34
51
-265
-226
-97
-315
-14
78
-252
35
-31
-200
368
440
92
66
-21
101
520
441
67
172
214
207
224
-80
-98
-27
-42
-41
93
112
-108
-186
-198
-174
-43
61
-101
-49
68
-132
-122
3
-32
58
129
-167
-108
205
134
101
145
21
-89
-31
141
194
0
-162
-149
-74
23
145
9
-269
-206
-68
79
159
-85
-191
-93
-134
-96
133
11
-225
-213
-108
27
27
117
67
-132
-17
196
104
56
222
44
-16
91
-92
32
153
20
10
-149
-319
-185
-9
18
46
64
-84
-104
-55
-119
-69
-33
-18
21
-25
-30
-31
-58
-144
-100
-24
7
107
49
-68
-37
-56
-34
117
98
-33
50
78
-21
-36
40
106
67
10
-58
19
149
55
-16
-5
79
238
173
-1
11
28
-25
19
11
41
155
73
-70
-63
-31
-64
-95
-172
-129
32
-75
-352
-126
315
248
-113
-350
-260
64
183
44
52
148
218
174
17
-79
163
387
205
-49
-36
150
286
174
-46
-89
-69
-49
-29
21
64
-3
-179
-138
-44
-94
6
-11
-140
-73
-63
-75
11
-57
-119
-200
-193
-60
-91
-186
-297
-376
-227
-136
-223
-237
-263
-406
-434
-375
-322
-185
-231
-414
-354
-313
-365
-307
-353
-543
-594
-459
-393
-361
-342
-400
-550
-578
-461
-421
-410
-399
-395
-362
-245
-184
-135
-174
-282
-217
-47
118
216
206
141
147
222
324
394
435
453
389
500
541
527
674
668
623
654
664
685
748
763
720
709
767
809
782
803
811
725
682
706
719
775
383
168
1261
1656
679
188
275
458
683
554
530
860
765
438
245
-7
236
775
580
-171
-378
154
549
259
-120
-136
-164
-285
-390
-311
-67
-117
-554
-838
-801
-652
-581
-864
-1246
-1056
-870
-1041
-1085
-1125
-1319
-1495
-1598
-1596
-1315
-1157
-1347
-1656
-1771
-1660
-1524
-1585
-1757
-1702
-1650
-1620
-1550
-1540
-1537
-1562
-1616
-1654
-1552
-1375
-1254
-1276
-1268
-1164
-1077
-1027
-957
-448
456
1172
1385
1374
1514
1840
2151
2432
2832
3367
3868
3952
3791
3774
3711
3401
3104
2979
3031
3098
2894
2434
1797
1205
675
262
33
-23
-93
-421
-813
-1223
-1522
-1664
-1779
-1748
-1581
-1326
-1070
-835
-747
-753
-625
-384
-46
352
863
1350
1590
1672
1717
1725
1794
1934
2065
2158
2146
2137
2008
1652
1277
905
573
386
251
107
-33
-275
-643
-963
-1229
-1317
-1246
-1203
-1070
-1016
-1034
-915
-823
-839
-854
-744
-528
-299
-148
-101
-91
-299
-480
-486
-485
-501
-543
-702
-918
-1116
-1443
-1814
-2033
-2189
-2278
-2368
-2493
-2541
-2688
-2978
-3191
-3288
-3129
-2877
-2722
-2512
-2407
-2359
-2238
-2132
-1998
-1730
-1416
-1156
-823
-515
-296
-235
-215
198
1021
1891
2450
2697
2772
2772
2871
3011
3161
3511
3858
3986
3909
3645
3378
2970
2430
2069
1854
1809
1793
1514
961
381
-110
-634
-926
-974
-960
-966
-1059
-1181
-1243
-1295
-1364
-1287
-1077
-769
-359
55
425
647
781
861
935
1236
1567
1809
2011
2133
2030
1873
1782
1639
1517
1315
1089
968
822
649
430
102
-270
-530
-633
-674
-677
-721
-773
-799
-784
-662
-615
-575
-358
-218
-101
247
567
652
628
592
591
601
652
756
692
589
494
353
120
-125
-288
-555
-785
-826
-971
-1144
-1246
-1508
-1747
-1856
-1951
-1906
-1844
-1823
-1742
-1742
-1830
-1835
-1841
-1807
-1686
-1607
-1532
-1504
-1475
-1440
-1473
-1530
-1622
-1621
-1586
-1644
-1631
-1592
-1655
-1748
-1761
-1756
-1850
-1929
-1882
-1739
-1595
-1548
-1436
-1326
-1014
-317
392
1018
1616
2103
2286
2399
2779
3293
3786
4156
4384
4434
4434
4303
3904
3537
3170
2831
2495
2110
1903
1595
938
292
-294
-805
-962
-1043
-1219
-1300
-1355
-1438
-1526
-1545
-1321
-1061
-874
-573
-166
269
625
918
1137
1343
1596
1736
1873
2085
2229
2175
1984
1778
1563
1441
1188
797
507
162
-136
-390
-695
-879
-1082
-1300
-1413
-1462
-1323
-1147
-1073
-1000
-866
-574
-219
174
515
728
992
1160
1279
1520
1604
1657
1727
1566
1411
1236
1025
839
520
195
-121
-372
-514
-706
-976
-1244
-1405
-1534
-1612
-1601
-1621
-1599
-1576
-1570
-1484
-1356
-1186
-1114
-1075
-974
-958
-941
-940
-1030
-1101
-1079
-1133
-1267
-1362
-1515
-1736
-1895
-1972
-2072
-2179
-2302
-2410
-2472
-2524
-2526
-2476
-2478
-2488
-2365
-2229
-2084
-1830
-1607
-1449
-1205
-953
-851
-459
296
1237
2220
2963
3363
3352
3375
3514
3645
3994
4355
4528
4576
4449
3995
3407
2780
2107
1579
1222
992
941
774
310
-248
-898
-1396
-1520
-1460
-1280
-885
-530
-392
-284
-275
-200
34
339
781
1248
1740
2174
2331
2266
2111
1917
1738
1652
1674
1673
1585
1379
946
443
23
-353
-656
-906
-1034
-1011
-1034
-1084
-1129
-1283
-1348
-1250
-1093
-833
-513
-117
272
474
603
750
837
997
1276
1544
1757
1826
1671
1497
1313
1067
892
633
353
199
-19
-249
-346
-530
-831
-986
-1073
-1085
-979
-902
-800
-730
-676
-640
-682
-603
-420
-344
-409
-497
-501
-559
-719
-892
-1075
-1286
-1539
-1775
-1890
-1943
-2119
-2436
-2754
-2946
-2942
-2783
-2711
-2710
-2682
-2637
-2482
-2298
-2128
-1927
-1719
-1536
-1362
-1211
-1115
-998
-795
-570
-548
-581
-469
-543
-651
-736
-842
-506
292
1239
2081
2655
2744
2523
2335
2252
2608
3196
3691
4064
4148
4024
3720
3266
2655
2140
1909
1778
1751
1769
1682
1385
870
181
-412
-609
-548
-328
23
274
338
283
170
122
193
381
655
955
1259
1552
1699
1561
1392
1152
843
707
617
632
668
531
254
-166
-566
-897
-1173
-1314
-1365
-1299
-1179
-1149
-1154
-1132
-1133
-1133
-1024
-749
-366
13
339
623
837
1005
1109
1125
1143
1229
1370
1404
1366
1298
1219
1174
1019
829
652
461
286
99
11
-39
-131
-229
-290
-343
-388
-426
-474
-477
-427
-340
-321
-367
-372
-432
-562
-694
-854
-1018
-1104
-1108
-1128
-1159
-1244
-1476
-1679
-1857
-2080
-2154
-2160
-2170
-2148
-2083
-2093
-2165
-2184
-2207
-2118
-1899
-1737
-1723
-1733
-1705
-1700
-1633
-1516
-1452
-1451
-1519
-1589
-1554
-1470
-1432
-1367
-1295
-1354
-1402
-1419
-1418
-1005
-259
705
1911
3009
3671
3824
3771
3667
3727
4141
4684
5202
5595
5623
5186
4496
3650
2836
2192
1481
987
798
586
401
75
-555
-1311
-1995
-2410
-2396
-1909
-1258
-739
-410
-227
-92
37
225
455
756
1146
1586
2023
2354
2496
2333
1897
1357
880
583
432
370
291
88
-260
-732
-1260
-1711
-2033
-2172
-2103
-1874
-1502
-1145
-898
-708
-601
-521
-308
-23
371
922
1415
1736
1909
1957
1841
1657
1487
1311
1223
1224
1145
946
697
474
335
124
-135
-337
-520
-589
-523
-398
-235
-91
-99
-172
-226
-253
-138
2
61
113
98
-23
-97
-191
-396
-606
-884
-1209
-1409
-1513
-1620
-1679
-1723
-1890
-2093
-2274
-2426
-2445
-2416
-2368
-2247
-2110
-1996
-1912
-1873
-1823
-1689
-1559
-1481
-1434
-1376
-1349
-1410
-1388
-1138
-928
-926
-990
-1064
-1095
-1148
-1350
-1523
-1569
-1598
-1546
-1500
-1373
-862
-100
925
2121
3122
3649
3727
3637
3556
3779
4282
4853
5287
5381
5146
4636
4016
3307
2492
1661
916
364
116
94
-29
-357
-900
-1647
-2276
-2515
-2342
-1793
-1168
-696
-343
-83
169
419
601
793
1104
1353
1562
1904
2186
2320
2182
1731
1191
661
262
43
-98
-179
-253
-523
-947
-1317
-1613
-1809
-1927
-1941
-1817
-1533
-1113
-752
-450
-213
-145
-105
37
295
703
1173
1550
1746
1784
1686
1441
1223
1121
1054
1022
1029
1007
989
1033
894
594
258
-177
-439
-448
-374
-173
86
123
-30
-161
-323
-431
-423
-392
-323
-254
-216
-229
-297
-392
-576
-891
-1235
-1436
-1518
-1464
-1295
-1237
-1304
-1477
-1764
-1991
-2097
-2121
-2043
-1946
-1880
-1777
-1680
-1658
-1618
-1520
-1429
-1382
-1461
-1540
-1574
-1591
-1472
-1367
-1317
-1303
-1421
-1593
-1667
-1623
-1574
-1570
-1670
-1751
-1794
-1927
-1871
-1518
-878
33
1035
2095
3174
3909
4097
4039
3949
4032
4356
4607
4833
5106
5020
4457
3656
2709
1815
1026
212
-376
-598
-683
-789
-1038
-1388
-1720
-2091
-2359
-2293
-1873
-1205
-483
122
587
981
1261
1395
1463
1607
1820
1991
2166
2336
2409
2299
1887
1268
634
82
-352
-681
-847
-925
-1082
-1287
-1525
-1793
-1986
-2090
-2082
-1852
-1427
-965
-473
-36
307
640
864
1022
1266
1548
1833
2062
2162
2182
2133
1942
1696
1446
1172
940
701
459
312
211
84
-81
-277
-457
-615
-733
-794
-783
-680
-493
-378
-362
-288
-223
-208
-202
-268
-353
-422
-479
-500
-515
-559
-711
-950
-1226
-1459
-1595
-1727
-1828
-1869
-1924
-1951
-1996
-2111
-2161
-2159
-2182
-2170
-2119
-2032
-1839
-1609
-1412
-1250
-1227
-1328
-1514
-1752
-1756
-1448
-1189
-1177
-1218
-1256
-1366
-1545
-1754
-1933
-2063
-2191
-2383
-2466
-2189
-1529
-643
394
1572
2695
3439
3651
3580
3538
3695
4122
4627
5065
5390
5407
4950
4218
3453
2596
1632
712
30
-315
-389
-441
-663
-1021
-1518
-2113
-2589
-2697
-2370
-1789
-1115
-449
153
693
1119
1399
1564
1700
1890
2087
2302
2594
2865
2943
2762
2353
1748
1058
430
-114
-505
-711
-897
-1126
-1323
-1530
-1738
-1930
-2143
-2237
-2123
-1860
-1405
-803
-202
325
664
845
995
1114
1239
1417
1582
1750
1945
2022
1916
1722
1394
956
599
359
184
113
69
-66
-212
-394
-619
-767
-892
-968
-915
-839
-714
-514
-353
-270
-256
-301
-312
-241
-155
-43
26
-2
-58
-172
-316
-424
-574
-773
-958
-1114
-1222
-1290
-1408
-1569
-1716
-1858
-1947
-1987
-2047
-2116
-2174
-2253
-2340
-2333
-2239
-2117
-1979
-1866
-1793
-1773
-1806
-1854
-1856
-1756
-1613
-1519
-1527
-1577
-1560
-1550
-1616
-1722
-1835
-1982
-2104
-2051
-1635
-701
586
1895
3023
3704
3813
3621
3359
3268
3621
4235
4747
5069
5139
4882
4431
3763
2810
1789
763
-121
-549
-546
-360
-208
-356
-917
-1616
-2161
-2409
-2277
-1819
-1182
-507
113
649
1094
1436
1638
1709
1718
1741
1867
2095
2367
2609
2689
2485
2004
1394
789
259
-141
-444
-703
-946
-1157
-1300
-1403
-1495
-1604
-1725
-1818
-1824
-1626
-1226
-778
-325
111
429
666
836
906
991
1101
1153
1218
1294
1330
1315
1222
1077
886
626
295
-50
-334
-497
-569
-562
-500
-515
-590
-679
-783
-813
-780
-748
-706
-613
-444
-198
65
264
356
286
108
-33
-115
-166
-161
-163
-258
-429
-626
-867
-1124
-1325
-1497
-1674
-1786
-1831
-1862
-1891
-1977
-2126
-2220
-2202
-2115
-1982
-1827
-1710
-1585
-1434
-1282
-1110
-997
-987
-1000
-976
-897
-818
-798
-913
-1154
-1368
-1471
-1485
-1452
-1449
-1553
-1712
-1834
-1833
-1615
-1188
-533
383
1404
2264
2824
3064
3060
3043
3137
3372
3775
4168
4379
4414
4330
4121
3723
3130
2320
1465
816
457
354
370
292
-20
-455
-859
-1117
-1130
-1027
-908
-792
-694
-550
-313
15
367
633
824
943
1001
1061
1088
1048
997
924
833
820
792
682
589
401
58
-291
-616
-861
-952
-931
-812
-666
-559
-505
-542
-571
-549
-545
-495
-372
-243
-120
-51
34
214
320
208
9
-214
-419
-403
-236
-188
-213
-226
-258
-242
-208
-298
-422
-508
-657
-785
-674
-428
-261
-195
-255
-318
-152
-39
-240
-376
-230
-97
-104
91
378
298
-76
-187
127
358
177
-170
-435
-478
-213
146
200
-54
-548
-807
-405
-38
-144
-223
-410
-606
-396
-253
-92
355
221
-151
-16
-102
-362
-187
-139
-154
-53
-320
-406
-123
-313
-738
-968
-1115
-1094
-985
-879
-726
-766
-916
-883
-795
-725
-733
-734
-386
-16
36
95
178
176
201
174
150
226
205
167
240
274
219
106
22
96
187
207
224
272
358
433
481
584
675
689
735
811
858
919
969
991
1012
1010
988
975
971
937
824
647
495
425
386
332
286
280
239
175
173
164
124
115
91
94
234
361
402
476
479
351
244
188
171
165
75
-65
-160
-202
-223
-271
-401
-577
-712
-778
-753
-687
-661
-674
-702
-728
-747
-731
-691
-628
-576
-593
-558
-405
-273
-173
-75
-77
-124
-76
10
110
205
207
186
204
248
290
286
251
202
123
91
126
101
29
-10
-56
-77
-42
-25
12
92
109
71
89
132
182
303
429
519
559
535
506
484
434
374
307
214
143
85
-9
-121
-272
-458
-612
-729
-786
-789
-799
-788
-763
-759
-721
-691
-667
-587
-509
-408
-232
-97
-25
37
21
-32
-51
-78
-69
-43
-81
-112
-106
-132
-193
-276
-359
-414
-444
-447
-416
-384
-342
-274
-214
-164
-110
-72
-16
59
76
128
265
283
303
476
475
396
503
495
399
449
442
394
406
337
338
409
356
353
376
282
280
356
362
405
407
300
261
256
211
192
150
121
151
133
86
106
131
111
104
122
159
192
192
194
193
158
124
61
-30
-83
-154
-254
-283
-319
-398
-406
-411
-420
-374
-389
-394
-339
-373
-395
-335
-284
-179
-47
29
81
77
81
144
176
204
227
205
203
227
257
282
226
177
184
125
100
144
117
92
97
85
142
198
150
105
92
98
124
106
63
33
-22
-85
-125
-149
-174
-228
-286
-326
-379
-441
-493
-532
-540
-513
-462
-376
-273
-195
-157
-155
-153
-121
-47
37
98
147
193
198
177
156
127
99
53
7
24
66
39
-32
-98
-191
-301
-369
-389
-375
-324
-305
-287
-218
-188
-179
-110
-71
-52
50
131
170
265
346
420
492
483
505
558
511
464
461
440
461
486
458
439
433
413
351
254
201
148
51
1
-40
-130
-189
-253
-318
-330
-356
-401
-383
-336
-278
-235
-218
-146
-41
25
82
168
237
260
259
228
189
151
108
120
141
83
115
178
-2
-208
-223
-217
-218
-279
-456
-472
-376
-415
-432
-375
-372
-364
-380
-393
-288
-176
-113
-60
-29
45
126
147
230
350
327
309
385
421
471
535
499
484
495
394
319
311
224
172
184
120
89
84
-10
-72
-122
-231
-268
-258
-232
-179
-193
-163
-88
-100
-91
-43
65
221
238
915
2697
3555
2336
470
-973
-1385
-482
686
1611
2107
944
-1375
-2683
-2371
-1022
342
532
-254
-1283
-2225
-2223
-1066
126
457
-312
-1455
-1732
-1198
-422
371
592
112
-492
-936
-761
124
750
648
206
-228
-260
101
401
487
386
135
-106
-262
-111
371
561
270
-70
-305
-282
69
213
30
-19
-65
-246
-269
-220
-95
148
45
-243
-209
-287
-386
-120
-42
-135
51
-4
-226
-40
150
91
218
418
322
56
-58
-44
133
491
611
481
639
562
-36
-173
155
240
369
472
241
41
-97
-256
-45
300
199
-128
-260
-252
-194
41
321
426
348
111
-62
27
109
149
236
208
266
416
220
60
152
66
-9
63
-65
-117
-65
-214
-217
63
125
-151
-358
-275
-196
-166
-41
-160
-394
-283
-100
-117
-203
-251
-160
-76
-143
-239
-288
-169
18
-74
-203
-181
-228
-247
-290
-263
123
204
-105
-177
-341
-353
53
-14
-44
342
17
-385
-229
-349
-105
458
14
-387
-123
-394
-442
185
114
59
447
-110
-541
185
339
66
416
375
112
419
284
19
540
684
149
-49
22
297
622
465
293
315
100
-63
-125
-151
162
362
97
-181
-229
-161
-202
-339
-159
118
8
-91
-24
-165
-73
220
32
32
519
447
124
186
181
273
532
341
109
218
207
182
217
136
245
230
-101
-57
43
-70
16
-201
-432
-96
-139
-257
107
17
-168
-5
-278
-387
64
142
12
88
-4
-102
-124
-201
-136
-27
32
88
-171
-396
-279
-290
-204
51
-89
-266
-315
-528
-531
-282
-150
-81
-21
-92
-204
-239
-352
-455
-276
-164
-289
-310
-249
-243
-271
-325
-356
-326
-144
-50
-172
-175
-156
-185
-26
86
105
185
224
214
112
-6
15
70
121
148
129
189
247
139
-24
32
181
189
243
265
120
171
332
339
385
485
452
425
515
448
308
404
464
531
655
467
386
527
383
279
293
177
241
336
209
158
240
215
159
167
62
32
199
119
23
185
164
83
140
38
-28
45
-6
-85
-14
34
5
59
46
-84
-50
-30
-137
-154
-151
-167
-104
-20
-43
-149
-201
-274
-302
-151
-170
-288
-178
-135
-180
-79
-43
-28
118
116
-133
-258
-271
-377
-331
-212
-327
-323
-283
-539
-692
-649
-784
-938
-843
-720
-753
-693
-577
-650
-723
-741
-880
-913
-697
-476
-410
-401
-390
-404
-302
-117
-61
18
102
17
-14
21
54
289
532
497
442
482
456
488
575
526
561
713
724
791
920
872
862
913
894
930
1005
1061
1087
1041
982
934
970
1072
1045
956
936
895
862
864
801
728
726
678
592
577
553
484
438
364
289
270
286
304
235
109
47
-26
-117
-107
-96
-184
-268
-334
-431
-444
-391
-401
-406
-442
-575
-648
-667
-662
-582
-590
-729
-809
-797
-821
-890
-823
-747
-822
-792
-792
-1016
-999
-823
-911
-1026
-1044
-1042
-937
-876
-893
-868
-913
-913
-872
-986
-948
-783
-890
-941
-796
-767
-718
-706
-861
-815
-655
-660
-643
-657
-736
-631
-527
-575
-514
-418
-438
-386
-334
-358
-243
-35
156
387
560
676
845
968
1093
1319
1483
1586
1731
1786
1755
1820
1920
1990
2113
2190
2162
2123
2040
1887
1756
1636
1506
1382
1242
1035
841
699
477
258
164
38
-132
-270
-500
-746
-839
-893
-935
-853
-782
-757
-646
-563
-548
-469
-381
-299
-164
-16
123
231
332
432
464
516
633
702
736
763
740
690
663
647
583
505
464
393
238
96
62
51
27
-5
-173
-374
-435
-515
-598
-570
-559
-556
-559
-668
-763
-758
-793
-855
-868
-901
-914
-876
-902
-886
-766
-717
-674
-651
-741
-738
-715
-833
-850
-833
-934
-944
-928
-1025
-1087
-1100
-1133
-1139
-1155
-1232
-1295
-1282
-1214
-1141
-1121
-1131
-1118
-1099
-1149
-1228
-1140
-967
-903
-842
-802
-859
-753
-578
-542
-310
94
344
564
789
1001
1403
1809
1948
1979
2059
2157
2241
2291
2392
2593
2722
2705
2659
2603
2545
2484
2242
1860
1593
1423
1237
1065
923
749
526
291
76
-71
-102
-147
-313
-515
-675
-777
-824
-848
-823
-743
-689
-672
-641
-576
-469
-348
-282
-266
-215
-135
-61
59
225
390
509
568
661
800
866
873
848
779
730
719
670
626
686
707
561
425
349
255
192
111
-45
-167
-207
-238
-320
-367
-320
-308
-374
-417
-419
-379
-308
-297
-318
-269
-216
-219
-190
-142
-98
-11
7
-72
-96
-105
-180
-239
-295
-394
-485
-569
-687
-780
-806
-848
-931
-1030
-1127
-1192
-1256
-1304
-1312
-1381
-1462
-1466
-1479
-1448
-1344
-1312
-1334
-1304
-1275
-1298
-1284
-1234
-1203
-1152
-1124
-1155
-1101
-1004
-970
-948
-985
-1051
-1063
-1103
-1104
-933
-671
-353
-6
257
509
865
1248
1571
1789
1892
2001
2155
2223
2294
2492
2681
2829
2961
2981
2974
3047
3029
2791
2460
2128
1768
1420
1145
934
788
651
465
240
42
-109
-268
-447
-619
-785
-885
-929
-992
-981
-888
-827
-758
-659
-593
-502
-373
-294
-237
-118
-17
25
95
175
241
321
392
470
573
640
653
636
625
643
654
613
508
428
433
433
388
370
369
327
268
192
70
-21
-32
-91
-205
-220
-180
-176
-160
-162
-229
-234
-180
-215
-244
-203
-215
-225
-178
-153
-101
-10
-3
-84
-148
-207
-306
-377
-446
-569
-653
-717
-849
-927
-953
-1046
-1129
-1182
-1279
-1345
-1333
-1333
-1350
-1342
-1355
-1374
-1345
-1287
-1227
-1183
-1162
-1155
-1126
-1054
-1009
-1007
-990
-1028
-1100
-1074
-1008
-985
-951
-922
-919
-896
-877
-905
-889
-824
-846
-940
-1021
-1035
-837
-462
-84
296
643
957
1376
1796
2000
2090
2193
2265
2349
2442
2450
2533
2746
2829
2778
2754
2739
2734
2677
2414
2056
1801
1559
1251
997
788
631
577
475
284
188
140
-8
-192
-358
-494
-554
-604
-710
-771
-720
-636
-573
-491
-385
-291
-221
-207
-227
-197
-139
-160
-224
-226
-205
-170
-117
-111
-71
54
87
20
29
87
137
173
139
95
175
286
298
299
345
371
380
361
269
188
202
187
110
102
122
86
36
-35
-153
-209
-177
-201
-275
-287
-326
-415
-422
-404
-433
-399
-370
-441
-437
-433
-565
-629
-632
-708
-753
-790
-861
-850
-832
-870
-889
-918
-937
-937
-966
-986
-998
-1020
-1008
-1007
-1030
-995
-964
-987
-990
-1013
-1070
-1067
-1075
-1153
-1165
-1116
-1103
-1068
-1016
-1014
-982
-889
-862
-904
-903
-863
-854
-870
-882
-891
-888
-887
-904
-853
-590
-118
396
817
1129
1461
1923
2374
2619
2647
2602
2610
2652
2619
2571
2669
2841
2875
2699
2453
2325
2315
2203
1833
1359
1002
753
483
196
-1
-55
-70
-161
-293
-345
-276
-201
-266
-436
-555
-555
-519
-509
-484
-408
-316
-233
-173
-101
32
171
207
114
-16
-90
-133
-187
-212
-205
-200
-200
-191
-139
-54
5
25
24
40
77
84
60
67
112
145
147
161
210
287
341
332
329
345
333
311
266
200
177
182
126
32
-26
-52
-88
-143
-197
-238
-273
-322
-413
-514
-536
-521
-565
-605
-617
-649
-684
-750
-849
-902
-939
-993
-1013
-1013
-1009
-995
-1019
-1086
-1127
-1112
-1085
-1075
-1057
-1038
-1036
-1040
-1030
-1006
-981
-935
-912
-928
-908
-862
-833
-837
-870
-880
-848
-825
-867
-948
-955
-868
-816
-851
-900
-932
-930
-915
-957
-1025
-1036
-1011
-982
-898
-621
-79
539
1006
1347
1700
2141
2588
2809
2742
2649
2712
2749
2601
2450
2467
2543
2514
2327
2097
2036
2111
1993
1580
1128
809
560
294
-3
-236
-317
-313
-330
-377
-365
-231
-111
-147
-249
-309
-329
-306
-299
-308
-203
-21
98
196
280
306
329
304
199
141
115
40
-46
-117
-184
-237
-254
-269
-264
-199
-132
-76
20
95
93
60
41
45
62
69
62
94
195
290
305
313
377
414
386
321
221
135
112
69
-25
-68
-49
-32
-53
-101
-163
-223
-283
-374
-471
-518
-560
-667
-787
-863
-897
-897
-895
-933
-975
-990
-1025
-1076
-1055
-1015
-1038
-1061
-1072
-1103
-1087
-1028
-1009
-1017
-1037
-1086
-1104
-1068
-1013
-965
-939
-908
-860
-807
-772
-796
-877
-949
-972
-989
-1000
-994
-1014
-1049
-1054
-1053
-1075
-1082
-1068
-1091
-1155
-1214
-1281
-1325
-1278
-1160
-932
-471
136
642
1050
1550
2125
2622
2938
2969
2842
2848
2889
2727
2537
2544
2608
2557
2405
2189
2063
2117
2040
1643
1183
862
585
293
12
-263
-427
-431
-464
-544
-489
-354
-266
-226
-230
-242
-211
-167
-163
-174
-109
29
163
318
490
591
619
642
641
629
643
577
418
294
194
73
15
15
2
-8
-22
-62
-57
12
26
-40
-83
-81
-93
-99
-86
-61
30
172
248
282
370
451
454
394
294
178
102
40
-85
-217
-292
-359
-450
-500
-510
-555
-609
-668
-783
-888
-946
-1037
-1147
-1206
-1207
-1172
-1096
-1015
-974
-949
-945
-986
-996
-959
-956
-973
-972
-986
-1005
-1006
-1022
-1025
-987
-993
-1055
-1082
-1067
-1035
-998
-986
-1007
-1049
-1114
-1171
-1193
-1184
-1151
-1101
-1055
-1036
-1039
-1033
-1003
-958
-922
-943
-1001
-1016
-1028
-1074
-1138
-1177
-1071
-769
-308
205
667
1115
1639
2180
2624
2909
2962
2907
2911
2862
2673
2499
2425
2425
2440
2327
2129
2032
2014
1901
1614
1232
897
637
373
90
-165
-328
-369
-367
-365
-294
-188
-118
-42
5
20
93
144
112
101
107
110
191
327
459
584
656
662
653
655
658
608
472
314
177
38
-67
-107
-123
-125
-102
-78
-70
-65
-78
-135
-201
-224
-255
-292
-264
-179
-93
-5
81
164
245
287
256
184
123
75
-4
-119
-231
-310
-389
-490
-556
-579
-575
-557
-595
-670
-711
-744
-795
-853
-946
-1013
-1014
-1013
-1006
-969
-942
-904
-851
-841
-854
-864
-893
-939
-984
-1027
-1056
-1080
-1105
-1129
-1149
-1130
-1111
-1144
-1164
-1166
-1196
-1189
-1168
-1207
-1243
-1240
-1247
-1263
-1234
-1152
-1049
-951
-891
-877
-874
-848
-857
-949
-1046
-1083
-1088
-1106
-1177
-1266
-1210
-880
-302
347
885
1335
1836
2372
2794
3018
3057
3031
3036
2949
2714
2517
2492
2514
2410
2188
2002
1975
2001
1870
1513
1103
833
610
301
-8
-240
-372
-407
-439
-442
-282
-42
108
165
162
177
295
381
352
297
247
215
247
330
441
574
660
654
577
492
459
410
285
105
-97
-251
-312
-319
-321
-297
-252
-211
-156
-111
-100
-85
-73
-105
-155
-196
-204
-147
-42
31
69
137
230
303
339
322
255
173
80
-55
-211
-319
-381
-441
-494
-529
-543
-543
-557
-598
-651
-700
-750
-826
-921
-1004
-1067
-1084
-1065
-1048
-1014
-959
-930
-915
-911
-939
-977
-1005
-1049
-1101
-1125
-1138
-1152
-1176
-1211
-1238
-1255
-1235
-1184
-1166
-1161
-1150
-1187
-1218
-1208
-1256
-1321
-1326
-1345
-1351
-1275
-1206
-1123
-1005
-1067
-1262
-1363
-1411
-1383
-1231
-1139
-1119
-1085
-1163
-1206
-877
-216
571
1342
2022
2680
3318
3714
3802
3747
3703
3684
3469
2996
2584
2354
2113
1825
1553
1405
1513
1613
1383
1010
748
551
333
55
-261
-458
-505
-560
-583
-419
-89
260
491
600
687
776
832
813
692
546
439
334
238
216
227
234
280
314
289
232
128
-40
-206
-372
-560
-691
-714
-688
-629
-507
-338
-95
216
438
505
527
531
499
449
384
318
311
345
350
340
380
446
455
381
255
98
-77
-256
-461
-656
-762
-799
-801
-755
-678
-610
-548
-502
-504
-545
-610
-725
-868
-971
-1038
-1080
-1074
-1036
-1021
-1015
-993
-1007
-1050
-1099
-1176
-1294
-1396
-1481
-1575
-1594
-1534
-1489
-1442
-1370
-1311
-1252
-1165
-1114
-1132
-1148
-1170
-1230
-1282
-1289
-1264
-1215
-1173
-1194
-1228
-1146
-973
-877
-921
-1004
-1039
-997
-955
-1066
-1270
-1403
-1453
-1498
-1528
-1401
-915
-45
936
1746
2407
3091
3817
4372
4523
4338
4095
3954
3735
3261
2707
2325
2147
2002
1745
1440
1254
1156
908
483
45
-273
-437
-588
-779
-900
-871
-664
-328
30
374
692
929
1085
1190
1190
1117
1046
903
712
548
400
316
312
292
211
123
29
-88
-225
-411
-623
-811
-942
-1011
-998
-879
-672
-404
-99
231
564
837
1004
1055
1033
975
866
726
610
564
553
524
499
481
474
454
356
210
65
-97
-295
-495
-633
-688
-661
-610
-566
-490
-404
-344
-331
-369
-434
-509
-595
-720
-841
-919
-976
-1027
-1084
-1130
-1174
-1217
-1272
-1383
-1507
-1641
-1804
-1944
-2039
-2069
-2062
-2008
-1908
-1809
-1689
-1595
-1524
-1457
-1423
-1416
-1442
-1418
-1353
-1277
-1194
-1163
-1130
-1123
-1136
-1143
-1123
-1036
-987
-944
-938
-976
-1002
-1086
-1177
-1296
-1386
-1425
-1502
-1569
-1594
-1263
-400
852
2141
3033
3726
4430
5105
5524
5361
4860
4330
3898
3352
2590
1990
1623
1475
1276
910
722
706
686
352
-224
-670
-885
-838
-812
-802
-636
-335
145
627
1128
1605
1906
2008
1822
1541
1261
1020
810
487
159
-115
-223
-163
-105
-95
-199
-310
-418
-570
-713
-833
-851
-827
-782
-666
-430
-47
352
711
1027
1339
1602
1684
1602
1393
1133
835
528
290
168
190
209
199
181
179
206
148
27
-169
-364
-521
-666
-693
-667
-558
-403
-275
-144
-77
-36
-87
-224
-391
-656
-867
-1024
-1165
-1266
-1397
-1466
-1497
-1503
-1506
-1586
-1633
-1701
-1776
-1870
-2001
-2044
-2069
-2041
-1981
-1930
-1824
-1703
-1561
-1486
-1480
-1490
-1503
-1439
-1395
-1444
-1476
-1427
-1306
-1220
-1256
-1251
-1138
-984
-920
-1022
-1027
-917
-835
-914
-1162
-1262
-1281
-1357
-1473
-1636
-1605
-1555
-1571
-1278
-484
934
2370
3375
4200
4916
5749
6163
5860
5255
4457
3847
3110
2263
1693
1268
1136
850
491
426
449
581
375
-109
-488
-748
-664
-537
-409
-130
171
687
1177
1612
2020
2198
2238
1917
1413
965
598
366
47
-285
-509
-513
-339
-201
-119
-108
-112
-142
-219
-318
-397
-406
-405
-364
-247
-26
318
669
1012
1293
1466
1545
1456
1289
1043
734
413
42
-179
-282
-255
-153
-97
16
80
186
243
178
78
-141
-306
-437
-504
-463
-420
-293
-208
-172
-147
-215
-287
-466
-737
-988
-1246
-1393
-1508
-1573
-1541
-1504
-1411
-1400
-1418
-1420
-1500
-1581
-1728
-1860
-1940
-1978
-1950
-1879
-1754
-1609
-1451
-1334
-1307
-1406
-1578
-1745
-1857
-1905
-1945
-1919
-1757
-1528
-1362
-1246
-1191
-1124
-1086
-1103
-1048
-1014
-830
-685
-595
-521
-533
-421
-459
-517
-706
-1039
-1257
-1500
-1592
-1351
-592
729
2101
3142
4073
4855
5706
6136
5775
5177
4268
3633
2806
1893
1379
940
965
731
556
605
667
898
608
175
-277
-582
-512
-490
-390
-185
129
698
1223
1639
2036
2235
2274
1933
1393
962
583
322
-58
-456
-627
-568
-349
-122
1
88
116
60
-7
-172
-273
-353
-422
-402
-363
-85
244
545
816
945
1262
1499
1549
1416
1022
787
470
214
7
-227
-148
-157
-97
-109
-109
12
-59
-87
-335
-503
-552
-551
-431
-494
-421
-365
-277
-165
-237
-293
-441
-586
-765
-1004
-1158
-1281
-1331
-1403
-1462
-1390
-1287
-1175
-1152
-1226
-1325
-1479
-1604
-1782
-1957
-2047
-2127
-2116
-2040
-1843
-1636
-1491
-1374
-1317
-1270
-1361
-1483
-1650
-1783
-1838
-1915
-1826
-1752
-1494
-1229
-1132
-1013
-1048
-928
-892
-895
-935
-1195
-1327
-1487
-1470
-1443
-1518
-1492
-1592
-1329
-450
820
2312
3412
4273
5115
5711
6265
6176
5591
4828
3840
3043
2026
1381
1067
734
592
219
226
411
608
762
381
25
-233
-254
-121
-118
58
308
628
1068
1477
1877
2156
2191
2004
1549
1141
921
606
225
-232
-574
-618
-549
-338
-213
-177
-60
-56
-19
-55
-71
4
-133
-219
-299
-198
110
319
517
512
644
963
1158
1245
1068
850
631
413
281
97
-6
-51
-108
-117
-82
92
267
256
123
-76
-199
-230
-259
-335
-484
-538
-497
-428
-359
-328
-303
-349
-498
-684
-809
-935
-1051
-1204
-1405
-1483
-1437
-1286
-1194
-1209
-1231
-1281
-1311
-1337
-1374
-1474
-1644
-1736
-1780
-1786
-1748
-1713
-1657
-1676
-1654
-1531
-1459
-1393
-1388
-1471
-1604
-1654
-1641
-1750
-1808
-1702
-1561
-1504
-1483
-1390
-1291
-1180
-931
-810
-898
-957
-965
-1015
-1230
-1416
-1657
-1539
-608
825
2383
3399
4417
5451
6139
6649
6436
5785
4688
3583
2589
1384
762
410
292
144
10
392
708
1127
1293
1002
597
201
125
-51
-262
-193
32
410
860
1407
1945
2235
2374
2250
1776
1343
936
454
-166
-742
-942
-956
-774
-532
-338
-116
89
330
390
302
234
100
-97
-301
-393
-279
-115
60
234
329
527
743
946
1054
1003
955
811
689
585
506
440
305
239
146
111
154
173
124
-8
-141
-241
-252
-271
-267
-305
-324
-256
-209
-105
-117
-139
-240
-397
-486
-669
-748
-916
-1078
-1208
-1360
-1350
-1376
-1354
-1403
-1421
-1369
-1375
-1334
-1338
-1343
-1414
-1469
-1483
-1481
-1520
-1568
-1593
-1659
-1600
-1595
-1552
-1568
-1575
-1518
-1637
-1667
-1777
-1838
-1941
-2078
-2045
-2103
-2077
-2019
-1809
-1515
-1261
-978
-848
-853
-925
-1030
-1311
-1696
-1973
-1566
-441
1042
2584
3717
4915
5997
6940
7398
6879
6040
4833
3669
2331
1050
348
-205
-355
-479
-325
150
706
1366
1432
1163
800
570
406
46
-198
-275
-77
327
893
1453
1953
2375
2559
2432
1980
1553
1004
321
-401
-1035
-1295
-1374
-1186
-946
-644
-200
198
560
607
548
450
270
66
-216
-353
-370
-279
-103
77
291
534
755
812
711
618
662
727
719
634
554
586
677
794
815
763
702
580
377
139
7
-90
-226
-386
-496
-493
-376
-171
-58
-42
-26
17
6
-113
-230
-368
-548
-746
-930
-1061
-1138
-1150
-1194
-1307
-1418
-1449
-1456
-1479
-1496
-1514
-1468
-1413
-1351
-1337
-1368
-1339
-1354
-1426
-1568
-1689
-1735
-1796
-1827
-1861
-1890
-1813
-1639
-1497
-1451
-1396
-1300
-1286
-1334
-1361
-1416
-1455
-1340
-1224
-1305
-1414
-1384
-1330
-1478
-1552
-1614
-1856
-2074
-2228
-1704
-534
1101
2692
3705
4799
5793
6851
7360
6994
6290
5120
4062
2739
1574
805
171
-21
-297
-300
-109
402
1019
1081
890
478
262
111
-87
-247
-312
-7
447
1001
1489
2015
2517
2786
2691
2212
1694
1089
477
-242
-916
-1323
-1464
-1315
-1165
-865
-469
-47
281
349
342
238
207
78
-185
-352
-417
-245
-16
246
516
732
987
1045
989
847
703
687
641
650
591
624
769
877
1003
960
866
665
408
133
-149
-300
-445
-485
-450
-336
-151
81
292
354
350
280
173
-41
-279
-539
-794
-944
-1079
-1141
-1183
-1159
-1144
-1166
-1174
-1243
-1271
-1313
-1352
-1361
-1368
-1286
-1214
-1155
-1120
-1154
-1183
-1282
-1398
-1551
-1722
-1812
-1940
-2051
-2164
-2188
-2097
-2031
-1865
-1714
-1560
-1427
-1406
-1353
-1302
-1190
-1133
-1053
-938
-972
-972
-974
-961
-1073
-1362
-1677
-2085
-2336
-2431
-2179
-1233
257
1915
3235
4438
5546
6535
7365
7333
6622
5578
4537
3415
2166
1346
674
266
48
-104
-90
29
519
698
425
31
-314
-385
-479
-435
-299
-34
481
1085
1719
2209
2689
3040
2949
2446
1813
1211
585
-20
-631
-1145
-1460
-1412
-1156
-913
-561
-242
49
133
79
35
-65
-77
-217
-343
-372
-220
187
526
848
1049
1217
1303
1216
1089
817
580
399
338
381
466
674
838
922
886
799
604
312
44
-259
-557
-770
-759
-654
-422
-81
216
471
636
785
749
603
370
-12
-399
-805
-1068
-1256
-1354
-1384
-1398
-1327
-1309
-1210
-1121
-1117
-1158
-1228
-1259
-1332
-1313
-1258
-1204
-1120
-1084
-1080
-1105
-1158
-1310
-1552
-1773
-1950
-2115
-2173
-2228
-2233
-2146
-1969
-1711
-1576
-1274
-1065
-950
-830
-754
-575
-763
-834
-1010
-1318
-1512
-1800
-1834
-2208
-2388
-2536
-2781
-2769
-2604
-1338
233
1955
3501
4730
6009
6820
7712
7699
6965
6078
4967
3790
2251
1391
780
227
-80
-412
-515
-552
-143
141
-45
-351
-571
-571
-624
-475
-90
392
934
1625
2268
2720
3241
3580
3440
2762
2017
1305
491
-200
-858
-1341
-1628
-1621
-1393
-1196
-833
-400
-70
-15
-92
-44
-36
-11
11
-46
-15
224
621
908
1147
1375
1423
1352
1111
827
596
385
196
34
58
154
379
628
682
698
698
607
335
127
-21
-223
-307
-344
-336
-194
141
406
508
562
532
424
206
-79
-444
-782
-1050
-1274
-1420
-1477
-1350
-1138
-964
-874
-783
-686
-673
-714
-839
-981
-1109
-1190
-1243
-1260
-1177
-1086
-1061
-1163
-1297
-1420
-1581
-1755
-1970
-2232
-2440
-2458
-2273
-2029
-1768
-1493
-1258
-950
-677
-582
-637
-765
-875
-1106
-1307
-1419
-1499
-1471
-1524
-1596
-1689
-1784
-1800
-1931
-2087
-2354
-2507
-1983
-764
939
2488
3880
5199
6181
7108
7523
7290
6550
5570
4453
2816
1536
759
254
-58
-365
-434
-546
-264
166
200
43
-236
-315
-512
-608
-273
220
916
1610
2263
2697
3037
3475
3438
2890
2074
1156
287
-543
-1106
-1524
-1731
-1592
-1382
-1095
-780
-294
180
295
270
110
-22
-80
-90
-15
4
261
605
871
1142
1328
1528
1449
1187
837
405
207
91
115
79
82
254
316
476
509
517
445
259
99
-200
-276
-282
-161
1
96
330
411
521
530
445
264
-74
-354
-777
-1025
-1140
-1216
-1200
-1198
-1083
-1002
-838
-711
-706
-713
-834
-967
-1145
-1297
-1333
-1306
-1242
-1199
-1121
-1069
-1093
-1104
-1200
-1417
-1672
-1954
-2202
-2318
-2221
-2038
-1821
-1537
-1275
-1048
-862
-763
-744
-741
-892
-1201
-1460
-1615
-1700
-1720
-1662
-1698
-1700
-1641
-1686
-1761
-1858
-1932
-2094
-2289
-2234
-1474
76
1788
3388
4786
5832
6632
7212
7249
6633
5769
4774
3413
1986
964
409
206
129
66
-87
-158
37
183
72
-203
-355
-506
-709
-600
-153
554
1397
2195
2664
2852
3099
3201
2894
2255
1532
766
-62
-706
-1100
-1261
-1150
-894
-733
-700
-530
-241
-111
-151
-242
-303
-341
-311
-132
118
490
938
1262
1365
1359
1407
1324
1067
724
350
114
17
45
114
227
400
514
542
413
261
187
59
-147
-323
-394
-357
-170
98
336
527
703
740
592
389
126
-156
-478
-765
-974
-1087
-1031
-938
-781
-658
-598
-592
-714
-892
-1119
-1277
-1457
-1611
-1645
-1613
-1465
-1290
-1079
-957
-897
-941
-1142
-1352
-1619
-1870
-2109
-2242
-2251
-2169
-1954
-1721
-1423
-1150
-942
-816
-805
-864
-969
-1118
-1390
-1622
-1717
-1747
-1775
-1708
-1572
-1571
-1602
-1620
-1722
-1994
-2221
-2405
-2497
-1839
-378
1311
2851
4345
5554
6299
6858
6970
6565
5909
5168
4082
2708
1688
1098
861
714
554
375
114
16
-121
-388
-680
-799
-787
-950
-944
-576
113
983
1799
2428
2715
2851
2882
2617
2141
1657
1225
666
35
-383
-596
-606
-481
-422
-467
-583
-642
-746
-943
-1020
-912
-749
-669
-480
-151
240
762
1206
1385
1384
1343
1174
863
581
372
261
180
152
248
411
622
794
799
600
389
193
-144
-417
-489
-459
-361
-161
81
292
580
824
869
750
534
278
-81
-435
-669
-764
-748
-664
-507
-431
-366
-276
-330
-533
-803
-1051
-1350
-1638
-1801
-1841
-1720
-1493
-1211
-970
-801
-656
-621
-761
-988
-1214
-1466
-1718
-1911
-1987
-1983
-1866
-1617
-1437
-1294
-1103
-974
-1080
-1290
-1440
-1693
-1874
-1963
-2101
-2113
-1909
-1653
-1527
-1353
-1151
-1047
-1041
-1203
-1424
-1705
-2002
-2237
-2174
-1421
-16
1584
3010
4310
5308
5916
6239
6085
5550
4998
4413
3459
2463
1796
1426
1347
1365
1364
1203
968
693
216
-387
-869
-1032
-1205
-1345
-1189
-828
-199
604
1387
1979
2381
2585
2444
2027
1508
1140
848
490
248
132
97
174
268
245
169
74
-179
-569
-980
-1274
-1369
-1333
-1161
-860
-507
-136
251
553
738
911
972
861
681
498
366
342
458
653
856
1019
1087
1003
786
543
291
-1
-265
-453
-570
-570
-456
-249
11
255
422
445
346
176
-15
-207
-370
-449
-455
-400
-321
-250
-170
-112
-133
-245
-469
-768
-1063
-1346
-1576
-1685
-1627
-1477
-1306
-1134
-993
-876
-819
-829
-948
-1167
-1397
-1610
-1807
-1954
-1940
-1815
-1640
-1402
-1161
-957
-775
-644
-676
-856
-1079
-1304
-1508
-1672
-1727
-1669
-1536
-1331
-1111
-972
-886
-817
-864
-1013
-1176
-1382
-1584
-1687
-1725
-1712
-1563
-1134
-281
859
1987
3067
4009
4574
4867
4940
4648
4248
3978
3616
3103
2711
2431
2194
2060
1943
1818
1625
1330
971
448
-117
-500
-740
-948
-975
-776
-531
-183
200
503
763
974
1086
1016
835
650
522
399
305
370
471
602
733
744
661
534
399
179
-71
-304
-506
-648
-742
-706
-580
-393
-160
49
198
263
276
265
256
227
199
183
168
199
289
399
460
514
529
471
366
251
138
-21
-133
-225
-319
-375
-398
-401
-436
-446
-470
-521
-592
-686
-735
-789
-811
-821
-833
-808
-751
-666
-618
-573
-580
-636
-706
-814
-888
-925
-954
-986
-991
-985
-950
-879
-840
-825
-838
-895
-995
-1086
-1161
-1197
-1150
-1050
-879
-712
-540
-350
-204
-101
-44
-8
-41
-69
-71
-134
-176
-181
-169
-159
-143
-124
-141
-147
-164
-206
-250
-287
-292
-273
-244
-187
-95
64
269
455
634
796
928
1003
1037
1024
959
903
802
639
479
356
289
267
325
417
545
719
871
1018
1106
1149
1142
1082
1049
1031
1049
1076
1129
1200
1259
1347
1386
1357
1295
1175
1002
766
515
268
43
-119
-244
-325
-359
-359
-322
-296
-253
-195
-154
-119
-97
-59
-37
-7
42
79
110
115
116
101
68
41
-23
-116
-212
-290
-343
-389
-404
-405
-405
-392
-380
-348
-322
-304
-303
-341
-364
-375
-367
-360
-377
-367
-357
-349
-372
-398
-395
-409
-410
-426
-443
-422
-369
-295
-239
-186
-136
-113
-109
-109
-94
-81
-76
-59
-59
-66
-59
-60
-60
-82
-111
-135
-169
-190
-190
-152
-90
5
107
159
218
261
259
238
208
182
149
126
81
37
22
14
26
14
-9
-41
-98
-168
-251
-315
-387
-425
-436
-446
-408
-342
-241
-139
-22
107
223
347
418
442
443
429
399
338
270
181
112
68
12
-43
-72
-68
-69
-69
-75
-73
-64
-55
-43
-35
8
86
183
271
336
421
489
540
566
565
544
476
405
302
187
113
51
-5
-79
-137
-184
-217
-205
-185
-137
-78
-19
38
79
150
231
299
333
334
303
240
200
158
70
-20
-110
-201
-268
-282
-245
-213
-169
-130
-120
-102
-69
-23
-31
-63
-84
-145
-188
-213
-220
-209
-191
-167
-184
-197
-202
-197
-204
-238
-226
-205
-178
-119
-57
9
91
182
209
202
215
210
188
149
119
84
38
3
-24
-52
-69
-49
-50
-64
-34
13
55
110
177
223
264
309
340
351
322
262
180
102
49
20
-6
-32
-42
-36
-7
22
55
76
56
2
-76
-164
-267
-364
-446
-496
-501
-468
-393
-299
-200
-98
-5
55
93
109
92
64
27
-10
-43
-60
-47
-23
6
27
58
87
95
95
55
11
-12
-53
-101
-137
-126
-100
-56
16
60
135
214
285
311
294
278
220
157
85
24
-22
-59
-51
-58
-61
-41
-16
-2
-5
22
47
72
88
108
122
136
185
207
197
189
180
125
37
-48
-151
-241
-307
-357
-376
-358
-286
-207
-155
-107
-59
-24
-11
-11
-18
-31
-45
-71
-89
-82
-54
9
79
110
131
147
149
142
140
138
106
74
51
30
8
2
23
6
-41
-84
-134
-187
-221
-231
-252
-240
-189
-144
-90
-17
69
146
227
303
367
424
452
463
453
418
367
305
231
132
44
-43
-127
-184
-213
-216
-202
-156
-106
-66
-35
-4
18
10
-7
-46
-119
-209
-290
-341
-363
-325
-255
-191
-136
-77
-37
-27
-34
-64
-116
-172
-201
-221
-232
-227
-197
-151
-109
-54
4
50
84
111
120
121
147
165
167
168
178
194
209
238
266
286
285
278
262
237
206
149
80
1
-51
-93
-138
-175
-213
-233
-249
-228
-177
-136
-84
-31
33
80
123
173
179
186
193
185
149
107
79
17
-39
-81
-129
-173
-195
-191
-193
-186
-163
-149
-148
-164
-185
-207
-224
-213
-196
-161
-117
-64
-4
45
122
211
301
371
406
417
398
379
354
322
302
274
248
207
160
112
55
-3
-79
-163
-255
-345
-413
-460
-465
-430
-358
-265
-169
-68
22
105
177
239
291
311
321
316
287
249
215
182
137
101
68
21
-21
-63
-112
-159
-180
-179
-185
-185
-185
-172
-145
-126
-113
-119
-124
-121
-112
-115
-119
-91
-57
-35
-22
-7
-2
-9
-12
-21
-39
-51
-55
-83
-126
-139
-134
-136
-139
-131
-126
-114
-78
-40
-12
30
90
139
164
189
216
229
233
243
239
212
199
192
158
114
73
30
-15
-59
-100
-153
-197
-211
-204
-187
-169
-123
-71
-14
75
172
244
280
305
298
263
227
171
97
7
-63
-120
-168
-185
-179
-165
-154
-127
-90
-55
-3
44
57
39
0
-46
-103
-163
-203
-220
-218
-198
-147
-84
-9
86
168
224
267
303
319
308
270
230
202
185
183
186
176
174
170
135
81
25
-32
-103
-176
-246
-293
-314
-305
-272
-236
-179
-101
-24
32
75
109
128
142
150
143
127
111
94
70
43
30
27
24
19
2
-25
-57
-76
-89
-96
-92
-73
-38
-27
-22
-27
-47
-69
-88
-99
-120
-116
-102
-102
-104
-104
-89
-92
-99
-112
-136
-143
-138
-117
-107
-89
-57
-40
-24
-9
9
19
19
19
3
4
24
55
79
107
140
169
204
237
258
262
247
220
170
110
44
-27
-85
-130
-154
-163
-159
-130
-101
-66
-36
-6
27
58
95
122
150
172
174
158
121
85
43
-5
-55
-115
-171
-217
-247
-266
-260
-214
-150
-63
25
94
143
171
175
139
87
14
-58
-117
-164
-172
-149
-97
-34
32
98
151
199
218
206
176
135
112
88
75
75
75
86
103
120
117
100
68
12
-60
-136
-203
-253
-275
-267
-243
-199
-137
-71
-13
31
65
83
100
109
102
85
65
56
45
47
47
36
18
-3
-28
-56
-76
-97
-123
-138
-132
-115
-90
-55
-22
2
11
1
-31
-68
-96
-116
-122
-112
-83
-43
4
46
76
85
72
48
0
-61
-119
-171
-200
-203
-176
-135
-83
-20
40
87
117
132
127
109
92
76
65
74
115
167
212
254
285
290
265
219
155
78
15
-43
-107
-159
-184
-189
-195
-174
-134
-95
-51
-5
35
68
115
155
161
155
139
106
61
9
-51
-113
-159
-201
-242
-268
-265
-235
-192
-136
-69
7
93
172
224
246
240
204
140
67
6
-32
-52
-55
-42
-21
23
69
105
127
138
133
103
61
9
-33
-49
-50
-34
-11
23
63
92
102
89
64
24
-25
-78
-133
-169
-183
-176
-154
-121
-81
-45
-23
-24
-38
-47
-53
-51
-51
-47
-35
-18
4
24
41
52
55
43
17
-15
-42
-63
-68
-58
-31
14
64
114
162
202
217
209
185
139
81
22
-29
-56
-47
-14
27
68
96
113
97
51
-10
-85
-161
-230
-278
-304
-299
-253
-188
-109
-27
54
112
136
150
145
134
121
109
95
87
95
100
110
124
128
116
75
13
-58
-118
-162
-194
-213
-218
-204
-181
-145
-92
-40
17
75
121
161
203
242
261
263
241
193
130
58
-23
-105
-183
-255
-308
-338
-339
-308
-260
-198
-123
-43
28
91
134
147
139
111
62
9
-35
-66
-81
-76
-47
-6
36
77
108
123
124
110
87
55
29
9
-4
0
26
67
110
151
176
173
154
118
69
20
-30
-84
-135
-174
-193
-191
-173
-147
-118
-95
-74
-62
-55
-40
-21
-3
12
31
48
67
85
93
87
68
41
1
-44
-82
-105
-112
-114
-95
-63
-27
21
72
111
132
142
133
113
87
70
58
52
62
80
92
100
104
91
52
-3
-67
-146
-213
-259
-290
-306
-299
-272
-237
-187
-132
-77
-36
-2
15
11
3
-6
-3
3
20
48
74
102
123
132
128
117
100
66
26
-18
-54
-76
-85
-78
-65
-36
-2
27
53
76
104
135
166
191
209
220
215
191
145
83
18
-54
-129
-199
-257
-292
-298
-279
-238
-171
-86
2
78
136
163
168
148
102
45
-13
-58
-93
-116
-125
-118
-95
-60
-26
-3
8
10
-10
-40
-65
-76
-69
-42
1
53
117
184
243
282
305
313
303
273
224
164
102
45
-6
-47
-80
-99
-110
-126
-140
-154
-162
-163
-161
-148
-130
-99
-64
-32
-9
7
22
25
18
1
-17
-27
-33
-32
-30
-20
-3
16
28
31
35
42
39
29
16
8
11
22
41
61
84
110
128
130
117
98
64
17
-34
-86
-135
-171
-188
-192
-183
-155
-124
-95
-69
-46
-31
-25
-19
-22
-24
-18
-11
2
20
46
71
92
105
109
97
80
56
29
1
-17
-28
-32
-30
-23
-15
-11
3
20
34
46
63
86
115
148
178
193
193
176
135
71
-4
-81
-159
-225
-273
-301
-302
-272
-211
-138
-50
43
127
185
215
217
192
152
104
58
22
-4
-18
-27
-29
-20
-6
4
-1
-19
-46
-79
-109
-130
-134
-123
-96
-60
-19
28
88
145
190
216
226
222
205
183
153
124
92
63
34
2
-24
-47
-75
-107
-137
-160
-178
-181
-172
-154
-129
-101
-74
-58
-44
-32
-30
-36
-46
-57
-70
-72
-68
-55
-37
-17
5
21
31
36
36
32
31
29
28
28
35
47
62
81
95
104
102
85
58
12
-34
-80
-119
-148
-166
-168
-161
-143
-117
-94
-74
-60
-56
-60
-65
-68
-66
-59
-46
-27
-7
16
37
53
66
67
56
37
10
-18
-41
-57
-63
-58
-43
-22
3
25
44
58
70
79
92
109
126
150
177
202
218
221
202
159
98
24
-59
-140
-207
-256
-288
-295
-276
-230
-163
-85
-3
70
126
163
174
166
140
106
68
29
1
-12
-13
-4
17
34
47
52
49
33
9
-12
-37
-60
-73
-69
-56
-32
6
48
90
129
156
165
163
152
131
98
63
28
-10
-46
-77
-107
-128
-144
-152
-153
-150
-133
-109
-87
-65
-40
-20
-8
4
6
7
9
8
9
7
8
12
12
7
5
5
-2
-6
-8
-15
-17
-7
-5
-2
19
31
40
69
84
86
120
128
94
102
89
28
27
-3
-65
-53
-44
-69
-58
-27
-42
-45
-19
-51
-76
-51
-73
-100
-65
-60
-58
0
27
26
72
88
52
52
34
-17
-25
-34
-64
-50
-33
-37
-19
-1
-6
4
8
-12
-21
-20
-26
-14
18
44
84
132
154
168
176
150
114
71
5
-58
-106
-156
-179
-171
-163
-129
-71
-23
35
97
133
157
172
160
130
99
59
15
-15
-40
-66
-69
-67
-65
-53
-47
-46
-44
-44
-52
-53
-49
-42
-21
5
32
70
110
142
176
200
209
215
204
179
144
102
56
5
-43
-93
-141
-173
-202
-224
-226
-224
-215
-193
-170
-144
-117
-90
-69
-59
-49
-49
-53
-54
-52
-48
-38
-26
-21
-12
-5
-5
-3
-6
-12
-12
-7
0
16
37
57
79
98
110
116
121
121
114
109
100
89
87
84
78
75
70
53
34
9
-27
-57
-84
-113
-127
-134
-132
-111
-83
-52
-14
19
39
49
45
30
8
-18
-50
-77
-92
-104
-98
-76
-54
-21
15
40
60
75
72
66
63
50
39
41
44
53
76
94
106
115
107
86
53
12
-42
-87
-129
-175
-198
-203
-199
-169
-124
-81
-27
27
66
97
127
140
147
152
136
118
105
82
61
43
19
-9
-29
-53
-82
-100
-113
-130
-133
-133
-131
-114
-93
-75
-48
-17
9
43
75
97
120
139
147
151
150
141
124
100
64
22
-19
-62
-101
-129
-151
-161
-155
-143
-123
-94
-68
-45
-24
-10
-6
-1
-1
-8
-13
-16
-18
-14
-4
7
15
21
25
24
17
12
8
6
13
21
32
51
72
94
114
129
135
138
131
115
95
75
52
30
15
-1
-14
-23
-39
-59
-74
-88
-100
-106
-104
-98
-78
-50
-18
17
54
84
100
103
90
60
27
-12
-59
-98
-130
-153
-159
-148
-128
-94
-52
-18
13
42
57
66
77
80
78
89
97
106
127
144
154
156
146
117
79
34
-22
-73
-119
-159
-182
-189
-183
-159
-121
-82
-40
-1
28
46
58
63
62
61
62
64
68
75
80
79
78
73
63
45
29
11
-9
-21
-32
-36
-34
-30
-23
-13
-3
8
23
38
48
62
74
80
88
89
83
76
64
40
16
-9
-35
-57
-75
-91
-98
-94
-94
-85
-75
-69
-63
-56
-58
-62
-60
-67
-70
-71
-75
-76
-72
-72
-74
-72
-78
-85
-89
-95
-96
-94
-86
-74
-50
-18
13
54
93
127
158
181
195
199
193
176
148
114
74
31
-8
-48
-77
-101
-121
-131
-136
-133
-122
-97
-75
-48
-14
15
43
69
89
100
107
103
85
63
35
5
-23
-48
-69
-82
-84
-83
-73
-55
-39
-25
-9
-4
-3
0
-4
-5
-4
-1
5
15
28
40
47
51
45
31
10
-20
-51
-82
-108
-126
-134
-129
-117
-93
-66
-37
-9
16
35
46
51
51
49
44
40
37
35
32
31
25
17
9
-2
-12
-23
-28
-31
-26
-15
-4
14
34
50
66
78
85
88
92
89
87
86
82
80
77
76
70
65
57
39
19
-4
-34
-58
-79
-103
-111
-113
-114
-106
-93
-80
-65
-48
-40
-36
-30
-30
-33
-31
-33
-35
-32
-32
-31
-29
-27
-25
-24
-22
-21
-18
-9
4
24
50
79
110
142
170
192
205
208
200
180
150
111
70
26
-16
-52
-82
-100
-111
-114
-107
-95
-78
-58
-37
-19
-1
11
20
22
18
11
-3
-16
-36
-52
-69
-83
-90
-94
-89
-76
-56
-33
-6
21
47
69
86
97
101
104
96
87
77
64
52
41
33
21
10
-1
-17
-37
-53
-75
-96
-111
-123
-132
-131
-122
-111
-89
-62
-37
-11
15
33
51
65
73
79
83
82
75
69
58
43
32
19
2
-8
-13
-19
-15
-6
6
20
35
45
54
58
59
57
52
45
42
40
41
47
57
67
77
85
86
81
67
48
21
-7
-39
-65
-86
-100
-106
-103
-93
-78
-61
-45
-34
-25
-23
-31
-40
-54
-69
-85
-95
-101
-104
-100
-91
-82
-72
-60
-51
-41
-34
-25
-14
-1
13
34
55
77
99
115
128
133
130
118
98
74
42
12
-18
-44
-63
-76
-82
-78
-69
-55
-36
-12
11
33
56
70
79
84
79
66
49
24
-6
-36
-68
-97
-119
-134
-141
-140
-130
-113
-90
-63
-34
-6
24
49
69
91
104
114
122
125
122
118
110
98
81
61
39
13
-11
-33
-54
-73
-84
-98
-105
-107
-108
-103
-98
-89
-80
-70
-59
-48
-35
-23
-13
-5
0
0
0
-7
-11
-15
-19
-20
-19
-9
1
15
33
49
64
74
82
84
80
76
68
64
60
59
61
65
71
76
79
78
69
58
38
15
-7
-30
-51
-66
-74
-79
-75
-67
-56
-44
-31
-20
-9
-4
-3
0
-4
-9
-17
-29
-43
-59
-75
-91
-106
-116
-124
-127
-122
-113
-95
-74
-48
-22
7
36
57
79
94
104
111
115
115
113
108
103
96
84
72
57
39
20
0
-18
-34
-44
-48
-44
-31
-14
8
33
55
71
81
82
72
55
31
2
-27
-54
-77
-91
-97
-94
-85
-70
-53
-34
-15
-1
13
24
32
39
49
56
63
74
82
86
89
86
75
61
40
12
-14
-43
-71
-92
-109
-118
-122
-118
-110
-98
-81
-68
-51
-32
-18
-4
14
29
42
54
63
67
67
62
52
41
27
13
2
-7
-11
-9
-1
8
22
35
45
54
58
59
57
55
50
48
46
47
52
57
61
63
62
54
40
22
1
-23
-43
-64
-80
-91
-98
-100
-99
-96
-91
-86
-78
-72
-66
-58
-53
-45
-39
-34
-30
-30
-32
-38
-45
-53
-59
-65
-65
-61
-54
-38
-20
2
23
43
59
71
76
77
73
69
65
61
63
65
69
76
77
76
72
60
44
22
2
-18
-32
-39
-39
-30
-11
12
39
61
77
86
85
71
50
21
-12
-46
-78
-104
-124
-134
-137
-134
-124
-110
-94
-76
-59
-42
-25
-8
8
24
39
54
68
76
82
85
79
71
57
38
18
-5
-26
-49
-66
-80
-91
-94
-96
-94
-86
-78
-67
-55
-43
-31
-19
-7
4
15
25
28
34
33
28
23
13
3
-6
-14
-19
-19
-14
-4
12
30
50
69
87
101
111
116
115
111
106
97
88
82
74
71
66
64
59
55
47
38
27
12
-2
-18
-32
-43
-51
-57
-60
-60
-58
-57
-52
-49
-48
-48
-50
-56
-61
-67
-75
-79
-84
-85
-82
-79
-70
-60
-47
-36
-25
-13
-8
-2
1
1
1
2
2
3
11
16
27
37
45
54
58
60
57
48
38
26
13
2
-5
-6
-2
9
24
42
62
79
94
99
101
91
75
55
30
3
-22
-45
-65
-78
-85
-87
-84
-77
-69
-55
-43
-30
-15
0
12
27
38
50
61
68
74
75
72
67
56
41
24
9
-8
-23
-36
-46
-52
-55
-56
-54
-50
-43
-39
-34
-28
-22
-13
-7
2
12
22
31
36
41
40
36
29
16
5
-8
-19
-28
-29
-27
-19
-4
12
31
49
65
75
84
83
76
67
55
40
27
18
10
7
6
8
12
16
18
15
11
0
-11
-26
-42
-55
-66
-73
-75
-74
-68
-58
-48
-38
-30
-24
-22
-27
-32
-42
-52
-61
-68
-71
-68
-63
-55
-42
-30
-19
-8
-1
1
3
0
-4
-6
-8
-7
-3
6
15
28
45
57
67
75
76
73
67
54
39
24
9
-4
-13
-17
-19
-13
-5
6
20
32
42
50
53
50
44
35
21
5
-10
-25
-39
-48
-54
-56
-54
-52
-46
-39
-29
-20
-12
0
8
18
27
37
47
54
59
59
58
51
39
24
5
-15
-36
-55
-71
-81
-87
-87
-81
-72
-60
-47
-35
-23
-15
-8
-4
-3
1
3
4
7
9
9
12
11
8
4
-3
-9
-16
-20
-22
-18
-10
0
16
32
47
60
71
75
76
72
62
52
44
35
30
26
27
31
35
39
38
36
30
18
6
-11
-25
-37
-46
-51
-51
-45
-36
-25
-14
-4
2
6
6
2
-4
-9
-16
-20
-25
-28
-27
-27
-26
-23
-23
-25
-27
-29
-33
-36
-38
-40
-39
-36
-32
-25
-17
-8
2
10
20
27
32
36
38
37
33
28
21
10
2
-8
-17
-22
-25
-23
-20
-13
-6
2
10
14
17
16
11
7
-4
-13
-21
-27
-29
-29
-23
-16
-9
3
12
21
29
34
39
41
45
46
49
52
54
57
57
56
53
46
38
27
14
0
-14
-24
-32
-35
-37
-34
-30
-25
-19
-15
-13
-12
-15
-19
-25
-33
-38
-43
-48
-50
-51
-50
-49
-50
-48
-49
-49
-48
-44
-37
-29
-18
-2
15
32
48
61
72
77
80
78
72
67
58
53
50
47
49
49
51
52
52
46
38
29
17
5
-8
-20
-28
-32
-34
-30
-27
-21
-15
-9
-4
-2
0
0
-1
-3
-4
-5
-7
-9
-11
-14
-17
-22
-26
-31
-36
-40
-44
-43
-43
-39
-33
-28
-19
-13
-6
-1
6
13
20
28
37
44
54
61
67
71
68
65
54
42
30
16
2
-6
-11
-15
-12
-8
0
7
12
14
10
3
-8
-18
-32
-44
-52
-51
-45
-33
-19
-3
21
30
36
35
30
24
11
6
-4
-5
0
5
17
22
25
22
10
-14
-47
-64
-87
-99
-103
-108
-92
-69
-55
-40
-26
-30
-41
-49
-69
-82
-83
-61
-38
1
54
63
89
81
42
23
-35
-79
-126
-151
-125
-73
16
72
138
207
222
185
128
31
-51
-89
-128
-105
14
206
400
684
899
1121
2088
2328
1615
1871
1376
-165
-599
-1400
-2502
-1951
-1580
-1661
-533
344
573
946
806
141
-168
-169
-816
-1158
-726
-641
-402
54
132
338
475
153
-204
-587
-831
-735
-914
-840
-385
-239
75
348
159
135
223
-15
-253
-266
-260
-155
8
173
329
496
765
697
383
322
213
-62
-140
-153
-164
87
387
388
384
519
388
132
104
-150
-310
-16
-72
-199
-4
-31
52
195
-41
-64
126
-85
-134
-109
-436
-233
-68
-457
-250
-35
-281
-35
-11
-350
9
118
72
548
319
178
513
28
-369
-257
-450
-434
-126
-127
-3
342
460
436
291
240
162
-77
-159
-280
-356
-145
-27
-71
50
189
190
141
-93
-273
-278
-264
-204
-205
-88
189
303
286
244
139
142
146
-81
-179
-85
-23
72
113
95
182
363
329
142
114
62
-55
-94
-126
-180
-90
81
75
19
84
108
16
-5
-55
-141
-38
-15
-48
45
100
200
277
196
122
116
-3
-228
-363
-428
-434
-328
-151
-48
32
156
116
-52
-178
-219
-231
-227
-155
-114
-99
30
157
25
-39
173
102
6
193
88
-43
166
72
-164
16
35
-100
101
146
14
198
325
146
178
263
111
110
90
-106
-98
24
-7
-41
81
261
386
424
495
553
486
449
272
10
11
-57
-295
-326
-322
-371
-276
-288
-346
-296
-410
-520
-602
-782
-723
-559
-517
-355
-148
-45
104
160
47
80
151
98
121
182
198
290
406
361
287
321
300
185
75
-27
-86
-33
-9
-45
36
129
131
85
-8
-111
-168
-174
-232
-273
-190
-139
-146
-118
-99
-87
-10
28
14
74
118
115
136
150
150
178
218
240
254
240
193
164
152
98
28
21
-7
-50
-82
-156
-188
-183
-203
-222
-234
-193
-139
-150
-168
-155
-126
-117
-104
-87
-118
-91
-42
-90
-83
-34
-37
0
11
-4
30
48
52
30
19
66
88
103
110
87
71
28
-22
-72
-117
-96
-94
-100
-59
-56
-21
20
-20
-31
-36
-43
-8
-18
-9
84
145
181
226
233
226
225
189
110
82
96
81
89
89
58
71
64
22
0
-23
-34
-17
-46
-97
-75
-87
-124
-94
-107
-122
-52
-52
-104
-68
-69
-89
-49
-63
-42
13
18
37
51
37
38
54
30
23
32
24
46
48
57
79
99
112
99
85
67
51
40
25
-1
-12
-10
-39
-62
-91
-123
-126
-121
-104
-76
-39
1
25
22
29
45
40
44
47
47
54
61
67
66
87
105
94
78
63
38
-13
-55
-85
-106
-100
-90
-57
-30
-20
10
25
10
4
1
-20
-18
-31
-53
-22
10
38
65
90
102
98
97
50
21
29
8
13
29
30
67
101
78
72
69
37
22
-24
-53
-50
-51
-30
-12
-6
12
35
19
-14
-19
-35
-42
-23
-19
1
48
63
64
87
78
72
64
27
11
0
-15
-13
7
21
33
44
12
-20
-42
-102
-151
-160
-166
-160
-125
-85
-49
-14
7
-1
-14
-25
-52
-41
-17
5
83
120
120
159
141
105
86
17
-12
0
-30
-39
-23
-18
-4
-29
-44
-47
-85
-88
-96
-135
-123
-68
-29
8
61
89
90
81
49
9
-17
-53
-91
-82
-75
-60
-8
24
33
38
26
-14
-62
-91
-122
-135
-96
-43
14
85
125
115
110
98
55
25
7
-9
0
9
7
14
23
27
22
6
11
26
53
86
110
148
174
192
191
136
97
48
-23
-54
-93
-110
-70
-73
-56
-17
-48
-62
-60
-89
-110
-108
-94
-87
-64
-53
-69
-36
-8
-32
-14
9
4
17
17
10
21
37
46
31
20
31
26
-1
-30
-46
-48
-25
4
-44
-51
11
-28
-61
-7
19
38
87
90
53
75
94
47
-9
-67
-119
-163
-213
-211
-198
-199
-120
-60
-75
-38
-13
-49
-68
-96
-125
-105
-58
-47
-18
45
49
57
78
34
19
31
-15
-32
-14
-10
21
64
96
109
120
134
116
97
71
44
48
30
18
68
94
97
116
103
70
38
3
-24
-54
-45
-21
-25
6
37
34
35
23
-2
-6
-8
-22
-23
-1
15
6
-5
-2
-9
-26
-47
-43
-16
-14
-4
20
20
21
8
-15
-23
-35
-40
-26
-14
12
37
51
73
87
84
56
22
2
-40
-70
-96
-133
-116
-101
-86
-49
-24
19
65
60
34
14
-17
-51
-92
-102
-66
-44
-13
9
-3
13
6
-43
-57
-63
-79
-52
-29
-29
20
57
51
54
49
52
35
15
14
-2
9
35
38
42
43
38
33
5
-21
-5
2
11
17
3
24
28
8
11
-14
-36
-26
-43
-72
-54
-38
-36
-12
-10
-1
19
22
24
15
13
9
-1
12
7
-12
-1
-3
-15
0
4
29
68
77
102
110
102
107
81
65
62
44
49
57
48
43
25
10
4
-29
-27
-19
-30
-8
-10
-26
-7
-4
-28
-33
-6
-3
-28
-30
-23
-45
-60
-43
-52
-44
-18
-22
-2
20
17
27
28
23
24
6
7
23
-2
-9
0
-29
-24
-7
-29
-16
13
15
33
64
72
85
80
47
27
-8
-46
-72
-110
-115
-95
-89
-58
-23
-7
19
22
15
24
15
12
20
4
-2
3
-6
-23
-45
-53
-55
-63
-60
-56
-34
-4
-13
-11
6
-14
-33
-41
-69
-79
-67
-64
-58
-38
-14
11
27
42
49
42
47
42
12
4
18
27
34
39
38
47
42
8
-8
-16
-20
-11
-8
2
32
41
28
19
-16
-47
-42
-54
-55
-21
11
49
67
62
63
37
5
-15
-54
-68
-49
-39
-15
20
42
64
81
78
52
36
12
-16
-19
-42
-51
-13
3
7
22
15
11
0
-19
-24
-43
-41
-19
-29
-23
7
7
-5
-16
-34
-39
-35
-37
-16
15
27
33
39
29
15
4
-23
-35
-14
-4
6
29
45
47
56
54
38
38
44
31
24
32
39
49
60
54
71
80
47
57
56
-5
-16
0
-47
-56
-28
-64
-86
-55
-71
-101
-64
-35
-44
-5
23
19
59
74
40
38
40
6
3
6
-20
8
44
22
36
81
65
56
67
30
21
46
18
-3
25
22
10
24
15
13
23
-4
-17
-25
-51
-54
-58
-68
-56
-39
-22
1
20
20
18
23
17
-5
-8
-1
-1
4
-5
-21
-16
-26
-48
-58
-63
-48
-28
-32
-21
-3
-5
-3
-22
-36
-33
-40
-25
-12
6
50
73
87
115
107
85
91
64
15
4
-8
-28
-23
-13
-27
-18
-8
-25
-23
-32
-35
-17
-18
-7
15
19
27
21
-9
-24
-40
-59
-60
-58
-42
-21
-7
15
22
29
27
-6
-30
-50
-82
-86
-72
-55
-8
38
68
105
117
104
89
55
15
-7
-15
-21
-19
5
24
13
18
18
-18
-25
-31
-55
-44
-31
-23
3
16
8
-1
-11
-30
-52
-61
-56
-44
-15
4
20
50
50
41
33
-12
-33
-25
-49
-52
-20
-8
21
42
33
30
21
13
0
-24
-19
2
7
33
51
51
69
56
18
-2
-26
-45
-44
-45
-33
-4
12
23
26
3
-10
-26
-71
-88
-86
-100
-94
-79
-75
-56
-38
-35
-37
-39
-35
-42
-53
-42
-32
-14
11
26
49
68
68
67
54
33
22
8
-12
-11
0
5
23
33
21
24
22
4
2
-7
-10
2
4
8
15
14
20
24
14
13
20
27
26
24
24
19
11
4
-10
-14
-11
-12
-3
-2
-7
4
7
-14
-17
-21
-34
-25
-25
-31
-13
7
25
45
56
73
86
79
61
33
19
9
-15
-15
-8
-8
16
32
16
12
14
-21
-63
-81
-107
-125
-107
-86
-72
-37
-6
-4
-6
-10
-26
-36
-25
-26
-21
11
19
24
33
27
26
26
18
16
10
10
21
8
3
19
15
28
45
39
52
71
60
54
60
49
45
44
31
22
18
18
8
3
10
15
23
25
20
11
1
-2
-18
-40
-34
-31
-38
-33
-34
-39
-23
-26
-47
-38
-30
-38
-29
-13
-14
14
44
36
45
60
40
30
22
-7
-3
11
2
8
22
31
31
14
8
6
-7
-4
-6
-9
13
27
23
33
42
40
49
50
40
44
54
44
30
29
23
12
8
2
-10
-3
-2
-20
-26
-41
-60
-59
-65
-75
-54
-33
-22
-4
10
15
14
1
-17
-31
-42
-44
-34
-27
-20
-3
7
1
-2
-1
-12
-20
-20
-30
-41
-32
-30
-43
-29
-20
-28
-14
-9
-32
-33
-22
-32
-28
-4
10
23
42
43
20
19
17
-13
-24
-14
-23
-15
6
-3
10
39
33
39
46
32
38
42
21
14
21
17
11
5
-1
-12
-12
-11
-33
-30
-11
-16
-9
-8
-25
-12
-8
-29
-25
-14
-15
2
10
-7
-5
1
-21
-36
-39
-43
-31
-16
-19
-11
10
17
9
3
3
-3
-5
-10
-20
-13
-4
-7
0
2
-2
10
1
-14
-1
-2
1
19
12
15
27
4
-7
-6
-23
-12
7
6
32
54
58
73
67
54
57
44
32
32
18
13
10
-6
-12
-17
-30
-32
-32
-38
-32
-21
-14
-6
0
1
-2
-6
-14
-24
-25
-16
-7
3
14
22
22
18
8
-11
-21
-25
-39
-46
-44
-45
-40
-35
-37
-29
-19
-24
-25
-35
-45
-42
-46
-46
-30
-12
7
25
32
32
32
26
9
1
-2
-4
1
8
6
2
5
-2
-11
-12
-11
-4
16
31
47
69
82
85
85
73
53
42
25
-2
-8
-8
-13
-4
8
10
21
32
20
17
16
2
-7
-2
-1
-2
11
17
12
18
14
0
-2
-12
-19
-10
-13
-11
4
2
-4
-7
-21
-29
-25
-23
-16
10
33
42
50
49
28
9
-7
-35
-43
-27
-22
0
27
35
45
48
31
12
-2
-23
-30
-27
-19
6
31
49
63
64
52
39
12
-8
-14
-25
-22
-4
0
0
3
-17
-50
-73
-95
-118
-115
-99
-78
-42
-5
19
39
52
44
33
18
2
-7
-10
1
14
25
48
64
62
57
47
23
2
-16
-38
-45
-43
-46
-46
-40
-40
-39
-40
-44
-43
-33
-25
-21
-7
9
19
28
34
30
22
18
5
-10
-13
-14
-13
1
9
12
22
20
10
3
-12
-21
-15
-10
0
12
24
40
33
17
13
0
-13
-14
-19
-13
8
19
22
28
26
20
16
1
-11
-9
-4
-7
-5
3
4
10
7
-6
-14
-17
-28
-41
-50
-52
-44
-33
-23
-16
-2
11
9
-2
-11
-20
-25
-23
-25
-16
4
16
19
14
-2
-11
-19
-38
-41
-28
-15
3
15
16
23
18
3
-6
-15
-15
0
10
16
36
46
46
50
37
22
19
7
-10
-14
-17
-23
-13
-9
-14
-5
1
-6
-13
-20
-30
-38
-39
-45
-40
-25
-10
3
11
17
23
24
17
12
12
17
24
24
29
34
31
26
13
3
2
-1
-2
5
8
12
17
8
-1
-11
-27
-41
-49
-62
-61
-52
-51
-40
-26
-21
-12
-5
-17
-21
-23
-35
-39
-40
-37
-21
-3
4
20
32
34
39
33
24
25
28
29
31
35
42
49
46
34
27
18
0
-9
-18
-21
-3
5
11
33
41
41
50
39
23
25
18
4
4
2
0
12
10
9
19
20
17
8
-1
-6
-11
-19
-18
-15
-10
5
12
7
16
15
4
1
-10
-19
-17
-16
-17
-13
-3
5
4
2
1
-3
-9
-7
-10
-9
7
13
17
26
29
28
35
30
22
31
28
19
23
18
9
12
7
-3
-6
-5
-10
-12
-10
-12
-9
-2
-2
-1
4
4
9
10
6
7
10
9
9
9
6
13
6
-3
-6
-18
-24
-25
-35
-31
-20
-19
-9
-5
-10
-7
-10
-23
-25
-27
-31
-24
-23
-21
-9
-9
-8
-9
-18
-21
-26
-30
-30
-26
-25
-17
-11
-9
-6
-7
-9
-9
-6
-6
-4
6
10
8
17
19
13
17
16
8
8
7
0
2
3
7
13
17
21
23
23
18
10
5
1
-4
-9
-11
-12
-11
-10
-13
-13
-11
-11
-12
-14
-15
-13
-13
-15
-13
-10
-10
-6
-8
-13
-6
-10
-19
-14
-17
-21
-12
-12
-20
-14
-16
-25
-28
-33
-35
-31
-30
-23
-14
-1
18
30
39
48
51
51
52
44
40
39
40
38
34
34
34
28
23
16
8
4
1
-5
-8
-9
-8
-5
-6
-2
2
5
10
7
4
7
5
4
5
1
-2
-5
-13
-21
-23
-27
-24
-16
-13
-5
4
7
5
1
-7
-16
-20
-24
-25
-19
-10
-2
8
15
14
10
7
-7
-22
-26
-33
-30
-22
-17
-6
4
5
1
-5
-16
-26
-32
-41
-39
-28
-18
-6
5
14
20
22
19
12
8
6
-1
-2
3
6
8
13
11
8
7
0
-5
-4
-3
2
7
12
15
19
18
12
9
6
0
-3
-2
-2
2
5
8
13
14
20
18
13
11
8
7
5
9
9
12
14
12
10
9
8
8
9
9
12
11
10
7
-2
-8
-11
-18
-20
-21
-20
-14
-9
-6
-3
1
1
-1
-2
-2
-2
0
5
7
14
20
20
19
15
9
1
-8
-19
-27
-32
-35
-39
-38
-31
-28
-24
-21
-18
-15
-12
-11
-11
-5
0
3
8
8
9
13
11
9
7
9
8
9
9
8
13
11
9
10
9
8
9
6
3
5
3
1
1
-1
-3
-3
-6
-11
-10
-11
-13
-10
-10
-9
-5
-3
-1
1
6
9
13
18
22
28
30
31
33
36
37
38
38
35
34
31
20
15
6
-5
-10
-18
-25
-26
-28
-26
-23
-22
-18
-14
-13
-11
-12
-11
-12
-15
-12
-12
-12
-8
-7
-6
-2
-1
-3
-5
-6
-9
-14
-16
-25
-27
-26
-27
-25
-20
-15
-10
-4
1
1
4
6
5
5
6
9
11
17
20
25
32
33
31
29
26
22
19
19
17
19
23
22
24
21
18
11
5
-1
-10
-11
-13
-15
-13
-10
-8
-4
0
0
-1
-2
-3
-6
-8
-9
-9
-3
0
2
5
6
4
-1
-8
-17
-23
-29
-33
-32
-32
-26
-19
-16
-12
-9
-9
-11
-16
-17
-18
-15
-11
-7
1
6
11
14
15
13
12
10
6
5
5
7
9
12
15
17
16
13
8
1
-5
-8
-11
-8
-4
2
10
13
15
12
10
5
-1
-3
-5
0
1
5
8
9
7
2
-3
-12
-18
-23
-28
-27
-26
-22
-17
-13
-8
-7
-4
-3
-2
2
4
10
14
16
20
21
20
19
14
11
8
6
5
2
4
2
3
3
-3
-5
-8
-13
-17
-19
-22
-21
-16
-17
-13
-7
-9
-6
-4
-7
-3
0
1
7
12
17
21
24
26
25
23
18
15
14
12
10
11
12
11
10
7
2
-6
-11
-19
-24
-25
-26
-27
-26
-24
-24
-26
-26
-28
-30
-29
-26
-25
-19
-13
-6
1
7
12
14
17
17
18
21
24
28
34
38
43
46
47
45
40
34
29
25
22
21
20
21
21
21
18
8
1
-6
-15
-19
-20
-19
-15
-10
-5
-4
-4
-9
-16
-21
-27
-29
-27
-23
-15
-7
0
6
7
6
1
-5
-10
-16
-18
-17
-11
-6
0
4
5
6
2
-4
-8
-12
-14
-13
-10
-4
3
9
10
9
7
4
-3
-9
-13
-15
-12
-10
-7
-3
-1
0
-3
-7
-11
-17
-20
-22
-20
-17
-11
-5
0
3
4
5
2
-1
-2
-5
-1
2
6
14
22
27
31
32
31
30
26
25
23
23
25
25
23
22
20
15
8
3
-3
-7
-9
-9
-11
-9
-7
-8
-8
-10
-14
-14
-15
-16
-15
-12
-10
-7
-7
-9
-11
-15
-23
-29
-32
-35
-35
-31
-27
-26
-22
-24
-27
-29
-32
-32
-29
-25
-16
-5
8
17
27
32
36
36
35
33
31
35
34
38
39
39
38
35
29
20
13
6
-1
-6
-10
-10
-11
-11
-10
-9
-10
-9
-11
-15
-15
-14
-17
-16
-12
-10
-4
-2
-1
0
-1
-2
-4
-4
-2
-1
1
3
5
7
9
8
7
7
5
5
6
6
7
9
11
10
10
7
4
0
-6
-9
-13
-15
-17
-16
-18
-16
-16
-19
-17
-17
-16
-12
-10
-7
-1
2
6
9
10
8
8
5
3
4
4
8
7
10
10
12
11
9
9
8
7
8
12
15
17
21
21
23
23
22
25
23
23
22
24
22
21
19
15
12
8
3
-2
-6
-12
-14
-17
-18
-19
-20
-20
-25
-26
-29
-30
-32
-35
-34
-35
-33
-31
-29
-27
-24
-22
-19
-18
-14
-13
-9
-5
-3
2
6
12
