SAMPLES:	18338
BITSPERSAMPLE:	16
CHANNELS:	1
SAMPLERATE:	16000
NORMALIZED:	FALSE
-9
-12
-14
-18
-21
-23
-26
-28
-30
-32
-33
-32
-34
-34
-34
-35
-34
-33
-32
-31
-28
-26
-24
-22
-19
-17
-15
-11
-7
-3
0
3
6
9
11
14
15
18
19
21
23
24
24
24
23
23
23
23
21
21
19
18
18
14
13
12
10
7
6
5
3
2
0
-1
-3
-3
-3
-2
-2
-3
-3
-2
-1
-1
-1
0
1
2
3
3
4
3
3
4
4
4
4
4
3
5
4
3
3
1
1
0
1
1
0
0
-1
-1
-2
-3
-3
-3
-2
-1
-1
2
2
2
2
1
2
4
6
8
8
10
10
11
12
13
14
15
16
17
16
17
16
15
13
12
12
9
10
11
11
10
8
8
5
4
3
2
1
0
-1
-2
-4
-6
-7
-8
-8
-10
-10
-9
-11
-11
-12
-13
-13
-15
-14
-14
-14
-14
-15
-15
-14
-15
-14
-15
-16
-15
-13
-12
-12
-11
-11
-12
-10
-9
-8
-7
-8
-6
-6
-5
-5
-4
-3
-3
-2
-1
0
2
2
2
2
1
1
2
1
3
4
4
3
2
2
-1
-1
-2
-2
-1
-1
-3
-3
-3
-3
-3
-3
-3
-4
-4
-3
-3
-2
-2
-1
-1
-1
2
1
3
4
4
6
5
6
7
5
5
6
5
5
2
0
-1
-3
-5
-7
-9
-13
-13
-13
-15
-17
-20
-20
-21
-22
-21
-22
-21
-20
-20
-19
-18
-17
-14
-13
-10
-6
-5
-1
0
2
4
6
9
11
13
16
16
18
18
19
20
20
21
20
20
19
18
17
16
16
14
13
13
10
10
10
8
7
5
4
4
4
2
3
3
2
2
3
3
3
4
4
4
4
5
5
5
6
6
5
7
6
5
6
6
5
5
5
5
4
5
3
4
3
2
2
1
2
1
1
1
0
1
1
-1
0
-1
-1
0
-1
0
-1
0
-2
-2
-2
-2
-3
-3
-4
-4
-5
-5
-7
-7
-7
-8
-9
-9
-10
-10
-10
-10
-11
-13
-13
-14
-14
-15
-15
-14
-13
-14
-13
-13
-14
-13
-12
-11
-9
-8
-9
-6
-5
-4
-2
0
0
4
5
6
10
10
12
13
14
16
16
19
19
19
20
19
19
18
18
16
15
14
11
11
7
6
3
1
-1
-2
-3
-7
-9
-10
-12
-14
-14
-17
-17
-18
-18
-18
-17
-16
-16
-14
-13
-11
-9
-6
-3
-1
4
5
6
9
11
11
15
17
17
19
20
20
21
20
19
19
21
20
19
19
19
18
18
17
15
14
14
14
15
16
17
17
17
16
16
17
16
17
17
17
16
16
15
13
12
11
9
6
4
1
-4
-6
-11
-14
-16
-21
-25
-27
-31
-35
-36
-39
-42
-43
-44
-44
-44
-43
-42
-41
-38
-36
-33
-28
-23
-20
-15
-9
-4
1
6
10
15
19
23
26
27
29
30
32
30
29
29
25
23
21
17
14
11
6
2
-4
-6
-8
-14
-16
-19
-21
-24
-24
-26
-29
-29
-29
-29
-30
-26
-27
-26
-27
-24
-21
-23
-20
-14
-15
-14
-10
-11
-9
-6
-4
-4
-2
0
-2
-2
1
3
2
2
2
5
1
0
4
0
-1
1
-4
-6
-3
-6
-10
-11
-11
-10
-14
-15
-11
-12
-14
-10
-8
-9
-5
-1
-3
3
8
10
13
18
23
26
29
33
38
39
41
45
44
43
46
45
40
40
38
32
29
25
20
14
8
3
-1
-8
-14
-16
-24
-28
-29
-34
-36
-34
-37
-40
-38
-35
-34
-33
-30
-27
-24
-19
-17
-14
-12
-8
-4
-5
-2
4
3
4
6
5
6
5
3
3
2
-1
-1
-3
-6
-4
-6
-9
-7
-6
-9
-8
-5
-8
-6
-4
-6
-1
1
1
5
8
9
13
15
16
19
20
21
24
25
25
27
29
27
30
31
29
30
29
28
29
28
27
28
27
27
28
27
26
27
22
19
20
15
12
9
5
1
-1
-6
-11
-11
-17
-21
-24
-29
-32
-34
-39
-40
-40
-39
-38
-36
-35
-32
-28
-26
-22
-16
-13
-9
-2
2
8
13
16
21
25
28
33
34
35
37
37
36
35
35
32
29
26
23
22
19
15
13
10
7
6
3
1
0
-3
-6
-3
-3
-2
-2
-2
-1
0
1
0
1
1
-1
0
-1
-3
-2
-6
-10
-10
-13
-17
-18
-22
-27
-29
-34
-37
-38
-42
-44
-44
-46
-45
-43
-43
-40
-38
-37
-34
-32
-29
-26
-23
-19
-15
-11
-8
-5
-2
1
2
6
5
3
3
2
1
1
0
-1
-1
-3
-4
-3
-3
-4
-4
-5
-5
-1
-2
1
3
4
7
12
15
18
22
20
23
26
27
28
29
28
30
29
28
28
26
23
21
17
13
9
7
1
-1
-2
-6
-7
-7
-8
-9
-9
-10
-7
-8
-8
-7
-6
-6
-4
-2
-1
-1
2
1
0
2
-1
-1
-2
-6
-5
-6
-10
-8
-8
-10
-8
-7
-6
-2
-2
-2
2
4
5
8
10
13
17
21
22
26
29
28
32
32
28
30
28
23
24
20
16
17
13
9
7
3
-1
-3
-5
-10
-10
-10
-15
-14
-14
-14
-9
-8
-7
-1
0
3
8
9
10
13
14
14
15
15
16
16
13
11
11
5
2
-2
-10
-14
-17
-25
-30
-33
-38
-41
-41
-45
-47
-44
-48
-47
-46
-48
-45
-42
-43
-37
-32
-30
-25
-19
-17
-12
-7
-8
-5
-1
-1
2
3
3
7
9
9
11
12
11
15
15
13
15
16
15
17
17
16
21
23
24
28
27
26
30
28
25
27
24
22
23
19
16
15
11
8
6
0
-4
-7
-12
-16
-19
-22
-24
-24
-26
-26
-25
-24
-24
-21
-20
-18
-15
-13
-10
-6
-3
2
5
7
10
13
14
16
18
17
16
16
15
12
12
9
7
6
6
6
4
3
3
2
3
4
4
6
7
9
12
14
16
19
20
23
23
24
26
24
24
22
18
17
15
11
10
7
3
1
-2
-6
-9
-11
-14
-17
-18
-19
-21
-20
-20
-18
-17
-17
-16
-14
-13
-9
-8
-8
-7
-7
-7
-8
-8
-8
-9
-11
-12
-14
-16
-18
-20
-22
-25
-27
-28
-31
-31
-30
-31
-30
-29
-29
-27
-25
-21
-18
-16
-12
-8
-4
0
4
6
10
13
16
18
19
22
22
23
24
22
22
20
18
17
15
12
10
8
6
4
2
1
-1
-1
-3
-4
-5
-4
-5
-5
-5
-5
-5
-4
-4
-3
-2
-2
-1
0
2
4
5
6
7
8
9
11
12
12
15
15
15
15
16
14
12
10
8
8
4
2
0
-3
-7
-10
-12
-17
-18
-20
-24
-23
-25
-26
-25
-25
-25
-21
-19
-14
-9
-6
-1
4
8
12
16
19
23
27
29
31
33
31
30
30
27
25
24
18
16
13
7
4
-1
-6
-8
-13
-14
-16
-18
-19
-21
-21
-22
-22
-23
-23
-24
-23
-24
-23
-22
-22
-21
-21
-21
-19
-18
-18
-18
-16
-16
-14
-13
-11
-8
-4
-2
1
4
6
8
12
14
17
19
21
22
23
25
26
28
28
31
31
30
29
30
29
28
28
26
25
24
23
22
21
21
20
18
17
17
16
15
16
15
16
17
17
19
20
21
22
23
23
23
23
24
23
23
22
19
19
18
16
14
12
8
6
3
-1
-5
-9
-14
-16
-18
-21
-22
-24
-25
-26
-27
-30
-29
-29
-31
-29
-28
-28
-28
-28
-29
-28
-28
-28
-27
-26
-27
-26
-27
-27
-27
-27
-27
-25
-23
-23
-20
-20
-17
-16
-15
-11
-9
-7
-6
-3
-2
0
1
3
4
6
7
9
8
7
5
2
0
-4
-6
-9
-10
-11
-14
-15
-18
-20
-20
-21
-21
-20
-20
-20
-18
-15
-12
-9
-6
-3
2
6
11
15
18
21
24
27
30
34
36
37
38
38
39
39
39
37
36
34
31
28
25
21
19
15
12
11
7
4
1
-3
-5
-7
-10
-11
-13
-15
-15
-17
-18
-17
-17
-16
-15
-14
-13
-12
-10
-9
-7
-6
-3
-1
0
2
3
5
6
7
8
9
8
8
7
7
5
2
1
-2
-3
-4
-8
-10
-11
-13
-14
-15
-17
-17
-17
-18
-16
-16
-16
-14
-14
-14
-12
-10
-9
-7
-4
-4
-1
0
1
3
3
4
3
3
2
3
2
1
1
0
-1
-1
-1
-2
-3
-2
-4
-4
-3
-3
-3
-3
-2
-1
-1
2
3
5
6
7
8
9
11
12
12
14
14
16
16
17
18
18
18
18
17
18
18
19
18
18
21
21
22
22
23
23
23
24
24
24
24
24
25
24
23
22
19
17
16
14
11
9
6
4
2
-2
-5
-7
-11
-14
-16
-20
-22
-24
-26
-29
-31
-32
-34
-34
-36
-40
-40
-40
-40
-40
-41
-44
-43
-43
-45
-44
-43
-45
-43
-44
-43
-39
-39
-38
-34
-31
-29
-23
-22
-18
-13
-10
-6
0
3
4
11
11
15
21
21
22
27
25
28
35
30
31
35
26
30
32
25
29
27
21
25
21
15
22
17
12
19
13
13
20
13
14
20
13
19
23
16
23
27
22
30
30
25
33
32
31
37
35
32
35
31
29
31
25
22
21
14
11
10
4
-2
-5
-12
-16
-18
-22
-28
-31
-36
-41
-41
-45
-47
-47
-50
-49
-45
-46
-45
-42
-43
-37
-31
-31
-23
-19
-19
-10
-6
-3
7
8
11
18
20
23
28
27
28
32
30
33
33
31
31
29
27
26
26
22
20
16
11
11
7
2
-1
-6
-9
-9
-12
-16
-18
-20
-21
-24
-24
-26
-28
-27
-28
-25
-24
-26
-23
-23
-23
-18
-17
-17
-13
-12
-9
-5
-4
-3
-1
-1
1
5
4
5
5
3
5
5
3
3
1
-3
-3
-6
-9
-9
-13
-16
-17
-20
-21
-22
-24
-24
-23
-23
-21
-19
-17
-14
-11
-8
-3
-1
3
6
9
12
17
18
21
23
23
25
27
25
25
23
20
21
18
16
14
10
8
6
2
0
-2
-6
-7
-10
-13
-13
-16
-18
-17
-18
-18
-16
-17
-16
-14
-15
-13
-11
-10
-6
-3
-4
-1
2
2
6
7
8
11
13
13
17
17
18
20
19
20
21
20
20
21
19
20
20
17
17
16
12
12
9
6
5
3
0
0
-2
-4
-3
-5
-6
-6
-6
-6
-6
-6
-5
-5
-4
-1
0
2
4
7
9
10
13
14
15
16
18
18
19
20
20
20
19
16
15
13
10
8
4
2
0
-4
-8
-11
-13
-16
-17
-19
-21
-23
-24
-24
-24
-24
-24
-23
-23
-21
-18
-16
-16
-13
-11
-9
-5
-3
-2
-1
1
4
7
7
9
11
11
13
14
14
16
16
16
16
15
15
15
13
12
11
10
8
7
5
4
3
2
2
1
0
-1
-2
-3
-5
-6
-6
-8
-7
-7
-7
-6
-6
-7
-6
-3
-5
-1
-2
-1
1
0
2
4
3
5
5
3
4
6
4
3
2
0
0
-2
-3
-4
-6
-7
-8
-10
-12
-13
-15
-16
-17
-19
-19
-20
-21
-21
-21
-21
-20
-21
-20
-20
-20
-18
-18
-16
-15
-15
-13
-13
-11
-10
-9
-10
-8
-9
-8
-8
-8
-7
-7
-7
-7
-6
-5
-4
-4
-2
1
2
4
6
8
12
15
18
20
24
26
29
31
34
36
38
39
38
40
39
38
37
34
29
27
23
20
15
8
2
-2
-9
-13
-19
-24
-28
-33
-37
-39
-43
-46
-46
-45
-45
-43
-44
-40
-35
-33
-27
-23
-17
-13
-9
-5
2
5
9
12
15
16
19
19
19
18
18
17
15
13
11
9
6
4
0
-1
-4
-6
-9
-11
-14
-14
-15
-16
-17
-18
-18
-18
-16
-14
-14
-12
-11
-11
-9
-8
-6
-4
-2
-2
0
1
2
4
1
2
3
4
5
5
5
5
6
6
6
7
7
7
9
8
9
9
9
8
9
9
9
9
6
6
6
5
3
4
2
3
4
4
2
2
0
1
0
2
5
4
6
8
9
10
14
14
18
18
19
22
24
23
26
25
26
27
25
25
24
21
19
19
14
14
9
8
4
3
0
-3
-6
-8
-10
-11
-14
-16
-16
-18
-18
-17
-18
-18
-18
-19
-18
-17
-15
-15
-13
-12
-10
-9
-7
-4
-2
-2
1
1
3
4
6
7
8
9
11
11
11
11
9
10
9
9
8
7
7
5
4
3
0
0
-2
-4
-5
-5
-8
-8
-10
-11
-10
-9
-9
-8
-8
-7
-7
-5
-6
-5
-2
-2
0
1
2
4
5
4
8
9
10
11
13
11
14
13
12
13
12
11
11
9
10
8
7
7
6
4
4
5
3
4
2
2
1
1
-1
-1
-2
-2
-4
-4
-4
-3
-6
-4
-5
-6
-7
-9
-8
-10
-9
-9
-10
-11
-9
-10
-7
-6
-6
-5
-2
0
1
2
4
6
8
10
13
14
16
18
18
19
21
21
21
22
20
21
20
21
20
19
17
18
16
15
14
11
10
9
8
8
8
6
6
5
5
3
3
3
3
0
-1
-4
-7
-9
-13
-17
-22
-25
-30
-34
-38
-43
-48
-52
-58
-62
-67
-71
-72
-72
-73
-71
-72
-74
-73
-74
-70
-66
-59
-55
-50
-45
-42
-39
-33
-28
-22
-15
-7
-3
3
5
8
11
11
14
17
20
21
22
23
23
22
21
18
19
20
22
21
20
18
16
13
13
11
14
14
16
17
18
17
15
14
16
17
18
20
19
18
16
15
14
16
16
18
17
18
19
19
20
21
24
27
28
31
31
30
30
30
31
30
30
31
31
31
32
29
28
26
23
22
20
18
16
14
8
3
-3
-8
-11
-13
-13
-14
-15
-19
-21
-24
-24
-24
-24
-22
-22
-22
-25
-27
-29
-27
-27
-25
-21
-20
-20
-19
-18
-17
-15
-14
-12
-8
-6
-5
-6
-6
-6
-5
-4
-3
0
3
3
4
5
4
7
9
11
13
13
11
9
9
9
12
17
21
22
22
18
15
12
12
14
17
15
13
7
2
-3
-8
-11
-15
-17
-20
-25
-28
-29
-30
-28
-26
-27
-30
-33
-37
-37
-34
-22
-11
-1
5
10
9
6
7
13
23
33
42
48
50
47
45
42
42
43
43
43
44
40
33
28
28
25
21
15
7
-2
-12
-20
-21
-18
-17
-19
-23
-27
-36
-45
-47
-43
-36
-31
-28
-27
-26
-29
-31
-26
-18
-9
-4
-1
0
-3
-8
-5
4
13
21
25
28
24
14
5
3
6
11
16
21
20
13
2
-6
-8
-9
-12
-11
-7
-8
-13
-16
-13
-10
-12
-15
-13
-12
-17
-25
-27
-19
-8
-2
9
19
17
-2
-14
-10
2
14
26
36
43
36
20
6
5
8
4
8
21
25
5
-14
-21
-15
-4
9
20
27
17
-9
-27
-19
-6
-1
1
17
31
28
15
7
4
3
-1
2
17
26
11
-13
-22
-26
-43
-61
-57
-46
-41
-41
-31
-15
3
7
5
8
17
10
-5
-12
-12
-28
-45
-47
-32
-22
-13
-5
2
7
6
8
21
42
59
61
51
39
28
24
22
23
18
8
-13
-16
3
25
29
33
37
28
8
0
-6
-12
-9
-6
-14
-23
-33
-58
-80
-63
-23
-3
-4
-10
-27
-60
-74
-50
-3
33
48
38
11
-29
-64
-76
-47
-1
39
60
66
52
19
-17
-25
5
58
98
110
98
58
9
-11
13
43
51
52
54
33
1
-26
-53
-80
-76
-41
-4
15
14
-21
-70
-92
-77
-51
-17
17
28
13
-15
-51
-85
-88
-62
-30
-1
26
30
-3
-55
-78
-58
-6
61
130
166
143
50
-61
-101
-62
-10
31
87
123
96
46
19
14
7
-2
8
51
100
91
32
12
59
75
14
-32
-1
40
26
-4
5
47
53
-15
-65
-7
73
50
-9
-5
20
-21
-96
-119
-84
-66
-82
-78
-23
7
-35
-88
-85
-79
-104
-91
-12
55
74
52
-23
-109
-122
-102
-120
-97
-6
24
-31
-49
-22
-7
27
84
105
106
120
109
63
30
23
25
37
42
24
1
-15
-49
-72
-18
65
110
156
213
183
67
-10
-25
-27
-1
48
61
22
-41
-120
-158
-104
-29
6
48
102
90
27
3
12
-6
-20
-4
-23
-63
-51
-26
-56
-58
-23
-57
-120
-62
49
66
33
37
42
33
49
67
72
67
20
-44
-66
-71
-101
-107
-87
-87
-58
27
75
63
42
-39
-183
-226
-89
67
130
145
104
-52
-211
-241
-172
-31
157
234
153
66
-8
-138
-229
-202
-120
-33
43
84
117
129
58
-54
-126
-154
-119
5
168
248
183
56
-46
-128
-139
-34
60
68
96
120
42
-38
-43
-70
-131
-130
-85
-48
13
96
100
-23
-149
-146
-89
-83
-36
142
317
328
198
46
-104
-275
-393
-339
-136
87
211
161
-36
-241
-336
-282
-74
229
474
526
397
191
-14
-175
-232
-150
24
167
202
187
162
62
-80
-114
-77
-83
-56
37
52
17
77
132
44
-43
-2
40
14
32
108
142
133
126
66
-35
-89
-130
-196
-183
-102
-102
-162
-175
-156
-133
-55
61
148
166
115
19
-88
-165
-155
-46
92
183
181
90
-51
-219
-357
-365
-239
-76
69
177
187
83
-66
-169
-159
-30
133
238
297
314
171
-117
-298
-266
-192
-145
-11
190
265
118
-90
-175
-151
-104
-12
153
369
515
458
263
97
-43
-192
-264
-185
21
215
256
172
44
-127
-261
-257
-168
-58
49
101
98
71
29
15
37
28
7
19
12
-61
-144
-157
-132
-141
-110
-2
59
46
57
31
-68
-106
-38
61
165
268
325
232
-20
-222
-249
-214
-144
0
77
9
-92
-189
-274
-227
-14
193
288
353
376
207
-70
-213
-248
-293
-248
-84
26
-2
-78
-139
-183
-176
-60
111
214
248
225
107
-21
-21
55
130
224
267
176
50
-39
-124
-199
-266
-321
-270
-123
-25
58
186
227
157
128
142
123
121
121
67
25
31
-14
-152
-258
-243
-201
-176
-67
111
203
195
169
117
1
-110
-113
-12
101
172
174
91
8
-47
-134
-189
-131
-49
-11
8
-6
-47
-86
-123
-108
11
161
250
266
203
74
-49
-132
-176
-148
-23
85
50
-57
-154
-276
-366
-304
-166
-66
30
126
164
157
132
70
-18
-56
-20
38
98
149
123
-3
-152
-256
-273
-193
-62
74
172
163
86
53
30
-37
-65
-40
-30
-4
59
98
107
94
44
-14
-59
-71
-5
103
165
188
139
-17
-151
-177
-167
-104
43
134
96
23
-35
-89
-105
-68
-14
42
97
131
126
87
23
-43
-69
-45
11
66
74
33
-17
-84
-153
-153
-86
-5
89
162
168
164
150
59
-38
-41
-9
6
60
134
150
114
48
-46
-115
-110
-69
-41
-23
-9
-24
-76
-118
-108
-89
-98
-66
4
32
44
97
137
128
105
81
22
-57
-96
-88
-95
-107
-93
-139
-233
-251
-229
-213
-107
44
111
129
140
93
23
-20
-29
3
60
99
113
99
48
-34
-126
-188
-220
-224
-170
-84
-6
62
91
29
-44
-44
16
122
255
373
418
356
222
87
-22
-103
-100
-34
41
106
149
154
112
92
140
209
288
417
516
494
417
317
164
33
-4
23
87
182
227
167
68
11
-7
-7
74
197
235
208
163
84
-18
-91
-156
-197
-148
-64
-17
-20
-41
-86
-174
-244
-245
-190
-104
7
66
29
-18
-92
-217
-291
-266
-246
-278
-304
-328
-356
-382
-388
-357
-330
-309
-241
-138
-68
-18
-5
-102
-201
-235
-293
-373
-399
-424
-483
-488
-477
-481
-444
-401
-384
-353
-293
-243
-196
-149
-118
-98
-131
-202
-261
-279
-276
-274
-240
-169
-96
-29
73
182
232
270
306
321
351
424
487
502
534
566
529
492
535
585
606
668
747
791
827
847
840
841
857
879
906
917
913
894
818
717
653
586
504
473
472
433
375
346
332
310
289
262
208
118
30
-31
-69
-87
-117
-182
-292
-415
-523
-619
-683
-702
-677
-643
-611
-591
-625
-685
-742
-795
-832
-840
-846
-881
-919
-974
-1041
-1088
-1109
-1131
-1173
-1208
-1234
-1256
-1280
-1306
-1297
-1243
-1157
-1106
-1085
-1041
-1015
-1032
-1048
-1067
-1148
-1182
-1102
-1060
-1056
-970
-895
-957
-998
-911
-807
-687
-529
-279
288
1179
1882
2108
2152
2097
1823
1571
1576
1683
1755
1778
1553
1133
916
901
731
516
673
1038
1235
1381
1645
1804
1730
1641
1592
1535
1572
1656
1557
1285
1049
757
275
-160
-322
-358
-450
-489
-435
-421
-471
-522
-541
-534
-467
-349
-225
-134
-96
-99
-209
-398
-533
-600
-685
-727
-644
-578
-594
-593
-555
-541
-514
-391
-232
-79
115
324
449
487
506
498
589
855
1105
1192
1146
961
682
519
473
469
551
575
422
235
124
13
-99
-145
-161
-132
-74
-45
-73
-194
-368
-555
-707
-824
-903
-958
-1070
-1203
-1332
-1476
-1628
-1731
-1777
-1835
-1822
-1771
-1798
-1860
-1918
-1975
-2022
-1999
-1966
-1937
-1859
-1805
-1749
-1658
-1562
-1512
-1519
-1548
-1640
-1747
-1811
-1817
-1822
-1788
-1223
186
1922
3150
3683
3741
3287
2618
2234
2185
2288
2449
2433
1984
1472
1254
1009
490
109
292
768
1266
1952
2673
2983
2822
2523
2265
2104
2139
2221
2139
1823
1332
676
-113
-762
-1114
-1252
-1298
-1230
-1003
-796
-749
-780
-764
-769
-807
-667
-395
-181
-64
-94
-334
-712
-1036
-1252
-1379
-1380
-1247
-1075
-1015
-970
-858
-787
-720
-561
-312
-24
313
637
838
914
877
794
695
623
656
745
792
744
665
586
488
409
411
493
556
616
695
679
568
515
586
640
648
643
522
302
173
180
159
113
69
-104
-384
-593
-651
-678
-736
-730
-653
-593
-576
-541
-581
-754
-933
-1063
-1136
-1128
-1032
-967
-1004
-1094
-1194
-1283
-1370
-1355
-1215
-1093
-1045
-1041
-1076
-1195
-1350
-1461
-1475
-1326
-1119
-979
-961
-1074
-1296
-1586
-1837
-1974
-1939
-1831
-1823
-1865
-1876
-1890
-2013
-1995
-1223
437
2234
3364
3833
3802
3273
2588
2145
1975
1952
1966
1693
1069
589
420
139
-384
-592
-183
459
1151
2004
2772
3033
2860
2617
2435
2410
2543
2574
2294
1787
1184
409
-456
-1066
-1308
-1420
-1488
-1330
-1011
-735
-525
-388
-341
-297
-195
-64
100
286
324
125
-239
-656
-1052
-1391
-1628
-1736
-1719
-1631
-1539
-1440
-1311
-1125
-903
-646
-298
128
555
885
1087
1144
1055
901
778
746
786
850
883
815
684
582
520
463
446
482
505
518
556
609
608
524
441
399
338
267
244
208
159
168
123
-82
-259
-246
-156
-95
-11
55
-33
-249
-444
-614
-792
-869
-849
-917
-1080
-1176
-1235
-1321
-1311
-1139
-943
-803
-643
-412
-242
-265
-394
-555
-794
-1036
-1109
-1106
-1141
-1103
-1060
-1182
-1314
-1305
-1311
-1348
-1251
-1105
-1030
-967
-913
-929
-1019
-1137
-1265
-1369
-1465
-1571
-1667
-1787
-1935
-2087
-2151
-1738
-472
1254
2575
3272
3542
3283
2636
2155
1994
1885
1822
1774
1489
1102
943
776
238
-298
-288
135
668
1417
2292
2761
2639
2338
2093
1901
1920
2128
2145
1879
1581
1164
485
-168
-553
-834
-1044
-978
-691
-453
-345
-349
-474
-623
-644
-547
-404
-196
-44
-103
-341
-606
-870
-1111
-1273
-1348
-1320
-1181
-1026
-945
-893
-840
-843
-857
-745
-467
-105
251
512
617
633
642
630
599
636
745
805
797
785
765
696
619
559
496
441
424
460
505
489
426
385
344
265
190
106
-33
-104
-65
-72
-97
83
335
366
226
51
-198
-443
-513
-537
-627
-695
-781
-982
-1182
-1214
-1177
-1167
-1114
-948
-711
-523
-383
-287
-353
-536
-687
-740
-747
-666
-569
-643
-820
-978
-1112
-1171
-1056
-827
-681
-625
-620
-640
-649
-684
-696
-700
-745
-810
-883
-971
-1096
-1251
-1539
-1823
-1892
-1868
-1806
-1640
-1426
-1330
-1217
-637
533
1881
2764
3042
2885
2358
1801
1480
1358
1310
1321
1207
756
378
345
288
-36
-253
-8
429
942
1609
2162
2327
2183
2007
1801
1699
1873
2023
1879
1580
1331
958
405
-15
-235
-424
-611
-617
-444
-310
-222
-175
-240
-356
-326
-187
-114
-25
93
48
-171
-376
-511
-705
-923
-1053
-1153
-1233
-1230
-1166
-1133
-1099
-1019
-938
-804
-570
-239
90
313
545
795
838
706
636
609
519
562
646
568
509
508
420
284
289
359
363
388
528
769
925
938
892
700
425
276
284
312
390
513
414
144
-74
-220
-371
-470
-486
-530
-589
-624
-659
-738
-896
-1074
-1243
-1357
-1340
-1196
-1055
-1030
-1055
-1135
-1267
-1370
-1412
-1421
-1446
-1438
-1393
-1337
-1327
-1392
-1473
-1539
-1511
-1341
-1120
-936
-858
-849
-897
-1014
-1186
-1309
-1324
-1353
-1324
-1227
-1178
-1164
-1157
-1275
-1514
-1312
-183
1515
2900
3561
3750
3422
2663
2071
1900
1914
1865
1704
1235
613
323
260
-39
-487
-456
14
509
1168
1995
2541
2488
2159
1945
1833
1864
1988
1962
1569
1081
672
71
-550
-874
-1008
-1174
-1188
-853
-445
-157
34
114
56
5
110
213
314
446
454
272
0
-266
-572
-891
-1167
-1340
-1361
-1284
-1154
-1009
-888
-811
-768
-657
-423
-101
233
497
630
625
544
424
308
236
193
185
205
218
267
325
269
108
-55
-167
-165
52
360
578
677
684
566
297
130
194
310
574
1032
1242
1000
712
386
-106
-309
-191
-106
-62
27
-36
-312
-530
-649
-787
-906
-852
-627
-503
-453
-419
-509
-748
-971
-976
-937
-884
-705
-614
-828
-1128
-1271
-1493
-1752
-1776
-1703
-1686
-1643
-1467
-1339
-1372
-1314
-1213
-1267
-1310
-1132
-949
-909
-829
-766
-821
-942
-1097
-1239
-1327
-1248
-1029
-940
-953
-833
-703
-798
-903
-584
259
1329
2193
2707
2877
2644
2316
2141
1991
1911
2002
1967
1626
1349
1289
1147
808
443
270
316
556
974
1398
1644
1733
1729
1618
1546
1660
1757
1650
1433
1251
1031
708
351
-31
-426
-763
-943
-991
-907
-719
-593
-609
-690
-731
-694
-602
-456
-274
-123
-68
-115
-231
-384
-577
-787
-932
-973
-956
-879
-784
-773
-818
-842
-827
-674
-399
-68
211
451
818
1117
1092
926
861
718
539
637
754
785
930
993
792
567
548
516
414
484
716
905
924
863
688
364
117
28
27
8
39
71
-126
-366
-410
-401
-530
-635
-640
-726
-821
-857
-905
-1073
-1311
-1467
-1600
-1699
-1597
-1393
-1363
-1442
-1450
-1557
-1710
-1664
-1461
-1297
-1263
-1268
-1276
-1327
-1381
-1311
-1202
-1224
-1205
-1070
-962
-803
-534
-393
-493
-591
-562
-555
-618
-603
-531
-584
-670
-660
-668
-649
-456
-179
15
161
310
352
325
676
1556
2345
2687
2845
2736
2250
1794
1550
1339
1168
1130
1071
837
660
725
716
408
247
436
651
939
1396
1703
1685
1508
1298
1011
771
755
825
722
539
473
310
-13
-253
-404
-553
-619
-540
-389
-232
-95
-51
-132
-239
-236
-162
-101
-48
-39
-109
-254
-471
-648
-715
-792
-847
-764
-642
-523
-339
-225
-259
-277
-237
-183
-59
148
347
424
371
311
264
174
135
179
210
255
319
327
282
235
229
228
196
164
215
283
279
400
689
851
722
467
162
-189
-244
-35
51
89
198
117
-200
-392
-426
-543
-686
-729
-643
-559
-502
-442
-573
-850
-1044
-1131
-1191
-1107
-816
-623
-678
-814
-983
-1249
-1470
-1452
-1304
-1110
-870
-689
-637
-718
-888
-1074
-1250
-1296
-1057
-706
-471
-322
-301
-463
-709
-931
-1063
-1113
-1109
-920
-618
-561
-662
-731
-990
-1298
-1225
-939
-772
-558
-297
-301
-452
-433
-438
-599
-325
652
1660
2326
2859
3050
2592
1976
1711
1578
1423
1509
1653
1355
1011
1078
984
471
168
244
328
597
1263
1896
2092
1991
1874
1609
1294
1377
1602
1480
1247
1135
819
285
-119
-407
-725
-976
-923
-684
-529
-368
-200
-271
-481
-522
-456
-410
-327
-230
-192
-284
-426
-532
-698
-919
-1062
-1094
-1100
-1012
-815
-664
-603
-639
-601
-310
79
349
535
749
811
731
704
632
539
566
601
451
355
561
745
693
602
603
549
442
502
617
607
540
446
261
40
-14
8
-93
-199
-141
-52
-118
-182
-194
-324
-534
-691
-811
-952
-1030
-1048
-1137
-1255
-1300
-1331
-1442
-1524
-1490
-1444
-1417
-1383
-1294
-1164
-1093
-1134
-1201
-1194
-1170
-1135
-1072
-1044
-1064
-1067
-990
-898
-815
-741
-757
-840
-731
-364
-189
-423
-737
-847
-806
-780
-723
-684
-753
-707
-516
-495
-512
-219
-57
-316
-436
-230
-6
76
117
471
1255
2122
2701
2899
2698
2362
2108
1773
1526
1579
1688
1538
1163
937
957
875
527
274
300
467
846
1299
1583
1704
1726
1574
1208
955
998
1040
881
729
704
549
255
-53
-391
-686
-820
-775
-695
-589
-391
-248
-292
-441
-507
-558
-638
-630
-539
-446
-427
-469
-599
-795
-941
-995
-990
-974
-820
-535
-360
-290
-206
-154
-180
-140
-27
70
238
456
669
826
866
779
536
195
-24
41
213
340
502
587
516
417
368
286
163
266
699
1140
1315
1300
1082
539
32
-156
-282
-370
-234
-119
-311
-481
-423
-494
-787
-957
-898
-829
-701
-434
-337
-533
-830
-1116
-1427
-1683
-1667
-1519
-1577
-1752
-1715
-1602
-1604
-1459
-1197
-1067
-1011
-883
-720
-648
-623
-611
-765
-1069
-1142
-848
-600
-505
-464
-627
-983
-1165
-993
-731
-602
-528
-373
-224
-293
-435
-496
-588
-663
-510
-204
72
370
544
385
42
-197
-254
-231
14
747
1627
2171
2482
2651
2411
1972
1725
1599
1504
1545
1616
1487
1229
1096
946
452
-57
-147
-27
183
649
1154
1337
1267
1151
978
836
900
1093
1096
911
829
724
391
-38
-413
-772
-1089
-1157
-986
-773
-580
-405
-378
-540
-574
-402
-255
-134
49
194
184
102
24
-113
-333
-543
-641
-695
-652
-449
-298
-145
157
410
502
597
691
790
982
1024
882
821
751
630
520
433
427
454
394
286
179
113
191
247
159
152
190
136
70
8
-32
-92
-229
-371
-474
-547
-555
-586
-722
-813
-855
-950
-1010
-1047
-1087
-1115
-1208
-1343
-1424
-1460
-1447
-1414
-1435
-1457
-1461
-1515
-1558
-1578
-1621
-1600
-1519
-1472
-1361
-1124
-920
-791
-706
-729
-838
-853
-670
-393
-174
-31
59
50
-96
-353
-618
-685
-622
-682
-667
-417
-238
-248
-271
-346
-501
-483
-265
-107
-4
246
427
339
548
1364
2133
2449
2563
2505
2157
1864
1916
1985
1791
1593
1391
842
346
414
537
312
143
191
222
331
722
1144
1248
1188
1218
1161
1053
1249
1483
1323
993
738
438
124
-61
-174
-364
-588
-678
-672
-654
-496
-263
-195
-210
-156
-101
-21
107
171
155
66
-80
-212
-338
-463
-542
-624
-725
-763
-761
-718
-518
-231
-49
22
80
135
207
372
542
590
619
678
622
500
502
535
415
263
215
212
216
267
295
216
109
62
30
-33
-36
37
12
-132
-232
-232
-182
-132
-142
-204
-297
-408
-503
-603
-751
-873
-980
-1136
-1235
-1208
-1147
-1116
-1141
-1229
-1331
-1406
-1422
-1361
-1256
-1162
-1126
-1182
-1254
-1264
-1237
-1182
-1133
-1107
-1031
-908
-870
-967
-1051
-1021
-900
-711
-493
-357
-310
-208
-186
-367
-486
-514
-705
-964
-1037
-898
-626
-434
-448
-489
-479
-335
7
296
416
503
605
859
1460
2265
2934
3171
2909
2492
2112
1760
1637
1666
1541
1330
1139
884
710
687
582
306
10
-45
244
664
1112
1509
1610
1430
1255
1085
926
970
1052
951
727
472
235
-12
-289
-531
-750
-960
-1007
-882
-748
-540
-330
-320
-415
-474
-459
-356
-239
-158
-108
-123
-164
-208
-324
-437
-494
-645
-794
-805
-749
-616
-436
-347
-362
-352
-192
71
259
384
537
606
670
835
896
832
757
593
350
184
181
275
262
114
-18
-169
-287
-51
481
944
1200
1249
1016
533
196
145
68
-23
66
58
-198
-394
-515
-754
-1042
-1233
-1313
-1307
-1108
-703
-408
-390
-491
-696
-1038
-1296
-1277
-1129
-1099
-1166
-1250
-1431
-1594
-1546
-1525
-1612
-1554
-1416
-1343
-1222
-1040
-881
-771
-730
-730
-731
-669
-476
-313
-317
-355
-423
-542
-509
-336
-261
-332
-473
-661
-869
-941
-811
-690
-666
-591
-579
-672
-570
-266
-43
74
134
140
306
865
1706
2421
2782
2866
2728
2427
2211
2176
2181
2146
1968
1574
1124
830
684
502
201
-125
-321
-330
-118
278
691
994
1140
1101
1000
1003
1108
1236
1296
1206
1017
834
610
325
43
-261
-572
-848
-1052
-1092
-963
-763
-586
-510
-537
-536
-514
-493
-356
-143
41
213
286
180
-16
-188
-318
-433
-521
-498
-406
-383
-366
-315
-272
-153
65
301
513
648
719
748
675
595
624
601
534
570
567
456
387
317
187
73
14
-14
-32
-13
66
97
34
21
47
19
-15
-51
-125
-215
-298
-348
-397
-489
-577
-658
-787
-884
-908
-916
-893
-865
-865
-868
-902
-941
-954
-1016
-1116
-1183
-1246
-1293
-1273
-1230
-1176
-1134
-1162
-1181
-1186
-1179
-1093
-996
-937
-857
-761
-658
-535
-462
-390
-278
-292
-369
-354
-316
-251
-115
-60
-159
-291
-394
-449
-467
-434
-302
-171
-90
48
211
291
311
302
195
79
213
672
1212
1677
2078
2254
2122
1919
1760
1593
1497
1553
1626
1582
1509
1495
1429
1228
996
724
368
117
84
118
182
314
397
319
171
96
109
169
273
406
467
457
462
437
359
324
334
301
232
156
57
-67
-201
-317
-416
-511
-554
-557
-592
-620
-607
-615
-626
-592
-549
-497
-396
-255
-113
-12
56
99
80
30
19
17
22
62
57
-16
-84
-124
-150
-168
-171
-172
-196
-193
-130
-43
50
131
140
61
-68
-159
-140
-82
-26
57
75
-8
-82
-114
-135
-112
-58
-15
-20
-67
-98
-122
-159
-158
-144
-163
-154
-105
-71
-62
-77
-121
-194
-285
-333
-322
-304
-291
-287
-317
-354
-366
-361
-348
-328
-311
-285
-241
-200
-175
-166
-184
-221
-240
-234
-195
-151
-143
-185
-269
-378
-450
-475
-511
-517
-468
-447
-454
-458
-493
-522
-476
-402
-334
-253
-171
-95
-33
9
53
79
70
57
43
26
45
70
65
70
72
55
49
47
53
86
112
140
212
290
326
337
327
308
303
315
361
422
457
464
464
467
478
511
573
651
721
771
812
837
838
810
760
701
651
652
690
712
716
697
621
505
415
346
278
241
251
282
311
334
329
270
173
61
-34
-87
-93
-60
-26
-52
-143
-252
-369
-476
-534
-560
-599
-639
-676
-721
-771
-803
-823
-844
-842
-800
-741
-681
-610
-541
-494
-464
-436
-396
-357
-310
-230
-140
-78
-27
19
33
33
56
101
168
270
389
483
529
554
557
517
459
431
427
416
415
417
400
367
315
261
216
179
160
186
227
251
271
245
139
16
-82
-167
-239
-275
-293
-326
-375
-422
-478
-564
-642
-673
-688
-682
-635
-581
-552
-532
-514
-514
-527
-531
-521
-509
-480
-425
-377
-361
-360
-377
-410
-440
-446
-407
-310
-186
-59
51
115
154
208
260
316
389
454
505
563
599
600
569
510
448
404
386
412
443
438
416
365
293
254
242
239
267
302
299
260
196
122
62
26
24
43
76
137
201
235
263
274
255
242
250
238
208
172
129
77
21
-32
-68
-90
-99
-83
-47
-12
36
96
134
155
185
221
273
338
385
395
358
276
172
73
-6
-56
-89
-121
-146
-161
-179
-199
-213
-220
-235
-249
-230
-193
-182
-173
-176
-221
-288
-353
-417
-444
-437
-425
-403
-383
-367
-335
-302
-258
-179
-97
-40
9
40
61
69
48
17
-2
-24
-55
-76
-95
-111
-126
-155
-182
-177
-140
-80
-17
32
70
113
140
147
155
164
159
171
205
221
221
230
221
167
100
58
17
-19
-14
-6
-31
-49
-47
-62
-67
-48
-52
-91
-116
-110
-92
-64
-33
-24
-46
-77
-109
-150
-157
-132
-100
-74
-56
-42
-40
-54
-68
-83
-107
-103
-52
3
62
119
144
142
131
105
81
82
98
119
143
153
156
146
118
77
52
49
49
53
74
118
163
207
248
273
287
312
333
338
340
328
289
253
229
197
154
116
82
57
50
52
51
41
32
29
35
52
71
76
57
32
-7
-54
-81
-96
-123
-142
-155
-177
-191
-202
-227
-244
-246
-237
-217
-197
-176
-170
-189
-219
-243
-270
-278
-275
-283
-292
-310
-320
-309
-302
-288
-251
-213
-171
-101
-25
42
99
133
155
159
144
147
157
141
128
127
113
102
87
45
-5
-40
-54
-46
-23
-1
0
-16
-29
-38
-52
-50
-27
3
36
63
76
75
76
71
61
62
80
97
99
86
61
41
38
24
-1
-16
-18
-9
12
37
52
55
47
38
29
23
28
45
76
114
129
127
122
106
69
29
-9
-36
-40
-35
-37
-37
-38
-39
-22
7
30
52
91
128
141
130
98
42
-11
-52
-95
-130
-132
-113
-124
-161
-190
-222
-251
-223
-155
-80
3
86
148
187
208
212
199
180
186
195
182
183
182
140
96
72
37
10
12
12
18
34
41
34
23
18
10
-1
-1
4
4
12
13
-27
-57
-74
-112
-149
-162
-174
-179
-181
-202
-232
-258
-286
-302
-298
-260
-201
-140
-94
-65
-68
-86
-102
-120
-129
-121
-104
-77
-33
4
17
17
12
11
22
52
101
150
201
254
287
290
290
277
257
255
257
248
234
201
145
85
31
-12
-36
-45
-18
26
34
31
33
16
18
43
51
60
84
82
61
44
27
10
-21
-58
-72
-86
-106
-115
-130
-142
-129
-116
-99
-64
-36
-18
-17
-37
-41
-33
-53
-56
-40
-36
-17
27
55
72
78
76
69
70
89
123
139
150
165
159
141
127
101
70
38
13
5
-1
-12
-9
-10
-33
-51
-67
-86
-89
-74
-58
-49
-61
-78
-82
-94
-94
-64
-47
-49
-53
-74
-110
-130
-139
-151
-172
-180
-157
-122
-96
-59
-35
-41
-36
-18
-10
-3
10
16
3
-29
-51
-64
-94
-117
-119
-127
-128
-92
-44
-5
37
78
95
88
94
112
120
121
128
128
121
110
83
41
-8
-52
-87
-114
-110
-87
-81
-80
-75
-63
-28
23
63
100
145
179
201
216
222
211
173
133
99
57
27
10
-25
-60
-70
-84
-107
-116
-117
-115
-104
-71
-31
-6
9
20
13
-5
-12
-12
-20
-21
-14
-24
-59
-93
-119
-143
-143
-105
-57
-19
16
41
52
51
46
52
75
108
147
182
196
196
188
158
121
93
76
64
49
41
47
42
29
26
21
26
45
54
49
54
63
69
76
67
46
13
-27
-49
-52
-70
-96
-120
-154
-183
-194
-196
-194
-187
-177
-164
-151
-133
-102
-82
-74
-55
-41
-46
-52
-45
-47
-67
-84
-90
-102
-105
-90
-81
-80
-64
-50
-49
-39
-7
24
43
57
61
50
35
30
33
32
36
49
58
64
78
84
78
83
98
108
118
129
131
116
92
80
74
62
48
34
9
-24
-51
-73
-92
-97
-85
-73
-69
-53
-27
-21
-26
-12
1
-2
7
33
47
53
73
77
52
37
48
44
29
33
23
-20
-58
-72
-90
-110
-106
-96
-107
-110
-101
-107
-116
-106
-97
-100
-90
-58
-33
-23
-12
-4
-11
-10
3
12
23
42
52
55
65
75
78
79
87
102
123
146
157
149
140
138
128
112
107
105
101
99
95
77
41
14
-1
-14
-2
39
64
67
68
53
25
5
-6
-22
-40
-50
-50
-52
-51
-45
-58
-83
-100
-120
-142
-139
-115
-101
-87
-69
-59
-59
-47
-29
-28
-21
-11
-18
-20
0
12
10
8
15
19
8
8
26
36
44
60
60
46
39
34
23
21
33
46
50
42
35
15
-19
-46
-57
-70
-76
-62
-39
-22
-13
-8
-14
-33
-44
-39
-40
-48
-42
-35
-36
-32
-21
-29
-47
-61
-80
-103
-128
-135
-132
-127
-112
-87
-71
-60
-48
-50
-51
-34
-10
13
36
65
88
103
108
105
94
88
88
80
71
73
69
49
31
16
-1
-11
-13
-16
-24
-27
-15
-6
2
28
48
41
29
25
17
20
40
55
46
25
6
-28
-70
-83
-79
-84
-81
-64
-58
-59
-46
-35
-34
-19
18
58
91
121
140
124
90
64
39
13
10
18
16
6
-5
-25
-45
-51
-40
-29
-16
11
42
71
106
133
141
144
142
131
121
111
96
72
45
16
-22
-54
-71
-90
-109
-110
-106
-107
-99
-80
-69
-60
-40
-25
-27
-21
7
25
25
31
31
-1
-27
-39
-52
-59
-41
-25
-35
-48
-48
-61
-88
-96
-92
-95
-82
-52
-36
-34
-26
-22
-36
-49
-45
-35
-23
-2
28
43
50
54
45
30
23
22
17
13
9
0
-17
-38
-57
-70
-81
-82
-69
-44
-13
8
18
27
35
43
54
65
73
83
91
88
79
71
61
45
24
8
-1
-3
-1
-2
-19
-44
-66
-87
-104
-104
-92
-82
-77
-67
-55
-49
-35
-20
-21
-26
-34
-48
-60
-49
-21
5
26
48
53
47
48
57
57
56
62
60
51
49
51
42
30
25
9
-9
-10
4
16
30
50
64
71
78
87
89
92
103
110
107
103
96
77
61
54
48
39
23
9
-1
-13
-23
-30
-39
-41
-35
-33
-32
-27
-25
-26
-35
-46
-46
-48
-58
-64
-64
-62
-61
-61
-68
-77
-72
-50
-27
-6
20
37
38
33
33
33
34
45
59
62
58
57
52
35
19
1
-27
-52
-61
-66
-71
-69
-60
-60
-63
-54
-37
-24
-14
-2
5
13
34
59
71
72
64
40
11
-2
1
9
14
20
23
22
23
22
13
1
-4
-11
-20
-21
-15
-12
-7
1
2
-4
-11
-14
-20
-21
-7
13
31
51
65
64
54
46
31
7
-12
-22
-34
-49
-56
-65
-80
-91
-95
-101
-102
-90
-75
-63
-48
-32
-20
-13
-4
8
19
30
43
47
40
34
26
10
-3
-10
-19
-29
-32
-22
-6
15
40
54
56
62
72
72
74
79
69
49
29
9
-12
-25
-38
-53
-66
-66
-55
-47
-32
-9
10
24
42
61
72
74
63
36
-1
-25
-39
-54
-69
-78
-91
-110
-120
-120
-120
-109
-82
-50
-16
26
69
98
108
110
104
89
82
91
99
103
108
97
71
37
10
-7
-8
15
50
72
85
91
84
70
50
25
0
-11
-12
-6
-3
-7
-22
-46
-68
-80
-79
-70
-56
-47
-43
-39
-35
-32
-32
-39
-47
-52
-57
-56
-49
-43
-34
-29
-29
-28
-25
-22
-20
-22
-27
-30
-27
-19
-7
2
12
15
14
12
10
9
12
13
14
21
33
38
41
40
34
21
5
-5
-12
-19
-16
-11
-13
-6
4
7
10
22
36
45
52
63
68
67
71
75
62
42
22
-7
-40
-59
-69
-77
-83
-77
-67
-60
-49
-29
-12
2
20
34
35
31
28
16
-2
-25
-49
-75
-103
-120
-124
-121
-112
-99
-86
-76
-66
-47
-21
7
39
70
89
96
100
94
74
48
26
5
-8
-11
0
12
25
41
56
67
82
99
109
117
125
129
126
123
119
107
87
65
37
11
-7
-21
-34
-38
-28
-14
3
21
32
32
24
15
-1
-14
-18
-23
-39
-56
-75
-97
-116
-123
-117
-108
-90
-67
-53
-48
-40
-32
-33
-33
-30
-32
-38
-42
-53
-74
-97
-118
-135
-144
-140
-128
-114
-96
-77
-58
-38
-10
18
45
70
88
99
110
124
133
135
131
119
99
82
71
64
61
62
57
45
36
33
25
19
17
10
0
-6
-3
2
9
17
17
7
-4
-9
-17
-19
-12
-4
-2
-3
-2
-7
-14
-21
-31
-45
-57
-61
-61
-59
-55
-47
-42
-35
-22
-5
12
24
32
29
21
14
9
5
-1
-7
-17
-32
-50
-66
-79
-84
-81
-72
-59
-43
-26
-10
7
21
32
42
52
60
66
70
67
56
43
31
17
6
3
5
6
9
21
30
35
40
42
38
37
44
51
52
55
58
54
48
47
44
38
37
44
47
44
43
40
29
23
22
18
11
7
1
-10
-18
-24
-33
-41
-45
-47
-51
-53
-55
-61
-67
-68
-68
-63
-54
-46
-42
-37
-32
-33
-35
-36
-39
-41
-32
-15
0
12
21
20
13
11
13
15
18
23
21
14
9
6
-3
-11
-16
-18
-14
-1
19
35
47
54
52
42
33
32
30
32
35
35
30
19
8
-8
-24
-37
-46
-50
-43
-26
-9
7
19
25
29
37
49
59
67
70
62
43
23
2
-21
-40
-53
-65
-72
-71
-63
-55
-42
-26
-14
-6
2
13
19
30
42
50
53
50
41
22
2
-20
-40
-59
-73
-78
-82
-83
-79
-73
-67
-54
-35
-13
8
25
39
50
56
60
64
66
65
61
57
51
48
43
36
32
32
39
47
53
60
63
60
55
55
59
70
80
88
88
82
74
64
55
55
57
56
57
60
61
55
45
35
25
16
10
4
-3
-11
-25
-45
-63
-73
-79
-84
-83
-80
-77
-77
-76
-79
-80
-81
-80
-85
-87
-89
-93
-101
-105
-105
-103
-105
-105
-100
-94
-88
-79
-68
-57
-46
-37
-29
-15
4
20
32
40
46
45
42
43
50
60
67
71
73
70
63
52
47
43
45
45
42
33
22
10
2
-2
-3
-2
0
-1
-6
-8
-4
-8
-16
-21
-25
-30
-39
-46
-52
-62
-72
-84
-101
-113
-122
-127
-132
-133
-132
-136
-143
-144
-140
-134
-131
-126
-122
-115
-107
-106
-113
-118
-126
-133
-125
-97
-60
-33
-33
-46
-59
-54
-18
29
87
153
197
201
197
208
224
239
269
309
340
365
390
394
372
337
296
266
265
298
326
306
265
221
182
173
192
217
222
171
103
60
25
10
9
-15
-46
-83
-122
-142
-168
-193
-206
-234
-256
-234
-188
-135
-101
-106
-138
-172
-188
-174
-152
-124
-90
-69
-59
-59
-57
-33
-15
-11
-20
-27
-9
16
38
65
70
49
24
-13
-32
-25
-20
-13
-13
-18
-13
-22
-49
-75
-98
-113
-108
-103
-101
-105
-118
-116
-94
-76
-67
-68
-69
-67
-62
-53
-36
-15
-4
-17
-40
-54
-43
-16
-7
-24
-43
-70
-92
-95
-83
-54
-28
-18
-11
-8
-8
12
32
40
58
83
99
104
100
101
99
89
79
63
41
29
27
27
29
39
46
40
20
2
-2
18
52
83
109
120
120
129
139
142
134
112
89
73
70
90
110
115
110
88
57
41
49
64
74
76
68
55
37
21
9
-1
-9
-15
-23
-29
-28
-26
-36
-50
-58
-61
-64
-68
-66
-54
-38
-21
-8
-15
-27
-38
-59
-79
-80
-78
-77
-80
-80
-83
-93
-99
-97
-110
-128
-132
-133
-133
-111
-81
-65
-58
-63
-89
-126
-149
-148
-130
-107
-83
-74
-85
-110
-132
-157
-162
-133
-89
-41
12
45
45
27
2
-20
-15
18
70
118
156
193
219
227
232
219
195
196
236
292
344
383
401
388
352
305
275
275
301
345
373
372
359
334
283
228
199
214
263
314
342
336
291
241
205
182
185
220
252
263
253
233
213
205
204
203
196
200
206
204
192
175
144
106
79
63
54
71
100
86
33
-21
-72
-105
-115
-113
-124
-154
-198
-261
-348
-419
-449
-476
-515
-551
-589
-646
-713
-781
-839
-883
-913
-944
-991
-1043
-1082
-1120
-1179
-1266
-1363
-1444
-1486
-1482
-1454
-1444
-1480
-1565
-1681
-1783
-1824
-1765
-1631
-1512
-1457
-1416
-1258
-866
-285
282
683
893
986
1072
1288
1738
2398
3086
3562
3683
3505
3276
3203
3309
3508
3704
3781
3635
3255
2741
2237
1855
1613
1402
1112
749
375
0
-402
-810
-1176
-1485
-1723
-1880
-1955
-1935
-1835
-1747
-1761
-1860
-1924
-1838
-1564
-1122
-593
-142
104
163
181
312
627
1089
1549
1854
1947
1863
1686
1549
1566
1705
1802
1750
1556
1259
917
622
412
251
103
-47
-234
-456
-644
-761
-870
-1018
-1166
-1266
-1288
-1198
-1017
-858
-782
-770
-811
-877
-864
-691
-405
-138
19
19
-124
-296
-375
-342
-254
-171
-164
-309
-600
-905
-1098
-1193
-1270
-1384
-1558
-1787
-2011
-2144
-2199
-2254
-2314
-2372
-2478
-2624
-2685
-2625
-2552
-2512
-2465
-2437
-2442
-2395
-2320
-2284
-2051
-1283
-177
640
876
764
625
719
1254
2177
3236
4214
4797
4630
3895
3377
3556
4167
4774
5131
5100
4644
3923
3145
2483
2184
2301
2395
2030
1327
650
99
-407
-856
-1217
-1458
-1551
-1623
-1827
-2053
-2117
-2107
-2222
-2417
-2434
-2149
-1647
-1161
-906
-848
-815
-718
-580
-341
146
795
1278
1394
1206
963
933
1157
1444
1633
1765
1801
1601
1229
915
799
850
928
881
692
504
449
419
290
164
172
226
214
219
309
439
577
646
545
420
521
795
1005
1132
1284
1378
1326
1200
1113
1130
1282
1477
1507
1301
1052
888
703
486
351
291
166
-67
-388
-777
-1082
-1214
-1326
-1552
-1786
-1936
-2067
-2243
-2394
-2469
-2482
-2450
-2422
-2449
-2505
-2482
-2406
-2393
-2394
-2289
-2154
-2107
-2084
-2018
-1933
-1858
-1804
-1865
-2040
-2164
-2202
-2274
-2378
-2387
-2403
-2601
-2702
-2229
-1310
-594
-478
-822
-1224
-1240
-650
269
1175
1970
2425
2182
1470
1127
1590
2455
3184
3517
3361
2865
2361
2013
1767
1749
2043
2203
1806
1104
552
204
-80
-347
-639
-930
-1069
-1128
-1350
-1657
-1796
-1804
-1885
-1986
-1869
-1489
-1011
-646
-553
-626
-544
-181
313
816
1351
1820
2025
1973
1850
1873
2216
2730
3060
3047
2849
2624
2385
2211
2188
2251
2297
2197
1873
1442
1137
1079
1096
1000
840
691
534
358
220
182
220
293
314
216
132
180
285
331
335
408
576
767
901
925
907
970
1138
1311
1390
1422
1434
1329
1096
887
803
811
790
615
240
-206
-556
-820
-1054
-1236
-1385
-1597
-1914
-2284
-2587
-2749
-2757
-2704
-2737
-2855
-2946
-2986
-3046
-3103
-3053
-2911
-2778
-2652
-2554
-2477
-2347
-2201
-2125
-2104
-1996
-1771
-1584
-1513
-1511
-1517
-1503
-1524
-1590
-1650
-1681
-1673
-1725
-1682
-1130
-100
740
755
163
-244
-1
880
2015
2980
3628
3807
3403
2712
2473
3202
4396
5117
5024
4403
3713
3183
2860
2731
2714
2753
2580
1852
846
157
-119
-360
-825
-1360
-1742
-1912
-1982
-2215
-2598
-2837
-2893
-2939
-2998
-2813
-2267
-1753
-1609
-1767
-1920
-1708
-1103
-405
131
502
783
842
694
716
1119
1773
2347
2491
2256
1977
1894
1974
2062
2176
2302
2259
1954
1482
1129
1061
1115
1082
848
520
313
170
-36
-247
-344
-337
-394
-566
-744
-815
-733
-655
-730
-864
-914
-830
-726
-742
-775
-706
-616
-615
-688
-722
-676
-593
-567
-681
-822
-866
-932
-1120
-1373
-1583
-1707
-1818
-1974
-2154
-2321
-2475
-2667
-2906
-3117
-3200
-3121
-2996
-2933
-2910
-2909
-2938
-2977
-2992
-2916
-2678
-2341
-2063
-1903
-1787
-1654
-1525
-1428
-1308
-1056
-692
-387
-255
-251
-289
-297
-225
-109
17
133
225
549
1397
2499
3096
2818
2200
2009
2580
3740
4972
5858
6211
5928
5143
4450
4630
5754
6893
7184
6582
5563
4654
4146
4034
4089
4105
3947
3283
2074
956
438
326
145
-314
-927
-1500
-1889
-2157
-2502
-2793
-2844
-2810
-2876
-2943
-2748
-2355
-2108
-2072
-2082
-1922
-1424
-748
-201
91
265
448
563
717
1133
1728
2246
2447
2302
2070
2027
2265
2604
2806
2872
2804
2550
2204
1998
2105
2373
2516
2412
2044
1618
1407
1389
1455
1574
1690
1679
1455
1185
1043
1044
1174
1307
1386
1471
1553
1591
1488
1288
1238
1363
1538
1689
1754
1709
1523
1247
982
811
856
974
852
473
-30
-497
-822
-1014
-1114
-1240
-1450
-1767
-2263
-2789
-3096
-3146
-3070
-3054
-3125
-3253
-3456
-3653
-3826
-3929
-3814
-3533
-3287
-3195
-3226
-3282
-3348
-3344
-3203
-3001
-2752
-2531
-2479
-2580
-2717
-2750
-2705
-2687
-2677
-2701
-2808
-2957
-3023
-2686
-1791
-789
-457
-1019
-1731
-1766
-990
240
1349
1948
2018
1624
998
736
1397
2705
3627
3545
2761
1936
1552
1624
1871
2042
2008
1710
1036
146
-393
-358
-204
-405
-932
-1459
-1756
-1807
-1828
-2046
-2285
-2282
-2193
-2190
-2109
-1784
-1394
-1260
-1375
-1424
-1122
-441
275
651
725
769
915
1110
1411
1944
2538
2883
2850
2569
2395
2590
3036
3408
3502
3403
3224
2970
2723
2622
2726
2892
2852
2531
2085
1756
1650
1630
1558
1431
1268
1065
843
678
645
720
782
712
554
482
559
692
790
815
841
955
1107
1221
1312
1411
1472
1432
1356
1358
1440
1520
1460
1211
877
607
485
430
322
181
-26
-387
-827
-1168
-1309
-1296
-1238
-1278
-1514
-1813
-2035
-2220
-2353
-2341
-2216
-2098
-2085
-2170
-2276
-2328
-2270
-2139
-2021
-1926
-1844
-1799
-1826
-1889
-1872
-1798
-1773
-1788
-1840
-1935
-2083
-2143
-1722
-719
288
518
-139
-876
-885
-24
1244
2256
2780
2835
2366
1645
1410
2178
3476
4248
4019
3131
2266
1914
1999
2168
2230
2153
1827
1053
105
-376
-332
-271
-573
-1176
-1742
-2017
-2067
-2206
-2568
-2819
-2802
-2793
-2858
-2790
-2519
-2269
-2279
-2424
-2421
-2071
-1416
-882
-737
-752
-654
-433
-197
142
635
1031
1158
1033
832
903
1311
1723
1859
1752
1595
1402
1171
1064
1147
1327
1396
1168
697
239
31
57
99
97
61
-116
-426
-726
-886
-834
-620
-434
-443
-549
-533
-405
-260
-113
29
214
442
638
795
951
1104
1189
1169
1151
1263
1478
1619
1537
1260
916
655
575
587
578
500
242
-234
-759
-1103
-1161
-1028
-914
-1003
-1299
-1641
-1922
-2093
-2117
-2030
-1867
-1717
-1734
-1913
-2102
-2164
-2069
-1899
-1737
-1629
-1572
-1543
-1609
-1745
-1798
-1712
-1561
-1493
-1559
-1670
-1805
-1738
-1106
-42
777
784
178
-297
-53
1007
2330
3227
3545
3375
2831
2336
2524
3579
4746
5127
4633
3743
3054
2920
3163
3371
3332
3081
2554
1668
867
614
670
565
126
-514
-1071
-1373
-1515
-1770
-2165
-2375
-2379
-2408
-2456
-2392
-2246
-2211
-2325
-2390
-2223
-1741
-1102
-734
-751
-832
-745
-499
-142
338
833
1107
1096
886
707
869
1327
1717
1817
1682
1473
1255
1086
1078
1207
1332
1314
1011
509
90
-71
-50
-40
-82
-178
-441
-817
-1131
-1268
-1168
-917
-735
-776
-928
-967
-911
-845
-667
-347
-7
247
378
433
501
662
882
1015
1115
1314
1473
1409
1170
929
766
669
650
616
452
221
-69
-513
-952
-1145
-1122
-1101
-1204
-1408
-1698
-1992
-2153
-2228
-2255
-2186
-2102
-2128
-2259
-2340
-2279
-2171
-2045
-1911
-1862
-1837
-1775
-1733
-1727
-1671
-1516
-1392
-1400
-1426
-1463
-1510
-1508
-1461
-1116
-280
626
935
490
-57
-9
730
1841
2778
3228
3283
3021
2625
2543
3150
4228
4919
4736
4044
3387
3136
3286
3474
3460
3254
2902
2288
1480
1001
971
924
595
29
-539
-887
-1062
-1287
-1677
-2003
-2057
-2075
-2198
-2272
-2224
-2149
-2185
-2276
-2220
-1930
-1452
-1076
-1042
-1085
-903
-567
-234
96
467
760
855
812
763
929
1372
1777
1890
1775
1619
1506
1408
1378
1473
1582
1557
1304
845
403
207
228
238
104
-95
-330
-656
-981
-1190
-1208
-1038
-877
-878
-994
-1087
-1085
-1056
-982
-739
-333
63
256
254
232
285
470
765
1048
1290
1444
1369
1078
775
666
758
865
854
667
322
-74
-466
-786
-939
-939
-915
-1060
-1407
-1757
-2040
-2242
-2305
-2287
-2237
-2180
-2213
-2346
-2510
-2589
-2524
-2403
-2219
-2025
-1938
-1911
-1960
-2044
-2000
-1831
-1569
-1333
-1272
-1331
-1452
-1523
-1451
-1297
-886
-86
735
1066
724
227
268
960
2047
2975
3361
3407
3202
2805
2673
3167
4123
4800
4689
4069
3406
3114
3266
3431
3389
3205
2877
2355
1661
1177
1115
1054
751
265
-301
-683
-889
-1144
-1528
-1877
-1934
-1893
-2014
-2121
-2168
-2227
-2280
-2343
-2276
-1975
-1549
-1202
-1187
-1327
-1209
-878
-503
-118
230
507
613
614
680
867
1285
1739
1886
1831
1769
1733
1701
1670
1746
1862
1819
1608
1233
829
651
642
570
342
67
-133
-392
-717
-918
-1015
-1024
-979
-1031
-1165
-1256
-1242
-1207
-1216
-1089
-766
-458
-268
-205
-226
-194
-35
236
520
757
962
986
761
533
466
552
705
784
696
419
67
-271
-588
-737
-668
-609
-733
-1025
-1384
-1689
-1868
-1909
-1897
-1896
-1885
-1932
-2108
-2295
-2364
-2312
-2203
-2080
-1968
-1923
-1928
-1943
-1982
-1953
-1749
-1455
-1249
-1186
-1213
-1301
-1381
-1311
-1067
-780
-567
-403
-122
324
718
818
691
708
1113
1762
2323
2628
2758
2781
2668
2564
2737
3223
3694
3776
3429
2958
2672
2650
2705
2640
2487
2296
1964
1441
923
637
533
397
120
-285
-686
-950
-1169
-1444
-1647
-1650
-1564
-1601
-1759
-1881
-1916
-1870
-1769
-1642
-1430
-1120
-854
-762
-782
-684
-396
-59
249
506
708
872
969
1022
1138
1379
1657
1784
1739
1656
1598
1542
1446
1323
1258
1221
1110
873
551
269
76
-80
-237
-392
-509
-632
-838
-1069
-1205
-1192
-1085
-1005
-966
-926
-859
-770
-700
-593
-355
-37
215
328
383
482
631
814
983
1087
1145
1148
1055
907
821
839
859
762
545
277
33
-151
-303
-459
-614
-754
-920
-1140
-1345
-1453
-1517
-1614
-1728
-1830
-1898
-1917
-1926
-1955
-1962
-1907
-1833
-1805
-1795
-1749
-1675
-1568
-1441
-1337
-1231
-1107
-1010
-985
-996
-941
-819
-690
-560
-465
-445
-476
-532
-572
-419
77
672
893
677
398
360
644
1156
1633
1920
2054
2041
1851
1708
1955
2468
2774
2728
2543
2395
2345
2363
2335
2194
2061
1997
1808
1444
1158
1007
787
455
143
-77
-205
-284
-485
-869
-1197
-1284
-1293
-1344
-1357
-1330
-1373
-1494
-1575
-1520
-1296
-960
-715
-694
-730
-617
-389
-136
138
411
599
671
665
646
715
928
1140
1182
1107
1021
926
801
670
597
590
575
486
299
83
-87
-243
-405
-513
-511
-439
-421
-506
-634
-729
-733
-645
-501
-308
-117
-23
-38
-79
-13
206
488
719
822
819
783
735
708
756
873
979
949
753
519
368
305
286
230
113
-44
-242
-469
-689
-825
-854
-893
-1008
-1172
-1355
-1496
-1597
-1677
-1707
-1692
-1674
-1698
-1787
-1840
-1794
-1725
-1687
-1665
-1593
-1465
-1359
-1300
-1291
-1282
-1143
-934
-781
-690
-665
-670
-660
-621
-532
-405
-271
-216
-335
-441
-262
174
580
664
477
330
387
682
1089
1419
1663
1759
1607
1408
1481
1900
2355
2507
2367
2100
1914
1941
2027
2049
2028
1923
1680
1322
1025
962
974
860
604
267
2
-111
-171
-295
-468
-570
-624
-767
-898
-906
-871
-849
-875
-923
-878
-732
-581
-534
-574
-536
-413
-305
-198
-62
70
133
105
67
68
155
326
386
292
212
168
115
78
86
131
154
120
25
-125
-165
-35
49
0
-75
-75
-12
47
129
213
231
266
299
260
325
555
738
716
590
545
574
639
765
818
750
676
573
420
339
418
540
484
270
70
-107
-213
-192
-175
-243
-358
-510
-739
-997
-1096
-1056
-1059
-1126
-1225
-1373
-1506
-1565
-1587
-1604
-1588
-1518
-1497
-1572
-1600
-1523
-1449
-1399
-1343
-1264
-1176
-1073
-969
-928
-931
-874
-790
-746
-663
-552
-516
-549
-584
-565
-520
-458
-390
-427
-500
-362
-27
252
338
267
188
243
534
994
1360
1579
1682
1582
1415
1505
1900
2346
2574
2538
2313
2035
1958
2086
2195
2245
2219
2003
1613
1261
1134
1123
1062
934
691
367
143
0
-178
-341
-426
-494
-639
-796
-860
-900
-941
-969
-1054
-1126
-1069
-940
-874
-890
-898
-866
-841
-771
-625
-499
-394
-317
-322
-327
-234
-58
83
130
156
171
155
197
290
373
462
511
473
382
336
436
568
597
568
505
447
444
468
514
563
581
557
437
322
348
408
406
340
239
174
128
100
106
70
31
5
-80
-159
-171
-147
-146
-223
-309
-360
-416
-439
-473
-578
-670
-734
-806
-887
-953
-956
-974
-1067
-1144
-1193
-1217
-1188
-1177
-1217
-1266
-1274
-1237
-1222
-1213
-1158
-1131
-1150
-1149
-1126
-1093
-1030
-949
-912
-949
-985
-960
-933
-903
-827
-776
-768
-733
-672
-641
-632
-592
-545
-540
-434
-122
229
453
497
387
309
480
918
1378
1639
1747
1723
1553
1473
1673
2051
2396
2539
2414
2109
1879
1902
2032
2090
2119
2054
1791
1440
1185
1067
1022
993
902
659
363
164
-14
-214
-319
-338
-396
-528
-684
-835
-970
-1023
-1009
-1030
-1034
-952
-922
-1018
-1112
-1104
-991
-819
-640
-522
-511
-522
-503
-487
-374
-111
144
273
281
236
215
259
408
586
708
839
922
842
686
595
636
779
904
952
876
717
597
482
387
423
511
516
408
247
121
32
-5
30
22
0
7
-66
-203
-288
-285
-239
-231
-245
-276
-367
-432
-452
-501
-512
-448
-404
-450
-553
-615
-655
-699
-670
-618
-638
-672
-714
-801
-863
-844
-776
-765
-818
-848
-893
-961
-960
-920
-905
-898
-896
-938
-1052
-1124
-1078
-1034
-1025
-980
-967
-1023
-1078
-1085
-1061
-1000
-866
-740
-727
-723
-644
-592
-540
-342
-27
222
317
335
348
433
703
1061
1291
1437
1593
1669
1664
1742
1966
2186
2311
2361
2300
2170
2144
2199
2158
2039
1940
1816
1592
1356
1191
1033
864
713
508
245
53
-79
-285
-535
-694
-772
-863
-966
-1067
-1209
-1332
-1370
-1379
-1368
-1267
-1127
-1080
-1125
-1145
-1084
-947
-742
-538
-422
-354
-279
-228
-164
-7
215
390
473
507
517
535
624
746
826
878
913
893
835
787
751
693
643
620
577
506
432
334
204
100
48
22
7
0
-43
-131
-220
-260
-256
-222
-169
-159
-208
-255
-265
-259
-226
-162
-119
-137
-175
-183
-179
-149
-87
-57
-76
-106
-137
-182
-222
-224
-209
-222
-256
-317
-429
-545
-601
-618
-648
-708
-785
-894
-1018
-1099
-1136
-1150
-1154
-1177
-1244
-1325
-1376
-1381
-1358
-1323
-1294
-1293
-1294
-1274
-1238
-1180
-1099
-1000
-905
-828
-768
-701
-581
-403
-180
46
218
302
350
468
701
1002
1288
1501
1606
1629
1661
1769
1966
2194
2350
2364
2263
2153
2107
2115
2147
2138
2036
1853
1638
1424
1240
1088
950
782
569
347
138
-43
-211
-388
-556
-690
-801
-900
-992
-1070
-1134
-1191
-1224
-1214
-1175
-1115
-1070
-1056
-1039
-985
-885
-760
-631
-514
-440
-392
-326
-248
-154
-15
144
265
319
334
354
387
449
536
600
635
634
583
506
455
454
458
443
451
465
405
275
143
59
51
119
199
191
89
-35
-145
-193
-107
63
171
150
49
-65
-124
-67
83
201
240
230
163
55
17
99
198
229
193
92
-35
-105
-109
-124
-170
-201
-258
-380
-511
-605
-693
-782
-850
-914
-995
-1068
-1135
-1254
-1386
-1430
-1402
-1377
-1379
-1403
-1452
-1508
-1509
-1454
-1374
-1254
-1136
-1111
-1157
-1160
-1078
-946
-805
-667
-556
-477
-409
-368
-343
-233
25
340
570
665
667
668
768
1003
1301
1572
1771
1838
1765
1672
1712
1893
2090
2198
2181
2060
1907
1796
1735
1708
1702
1643
1456
1183
954
814
703
579
438
269
87
-92
-280
-452
-557
-603
-668
-771
-862
-922
-974
-1018
-1046
-1061
-1036
-970
-919
-909
-886
-817
-733
-667
-602
-516
-415
-311
-235
-190
-124
-16
97
177
233
282
315
334
359
394
441
490
499
461
402
359
336
317
300
287
288
292
247
138
40
9
38
80
99
85
49
7
-39
-71
-28
91
181
182
138
110
118
158
214
254
269
270
230
145
90
116
150
127
57
-39
-144
-226
-279
-337
-404
-457
-524
-646
-771
-830
-848
-874
-925
-998
-1093
-1168
-1192
-1189
-1183
-1158
-1138
-1173
-1223
-1222
-1175
-1122
-1077
-1034
-1000
-972
-931
-897
-867
-797
-694
-606
-538
-467
-389
-333
-280
-164
30
265
468
550
548
593
753
993
1233
1424
1547
1569
1525
1507
1583
1773
1969
2023
1921
1766
1655
1609
1588
1575
1548
1454
1287
1057
828
693
624
531
377
196
46
-83
-221
-360
-494
-595
-641
-688
-753
-808
-851
-899
-959
-987
-945
-875
-813
-786
-808
-813
-755
-665
-564
-465
-375
-319
-306
-283
-212
-98
38
133
154
147
148
170
212
272
344
388
377
323
258
229
252
277
265
222
163
103
40
-5
-13
26
85
102
41
-48
-94
-80
-14
73
143
171
156
108
57
59
143
250
301
284
232
170
123
114
134
153
153
110
4
-111
-172
-190
-221
-265
-304
-353
-430
-511
-575
-616
-623
-616
-632
-669
-685
-683
-700
-719
-697
-652
-609
-570
-539
-519
-495
-443
-385
-338
-274
-196
-135
-83
-27
30
86
151
229
295
335
369
381
373
383
403
412
398
357
292
212
145
102
52
-13
-83
-175
-281
-379
-452
-491
-511
-535
-589
-672
-740
-771
-770
-715
-615
-516
-459
-440
-415
-340
-201
-15
173
331
470
575
656
762
913
1090
1240
1335
1384
1403
1416
1436
1437
1430
1438
1425
1363
1251
1113
981
862
759
663
553
434
286
92
-97
-233
-316
-368
-428
-513
-625
-740
-824
-872
-883
-848
-802
-790
-809
-835
-837
-798
-711
-605
-523
-471
-428
-393
-352
-275
-175
-76
5
66
107
126
149
195
249
306
355
365
347
323
301
276
253
247
241
209
153
77
-8
-77
-132
-174
-202
-230
-283
-366
-456
-522
-550
-542
-531
-564
-627
-683
-738
-790
-808
-794
-788
-828
-902
-991
-1056
-1080
-1087
-1067
-924
-667
-489
-536
-704
-756
-576
-199
234
552
694
703
628
587
770
1218
1685
1893
1812
1605
1440
1437
1579
1740
1830
1814
1634
1292
966
841
879
896
784
548
256
5
-171
-314
-422
-453
-475
-598
-789
-921
-959
-953
-938
-916
-879
-803
-718
-692
-702
-653
-523
-380
-260
-138
-18
69
116
139
187
314
483
586
586
545
512
494
492
527
583
618
578
436
256
152
148
172
154
86
-17
-144
-276
-388
-449
-438
-401
-425
-525
-626
-675
-685
-679
-649
-594
-527
-482
-492
-527
-510
-419
-312
-228
-143
-64
-22
-26
-34
7
114
248
339
357
341
330
317
311
342
417
482
484
413
308
235
229
253
256
229
179
96
-12
-99
-126
-111
-106
-151
-245
-338
-383
-398
-408
-413
-395
-387
-415
-472
-514
-514
-463
-398
-354
-330
-299
-273
-259
-238
-177
-89
3
77
127
166
209
251
283
320
389
460
491
472
426
387
373
381
392
392
372
317
220
117
55
40
42
30
-18
-89
-162
-213
-247
-255
-238
-216
-218
-236
-253
-250
-216
-158
-101
-58
-26
8
38
82
148
219
274
319
353
376
387
411
441
468
493
503
475
426
374
324
275
240
219
181
110
21
-80
-179
-251
-286
-315
-350
-390
-445
-520
-589
-625
-639
-639
-623
-607
-608
-613
-608
-587
-549
-492
-431
-377
-316
-241
-175
-120
-59
12
86
160
227
285
332
372
401
429
474
527
553
544
518
495
484
488
500
503
483
435
363
297
270
271
263
230
181
121
55
1
-35
-62
-82
-101
-138
-192
-247
-298
-340
-369
-370
-367
-382
-411
-441
-471
-489
-482
-457
-430
-402
-385
-392
-411
-408
-380
-336
-281
-227
-198
-198
-207
-203
-174
-120
-55
-7
15
17
15
21
55
121
195
244
266
267
263
275
311
367
423
464
485
480
454
427
420
438
465
475
456
401
333
278
241
220
212
197
154
82
13
-37
-68
-79
-78
-87
-107
-134
-163
-186
-190
-162
-126
-103
-86
-82
-101
-117
-107
-76
-43
-20
-17
-38
-63
-75
-81
-83
-72
-63
-74
-103
-136
-163
-183
-188
-186
-193
-205
-219
-240
-254
-250
-227
-197
-176
-164
-159
-150
-124
-88
-48
-6
27
40
44
52
75
106
132
140
139
140
147
145
140
139
145
159
171
171
158
146
138
138
139
146
148
137
123
104
88
78
73
62
48
37
27
8
-15
-34
-48
-58
-69
-86
-106
-127
-148
-174
-204
-219
-227
-236
-253
-278
-304
-323
-330
-325
-312
-296
-290
-304
-326
-334
-317
-271
-220
-187
-178
-183
-190
-186
-160
-111
-48
4
41
57
62
75
103
144
201
265
324
358
364
355
351
365
391
414
423
420
399
366
323
288
268
254
238
204
158
112
81
65
55
41
27
6
-18
-37
-40
-29
-15
-15
-29
-43
-51
-53
-57
-53
-41
-31
-41
-62
-83
-92
-89
-85
-78
-76
-82
-103
-140
-173
-181
-174
-166
-166
-175
-196
-224
-247
-261
-251
-220
-186
-176
-184
-191
-182
-161
-129
-93
-62
-32
-2
18
32
50
73
98
131
167
196
198
188
180
189
213
245
257
249
231
215
205
207
215
216
203
180
157
138
130
128
123
111
88
62
37
26
23
23
13
-6
-35
-62
-81
-89
-96
-101
-113
-135
-159
-177
-186
-195
-206
-223
-237
-245
-250
-258
-276
-291
-304
-315
-318
-314
-306
-303
-305
-310
-309
-296
-267
-230
-191
-154
-122
-96
-68
-30
22
83
142
188
219
235
258
284
313
342
366
375
372
361
350
337
325
309
285
252
225
202
176
142
108
69
34
9
-13
-42
-69
-86
-100
-117
-128
-135
-141
-149
-156
-159
-150
-125
-94
-79
-75
-66
-50
-30
0
38
77
106
119
112
102
110
132
154
166
168
155
125
89
65
56
59
60
44
17
-7
-30
-46
-64
-76
-85
-92
-98
-101
-103
-103
-115
-132
-139
-129
-111
-93
-81
-76
-76
-72
-64
-53
-37
-14
-3
-2
-1
8
16
24
33
43
50
61
70
73
78
91
99
99
102
117
129
132
125
110
92
86
89
86
81
72
52
19
-7
-21
-28
-40
-53
-75
-100
-117
-131
-153
-180
-201
-223
-246
-260
-268
-275
-289
-308
-334
-360
-369
-358
-338
-311
-287
-274
-274
-272
-258
-226
-169
-99
-43
-12
3
20
49
94
148
206
257
293
307
307
319
351
391
417
429
431
430
425
414
397
391
393
383
353
313
276
242
209
177
145
115
83
38
-18
-66
-97
-117
-137
-156
-178
-203
-226
-237
-242
-238
-228
-222
-224
-216
-198
-183
-174
-164
-149
-135
-118
-102
-91
-81
-68
-60
-58
-52
-40
-35
-33
-25
-16
-12
-15
-24
-30
-28
-15
0
3
-1
-6
-17
-24
-18
-2
8
11
6
-2
-4
4
14
16
13
17
21
26
32
36
37
36
39
41
47
55
60
54
43
44
53
66
70
63
46
32
31
43
55
62
62
50
34
23
22
25
31
37
38
29
18
2
-14
-27
-27
-22
-21
-33
-53
-79
-101
-117
-127
-136
-143
-150
-164
-183
-200
-212
-221
-229
-230
-225
-214
-201
-198
-200
-198
-188
-168
-142
-109
-77
-51
-28
-8
18
52
94
137
180
222
257
281
299
319
346
379
407
419
415
401
387
369
352
338
320
285
237
182
131
95
72
44
6
-36
-81
-124
-156
-171
-174
-175
-180
-195
-211
-220
-217
-209
-199
-183
-165
-154
-147
-143
-141
-136
-124
-112
-98
-77
-60
-57
-63
-67
-65
-56
-42
-25
-13
-7
-8
-18
-29
-23
-8
0
1
-1
-5
-10
-14
-16
-15
-6
6
9
4
3
10
17
22
32
45
60
70
77
78
81
86
86
89
99
113
118
109
93
81
76
78
80
79
72
59
41
26
23
30
31
19
4
-9
-17
-21
-21
-24
-31
-45
-68
-94
-104
-104
-104
-115
-140
-168
-194
-209
-215
-213
-209
-209
-222
-245
-260
-255
-236
-213
-196
-187
-184
-179
-173
-161
-138
-101
-66
-40
-24
-7
13
40
74
114
156
197
230
250
265
286
317
350
376
394
402
400
393
378
364
354
346
327
300
263
221
176
132
97
70
48
19
-25
-75
-115
-138
-152
-160
-169
-183
-204
-225
-240
-242
-231
-213
-202
-203
-205
-203
-194
-178
-157
-138
-123
-111
-105
-97
-85
-67
-52
-38
-25
-15
-7
-2
3
8
17
31
48
55
55
48
43
45
57
75
87
89
80
63
52
57
75
88
91
81
65
50
45
49
54
57
58
50
36
23
13
5
4
7
11
7
-4
-19
-33
-39
-35
-31
-33
-37
-43
-51
-63
-69
-70
-67
-62
-65
-78
-93
-102
-102
-100
-100
-95
-95
-105
-116
-123
-121
-109
-98
-91
-88
-86
-79
-74
-73
-65
-51
-38
-27
-18
-10
-10
-11
-8
-2
12
29
39
40
38
38
44
54
74
95
109
116
120
129
146
170
190
200
208
217
225
231
238
245
245
236
223
208
199
191
178
159
135
113
88
61
36
18
4
-11
-32
-54
-73
-87
-95
-102
-105
-107
-108
-110
-114
-114
-110
-104
-98
-94
-91
-88
-85
-82
-81
-82
-82
-81
-79
-78
-78
-75
-76
-79
-82
-81
-76
-67
-58
-57
-60
-60
-56
-50
-44
-35
-28
-22
-17
-12
-8
-3
3
6
7
16
29
42
50
48
43
39
40
51
68
85
95
91
76
61
59
69
86
97
98
85
65
43
29
25
28
31
21
3
-22
-48
-68
-78
-81
-81
-85
-94
-109
-124
-129
-128
-121
-110
-103
-100
-100
-101
-96
-86
-72
-62
-56
-56
-57
-57
-52
-44
-38
-36
-42
-48
-53
-53
-49
-43
-35
-30
-25
-24
-21
-13
1
16
32
47
59
74
87
100
112
127
137
146
155
164
175
182
184
176
166
157
151
149
148
141
126
103
76
53
37
27
17
6
-10
-26
-43
-57
-68
-77
-85
-86
-81
-75
-73
-76
-83
-90
-94
-90
-77
-60
-46
-48
-65
-84
-93
-86
-74
-61
-54
-63
-80
-101
-114
-109
-91
-74
-73
-86
-101
-110
-106
-92
-78
-66
-63
-64
-69
-66
-53
-34
-22
-16
-12
-6
3
14
28
40
51
60
67
72
79
90
102
114
126
134
140
142
143
146
153
164
172
171
162
148
134
123
119
115
107
90
63
33
8
-11
-25
-36
-48
-62
-84
-108
-128
-140
-146
-146
-142
-140
-140
-143
-149
-156
-159
-149
-134
-121
-114
-112
-114
-122
-124
-118
-102
-84
-72
-68
-70
-67
-58
-42
-23
-1
17
31
39
50
67
90
112
128
138
147
156
163
169
178
188
193
191
179
169
165
167
166
161
152
138
121
104
93
91
90
83
68
50
36
27
18
8
0
-5
-11
-22
-36
-48
-56
-65
-74
-80
-82
-83
-90
-105
-122
-130
-129
-127
-126
-129
-133
-141
-153
-161
-158
-145
-132
-126
-130
-133
-133
-126
-113
-94
-73
-55
-50
-54
-53
-37
-13
12
28
35
38
37
38
45
61
80
93
93
85
78
79
87
97
107
114
120
118
109
107
114
128
141
147
145
140
135
130
126
128
131
131
119
98
77
60
47
34
22
8
-10
-32
-57
-80
-92
-97
-102
-113
-128
-141
-149
-154
-155
-151
-149
-147
-151
-155
-154
-149
-139
-134
-130
-126
-120
-115
-111
-106
-98
-86
-73
-63
-56
-47
-38
-29
-16
1
22
40
51
57
63
75
93
112
130
144
155
160
161
166
174
186
197
203
204
201
193
185
176
172
168
163
154
137
117
97
80
65
50
36
22
5
-14
-31
-48
-61
-72
-83
-92
-99
-105
-114
-125
-133
-138
-141
-141
-139
-139
-139
-140
-139
-136
-129
-119
-109
-100
-92
-82
-72
-59
-44
-29
-16
-6
-2
4
13
25
36
42
43
38
31
27
27
30
33
29
21
8
-3
-9
-10
-6
-3
-2
-5
-10
-16
-15
-8
2
16
27
33
34
35
38
47
59
69
78
80
78
73
67
64
64
64
59
51
36
18
2
-11
-22
-33
-44
-59
-79
-99
-115
-126
-134
-139
-144
-152
-159
-164
-164
-160
-150
-140
-131
-122
-110
-97
-80
-62
-42
-24
-6
13
28
44
60
76
89
99
110
120
131
140
145
146
146
147
146
147
148
147
143
135
125
116
109
106
100
93
84
75
63
53
45
39
36
34
28
21
14
7
2
-1
0
3
4
1
-4
-9
-13
-15
-16
-15
-13
-13
-19
-31
-40
-46
-46
-45
-45
-49
-57
-67
-77
-81
-79
-73
-70
-72
-79
-83
-84
-80
-72
-65
-58
-55
-55
-56
-54
-48
-37
-28
-22
-19
-18
-17
-18
-15
-8
-3
2
3
0
-1
-1
0
3
8
12
17
18
18
16
17
23
34
46
58
64
64
62
64
72
87
103
113
115
106
99
92
91
94
98
97
83
63
38
17
1
-9
-16
-27
-46
-72
-99
-120
-133
-138
-140
-145
-153
-164
-176
-182
-180
-171
-158
-149
-140
-133
-126
-115
-102
-83
-60
-39
-22
-8
6
22
39
57
76
93
106
116
124
132
142
151
156
159
158
157
156
153
150
146
142
135
122
112
103
96
89
81
73
63
52
41
30
24
22
20
14
7
-3
-11
-18
-23
-25
-26
-29
-36
-47
-60
-69
-75
-78
-81
-81
-84
-92
-104
-114
-117
-112
-101
-93
-87
-82
-83
-83
-79
-66
-47
-28
-15
-10
-11
-12
-10
-4
6
15
21
20
8
-2
-11
-13
-10
-9
-10
-14
-21
-31
-39
-40
-35
-29
-24
-23
-24
-26
-24
-22
-19
-13
-5
0
2
4
5
7
9
14
21
30
38
44
46
48
54
62
70
79
84
87
86
83
83
82
79
72
61
47
33
21
7
-11
-30
-51
-71
-87
-101
-112
-121
-132
-143
-152
-155
-154
-149
-139
-130
-121
-110
-99
-85
-68
-49
-29
-9
8
23
39
56
70
83
95
107
119
130
139
146
151
152
153
154
156
158
158
154
146
139
132
125
118
113
104
94
82
69
59
50
42
33
21
9
0
-9
-14
-20
-26
-33
-41
-50
-57
-62
-66
-67
-71
-75
-81
-88
-93
-96
-98
-98
-98
-98
-101
-105
-107
-106
-102
-96
-88
-82
-77
-73
-70
-65
-56
-43
-31
-20
-10
-2
3
9
14
24
35
45
52
55
55
53
54
54
58
63
65
65
58
50
44
40
39
42
42
41
36
29
21
17
18
21
25
27
27
23
20
19
23
30
38
44
45
45
45
47
50
55
59
60
58
53
49
43
36
28
17
7
-4
-16
-30
-47
-64
-80
-94
-105
-117
-126
-136
-145
-153
-155
-155
-151
-146
-139
-132
-123
-110
-96
-77
-57
-38
-22
-4
12
30
50
69
89
102
112
120
129
139
149
157
160
158
153
148
144
143
140
136
127
115
102
91
84
77
71
65
55
44
32
21
14
8
4
-3
-11
-22
-34
-43
-51
-59
-64
-69
-76
-86
-96
-107
-113
-116
-117
-116
-117
-121
-125
-127
-129
-125
-114
-104
-96
-93
-91
-87
-80
-70
-56
-41
-29
-20
-17
-10
-3
9
19
30
38
44
47
48
48
48
51
55
56
56
54
47
42
37
36
36
36
35
31
25
21
18
18
21
23
24
23
21
20
22
28
34
39
42
42
41
43
47
52
58
59
57
52
47
43
39
36
32
24
12
-3
-20
-34
-45
-54
-64
-77
-92
-107
-122
-134
-142
-145
-145
-146
-149
-154
-157
-156
-147
-136
-123
-109
-95
-85
-75
-62
-45
-24
-3
16
33
47
60
71
84
97
111
123
133
134
135
134
133
133
135
135
133
128
121
113
105
100
98
95
91
86
78
69
61
56
53
51
45
36
27
16
8
3
-1
-4
-10
-19
-28
-38
-44
-46
-46
-48
-52
-58
-66
-71
-75
-76
-73
-73
-75
-79
-85
-90
-91
-90
-85
-80
-79
-79
-82
-83
-80
-75
-68
-59
-53
-49
-47
-46
-40
-33
-23
-11
-3
2
6
7
11
19
29
38
46
49
49
49
51
56
62
70
74
74
71
66
65
69
75
78
80
75
68
63
61
61
63
64
60
51
40
32
27
26
25
22
14
5
-5
-15
-19
-21
-22
-24
-29
-37
-45
-53
-55
-55
-55
-54
-58
-64
-72
-76
-77
-77
-73
-72
-72
-74
-74
-74
-70
-64
-55
-44
-37
-30
-23
-17
-9
3
15
26
37
43
48
50
53
57
64
69
73
72
71
66
64
62
62
65
65
64
61
57
56
55
57
60
63
62
58
55
51
50
49
49
48
42
36
27
20
15
14
12
9
4
-4
-9
-13
-15
-16
-16
-17
-21
-26
-31
-36
-38
-39
-40
-42
-46
-53
-59
-64
-68
-70
-67
-67
-69
-71
-72
-73
-71
-65
-58
-50
-44
-41
-38
-34
-28
-18
-9
0
8
12
16
18
23
31
40
48
54
56
56
59
60
65
72
77
80
77
73
66
65
63
61
59
53
43
30
17
4
-3
-9
-16
-25
-36
-48
-60
-68
-72
-72
-71
-71
-73
-75
-77
-76
-72
-66
-57
-50
-45
-45
-45
-44
-43
-37
-34
-31
-31
-32
-37
-41
-44
-44
-43
-44
-44
-46
-49
-51
-54
-53
-49
-44
-38
-35
-33
-27
-21
-14
-4
6
19
31
41
50
60
73
84
96
107
118
127
135
138
141
143
146
148
145
140
136
128
117
107
95
85
74
61
47
34
23
11
-1
-12
-21
-28
-36
-44
-51
-57
-61
-66
-71
-74
-75
-75
-79
-85
-87
-90
-93
-96
-99
-100
-102
-103
-108
-111
-113
-112
-111
-109
-107
-104
-99
-97
-93
-85
-77
-66
-57
-49
-39
-29
-19
-7
4
18
33
42
50
58
67
77
87
95
101
107
108
109
107
106
108
107
102
94
87
78
68
59
50
46
38
30
18
6
-3
-9
-12
-16
-17
-20
-23
-29
-32
-33
-29
-24
-23
-20
-17
-16
-14
-10
-7
0
4
6
7
8
8
12
12
13
14
15
12
9
7
6
6
4
3
1
-1
-2
-4
-5
-6
-4
-2
-2
0
0
3
4
6
10
14
18
21
22
21
21
23
25
28
30
31
31
28
26
27
27
30
30
29
27
25
24
21
21
21
22
21
17
14
12
10
9
7
6
4
1
-3
-7
-10
-12
-16
-18
-22
-26
-29
-33
-36
-36
-38
-39
-40
-43
-43
-44
-44
-43
-45
-43
-42
-43
-45
-44
-43
-39
-38
-37
-36
-34
-32
-30
-27
-22
-16
-10
-5
0
5
12
20
28
36
44
50
56
61
65
70
77
79
80
81
80
77
72
67
62
58
52
44
32
21
11
2
-6
-14
-19
-27
-36
-46
-54
-58
-61
-62
-64
-65
-66
-68
-70
-69
-66
-59
-55
-51
-48
-46
-43
-41
-37
-32
-26
-22
-20
-19
-19
-17
-16
-13
-12
-9
-9
-9
-12
-15
-14
-12
-10
-10
-10
-8
-8
-9
-8
-2
7
11
15
18
24
31
39
46
55
64
70
73
77
81
86
91
93
93
91
86
81
74
69
65
61
54
45
34
23
14
5
-3
-8
-15
-24
-34
-43
-49
-55
-60
-65
-68
-71
-74
-78
-79
-79
-76
-73
-73
-72
-69
-67
-61
-56
-50
-46
-41
-40
-37
-34
-32
-27
-25
-24
-26
-29
-31
-34
-32
-29
-27
-26
-27
-26
-24
-19
-12
-4
5
12
19
25
32
39
49
58
63
69
71
72
72
72
73
73
70
65
58
49
42
37
30
26
21
14
6
-1
-8
-10
-10
-12
-12
-13
-17
-20
-22
-21
-17
-12
-10
-8
-7
-8
-7
-7
-3
1
4
4
3
0
-2
-5
-7
-9
-10
-15
-19
-25
-30
-35
-37
-38
-42
-43
-46
-46
-46
-44
-41
-35
-29
-23
-16
-9
-1
8
18
27
38
46
54
60
66
72
78
81
86
88
87
84
80
76
72
67
63
56
48
39
30
20
11
3
-4
-9
-15
-22
-29
-35
-40
-45
-46
-44
-43
-43
-43
-43
-43
-40
-37
-33
-29
-22
-20
-19
-18
-16
-14
-12
-11
-11
-12
-15
-18
-23
-25
-28
-31
-36
-41
-46
-50
-53
-56
-56
-54
-54
-54
-55
-54
-48
-41
-32
-23
-13
-4
4
12
22
34
48
60
70
78
86
92
98
102
108
113
114
115
111
107
100
95
89
82
76
68
58
45
32
22
12
3
-7
-16
-26
-35
-44
-53
-57
-60
-61
-64
-66
-67
-67
-65
-64
-59
-54
-47
-43
-41
-38
-34
-28
-25
-21
-17
-15
-14
-13
-14
-14
-10
-8
-8
-9
-10
-9
-11
-11
-10
-7
-4
-1
1
0
2
5
8
11
16
20
22
24
26
26
28
31
33
34
34
35
33
30
28
28
25
23
21
18
11
6
1
-6
-12
-15
-20
-27
-33
-37
-42
-47
-49
-51
-56
-60
-58
-60
-63
-61
-57
-58
-56
-51
-50
-51
-48
-41
-39
-36
-32
-29
-32
-31
-26
-24
-23
-21
-18
-20
-23
-22
-24
-27
-24
-20
-22
-26
-23
-25
-28
-27
-22
-18
-18
-14
-11
-11
-8
0
7
11
17
25
28
31
40
48
53
61
69
75
77
82
88
90
94
100
102
99
97
97
92
89
89
87
80
71
64
52
41
36
30
22
14
6
-5
-19
-27
-33
-39
-43
-46
-52
-60
-66
-69
-73
-74
-72
-71
-72
-73
-72
-71
-71
-65
-57
-52
-48
-43
-38
-36
-27
-18
-9
0
8
14
18
22
30
37
43
48
53
53
52
55
54
55
56
56
56
52
47
45
39
36
35
32
29
25
21
13
8
5
3
-1
-4
-7
-11
-17
-19
-22
-27
-28
-28
-31
-30
-31
-31
-31
-31
-27
-27
-25
-23
-21
-18
-14
-10
-8
-8
-4
-4
-4
-1
1
4
1
1
0
-4
-6
-8
-8
-11
-13
-15
-20
-24
-25
-28
-29
-28
-27
-27
-28
-28
-26
-25
-21
-14
-10
-6
-1
4
6
12
19
25
31
36
41
43
45
49
49
50
53
52
52
49
46
43
37
34
29
22
16
9
2
-4
-11
-14
-21
-28
-35
-45
-49
-52
-53
-54
-55
-56
-59
-62
-62
-62
-58
-52
-50
-45
-43
-41
-40
-39
-33
-27
-22
-16
-12
-9
-9
-7
-3
2
7
12
15
18
20
22
23
25
30
33
36
39
40
40
40
41
41
41
44
42
41
41
42
41
36
36
36
30
27
31
30
26
28
29
22
17
21
16
11
15
19
15
8
9
7
-2
-2
3
-1
-9
-4
-3
-16
-22
-17
-23
-32
-28
-22
-32
-41
-37
-36
-47
-45
-38
-43
-51
-45
-37
-41
-44
-33
-34
-42
-36
-26
-27
-27
-18
-15
-22
-19
-10
-9
-11
-4
3
-1
-1
4
1
-4
-1
6
5
5
8
5
-2
1
3
4
2
5
6
4
5
9
8
8
12
15
16
19
23
22
21
24
26
24
24
27
24
21
22
21
16
12
8
4
0
-1
-2
-8
-13
-18
-24
-30
-31
-31
-34
-34
-35
-36
-39
-39
-37
-34
-30
-24
-18
-15
-11
-4
1
8
18
25
30
37
46
52
58
64
69
70
72
76
76
76
75
74
71
66
61
55
45
36
31
24
16
8
-1
-11
-21
-23
-28
-33
-37
-41
-42
-47
-47
-44
-46
-42
-39
-34
-32
-27
-22
-21
-18
-12
-4
-1
4
7
7
9
9
15
13
12
14
10
8
4
3
-1
-5
-7
-10
-15
-19
-20
-25
-25
-25
-25
-26
-27
-23
-24
-23
-19
-14
-10
-8
-2
1
5
9
16
20
22
28
29
32
33
36
39
36
40
39
36
32
32
30
27
26
24
21
15
16
12
8
7
7
7
3
4
6
4
5
5
7
7
8
9
9
9
9
10
6
8
5
3
1
-4
-4
-9
-12
-15
-20
-23
-27
-31
-35
-36
-39
-41
-44
-46
-46
-48
-43
-43
-39
-35
-32
-28
-26
-18
-14
-9
-4
3
9
11
17
22
25
27
32
35
32
36
35
33
32
30
31
25
24
22
19
14
14
13
9
7
5
5
1
2
4
1
1
1
2
-3
-2
1
-3
-5
-8
-8
-15
-19
-21
-26
-31
-36
-38
-48
-52
-56
-60
-65
-70
-70
-76
-78
-78
-77
-77
-76
-70
-69
-66
-64
-59
-56
-51
-42
-40
-32
-29
-24
-20
-17
-10
-8
-4
0
4
5
5
9
8
12
13
17
17
18
22
18
22
23
28
30
31
38
39
43
45
50
51
54
58
58
63
63
69
67
68
69
64
65
60
62
56
53
52
45
39
30
27
19
16
11
5
0
-10
-11
-20
-24
-27
-29
-30
-35
-31
-35
-36
-36
-36
-34
-34
-29
-28
-24
-24
-20
-19
-19
-11
-11
-7
-6
-2
1
0
4
3
6
5
8
9
8
11
9
13
8
10
11
9
12
11
14
12
15
14
14
15
13
16
14
17
16
14
13
8
10
6
6
4
1
-2
-8
-10
-13
-17
-22
-23
-27
-32
-33
-38
-40
-45
-46
-45
-48
-47
-47
-44
-46
-43
-36
-36
-32
-26
-21
-18
-11
-6
0
4
7
15
18
19
24
26
27
27
31
30
25
26
25
21
19
19
18
15
12
14
11
7
10
11
11
12
15
17
16
20
24
23
26
31
32
33
34
38
40
39
43
43
39
39
38
38
34
30
32
25
18
17
11
4
-2
-7
-14
-22
-28
-34
-43
-48
-53
-59
-64
-68
-71
-72
-75
-71
-69
-69
-65
-62
-57
-53
-46
-38
-32
-25
-16
-13
-7
0
5
11
15
18
22
22
24
24
24
24
23
24
20
18
19
15
13
13
11
8
6
6
5
2
2
2
1
1
2
4
4
5
9
12
16
21
24
30
33
38
43
44
48
52
54
56
58
57
57
54
52
48
42
39
32
26
19
12
4
-4
-11
-19
-26
-32
-36
-43
-48
-51
-56
-58
-60
-61
-61
-61
-58
-57
-56
-53
-51
-49
-44
-40
-36
-31
-29
-25
-21
-20
-15
-14
-12
-10
-9
-9
-10
-11
-12
-15
-15
-16
-20
-22
-24
-28
-33
-34
-38
-40
-41
-43
-43
-45
-43
-41
-40
-37
-35
-31
-27
-21
-16
-11
-7
-1
5
7
13
17
19
21
23
27
26
26
26
26
24
23
24
23
21
21
20
18
17
16
15
17
16
17
18
17
19
19
22
22
26
27
28
31
31
35
35
37
37
39
40
40
41
39
40
37
37
34
32
31
26
26
22
19
19
12
11
6
7
5
3
2
-1
0
-4
-1
-2
0
2
3
8
8
11
13
15
19
19
22
24
24
24
25
21
21
20
16
15
9
5
-1
-8
-14
-19
-26
-33
-38
-44
-49
-55
-58
-62
-66
-67
-70
-69
-70
-66
-63
-62
-56
-54
-47
-44
-38
-31
-27
-20
-15
-9
-7
-2
2
5
9
11
14
14
15
15
14
16
16
18
16
19
20
19
21
22
24
24
28
31
33
35
36
40
38
40
41
42
42
42
43
40
39
36
34
29
26
23
19
15
10
7
3
-3
-6
-10
-12
-15
-16
-18
-19
-20
-19
-17
-17
-14
-12
-10
-7
-5
-2
-2
2
4
8
9
12
13
13
15
15
15
15
14
13
14
13
11
9
7
6
4
4
1
-1
-2
-4
-5
-6
-7
-8
-9
-9
-10
-10
-9
-9
-10
-9
-10
-12
-12
-12
-13
-13
-14
-15
-15
-17
-17
-17
-18
-17
-17
-16
-18
-16
-18
-18
-19
-20
-21
-21
-21
-24
-26
-27
-27
-28
-29
-29
-30
-30
-29
-27
-26
-22
-18
-17
-12
-6
-2
4
11
17
23
29
33
37
41
45
49
50
52
53
53
52
48
48
46
42
39
37
32
28
25
19
17
15
13
10
8
8
4
2
0
-1
-2
-4
-5
-7
-9
-11
-13
-17
-19
-22
-25
-27
-31
-33
-35
-39
-39
-43
-44
-45
-46
-46
-46
-46
-45
-43
-44
-42
-40
-41
-39
-35
-34
-32
-30
-28
-26
-23
-19
-16
-12
-9
-6
-4
0
3
6
10
13
16
19
21
21
24
23
24
25
25
27
27
27
26
25
23
23
21
19
19
18
19
17
15
13
11
11
10
8
8
5
3
1
1
-1
-3
-5
-6
-8
-10
-8
-11
-12
-14
-14
-17
-18
-16
-17
-19
-20
-21
-23
-22
-24
-24
-24
-26
-24
-24
-26
-26
-25
-26
-22
-20
-18
-15
-15
-13
-9
-4
0
4
7
10
15
20
25
30
33
36
38
41
46
47
46
48
48
47
48
46
45
42
39
37
35
32
28
23
19
15
12
11
8
5
4
1
2
1
0
1
1
2
5
8
11
12
13
16
17
19
23
23
25
24
25
25
24
21
18
16
12
9
7
3
-1
-4
-8
-11
-14
-16
-18
-21
-22
-23
-23
-25
-23
-23
-22
-21
-18
-15
-13
-10
-8
-6
-1
1
4
6
7
8
9
10
12
11
10
10
8
7
5
2
-1
-3
-5
-9
-9
-13
-17
-18
-23
-25
-26
-29
-30
-32
-34
-33
-34
-33
-32
-34
-31
-31
-31
-29
-28
-26
-22
-21
-18
-14
-14
-11
-10
-7
-4
-3
-1
1
4
3
6
8
7
10
12
14
16
17
17
18
19
21
20
20
20
19
18
18
17
16
16
15
14
14
14
13
12
11
8
6
5
2
-2
-4
-6
-8
-8
-8
-9
-7
-8
-6
-3
-2
-2
-1
-1
-1
1
2
3
3
3
2
4
4
4
4
3
4
3
1
-1
-4
-10
-14
-17
-21
-24
-29
-32
-34
-36
-36
-38
-40
-43
-41
-40
-38
-37
-37
-36
-35
-33
-31
-26
-24
-21
-17
-14
-8
-4
-1
0
3
7
9
10
11
11
11
11
13
14
15
18
19
22
23
24
25
24
26
27
28
29
29
28
26
25
26
26
25
25
24
22
23
22
20
17
14
13
10
9
8
6
3
0
0
0
0
2
1
1
0
1
0
-2
-2
-4
-4
-5
-5
-6
-8
-10
-10
-10
-9
-7
-7
-8
-8
-8
-8
-8
-8
-9
-10
-9
-8
-9
-11
-12
-12
-11
-10
-9
-9
-9
-10
-9
-8
-9
-9
-9
-8
-7
-5
-3
-2
1
2
3
6
9
11
14
16
17
20
21
24
25
26
28
28
29
29
28
26
25
23
21
19
16
11
7
4
0
-1
-3
-6
-7
-8
-9
-9
-8
-9
-7
-8
-6
-5
-5
-3
-4
-4
-5
-5
-5
-6
-7
-8
-9
-10
-10
-11
-11
-13
-15
-13
-15
-15
-16
-17
-17
-17
-16
-15
-13
-11
-10
-7
-5
-2
2
5
9
13
16
22
25
26
28
31
33
34
34
34
32
31
28
26
22
20
15
11
6
-1
-5
-10
-15
-20
-25
-28
-32
-35
-38
-41
-42
-42
-42
-41
-38
-36
-33
-29
-26
-22
-17
-11
-6
-1
3
8
12
15
19
21
23
24
25
23
23
23
19
17
15
12
10
8
5
3
0
-2
-5
-7
-7
-8
-8
-9
-8
-7
-6
-5
-1
3
4
9
12
16
20
25
28
31
34
36
38
40
41
41
38
36
34
32
30
25
21
15
9
3
-3
-9
-15
-20
-26
-32
-35
-41
-46
-49
-52
-54
-56
-57
-57
-56
-55
-53
-51
-47
-45
-41
-37
-32
-28
-24
-19
-16
-13
-10
-8
-6
-4
-3
-1
0
0
1
0
-2
-2
-3
-3
-5
-6
-7
-9
-9
-10
-10
-11
-11
-11
-11
-8
-8
-6
-4
-2
1
4
7
9
12
16
19
22
27
30
32
35
36
38
39
41
41
42
42
42
42
41
38
35
33
31
30
27
25
22
21
19
16
14
12
10
6
4
2
1
0
-1
-2
-3
-4
-5
-6
-6
-8
-8
-9
-10
-12
-13
-15
-17
-19
-19
-20
-23
-24
-25
-26
-27
-28
-29
-30
-31
-31
-31
-31
-30
-30
-29
-28
-26
-23
-21
-18
-15
-13
-8
-3
0
3
8
12
15
20
23
26
28
30
31
34
33
34
33
32
31
28
26
24
22
19
17
15
12
10
9
6
5
5
3
3
4
4
5
6
9
11
14
15
17
20
23
25
26
29
31
32
33
34
34
33
32
32
30
27
25
23
20
20
17
16
14
13
11
11
9
8
7
5
5
5
5
4
3
1
1
0
-1
-2
-4
-6
-7
-9
-12
-15
-17
-20
-22
-25
-28
-31
-34
-37
-38
-41
-42
-44
-45
-44
-45
-45
-44
-43
-41
-41
-38
-36
-33
-30
-28
-24
-20
-18
-15
-11
-11
-9
-6
-5
-4
-4
-5
-4
-4
-5
-8
-9
-10
-12
-14
-16
-18
-18
-20
-21
-21
-22
-22
-23
-22
-22
-20
-17
-15
-12
-9
-6
-3
-1
5
10
13
17
21
26
30
35
37
42
45
47
49
51
51
50
51
49
48
48
44
41
36
31
27
22
17
12
9
3
-1
-5
-9
-13
-16
-20
-22
-22
-23
-24
-23
-21
-21
-19
-17
-15
-11
-8
-5
-2
1
3
5
6
8
10
11
11
11
9
6
5
3
0
-3
-6
-9
-13
-16
-19
-22
-26
-28
-29
-30
-30
-29
-30
-29
-28
-27
-23
-21
-16
-11
-8
-5
-1
2
5
9
13
16
18
20
21
19
19
17
15
13
10
6
4
-1
-4
-10
-13
-17
-21
-25
-26
-28
-29
-27
-27
-25
-24
-20
-17
-12
-8
-3
0
6
10
15
20
24
29
32
36
39
40
40
40
38
37
36
32
29
24
19
16
10
5
-1
-5
-9
-13
-15
-18
-20
-23
-23
-24
-23
-23
-21
-21
-17
-16
-12
-11
-8
-4
-4
0
1
4
5
6
6
6
4
3
0
-3
-8
-12
-16
-22
-25
-30
-34
-37
-41
-44
-47
-49
-49
-51
-50
-51
-49
-46
-42
-37
-33
-27
-22
-16
-10
-4
2
9
15
22
25
31
35
39
42
44
45
46
47
46
46
42
40
36
33
30
26
23
20
17
14
10
8
6
5
5
2
4
3
3
3
3
4
5
5
5
7
7
7
6
8
6
7
6
7
7
4
4
2
-1
-1
-3
-4
-4
-6
-6
-8
-8
-9
-10
-9
-8
-8
-6
-7
-4
-3
-2
1
3
4
5
7
6
9
9
10
10
11
8
9
6
5
3
1
0
-4
-5
-8
-10
-10
-11
-13
-12
-13
-12
-12
-11
-10
-9
-6
-4
-1
2
4
8
10
13
16
17
19
19
20
18
17
13
12
9
6
2
-1
-7
-12
-17
-22
-26
-31
-34
-38
-41
-43
-45
-47
-48
-50
-49
-49
-48
-47
-44
-42
-39
-36
-31
-27
-23
-18
-15
-10
-8
-3
0
3
6
9
10
11
13
14
14
16
16
14
15
15
15
14
12
12
12
11
13
12
11
10
10
11
10
9
10
8
6
6
7
5
5
4
4
4
2
3
3
3
4
5
6
8
9
11
13
17
18
21
24
25
27
31
33
34
36
35
36
34
34
30
27
25
20
15
11
3
-3
-9
-15
-22
-28
-35
-41
-45
-48
-51
-54
-55
-56
-54
-52
-47
-44
-39
-33
-27
-20
-12
-4
5
11
19
28
35
41
47
52
56
59
61
62
63
60
58
56
52
46
40
35
29
22
15
9
4
-3
-7
-12
-15
-18
-21
-23
-24
-25
-24
-24
-22
-19
-16
-14
-10
-7
-4
-1
1
3
5
6
7
8
7
7
5
4
3
0
-4
-6
-7
-10
-12
-14
-16
-16
-17
-18
-18
-19
-17
-16
-15
-12
-10
-7
-2
3
6
10
14
17
20
23
25
27
29
29
30
29
27
26
22
21
16
13
8
5
1
-4
-7
-10
-14
-17
-21
-23
-25
-26
-27
-28
-27
-26
-24
-22
-20
-18
-16
-13
-10
-6
-3
0
2
5
8
9
10
11
11
10
9
8
5
3
1
-2
-4
-10
-11
-16
-20
-25
-28
-31
-35
-37
-37
-38
-39
-40
-39
-37
-34
-31
-29
-27
-23
-20
-15
-9
-4
0
5
9
14
16
19
24
26
30
32
34
35
36
38
39
39
39
38
37
36
35
34
33
32
30
29
28
26
24
23
22
22
21
20
17
14
13
12
12
11
8
3
0
-2
-2
-2
-3
-5
-7
-9
-8
-8
-8
-7
-8
-7
-5
-2
1
3
2
4
7
11
15
15
14
15
17
17
18
18
14
11
6
-1
-4
-7
-10
-16
-23
-34
-42
-49
-54
-57
-64
-69
-77
-84
-84
-83
-83
-83
-84
-85
-82
-75
-67
-59
-56
-51
-42
-32
-21
-9
-2
5
13
23
35
44
50
57
62
68
76
81
86
88
89
91
94
95
95
94
91
89
87
83
81
77
72
66
59
53
46
39
33
26
17
9
2
-7
-15
-21
-29
-39
-45
-52
-59
-64
-72
-77
-83
-88
-90
-91
-93
-96
-98
-100
-98
-95
-92
-89
-88
-85
-81
-73
-66
-59
-54
-48
-40
-31
-21
-12
-3
6
14
22
30
40
47
54
61
67
