SAMPLES:	14722
BITSPERSAMPLE:	16
CHANNELS:	1
SAMPLERATE:	16000
NORMALIZED:	FALSE
-20
-21
-23
-23
-23
-23
-24
-24
-23
-24
-25
-23
-24
-22
-22
-19
-16
-16
-16
-14
-13
-12
-10
-12
-10
-10
-8
-7
-8
-5
-6
-4
-3
-4
1
0
3
5
3
7
4
5
4
2
3
0
2
0
0
3
-1
4
1
2
1
0
5
-1
3
0
-2
1
-3
0
-3
-3
0
-3
1
-3
-1
0
-4
3
-2
2
2
0
4
0
3
3
3
5
3
5
5
4
7
5
7
8
5
8
3
5
3
2
3
0
3
0
5
1
3
-1
-1
-1
-3
-1
-4
-2
-3
-4
-4
-5
-5
-6
-7
-6
-6
-7
-4
-7
-3
-4
-3
0
-2
3
0
4
2
3
1
0
0
-2
0
-2
3
2
3
5
4
5
8
7
10
12
11
15
12
16
13
16
14
13
18
11
18
13
15
15
11
13
10
10
11
7
9
6
5
5
-1
2
-2
-3
-2
-5
-4
-7
-6
-9
-8
-9
-10
-9
-10
-6
-9
-6
-6
-7
-4
-7
-4
-4
-5
-3
-6
-5
-4
-8
-4
-9
-5
-4
-4
2
-4
3
-1
3
7
5
11
9
14
16
14
16
15
15
17
14
17
13
15
12
11
11
5
9
3
6
4
3
7
0
2
-1
-5
-2
-9
-6
-8
-10
-8
-12
-9
-13
-13
-9
-12
-8
-9
-7
-4
-7
-3
-7
-7
-7
-10
-9
-9
-9
-8
-8
-8
-6
-10
-5
-7
-3
1
1
6
8
10
13
15
17
18
18
22
19
24
23
17
22
17
16
15
11
11
9
9
6
5
5
1
0
1
-3
3
-3
-5
-1
-6
-5
-6
-5
-6
-5
-4
-5
-5
-2
-7
-5
-2
-10
-4
-10
-10
-9
-13
-12
-16
-15
-18
-19
-18
-21
-18
-17
-20
-14
-12
-14
-6
-9
-4
-1
1
3
5
11
8
11
13
10
12
13
8
12
10
8
11
6
8
5
5
4
3
5
1
1
4
-3
4
2
-2
6
2
3
3
4
5
2
6
2
2
3
-1
1
2
-3
-2
-2
-8
-3
-11
-8
-13
-12
-14
-17
-14
-20
-16
-18
-18
-16
-13
-15
-12
-10
-8
-4
-4
-1
-2
4
1
2
7
3
8
4
3
5
2
3
1
0
-1
-2
-2
-6
-5
-4
-8
-5
-9
-6
-8
-8
-6
-9
-2
-11
-4
-6
-4
-5
-7
-3
-7
0
-5
-1
-2
-2
-1
-4
-3
-4
-5
-5
-8
-8
-6
-13
-7
-13
-10
-10
-12
-6
-11
-6
-6
-6
-1
-2
2
3
3
8
5
9
10
9
16
8
13
14
11
15
6
12
5
8
7
1
7
-1
5
1
0
2
2
1
4
4
3
5
5
8
4
9
5
6
7
5
7
6
5
5
5
2
5
2
3
0
1
0
-2
1
-6
0
-3
-1
-2
0
0
0
1
-1
2
-2
3
0
4
2
3
8
3
8
6
8
6
10
8
9
11
8
11
8
11
6
12
7
6
9
3
8
5
6
5
7
3
7
2
7
2
4
6
-1
10
-2
9
1
5
4
4
6
4
8
3
9
5
11
6
13
8
12
11
8
13
5
14
3
10
5
5
3
1
2
-1
1
-4
2
0
1
-1
1
0
2
0
0
2
-1
2
-2
2
-1
-2
1
-3
2
-2
-1
-3
-3
-2
-5
-1
-3
-1
-1
-2
-1
0
-2
-1
-2
-2
0
-2
2
-4
1
-3
-2
0
-3
3
0
3
1
6
3
6
5
6
7
6
8
4
7
2
2
1
-1
-3
-1
-4
-4
-3
-6
-4
-7
-5
-7
-7
-7
-9
-6
-9
-8
-7
-9
-7
-9
-9
-8
-10
-8
-9
-7
-7
-9
-9
-8
-10
-7
-10
-10
-8
-11
-8
-10
-9
-8
-8
-10
-6
-7
-5
-5
-6
-1
-5
1
-3
2
4
1
5
6
6
6
6
5
9
5
9
3
9
4
5
8
3
9
4
7
4
9
5
6
6
5
6
5
5
3
5
2
4
2
3
-2
1
-4
-3
-1
-7
-3
-5
-6
-7
-7
-9
-8
-10
-8
-13
-12
-11
-15
-9
-15
-13
-11
-13
-10
-8
-9
-7
-7
-5
-3
-2
0
-3
2
1
0
5
2
3
4
2
4
3
4
1
1
2
0
3
1
0
1
0
0
-1
0
-2
-2
0
-5
-2
-4
-6
-6
-7
-6
-8
-6
-10
-9
-9
-11
-12
-11
-14
-13
-13
-14
-13
-14
-11
-12
-10
-12
-9
-10
-9
-7
-8
-3
-5
-1
0
-1
5
3
6
9
7
12
11
12
14
12
18
14
16
19
15
20
15
18
20
18
20
18
19
21
19
22
22
19
22
17
20
16
16
14
12
12
7
8
4
6
0
3
0
1
-2
-3
-4
-7
-8
-12
-11
-16
-15
-19
-18
-21
-20
-22
-21
-19
-21
-16
-18
-14
-13
-11
-9
-7
-6
-2
-3
0
4
3
8
6
9
11
10
15
12
18
19
19
23
21
27
24
27
27
27
27
27
26
28
25
26
26
21
27
18
22
17
17
17
12
14
9
8
4
3
-2
-2
-6
-7
-10
-12
-14
-16
-16
-21
-16
-22
-16
-19
-18
-16
-19
-15
-19
-16
-17
-17
-15
-14
-14
-13
-12
-12
-10
-10
-8
-8
-5
-5
-2
0
-2
5
0
5
3
6
6
2
7
3
5
3
4
2
5
3
4
4
3
2
1
2
-2
1
-3
0
-3
-4
-1
-7
-2
-7
-7
-5
-8
-5
-5
-7
-2
-6
-5
-2
-7
-1
-6
-1
-4
-3
-2
-3
1
-4
2
-2
1
-1
-3
0
-2
-4
0
-6
1
-3
-5
-1
-6
-1
-5
-2
-4
-3
-2
-3
0
0
1
2
0
5
0
4
4
-1
6
-1
3
2
1
1
2
-1
3
-3
0
0
-1
3
-1
2
0
1
-1
1
-2
1
-4
0
-5
-1
-5
-4
0
-8
0
-9
-5
-6
-9
-8
-8
-11
-9
-14
-9
-10
-12
-10
-11
-9
-10
-7
-11
-2
-9
-3
-4
-5
-1
-3
0
0
0
1
1
1
2
-1
2
0
5
1
5
3
4
6
3
6
5
5
5
6
4
6
1
3
6
3
7
4
5
7
2
7
3
6
6
3
7
5
6
4
3
4
0
2
-1
-1
1
-6
0
-6
-4
-4
-8
-4
-8
-6
-6
-3
-3
-2
-6
-1
-3
-3
0
-3
0
0
-1
0
0
-2
3
-5
4
-3
-2
-1
-8
0
-9
-1
-8
-6
-4
-8
2
-3
4
4
6
11
11
15
17
18
19
18
18
18
13
16
9
12
7
6
4
-1
3
-3
0
-3
0
0
3
2
7
6
10
13
11
17
12
18
12
14
9
7
2
0
-4
-8
-10
-12
-9
-14
-7
-16
-8
-12
-8
-7
-12
-5
-13
-8
-12
-11
-11
-12
-12
-10
-9
-6
-7
-2
-3
1
2
2
6
2
5
3
3
5
1
7
5
7
8
7
10
9
11
9
10
11
7
8
5
3
2
0
0
-1
-4
-1
-6
-1
-5
-4
-2
-3
2
3
4
8
8
9
11
9
10
7
7
4
-2
-6
-14
-19
-25
-30
-34
-36
-36
-35
-34
-28
-23
-16
-10
0
11
17
28
30
34
34
27
24
11
7
-5
-9
-13
-18
-14
-17
-9
-7
-1
4
9
14
15
14
11
5
0
-7
-16
-19
-23
-19
-20
-15
-12
-9
-6
-7
-5
-7
-7
-9
-11
-14
-18
-20
-24
-23
-27
-25
-23
-21
-15
-13
-8
-7
-6
-6
-7
-6
-7
-5
-4
-6
-3
-6
-2
-5
-6
-5
-6
-2
-3
4
7
11
20
21
29
31
33
36
34
38
33
33
29
25
22
13
9
5
0
-1
-4
-2
1
0
2
-1
0
-3
-9
-8
-9
-8
-6
-5
0
1
1
1
1
3
3
5
7
6
4
-2
-9
-14
-23
-26
-29
-25
-22
-18
-10
-8
0
-1
4
6
11
17
21
26
25
25
18
11
2
-1
-4
1
4
12
15
18
17
12
10
7
11
13
23
27
30
30
23
17
5
-3
-8
-6
-1
4
6
3
-4
-16
-30
-41
-45
-45
-40
-32
-25
-24
-29
-35
-45
-51
-51
-44
-32
-17
-4
3
6
-1
-7
-15
-14
-8
1
14
20
23
15
4
-10
-22
-26
-21
-11
10
28
43
49
47
44
32
31
26
28
31
30
28
16
5
-14
-25
-30
-28
-16
-1
18
29
33
31
22
11
7
3
10
18
24
31
24
18
1
-14
-27
-37
-38
-37
-34
-32
-32
-34
-39
-43
-38
-36
-20
-9
1
12
7
6
-10
-19
-26
-30
-24
-20
-7
0
7
12
12
17
18
21
27
28
31
27
19
13
0
-5
-12
-11
-7
-3
6
9
15
16
18
19
21
24
25
24
23
16
10
0
-3
-7
-7
-4
-1
7
8
9
9
7
7
11
11
20
17
20
12
1
-10
-23
-28
-33
-25
-20
-10
-7
-3
-11
-14
-22
-22
-17
-8
7
17
28
26
23
7
-2
-13
-12
-12
-3
1
6
3
-7
-14
-28
-28
-31
-17
-6
10
19
22
17
6
-8
-19
-25
-25
-19
-13
-5
-5
-8
-17
-24
-33
-30
-25
-9
4
20
28
29
22
8
-5
-18
-26
-27
-23
-21
-12
-17
-12
-19
-20
-20
-16
-5
6
18
25
28
22
17
3
-5
-13
-13
-10
-3
4
8
8
7
0
-2
-7
-9
-4
-3
7
9
15
13
10
2
-4
-12
-15
-16
-11
-7
-3
2
-1
3
-6
-4
-8
-4
2
9
18
24
26
27
26
21
22
19
24
27
32
35
35
30
24
11
2
-7
-9
-8
-3
6
9
15
11
8
-1
-7
-11
-9
-8
3
8
14
15
8
4
-5
-9
-9
-6
-1
5
4
1
-13
-24
-39
-49
-48
-45
-33
-20
-10
-2
-1
-3
-6
-11
-9
-7
3
9
15
18
13
9
-3
-10
-11
-10
-1
5
14
19
17
11
2
-7
-8
-11
-4
5
14
23
20
19
16
12
9
9
14
18
20
20
15
11
1
-9
-15
-17
-15
-13
-8
-4
-4
-7
-14
-21
-24
-28
-23
-19
-9
-2
0
0
-2
-6
-8
-10
-10
-5
-8
-7
-11
-14
-22
-24
-26
-18
-11
-2
7
17
21
21
17
11
10
4
6
3
12
15
19
18
23
23
25
28
27
34
33
31
22
14
4
-2
-11
-6
-3
7
14
21
26
25
24
18
16
11
9
4
3
0
-7
-15
-18
-28
-29
-33
-30
-23
-20
-16
-18
-18
-20
-25
-23
-17
-9
0
6
14
9
6
-5
-14
-18
-27
-28
-30
-26
-25
-22
-20
-17
-13
-5
-1
9
20
26
29
29
26
15
8
1
-1
-2
5
9
15
19
18
12
7
7
-3
7
5
12
18
18
22
16
15
10
3
6
6
2
6
2
2
-7
-9
-13
-14
-9
-9
-3
0
2
0
-4
-11
-13
-24
-19
-23
-21
-10
-11
-2
0
0
2
-1
0
-2
-7
-3
-11
-9
-12
-13
-13
-14
-9
-4
0
6
10
11
15
11
15
10
11
9
5
9
5
10
10
9
13
8
9
7
-1
1
-8
-10
-10
-12
-9
-7
-2
1
2
7
10
8
14
14
14
13
11
7
-1
-3
-11
-17
-17
-21
-20
-19
-15
-15
-17
-9
-16
-16
-12
-16
-15
-10
-7
-6
-2
2
2
3
9
7
9
13
11
9
9
7
2
2
5
1
6
9
9
11
9
9
-1
-2
-8
-17
-18
-20
-26
-24
-20
-22
-15
-12
-2
-1
9
12
11
12
7
0
-7
-9
-14
-13
-10
-2
-2
8
6
7
7
2
2
-3
2
0
2
3
2
-4
-4
-10
-10
-11
-8
-6
-4
-1
-5
-9
-15
-16
-20
-12
-5
7
17
29
31
34
31
23
17
10
11
6
9
9
7
3
2
-9
-11
-9
-7
1
9
17
17
17
11
1
-4
-8
-9
-6
3
10
13
20
19
16
13
12
10
13
17
18
20
17
13
1
-2
-9
-12
-8
-2
2
9
13
10
7
2
-2
-8
-2
-2
5
6
11
6
3
0
-8
-10
-14
-10
-16
-10
-12
-14
-14
-17
-15
-13
-6
2
8
18
21
20
19
8
3
-9
-13
-20
-22
-20
-23
-21
-19
-18
-16
-13
-11
-9
-6
0
-2
3
6
4
7
9
15
16
21
25
24
29
28
25
25
21
17
10
7
5
-1
2
0
1
1
-1
1
-3
-2
-7
-7
-6
-6
-4
0
3
4
7
7
9
8
9
5
6
3
2
-2
-8
-7
-15
-11
-13
-10
-3
-1
3
7
6
7
2
0
-4
-9
-8
-14
-11
-13
-12
-11
-11
-9
-9
-6
-4
-2
1
2
2
4
0
3
0
2
5
7
15
16
22
23
23
23
22
20
18
15
13
7
3
0
-5
-5
-10
-9
-13
-11
-12
-12
-11
-13
-13
-15
-14
-15
-14
-11
-7
-7
-5
-6
-6
-9
-10
-13
-16
-16
-23
-23
-28
-28
-31
-32
-28
-23
-17
-8
-3
1
3
1
1
-5
-5
-10
-8
-5
-5
-4
-5
-8
-8
-13
-11
-10
-7
-1
-2
3
0
-1
-4
-5
-5
-1
2
11
17
20
25
21
21
17
18
21
25
29
35
37
37
35
28
26
18
19
17
19
22
21
21
20
14
14
9
8
11
10
17
16
17
18
10
11
6
2
5
-1
3
-1
-2
0
-5
-7
-8
-16
-11
-15
-13
-11
-17
-13
-23
-24
-28
-36
-38
-43
-48
-49
-54
-50
-51
-54
-48
-53
-43
-45
-41
-38
-39
-33
-34
-32
-24
-22
-16
-9
-9
3
1
12
14
18
26
28
35
39
43
50
51
55
61
62
72
73
80
84
81
84
75
75
75
68
73
70
73
75
70
73
63
56
49
36
32
21
15
11
0
-3
-14
-22
-23
-33
-31
-38
-38
-38
-46
-48
-58
-67
-76
-88
-92
-97
-99
-97
-103
-103
-110
-116
-118
-121
-118
-119
-112
-106
-103
-96
-95
-94
-95
-96
-95
-91
-82
-73
-68
-62
-61
-56
-47
-38
-21
-8
10
32
53
82
109
131
152
167
185
201
219
237
248
257
263
268
275
278
280
274
263
254
239
229
215
197
179
162
151
145
138
134
119
102
83
63
52
35
20
1
-27
-50
-74
-94
-109
-126
-137
-158
-174
-193
-217
-241
-272
-299
-330
-357
-373
-388
-405
-421
-447
-469
-491
-504
-512
-522
-530
-544
-557
-556
-550
-537
-519
-492
-440
-355
-221
-55
110
248
330
368
386
407
454
508
556
581
584
584
590
598
595
553
481
393
318
285
284
300
300
278
246
219
216
232
242
244
226
210
208
228
257
268
255
217
171
139
119
98
64
3
-63
-131
-173
-197
-222
-259
-314
-378
-427
-459
-469
-479
-492
-507
-517
-503
-469
-423
-384
-361
-350
-334
-306
-257
-205
-156
-118
-87
-52
-10
33
74
93
101
105
114
139
169
202
222
231
238
244
255
261
259
247
230
222
223
233
250
256
253
243
228
219
207
200
183
163
147
132
121
110
92
64
26
-11
-45
-74
-96
-122
-146
-172
-196
-213
-228
-240
-253
-270
-286
-298
-303
-301
-299
-293
-294
-291
-282
-266
-240
-209
-178
-149
-122
-91
-59
-24
11
41
68
91
117
142
167
191
204
211
216
219
225
230
236
242
243
246
247
247
243
231
217
199
183
172
164
161
155
146
135
117
101
76
51
27
-1
-23
-40
-52
-61
-69
-77
-88
-107
-120
-142
-156
-170
-180
-186
-195
-196
-201
-206
-208
-217
-226
-235
-248
-248
-248
-232
-216
-196
-171
-153
-127
-106
-87
-68
-56
-42
-22
-2
32
60
92
117
132
150
156
162
165
162
164
164
166
174
178
189
193
196
198
193
187
175
164
158
150
149
143
133
119
99
80
61
40
23
-1
-21
-43
-64
-75
-88
-97
-106
-116
-122
-127
-128
-126
-126
-123
-126
-127
-126
-126
-124
-124
-125
-129
-134
-138
-142
-144
-141
-138
-133
-129
-125
-117
-107
-92
-73
-49
-23
6
33
61
81
99
109
118
124
131
140
146
153
155
152
147
140
133
126
115
105
94
88
87
90
97
99
101
99
98
103
108
114
115
108
95
76
56
35
12
-11
-37
-59
-84
-100
-112
-122
-128
-131
-135
-136
-137
-138
-137
-137
-134
-131
-125
-117
-109
-98
-85
-72
-62
-60
-63
-75
-87
-96
-99
-96
-88
-82
-79
-76
-71
-65
-59
-53
-50
-46
-37
-21
8
38
67
87
94
96
95
97
101
103
105
102
96
93
92
93
91
84
73
59
51
50
60
77
94
108
110
105
94
85
81
79
77
72
61
50
41
41
38
29
9
-27
-61
-84
-89
-78
-62
-51
-56
-63
-62
-52
-33
-16
-10
-17
-24
-26
-17
-3
2
-11
-35
-58
-69
-63
-53
-46
-54
-72
-84
-83
-70
-54
-49
-55
-62
-59
-40
-10
14
21
11
-8
-17
-9
14
35
43
34
16
4
-2
4
5
-3
-20
-38
-45
-36
-17
2
6
-2
-16
-25
-16
1
21
32
33
29
29
38
49
51
42
19
-6
-19
-21
-14
-15
-26
-47
-66
-73
-63
-48
-37
-39
-47
-50
-38
-12
14
26
19
2
-10
-3
22
50
65
61
46
34
35
51
60
56
36
13
7
21
48
70
72
53
28
10
10
21
34
38
34
34
35
47
53
47
28
7
-6
-3
13
31
37
29
15
3
-4
-5
-9
-20
-31
-40
-36
-26
-13
-11
-24
-47
-66
-74
-67
-55
-52
-56
-67
-79
-76
-61
-46
-32
-31
-38
-40
-37
-27
-14
1
0
-1
-13
-27
-33
-34
-28
-27
-30
-46
-71
-82
-78
-69
-57
-64
-86
-112
-128
-128
-106
-81
-61
-49
-48
-48
-47
-41
-39
-38
-46
-55
-57
-53
-31
-7
7
7
-13
-39
-58
-62
-51
-36
-20
-15
-15
-12
-11
-12
-12
-15
-23
-15
-3
13
35
51
59
66
68
61
58
54
56
71
88
110
122
128
129
126
138
153
176
195
203
208
209
215
218
218
209
192
176
168
173
188
201
206
201
188
186
186
185
185
166
138
114
90
72
50
30
7
-3
7
18
33
29
2
-30
-59
-76
-89
-105
-129
-155
-159
-155
-138
-128
-140
-166
-190
-206
-212
-204
-207
-221
-247
-279
-301
-318
-331
-349
-371
-403
-433
-450
-473
-477
-486
-502
-520
-539
-552
-560
-551
-550
-555
-563
-585
-593
-586
-571
-538
-492
-439
-387
-326
-273
-208
-137
-78
-23
30
91
169
280
397
525
648
730
798
865
934
1015
1072
1098
1101
1118
1155
1205
1269
1289
1271
1219
1159
1124
1126
1138
1132
1114
1073
1042
1032
1034
1040
1021
959
876
804
761
747
750
715
645
549
443
373
338
317
270
193
92
3
-56
-97
-134
-190
-280
-389
-491
-570
-622
-661
-726
-815
-893
-959
-980
-978
-978
-993
-1019
-1045
-1064
-1059
-1062
-1094
-1153
-1232
-1294
-1320
-1316
-1305
-1317
-1356
-1406
-1428
-1397
-1313
-1216
-1166
-1172
-1222
-1265
-1266
-1218
-1169
-1148
-1162
-1212
-1241
-1231
-1214
-1218
-1243
-1279
-1299
-1271
-1170
-922
-411
352
1234
2000
2454
2556
2432
2321
2371
2573
2752
2736
2504
2219
2071
2061
2008
1718
1156
473
-75
-278
-148
146
376
393
280
204
287
481
664
729
705
692
762
985
1268
1459
1449
1225
884
591
424
329
233
96
-91
-281
-419
-468
-487
-547
-683
-880
-1010
-990
-822
-574
-331
-141
13
175
357
554
675
664
557
457
470
614
780
837
739
512
275
121
54
44
7
-104
-216
-252
-174
-32
81
91
32
-24
-17
69
198
305
321
264
191
158
166
151
53
-120
-306
-470
-572
-626
-682
-753
-890
-1079
-1235
-1336
-1391
-1419
-1451
-1499
-1527
-1544
-1561
-1570
-1591
-1636
-1705
-1743
-1732
-1683
-1639
-1617
-1616
-1620
-1616
-1640
-1693
-1757
-1830
-1864
-1818
-1687
-1523
-1394
-1329
-1361
-1429
-1460
-1346
-923
-97
987
2017
2765
3097
3098
3012
3017
3133
3272
3284
3075
2778
2607
2603
2600
2370
1857
1159
523
178
149
337
554
663
619
555
621
791
951
1022
1017
994
1041
1203
1416
1575
1576
1358
977
588
329
158
15
-136
-307
-504
-672
-760
-811
-831
-887
-1010
-1110
-1081
-894
-639
-363
-143
-15
66
126
246
412
569
635
586
537
517
561
579
524
422
269
149
66
70
119
154
176
159
192
257
320
364
367
391
395
418
439
441
448
397
315
193
86
-10
-125
-217
-332
-424
-483
-527
-567
-644
-748
-905
-1062
-1195
-1310
-1380
-1422
-1440
-1466
-1510
-1586
-1683
-1765
-1844
-1889
-1903
-1905
-1896
-1878
-1857
-1834
-1802
-1789
-1811
-1862
-1943
-2019
-2053
-2026
-1971
-1920
-1909
-1925
-1871
-1730
-1551
-1438
-1400
-1298
-836
204
1597
2910
3723
3859
3566
3328
3464
3852
4171
4101
3560
2901
2536
2520
2532
2243
1538
589
-150
-379
-135
310
640
693
522
424
592
947
1290
1468
1505
1468
1493
1663
1855
1941
1790
1375
780
253
-25
-167
-273
-424
-661
-941
-1149
-1197
-1145
-1040
-977
-1018
-1047
-932
-648
-311
-29
118
121
90
65
100
202
285
284
210
164
181
350
605
779
820
732
555
368
329
395
460
515
497
404
333
366
404
402
393
311
244
286
444
610
727
764
636
461
315
210
116
15
-98
-268
-414
-515
-592
-682
-816
-961
-1131
-1235
-1220
-1132
-1036
-984
-958
-1020
-1103
-1155
-1228
-1341
-1482
-1615
-1753
-1813
-1782
-1774
-1846
-1984
-2138
-2304
-2379
-2319
-2205
-2089
-2027
-2017
-2043
-2016
-1954
-1892
-1797
-1683
-1531
-1373
-1202
-1086
-1085
-1184
-1178
-669
458
1913
3205
3965
4094
3795
3484
3394
3528
3702
3617
3198
2684
2455
2447
2318
1860
1095
268
-356
-508
-245
248
720
925
893
852
1026
1302
1493
1571
1571
1541
1505
1553
1658
1689
1548
1136
566
52
-240
-401
-527
-583
-649
-747
-844
-854
-792
-698
-642
-690
-707
-577
-314
-21
211
359
385
294
172
87
46
-19
-128
-266
-344
-328
-278
-256
-252
-175
-29
120
246
365
429
449
517
637
762
846
822
662
529
524
553
568
561
526
448
398
383
378
380
310
185
33
-74
-133
-189
-253
-326
-364
-430
-530
-642
-760
-863
-923
-929
-904
-869
-840
-860
-921
-977
-1035
-1131
-1293
-1485
-1684
-1852
-1937
-1950
-1927
-1918
-1954
-2044
-2139
-2157
-2096
-1978
-1841
-1708
-1627
-1644
-1698
-1640
-1490
-1339
-1217
-1141
-1098
-1011
-813
-667
-590
-604
-817
-1001
-653
479
1933
3184
3855
3806
3378
3021
2951
3071
3300
3360
2949
2384
2142
2197
2122
1690
968
126
-407
-425
-91
417
927
1190
1062
889
956
1097
1168
1174
1198
1244
1359
1517
1547
1459
1216
752
139
-328
-502
-548
-529
-477
-459
-537
-653
-745
-790
-755
-712
-735
-737
-576
-309
-60
78
104
34
-81
-185
-243
-208
-136
-95
-92
-99
-74
-68
-101
-154
-153
12
302
627
879
1029
1041
935
874
847
827
801
716
564
425
417
412
354
296
188
80
36
105
191
265
329
263
134
-3
-108
-219
-322
-372
-424
-491
-574
-656
-768
-905
-1015
-1120
-1219
-1261
-1225
-1185
-1181
-1175
-1204
-1275
-1314
-1305
-1362
-1502
-1644
-1768
-1811
-1726
-1583
-1547
-1637
-1746
-1804
-1793
-1720
-1591
-1484
-1438
-1360
-1205
-993
-777
-630
-672
-838
-894
-860
-835
-832
-819
-876
-1019
-999
-573
405
1679
2774
3354
3406
3221
3015
2946
3055
3288
3388
3090
2551
2111
1887
1673
1258
652
25
-362
-420
-233
143
580
849
804
658
665
826
1047
1226
1370
1508
1604
1572
1414
1204
918
505
16
-392
-594
-625
-632
-666
-710
-790
-928
-1084
-1153
-1076
-895
-707
-522
-274
-7
187
234
180
117
60
6
-45
-13
63
96
46
-39
-71
-87
-90
-112
-59
230
658
985
1121
1147
996
764
695
681
666
708
644
394
236
329
364
330
326
222
114
128
225
256
301
316
146
-38
-131
-155
-220
-325
-412
-511
-589
-698
-803
-876
-908
-882
-882
-881
-867
-878
-963
-1071
-1087
-1114
-1202
-1317
-1417
-1493
-1538
-1551
-1605
-1637
-1623
-1678
-1778
-1803
-1751
-1721
-1639
-1518
-1401
-1263
-1098
-988
-973
-933
-881
-792
-611
-461
-468
-656
-871
-1080
-1191
-1215
-1300
-1434
-1624
-1587
-898
500
2075
3195
3671
3451
2969
2755
2832
3094
3426
3559
3126
2442
1971
1574
1130
568
-81
-673
-882
-635
-221
312
806
1019
913
743
791
980
1291
1627
1879
1986
1918
1695
1293
867
442
-26
-449
-698
-707
-619
-535
-542
-656
-815
-945
-962
-839
-548
-187
111
349
548
698
723
643
494
331
231
192
200
221
239
178
-1
-197
-354
-441
-447
-312
-3
383
733
904
879
748
613
526
479
494
503
446
342
279
286
313
304
230
104
7
-14
17
86
153
145
20
-164
-349
-505
-607
-690
-764
-828
-888
-921
-943
-948
-935
-910
-911
-923
-866
-786
-736
-752
-815
-947
-1095
-1181
-1239
-1275
-1283
-1292
-1354
-1448
-1480
-1488
-1479
-1417
-1316
-1255
-1249
-1207
-1183
-1126
-980
-838
-779
-727
-586
-543
-579
-622
-740
-910
-1000
-1037
-1182
-1301
-1406
-1682
-1903
-1906
-1753
-1302
-228
1190
2361
3197
3540
3380
3141
3113
3163
3221
3386
3275
2740
2149
1657
1168
626
133
-338
-648
-564
-237
160
545
873
975
888
914
1095
1359
1631
1889
2018
1951
1763
1410
929
503
168
-177
-460
-546
-540
-536
-486
-467
-519
-525
-466
-394
-233
53
320
500
649
722
694
597
428
224
48
-76
-198
-309
-399
-508
-591
-652
-695
-694
-640
-576
-442
2
602
982
1084
975
642
322
322
352
299
426
490
231
32
89
5
-149
-140
-192
-254
-53
211
193
116
76
-155
-450
-554
-514
-506
-471
-411
-475
-585
-611
-617
-705
-712
-576
-546
-575
-531
-516
-636
-759
-852
-1037
-1177
-1201
-1229
-1301
-1314
-1274
-1309
-1402
-1469
-1567
-1691
-1693
-1540
-1377
-1238
-1078
-1045
-1150
-1200
-1156
-1149
-1148
-1034
-909
-829
-755
-781
-1001
-1303
-1548
-1747
-1865
-1810
-1627
-1459
-1299
-818
177
1463
2645
3417
3625
3451
3357
3455
3577
3713
3785
3441
2675
1946
1358
801
336
-50
-430
-625
-445
-131
196
619
990
1109
1066
1133
1311
1582
1944
2212
2270
2110
1800
1310
802
462
197
-47
-250
-350
-419
-466
-456
-505
-572
-606
-570
-489
-336
-77
138
285
344
295
154
-13
-156
-297
-370
-405
-457
-553
-658
-698
-741
-780
-781
-737
-681
-556
-375
-251
46
554
909
980
966
790
431
333
406
371
480
654
427
49
-18
-84
-219
-93
60
54
169
396
412
347
381
232
-84
-287
-324
-329
-290
-174
-144
-216
-343
-468
-624
-733
-657
-568
-569
-581
-560
-646
-837
-1001
-1182
-1377
-1475
-1432
-1400
-1433
-1412
-1419
-1493
-1496
-1438
-1455
-1496
-1390
-1246
-1206
-1166
-1135
-1227
-1348
-1325
-1252
-1212
-1141
-1188
-1403
-1593
-1586
-1415
-1222
-1077
-1088
-1294
-1523
-1526
-1330
-1016
-351
786
2008
2959
3630
3904
3733
3465
3258
2929
2700
2745
2589
2067
1588
1201
634
72
-263
-504
-549
-201
297
693
1158
1631
1758
1674
1713
1800
1834
1931
2037
2007
1891
1699
1250
652
176
-195
-554
-775
-783
-750
-716
-669
-687
-723
-680
-610
-589
-476
-237
-18
145
290
364
303
146
-61
-268
-369
-360
-362
-397
-406
-429
-541
-650
-705
-755
-732
-622
-494
-177
426
896
1037
1044
852
510
419
492
468
613
791
586
316
299
197
29
68
47
-66
47
244
268
314
384
227
-89
-345
-482
-537
-467
-309
-214
-233
-276
-353
-525
-630
-596
-564
-569
-502
-415
-414
-492
-651
-906
-1207
-1442
-1603
-1714
-1769
-1774
-1786
-1811
-1766
-1717
-1752
-1821
-1855
-1815
-1656
-1409
-1180
-988
-848
-768
-715
-785
-972
-1089
-1079
-1012
-962
-977
-1110
-1238
-1368
-1590
-1726
-1712
-1700
-1749
-1446
-483
1010
2564
3570
3844
3602
3287
3060
2958
3120
3413
3433
2936
2274
1678
1163
729
267
-186
-456
-373
-80
324
868
1356
1550
1395
1193
1146
1290
1595
1886
2043
1996
1774
1334
757
305
-4
-263
-516
-649
-660
-626
-559
-566
-610
-674
-718
-747
-701
-452
-127
131
235
264
203
41
-104
-222
-285
-308
-301
-346
-422
-448
-491
-587
-684
-701
-673
-573
-358
-55
318
648
858
985
1027
938
828
775
682
635
669
578
417
360
265
35
-85
-98
-182
-155
12
115
144
211
221
97
18
-23
-119
-237
-243
-215
-268
-275
-272
-352
-478
-538
-614
-713
-706
-679
-741
-851
-934
-1055
-1227
-1356
-1433
-1478
-1472
-1419
-1409
-1460
-1465
-1432
-1434
-1447
-1416
-1388
-1354
-1261
-1190
-1145
-1121
-1175
-1267
-1329
-1418
-1538
-1541
-1483
-1421
-1316
-1320
-1437
-1482
-1465
-1573
-1684
-1651
-1592
-1437
-938
142
1610
3022
3940
4103
3745
3367
3239
3168
3192
3368
3273
2705
2003
1399
810
314
-99
-583
-913
-799
-373
116
675
1213
1404
1254
1122
1202
1449
1847
2245
2371
2249
2013
1636
1105
632
319
-11
-371
-596
-694
-753
-746
-728
-840
-985
-1030
-1000
-904
-592
-145
158
323
404
358
258
229
178
93
75
52
-33
-138
-225
-371
-552
-709
-839
-857
-710
-473
-173
196
499
685
762
682
573
547
585
698
829
882
824
653
394
143
-18
-109
-147
-121
-82
-28
59
89
40
-17
-104
-229
-300
-342
-346
-279
-233
-233
-283
-390
-540
-676
-777
-853
-839
-778
-718
-669
-657
-748
-951
-1156
-1324
-1407
-1409
-1369
-1364
-1408
-1426
-1445
-1495
-1576
-1677
-1752
-1715
-1574
-1405
-1278
-1248
-1290
-1351
-1355
-1249
-1102
-1014
-983
-964
-976
-1056
-1153
-1249
-1360
-1410
-1403
-1419
-1393
-1305
-1256
-1004
-197
1025
2251
3178
3614
3556
3392
3318
3215
3185
3316
3287
2873
2340
1842
1376
980
608
173
-233
-342
-204
40
407
876
1161
1153
1102
1094
1147
1347
1657
1810
1775
1691
1483
1162
894
698
405
53
-231
-477
-668
-731
-702
-722
-789
-845
-910
-952
-868
-664
-459
-281
-111
8
73
135
188
182
137
87
4
-117
-210
-261
-327
-410
-468
-521
-568
-524
-353
-148
89
354
490
516
542
555
555
632
680
620
569
493
367
269
233
191
154
142
78
5
-42
-61
-87
-119
-132
-159
-218
-287
-324
-360
-377
-363
-394
-463
-531
-589
-636
-628
-561
-503
-506
-552
-646
-825
-1004
-1134
-1265
-1383
-1442
-1489
-1536
-1559
-1581
-1623
-1676
-1743
-1808
-1796
-1684
-1511
-1347
-1252
-1228
-1213
-1183
-1155
-1094
-984
-925
-994
-1057
-1063
-1137
-1238
-1302
-1454
-1609
-1581
-1563
-1643
-1581
-1252
-616
361
1458
2353
2945
3236
3309
3289
3249
3323
3496
3532
3322
3021
2652
2210
1831
1470
1031
574
235
8
-98
12
290
513
566
576
559
517
628
869
1068
1209
1353
1379
1263
1180
1144
1051
886
678
376
47
-163
-311
-447
-538
-617
-756
-920
-1037
-1097
-1080
-1008
-917
-808
-677
-526
-350
-168
-24
92
157
128
57
-22
-65
-47
2
38
43
-6
-56
-57
-58
-21
64
93
71
101
152
198
315
395
364
320
310
282
275
354
409
450
481
459
384
293
234
173
117
64
10
-75
-168
-218
-289
-363
-437
-517
-609
-704
-735
-724
-692
-664
-672
-739
-850
-947
-1059
-1172
-1225
-1224
-1224
-1221
-1206
-1224
-1229
-1243
-1312
-1386
-1446
-1490
-1495
-1420
-1317
-1197
-1091
-1078
-1124
-1185
-1200
-1191
-1144
-1047
-959
-880
-822
-781
-791
-810
-825
-877
-930
-960
-947
-918
-859
-731
-436
24
532
1035
1458
1777
2038
2265
2401
2496
2600
2659
2664
2617
2569
2535
2529
2545
2522
2401
2169
1896
1560
1193
902
685
526
421
360
295
227
164
68
-57
-185
-269
-281
-246
-158
-15
124
230
325
358
318
268
200
115
47
6
-48
-93
-121
-168
-221
-267
-297
-340
-376
-409
-446
-460
-484
-519
-576
-612
-620
-617
-604
-591
-561
-550
-540
-516
-484
-418
-333
-245
-161
-69
26
98
163
226
280
310
315
326
352
379
411
444
434
381
311
208
107
54
30
8
0
-12
-32
-47
-60
-73
-96
-111
-115
-126
-140
-138
-131
-142
-176
-240
-347
-463
-560
-634
-684
-703
-713
-729
-732
-737
-739
-731
-735
-740
-751
-756
-753
-747
-721
-678
-636
-621
-612
-615
-612
-586
-555
-520
-462
-383
-319
-263
-218
-189
-169
-159
-138
-92
-8
68
141
193
207
210
164
85
8
-38
-56
-34
2
10
-3
-56
-124
-181
-211
-195
-143
-54
46
135
215
267
293
294
292
301
328
380
437
483
517
549
575
596
627
658
705
775
868
971
1048
1091
1107
1104
1070
1031
985
933
873
805
741
670
615
565
509
453
420
396
362
355
360
355
328
273
194
112
49
-8
-46
-84
-135
-195
-257
-330
-394
-448
-505
-541
-560
-571
-571
-550
-537
-533
-531
-538
-545
-540
-513
-468
-394
-326
-288
-286
-312
-351
-383
-367
-326
-272
-221
-197
-186
-165
-136
-114
-70
-20
16
42
64
91
136
182
190
187
152
93
39
-1
-36
-48
-49
-86
-114
-137
-163
-172
-168
-179
-213
-260
-309
-330
-339
-348
-351
-369
-392
-387
-377
-378
-376
-370
-378
-378
-357
-339
-332
-341
-357
-378
-410
-433
-431
-440
-461
-466
-506
-583
-656
-728
-800
-830
-818
-802
-761
-704
-641
-581
-534
-499
-454
-388
-311
-194
-65
61
173
259
313
348
408
454
494
538
605
663
704
748
781
824
866
918
980
1071
1171
1243
1307
1358
1411
1446
1448
1424
1391
1362
1310
1257
1211
1166
1111
1023
916
794
680
592
526
465
411
352
252
136
35
-48
-116
-175
-228
-288
-329
-347
-375
-422
-482
-539
-606
-657
-698
-716
-724
-744
-772
-804
-825
-844
-842
-844
-838
-794
-745
-685
-609
-516
-453
-398
-343
-292
-225
-166
-120
-84
-36
10
47
79
88
103
108
104
100
113
141
155
172
175
163
154
159
170
185
219
250
257
261
268
272
252
218
156
65
-26
-103
-171
-248
-303
-359
-436
-519
-599
-678
-750
-787
-806
-801
-773
-722
-663
-632
-613
-605
-600
-596
-584
-574
-586
-591
-596
-621
-669
-721
-773
-834
-877
-891
-865
-814
-749
-691
-647
-611
-561
-490
-406
-307
-191
-57
81
229
350
419
473
530
583
646
727
804
872
928
953
975
1024
1065
1095
1131
1165
1200
1243
1287
1321
1367
1402
1405
1400
1377
1346
1317
1297
1288
1277
1239
1160
1068
964
858
767
687
603
519
429
304
164
24
-111
-244
-350
-427
-478
-506
-545
-595
-654
-714
-770
-809
-855
-911
-953
-987
-1005
-984
-944
-912
-894
-880
-861
-822
-754
-686
-616
-545
-477
-402
-330
-264
-199
-131
-83
-41
6
48
92
128
145
152
157
167
188
215
227
242
266
278
282
284
280
268
275
289
307
327
339
331
290
249
213
142
36
-67
-155
-236
-302
-365
-435
-510
-591
-688
-790
-866
-905
-927
-943
-923
-878
-830
-794
-774
-770
-778
-777
-786
-794
-783
-761
-737
-711
-690
-696
-730
-787
-842
-864
-854
-825
-777
-705
-633
-572
-520
-473
-423
-348
-254
-164
-68
55
182
286
371
457
548
648
766
883
982
1073
1163
1235
1288
1345
1394
1428
1456
1492
1528
1548
1556
1547
1530
1506
1488
1465
1415
1359
1305
1258
1209
1169
1115
1025
917
800
687
586
498
402
301
193
70
-60
-176
-282
-374
-442
-514
-575
-606
-637
-684
-713
-741
-791
-829
-858
-890
-907
-898
-902
-908
-891
-861
-826
-786
-743
-706
-667
-634
-589
-532
-457
-365
-293
-233
-178
-133
-93
-48
-6
38
87
122
146
183
217
248
283
297
298
309
326
338
351
363
363
354
342
316
274
245
215
176
139
103
48
-32
-114
-206
-293
-346
-388
-441
-481
-522
-580
-626
-674
-722
-758
-779
-799
-795
-752
-712
-682
-663
-675
-717
-764
-805
-832
-830
-808
-782
-750
-708
-680
-695
-730
-759
-763
-741
-694
-616
-541
-473
-428
-404
-392
-362
-312
-261
-193
-89
23
112
193
264
332
418
517
625
743
878
994
1079
1147
1206
1253
1288
1310
1330
1357
1385
1413
1435
1444
1434
1410
1366
1320
1281
1260
1229
1193
1154
1100
1039
949
846
745
664
593
516
428
327
219
109
-2
-101
-178
-240
-291
-331
-374
-409
-453
-506
-547
-582
-609
-650
-701
-761
-811
-847
-878
-897
-905
-899
-889
-861
-822
-772
-720
-688
-654
-610
-541
-456
-372
-290
-219
-158
-108
-69
-43
-13
18
39
56
74
98
125
153
183
203
215
212
206
205
207
223
231
232
235
236
225
206
174
114
52
-2
-50
-107
-156
-207
-263
-306
-348
-387
-425
-466
-508
-547
-567
-583
-594
-600
-603
-601
-600
-613
-624
-628
-648
-678
-711
-736
-741
-734
-713
-698
-675
-650
-643
-632
-610
-575
-530
-482
-426
-373
-330
-294
-272
-258
-236
-223
-215
-191
-147
-90
-29
42
108
172
255
342
425
500
563
615
659
698
732
755
784
824
863
915
962
991
1005
1000
995
999
1031
1068
1100
1139
1174
1190
1185
1151
1089
1005
915
841
782
741
722
672
597
533
475
389
282
190
94
25
7
-8
-56
-113
-172
-244
-317
-389
-460
-529
-572
-600
-639
-657
-650
-627
-602
-586
-572
-556
-533
-515
-497
-468
-419
-366
-311
-259
-212
-179
-164
-166
-188
-211
-228
-243
-223
-168
-98
-43
-11
26
64
102
157
225
283
317
294
247
217
207
188
153
109
45
-28
-94
-189
-304
-390
-463
-542
-597
-613
-646
-685
-717
-767
-845
-913
-963
-1007
-1030
-1017
-979
-946
-900
-859
-861
-892
-938
-1006
-1075
-1127
-1139
-1116
-1096
-1083
-1076
-1080
-1104
-1130
-1151
-1171
-1188
-1192
-1174
-1117
-1036
-972
-952
-915
-741
-413
-34
313
605
831
999
1158
1351
1603
1959
2350
2621
2753
2837
2887
2871
2822
2754
2638
2470
2288
2086
1876
1730
1583
1310
949
595
263
-20
-179
-237
-264
-300
-383
-525
-668
-735
-738
-713
-645
-505
-361
-241
-116
14
133
222
261
257
254
298
370
430
478
478
390
223
36
-126
-242
-327
-413
-511
-562
-571
-614
-638
-602
-562
-524
-446
-374
-303
-155
9
100
193
322
410
468
572
687
753
792
798
717
624
608
572
488
411
315
129
-96
-261
-390
-502
-580
-685
-875
-1051
-1150
-1239
-1309
-1300
-1252
-1259
-1278
-1259
-1272
-1302
-1275
-1244
-1270
-1260
-1200
-1205
-1209
-1151
-1136
-1198
-1262
-1316
-1385
-1428
-1427
-1417
-1411
-1376
-1355
-1377
-1407
-1426
-1420
-1409
-1447
-1490
-1471
-1427
-1347
-1205
-1117
-1140
-1182
-1252
-1359
-1319
-929
-227
584
1263
1659
1729
1633
1653
1874
2261
2847
3451
3729
3683
3534
3331
3105
2959
2857
2723
2572
2422
2242
1990
1735
1431
912
304
-97
-321
-418
-336
-256
-334
-522
-791
-1074
-1164
-1004
-693
-371
-107
123
272
314
375
466
523
618
708
732
815
916
887
768
578
318
62
-126
-242
-287
-308
-389
-581
-834
-1030
-1148
-1213
-1166
-1043
-943
-825
-688
-544
-297
-12
190
382
606
797
1005
1234
1359
1430
1499
1419
1229
1131
1050
882
743
612
365
80
-166
-434
-692
-812
-880
-1043
-1203
-1252
-1306
-1401
-1379
-1276
-1229
-1122
-954
-917
-912
-832
-797
-814
-749
-631
-579
-589
-620
-710
-875
-1040
-1178
-1328
-1428
-1470
-1617
-1833
-1988
-2103
-2175
-2175
-2178
-2174
-2125
-2102
-2038
-1876
-1723
-1590
-1426
-1277
-1166
-1042
-907
-798
-688
-595
-543
-534
-533
-473
-320
62
703
1286
1599
1738
1774
1798
1972
2291
2689
3153
3455
3404
3175
2943
2745
2588
2447
2331
2225
2050
1810
1538
1217
896
549
139
-106
-119
-101
-104
-114
-219
-429
-635
-754
-702
-461
-148
112
247
325
405
408
400
520
667
759
841
889
860
794
638
371
109
-83
-224
-324
-369
-379
-467
-665
-895
-1069
-1138
-1083
-956
-822
-664
-524
-449
-391
-302
-131
90
274
456
670
844
956
1065
1108
1029
978
935
811
769
837
774
578
426
216
-70
-218
-263
-357
-414
-428
-566
-766
-831
-877
-987
-990
-887
-825
-789
-693
-671
-732
-715
-713
-793
-790
-703
-699
-749
-769
-881
-1086
-1231
-1340
-1458
-1551
-1607
-1723
-1912
-2042
-2125
-2207
-2245
-2204
-2165
-2181
-2176
-2126
-2057
-1907
-1653
-1405
-1281
-1198
-1065
-940
-772
-512
-317
-328
-413
-446
-508
-489
-174
337
835
1277
1549
1502
1407
1606
1968
2344
2777
3106
3118
2998
2997
2976
2867
2771
2598
2287
2065
2023
1903
1668
1421
1028
499
125
14
11
50
112
19
-240
-428
-482
-479
-383
-177
-41
-8
99
232
297
366
434
406
353
398
496
567
619
593
404
111
-118
-269
-387
-430
-479
-659
-889
-1039
-1156
-1239
-1212
-1164
-1162
-1112
-967
-791
-584
-337
-164
-82
81
339
588
846
1088
1202
1218
1254
1271
1255
1273
1228
1062
904
804
706
601
487
299
68
-122
-284
-382
-393
-409
-495
-608
-723
-829
-860
-839
-822
-823
-850
-883
-873
-818
-754
-736
-798
-908
-981
-1002
-965
-880
-884
-998
-1161
-1327
-1456
-1508
-1517
-1559
-1659
-1799
-1941
-2028
-2031
-1996
-1981
-1994
-1972
-1922
-1830
-1673
-1521
-1410
-1279
-1088
-904
-717
-513
-385
-315
-207
-115
-91
-57
32
203
549
1014
1376
1538
1510
1436
1466
1656
1991
2366
2621
2671
2613
2506
2422
2393
2330
2218
2092
1968
1867
1776
1631
1427
1142
779
486
398
391
395
403
324
177
42
-45
-97
-45
46
100
133
172
202
224
224
180
106
12
-67
-95
-59
-54
-105
-231
-385
-515
-600
-645
-686
-714
-772
-830
-882
-892
-873
-846
-853
-858
-826
-740
-593
-431
-269
-138
-15
83
201
324
457
579
664
713
737
744
721
679
612
542
450
352
254
178
110
50
-32
-139
-220
-278
-303
-313
-310
-321
-329
-336
-356
-375
-385
-428
-486
-506
-502
-505
-510
-529
-618
-683
-709
-751
-785
-779
-809
-860
-870
-898
-957
-996
-1025
-1045
-1031
-1017
-1008
-992
-978
-968
-938
-897
-863
-844
-822
-755
-644
-528
-426
-336
-262
-191
-128
-75
-11
61
96
88
68
30
1
-26
-64
-105
-145
-212
-261
-271
-237
-150
-33
44
81
116
166
269
408
539
648
729
755
779
836
922
1021
1084
1092
1093
1108
1116
1114
1108
1103
1084
1046
1025
1033
1043
1034
1007
948
890
843
791
757
746
692
609
527
423
307
208
132
73
43
11
-34
-73
-112
-156
-196
-217
-212
-210
-225
-239
-237
-246
-271
-295
-321
-359
-395
-435
-474
-516
-533
-542
-552
-553
-530
-514
-523
-531
-545
-554
-521
-459
-412
-357
-302
-250
-202
-145
-79
-8
61
122
190
251
316
357
366
361
345
312
285
274
249
214
164
108
43
-10
-74
-132
-195
-246
-275
-298
-318
-344
-382
-439
-478
-507
-537
-561
-574
-587
-603
-628
-663
-697
-728
-738
-747
-757
-783
-804
-815
-826
-835
-827
-801
-786
-764
-739
-737
-732
-711
-720
-739
-739
-734
-747
-762
-777
-794
-775
-759
-752
-743
-718
-684
-638
-570
-495
-381
-218
-51
100
240
341
430
534
667
796
930
1041
1101
1144
1188
1251
1304
1350
1386
1402
1399
1400
1404
1398
1383
1370
1336
1305
1290
1256
1226
1202
1164
1091
1019
961
911
868
809
750
689
607
525
453
392
345
284
196
103
35
-54
-155
-253
-359
-446
-517
-582
-645
-703
-770
-837
-903
-955
-989
-999
-1008
-1002
-999
-992
-946
-876
-809
-746
-676
-622
-555
-462
-354
-237
-113
-25
38
111
196
283
373
451
492
513
516
519
526
530
522
491
441
388
349
302
260
214
145
75
44
12
-22
-53
-101
-161
-207
-223
-238
-248
-270
-293
-337
-392
-439
-482
-535
-582
-629
-697
-764
-828
-896
-973
-1048
-1127
-1198
-1261
-1319
-1354
-1386
-1409
-1424
-1441
-1477
-1490
-1484
-1458
-1418
-1370
-1343
-1310
-1249
-1173
-1092
-1026
-958
-882
-780
-678
-536
-360
-141
90
310
485
616
748
883
1046
1215
1382
1480
1539
1593
1653
1702
1744
1766
1749
1727
1700
1684
1674
1696
1685
1628
1541
1455
1383
1327
1291
1240
1178
1104
1031
973
953
935
907
844
761
659
577
503
435
387
320
219
79
-56
-195
-326
-470
-617
-761
-883
-979
-1053
-1121
-1187
-1256
-1335
-1367
-1358
-1315
-1259
-1194
-1129
-1071
-1001
-923
-817
-692
-551
-402
-259
-116
21
130
222
310
384
428
474
520
535
552
579
595
593
585
561
517
490
484
464
440
420
399
354
321
297
255
209
179
150
109
62
2
-76
-125
-143
-173
-214
-273
-346
-425
-475
-522
-579
-644
-711
-780
-864
-969
-1081
-1181
-1266
-1332
-1409
-1492
-1548
-1574
-1615
-1649
-1658
-1675
-1681
-1674
-1640
-1583
-1497
-1427
-1366
-1299
-1228
-1156
-1086
-1003
-901
-806
-753
-691
-618
-510
-349
-110
155
412
626
775
882
997
1142
1279
1422
1556
1678
1767
1871
1971
2017
2003
1957
1887
1816
1784
1781
1798
1809
1798
1728
1630
1532
1442
1358
1296
1263
1230
1195
1163
1136
1081
994
872
737
604
510
436
359
283
173
-1
-204
-388
-564
-728
-870
-996
-1132
-1253
-1341
-1407
-1464
-1494
-1515
-1534
-1502
-1420
-1332
-1239
-1123
-1003
-887
-751
-604
-459
-325
-184
-19
155
316
451
542
590
637
676
700
710
717
690
641
607
588
570
544
522
489
441
395
369
356
368
388
372
335
314
286
227
182
137
76
4
-55
-116
-152
-195
-287
-422
-551
-662
-753
-818
-870
-921
-1018
-1147
-1287
-1389
-1456
-1477
-1499
-1545
-1602
-1665
-1722
-1745
-1718
-1691
-1685
-1686
-1660
-1600
-1476
-1337
-1237
-1188
-1160
-1134
-1100
-1010
-902
-812
-747
-695
-678
-673
-657
-614
-511
-260
122
535
872
1075
1155
1167
1212
1349
1561
1795
1983
2083
2134
2188
2247
2229
2126
1979
1826
1705
1645
1666
1702
1694
1606
1450
1294
1195
1128
1070
1023
1010
991
972
977
964
901
770
612
454
339
272
206
121
22
-141
-361
-565
-723
-867
-1015
-1129
-1222
-1268
-1277
-1273
-1268
-1274
-1281
-1287
-1262
-1168
-1020
-874
-736
-592
-463
-368
-255
-136
-35
55
127
206
324
500
684
811
849
804
695
609
621
695
738
758
735
657
607
594
567
533
511
457
414
465
562
600
563
465
324
205
129
65
-25
-107
-195
-315
-431
-538
-684
-887
-1084
-1239
-1346
-1407
-1435
-1461
-1491
-1536
-1600
-1669
-1711
-1714
-1712
-1702
-1656
-1603
-1585
-1585
-1564
-1535
-1504
-1491
-1492
-1479
-1432
-1358
-1251
-1114
-981
-911
-914
-938
-906
-813
-727
-659
-597
-551
-539
-511
-399
-155
249
767
1245
1583
1791
1881
1903
1982
2175
2368
2479
2490
2409
2299
2221
2134
1947
1679
1406
1175
1023
1000
1040
1025
928
821
755
740
789
838
857
859
876
885
890
896
852
709
524
362
220
91
-23
-151
-329
-518
-699
-865
-977
-1029
-1067
-1117
-1126
-1092
-1036
-946
-827
-732
-655
-570
-466
-355
-224
-98
-21
30
65
90
109
144
186
196
189
187
193
215
271
355
427
474
519
545
565
601
654
705
743
762
731
680
629
559
477
411
368
323
272
209
133
65
9
-69
-154
-235
-304
-370
-424
-465
-538
-633
-741
-844
-944
-1012
-1031
-1043
-1065
-1077
-1094
-1125
-1162
-1214
-1301
-1394
-1430
-1455
-1475
-1456
-1412
-1395
-1414
-1454
-1503
-1525
-1495
-1435
-1358
-1256
-1133
-997
-905
-857
-846
-854
-843
-786
-706
-645
-605
-616
-684
-747
-741
-707
-687
-647
-458
-17
631
1290
1751
1965
1977
1901
1874
2005
2241
2410
2397
2251
2097
1978
1816
1541
1200
862
592
470
530
710
869
901
808
722
730
796
895
1015
1134
1208
1229
1237
1232
1144
930
624
315
74
-80
-188
-289
-384
-530
-730
-912
-1012
-1042
-1040
-997
-907
-773
-621
-472
-345
-261
-207
-169
-134
-63
23
74
104
138
129
67
5
-52
-108
-134
-140
-133
-92
-44
-22
-1
90
220
341
454
569
663
729
793
832
839
809
712
551
418
352
295
227
169
109
20
-54
-94
-107
-126
-166
-224
-288
-314
-309
-318
-371
-431
-515
-633
-720
-756
-805
-873
-924
-988
-1059
-1105
-1126
-1162
-1200
-1228
-1282
-1343
-1357
-1303
-1258
-1222
-1193
-1215
-1290
-1337
-1337
-1303
-1218
-1119
-1051
-1009
-945
-917
-951
-997
-1022
-1019
-987
-910
-826
-779
-770
-791
-810
-813
-797
-778
-717
-467
78
826
1524
2029
2257
2223
2075
2019
2060
2136
2200
2147
1958
1767
1648
1445
1142
772
400
108
57
249
533
815
1000
1065
1060
1114
1215
1308
1383
1455
1495
1484
1464
1393
1208
898
540
174
-152
-348
-457
-542
-621
-692
-790
-890
-908
-879
-826
-725
-566
-403
-233
-60
58
107
97
65
-10
-56
-71
-73
-107
-145
-189
-265
-329
-377
-413
-430
-376
-303
-231
-120
-5
85
161
243
293
401
571
738
863
959
952
821
682
528
370
252
167
41
-69
-86
-109
-143
-142
-163
-230
-242
-183
-126
-43
44
47
-19
-60
-113
-200
-283
-359
-452
-544
-590
-642
-729
-842
-967
-1116
-1231
-1272
-1284
-1278
-1224
-1131
-1076
-1043
-1043
-1102
-1193
-1265
-1320
-1368
-1352
-1297
-1236
-1167
-1082
-1021
-977
-921
-899
-907
-902
-893
-904
-937
-916
-880
-839
-805
-796
-825
-849
-835
-794
-565
-40
648
1280
1768
2055
2119
2087
2051
1995
1962
1956
1863
1680
1552
1497
1371
1152
871
581
364
305
401
580
820
1047
1172
1222
1295
1378
1388
1356
1326
1262
1193
1130
1041
883
693
422
80
-223
-437
-591
-706
-738
-740
-712
-655
-586
-501
-421
-344
-307
-254
-172
-71
7
43
57
19
-65
-185
-290
-390
-477
-560
-621
-651
-634
-606
-581
-529
-443
-344
-259
-151
-20
117
238
352
464
545
579
558
519
547
683
845
901
890
816
652
448
319
217
128
98
50
-30
-23
62
54
18
11
-23
-80
-64
-22
-7
27
26
-48
-151
-230
-356
-526
-674
-788
-887
-961
-1003
-1037
-1064
-1060
-1042
-1009
-979
-970
-998
-1042
-1082
-1104
-1102
-1095
-1072
-1052
-1057
-1106
-1155
-1171
-1129
-1014
-864
-764
-748
-787
-858
-935
-973
-939
-899
-886
-888
-864
-830
-816
-825
-872
-916
-947
-951
-875
-539
108
870
1517
1962
2210
2244
2158
2053
1960
1899
1842
1692
1469
1346
1301
1178
958
725
494
306
244
308
477
747
1031
1243
1414
1600
1724
1721
1656
1581
1504
1400
1295
1160
980
763
506
195
-111
-352
-577
-790
-899
-895
-864
-795
-684
-578
-496
-425
-412
-418
-383
-336
-322
-307
-274
-272
-326
-428
-540
-642
-737
-823
-868
-835
-720
-563
-405
-242
-69
75
182
271
344
402
440
483
564
715
855
938
964
920
797
650
516
379
300
267
206
135
153
179
162
164
153
86
48
92
124
177
269
289
206
109
4
-141
-276
-386
-511
-639
-738
-823
-898
-941
-939
-938
-979
-1034
-1068
-1100
-1118
-1084
-1031
-998
-976
-975
-1035
-1118
-1183
-1252
-1316
-1314
-1254
-1180
-1113
-1040
-950
-859
-788
-760
-748
-762
-804
-848
-877
-893
-880
-873
-926
-956
-908
-888
-952
-1005
-1038
-1071
-950
-527
151
924
1625
2080
2294
2402
2453
2362
2180
2021
1846
1610
1404
1306
1218
1083
889
651
417
286
275
329
478
728
1008
1242
1464
1673
1791
1791
1715
1601
1458
1325
1173
967
744
526
262
-54
-358
-628
-865
-1040
-1116
-1087
-967
-803
-651
-506
-371
-258
-203
-181
-176
-162
-144
-128
-104
-116
-162
-258
-398
-554
-669
-749
-798
-761
-654
-513
-341
-150
-11
100
197
251
282
348
421
461
505
563
652
785
894
916
862
742
560
393
264
168
138
145
118
90
126
157
166
181
182
145
129
140
131
152
192
179
70
-65
-218
-398
-562
-712
-864
-1012
-1097
-1137
-1157
-1169
-1172
-1203
-1229
-1208
-1152
-1090
-1034
-989
-995
-1004
-988
-986
-1013
-1036
-1047
-1073
-1091
-1100
-1097
-1076
-1002
-907
-838
-806
-820
-869
-951
-1041
-1112
-1116
-1030
-936
-879
-861
-838
-780
-687
-622
-592
-557
-485
-213
372
1083
1639
2034
2256
2268
2207
2158
2046
1910
1796
1570
1272
1131
1131
1058
907
750
574
435
391
438
535
727
964
1121
1231
1379
1527
1550
1485
1398
1278
1108
920
709
494
299
98
-146
-382
-545
-672
-802
-867
-830
-726
-608
-475
-346
-238
-119
-20
7
-16
-39
-79
-142
-196
-230
-281
-353
-454
-566
-660
-708
-729
-742
-700
-597
-458
-298
-117
55
179
258
294
340
409
484
531
556
606
730
863
910
890
826
672
487
352
235
170
203
207
152
167
223
205
180
182
127
75
80
83
73
90
86
-11
-154
-275
-405
-565
-719
-847
-972
-1064
-1088
-1101
-1116
-1074
-1027
-1035
-1055
-1036
-1014
-1014
-983
-936
-907
-892
-889
-904
-931
-931
-949
-1041
-1159
-1259
-1319
-1285
-1156
-1012
-906
-839
-825
-859
-893
-953
-1033
-1077
-1057
-998
-887
-719
-573
-526
-514
-516
-543
-559
-550
-448
-65
648
1376
1903
2279
2485
2495
2391
2195
1927
1717
1571
1328
1073
990
1013
976
840
642
420
267
228
274
416
696
1001
1204
1358
1549
1681
1661
1540
1349
1114
898
714
507
325
201
40
-194
-387
-521
-652
-778
-855
-874
-834
-703
-544
-413
-279
-127
-63
-106
-146
-179
-267
-352
-393
-420
-439
-433
-468
-563
-621
-641
-679
-693
-595
-443
-272
-65
156
330
464
553
553
507
498
608
770
897
980
1036
984
835
705
544
319
188
116
-26
-92
16
106
134
211
230
157
144
178
150
139
185
180
88
2
-84
-236
-434
-623
-790
-954
-1041
-1060
-1088
-1127
-1107
-1106
-1158
-1168
-1123
-1120
-1134
-1094
-1055
-1010
-945
-920
-994
-1066
-1079
-1083
-1089
-1071
-1044
-1045
-1042
-987
-939
-921
-891
-882
-925
-946
-890
-840
-782
-691
-620
-613
-610
-595
-604
-637
-652
-645
-641
-590
-505
-476
-371
76
748
1342
1820
2183
2334
2386
2417
2291
2059
1895
1698
1347
1076
1013
974
848
710
530
320
218
232
239
340
622
880
1027
1224
1467
1575
1553
1461
1273
1033
854
672
434
236
108
-73
-321
-496
-603
-717
-802
-838
-857
-790
-610
-436
-315
-153
5
66
78
91
76
20
-38
-117
-197
-237
-269
-365
-472
-531
-581
-635
-634
-570
-480
-348
-188
-28
132
295
428
516
601
753
914
989
1004
1017
968
876
777
599
378
247
132
-49
-137
-107
-102
-105
-56
-33
-30
8
9
-59
-78
-27
-30
-82
-93
-89
-157
-277
-402
-560
-698
-777
-874
-1011
-1097
-1126
-1162
-1177
-1145
-1126
-1142
-1172
-1201
-1218
-1188
-1102
-1008
-948
-895
-834
-824
-870
-931
-998
-1075
-1099
-1046
-950
-829
-711
-649
-667
-712
-727
-733
-724
-674
-621
-616
-589
-518
-479
-459
-425
-424
-458
-456
-443
-428
-343
-256
-212
-15
465
1016
1457
1797
2025
2126
2154
2099
1911
1730
1623
1434
1155
1014
1006
940
807
655
435
224
165
176
210
367
630
819
956
1153
1318
1357
1311
1196
985
787
672
532
355
235
141
-40
-236
-375
-505
-627
-699
-739
-764
-683
-519
-382
-279
-152
-48
-23
-1
19
-1
-42
-56
-99
-152
-160
-174
-248
-321
-357
-407
-437
-402
-320
-245
-138
-3
98
222
467
734
860
903
909
817
696
614
463
287
219
120
-65
-144
-110
-125
-146
-119
-129
-121
-32
43
65
125
203
194
137
102
55
-53
-162
-280
-445
-594
-691
-814
-964
-1034
-1076
-1149
-1198
-1179
-1148
-1107
-1043
-1008
-1008
-978
-909
-873
-846
-805
-807
-870
-903
-920
-983
-1042
-1058
-1073
-1050
-969
-930
-946
-947
-914
-870
-807
-744
-706
-663
-587
-514
-501
-508
-478
-437
-405
-365
-340
-297
-193
-87
-40
22
86
113
174
318
517
846
1265
1559
1742
1905
1974
1903
1803
1652
1427
1241
1120
971
855
847
820
693
574
530
489
458
477
512
555
681
823
873
916
1008
1002
860
711
573
411
268
140
-18
-145
-216
-289
-398
-472
-504
-536
-571
-550
-461
-336
-186
-39
65
132
214
241
196
139
110
70
10
-33
-85
-137
-175
-209
-271
-318
-308
-288
-304
-283
-222
-143
62
402
650
748
828
825
681
572
475
269
135
133
41
-83
-11
67
13
1
11
-98
-162
-86
-76
-103
-1
103
48
9
20
-83
-260
-358
-463
-642
-728
-743
-836
-932
-916
-943
-1043
-1053
-1021
-1083
-1119
-1050
-1001
-976
-875
-792
-799
-785
-744
-787
-883
-910
-953
-1050
-1093
-1054
-1045
-1012
-908
-881
-941
-908
-807
-789
-756
-668
-612
-572
-469
-407
-404
-330
-216
-223
-302
-291
-241
-243
-255
-225
-226
-194
-84
-17
-55
-9
207
495
894
1389
1783
1982
2107
2155
2097
1995
1888
1688
1423
1198
1017
845
707
605
462
292
149
62
15
48
146
271
396
538
687
794
858
878
838
725
604
479
350
248
173
59
-70
-159
-244
-324
-365
-393
-425
-410
-353
-273
-152
-2
90
136
162
166
134
100
45
-48
-113
-148
-183
-220
-216
-240
-274
-279
-283
-295
-262
-198
-156
-70
48
245
588
939
1075
1052
944
725
526
386
154
-53
-73
-120
-241
-198
-77
-87
-124
-165
-306
-384
-278
-199
-193
-89
69
90
15
-21
-89
-229
-383
-545
-772
-923
-933
-984
-1111
-1120
-1041
-1073
-1132
-1107
-1073
-1051
-974
-934
-953
-893
-783
-770
-819
-820
-838
-925
-979
-958
-938
-919
-874
-836
-836
-840
-877
-969
-983
-854
-702
-606
-487
-360
-285
-221
-167
-181
-229
-240
-282
-357
-365
-308
-282
-260
-180
-121
-84
3
86
134
339
764
1209
1559
1851
2026
2072
2090
2057
1893
1696
1533
1273
938
724
650
556
443
348
224
101
68
80
71
146
326
466
553
715
876
921
910
870
724
558
455
335
173
84
42
-63
-176
-254
-323
-412
-462
-491
-488
-418
-281
-128
-3
129
244
288
255
229
176
81
-2
-45
-91
-126
-125
-139
-184
-225
-253
-293
-321
-295
-232
-142
80
404
650
770
841
796
640
531
411
197
64
35
-75
-169
-129
-124
-197
-198
-218
-326
-345
-257
-237
-240
-132
-50
-71
-71
-49
-130
-228
-276
-393
-570
-644
-652
-724
-772
-764
-809
-906
-935
-964
-1050
-1079
-1012
-967
-937
-835
-745
-714
-687
-684
-779
-883
-938
-992
-1056
-1057
-988
-903
-816
-706
-608
-596
-637
-697
-783
-831
-756
-632
-527
-439
-381
-385
-418
-406
-323
-265
-273
-275
-279
-279
-174
0
85
137
223
228
183
271
494
757
1043
1293
1451
1562
1689
1761
1709
1590
1470
1300
1090
946
871
801
718
618
486
374
304
259
226
212
262
356
441
543
674
769
805
801
733
627
544
461
357
280
222
148
58
-54
-162
-230
-281
-337
-382
-370
-312
-232
-151
-62
8
47
69
65
31
11
-4
-56
-100
-109
-131
-159
-175
-197
-226
-243
-255
-228
-130
-6
107
219
308
370
424
429
346
255
185
76
-43
-85
-101
-133
-115
-76
-97
-102
-57
-80
-151
-150
-127
-148
-123
-70
-76
-108
-116
-174
-278
-343
-391
-482
-573
-595
-597
-609
-597
-570
-593
-645
-685
-758
-846
-864
-833
-829
-827
-800
-780
-791
-814
-861
-931
-994
-1012
-1002
-979
-932
-857
-795
-760
-724
-711
-764
-879
-952
-933
-867
-790
-696
-629
-580
-495
-446
-484
-514
-493
-511
-516
-435
-311
-168
-11
79
105
133
211
396
700
1056
1398
1671
1804
1857
1892
1870
1766
1646
1501
1308
1136
1019
916
811
715
586
421
289
214
154
131
200
306
407
532
675
786
870
928
922
837
715
579
435
307
228
157
43
-63
-142
-253
-370
-436
-493
-532
-499
-449
-400
-277
-119
-14
73
168
202
178
153
99
15
-43
-72
-112
-143
-133
-141
-185
-224
-260
-321
-300
-180
-78
3
138
258
300
349
383
337
265
210
109
3
-4
20
12
14
42
7
-42
-58
-101
-180
-192
-165
-170
-148
-84
-64
-87
-104
-152
-235
-293
-330
-385
-432
-439
-451
-481
-508
-552
-640
-721
-769
-838
-916
-944
-942
-955
-949
-918
-916
-931
-926
-940
-981
-968
-938
-958
-940
-838
-727
-628
-539
-558
-645
-682
-709
-779
-819
-831
-845
-814
-734
-652
-573
-517
-501
-504
-509
-489
-425
-356
-275
-154
-37
53
148
260
440
754
1101
1358
1523
1630
1676
1694
1686
1655
1616
1544
1398
1216
1077
999
931
834
703
547
405
297
236
225
284
364
407
436
481
548
620
680
688
672
636
568
477
395
339
297
236
123
-2
-116
-207
-281
-339
-393
-401
-386
-376
-342
-264
-176
-107
-50
-24
-1
34
50
30
17
15
-28
-93
-138
-163
-207
-258
-304
-353
-394
-389
-309
-170
3
175
287
318
311
297
233
168
168
160
90
47
69
71
82
111
65
-46
-93
-113
-169
-174
-95
-55
-57
-31
-43
-113
-155
-164
-234
-315
-346
-395
-467
-483
-452
-462
-492
-512
-581
-694
-763
-798
-865
-902
-885
-891
-922
-908
-880
-893
-914
-939
-1014
-1075
-1062
-1045
-1039
-958
-812
-685
-578
-543
-604
-662
-670
-678
-686
-690
-763
-832
-825
-805
-752
-608
-473
-413
-331
-279
-294
-229
-76
23
121
307
518
754
1088
1387
1536
1635
1721
1709
1636
1614
1568
1470
1399
1331
1214
1110
1054
931
758
639
557
447
348
301
263
239
271
313
330
373
442
462
455
496
515
470
427
410
358
304
280
225
143
70
-17
-150
-266
-326
-374
-419
-427
-409
-403
-386
-335
-309
-302
-261
-216
-194
-144
-61
-22
2
37
36
2
-14
-23
-58
-87
-101
-116
-112
-67
-16
25
75
123
128
115
101
87
85
99
100
83
74
70
75
84
92
90
81
64
21
-30
-44
-37
-42
-48
-47
-85
-132
-179
-264
-350
-386
-419
-472
-496
-501
-514
-512
-496
-507
-525
-540
-576
-637
-674
-687
-697
-700
-688
-679
-682
-692
-730
-768
-786
-775
-772
-775
-782
-782
-768
-740
-706
-660
-607
-576
-565
-566
-563
-537
-491
-465
-453
-454
-451
-436
-400
-343
-274
-189
-107
-52
-11
52
139
223
309
384
439
506
612
729
867
1032
1160
1223
1237
1209
1162
1140
1141
1120
1075
1025
973
912
860
806
724
613
500
379
278
212
187
187
210
248
284
317
331
329
314
303
283
263
244
212
186
177
152
128
112
64
-9
-79
-139
-188
-213
-220
-215
-220
-220
-216
-225
-236
-228
-229
-256
-267
-269
-273
-265
-236
-216
-191
-164
-153
-164
-171
-175
-189
-213
-218
-193
-152
-113
-73
-47
-37
-39
-74
-125
-145
-119
-73
-37
-17
-22
-52
-65
-45
-15
-2
-23
-66
-108
-124
-135
-141
-89
7
8
-56
-122
-208
-269
-254
-216
-123
-18
-71
-222
-308
-290
-226
-184
-210
-238
-267
-317
-354
-320
-250
-207
-248
-340
-356
-298
-260
-263
-237
-219
-210
-204
-213
-202
-163
-138
-134
-95
-53
-40
-77
-114
-105
-69
-55
-38
-24
-19
9
24
18
38
65
40
33
63
94
136
174
179
172
176
161
148
162
199
230
235
224
222
217
223
239
245
241
234
197
152
131
111
83
56
23
-7
-13
-4
9
35
49
51
63
72
62
57
67
76
104
127
133
137
146
136
118
105
84
54
29
16
2
12
16
12
19
33
24
8
7
2
8
13
20
22
42
61
71
80
83
71
46
19
-12
-36
-57
-60
-57
-52
-47
-33
-23
-19
-17
-22
-17
-6
-5
-6
3
9
12
10
-3
-18
-31
-54
-70
-64
-57
-64
-79
-91
-96
-97
-118
-147
-178
-202
-215
-217
-206
-186
-162
-140
-116
-101
-85
-88
-107
-133
-168
-193
-187
-170
-153
-135
-117
-99
-97
-109
-111
-101
-87
-57
-33
-10
26
42
51
72
89
100
99
70
46
50
56
75
97
99
77
44
20
10
20
33
31
24
22
23
23
24
39
48
50
65
88
94
94
96
94
91
99
107
103
110
111
91
81
71
42
14
6
-3
-22
-32
-34
-41
-46
-40
-38
-40
-39
-49
-48
-15
-1
-18
-29
-17
-8
8
12
19
10
-16
-34
-19
14
26
8
-25
-57
-44
-19
-29
-17
5
-33
-48
-14
17
43
33
-8
-8
0
2
35
57
94
111
45
-10
14
13
-3
-10
35
72
-3
-72
-48
-33
24
80
31
37
77
15
-6
63
103
60
-9
3
54
59
83
98
82
94
34
-72
-53
-34
-51
-31
-41
-63
-99
-198
-193
-87
-54
-50
-68
-73
-38
-41
-66
-37
-14
-32
-93
-138
-108
-98
-116
-129
-137
-139
-116
-128
-156
-164
-152
-152
-118
-35
-12
-52
-74
-48
-15
14
46
82
75
46
21
5
43
98
78
32
2
-1
20
4
13
76
76
59
84
80
77
75
49
55
84
136
175
161
145
144
93
63
61
39
34
60
68
41
6
-12
-46
-92
-87
-52
-31
-35
-77
-105
-64
-16
-6
-18
-41
-84
-121
-106
-27
48
49
-3
-81
-126
-85
-13
26
93
105
4
-60
-27
3
26
90
104
37
-24
-17
-20
23
109
89
-14
-42
-69
-102
-9
107
125
96
51
-24
-80
-53
60
129
112
45
-63
-111
-37
52
121
155
105
54
-21
-40
65
158
189
207
141
39
-28
-35
72
189
241
207
59
-102
-136
-80
9
70
32
-78
-199
-247
-166
-36
59
73
-47
-184
-195
-120
19
145
138
34
-103
-235
-218
-79
-3
-5
-42
-166
-263
-257
-219
-145
-66
-113
-200
-204
-138
-49
6
57
91
75
45
17
11
40
33
22
103
159
107
22
-55
-113
-85
8
71
136
115
-41
-171
-185
-114
40
168
183
116
-16
-116
-105
24
137
148
113
16
-134
-155
-42
64
178
179
6
-143
-193
-172
-28
110
124
94
-16
-177
-233
-157
-4
126
111
-34
-165
-188
-119
17
145
158
66
-23
-69
-25
63
108
129
142
101
11
-22
22
94
151
143
63
-44
-106
-91
-25
44
100
50
-14
-9
-5
17
76
71
60
92
80
57
83
103
114
127
79
8
6
27
46
86
103
60
-34
-118
-104
-28
13
46
50
-13
-47
-33
-27
39
113
78
11
-23
-57
-72
-70
-67
-58
-85
-119
-96
-78
-74
-50
-35
-38
-27
-34
-54
-38
13
58
55
37
7
-54
-120
-123
-71
-45
-44
-74
-128
-157
-151
-135
-82
-45
-53
-53
-40
2
57
91
111
131
135
87
-2
-41
-30
-4
46
76
66
11
-87
-151
-116
-41
-20
-48
-67
-95
-107
-77
-10
90
139
92
31
4
36
89
86
102
104
41
4
21
58
88
69
26
7
-34
-91
-80
-10
11
-1
-23
-57
-61
-45
-32
-31
-56
-50
-20
-18
39
77
55
81
106
63
29
4
20
91
131
157
163
104
38
38
56
67
81
51
-19
-82
-65
17
60
77
85
16
-59
-78
-91
-23
62
43
18
4
-26
-4
26
7
-15
-54
-113
-118
-66
-17
6
3
-27
-77
-110
-77
-43
-18
45
64
65
88
59
66
127
128
104
67
5
-6
-1
-9
-1
-27
-61
-80
-88
-75
-80
-101
-68
-19
13
66
77
40
26
10
7
64
91
58
13
-42
-50
-47
-53
-17
-27
-101
-118
-131
-162
-132
-87
-51
16
53
29
50
134
142
113
132
103
50
51
30
15
48
29
-17
-19
-32
-77
-111
-136
-154
-165
-166
-118
-48
-2
13
-20
-66
-69
-20
48
86
76
31
-43
-59
-14
18
65
88
30
-45
-105
-114
-64
-20
18
9
-79
-118
-113
-95
-10
47
31
4
-46
-71
-44
5
89
149
152
121
55
6
8
41
82
95
75
56
19
9
35
32
28
28
-12
-24
-18
-32
-10
-1
-30
-20
28
71
74
36
13
1
12
53
90
132
117
32
-28
-37
4
75
82
44
-5
-79
-104
-56
10
38
4
-46
-76
-90
-45
18
56
60
12
-11
25
27
25
27
-32
-68
-54
-65
-48
-7
-31
-66
-57
-61
-61
-17
14
6
14
49
65
81
96
83
62
34
2
21
32
-11
-63
-101
-94
-54
-51
-77
-101
-126
-107
-59
-31
-28
-35
-28
14
51
99
131
99
37
0
-14
23
69
55
30
-19
-96
-125
-99
-73
-72
-108
-139
-164
-176
-133
-50
24
36
-9
-32
-7
29
71
69
46
46
56
74
103
91
67
28
-33
-34
4
10
11
-1
-61
-80
-70
-53
-5
45
42
14
-1
-23
-20
38
112
158
182
174
143
123
131
165
181
152
120
106
75
67
90
65
7
-31
-54
-45
-33
-46
-47
-70
-103
-66
-24
-17
1
-33
-97
-104
-91
-41
36
56
23
-33
-81
-57
-24
-3
25
-1
-61
-74
-57
-13
37
33
6
-24
-42
-12
30
62
111
116
97
94
81
80
111
110
101
86
39
4
-31
-35
-12
-36
-55
-30
-66
-94
-87
-107
-99
-24
27
26
16
25
26
1
10
25
19
14
-9
-54
-74
-66
-64
-69
-84
-92
-105
-137
-127
-62
-22
-9
-6
-29
-15
32
47
55
95
89
15
-26
-16
-3
-12
-25
-60
-112
-148
-158
-155
-121
-87
-124
-157
-135
-105
-58
22
65
57
37
39
59
88
133
150
124
107
97
66
55
66
70
69
43
-6
-33
-44
-39
4
38
11
-16
-17
-23
-14
27
47
41
30
8
12
42
61
53
38
28
28
36
66
72
63
71
35
-16
-16
-3
29
64
26
-28
-68
-101
-71
-5
17
-11
-62
-110
-113
-79
-51
-17
31
47
24
-5
-28
-29
-18
-6
7
1
-19
-17
-10
-11
-14
-33
-60
-62
-34
-25
-29
-25
-32
-22
20
61
104
118
78
35
15
24
45
59
59
49
30
8
-24
-43
-33
-15
-17
-39
-58
-79
-64
-6
33
57
75
48
12
-2
-11
2
38
30
-14
-3
2
-39
-49
-51
-61
-34
-40
-67
-35
-6
-12
-4
8
2
22
50
55
42
31
15
-7
-22
-25
-19
-2
-3
-30
-45
-65
-103
-115
-104
-71
-26
-11
-5
5
1
10
42
49
54
52
21
2
26
49
60
60
21
-19
-18
-13
-20
-1
6
-33
-68
-64
-43
-8
27
57
60
12
-25
-25
0
60
103
93
59
14
-4
17
77
136
129
77
28
5
22
41
61
64
15
-32
-51
-58
-30
0
-15
-41
-52
-60
-69
-46
-31
-41
-29
-1
5
7
11
11
12
20
35
60
82
70
48
34
29
28
44
62
62
51
59
63
52
39
38
58
64
43
27
36
63
69
36
48
56
9
4
21
-12
-39
-56
-90
-98
-99
-115
-109
-85
-72
-85
-92
-88
-89
-80
-37
22
50
29
-6
-9
5
31
50
40
-9
-55
-73
-71
-39
-8
-38
-86
-94
-96
-99
-59
-11
16
27
15
-12
-25
-10
28
79
83
41
-1
-29
-51
-38
-20
-6
-3
-42
-74
-79
-96
-84
-37
-17
-13
-7
-6
0
31
62
75
84
64
7
-14
15
33
47
78
62
24
12
-5
2
30
26
20
12
-19
-14
-10
-7
29
30
11
21
13
-7
-21
-36
-10
18
26
46
44
22
22
25
33
61
69
51
27
-11
-37
-45
-25
2
5
-9
-21
-44
-54
-39
-24
-1
0
-16
-26
-50
-51
-1
40
56
61
36
-2
-32
-39
2
54
77
55
12
-29
-49
-45
-13
31
38
-5
-49
-61
-63
-37
12
48
56
32
0
5
34
45
49
48
30
14
-7
-30
-36
-34
-33
-27
-31
-36
-48
-67
-61
-19
18
21
18
13
15
40
58
54
50
38
16
-4
-30
-55
-66
-64
-56
-63
-77
-93
-98
-83
-56
-29
-8
-1
3
24
36
39
52
47
22
26
26
8
5
-6
-28
-31
-41
-62
-57
-43
-47
-52
-36
-19
-5
20
42
49
56
62
63
55
52
61
64
62
54
21
-8
-14
-18
-17
0
18
24
13
-14
-31
-25
-13
6
33
49
49
36
29
37
41
29
25
35
43
34
19
2
-14
-24
-18
6
25
20
0
-5
5
13
7
-7
-21
-26
-16
2
25
37
28
4
-15
-20
-16
-7
8
21
20
9
5
14
26
47
68
71
54
28
3
-14
-14
7
17
14
1
-18
-28
-11
5
-13
-29
-38
-57
-58
-34
-27
-18
4
11
9
3
-11
-24
-26
-17
-11
-22
-42
-63
-69
-43
-17
1
15
17
24
33
35
48
60
48
49
59
53
43
37
30
22
8
-15
-38
-57
-57
-64
-65
-43
-34
-32
-33
-39
-32
-14
-9
-1
4
-6
-15
-26
-23
-27
-37
-39
-47
-65
-74
-72
-71
-72
-70
-61
-46
-34
-24
-10
10
28
45
45
42
51
54
63
84
81
57
40
24
18
21
29
27
7
5
2
-13
-5
9
8
19
12
-3
11
14
24
46
49
44
42
31
24
37
50
56
57
59
61
64
65
53
49
55
52
40
33
22
5
-3
-18
-38
-52
-67
-93
-102
-109
-120
-120
-112
-102
-97
-91
-83
-74
-68
-47
-23
-16
-8
5
5
5
17
22
19
23
16
1
4
8
-2
-1
19
19
13
14
12
13
16
14
14
8
0
14
28
45
52
36
15
-5
-19
-21
-21
-19
-21
-39
-38
-23
-15
2
20
25
23
15
6
14
29
36
38
32
27
29
27
23
25
21
10
1
-6
-5
-4
-11
-17
-24
-19
-13
2
29
46
47
52
40
26
28
25
25
21
11
-13
-29
-26
-14
3
12
2
-22
-52
-73
-68
-55
-35
-18
-11
-4
3
18
33
41
35
25
8
-11
-17
-10
5
15
20
15
8
-1
-12
-19
-14
-5
-10
-15
-6
-3
3
21
31
37
41
32
27
23
16
11
0
-2
1
7
1
-8
-13
-26
-31
-27
-27
-29
-29
-43
-52
-52
-53
-51
-54
-50
-52
-47
-38
-25
-13
-6
-6
-7
0
3
4
15
31
33
39
35
23
24
19
12
11
11
7
0
-10
-10
-3
12
25
25
28
17
11
19
27
42
55
52
54
62
68
74
78
76
56
31
10
1
1
0
-3
-6
-11
-10
-7
6
28
37
38
36
29
28
30
35
39
31
11
-16
-34
-42
-54
-57
-67
-88
-106
-117
-113
-99
-86
-71
-57
-47
-34
-24
-11
2
10
19
20
16
16
24
24
19
12
9
12
15
10
8
12
6
0
1
14
27
41
58
64
67
66
56
61
65
54
55
43
29
31
32
31
37
33
23
24
14
1
-7
-23
-43
-53
-57
-55
-55
-60
-62
-64
-69
-73
-74
-68
-56
-53
-50
-46
-45
-36
-26
-19
-18
-23
-38
-48
-55
-58
-53
-46
-47
-46
-45
-41
-36
-35
-33
-27
-18
-17
-11
4
20
36
51
64
73
76
75
76
81
79
76
75
77
85
88
83
84
86
73
64
59
47
36
33
29
22
20
10
6
9
10
7
1
-3
-10
-14
-20
-20
-24
-31
-33
-34
-43
-57
-68
-76
-77
-70
-68
-71
-80
-91
-91
-83
-73
-59
-53
-52
-49
-45
-44
-40
-36
-32
-22
-4
9
8
10
12
19
32
38
33
26
14
-1
-9
-5
3
9
14
26
34
31
29
29
29
32
36
30
18
11
3
0
0
-2
-7
-15
-16
-6
7
15
24
34
45
55
60
59
62
63
53
48
51
52
46
40
41
47
44
32
20
12
3
-8
-18
-27
-31
-33
-30
-27
-20
-19
-18
-19
-21
-20
-28
-36
-42
-35
-27
-25
-27
-37
-49
-47
-41
-37
-36
-44
-56
-61
-59
-54
-52
-46
-39
-33
-20
-9
3
20
37
49
51
42
34
36
42
51
56
51
40
31
34
37
36
29
15
-2
-18
-30
-36
-35
-36
-36
-32
-30
-21
-13
1
18
25
24
19
19
27
40
50
58
52
42
37
30
26
20
8
-5
-21
-36
-45
-45
-35
-31
-27
-26
-27
-26
-19
-8
-2
-7
-17
-25
-33
-34
-26
-18
-13
-14
-18
-22
-20
-17
-16
-15
-26
-39
-40
-33
-21
-7
4
8
10
10
17
31
41
35
19
12
7
5
10
12
4
-9
-22
-27
-13
-5
-7
-18
-27
-30
-29
-19
-5
2
5
12
14
28
40
40
44
42
37
31
24
24
24
22
28
29
30
37
41
43
47
42
30
23
19
17
12
8
8
12
17
23
26
25
19
7
-2
-13
-22
-27
-31
-35
-32
-30
-33
-29
-25
-25
-18
-15
-16
-16
-16
-16
-14
-5
2
4
6
4
-2
-3
1
-1
1
9
12
17
21
23
23
23
16
8
-3
-12
-17
-18
-14
-11
-12
-13
-11
-6
-1
6
9
4
-4
-14
-14
-3
11
24
33
39
37
33
34
42
44
40
28
18
14
10
14
15
13
5
-6
-17
-21
-20
-25
-24
-18
-17
-12
-2
1
2
-6
-16
-26
-36
-46
-59
-69
-73
-68
-55
-35
-14
5
15
19
21
20
24
22
18
12
8
10
14
22
32
34
30
26
21
12
3
-6
-15
-17
-16
-10
-1
8
12
12
11
10
3
-5
-9
-13
-19
-23
-26
-21
-14
-8
0
1
-8
-17
-22
-25
-19
-13
-12
-2
5
14
28
38
47
51
46
38
29
21
15
9
4
-1
-7
-8
-5
2
1
-4
-14
-21
-29
-33
-33
-35
-41
-41
-41
-32
-23
-22
-21
-22
-22
-18
-14
-11
-5
-4
-1
3
10
19
28
37
42
48
44
42
44
45
48
50
45
38
28
22
18
9
1
-8
-14
-14
-12
-10
-6
-5
-6
-4
-2
6
8
8
9
5
2
3
3
5
9
9
7
7
8
9
11
12
11
9
8
13
17
22
24
21
15
14
16
21
24
17
0
-15
-22
-21
-19
-18
-23
-32
-34
-34
-26
-19
-20
-27
-35
-40
-44
-42
-40
-33
-20
-8
1
9
18
30
41
43
37
25
15
12
14
22
25
20
17
16
21
27
26
16
0
-19
-31
-38
-46
-54
-60
-63
-61
-62
-57
-50
-45
-34
-27
-24
-23
-25
-22
-12
0
4
6
1
0
2
6
10
9
8
5
2
1
2
0
3
10
12
15
12
8
4
4
0
-1
-2
-7
-11
-10
-8
-5
-2
-1
2
0
-2
-8
-13
-13
-14
-11
-8
-6
-3
5
13
24
30
29
29
25
23
26
28
33
34
31
30
31
31
28
22
12
3
-7
-16
-22
-27
-31
-36
-37
-41
-47
-49
-54
-58
-60
-61
-59
-55
-46
-35
-21
-5
6
15
19
23
22
24
28
27
29
29
32
39
48
58
63
61
51
38
30
22
14
4
-4
-12
-16
-13
-8
1
5
9
3
-6
-12
-23
-29
-32
-35
-35
-35
-32
-22
-13
-1
10
15
14
8
4
1
2
6
9
14
22
24
30
38
44
47
43
33
22
10
-1
-7
-12
-11
-13
-15
-11
-9
-4
-2
-4
-10
-16
-20
-23
-22
-22
-22
-19
-14
-1
8
17
22
21
21
15
8
2
-2
-3
0
2
6
16
29
45
59
64
64
57
49
42
34
26
15
4
-2
-4
-2
-2
-2
-4
-12
-25
-36
-49
-56
-62
-66
-69
-69
-66
-58
-48
-35
-27
-22
-21
-26
-30
-29
-30
-31
-34
-39
-42
-42
-36
-28
-21
-20
-20
-20
-20
-13
-9
-6
-5
-3
-3
-2
1
5
9
13
14
12
9
8
7
6
3
-3
-5
-7
-7
-6
-5
-2
1
4
10
14
17
22
26
28
28
27
28
27
26
24
22
20
20
19
19
17
15
15
14
12
10
5
4
1
-1
-2
-2
-1
1
4
2
0
-4
-2
1
6
10
9
11
13
16
20
24
24
23
19
15
12
12
12
14
17
15
15
13
14
13
13
12
8
2
-2
-4
-3
-1
3
8
10
12
9
12
11
7
5
0
-6
-10
-15
-20
-21
-24
-23
-23
-22
-20
-20
-19
-14
-10
-8
-5
-7
-5
-3
-4
-1
-2
-4
-2
-7
-3
-2
-4
-2
-5
-6
-6
-10
-8
-6
-12
-7
-11
-8
-6
-6
2
4
8
14
15
18
22
21
25
25
24
21
19
16
12
14
10
11
9
7
6
1
1
-1
-5
-6
-11
-18
-14
-20
-17
-13
-13
-5
-6
-3
2
3
9
11
10
14
10
9
12
10
13
13
10
13
12
10
11
5
2
-3
-10
-12
-15
-22
-21
-24
-23
-20
-22
-14
-13
-13
-9
-14
-15
-14
-13
-11
-7
-8
-5
-6
-6
-3
-4
-3
-3
-4
-5
-6
-6
-4
1
2
7
10
10
16
16
19
25
20
24
19
16
19
11
14
10
2
2
-6
-10
-10
-20
-18
-25
-30
-27
-34
-27
-25
-21
-13
-16
-10
-5
-4
4
4
6
10
8
14
19
23
30
30
32
31
30
31
25
26
20
15
15
7
10
9
9
12
4
3
2
-3
-2
-6
-9
-9
-16
-13
-14
-13
-5
-8
-5
-6
-9
-1
-4
1
5
2
7
4
5
11
11
18
16
13
19
18
24
30
32
39
