SAMPLES:	18982
BITSPERSAMPLE:	16
CHANNELS:	1
SAMPLERATE:	16000
NORMALIZED:	FALSE
9
9
10
11
11
12
12
13
15
16
17
18
19
19
20
21
22
22
23
22
23
22
22
20
18
17
16
14
12
10
8
5
3
1
-1
-3
-5
-5
-7
-9
-12
-13
-14
-17
-17
-19
-21
-22
-24
-24
-25
-27
-29
-29
-30
-31
-31
-30
-30
-30
-30
-31
-29
-28
-27
-25
-23
-20
-19
-17
-16
-14
-12
-10
-8
-8
-7
-6
-4
-4
-2
-1
0
1
2
3
4
4
8
9
10
11
13
16
17
19
22
24
26
29
31
32
34
36
37
36
35
35
34
32
30
28
26
23
21
18
13
11
8
5
2
-1
-5
-7
-9
-12
-14
-15
-17
-19
-19
-20
-20
-20
-20
-20
-20
-19
-18
-17
-17
-15
-14
-14
-12
-12
-9
-9
-6
-5
-6
-4
-3
-2
1
3
5
6
8
11
13
15
15
18
19
19
20
20
21
19
19
18
17
18
17
15
14
13
12
10
9
7
7
5
3
2
0
0
0
0
-1
-1
1
1
1
0
0
-1
-1
-2
-4
-5
-6
-6
-8
-10
-12
-15
-16
-17
-19
-20
-20
-20
-19
-20
-19
-17
-17
-17
-17
-14
-13
-11
-9
-9
-8
-8
-7
-8
-6
-7
-7
-8
-8
-8
-10
-11
-11
-12
-14
-13
-15
-14
-13
-15
-11
-10
-9
-7
-4
-2
-1
2
2
4
5
7
8
9
11
13
13
13
14
13
13
13
13
12
13
13
15
15
14
16
16
17
18
21
22
24
26
25
27
29
29
30
29
28
27
24
24
22
19
17
13
10
7
3
0
-2
-4
-5
-8
-10
-11
-13
-12
-13
-14
-14
-13
-12
-12
-10
-9
-8
-7
-6
-5
-5
-5
-6
-6
-7
-7
-7
-9
-10
-11
-12
-14
-14
-15
-14
-14
-14
-14
-14
-13
-12
-12
-11
-10
-8
-7
-6
-5
-4
-3
-4
-3
-3
-3
-3
-2
-2
-1
-2
-2
-2
-2
-1
0
1
1
1
2
3
4
6
6
7
8
8
10
11
11
11
11
11
10
9
8
6
5
3
1
-1
-3
-3
-5
-6
-8
-8
-9
-9
-9
-10
-10
-9
-8
-7
-7
-6
-5
-4
-2
-2
-2
-1
-1
-1
-2
-1
-1
-1
-2
-2
-2
-2
-2
-3
-2
-2
-1
-1
0
1
2
3
4
5
5
9
10
12
13
14
14
16
15
16
16
15
14
12
12
11
10
8
6
5
5
4
2
1
0
-1
-3
-4
-5
-6
-8
-8
-7
-7
-8
-8
-8
-9
-8
-8
-10
-10
-9
-10
-11
-12
-12
-14
-13
-13
-12
-13
-12
-12
-12
-12
-14
-13
-14
-12
-12
-10
-10
-9
-8
-8
-8
-8
-8
-7
-7
-7
-7
-9
-9
-9
-9
-8
-9
-8
-7
-6
-4
-4
-3
0
0
2
4
5
7
9
12
15
16
18
19
21
21
22
23
22
22
21
20
18
17
16
12
10
8
5
2
0
-2
-4
-5
-8
-9
-10
-11
-10
-11
-12
-11
-12
-12
-11
-9
-7
-7
-6
-4
-3
-3
-1
-1
-1
-1
-1
-1
-1
-1
-1
-2
-2
-3
-3
-2
-2
-1
0
0
1
1
0
2
3
3
5
5
5
5
6
6
5
6
5
3
2
0
-1
-2
-5
-6
-6
-8
-10
-10
-9
-10
-11
-11
-11
-10
-9
-8
-8
-7
-6
-5
-5
-4
-4
-3
-3
-3
-3
-3
-5
-5
-7
-7
-7
-9
-10
-9
-10
-10
-9
-9
-9
-9
-7
-6
-4
-1
2
5
8
11
14
17
20
24
27
29
30
31
32
32
33
33
33
32
30
30
26
23
20
17
14
10
7
4
1
-3
-6
-8
-12
-14
-17
-19
-19
-20
-20
-21
-19
-20
-19
-17
-16
-14
-14
-12
-10
-9
-6
-6
-4
-3
-2
-1
-1
0
0
-1
0
-1
-1
-2
-4
-6
-7
-10
-11
-14
-16
-17
-18
-19
-20
-21
-22
-21
-20
-19
-18
-17
-15
-13
-9
-6
-4
-1
3
6
9
12
15
18
20
22
23
26
26
26
26
27
26
25
24
22
20
18
16
14
12
9
8
5
4
2
2
2
0
0
-1
0
0
1
1
3
3
3
4
3
4
5
6
6
6
6
6
6
5
5
4
4
3
2
2
1
1
1
2
0
-1
-1
0
-1
1
1
1
1
0
1
0
-1
-1
-1
0
-2
-2
-4
-5
-6
-7
-7
-7
-8
-10
-11
-11
-11
-11
-11
-10
-8
-7
-6
-4
-3
-1
1
2
5
8
10
13
15
17
19
21
24
25
26
26
26
26
26
27
26
25
23
21
19
16
14
12
9
5
1
-3
-7
-10
-12
-15
-19
-21
-24
-27
-29
-31
-32
-31
-32
-32
-31
-30
-28
-27
-25
-23
-20
-19
-16
-16
-13
-11
-10
-8
-6
-6
-5
-6
-6
-6
-7
-8
-8
-9
-11
-12
-13
-14
-15
-17
-18
-17
-18
-17
-16
-14
-11
-8
-6
-3
1
5
9
13
17
22
27
32
36
39
43
45
46
48
49
49
49
47
44
41
38
35
31
26
19
15
8
3
-1
-7
-13
-18
-23
-28
-31
-32
-34
-35
-36
-37
-36
-37
-35
-34
-32
-29
-27
-23
-21
-18
-13
-10
-8
-5
-2
2
4
6
9
11
11
13
14
15
15
15
14
12
11
10
9
7
5
3
2
-2
-4
-4
-7
-8
-10
-10
-10
-12
-10
-10
-9
-6
-3
-2
2
6
8
12
15
18
22
24
27
28
29
30
30
28
26
24
21
17
13
9
4
-2
-6
-12
-16
-21
-25
-29
-33
-36
-39
-40
-41
-41
-39
-37
-36
-33
-30
-27
-23
-19
-14
-10
-5
-1
2
6
9
13
17
19
20
21
20
21
20
20
19
20
19
18
16
14
12
11
11
9
8
6
5
4
3
2
1
-1
-3
-4
-4
-5
-5
-5
-5
-3
-4
-3
-2
0
1
4
6
7
10
12
14
16
18
19
20
22
22
22
21
20
17
15
13
8
5
0
-4
-9
-14
-19
-23
-29
-34
-38
-42
-45
-47
-48
-48
-47
-47
-45
-43
-42
-37
-33
-28
-24
-20
-14
-9
-4
2
7
12
17
22
27
30
33
35
38
38
39
41
40
39
38
37
36
34
32
29
27
23
21
17
14
12
9
9
5
3
3
1
1
0
0
0
0
0
2
3
4
5
5
7
7
7
7
5
6
4
2
2
0
-1
-2
-4
-7
-9
-11
-13
-14
-15
-15
-16
-16
-16
-15
-14
-11
-9
-7
-4
0
2
6
9
12
16
18
20
22
24
25
27
28
28
27
26
23
21
20
17
14
9
6
3
-1
-5
-9
-12
-14
-17
-19
-22
-23
-24
-25
-24
-25
-22
-22
-22
-18
-17
-15
-12
-10
-9
-7
-5
-5
-4
-3
-2
-1
1
1
1
1
1
0
0
0
0
-1
1
0
0
1
2
1
3
5
5
6
6
6
5
6
6
5
5
5
3
2
-1
-3
-5
-7
-9
-10
-13
-15
-17
-19
-21
-21
-22
-22
-23
-23
-21
-22
-22
-20
-19
-18
-15
-13
-12
-10
-8
-6
-4
-2
0
2
3
3
6
6
7
8
8
9
10
11
10
11
10
10
10
10
10
9
9
8
9
10
9
9
9
10
10
11
12
13
13
15
15
16
17
16
17
18
19
18
19
18
17
17
17
15
15
13
12
11
9
6
4
1
-2
-4
-8
-11
-15
-18
-20
-23
-25
-28
-30
-32
-33
-35
-36
-37
-38
-39
-38
-37
-37
-36
-35
-33
-30
-26
-23
-20
-17
-14
-10
-7
-4
-1
2
5
7
9
10
13
15
16
16
16
16
15
14
12
11
9
7
7
4
3
2
1
1
-1
1
-2
-2
-1
-2
1
2
3
5
7
10
11
13
15
18
18
19
22
22
25
25
26
29
29
30
30
30
29
30
29
28
28
28
26
25
23
20
18
16
14
11
8
4
0
-3
-6
-11
-15
-18
-21
-24
-26
-28
-29
-31
-31
-31
-30
-28
-27
-26
-23
-21
-18
-16
-13
-9
-8
-5
-4
-1
1
2
1
1
1
1
1
1
0
-2
-2
-4
-4
-5
-5
-5
-5
-3
-2
0
0
1
2
4
6
8
10
12
15
16
19
21
23
24
23
25
24
25
25
24
24
23
22
20
19
18
16
14
12
8
5
2
-2
-5
-9
-11
-14
-17
-20
-21
-23
-27
-28
-29
-30
-31
-31
-30
-29
-29
-25
-25
-23
-20
-16
-13
-11
-7
-5
-1
3
5
8
10
12
13
15
15
16
16
16
16
16
14
13
12
10
10
9
7
6
5
5
4
3
3
2
2
1
0
-1
-1
-2
-4
-5
-6
-7
-8
-10
-9
-10
-10
-11
-11
-11
-13
-13
-15
-15
-16
-16
-18
-18
-18
-19
-21
-23
-25
-26
-29
-30
-31
-32
-33
-34
-35
-35
-35
-35
-35
-36
-34
-33
-31
-29
-26
-24
-20
-15
-11
-7
-1
2
7
12
16
22
25
29
32
35
38
41
43
46
47
47
49
48
46
45
42
41
39
36
34
30
28
25
20
18
15
12
10
7
4
1
0
-2
-4
-6
-7
-8
-7
-7
-8
-9
-8
-8
-8
-8
-7
-7
-7
-6
-7
-6
-7
-6
-7
-7
-8
-10
-9
-10
-9
-12
-11
-11
-12
-11
-10
-10
-7
-7
-5
-3
-2
0
2
4
6
10
13
15
16
18
19
21
21
21
23
22
22
22
22
23
22
22
22
20
19
18
17
16
14
11
10
7
4
2
-2
-5
-8
-13
-16
-19
-23
-26
-29
-31
-32
-34
-35
-35
-34
-34
-33
-31
-29
-27
-25
-23
-20
-19
-18
-14
-14
-14
-12
-13
-12
-12
-13
-13
-13
-14
-13
-13
-13
-11
-11
-9
-6
-6
-3
0
2
6
9
11
14
18
18
21
22
23
24
25
24
24
22
23
22
20
19
19
17
15
15
13
12
12
13
13
14
15
16
18
18
20
21
21
21
19
20
18
17
15
14
12
9
5
2
0
-3
-6
-8
-11
-14
-15
-16
-17
-18
-19
-19
-19
-19
-18
-17
-16
-15
-13
-12
-13
-11
-11
-9
-7
-7
-6
-6
-5
-3
-3
0
1
2
4
4
5
6
7
8
10
12
13
14
13
14
15
14
15
15
14
12
11
9
7
5
2
0
-3
-6
-9
-11
-14
-15
-18
-19
-21
-21
-23
-23
-24
-25
-24
-23
-23
-22
-20
-20
-17
-15
-13
-10
-8
-6
-5
-2
0
1
4
6
7
11
13
15
17
18
21
22
22
23
22
22
21
20
17
15
13
9
5
2
-2
-5
-7
-9
-12
-13
-15
-18
-18
-18
-18
-18
-18
-18
-17
-17
-16
-14
-13
-11
-10
-10
-9
-9
-9
-9
-9
-7
-8
-7
-6
-6
-5
-5
-4
-2
0
3
6
8
11
14
17
19
21
23
23
24
24
23
22
22
20
19
17
15
13
11
8
6
3
2
0
-1
-2
-5
-4
-5
-8
-9
-11
-12
-14
-16
-18
-20
-25
-26
-30
-34
-36
-39
-42
-42
-43
-44
-43
-43
-39
-37
-33
-27
-23
-18
-12
-8
-1
4
10
15
20
25
28
32
34
37
38
39
40
40
38
37
36
37
38
37
37
37
36
37
39
38
39
38
39
40
39
37
37
34
33
28
24
21
16
11
6
1
-3
-8
-12
-15
-18
-21
-21
-24
-24
-25
-25
-24
-26
-25
-25
-27
-27
-28
-28
-29
-30
-31
-33
-34
-35
-37
-37
-38
-38
-36
-36
-34
-32
-28
-24
-19
-15
-9
-3
3
8
14
20
26
32
36
41
44
46
48
49
49
48
48
46
44
42
39
37
35
32
30
26
25
21
20
18
16
14
11
9
5
3
1
-3
-5
-8
-12
-14
-18
-21
-25
-27
-30
-33
-34
-36
-37
-37
-37
-37
-36
-35
-33
-31
-29
-27
-24
-21
-20
-18
-16
-16
-15
-13
-14
-14
-14
-15
-15
-16
-17
-18
-19
-17
-16
-16
-14
-12
-9
-6
-3
1
5
8
13
18
22
26
28
32
33
34
34
35
35
34
32
30
29
26
24
22
19
16
13
11
8
8
7
4
2
1
-1
-2
-4
-6
-8
-10
-12
-16
-19
-21
-23
-25
-26
-27
-29
-28
-27
-25
-25
-21
-18
-15
-13
-8
-3
1
5
9
13
13
15
16
17
16
14
13
10
8
5
1
-3
-7
-10
-14
-17
-19
-21
-22
-23
-23
-21
-19
-18
-17
-15
-12
-10
-7
-5
-3
-2
-2
-1
1
3
2
2
2
3
4
5
6
8
9
12
15
17
19
20
24
26
27
30
30
30
30
28
27
25
21
17
14
11
6
5
0
-3
-6
-9
-9
-12
-12
-12
-12
-11
-10
-9
-7
-6
-4
0
0
3
5
6
7
8
7
7
7
6
6
6
7
6
6
5
4
4
4
5
4
4
1
1
-1
-2
-4
-5
-7
-10
-12
-14
-17
-21
-24
-27
-28
-31
-32
-33
-34
-32
-30
-29
-27
-24
-21
-18
-14
-10
-8
-6
-3
-1
2
4
5
6
6
8
8
8
9
10
11
11
14
13
14
16
17
18
19
19
20
20
18
19
18
17
17
15
13
11
8
5
3
0
-2
-5
-7
-8
-9
-9
-11
-11
-10
-8
-7
-5
-3
-2
0
2
5
5
7
10
10
12
13
14
14
14
14
13
12
12
13
14
14
14
14
15
14
15
15
16
15
15
15
15
14
14
13
11
9
7
4
1
-1
-4
-7
-9
-11
-13
-15
-15
-16
-18
-19
-19
-18
-17
-16
-14
-13
-12
-13
-11
-11
-11
-8
-9
-9
-9
-10
-10
-11
-12
-13
-15
-15
-17
-20
-21
-22
-21
-22
-21
-19
-17
-15
-13
-10
-9
-6
-3
0
1
4
5
7
8
10
10
12
12
12
11
10
9
8
6
6
7
5
7
9
6
9
8
7
7
6
5
4
4
5
5
7
9
9
9
7
5
2
-2
-6
-10
-13
-14
-15
-15
-13
-13
-11
-11
-10
-11
-13
-13
-13
-13
-12
-11
-12
-9
-7
-6
-5
-5
-6
-7
-9
-9
-9
-8
-6
-4
0
3
6
8
8
8
6
4
4
3
3
7
10
14
18
23
25
27
27
26
24
20
17
13
11
8
7
6
4
6
5
3
3
1
0
0
-1
0
0
2
5
7
9
10
9
9
8
6
4
4
4
4
8
10
13
16
17
17
16
12
8
2
-2
-7
-12
-14
-16
-15
-16
-14
-13
-12
-12
-14
-16
-20
-24
-27
-29
-32
-33
-33
-34
-33
-34
-34
-32
-31
-27
-25
-21
-16
-10
-5
1
6
9
11
10
7
3
0
-4
-6
-7
-6
-1
5
12
20
28
33
37
38
38
35
30
25
20
18
17
16
17
19
22
26
29
28
29
27
24
23
20
19
20
21
24
27
27
31
30
30
28
24
22
18
16
14
11
12
12
11
9
4
0
-8
-17
-28
-38
-48
-56
-63
-67
-68
-66
-62
-56
-51
-47
-43
-41
-39
-39
-39
-39
-38
-38
-38
-37
-37
-38
-37
-38
-38
-38
-37
-33
-29
-24
-16
-9
-1
7
14
17
18
19
18
17
17
18
20
22
26
30
35
40
41
42
40
34
30
25
18
15
11
10
11
14
18
21
23
23
23
20
18
14
12
11
11
13
15
19
21
20
18
12
3
-6
-16
-24
-30
-33
-33
-28
-23
-15
-6
0
5
6
5
2
-1
-6
-8
-10
-11
-10
-7
-4
-1
0
0
1
1
0
1
4
7
10
14
17
20
21
21
19
14
10
7
4
4
7
10
16
23
28
32
34
33
26
19
11
3
-5
-13
-18
-21
-22
-22
-22
-21
-21
-22
-24
-26
-27
-29
-32
-32
-33
-32
-32
-32
-32
-33
-32
-33
-34
-31
-30
-26
-22
-18
-12
-8
-4
-2
0
-1
-3
-5
-8
-9
-10
-10
-8
-5
-2
2
6
9
12
15
15
16
14
11
10
7
4
0
-4
-7
-10
-13
-13
-13
-10
-6
-1
7
14
20
25
27
26
24
20
16
11
6
6
6
9
17
26
36
44
50
53
52
46
37
25
13
1
-7
-12
-12
-6
0
11
25
37
46
52
54
51
44
33
21
8
-6
-19
-29
-37
-41
-41
-36
-27
-17
-5
5
12
16
17
12
2
-11
-26
-41
-54
-64
-70
-68
-60
-46
-29
-12
4
13
17
16
9
-3
-17
-33
-46
-55
-60
-58
-51
-42
-29
-18
-7
0
3
5
2
-1
-2
-2
1
7
14
23
30
36
39
37
31
21
10
-2
-11
-17
-16
-7
7
24
40
58
68
74
73
64
50
32
11
-6
-19
-28
-27
-22
-12
0
15
26
34
35
32
26
16
4
-6
-16
-25
-30
-34
-36
-37
-39
-41
-42
-42
-41
-36
-27
-17
-3
12
27
38
48
49
45
37
21
3
-14
-29
-42
-44
-38
-27
-8
14
36
56
73
81
82
75
60
45
27
12
-1
-11
-14
-12
-9
-2
3
6
8
4
-2
-10
-18
-24
-29
-28
-25
-18
-10
-5
-3
-6
-12
-22
-33
-43
-50
-54
-50
-38
-21
1
22
41
51
52
43
24
-5
-34
-65
-91
-106
-110
-101
-81
-53
-21
12
40
61
72
74
65
49
30
7
-16
-35
-53
-64
-71
-71
-66
-57
-42
-24
-3
20
42
62
79
90
96
96
91
81
68
53
37
21
6
-7
-18
-27
-31
-30
-27
-19
-8
7
23
37
46
50
46
32
11
-16
-46
-77
-104
-122
-128
-121
-101
-71
-32
9
49
82
105
114
108
88
59
23
-17
-55
-86
-108
-118
-112
-95
-68
-32
8
48
84
112
129
134
127
110
83
53
21
-9
-34
-53
-63
-65
-59
-46
-31
-14
3
16
26
33
36
36
35
30
24
21
15
9
2
-8
-19
-29
-40
-47
-52
-50
-41
-29
-8
14
33
49
56
52
36
8
-29
-69
-107
-137
-153
-153
-134
-100
-54
-3
48
86
110
118
104
75
36
-6
-48
-79
-97
-101
-90
-69
-42
-17
4
15
16
11
-1
-14
-23
-24
-17
2
28
55
79
97
103
93
73
41
2
-33
-61
-77
-80
-64
-37
-3
35
65
83
87
79
56
26
-3
-28
-44
-43
-27
-3
28
60
84
98
102
88
65
39
9
-14
-27
-29
-20
-4
16
35
46
49
38
14
-14
-46
-77
-99
-109
-108
-96
-72
-44
-18
9
26
34
33
25
10
-6
-20
-30
-38
-39
-37
-35
-32
-31
-33
-37
-40
-44
-47
-42
-34
-24
-7
12
28
42
52
55
52
46
39
28
22
22
24
33
48
62
76
88
91
86
75
61
38
15
-3
-20
-30
-31
-26
-18
-2
11
23
32
38
35
29
23
11
-4
-18
-33
-49
-61
-72
-82
-91
-94
-94
-90
-79
-67
-51
-32
-13
1
13
22
23
16
8
-5
-21
-32
-42
-48
-48
-42
-34
-23
-11
-3
3
5
5
-1
-6
-11
-18
-20
-19
-15
-7
4
12
20
27
28
26
22
16
8
-1
-3
-7
-5
6
14
25
37
51
59
64
71
71
71
73
73
69
70
71
67
66
66
59
50
44
33
18
4
-7
-24
-41
-54
-71
-88
-98
-106
-116
-116
-109
-101
-88
-65
-42
-22
3
22
31
38
41
32
18
5
-12
-32
-43
-53
-65
-71
-72
-74
-75
-69
-63
-60
-47
-30
-15
8
37
64
89
118
143
159
171
177
172
163
154
140
122
108
94
76
64
55
42
27
15
-1
-19
-32
-44
-58
-68
-69
-73
-68
-55
-46
-36
-24
-15
-11
-10
-12
-21
-32
-40
-45
-52
-51
-47
-44
-36
-29
-24
-27
-33
-47
-64
-82
-99
-112
-120
-122
-116
-104
-87
-69
-50
-37
-25
-18
-14
-7
-3
6
19
38
62
88
114
136
151
155
149
133
108
74
37
1
-31
-53
-66
-66
-58
-40
-17
8
34
56
68
75
75
70
59
51
40
29
23
19
16
13
11
4
-7
-21
-35
-53
-71
-85
-98
-102
-95
-83
-64
-41
-17
4
24
38
43
39
29
15
-2
-14
-20
-22
-19
-7
5
20
34
43
40
27
7
-21
-53
-82
-111
-135
-148
-150
-144
-130
-108
-90
-73
-57
-44
-36
-26
-15
-7
10
31
56
83
111
133
146
154
153
141
123
103
78
59
46
38
31
30
29
21
11
-1
-21
-50
-76
-102
-123
-132
-129
-116
-95
-65
-29
9
47
80
98
107
110
105
96
87
77
63
54
49
49
54
57
59
55
50
48
41
29
13
-8
-29
-44
-51
-57
-59
-54
-49
-37
-19
0
11
11
2
-16
-41
-64
-90
-122
-147
-159
-157
-138
-103
-67
-33
2
37
62
78
82
67
45
30
20
17
24
38
51
71
98
118
124
120
96
59
24
-8
-41
-68
-86
-93
-88
-66
-39
-20
-8
-4
-10
-21
-33
-52
-79
-99
-109
-113
-100
-76
-57
-38
-17
0
14
23
24
6
-16
-32
-48
-59
-65
-71
-78
-73
-55
-35
-13
8
21
30
42
54
55
51
40
26
13
12
14
12
13
16
19
26
36
38
30
18
3
-13
-23
-26
-33
-37
-31
-19
-1
21
39
45
45
46
43
39
37
31
24
27
42
59
78
101
113
118
127
130
124
109
90
65
48
42
40
37
40
45
48
56
60
53
33
9
-18
-49
-69
-87
-107
-119
-120
-116
-105
-91
-81
-81
-80
-82
-87
-94
-99
-105
-111
-100
-83
-63
-41
-16
4
18
38
48
45
41
27
10
-9
-20
-35
-53
-59
-66
-69
-70
-65
-68
-75
-72
-78
-87
-93
-99
-111
-118
-111
-110
-103
-86
-69
-52
-31
-3
12
24
42
48
52
54
65
64
68
86
94
110
127
145
152
159
169
159
149
137
120
99
86
80
66
64
75
78
85
97
107
102
103
104
90
81
75
66
54
55
64
62
73
85
88
90
98
101
90
87
83
69
66
70
73
71
80
86
80
81
77
59
34
14
-11
-43
-56
-70
-88
-95
-89
-85
-85
-74
-78
-92
-102
-111
-131
-147
-153
-162
-167
-150
-131
-112
-90
-66
-55
-52
-41
-49
-68
-86
-105
-129
-146
-145
-150
-153
-142
-132
-127
-122
-110
-122
-138
-146
-166
-183
-191
-194
-200
-191
-165
-145
-114
-79
-49
-29
-5
20
25
36
49
54
62
83
109
128
158
193
212
239
265
277
283
290
295
285
291
298
298
304
316
321
317
326
323
307
297
280
256
233
222
205
187
183
179
169
169
170
158
146
140
125
106
103
97
89
92
106
114
126
149
156
158
160
153
129
107
86
49
18
-4
-27
-49
-56
-61
-75
-81
-86
-102
-123
-140
-172
-212
-242
-272
-308
-333
-347
-366
-374
-369
-365
-363
-352
-343
-346
-341
-337
-344
-355
-359
-370
-386
-390
-397
-413
-425
-434
-454
-473
-486
-502
-524
-534
-540
-547
-537
-515
-496
-473
-438
-408
-382
-348
-323
-306
-285
-259
-235
-203
-155
-107
-50
22
102
179
261
340
401
456
508
545
570
596
614
628
653
684
714
749
788
819
845
874
888
881
866
837
798
756
719
674
631
602
575
555
546
539
521
503
484
452
415
379
330
279
236
201
172
154
147
133
127
123
114
96
66
24
-36
-94
-158
-223
-288
-346
-399
-444
-471
-499
-524
-556
-586
-628
-669
-710
-759
-801
-840
-862
-875
-858
-836
-804
-767
-729
-696
-676
-659
-673
-691
-723
-755
-791
-814
-824
-838
-826
-814
-791
-777
-756
-760
-782
-803
-841
-880
-922
-946
-974
-967
-935
-879
-808
-718
-613
-522
-411
-319
-233
-167
-101
-49
-13
49
93
147
204
285
366
464
587
703
834
975
1132
1268
1417
1547
1648
1730
1789
1821
1805
1785
1723
1644
1556
1476
1385
1287
1211
1114
1028
937
849
729
613
498
363
247
141
57
-29
-65
-81
-76
-39
17
78
131
213
274
329
375
415
432
440
457
446
435
412
382
325
275
215
132
45
-58
-156
-274
-369
-475
-581
-675
-759
-832
-905
-941
-984
-1005
-1017
-1011
-996
-971
-927
-897
-853
-817
-770
-742
-718
-697
-690
-684
-695
-703
-733
-754
-786
-826
-876
-928
-972
-1029
-1074
-1123
-1154
-1186
-1191
-1188
-1180
-1141
-1099
-1047
-1007
-934
-866
-794
-714
-641
-565
-484
-373
-293
-213
-135
-63
-13
35
90
114
161
215
288
379
543
736
931
1158
1392
1630
1836
2029
2129
2163
2161
2107
1999
1852
1719
1546
1397
1284
1192
1109
1052
998
890
792
686
543
349
154
-55
-261
-403
-505
-574
-594
-520
-418
-276
-85
105
268
408
539
603
653
685
669
614
575
557
519
509
498
472
437
422
381
294
210
97
-45
-186
-289
-390
-469
-500
-509
-487
-411
-299
-213
-131
-49
3
28
37
21
-39
-91
-141
-196
-233
-242
-252
-283
-296
-317
-362
-426
-516
-646
-794
-923
-1060
-1188
-1282
-1338
-1365
-1358
-1299
-1224
-1129
-1025
-935
-865
-800
-735
-708
-701
-704
-705
-706
-698
-694
-698
-691
-686
-695
-727
-760
-810
-877
-962
-1059
-1149
-1229
-1285
-1338
-1366
-1371
-1338
-1278
-1192
-1068
-916
-723
-510
-248
65
425
816
1205
1592
1969
2341
2660
2896
3050
3122
3123
3057
2942
2768
2560
2330
2094
1848
1621
1413
1182
936
682
437
192
-42
-285
-539
-753
-914
-1025
-1091
-1088
-1034
-928
-761
-549
-311
-61
200
421
616
803
966
1080
1148
1195
1203
1210
1208
1175
1110
1039
960
839
703
549
369
168
-28
-221
-398
-524
-614
-673
-690
-631
-538
-425
-292
-168
-60
35
113
134
128
115
79
28
-11
-30
-52
-58
-63
-82
-109
-137
-200
-319
-457
-616
-789
-974
-1147
-1305
-1433
-1501
-1534
-1533
-1488
-1395
-1296
-1195
-1093
-1006
-936
-886
-858
-864
-875
-887
-910
-941
-956
-950
-956
-969
-984
-1003
-1021
-1043
-1087
-1157
-1221
-1270
-1320
-1372
-1403
-1420
-1445
-1461
-1455
-1416
-1334
-1214
-1088
-924
-637
-235
218
686
1164
1658
2168
2666
3053
3301
3452
3522
3493
3380
3232
3032
2790
2542
2298
2078
1909
1751
1513
1230
969
718
438
124
-233
-610
-916
-1147
-1332
-1462
-1490
-1444
-1342
-1141
-859
-543
-226
85
341
579
834
1037
1138
1182
1221
1233
1250
1259
1231
1182
1152
1116
1031
948
841
684
478
264
47
-172
-365
-559
-741
-860
-875
-847
-783
-661
-501
-308
-92
125
287
432
543
595
603
588
559
482
402
314
232
164
106
31
-73
-162
-261
-383
-533
-690
-874
-1064
-1237
-1406
-1543
-1640
-1692
-1724
-1702
-1627
-1524
-1398
-1278
-1162
-1064
-966
-897
-865
-866
-889
-926
-981
-1025
-1080
-1140
-1210
-1268
-1327
-1373
-1416
-1487
-1553
-1613
-1642
-1671
-1687
-1698
-1717
-1723
-1723
-1695
-1633
-1541
-1433
-1281
-1015
-590
-64
500
1068
1671
2336
2995
3559
3928
4151
4282
4302
4221
4019
3746
3428
3098
2776
2474
2242
2045
1808
1524
1238
990
743
422
20
-439
-846
-1164
-1451
-1697
-1875
-1919
-1844
-1657
-1357
-1005
-597
-182
191
535
857
1130
1290
1333
1328
1302
1280
1244
1154
1056
979
952
922
859
777
638
460
255
31
-209
-461
-709
-944
-1111
-1159
-1126
-1047
-927
-767
-546
-290
-29
191
350
489
602
698
770
817
827
803
787
774
759
721
638
513
373
232
68
-134
-369
-608
-837
-1031
-1197
-1328
-1428
-1493
-1512
-1506
-1455
-1382
-1307
-1256
-1212
-1159
-1104
-1052
-1026
-1005
-993
-960
-919
-891
-869
-859
-864
-894
-923
-960
-1031
-1145
-1274
-1408
-1519
-1615
-1751
-1893
-1994
-1998
-1959
-1905
-1819
-1729
-1605
-1471
-1332
-1210
-1091
-970
-885
-735
-408
62
574
1083
1613
2242
2960
3645
4107
4340
4494
4579
4555
4370
4068
3680
3263
2892
2509
2175
1937
1697
1382
1067
844
661
433
110
-323
-749
-1037
-1276
-1540
-1805
-1946
-1948
-1853
-1612
-1308
-968
-561
-126
269
651
1062
1351
1465
1521
1531
1495
1447
1330
1119
916
814
754
650
561
470
358
249
153
19
-179
-353
-552
-804
-969
-1036
-1097
-1127
-1065
-947
-749
-440
-137
97
349
610
808
945
1037
1069
1023
957
879
751
624
518
357
154
16
-97
-264
-440
-618
-832
-1009
-1137
-1315
-1501
-1619
-1693
-1758
-1775
-1732
-1664
-1561
-1421
-1282
-1144
-966
-777
-654
-573
-467
-387
-347
-308
-324
-383
-408
-433
-506
-586
-641
-726
-834
-924
-1041
-1165
-1283
-1422
-1574
-1701
-1758
-1793
-1838
-1837
-1811
-1784
-1737
-1667
-1594
-1520
-1397
-1287
-1120
-734
-225
317
871
1472
2164
2920
3643
4129
4421
4650
4795
4811
4652
4380
4026
3622
3244
2852
2471
2187
1900
1525
1164
904
674
367
9
-453
-911
-1210
-1492
-1815
-2118
-2279
-2310
-2249
-2043
-1769
-1432
-1000
-514
-61
402
908
1310
1536
1698
1831
1859
1858
1765
1553
1363
1261
1180
1019
905
819
712
620
505
340
122
-74
-313
-621
-872
-1030
-1189
-1309
-1312
-1255
-1103
-849
-559
-305
-15
313
550
745
898
983
978
920
833
666
489
312
82
-161
-335
-490
-668
-813
-929
-1046
-1140
-1198
-1302
-1412
-1474
-1544
-1613
-1662
-1664
-1646
-1582
-1436
-1268
-1061
-807
-541
-304
-74
146
288
372
412
372
271
165
8
-201
-391
-578
-771
-952
-1080
-1195
-1292
-1364
-1472
-1585
-1665
-1700
-1771
-1872
-1936
-1983
-2011
-2008
-2000
-2002
-1919
-1794
-1681
-1484
-1087
-536
58
692
1334
2059
2888
3656
4192
4500
4741
4914
4936
4796
4518
4139
3750
3389
2990
2599
2308
2034
1671
1338
1082
822
537
161
-315
-795
-1162
-1491
-1894
-2266
-2505
-2608
-2590
-2436
-2179
-1860
-1416
-870
-352
181
752
1206
1505
1745
1925
2007
2011
1931
1728
1536
1443
1347
1208
1066
969
875
781
705
545
311
79
-179
-489
-773
-991
-1226
-1432
-1509
-1506
-1428
-1236
-1011
-778
-494
-149
177
435
676
849
938
981
970
878
718
556
354
114
-58
-198
-353
-484
-580
-666
-740
-782
-855
-973
-1076
-1158
-1257
-1346
-1392
-1413
-1405
-1334
-1191
-1022
-805
-554
-340
-150
43
195
265
279
237
141
8
-127
-297
-504
-673
-835
-995
-1152
-1281
-1393
-1520
-1595
-1700
-1837
-1944
-2033
-2104
-2171
-2197
-2191
-2187
-2142
-2070
-1990
-1835
-1662
-1506
-1360
-1093
-614
-73
512
1077
1657
2390
3178
3870
4312
4607
4849
4987
5017
4873
4580
4221
3824
3416
2994
2604
2289
1905
1479
1122
835
595
288
-110
-575
-967
-1239
-1553
-1896
-2204
-2403
-2449
-2385
-2226
-1972
-1622
-1173
-678
-175
361
895
1324
1605
1818
1982
2060
2060
1918
1682
1494
1350
1185
991
796
640
534
427
286
117
-79
-295
-524
-774
-1012
-1204
-1394
-1559
-1610
-1566
-1444
-1243
-1018
-754
-402
-14
340
656
915
1111
1259
1335
1327
1251
1095
875
660
441
231
54
-148
-325
-430
-504
-574
-643
-743
-863
-951
-1039
-1153
-1251
-1341
-1415
-1412
-1364
-1280
-1140
-981
-790
-570
-350
-155
5
107
153
177
138
47
-76
-264
-474
-653
-845
-1049
-1225
-1419
-1610
-1735
-1824
-1913
-1982
-2052
-2129
-2140
-2095
-2035
-1984
-1938
-1867
-1769
-1658
-1551
-1437
-1343
-1230
-1079
-919
-612
-134
381
892
1465
2127
2863
3625
4214
4555
4815
5029
5105
5000
4724
4339
3903
3447
2994
2526
2109
1760
1388
998
696
519
300
7
-322
-701
-1012
-1244
-1547
-1929
-2217
-2357
-2417
-2368
-2209
-1966
-1610
-1121
-596
-74
479
1009
1426
1702
1936
2089
2109
2049
1888
1642
1421
1258
1040
783
584
426
271
157
47
-132
-290
-432
-602
-796
-960
-1099
-1269
-1370
-1395
-1359
-1249
-1065
-832
-570
-218
179
528
826
1105
1310
1430
1490
1444
1281
1062
826
519
198
-80
-358
-612
-793
-926
-1036
-1093
-1134
-1187
-1236
-1261
-1288
-1342
-1394
-1430
-1427
-1400
-1317
-1202
-1086
-892
-652
-424
-191
40
200
314
406
411
337
230
48
-190
-413
-659
-899
-1126
-1340
-1522
-1675
-1769
-1829
-1859
-1906
-1930
-1923
-1925
-1880
-1844
-1850
-1808
-1730
-1686
-1614
-1504
-1393
-1252
-1070
-901
-656
-206
306
833
1353
1889
2539
3210
3784
4141
4335
4475
4583
4569
4345
4049
3699
3294
2930
2556
2142
1819
1524
1154
837
626
429
173
-127
-493
-826
-1067
-1338
-1649
-1965
-2152
-2191
-2176
-2090
-1881
-1586
-1224
-736
-268
168
671
1112
1396
1634
1854
1935
1929
1857
1675
1489
1349
1176
953
734
571
459
315
191
87
-73
-224
-342
-493
-674
-780
-909
-1096
-1148
-1114
-1082
-977
-818
-637
-381
-60
238
472
687
879
1000
1033
1004
916
718
472
239
-49
-329
-534
-768
-997
-1107
-1155
-1210
-1225
-1221
-1241
-1222
-1168
-1160
-1186
-1202
-1193
-1165
-1134
-1076
-990
-893
-729
-519
-344
-163
39
185
264
331
338
257
151
-21
-275
-519
-760
-1034
-1319
-1586
-1809
-1989
-2105
-2154
-2167
-2135
-2057
-1936
-1800
-1635
-1448
-1337
-1237
-1096
-989
-910
-853
-820
-769
-656
-526
-417
-202
173
621
1098
1574
2084
2657
3220
3674
3921
4054
4155
4153
3998
3726
3402
3035
2670
2316
1933
1610
1387
1151
886
690
560
419
240
18
-259
-517
-729
-986
-1292
-1541
-1690
-1790
-1825
-1748
-1589
-1356
-1022
-640
-268
162
616
971
1239
1483
1673
1762
1785
1717
1554
1404
1275
1096
876
691
547
405
305
225
107
-2
-86
-200
-342
-464
-589
-753
-894
-976
-1032
-1041
-991
-908
-791
-609
-382
-192
-12
167
295
373
409
384
284
161
8
-186
-375
-545
-708
-850
-942
-996
-1031
-1046
-1041
-1039
-1039
-1032
-1050
-1085
-1102
-1104
-1117
-1099
-1044
-982
-887
-771
-651
-520
-379
-262
-194
-140
-108
-115
-179
-291
-428
-594
-753
-915
-1111
-1289
-1401
-1492
-1572
-1608
-1615
-1586
-1492
-1391
-1321
-1226
-1102
-983
-896
-844
-794
-748
-710
-697
-714
-718
-649
-540
-477
-371
-134
204
604
1011
1387
1813
2333
2822
3169
3395
3568
3702
3758
3688
3531
3325
3083
2833
2537
2232
1998
1780
1493
1209
1004
822
632
390
68
-244
-494
-740
-1036
-1343
-1579
-1719
-1802
-1822
-1742
-1589
-1375
-1073
-740
-386
47
463
774
1054
1334
1550
1682
1732
1687
1599
1522
1419
1254
1052
874
724
550
388
244
63
-121
-276
-456
-646
-774
-911
-1092
-1230
-1293
-1315
-1292
-1233
-1173
-1068
-878
-637
-424
-242
-51
126
262
365
422
388
314
226
65
-122
-283
-458
-663
-841
-980
-1102
-1182
-1237
-1297
-1335
-1334
-1311
-1305
-1303
-1269
-1229
-1188
-1132
-1059
-971
-855
-712
-596
-474
-323
-205
-138
-100
-88
-114
-171
-271
-423
-583
-721
-879
-1048
-1199
-1319
-1411
-1486
-1522
-1515
-1476
-1411
-1356
-1293
-1193
-1056
-944
-881
-805
-718
-635
-561
-511
-457
-367
-251
-157
-23
230
561
917
1248
1597
2028
2513
2951
3242
3424
3582
3718
3752
3631
3428
3181
2906
2623
2299
1982
1727
1496
1234
990
820
687
542
344
95
-134
-317
-511
-764
-1041
-1270
-1422
-1530
-1595
-1596
-1529
-1379
-1147
-876
-570
-206
152
454
739
1010
1235
1395
1472
1465
1429
1395
1315
1169
980
799
641
473
297
108
-88
-266
-431
-593
-745
-865
-991
-1130
-1234
-1285
-1293
-1280
-1267
-1241
-1147
-981
-795
-628
-475
-309
-132
24
134
198
222
211
154
52
-69
-201
-356
-542
-720
-864
-962
-1038
-1115
-1165
-1171
-1134
-1085
-1054
-1028
-989
-935
-893
-865
-830
-779
-715
-654
-591
-509
-412
-318
-247
-208
-171
-143
-155
-222
-325
-443
-574
-718
-890
-1065
-1202
-1297
-1371
-1424
-1434
-1390
-1300
-1194
-1086
-974
-855
-731
-629
-552
-481
-418
-379
-351
-298
-222
-133
-47
33
171
412
709
999
1274
1587
1962
2363
2712
2962
3140
3280
3377
3387
3301
3160
2968
2726
2460
2199
1956
1733
1495
1233
1006
847
715
541
323
90
-123
-322
-549
-809
-1077
-1306
-1491
-1643
-1732
-1738
-1679
-1571
-1404
-1167
-865
-526
-204
80
365
663
924
1118
1237
1308
1349
1346
1284
1166
1020
862
677
466
253
64
-118
-302
-490
-668
-807
-912
-1026
-1147
-1245
-1302
-1317
-1318
-1312
-1286
-1213
-1102
-979
-857
-719
-557
-397
-256
-129
-18
82
161
188
174
152
125
64
-26
-131
-236
-329
-417
-513
-604
-665
-699
-729
-753
-750
-715
-669
-623
-575
-528
-465
-394
-352
-331
-307
-288
-286
-300
-321
-347
-374
-413
-466
-519
-559
-593
-649
-720
-773
-809
-840
-871
-900
-917
-909
-877
-844
-800
-732
-653
-573
-489
-392
-287
-184
-88
-3
73
147
212
255
285
321
348
366
409
483
582
700
826
972
1147
1348
1539
1692
1819
1933
2024
2077
2091
2068
2004
1918
1815
1688
1557
1427
1275
1105
943
801
660
514
357
190
36
-99
-233
-372
-506
-621
-726
-814
-870
-897
-903
-879
-821
-735
-612
-457
-302
-155
-3
140
263
360
424
449
448
419
357
266
147
8
-145
-298
-443
-574
-686
-767
-806
-807
-769
-704
-633
-554
-471
-401
-347
-315
-313
-332
-350
-367
-380
-381
-368
-338
-286
-215
-142
-66
2
52
76
80
69
37
-15
-84
-158
-225
-266
-290
-310
-307
-274
-225
-175
-120
-71
-32
-5
-3
-34
-73
-108
-156
-221
-289
-348
-395
-430
-466
-510
-548
-574
-598
-628
-656
-676
-693
-703
-704
-695
-674
-637
-590
-536
-468
-383
-297
-212
-121
-28
55
128
188
229
262
289
297
292
289
289
282
276
272
272
273
270
260
236
213
192
156
109
69
39
17
11
19
40
90
168
254
342
440
540
637
720
783
825
849
861
853
821
777
735
683
628
579
535
499
476
458
431
412
405
389
362
325
275
219
161
97
28
-39
-96
-146
-187
-212
-223
-228
-235
-240
-248
-254
-258
-272
-306
-345
-378
-407
-435
-459
-483
-497
-497
-488
-470
-446
-419
-389
-357
-325
-285
-242
-205
-169
-128
-80
-26
30
80
129
181
231
269
291
310
319
315
296
269
234
196
153
97
35
-14
-60
-120
-183
-243
-305
-364
-420
-490
-559
-612
-659
-701
-735
-751
-752
-740
-710
-664
-606
-537
-457
-381
-301
-205
-115
-37
45
127
204
281
350
407
464
517
555
580
598
601
595
573
537
497
451
398
348
300
262
232
197
165
145
129
111
85
48
12
-15
-37
-62
-79
-90
-80
-47
-3
50
118
193
270
349
423
483
527
551
550
535
508
470
421
366
316
275
238
217
197
172
150
132
102
68
33
-18
-79
-132
-180
-225
-257
-285
-307
-313
-298
-278
-259
-240
-221
-203
-187
-173
-169
-175
-179
-183
-195
-199
-194
-196
-200
-195
-191
-183
-168
-164
-176
-183
-186
-190
-199
-210
-219
-224
-216
-196
-175
-147
-109
-71
-42
-5
29
51
60
59
48
35
26
7
-20
-43
-57
-67
-78
-87
-94
-99
-105
-116
-132
-153
-171
-199
-242
-284
-325
-370
-415
-461
-508
-545
-570
-589
-600
-596
-579
-551
-511
-465
-410
-346
-283
-218
-157
-99
-42
13
61
98
131
158
184
204
215
222
225
225
230
233
232
233
234
232
231
229
216
197
175
142
98
50
-3
-57
-115
-172
-223
-265
-288
-302
-312
-317
-303
-282
-263
-243
-229
-225
-219
-220
-240
-262
-281
-306
-335
-359
-374
-380
-372
-355
-337
-316
-281
-246
-221
-203
-186
-179
-182
-186
-195
-210
-213
-214
-223
-224
-210
-194
-177
-159
-143
-124
-99
-73
-56
-43
-24
-4
10
25
45
63
82
110
134
158
192
226
250
279
309
336
363
386
408
429
455
482
501
518
536
553
558
560
557
543
524
503
468
430
397
358
312
274
243
215
195
178
163
158
160
160
156
152
148
140
124
102
75
45
18
-12
-49
-77
-95
-115
-130
-137
-138
-132
-121
-114
-112
-99
-81
-67
-58
-54
-48
-38
-25
-16
-14
-13
-6
1
10
23
37
48
65
89
118
155
193
225
254
287
321
347
358
355
341
321
298
267
225
177
133
91
59
40
23
13
16
27
38
56
77
88
95
98
97
97
95
84
69
54
50
51
49
46
46
47
55
63
63
59
53
39
19
-1
-23
-51
-83
-118
-152
-176
-192
-208
-227
-242
-248
-245
-239
-234
-234
-235
-231
-222
-214
-205
-191
-180
-166
-146
-119
-87
-56
-25
-2
26
61
96
128
152
171
192
213
234
247
250
247
242
233
223
210
188
156
122
88
55
21
-15
-53
-87
-113
-130
-144
-144
-136
-122
-102
-73
-32
15
61
99
132
164
193
206
206
194
174
150
119
84
47
15
-15
-50
-81
-103
-118
-137
-158
-179
-196
-207
-217
-233
-248
-252
-252
-249
-239
-221
-192
-157
-117
-67
-13
47
104
156
203
251
289
311
321
322
318
307
285
257
226
198
170
139
107
79
56
32
10
-8
-21
-29
-35
-44
-45
-34
-26
-22
-15
-4
12
28
38
43
52
67
79
86
90
95
98
95
88
78
63
46
19
-11
-36
-55
-78
-104
-130
-148
-159
-168
-181
-196
-206
-214
-220
-229
-232
-228
-225
-221
-214
-196
-170
-144
-125
-110
-86
-57
-33
-17
-8
0
14
27
32
34
37
39
39
36
32
32
32
25
17
15
19
23
22
18
17
19
20
14
2
-9
-15
-19
-23
-20
-10
11
41
78
119
165
209
244
273
294
303
299
281
245
203
159
109
50
-9
-63
-107
-143
-175
-204
-226
-238
-242
-244
-247
-247
-247
-247
-245
-246
-248
-248
-247
-245
-238
-221
-202
-181
-157
-131
-104
-73
-45
-24
-9
1
4
1
-6
-21
-43
-70
-98
-128
-158
-187
-217
-244
-268
-286
-301
-312
-315
-316
-310
-299
-283
-261
-235
-206
-181
-151
-122
-94
-68
-47
-26
-8
9
24
40
56
72
87
98
110
124
134
140
145
146
147
149
150
150
153
158
162
168
180
195
210
224
237
252
270
287
299
308
321
335
346
355
364
374
381
386
387
387
386
383
374
361
350
339
325
309
290
274
262
249
234
220
210
200
189
174
158
141
123
102
75
46
23
6
-9
-20
-23
-17
0
25
54
84
116
145
164
173
172
161
134
97
49
-8
-65
-120
-174
-226
-273
-309
-334
-349
-360
-369
-374
-373
-369
-371
-373
-377
-381
-389
-394
-399
-400
-396
-390
-380
-364
-341
-313
-285
-259
-235
-211
-188
-174
-165
-163
-165
-166
-171
-179
-186
-193
-194
-190
-185
-176
-163
-147
-132
-114
-93
-74
-54
-35
-17
4
27
47
64
86
107
128
151
169
183
196
207
213
214
213
207
196
183
170
157
145
131
114
100
91
84
72
60
46
35
28
21
12
4
-2
-8
-16
-23
-29
-38
-50
-65
-79
-91
-105
-120
-141
-160
-172
-183
-195
-205
-212
-218
-219
-220
-221
-223
-222
-222
-222
-220
-213
-206
-198
-186
-170
-146
-120
-96
-74
-49
-25
-1
15
27
38
43
47
47
46
46
50
51
54
63
77
89
101
113
126
138
148
153
151
147
143
131
117
104
90
73
60
50
46
46
50
52
56
67
80
90
93
96
97
97
96
92
87
86
85
86
90
101
114
124
134
147
159
174
188
194
200
209
216
219
220
219
216
212
206
197
188
181
172
162
153
150
146
144
141
138
137
137
134
127
119
110
99
83
64
44
27
13
-4
-21
-34
-44
-50
-54
-58
-61
-62
-63
-66
-67
-66
-67
-70
-75
-79
-78
-78
-80
-84
-90
-94
-97
-105
-118
-136
-157
-180
-204
-235
-266
-297
-329
-360
-390
-413
-435
-457
-476
-490
-500
-505
-508
-512
-512
-505
-494
-480
-465
-447
-425
-399
-370
-342
-312
-286
-260
-237
-217
-197
-182
-169
-160
-152
-146
-137
-127
-119
-108
-94
-76
-57
-37
-16
6
31
58
83
109
136
162
188
211
236
259
282
303
322
342
360
377
388
397
404
408
406
400
389
376
360
339
317
293
268
243
218
195
174
157
143
133
128
131
140
153
171
194
223
255
288
319
350
380
408
434
452
468
479
485
487
484
479
469
455
437
420
401
380
355
330
306
284
261
236
210
184
161
140
119
98
80
65
52
43
37
34
36
41
48
58
71
85
97
108
119
128
135
139
140
137
130
121
109
93
76
55
32
8
-19
-47
-74
-103
-130
-155
-180
-201
-223
-242
-260
-275
-287
-297
-303
-308
-308
-304
-297
-287
-271
-252
-229
-203
-176
-145
-115
-86
-62
-42
-30
-21
-20
-26
-39
-59
-82
-110
-138
-169
-199
-227
-251
-273
-291
-303
-314
-323
-327
-329
-327
-321
-314
-307
-300
-290
-279
-268
-255
-241
-229
-214
-198
-184
-170
-158
-148
-139
-131
-126
-124
-128
-135
-146
-162
-180
-200
-226
-250
-273
-293
-308
-316
-319
-316
-304
-283
-255
-222
-183
-139
-91
-41
12
63
111
160
204
245
283
314
341
365
381
395
404
409
408
403
399
390
380
365
350
333
316
300
282
264
245
228
209
194
179
165
153
144
137
134
135
137
144
155
169
187
207
228
249
269
284
296
302
303
298
287
273
254
230
203
177
152
132
113
95
83
73
68
62
58
53
45
40
31
19
6
-8
-22
-37
-49
-58
-64
-65
-62
-55
-43
-27
-10
6
20
34
44
51
52
50
44
36
26
14
2
-8
-17
-26
-33
-38
-45
-50
-57
-66
-77
-86
-96
-107
-116
-122
-125
-128
-126
-121
-114
-103
-88
-76
-64
-52
-41
-35
-30
-28
-32
-37
-46
-59
-74
-90
-109
-131
-153
-174
-193
-214
-234
-252
-268
-280
-290
-300
-305
-309
-310
-307
-301
-293
-279
-261
-239
-213
-183
-147
-112
-74
-37
-2
29
54
71
83
90
90
84
76
65
55
47
40
35
36
42
48
57
69
81
93
102
109
113
114
113
111
107
104
102
102
105
110
118
130
145
159
173
187
198
204
205
199
188
171
150
125
95
66
38
13
-9
-26
-36
-42
-44
-42
-37
-29
-23
-17
-16
-17
-21
-28
-39
-54
-67
-80
-92
-103
-109
-113
-112
-106
-98
-85
-71
-55
-39
-24
-9
6
20
30
38
45
51
57
62
66
69
73
78
82
85
89
92
94
94
94
92
89
85
80
74
68
61
55
49
41
35
27
23
17
13
9
8
6
5
5
3
2
-3
-7
-13
-21
-31
-42
-54
-69
-83
-98
-112
-125
-137
-148
-156
-164
-168
-170
-170
-166
-162
-155
-145
-132
-118
-101
-82
-64
-43
-22
-1
17
32
45
58
72
82
91
98
104
108
111
112
113
115
114
113
113
115
114
114
112
108
108
110
107
104
101
99
101
100
93
87
77
70
64
58
50
38
24
13
4
-6
-14
-18
-35
-47
-50
-64
-46
-48
-91
-87
-84
-92
-70
-79
-82
-54
-50
-45
-20
-11
-1
1
-7
-2
8
10
4
-2
-16
-22
-25
-33
-32
-40
-50
-39
-36
-32
-15
-11
3
18
18
29
36
39
40
31
23
22
20
18
8
3
6
3
1
-2
-9
-9
-4
-7
-11
-4
-6
-16
-18
-27
-37
-40
-52
-56
-51
-53
-47
-35
-28
-20
-13
-5
7
15
21
25
30
32
20
2
-15
-29
-59
-95
-117
-140
-154
-159
-173
-176
-175
-182
-178
-174
-171
-149
-135
-128
-114
-97
-77
-60
-52
-50
-45
-36
-25
-1
21
43
54
57
78
96
109
143
164
161
177
194
243
300
254
193
183
176
185
183
163
158
154
136
121
138
155
117
66
34
33
83
128
143
121
67
44
58
60
45
4
-55
-65
-58
-59
-11
26
-15
-51
-66
-67
4
53
-5
-55
-64
-61
-2
32
-4
-19
-36
-70
-54
-42
-28
35
62
84
132
111
93
149
174
192
224
209
222
275
266
258
296
303
281
242
180
144
128
106
96
78
35
-27
-120
-190
-206
-220
-253
-316
-414
-462
-415
-353
-334
-350
-388
-405
-383
-353
-309
-248
-214
-227
-243
-211
-133
-68
-59
-89
-120
-109
-56
-4
20
12
-17
-38
-32
-20
-22
-34
-63
-105
-129
-106
-58
-46
-79
-122
-131
-93
-59
-60
-58
-39
-27
-6
34
82
129
148
146
162
194
229
263
286
300
309
310
316
329
342
362
374
354
322
304
322
349
332
297
268
245
263
288
265
212
142
80
107
159
137
79
-2
-83
-86
-44
-37
-79
-186
-268
-235
-192
-208
-248
-320
-372
-379
-385
-362
-351
-421
-451
-395
-389
-423
-420
-435
-442
-398
-401
-425
-431
-488
-478
-366
-353
-432
-494
-481
-362
-294
-391
-501
-468
-360
-339
-434
-503
-440
-367
-418
-490
-473
-426
-456
-552
-564
-496
-496
-553
-579
-525
-457
-477
-507
-469
-384
-270
-201
-208
-163
31
263
350
352
444
658
896
1010
1042
1183
1367
1444
1479
1571
1693
1745
1726
1762
1880
1937
1825
1684
1697
1735
1618
1437
1336
1296
1210
1059
913
793
671
540
407
276
134
27
-16
-88
-225
-306
-289
-303
-406
-466
-438
-434
-511
-592
-579
-508
-493
-520
-472
-383
-369
-398
-378
-362
-391
-435
-479
-464
-443
-493
-528
-542
-613
-684
-692
-683
-730
-825
-866
-801
-727
-805
-944
-934
-899
-986
-1072
-1051
-991
-1041
-1182
-1184
-1026
-985
-1148
-1258
-1183
-1133
-1174
-1130
-1046
-1059
-1084
-1058
-992
-937
-1001
-1083
-986
-866
-884
-807
-468
-43
220
231
279
677
1124
1169
992
1074
1492
1922
2063
2007
2154
2550
2742
2584
2450
2484
2505
2416
2280
2251
2287
2143
1875
1740
1666
1418
1012
647
472
394
177
-162
-367
-402
-456
-611
-827
-1003
-1055
-1074
-1171
-1270
-1246
-1145
-1069
-1028
-988
-910
-814
-747
-662
-504
-363
-285
-164
41
236
356
408
441
547
700
767
782
839
927
1017
1046
988
935
929
910
836
733
630
541
484
419
317
199
51
-99
-195
-299
-448
-551
-597
-656
-712
-741
-774
-801
-819
-844
-872
-911
-929
-870
-816
-818
-796
-737
-690
-675
-661
-647
-637
-589
-543
-549
-541
-533
-565
-585
-625
-667
-666
-726
-818
-836
-876
-969
-1044
-1130
-1205
-1255
-1374
-1525
-1620
-1720
-1836
-1915
-1996
-2098
-2151
-1967
-1487
-1104
-1164
-1262
-829
-120
125
-201
-342
212
1036
1402
1295
1465
2209
2845
2858
2694
2856
3143
3212
3132
3181
3360
3419
3321
3279
3287
3086
2630
2172
1969
1905
1586
1040
712
720
683
339
-141
-452
-551
-711
-1044
-1342
-1425
-1392
-1402
-1449
-1479
-1480
-1500
-1518
-1464
-1399
-1390
-1351
-1157
-869
-623
-471
-363
-192
45
232
314
398
563
766
951
1061
1123
1189
1268
1312
1285
1222
1139
1098
1124
1108
999
879
766
616
453
274
45
-174
-306
-389
-480
-571
-680
-759
-772
-834
-963
-1071
-1113
-1074
-987
-950
-938
-854
-763
-710
-668
-644
-628
-575
-482
-378
-283
-248
-214
-151
-148
-202
-272
-362
-452
-497
-543
-641
-755
-861
-947
-1036
-1168
-1327
-1458
-1544
-1614
-1683
-1756
-1816
-1878
-1957
-2046
-2157
-2240
-2287
-2324
-2349
-2306
-1956
-1291
-860
-936
-884
-240
458
531
153
146
873
1790
2144
2055
2377
3243
3809
3657
3401
3508
3712
3715
3588
3626
3771
3743
3594
3492
3330
2924
2317
1763
1566
1480
1022
445
235
293
155
-347
-912
-1181
-1238
-1432
-1745
-1945
-1879
-1665
-1601
-1654
-1613
-1521
-1519
-1513
-1391
-1208
-1060
-950
-689
-297
-5
93
129
307
575
733
751
825
1046
1287
1422
1435
1439
1458
1433
1343
1230
1151
1055
955
927
932
852
688
522
367
250
81
-189
-386
-440
-464
-535
-646
-734
-746
-766
-858
-955
-1033
-1029
-936
-876
-845
-780
-693
-619
-566
-554
-565
-574
-570
-510
-462
-467
-452
-417
-404
-444
-528
-613
-653
-683
-719
-746
-824
-921
-974
-1018
-1127
-1271
-1375
-1464
-1543
-1610
-1679
-1725
-1743
-1743
-1747
-1768
-1805
-1819
-1815
-1847
-1897
-1943
-1912
-1833
-1840
-1701
-1101
-440
-307
-353
21
709
1128
943
705
1120
2028
2634
2624
2664
3388
4233
4257
3845
3810
4047
4129
3957
3812
3885
3955
3768
3497
3284
2979
2477
1797
1350
1251
936
305
-101
-100
-130
-502
-1110
-1504
-1529
-1621
-1941
-2250
-2253
-2014
-1886
-1967
-1981
-1788
-1645
-1595
-1521
-1353
-1100
-891
-674
-399
-95
123
214
336
575
805
847
872
1054
1317
1478
1468
1453
1464
1457
1390
1235
1131
1149
1100
936
1027
1306
1350
1086
647
294
85
-161
-433
-621
-790
-864
-803
-890
-1117
-1333
-1527
-1607
-1559
-1460
-1332
-1173
-1028
-852
-683
-668
-739
-767
-683
-526
-380
-250
-89
60
69
-46
-171
-246
-293
-340
-400
-465
-471
-454
-479
-570
-782
-1067
-1305
-1453
-1549
-1608
-1620
-1584
-1562
-1643
-1745
-1807
-1853
-1873
-1905
-1950
-1947
-1884
-1822
-1768
-1762
-1814
-1833
-1874
-1862
-1372
-279
788
1250
1401
1705
2071
2176
2043
2094
2623
3380
3742
3757
4156
4938
5163
4437
3553
3178
3141
3073
2956
2966
2978
2706
2043
1277
761
390
-162
-841
-1177
-1169
-1186
-1255
-1212
-1146
-1374
-1855
-2195
-2064
-1581
-1161
-951
-775
-392
15
154
171
338
568
584
549
745
1174
1582
1676
1457
1129
917
757
560
444
459
451
304
198
182
125
-39
-319
-620
-789
-719
-525
-273
26
213
213
77
-3
74
172
164
157
223
309
462
515
323
94
-106
-423
-750
-826
-699
-605
-689
-877
-1019
-1150
-1258
-1324
-1408
-1424
-1293
-1132
-986
-751
-542
-490
-538
-575
-510
-365
-214
-108
-55
-65
-126
-204
-295
-379
-528
-769
-971
-1041
-1078
-1197
-1376
-1652
-1960
-2144
-2236
-2314
-2308
-2193
-2160
-2222
-2276
-2274
-2219
-2175
-2142
-2123
-2045
-1893
-1722
-1181
215
1940
2797
2787
2693
2797
3017
3222
3435
3880
4548
4869
4686
4656
4992
4890
3730
2317
1664
1690
1868
1882
1706
1385
829
-161
-1219
-1635
-1448
-1283
-1482
-1586
-1232
-762
-563
-664
-845
-930
-798
-478
116
1034
1811
2023
1714
1353
1233
1244
1234
1224
1282
1276
1167
975
765
556
113
-618
-1281
-1419
-1142
-860
-740
-790
-904
-1025
-1101
-1082
-847
-463
-219
-107
66
456
932
1208
1221
1141
1120
1118
1160
1242
1290
1174
755
205
-210
-395
-519
-759
-1053
-1266
-1384
-1494
-1520
-1474
-1472
-1509
-1576
-1531
-1271
-889
-631
-557
-505
-378
-159
62
331
585
637
518
370
321
329
274
12
-391
-717
-938
-1072
-1258
-1461
-1634
-1903
-2239
-2465
-2504
-2496
-2465
-2538
-2692
-2628
-2366
-2165
-2129
-2024
-1846
-1736
-1631
-1447
-1238
-1124
-1066
-1146
-1241
-1198
-873
233
1958
3222
3368
2929
2527
2493
2769
2913
3104
3642
4171
4174
4003
4158
4158
3331
1977
1112
1062
1577
2094
2039
1583
990
139
-879
-1345
-1086
-689
-605
-731
-591
-239
-38
-211
-616
-858
-715
-275
295
1100
1814
1895
1352
682
391
495
744
876
913
920
832
627
307
17
-290
-726
-1136
-1181
-791
-342
-162
-338
-661
-861
-831
-601
-283
88
404
493
435
517
771
956
1025
1026
994
1027
1064
969
770
506
104
-369
-669
-714
-641
-676
-863
-1081
-1293
-1432
-1470
-1383
-1191
-1000
-900
-813
-628
-455
-369
-420
-504
-395
-127
165
383
464
347
91
-231
-466
-485
-528
-685
-932
-1276
-1553
-1664
-1787
-2013
-2207
-2382
-2454
-2364
-2252
-2200
-2224
-2268
-2262
-2186
-2013
-1732
-1518
-1431
-1382
-1377
-1289
-1093
-983
-925
-913
-1086
-1185
-1132
-1049
-293
1342
2704
3024
2770
2445
2343
2542
2769
2973
3378
3973
4247
4076
4072
4217
3619
2338
1459
1296
1638
2129
2181
1747
1111
278
-689
-1314
-1307
-896
-672
-800
-718
-414
-260
-350
-673
-964
-817
-307
280
1015
1678
1887
1549
853
418
530
830
1046
1145
1053
866
691
356
-13
-283
-600
-882
-958
-761
-428
-304
-540
-890
-1102
-1076
-671
-62
502
919
999
767
509
502
649
721
727
784
855
833
808
642
227
-250
-742
-1127
-1145
-847
-674
-786
-1069
-1443
-1727
-1869
-1833
-1648
-1406
-1195
-1067
-932
-782
-666
-709
-841
-839
-618
-231
88
240
164
-185
-612
-892
-980
-977
-939
-1061
-1337
-1558
-1761
-1937
-2030
-2042
-2061
-2063
-1963
-1858
-1820
-1835
-1839
-1904
-1880
-1609
-1338
-1066
-803
-780
-945
-978
-932
-991
-1029
-1037
-973
-859
-452
683
2084
2901
2896
2452
2079
2248
2703
2958
3273
3709
3927
3766
3573
3649
3551
2847
1886
1333
1309
1689
1963
1650
1089
446
-363
-1042
-1187
-877
-561
-620
-906
-920
-750
-620
-589
-693
-622
-256
150
589
1201
1667
1664
1298
875
791
1033
1279
1372
1282
1108
878
518
182
62
-9
-186
-375
-519
-507
-397
-464
-676
-855
-907
-706
-282
161
537
725
564
304
236
344
550
695
679
564
449
323
162
-3
-202
-454
-796
-1046
-1067
-1028
-1082
-1319
-1668
-1940
-2009
-1947
-1812
-1626
-1508
-1465
-1506
-1508
-1319
-1069
-934
-888
-796
-649
-440
-287
-271
-332
-470
-658
-859
-960
-945
-988
-1226
-1511
-1667
-1780
-1847
-1902
-2003
-2030
-1944
-1893
-1861
-1689
-1546
-1538
-1565
-1541
-1408
-1174
-929
-811
-739
-625
-516
-505
-469
-341
-321
-11
1018
2286
3043
3192
2954
2611
2550
2599
2649
2911
3361
3613
3425
3194
3119
2853
2125
1398
1029
983
1261
1424
1269
952
463
-292
-996
-1189
-894
-455
-288
-235
-133
-144
-223
-380
-461
-260
115
395
703
1121
1382
1403
1103
794
778
869
953
1050
1132
1097
914
526
197
79
-24
-61
-59
-7
152
227
88
-62
-84
-81
-51
3
204
494
569
497
364
178
109
151
126
163
275
160
-118
-370
-550
-702
-928
-1144
-1238
-1269
-1284
-1341
-1509
-1658
-1752
-1922
-2028
-1948
-1747
-1495
-1334
-1258
-1145
-1100
-1181
-1219
-1162
-1034
-863
-801
-813
-787
-825
-991
-1216
-1379
-1427
-1464
-1549
-1560
-1527
-1577
-1688
-1852
-1973
-1928
-1808
-1683
-1513
-1316
-1142
-1004
-919
-812
-672
-595
-501
-393
-346
-286
-207
-211
-167
301
1265
2294
2831
2882
2753
2552
2438
2435
2523
2832
3287
3465
3332
3243
3119
2679
1915
1288
1113
1206
1342
1367
1232
936
485
-179
-757
-879
-749
-629
-557
-351
-100
-72
-294
-570
-633
-474
-123
278
722
1139
1236
1024
739
694
806
902
976
1105
1287
1318
1255
1061
770
502
253
59
98
512
790
691
459
212
-4
-65
83
167
271
414
408
327
298
284
59
-211
-342
-277
-82
14
3
-160
-402
-693
-944
-1081
-1157
-1197
-1350
-1510
-1586
-1578
-1630
-1825
-1956
-2002
-1962
-1845
-1641
-1458
-1419
-1511
-1704
-1763
-1668
-1494
-1333
-1263
-1207
-1196
-1211
-1277
-1397
-1570
-1724
-1809
-1820
-1587
-1353
-1325
-1385
-1510
-1677
-1754
-1649
-1532
-1390
-1193
-1001
-827
-664
-430
-333
-418
-466
-419
-298
-63
324
883
1722
2485
2791
2792
2723
2760
2827
2804
2828
3075
3357
3434
3390
3273
3086
2669
2004
1477
1328
1432
1472
1332
1096
812
402
-97
-430
-548
-554
-589
-639
-512
-278
-164
-265
-446
-512
-408
-229
10
391
748
909
870
745
729
797
807
782
863
1060
1228
1323
1363
1276
962
568
281
164
309
455
402
373
440
390
242
146
35
-50
-71
-15
157
364
467
315
16
-218
-357
-449
-446
-360
-349
-404
-572
-818
-1011
-1236
-1528
-1747
-1749
-1620
-1448
-1348
-1403
-1550
-1738
-1910
-2051
-2051
-1919
-1830
-1775
-1699
-1619
-1569
-1530
-1586
-1702
-1758
-1780
-1720
-1565
-1407
-1358
-1400
-1467
-1518
-1505
-1463
-1451
-1486
-1455
-1354
-1248
-1051
-839
-753
-737
-726
-715
-578
-330
-173
-93
-15
87
203
314
593
1168
1807
2242
2491
2665
2875
3067
3065
2973
2985
3086
3182
3233
3314
3378
3121
2502
1898
1534
1368
1293
1180
1060
956
724
381
85
-112
-272
-474
-639
-555
-261
-36
-4
-98
-179
-213
-236
-119
205
536
712
755
772
895
1077
1108
1013
996
1047
1023
946
927
880
668
356
134
118
255
342
229
50
-76
-195
-288
-271
-156
-45
-16
-42
13
144
136
-27
-191
-273
-282
-229
-164
-139
-177
-373
-697
-963
-1059
-1098
-1213
-1327
-1366
-1381
-1456
-1577
-1698
-1824
-1946
-2054
-2072
-1964
-1772
-1623
-1613
-1661
-1688
-1697
-1712
-1645
-1504
-1429
-1391
-1353
-1347
-1382
-1400
-1468
-1567
-1528
-1437
-1370
-1294
-1206
-1158
-1141
-1113
-1043
-880
-712
-555
-415
-296
-133
11
110
202
301
352
425
578
760
960
1078
1144
1256
1478
1779
2022
2203
2354
2462
2484
2509
2552
2557
2556
2488
2406
2396
2419
2385
2272
2115
1908
1686
1453
1281
1170
1055
918
739
607
529
421
278
165
71
-31
-98
-137
-91
23
85
56
41
178
349
382
368
417
426
403
441
445
450
474
386
257
255
315
266
150
82
67
19
-47
-70
-102
-154
-238
-334
-333
-251
-209
-237
-292
-337
-340
-357
-422
-446
-450
-515
-636
-714
-723
-772
-877
-994
-1107
-1202
-1252
-1319
-1413
-1447
-1504
-1599
-1622
-1564
-1530
-1562
-1589
-1594
-1563
-1518
-1476
-1419
-1312
-1206
-1191
-1134
-994
-909
-900
-887
-876
-862
-756
-628
-570
-545
-530
-595
-667
-552
-390
-317
-219
-102
-59
-19
32
-30
-63
2
54
172
424
636
711
746
734
692
703
766
830
914
1019
1021
961
950
925
822
734
693
675
762
887
956
1008
1057
1070
1064
1111
1229
1404
1559
1692
1787
1820
1861
1881
1839
1778
1743
1697
1654
1651
1639
1581
1444
1280
1109
964
895
820
708
585
446
287
163
30
-128
-243
-354
-432
-465
-492
-489
-478
-517
-554
-549
-533
-452
-333
-277
-242
-187
-147
-142
-125
-81
-93
-132
-134
-173
-242
-309
-445
-582
-640
-744
-828
-804
-880
-964
-945
-1084
-1296
-1289
-1268
-1365
-1313
-1223
-1276
-1281
-1226
-1278
-1364
-1311
-1219
-1157
-1063
-1013
-982
-890
-861
-920
-871
-859
-916
-708
-503
-548
-471
-319
-383
-384
-260
-279
-215
-77
-58
25
143
188
251
299
284
388
517
503
522
591
648
662
609
590
612
599
595
655
669
696
781
760
729
769
705
533
463
455
412
410
382
345
367
325
236
223
241
260
316
362
446
560
567
551
576
616
706
773
828
949
1011
981
985
975
925
888
816
797
859
850
758
643
538
456
389
309
260
230
162
36
-113
-169
-237
-279
-197
-186
-173
-69
-85
-204
-203
-207
-275
-238
-146
-69
-24
75
151
43
-19
9
-25
-37
-47
-155
-80
25
-187
-170
-155
-432
-383
-434
-679
-551
-545
-824
-809
-764
-935
-944
-987
-1125
-1128
-1018
-1011
-1089
-883
-770
-985
-930
-670
-918
-916
-530
-841
-729
-250
-564
-605
-291
-439
-290
-40
-270
-17
133
3
379
544
442
491
534
456
550
672
608
542
438
540
423
155
314
246
-70
-42
57
-104
-31
181
-65
-189
70
81
-93
78
167
21
213
332
415
570
358
328
510
291
305
721
461
344
797
476
225
574
473
384
571
418
493
703
508
559
723
510
320
388
393
409
573
580
486
479
507
378
271
327
217
140
257
116
77
235
-144
-415
-209
-426
-573
-305
-567
-673
-304
-544
-658
-221
-309
-571
-340
-288
-397
-310
-268
-255
-202
-16
-6
-150
-12
17
-211
-31
81
-235
-105
158
24
-175
-161
-201
-428
-387
-230
-457
-649
-259
-473
-732
-154
-339
-785
-417
-367
-763
-362
-150
-546
-371
-190
-135
-124
-189
-41
101
66
58
317
302
132
355
501
359
388
445
429
516
605
623
619
533
442
401
310
251
77
74
244
65
25
43
-53
-81
-128
-353
-350
-289
-332
131
6
-194
273
-120
-305
193
-270
-286
471
72
95
738
281
204
389
-102
60
301
-109
175
447
133
240
256
-46
-7
178
145
-83
83
354
157
73
422
410
136
303
238
170
322
332
533
546
512
421
379
141
-11
273
-160
-210
55
-198
-144
-175
-503
-454
-419
-943
-686
-279
-864
-739
-282
-514
-528
-327
-602
-594
-353
-543
-436
-250
-368
-209
-160
-192
-112
-56
0
-233
-306
146
62
-461
-203
273
-261
-473
133
-247
-373
55
-377
-338
99
-90
-280
136
151
-229
209
255
-23
262
276
-99
60
534
363
217
617
611
182
318
652
205
186
885
443
36
794
410
-281
390
239
-311
362
211
-245
261
117
-286
208
115
-529
20
132
-457
82
33
-401
234
-13
-546
261
-113
-349
430
-192
-185
500
213
-146
410
210
-345
580
169
-100
562
-3
29
400
82
-149
243
-86
-210
-184
-383
-122
-363
7
-88
-434
98
-58
-384
-62
115
-440
19
294
40
428
368
188
305
452
-10
232
403
-271
70
168
-83
-119
26
-112
-609
-400
-455
-732
-573
-597
-543
-595
-882
-508
-502
-829
-396
-554
-695
-166
-225
-336
-17
75
-2
300
-41
45
329
124
303
161
277
191
301
638
-99
423
473
-399
237
212
-361
275
174
-320
132
54
14
235
-103
-215
274
156
77
576
287
171
619
34
24
618
47
170
706
-134
-32
551
-217
-195
546
-234
-287
295
-126
-225
28
19
-415
72
-4
-500
155
50
-209
-70
185
22
-141
327
-75
33
394
-186
-41
309
-80
47
-26
-13
551
-90
-39
737
28
-51
600
-157
-277
299
-373
-66
418
-178
81
-14
-114
280
-273
-220
260
-190
-407
152
194
-108
71
48
-46
156
54
-185
-118
-35
-78
-66
57
310
30
-222
-30
-153
-173
-317
-431
-122
-279
-559
-528
-311
-257
-694
-695
-409
-646
-656
-258
-580
-536
-72
-589
-638
5
-201
-495
-227
-57
176
39
-29
433
345
296
220
210
501
296
228
678
565
268
531
401
134
457
210
20
403
125
260
449
-90
229
310
-160
216
335
-3
358
326
8
256
317
133
227
389
-166
-42
231
-38
195
228
-162
-71
119
-237
-218
-111
-194
-88
-164
90
136
-206
-166
19
-598
-300
248
-696
-180
561
63
224
270
-261
-116
-331
-344
221
-287
-19
409
-129
283
316
-334
177
161
-394
348
-80
-133
409
-206
-2
-21
-149
-121
-84
13
6
375
137
-140
216
244
-174
-77
238
63
-66
198
347
-113
159
358
-356
65
286
-237
171
67
-396
-237
-41
120
-105
-212
18
-117
-395
-130
-166
-611
-337
-191
-382
-423
-306
-334
-560
-573
-329
-384
-520
-128
-279
-250
444
-130
-490
308
-61
-466
258
117
87
628
275
96
367
466
364
253
308
267
192
429
494
437
245
212
547
289
42
340
-55
-9
497
36
32
498
174
-189
191
354
-115
68
187
-193
29
315
-30
-41
410
-44
-232
91
-10
-100
96
79
-243
117
22
-237
51
135
-111
-378
110
106
-107
-177
-332
-56
-274
-63
55
-72
115
-126
-110
-202
-92
248
-398
-389
250
-104
-27
186
-326
-433
-25
-196
-112
416
28
-420
-16
143
-360
-267
25
-38
-60
-134
165
337
1
-39
224
-200
-37
465
-26
345
298
-19
207
168
-84
88
374
-283
0
293
-103
184
8
-93
-77
-304
-151
-46
-102
-53
-177
-200
-14
-487
-323
-97
-550
-69
-188
-553
114
-24
-241
44
-72
-351
-197
19
-295
-219
175
-94
-134
291
146
51
365
259
146
181
199
226
190
473
144
235
751
105
211
401
93
95
152
333
-34
-16
29
117
192
-250
21
74
-253
-216
-251
-36
73
-180
12
291
-168
-22
298
-5
99
219
118
9
210
290
187
180
-103
200
198
-290
120
-156
-337
160
-29
-106
168
-266
-326
29
-416
-283
84
-365
-327
64
98
-274
-188
91
-228
-269
36
-112
-224
275
-282
-413
384
-149
-191
185
1
91
-138
69
242
-242
-55
179
-181
-180
123
-162
-223
213
-116
-25
245
-271
17
126
-296
125
198
-229
201
370
-181
78
231
-143
144
52
-290
272
304
-289
12
316
21
-133
7
-127
-168
44
-130
-50
51
-73
-112
-192
-32
10
-45
-211
-102
42
139
184
-52
128
145
44
-55
57
324
85
185
192
66
233
287
196
269
239
31
84
86
248
250
118
53
35
63
-259
-101
-110
-350
-41
-119
-102
166
-98
-169
1
-14
-1
45
6
177
374
2
172
433
6
-67
88
201
-95
186
327
-261
132
229
-443
-250
138
-520
-597
-98
-206
-239
-315
-72
-266
-428
-64
-183
-231
-187
-143
-206
-182
-26
-77
118
34
95
259
13
38
160
81
-12
-14
67
69
-30
60
46
-159
140
-38
-291
31
-91
-157
30
134
-214
20
179
-180
83
175
110
-120
111
265
-192
171
158
99
242
114
326
195
-199
177
336
-228
2
166
-79
106
68
24
103
-81
-145
71
-143
-209
153
-364
-132
144
-373
21
-24
-227
-73
130
3
-293
313
-75
-279
407
123
-95
131
88
-61
183
190
95
363
208
140
263
99
220
294
-117
68
211
-105
156
221
-205
-15
118
-298
-190
96
-85
-184
21
6
-199
46
48
15
255
-223
15
457
-207
56
525
-247
-261
472
36
-160
383
-73
-256
82
-199
-259
-285
-274
-141
-410
-409
-121
-188
-404
-360
-335
-417
-364
-247
-131
-360
-188
104
-155
-98
26
-76
-193
68
102
-238
43
288
-157
8
360
-122
34
228
-175
-163
102
199
-42
-20
129
209
-37
-7
483
-159
-187
738
81
-110
673
17
38
510
65
274
239
-19
371
235
-179
409
283
-82
483
-5
-123
336
-155
-159
265
-5
-158
311
18
-404
102
87
-486
-57
175
-449
-187
183
-126
-121
48
-171
-42
-3
-115
-5
-174
-66
161
-213
-218
223
-187
-269
393
8
-81
332
182
-185
-35
247
-191
-167
330
165
-68
21
166
23
17
164
-253
-84
180
-147
-36
66
114
-31
2
220
-130
-121
133
-58
-80
263
136
-189
159
325
-257
49
192
-404
77
10
-405
59
-132
-395
-83
-131
-490
-105
-280
-591
157
-252
-653
250
-145
-489
182
-82
-331
205
19
-192
131
-7
60
25
-32
297
-82
-15
345
-76
-177
109
99
-67
145
33
-46
21
42
239
-17
44
318
-56
-67
431
37
-200
488
166
-75
306
239
42
216
285
118
97
69
328
-11
34
503
-105
19
203
51
83
103
-23
-167
258
55
-131
77
-30
58
-93
-35
-53
-161
27
-169
-141
77
-119
-158
150
-163
-309
180
-75
-289
126
-69
-237
176
61
-196
37
-113
-59
50
-63
100
-66
-52
64
-252
-42
125
-146
-154
199
-45
-344
82
-118
-423
100
28
-394
31
181
-80
-40
-25
-45
-107
-85
44
-1
-73
124
126
9
169
-20
38
82
-176
-47
42
-51
2
15
-170
-191
2
-109
-208
-290
-103
-85
-363
51
179
-158
-184
219
26
-283
292
9
-165
82
176
150
32
421
29
142
297
-180
265
173
-22
307
140
-182
209
332
-347
113
166
-367
304
63
-255
229
99
-152
95
191
-241
181
254
-230
257
266
-109
53
325
-83
-96
337
-56
79
227
-90
42
55
-3
23
56
-74
-13
117
-205
40
98
-288
26
15
-231
-25
-68
-90
73
-40
-121
-45
-100
-132
-73
126
31
-147
132
-3
-65
174
-67
-147
69
178
3
-25
-117
-149
187
-33
-92
-2
-212
-4
-8
-192
-55
70
-79
-201
-86
-12
-147
-133
-44
-265
-164
112
-212
-171
316
-102
-297
531
35
-395
517
-46
-492
377
57
-376
321
181
-420
50
119
-313
52
104
-315
-121
-51
-151
61
49
-26
-111
-81
-12
-13
-68
7
53
33
161
191
214
51
6
238
130
201
270
193
236
311
182
226
248
63
62
105
68
-33
261
272
-115
128
279
-78
-82
277
-90
-315
238
59
-274
72
29
-239
115
90
-225
106
168
-260
19
146
-345
17
125
-227
37
79
-77
86
55
-300
9
191
-289
-27
184
-241
-27
227
-228
-296
-70
-55
-13
-34
-112
-82
-130
-115
66
-222
-165
197
-13
-188
45
186
-99
-26
80
-165
-13
136
-112
-180
244
194
-227
-50
27
-285
-137
51
-191
-199
-30
-105
-149
-96
-97
-9
-109
-216
-17
6
-151
142
209
-209
193
349
-296
3
237
-161
86
378
-23
88
252
-38
-12
-31
57
-34
-302
92
221
-200
-38
298
-194
-244
117
-65
-132
-81
227
44
-31
350
-94
-86
332
115
41
87
204
182
165
299
71
-234
208
360
-107
127
179
-83
45
-17
175
92
-103
249
101
-124
112
-20
-237
-13
-30
-237
-70
58
-139
65
183
-81
-92
-207
32
43
-391
32
211
-268
85
339
-224
34
205
-359
-105
68
-137
79
77
-149
284
116
-380
54
-38
-339
56
95
-59
15
178
-25
-248
52
-243
-466
242
21
-389
55
229
-167
-286
257
-162
-309
265
-141
-274
25
29
-150
-89
130
-197
-121
144
2
-92
61
-74
-309
-12
192
59
-173
117
27
-225
232
-30
-221
187
95
-73
86
164
56
109
71
-27
-126
129
308
159
192
24
-151
100
225
-106
21
1
-54
5
189
210
-169
267
-59
-202
549
-77
-141
426
84
-228
163
181
-156
176
65
18
286
2
-76
154
-93
-79
156
-92
-231
246
134
-119
200
31
-275
-35
-89
-123
-108
-194
11
-263
-36
178
-384
-30
37
-306
-21
45
-418
-71
434
-344
74
388
-416
-10
402
-133
-226
273
-35
10
76
-164
450
-42
-333
412
-8
-223
200
-30
-124
48
-141
-52
17
-116
70
-92
-216
228
233
-343
-27
236
-336
16
253
-282
-5
237
-225
-110
460
-164
-343
381
-135
-188
145
-117
57
-26
-65
164
-31
-65
198
-173
-319
139
-31
-186
32
64
-97
-201
112
123
-140
-103
26
-123
86
213
-106
23
-11
-109
61
102
359
45
-111
194
112
98
225
258
-48
47
364
-112
-173
503
214
-314
294
74
-362
232
313
-177
-148
350
-124
-237
362
-80
-342
-10
295
30
-124
361
-2
-373
184
109
-257
253
199
-270
90
290
-160
-181
125
-108
-157
-14
-109
-9
-264
-139
208
-302
-170
258
-300
-178
147
-185
-32
53
-18
-79
28
171
-93
-75
-8
135
197
31
15
-101
-69
-95
-99
-134
1
61
-171
65
-26
-165
-93
-168
142
-68
-269
32
-134
-22
187
-31
-112
-28
60
-216
-170
120
-79
-124
160
137
-198
92
409
-122
-175
56
-110
-217
144
194
-244
88
221
-162
29
26
-150
156
1
-347
62
187
-28
162
-9
-188
162
190
19
248
-29
69
116
-191
219
221
-47
15
165
156
-54
90
40
144
134
50
256
12
-45
208
118
-128
-101
14
-179
-154
115
11
30
312
24
-183
-72
-108
2
-117
-35
116
8
-12
62
142
-33
65
227
-78
81
78
-221
120
179
-12
22
-43
141
-88
-255
32
-90
-153
30
-205
-316
-64
-230
-109
160
-132
-370
-10
146
-313
58
169
-189
41
-68
-189
182
433
-42
-75
38
-91
339
111
-226
-47
-38
-116
101
117
-191
-8
-191
-109
96
-182
64
-113
-308
-106
31
86
106
-62
-459
119
15
-349
233
-137
-176
480
229
-237
164
209
-128
68
-152
8
85
-41
334
205
90
135
113
-82
-97
-24
-130
160
77
3
120
132
182
-84
-73
29
-118
-125
141
-38
-79
303
36
-40
231
0
-167
161
229
-97
-18
1
28
223
133
-109
-42
25
-85
147
-22
-210
339
-5
-333
22
80
-154
-11
182
-196
43
103
-165
-30
-37
-85
11
130
127
159
-96
-7
210
-128
20
202
-116
-91
229
-204
-128
260
-86
-151
-15
-226
-394
-50
223
-53
-176
-19
-91
-294
-45
65
-253
-60
215
-177
-60
265
53
37
131
105
180
-9
-187
113
55
13
266
-52
-140
97
-47
-67
81
-111
-38
83
-194
-55
116
10
-145
42
111
-137
-53
-72
-80
-54
106
104
-238
32
61
-50
192
44
-154
-3
55
31
160
-50
-71
-29
-213
37
116
60
88
-28
-39
239
106
-161
34
-187
-20
105
-153
158
250
-10
-84
286
15
-71
207
-142
-110
112
162
55
153
-81
-205
200
94
68
-122
43
138
-128
238
202
114
-74
-143
110
-57
-90
90
-44
-288
-29
72
-70
215
3
-118
26
-132
-147
-24
-85
-128
35
-22
-111
234
241
-149
102
201
-184
88
-4
-31
24
-148
31
-161
36
26
-156
106
-182
61
-32
-457
-40
62
-368
-254
160
-317
-197
282
-133
-207
283
62
-439
150
103
-322
18
184
47
-178
159
72
-116
236
-77
-65
13
-228
-29
80
30
155
168
48
-78
-20
-69
-88
95
20
-42
105
126
58
113
99
65
145
42
-39
101
-115
62
172
-44
247
147
-27
106
-15
-103
-157
42
148
66
43
21
29
-132
3
-43
-20
174
-172
-138
260
-6
-9
193
-164
-164
145
-93
15
239
-107
-257
271
150
-255
349
153
-433
215
169
-377
71
163
-86
-54
77
-33
-38
51
-125
-7
-143
-181
-55
-86
172
-44
-33
179
61
-59
57
-40
-214
127
214
115
16
149
20
-69
136
91
181
-201
-33
127
-156
75
-163
-181
-98
-202
186
87
-373
40
-37
-570
181
48
-519
106
66
-396
153
317
-424
70
99
-458
254
142
-277
32
-73
21
253
1
-62
122
-46
-55
227
-29
-140
262
-81
-26
426
20
-43
92
230
52
-94
85
-98
71
-15
-89
221
-69
12
265
-43
-98
185
43
-186
93
29
-198
164
134
-91
189
-12
-2
231
45
-10
-40
-33
106
33
47
399
0
-205
120
41
-89
-92
174
-55
-147
173
-206
-38
170
-76
-145
35
98
-125
-30
84
-124
24
73
-106
122
43
-263
-75
112
-219
-115
234
-312
-272
189
-111
-71
295
-145
-363
233
-79
-312
163
4
-78
327
108
-138
254
-100
-199
130
29
0
-6
212
49
-175
31
48
-212
-34
218
-257
-68
196
-135
-96
-175
-84
-42
-286
-46
120
-177
-66
92
-227
-41
245
-166
-104
319
-55
-126
136
-162
37
216
-117
67
181
-75
60
118
-88
106
46
-183
332
167
-262
227
50
-285
351
213
-400
65
123
-225
189
144
-153
123
-46
-132
306
-38
-101
387
-223
-155
301
-49
-53
169
103
-100
191
89
-133
208
-32
9
12
-72
216
63
-69
37
-62
-154
70
-49
-150
130
-29
-53
172
-85
-87
178
-77
-95
186
-236
-119
293
-165
-3
215
-246
-87
32
-156
-97
-89
-138
-15
-25
-233
-140
-110
-88
36
-240
-49
78
-293
-173
91
15
-40
-109
-110
12
40
48
73
-136
32
218
-105
-47
246
-1
-67
213
36
-206
205
210
-90
128
-9
-153
208
32
-201
197
42
-282
226
55
-308
75
-63
-89
64
5
35
13
-79
-52
137
-93
-106
17
-89
158
-73
-64
144
12
96
163
9
-70
171
-84
-44
381
29
61
264
-35
69
270
8
-117
96
15
81
138
-71
152
78
-34
161
21
27
30
-31
-116
111
52
-173
228
102
-160
-39
227
-198
-279
310
-129
-35
154
21
-18
-206
22
-170
-40
15
-117
-51
-247
50
96
-101
-144
-126
7
4
-78
-12
80
-264
-77
247
-144
-81
221
-165
-294
35
-189
-54
242
-246
-47
38
-380
167
202
-355
-75
-207
-293
304
110
-328
111
-25
-304
259
-43
-308
107
50
-77
62
275
-29
-12
288
-38
114
174
18
154
94
89
130
-1
143
281
-5
-3
279
-52
30
378
-123
-244
133
-23
-166
89
44
-264
121
83
-211
202
91
-160
27
-11
-138
109
56
-184
49
-30
185
259
-151
166
25
-275
227
113
-361
128
248
-378
196
365
-243
227
82
-303
236
31
-292
76
-1
-114
91
7
166
38
-168
81
-58
-185
236
-7
-448
264
217
-302
337
171
-193
146
22
-111
19
-52
59
109
-270
106
277
-380
114
213
-534
57
228
-424
-38
217
-373
28
231
-406
24
192
-198
-96
-114
-15
70
-178
-24
203
-322
41
311
-357
140
302
-232
31
232
-288
-62
149
-371
58
-152
-289
173
-123
-161
75
-94
-278
161
-167
-319
310
-334
-25
417
-409
-28
373
-192
78
340
-244
108
246
-115
231
68
9
331
-27
-94
285
3
-106
317
-240
-93
456
-173
-68
294
-68
-41
155
26
-15
77
7
180
31
-186
92
-19
105
189
-161
3
181
-28
-21
73
-41
-102
160
92
4
-16
6
48
-58
46
-109
-183
73
81
-58
40
87
-42
83
-35
-86
129
-110
-31
106
0
-24
-22
98
72
-36
12
81
-56
-207
156
122
-158
-19
56
-70
-104
4
-113
-167
-49
-51
-74
81
43
-158
-113
-40
-69
-2
49
-173
-200
88
-87
-4
107
-62
-74
-93
98
100
-82
-14
-69
-172
73
100
-216
24
97
-320
3
130
-275
43
27
-327
16
68
-141
-43
50
-117
-59
-17
-176
41
-39
-97
152
-1
-136
112
134
-19
35
8
-64
157
193
-22
80
260
108
65
287
129
-198
167
197
-45
270
148
-68
167
99
32
262
60
-51
209
74
-181
125
164
-226
59
286
-190
-37
193
-104
64
102
-204
65
273
-110
-104
143
-60
9
150
-105
-146
2
-191
-161
137
-52
-154
96
-24
-201
14
-100
-199
6
-70
-120
-15
75
-35
-182
109
101
-173
-94
2
-133
16
97
-227
-3
110
-88
18
-30
-35
-87
-92
30
-20
43
112
-56
36
195
-100
-108
129
-153
-43
256
-74
85
122
-125
100
21
-163
14
-63
-279
39
114
-178
-14
204
-94
-182
157
-156
-307
149
-10
-206
124
15
-128
65
68
-1
-164
-36
112
-136
-63
188
-1
-116
148
-16
-77
150
14
57
150
88
157
60
13
249
169
-139
70
244
-55
99
229
-163
66
288
-84
-78
199
-28
-66
118
-44
127
68
-271
126
94
-287
121
153
-242
135
131
-141
124
93
-239
-98
126
-55
-76
77
-1
-4
53
29
-51
-46
-62
-58
-102
-146
90
-57
-199
160
-41
-258
89
-82
-161
82
-190
-46
168
-196
27
196
-270
-79
275
-239
-168
167
-227
-13
173
-95
125
-40
-198
203
-137
-222
294
-113
-206
313
-31
-173
251
-60
-66
279
-45
33
104
-94
44
12
-84
195
62
-165
250
-99
-262
255
-26
-112
30
-31
1
-21
81
144
-98
-82
4
-164
-38
291
23
-318
169
117
-185
254
4
-133
121
-141
-113
117
-2
-116
31
3
-24
75
-52
-88
23
49
-133
-17
249
4
-12
96
134
-2
-82
107
89
68
79
64
-49
87
122
-63
163
-36
-129
29
-117
-102
131
49
-147
114
-42
-98
171
-6
-60
-11
-79
16
171
14
16
194
57
95
115
-32
44
84
45
-43
91
238
-112
-155
157
3
-138
-49
-122
-25
-12
-250
36
41
-256
-15
48
-115
-33
25
-205
-193
59
-22
-113
-14
39
-125
-82
149
-63
-164
19
-45
-261
-5
82
-361
-8
208
-246
-40
53
-151
9
-46
-160
30
28
-100
90
102
-109
41
162
14
39
95
136
33
-37
214
28
-50
222
16
-83
103
32
31
195
-96
-101
232
-52
-154
163
146
-94
63
91
-9
78
97
155
-50
-39
125
41
13
151
95
-35
92
-12
83
92
-144
24
109
-133
-103
212
-88
-181
88
-65
-39
37
-23
-119
-21
45
-38
11
14
-46
-56
29
-5
-120
-51
72
-23
-127
105
44
-96
149
94
-171
-58
65
-104
-127
-19
-15
61
80
1
20
-15
-11
-103
-190
-20
-14
12
101
52
-56
-24
-54
-89
71
-42
-85
-24
-13
18
-33
161
-4
-172
118
4
-265
131
119
-323
51
165
-225
25
176
-88
-38
-58
-94
-52
-263
20
235
-211
-1
283
-142
-82
122
-107
-74
59
15
34
58
58
201
92
-32
28
-53
-43
49
67
132
168
-5
56
28
-127
67
30
23
37
-68
102
107
-148
62
219
-166
2
193
-105
-34
120
45
27
120
36
-9
61
10
-6
-45
-77
107
32
-111
-17
28
38
21
-30
-59
-96
-19
-84
-121
135
-18
-190
49
-38
-109
99
0
-95
62
-99
-59
45
-158
2
25
-69
66
41
-28
12
44
-107
-82
52
-67
28
141
-19
5
133
66
-21
-8
-20
-41
42
26
50
70
-110
-69
137
-5
-194
41
-59
-205
80
-184
-192
158
-97
-139
122
-68
-212
-14
-42
-121
30
-2
-65
190
120
-117
88
88
-79
62
2
-26
139
76
6
65
100
-62
-69
36
-54
-70
-11
111
-35
-22
120
-65
-2
87
-77
-100
115
7
-127
123
60
-36
106
180
102
-6
21
23
74
104
-75
47
205
103
57
86
109
-28
-8
45
23
79
20
37
40
32
-14
22
19
-55
24
-62
-91
29
-7
-125
-20
-27
-141
86
-64
-210
128
65
-215
-40
78
-89
18
16
-108
74
-72
-184
61
3
-126
-37
46
-32
-111
-9
88
-109
-212
54
-76
-207
120
24
-204
15
58
-139
27
16
-91
78
38
95
56
-97
64
112
-104
-40
213
-20
-82
186
116
-94
-35
79
-94
-86
-2
-82
-11
124
89
-84
33
92
-180
-63
100
-112
-85
113
89
87
81
22
59
-25
-91
13
28
-17
63
149
47
62
57
-114
-48
17
-63
1
-4
-26
9
86
149
1
-88
-73
-19
53
0
31
167
141
38
133
156
17
-55
-12
52
21
63
27
7
118
44
-20
183
70
-247
-32
36
-194
-68
64
-24
27
120
33
-19
-78
-115
-119
-68
-68
-65
115
2
35
224
-24
-74
47
-85
-228
-31
75
-128
-18
111
-64
-128
54
-7
-179
-90
-128
-65
65
-91
-90
-3
-86
-67
-11
-128
-48
25
-211
-88
125
-30
-117
-61
59
-18
-116
66
49
-20
-55
-57
43
54
75
-29
5
120
20
17
54
63
69
121
67
-27
66
-11
-18
167
98
-25
68
97
-5
-1
-48
-79
-16
-10
120
78
40
25
-112
-36
-33
-61
-41
0
89
13
21
73
121
-88
-182
50
-95
-126
113
35
3
116
-24
-65
131
-33
-159
-20
22
-60
-55
95
43
78
149
2
-32
-22
-58
-164
-10
83
-101
47
209
99
-3
-10
-96
-99
-30
-128
-26
32
7
135
117
59
15
-78
-68
-16
-30
-28
15
88
149
75
7
2
-41
-105
-91
13
-76
-24
103
-68
-56
70
-64
-123
-37
-47
-164
-175
34
70
-98
71
82
-112
-8
38
-49
-38
-44
-37
7
-4
56
152
33
-38
21
8
-58
-77
-7
-16
-44
30
51
50
81
19
-26
51
-23
-75
34
37
46
37
44
112
7
49
152
-15
-39
102
33
-67
50
51
4
52
24
74
35
-90
1
4
-86
54
95
-9
76
75
-61
35
108
-41
-67
-25
24
-7
-76
22
63
14
36
25
-34
-50
-87
-85
-61
-5
2
13
145
14
-71
22
-32
-40
-53
-130
-29
43
-22
37
15
-22
-38
-75
-26
-45
-22
24
1
27
91
11
-17
52
22
58
23
-27
24
50
38
114
37
-88
20
14
13
18
-49
-18
9
-4
-56
17
91
4
-77
8
50
58
69
11
18
-46
-108
-102
-46
-28
-62
-63
-65
-8
-67
-103
-33
-74
-93
-55
-122
-163
-68
-56
-79
-128
-55
29
-40
51
160
71
-64
-11
9
-66
28
73
-23
-20
95
82
18
14
7
38
-13
14
81
22
-31
-10
109
60
16
81
-30
-22
80
42
16
118
93
52
175
145
61
35
113
94
-35
44
46
59
91
15
-2
-1
11
-84
-96
20
-47
-146
-36
69
-35
-79
-36
-20
-24
-85
-64
-21
-14
-17
-32
76
107
12
-20
-19
4
-10
-34
-8
-25
-46
-94
-73
58
-30
-155
-72
-67
-119
-41
-31
-98
-26
-8
-46
49
52
-100
-141
-40
-31
-33
29
58
88
43
28
27
-4
4
-77
-40
77
90
50
-14
34
16
-51
-31
-53
-44
-44
-69
-16
11
14
47
-1
-43
-35
-45
-41
-54
-63
-12
68
81
45
24
-10
46
87
-5
15
67
-26
-35
110
162
29
6
47
-6
-20
-12
13
-95
-101
96
82
75
125
-7
-34
3
-93
-7
41
-45
92
84
-19
113
127
5
27
-13
-12
24
-2
110
87
11
-9
40
152
15
-40
-36
-125
-108
10
45
-34
25
20
-108
-24
7
-96
-73
-63
-12
59
32
77
48
-63
-22
-2
-108
-70
6
-8
38
70
24
16
80
-9
-45
20
-87
-61
49
-26
-57
-7
-28
-36
36
65
-1
-46
6
28
15
19
31
-14
-64
-10
59
22
-26
19
34
31
21
39
65
-28
-26
47
40
20
48
48
-9
48
55
-39
-53
-86
-70
21
9
25
-3
-102
-15
28
-86
-64
9
-51
-45
-8
-28
72
57
10
87
52
-18
-15
0
25
69
31
46
73
34
20
-25
58
19
-99
19
43
-24
4
17
-55
-15
39
-46
20
85
-44
-55
63
88
35
-23
-37
32
20
-60
44
74
-72
-40
3
-54
-47
21
-8
-51
42
11
-50
16
-7
-102
-90
-47
-29
14
-68
-61
97
96
13
53
88
-93
-88
76
-18
-27
44
-26
-63
-26
23
-3
-68
-37
-28
-91
-35
84
43
-26
-12
-49
-48
-13
-20
-15
-74
-64
3
8
119
123
25
13
-33
-48
-19
-3
-40
-74
-63
-49
10
-22
-67
-71
-85
-3
8
-6
76
18
-66
-6
3
-3
44
60
74
41
2
-4
-16
2
-12
-25
-8
59
59
-4
37
36
-25
-71
-21
-2
-65
-27
0
56
18
-22
95
31
-40
47
31
-25
43
19
-34
30
20
37
54
14
38
-8
-110
-72
-18
-67
7
129
93
53
64
1
-57
-49
-79
-73
-36
16
79
29
20
78
16
-60
-31
0
-11
7
21
46
52
-15
-2
70
-3
-31
49
-20
-68
-5
-17
-13
49
45
14
53
74
0
-57
-45
-43
-84
-69
15
22
14
84
66
31
73
27
-51
-40
-74
-66
9
14
65
56
-23
-17
-27
-66
-51
-40
-96
-54
3
-34
36
72
13
-8
-47
-59
-46
-77
-114
-93
-24
40
66
84
92
8
-32
20
-14
-69
-68
5
46
7
85
122
35
12
39
43
4
33
134
161
94
123
156
38
63
110
19
15
65
51
23
67
59
7
11
6
8
-28
-50
0
6
-41
-7
40
-38
-72
-42
-70
-102
-90
-65
-11
53
25
-7
43
1
-116
-116
-74
-141
-115
-22
-19
49
60
-18
-46
-57
-69
-122
-121
-61
16
61
39
55
28
-10
-26
-90
-76
-54
-39
23
-3
32
118
51
33
46
-42
-50
-4
-46
9
64
12
85
74
5
17
-33
-34
-41
-43
17
36
38
76
79
17
4
-8
-27
-2
-17
-4
53
15
-13
90
87
-14
11
28
-38
-41
-35
-46
4
18
-2
38
49
-6
-16
-30
-73
-34
-18
-33
16
63
40
21
79
58
-30
-50
-30
-52
-47
30
53
58
43
-10
-18
-16
-60
-82
-43
-50
-45
-12
-7
9
14
-5
-55
-82
-65
-43
-37
-43
-13
31
45
28
43
48
-6
-9
22
6
14
53
26
-4
26
53
34
2
10
0
-17
33
58
27
22
-10
-31
4
-10
-39
10
41
9
21
33
17
44
42
33
58
35
-11
-30
-30
-45
-22
12
-9
14
8
-46
-6
22
-36
-53
-13
-32
-56
-38
-56
-57
-44
-59
-13
40
9
12
50
37
-16
-47
-30
-57
-52
3
24
59
70
68
27
-25
-30
-63
-74
-58
-1
46
4
31
56
-21
-77
-69
-82
-112
-29
42
27
38
46
3
-50
-30
-38
-59
-20
1
13
44
84
79
40
26
30
15
14
49
23
9
28
14
29
40
8
13
50
20
11
64
25
-34
-13
38
42
-16
-7
35
-7
-27
2
-9
-7
12
6
19
49
41
-13
-29
-29
-75
-95
-36
-3
-32
-26
-21
-26
-25
-29
-4
13
-10
-43
-10
35
13
-5
13
11
8
30
1
-6
38
14
-11
2
-18
-36
-45
-34
-5
-28
-33
-32
-38
-17
-33
-27
3
-14
-22
15
40
54
62
71
48
-23
-8
28
18
49
68
68
70
59
33
-5
-12
-10
-37
-37
-9
-24
-6
46
37
29
31
3
-28
-30
-29
-37
18
35
8
33
23
22
27
-9
-15
-19
-47
-38
11
20
-13
3
8
-43
-49
-45
-43
-43
-48
8
21
-5
19
16
-12
11
38
13
16
41
1
3
38
33
56
48
42
52
11
-13
-25
-6
16
-4
15
53
35
5
14
-7
-44
-46
-47
-50
-22
-13
-19
14
25
28
12
-36
-47
-29
-40
-66
-22
0
-34
-8
20
-7
-47
-54
-73
-102
-80
-66
-40
5
35
50
25
1
-17
-54
-75
-50
-33
-12
56
83
83
87
74
60
33
8
3
25
54
63
84
98
61
7
-15
-22
-38
-43
-13
22
43
56
27
9
10
-22
-27
-17
-10
6
22
44
58
78
50
4
10
11
-6
3
38
41
29
18
10
-9
-48
-52
-66
-69
-60
-84
-50
-37
-66
-35
-15
-32
-26
-26
-42
-56
-62
-29
-25
-13
32
6
-14
3
-14
-44
-53
-24
-1
5
32
48
18
3
-6
-40
-36
-29
-28
14
38
36
53
43
28
27
2
0
11
-8
-8
24
22
14
17
1
-21
-49
-56
-67
-69
-24
2
-9
-10
21
-4
-63
-56
-51
-60
-24
22
44
71
73
31
24
18
-19
-23
-21
-2
39
43
41
64
40
-18
-17
-11
-29
-25
-14
14
24
13
30
30
2
13
17
7
43
44
20
43
35
8
26
22
-2
8
-6
-23
-11
-31
-26
-10
-33
0
18
-16
-4
-2
-29
-30
-9
-12
-24
-3
19
24
25
16
11
-6
-16
-4
-8
10
13
-11
6
3
-19
-18
-13
-15
-22
-18
0
10
14
15
19
32
19
19
28
9
15
6
-10
20
36
33
29
17
14
-2
-25
-20
-26
-42
-26
-21
-3
12
-22
-17
-11
-40
-24
-17
-27
-2
-1
-14
6
16
7
10
24
21
10
18
23
14
-3
-19
-24
-27
-21
-9
-16
-22
-7
-16
-40
-30
-25
-31
-13
17
34
41
34
19
13
4
16
33
38
60
75
74
77
65
47
32
5
-7
-9
-5
15
17
9
8
-12
-22
-22
-21
-14
-22
-17
-2
-6
-4
10
-6
-20
3
-4
-11
-9
-13
-4
-18
-17
10
11
-8
-1
14
1
-15
0
9
-7
2
19
8
16
40
24
8
25
10
-10
-4
-8
7
17
7
28
37
8
0
-3
-16
-10
-13
-10
19
30
32
43
42
32
21
-2
2
7
-7
8
5
-15
-5
-19
-39
-26
-38
-56
-47
-42
-41
-38
-36
-31
-15
-14
-25
-9
-14
-37
-30
-18
-8
11
33
38
44
60
40
20
12
-18
-32
-6
-6
-10
24
23
8
21
5
-28
-32
-39
-46
-11
19
25
39
53
33
5
0
-11
-22
-15
-6
-2
18
38
29
26
14
-28
-43
-35
-37
-28
-18
-26
-12
1
-23
-23
-6
-32
-32
1
-18
-24
12
8
-1
12
13
4
4
7
-1
-18
-14
-8
-36
-40
-36
-54
-32
-20
-35
-22
-27
-49
-48
-60
-63
-55
-56
-34
-12
-28
-34
-20
-18
-12
-2
-1
9
17
13
4
1
9
13
13
26
48
51
41
29
-3
-38
-57
-35
70
143
99
57
43
-8
-57
-64
-43
-11
28
62
89
111
83
20
-27
-69
-81
-58
-34
25
80
63
27
13
-12
-31
-38
-33
-5
8
0
15
40
22
10
26
26
27
19
6
9
2
-7
5
27
49
54
33
15
1
-23
-31
-19
-16
-18
-6
14
33
34
7
-14
-23
-43
-37
-8
-11
-7
23
20
4
13
0
-15
-13
-21
-25
-15
-10
-1
15
12
2
-5
-20
-31
-32
-23
-12
2
27
35
15
10
10
-7
-6
-1
-5
9
20
14
28
34
16
6
-5
-20
-19
-21
-19
-6
-14
-23
-20
-23
-25
-30
-33
-38
-32
-23
-15
-4
3
7
-5
-12
-2
4
0
11
28
22
19
32
37
36
44
49
41
40
44
41
36
28
40
43
25
31
49
32
21
30
21
10
6
7
21
22
15
14
4
-8
-4
-11
-15
-4
-7
-13
4
-2
-29
-24
-28
-41
-22
-16
-24
-24
-30
-40
-48
-48
-37
-37
-45
-29
-24
-43
-38
-30
-48
-56
-38
-26
-16
-3
0
-3
-15
-14
-13
-15
0
13
14
19
25
15
13
15
10
17
26
28
32
32
28
23
16
17
14
13
15
8
8
23
22
15
17
11
7
12
9
6
19
12
-3
10
9
-6
-3
-9
-15
-10
-13
-11
-5
-5
-5
-6
-9
-10
-15
-24
-24
-17
-10
-10
0
7
-7
-14
-6
-14
-24
-17
-14
-8
3
3
3
-4
-13
-21
-27
-22
-17
-7
3
10
17
14
6
11
16
5
-1
19
22
13
33
39
25
26
28
10
8
16
3
11
27
12
4
9
6
0
-5
-2
-3
-14
-18
-5
0
-5
5
9
5
4
-7
-11
-2
-6
-11
3
7
7
12
6
0
-3
-19
-19
-12
-16
-10
-9
-16
-16
-27
-41
-32
-33
-42
-25
-16
-23
-18
-22
-29
-22
-23
-22
-3
6
5
9
16
12
10
19
27
29
35
41
37
28
29
21
15
17
19
24
21
17
18
9
-8
-9
-9
-24
-26
-5
-1
-12
-1
2
-18
-17
-9
-13
-14
-3
3
2
14
17
5
0
-3
-10
-11
-8
-7
-2
-5
-11
-9
-16
-24
-25
-27
-28
-22
-13
-12
-6
-2
-6
-2
7
10
16
21
15
20
26
24
24
33
37
31
31
28
18
17
21
20
20
15
18
24
19
14
15
4
-7
4
12
6
15
27
17
13
14
-1
-10
-8
-6
-7
-10
-8
-7
-20
-29
-26
-34
-43
-38
-32
-33
-30
-25
-25
-26
-27
-29
-29
-26
-22
-20
-18
-14
-13
-13
-14
-15
-14
-21
-27
-24
-24
-28
-27
-23
-16
-21
-29
-23
-23
-32
-29
-21
-17
-5
0
5
17
17
16
22
26
26
26
35
43
46
47
51
50
45
42
43
41
35
35
35
35
35
32
33
32
30
29
24
22
24
16
11
21
20
18
21
25
21
10
3
-5
-3
-3
-10
-1
2
-2
-11
-16
-21
-34
-44
-42
-37
-32
-26
-30
-31
-30
-38
-42
-37
-33
-34
-30
-26
-28
-26
-30
-31
-22
-16
-13
-5
1
3
4
7
9
12
11
10
17
19
16
18
19
18
19
22
20
17
22
20
11
15
14
5
8
7
-1
1
-3
-11
-11
-15
-15
-6
-8
-12
-6
-15
-26
-22
-25
-32
-29
-27
-26
-17
-12
-17
-16
-16
-19
-14
-10
-2
7
12
18
24
21
19
20
17
23
30
31
35
38
38
32
22
21
15
6
7
15
11
9
12
6
3
-1
-11
-16
-12
-9
-8
-3
2
3
0
-4
-5
-7
-9
-10
-4
-2
-5
-3
0
-2
-7
-4
-11
-16
-12
-10
-8
-4
-3
-5
1
5
3
9
7
-3
-2
-3
-7
-2
5
4
6
3
-3
-3
-13
-18
-20
-23
-19
-10
-11
-9
-4
-9
-10
-10
-13
-9
-4
2
10
18
22
20
20
22
22
17
19
26
24
25
28
25
22
17
13
12
9
6
6
7
3
1
0
-2
-3
-6
-9
-8
-5
-4
-4
-4
-2
-5
-8
-7
-6
-9
-8
-6
-2
0
-1
-5
-7
-6
-7
-6
1
1
-1
2
2
2
4
4
3
4
1
-2
-3
-5
-8
-7
-5
-5
-5
-6
-11
-15
-17
-21
-20
-15
-13
-9
1
2
1
-3
-4
-5
-6
3
11
16
25
28
27
25
23
18
12
13
18
19
15
18
17
12
7
2
1
-2
-5
-4
-6
-7
-7
-7
-6
-4
-5
-7
-9
-8
-9
-7
-6
-6
-1
0
2
5
5
4
5
2
-1
2
3
-2
0
6
5
3
8
5
0
0
-5
-8
-11
-14
-14
-14
-15
-10
-8
-11
-13
-19
-27
-30
-29
-26
-22
-16
-12
-12
-11
-9
-15
-17
-16
-18
-11
-4
-3
2
6
4
5
6
5
5
6
10
15
17
19
24
22
22
24
24
23
22
21
21
21
21
23
21
20
20
17
10
10
9
3
1
3
4
0
-2
2
-2
-6
-5
-2
0
1
6
7
8
13
10
9
13
14
14
16
17
19
19
15
11
15
12
8
8
5
-1
-2
-5
-7
-9
-13
-15
-15
-17
-18
-18
-19
-22
-23
-22
-20
-18
-16
-15
-15
-15
-15
-15
-15
-13
-12
-7
-4
-2
-1
-2
-4
-2
-1
-2
2
6
5
7
15
14
12
13
12
10
11
15
17
17
17
14
11
9
3
0
0
-3
-2
7
6
0
0
-3
-12
-11
-7
-8
-2
4
3
1
2
1
-3
-5
-4
-2
0
3
3
0
-4
-10
-14
-12
-16
-18
-13
-15
-16
-16
-16
-20
-20
-19
-18
-17
-16
-14
-13
-12
-10
-6
-3
0
2
6
7
5
7
4
1
6
10
8
15
18
12
9
10
5
1
1
-2
-4
0
2
0
1
1
-7
-10
-12
-14
-13
-13
-9
-2
-2
-3
-3
-8
-11
-13
-17
-14
-8
-6
-6
-4
-3
-7
-13
-16
-18
-22
-22
-17
-13
-7
-7
-9
-7
-8
-11
-9
-3
4
12
20
28
36
39
38
42
42
40
44
48
51
54
57
58
55
50
43
34
26
18
11
5
3
0
-3
-8
-15
-24
-34
-44
-52
-59
-61
-60
-55
-49
-46
-46
-49
-53
-55
-58
-54
-48
-43
-31
-21
-16
-11
-8
-9
-11
-9
-5
2
12
19
25
29
32
32
30
28
27
28
25
25
28
25
23
23
19
16
12
7
4
0
-3
-4
-2
-3
-3
-3
-6
-6
-6
-12
-15
-8
-9
-11
-2
1
-3
0
0
-5
-4
-2
-5
-3
3
2
3
3
1
-2
-5
-7
-7
-4
-2
-2
1
1
-2
-2
-2
-5
-4
-1
1
2
7
9
9
13
13
13
14
15
16
19
20
21
25
26
25
27
24
21
20
20
18
17
14
13
11
8
4
1
-2
-7
-10
-12
-16
-22
-22
-24
-28
-25
-25
-29
-28
-23
-25
-25
-20
-18
-14
-7
-1
5
12
14
17
23
26
29
34
38
42
50
52
53
54
53
50
49
47
45
43
42
40
37
34
28
24
19
14
9
6
3
0
-3
-8
-10
-14
-20
-25
-27
-31
-34
-35
-33
-34
-35
-34
-36
-37
-38
-39
-38
-35
-32
-29
-25
-23
-21
-20
-18
-18
-19
-18
-17
-11
-11
-9
-7
-9
-10
-11
-12
-12
-11
-11
-11
-10
-8
-9
-8
-8
-6
-6
-5
-4
-2
-2
-2
0
0
1
3
4
5
8
11
8
8
9
4
5
7
7
8
11
12
10
10
8
5
3
3
2
2
3
3
2
2
-2
-4
-7
-10
-11
-14
-15
-16
-18
-18
-19
-20
-20
-22
-24
-26
-26
-25
-25
-24
-21
-20
-18
-17
-17
-17
-19
-19
-17
-15
-14
-12
-10
-9
-11
-10
-9
-11
-10
-11
-10
-6
-4
-3
-2
-1
1
2
2
4
5
5
6
7
9
11
13
16
16
16
17
16
14
13
16
16
18
20
21
20
19
17
13
13
12
11
13
14
13
14
13
11
10
8
5
5
4
3
2
3
3
2
4
2
0
-1
-2
-2
-2
-3
-2
-2
-2
-2
-3
-5
-5
-5
-7
-8
-7
-7
-7
-5
-4
-5
-5
-5
-6
-7
-6
-5
-6
-4
-3
-2
-3
-4
-3
-1
0
-1
2
4
4
4
5
5
5
6
7
7
8
8
8
9
8
10
9
10
10
9
10
11
10
9
8
7
8
8
7
7
6
4
3
4
3
1
3
2
1
0
-1
-2
-4
-4
-4
-4
-3
-3
-2
-2
-4
-3
-4
-3
-2
-1
3
4
4
7
6
7
10
11
13
16
20
23
26
29
30
30
32
32
33
32
34
