SAMPLES:	19326
BITSPERSAMPLE:	16
CHANNELS:	1
SAMPLERATE:	16000
NORMALIZED:	FALSE
-9
-12
-14
-15
-17
-16
-16
-14
-13
-13
-12
-15
-14
-15
-14
-11
-11
-7
-5
-2
-1
0
2
0
1
2
4
7
9
13
13
14
13
12
11
11
11
11
13
12
14
13
12
10
9
6
5
2
1
1
0
0
-1
-4
-7
-11
-14
-16
-19
-19
-20
-19
-19
-21
-22
-24
-26
-27
-26
-27
-25
-23
-23
-22
-20
-19
-19
-20
-18
-15
-12
-8
-7
-4
0
0
2
4
4
6
8
11
14
16
17
18
18
19
19
19
20
20
21
21
20
19
17
16
14
12
10
8
9
7
6
5
4
2
-1
0
-2
-3
-2
-4
-2
-3
-4
-3
-4
-3
-4
-4
-3
-3
-2
-1
-1
0
-1
-2
-1
-2
-1
-1
-1
-1
-2
0
-2
-3
-4
-4
-2
-2
-1
0
0
0
-2
-3
-3
-4
-2
-2
0
2
3
3
1
1
0
1
1
2
3
4
5
5
3
3
2
2
3
4
5
5
6
6
6
6
6
6
5
5
5
5
5
4
4
4
3
1
0
0
-1
-1
-2
-1
1
-2
-2
-3
-3
-3
-3
-3
-5
-4
-6
-7
-7
-7
-8
-8
-7
-8
-8
-9
-9
-8
-8
-7
-7
-6
-5
-5
-6
-5
-4
-3
-2
-2
-2
-2
-1
-1
-1
0
-1
0
-1
-1
-1
-1
-2
-2
-1
-2
0
-1
-1
-2
-3
-3
-3
-3
-5
-5
-5
-5
-4
-4
-5
-3
-4
-4
-4
-5
-5
-6
-6
-5
-4
-4
-4
-3
-2
-1
0
1
1
2
2
3
4
4
6
7
7
8
8
8
10
9
10
10
9
10
9
9
9
8
9
7
7
8
6
7
5
5
4
1
2
1
-1
-2
-4
-6
-6
-7
-9
-8
-10
-11
-11
-12
-13
-15
-14
-15
-14
-15
-14
-14
-13
-13
-13
-12
-12
-11
-9
-6
-4
-3
-1
1
3
4
6
8
11
13
16
18
20
21
22
23
23
25
25
27
28
28
28
27
27
25
25
24
24
22
19
20
17
16
13
13
11
9
7
4
1
-1
-4
-6
-8
-9
-11
-13
-15
-17
-17
-19
-20
-20
-20
-20
-22
-23
-22
-23
-21
-20
-18
-18
-17
-16
-15
-13
-12
-10
-9
-7
-6
-4
-3
-2
-1
0
1
2
3
2
4
4
5
6
5
6
6
6
6
6
6
6
6
4
6
5
6
5
4
5
4
4
3
3
3
3
2
1
0
-1
0
-3
-2
-3
-4
-4
-4
-4
-7
-6
-7
-8
-10
-10
-10
-11
-11
-12
-12
-13
-11
-11
-11
-12
-12
-12
-11
-11
-11
-10
-10
-10
-10
-9
-9
-9
-8
-8
-7
-8
-7
-6
-6
-5
-6
-4
-3
-3
-2
-2
-1
-2
1
1
2
3
4
6
6
7
6
7
7
7
9
9
11
11
11
11
12
12
14
13
15
15
16
18
17
19
17
17
16
16
17
15
16
13
14
13
11
12
9
9
8
7
8
6
5
5
3
2
1
1
0
0
-1
-2
-2
-3
-2
-4
-3
-3
-3
-2
-2
-2
-1
-2
-1
-1
0
0
0
1
3
3
3
4
4
4
3
2
5
4
5
6
5
4
4
2
1
0
-1
-1
-2
-3
-5
-5
-8
-8
-10
-12
-13
-15
-16
-18
-17
-19
-19
-19
-20
-20
-21
-22
-21
-20
-22
-18
-19
-19
-17
-18
-16
-14
-13
-11
-9
-8
-5
-5
-2
0
0
3
4
6
8
8
10
11
12
13
12
14
16
15
17
16
18
19
19
19
17
17
16
16
15
15
13
13
12
10
10
8
7
6
6
4
3
3
2
1
0
0
-1
-2
-1
-2
-2
-3
-4
-2
-3
-4
-4
-4
-3
-6
-3
-6
-6
-5
-6
-5
-7
-5
-5
-6
-6
-6
-6
-7
-8
-8
-8
-8
-9
-9
-8
-8
-8
-9
-9
-10
-10
-10
-9
-9
-10
-9
-11
-10
-9
-10
-10
-11
-11
-11
-11
-12
-11
-11
-11
-9
-9
-10
-10
-11
-10
-11
-10
-8
-9
-7
-7
-5
-4
-4
-2
-2
-2
-1
2
3
4
3
4
6
7
9
10
13
13
15
16
17
18
20
20
19
20
22
23
22
24
24
26
24
24
23
23
23
22
22
20
20
19
18
17
15
14
13
12
12
9
8
9
6
6
4
3
2
1
0
-1
-2
-3
-2
-3
-4
-4
-5
-5
-5
-5
-5
-5
-5
-3
-4
-5
-5
-6
-4
-4
-4
-2
-2
-1
-1
-1
0
0
2
1
2
2
2
3
2
1
2
2
1
2
1
3
3
3
4
2
2
1
1
2
1
-1
-2
-2
-3
-2
-4
-3
-4
-6
-4
-4
-6
-5
-6
-7
-6
-8
-7
-8
-8
-10
-11
-11
-13
-13
-14
-15
-17
-17
-17
-17
-19
-18
-17
-18
-18
-19
-19
-18
-19
-16
-16
-14
-14
-12
-10
-9
-7
-6
-4
-3
-2
-2
1
0
1
2
2
3
3
3
3
3
4
5
5
5
6
6
7
5
5
5
5
5
5
7
6
7
6
4
5
4
3
2
0
1
0
-1
-1
-4
-4
-6
-6
-7
-6
-6
-6
-6
-5
-6
-7
-5
-5
-4
-2
-1
-1
2
2
5
4
4
5
5
7
6
8
8
8
8
9
9
7
7
6
7
6
5
6
6
6
5
5
5
4
4
4
4
3
3
4
2
2
1
-1
-1
-2
-3
-2
-2
-2
-5
-6
-5
-7
-5
-6
-7
-6
-6
-6
-6
-6
-4
-5
-5
-4
-3
-3
-2
-1
0
1
1
1
2
3
3
5
5
5
5
6
6
7
8
7
7
6
8
8
8
9
9
8
9
8
9
9
8
8
7
8
7
6
6
6
7
6
5
5
4
3
3
3
1
3
2
2
1
0
0
0
0
-1
0
-1
0
0
-1
-1
-1
-4
-2
-3
-3
-2
-3
-2
-4
-4
-3
-4
-3
-3
-1
-2
-2
-1
-2
0
-1
0
-1
0
1
2
1
3
3
3
3
3
3
2
3
2
2
2
2
4
3
3
3
3
2
3
2
2
2
0
1
1
0
-1
-1
0
-2
-1
-2
-2
-2
-2
-1
-3
-3
-3
-2
-3
-2
-2
-2
-2
-3
-2
-3
-3
-4
-3
-3
-3
-3
-3
-1
-3
-3
-2
-2
-2
-2
-1
-1
-1
0
0
0
1
2
1
1
2
2
0
-1
-1
0
0
0
-1
-1
0
-1
-1
0
0
-1
-2
-2
-2
-3
-3
-4
-4
-4
-4
-5
-6
-7
-6
-6
-7
-7
-6
-7
-7
-7
-7
-7
-8
-5
-7
-4
-4
-6
-4
-4
-2
-2
-2
0
1
2
3
5
6
7
9
9
11
12
13
14
15
16
17
18
17
18
18
18
19
17
17
17
16
16
14
15
15
12
12
11
8
8
6
5
3
2
1
-1
-1
-4
-3
-5
-6
-7
-8
-11
-9
-10
-11
-12
-12
-11
-13
-11
-12
-12
-12
-12
-11
-12
-9
-11
-9
-9
-8
-7
-7
-6
-6
-5
-6
-4
-4
-3
-1
-1
0
0
1
1
2
0
1
1
2
0
1
1
-1
1
0
-1
-1
-2
-3
-3
-4
-6
-5
-6
-7
-7
-8
-7
-9
-9
-8
-8
-9
-9
-8
-9
-8
-10
-9
-8
-9
-7
-8
-6
-7
-6
-7
-6
-6
-6
-3
-4
-3
-2
-2
0
0
1
2
2
3
5
6
6
6
6
8
6
7
7
7
7
7
7
5
6
6
5
5
4
3
2
1
2
1
1
0
-1
-1
-2
-2
-3
-3
-4
-5
-5
-6
-7
-7
-6
-7
-7
-6
-7
-5
-6
-5
-5
-4
-4
-6
-4
-5
-3
-4
-3
-2
0
0
0
2
3
4
4
6
5
6
7
6
8
8
10
11
9
11
11
12
12
13
13
14
14
14
15
13
14
14
13
13
12
12
12
11
11
10
10
9
8
7
6
6
5
4
4
2
2
3
1
-1
0
1
-1
0
-3
-2
-2
-4
-3
-5
-3
-4
-4
-5
-5
-5
-6
-6
-5
-5
-5
-4
-5
-4
-5
-5
-4
-3
-2
-3
-2
-2
-2
-1
1
0
1
-1
0
-1
-1
-1
-2
-2
-1
-1
-2
-1
-3
-2
-3
-4
-5
-5
-7
-8
-8
-10
-10
-12
-13
-13
-13
-13
-15
-15
-16
-17
-16
-17
-16
-18
-18
-16
-18
-17
-15
-15
-12
-13
-12
-11
-10
-9
-8
-7
-5
-4
-2
-2
0
2
4
5
7
9
10
12
13
15
15
16
18
18
19
20
21
21
21
22
22
22
23
22
22
21
20
20
19
18
15
15
13
12
12
10
9
6
3
1
0
-3
-4
-7
-8
-9
-10
-12
-14
-15
-16
-16
-17
-18
-19
-21
-19
-21
-21
-21
-20
-19
-21
-19
-19
-20
-19
-18
-16
-16
-14
-13
-11
-10
-9
-7
-6
-4
-3
-3
0
2
3
5
6
7
7
10
10
11
12
12
14
13
15
14
14
15
14
16
14
15
14
13
15
13
13
12
12
13
12
12
11
11
10
10
9
8
8
8
7
7
6
7
5
6
6
5
7
4
4
4
3
4
3
3
2
1
1
0
-1
-1
-1
-1
-1
-1
-2
-2
-1
-2
-2
-3
-3
-4
-5
-5
-5
-5
-6
-6
-7
-6
-7
-7
-8
-8
-7
-9
-8
-7
-9
-8
-8
-9
-8
-6
-8
-6
-6
-5
-5
-6
-4
-5
-4
-4
-2
-5
-4
-4
-5
-4
-4
-4
-3
-4
-4
-4
-4
-3
-4
-3
-3
-3
-3
-2
-1
-1
0
0
-1
2
0
0
0
1
1
3
3
2
3
3
5
4
4
5
5
5
6
7
7
8
7
8
9
9
10
9
11
10
11
10
10
11
10
10
10
10
11
11
10
9
8
7
6
6
4
4
4
1
1
-1
-1
0
-3
-1
-3
-2
-5
-5
-4
-6
-5
-6
-8
-8
-8
-7
-7
-8
-8
-8
-8
-8
-9
-10
-8
-9
-9
-8
-8
-8
-8
-9
-7
-7
-7
-7
-7
-7
-8
-8
-8
-7
-8
-8
-8
-8
-8
-7
-5
-6
-5
-4
-5
-4
-3
-4
-3
-2
-2
-1
-1
1
2
2
3
1
5
5
6
8
8
8
9
10
10
12
13
13
15
15
15
16
16
17
18
19
19
20
18
19
19
19
19
17
18
16
15
14
13
13
11
11
9
8
7
5
4
3
1
-1
-2
-3
-5
-6
-6
-8
-9
-10
-12
-14
-14
-15
-17
-17
-20
-19
-20
-20
-20
-22
-22
-22
-23
-22
-23
-23
-23
-22
-22
-20
-20
-20
-19
-19
-17
-17
-15
-14
-15
-12
-11
-11
-9
-9
-7
-6
-5
-4
-1
0
1
2
2
3
4
6
7
7
9
10
10
10
10
12
12
13
13
13
14
14
14
14
14
12
13
12
12
12
11
11
10
11
10
8
9
6
7
6
5
5
3
3
3
2
2
2
-1
0
-1
-1
-3
-3
-3
-3
-4
-5
-3
-4
-3
-4
-4
-5
-4
-5
-5
-6
-4
-5
-5
-5
-4
-3
-3
-2
-2
-1
-2
-1
0
1
1
2
1
2
3
3
4
5
5
6
7
5
7
7
8
7
8
8
8
8
7
8
8
7
6
6
6
5
5
4
5
4
4
4
3
3
2
0
1
-2
-2
-3
-3
-3
-5
-5
-5
-6
-5
-6
-7
-7
-9
-9
-9
-10
-9
-9
-11
-10
-12
-11
-11
-12
-11
-11
-10
-12
-11
-11
-12
-10
-11
-11
-8
-9
-9
-8
-7
-7
-6
-5
-5
-4
-3
-2
-1
0
0
1
2
1
2
3
3
3
3
3
5
7
7
8
11
10
11
11
12
11
12
12
12
14
12
14
14
13
14
13
14
12
13
12
11
10
10
9
9
9
9
8
7
5
6
3
3
2
0
0
-2
-2
-4
-4
-6
-6
-7
-8
-8
-10
-9
-10
-11
-10
-12
-12
-13
-13
-13
-14
-13
-14
-13
-12
-12
-12
-13
-10
-11
-10
-9
-9
-8
-8
-7
-6
-6
-5
-5
-4
-3
-2
-1
-1
1
0
1
2
0
3
3
3
4
4
5
4
4
3
4
3
4
3
4
4
2
3
2
3
3
1
1
0
0
-1
-1
-1
-2
-1
-3
-3
-1
-3
-2
-2
-3
-3
-3
-3
-3
-3
-2
-2
-3
-2
-3
-2
-2
-2
-1
-2
-1
-1
-1
-1
-1
0
0
1
1
3
4
4
4
4
3
3
4
4
6
5
5
5
5
5
5
5
6
6
6
7
6
8
9
9
10
9
11
11
11
10
10
10
10
10
10
10
11
10
9
9
9
10
8
8
7
6
6
4
4
3
3
2
0
-1
-2
-3
-5
-6
-7
-7
-11
-11
-13
-14
-14
-17
-18
-19
-21
-22
-23
-23
-24
-24
-26
-26
-26
-26
-26
-25
-26
-24
-25
-24
-23
-23
-20
-20
-18
-17
-16
-14
-13
-10
-9
-7
-5
-3
-1
0
2
5
7
8
10
13
15
15
17
19
20
22
24
26
25
26
27
28
30
30
30
31
28
30
29
28
30
28
29
29
26
26
25
24
23
21
19
18
17
16
12
11
9
6
5
3
1
0
-3
-4
-7
-8
-9
-11
-12
-13
-14
-16
-17
-17
-18
-18
-19
-20
-20
-21
-20
-21
-20
-21
-19
-20
-19
-16
-16
-15
-13
-12
-11
-10
-8
-6
-5
-3
-1
1
3
4
6
7
8
10
10
13
15
15
16
18
16
18
18
19
20
20
19
18
18
17
17
16
17
16
15
14
12
11
9
8
7
5
5
4
3
1
-1
-4
-5
-7
-9
-10
-11
-13
-14
-16
-18
-18
-19
-20
-20
-21
-21
-21
-21
-21
-21
-20
-20
-20
-19
-19
-17
-16
-16
-15
-15
-13
-11
-11
-9
-9
-8
-7
-6
-5
-5
-3
-3
-2
0
1
2
3
3
4
4
6
7
7
8
9
8
9
11
10
11
11
11
11
10
10
10
10
10
10
11
10
9
8
8
10
9
8
9
9
8
8
7
9
10
9
10
9
9
10
10
11
10
11
11
13
14
12
13
13
14
15
14
15
13
13
15
14
14
14
14
14
14
13
11
10
10
9
8
6
6
6
4
3
2
1
-1
-1
-2
-4
-6
-7
-8
-11
-11
-14
-13
-15
-17
-17
-19
-21
-20
-22
-23
-24
-24
-25
-25
-24
-24
-25
-25
-26
-25
-25
-24
-24
-23
-23
-23
-23
-23
-21
-20
-19
-18
-17
-16
-14
-14
-12
-12
-10
-8
-7
-6
-5
-3
-3
0
1
1
2
4
4
6
7
8
8
8
10
10
11
10
11
12
12
12
13
12
14
13
13
15
13
14
14
14
13
14
13
14
14
14
15
15
14
13
14
12
13
13
12
13
13
13
13
11
12
14
13
13
13
13
12
13
12
12
12
11
11
11
10
10
9
9
10
9
9
8
8
7
8
7
5
5
4
3
2
2
1
0
0
-2
-4
-4
-5
-7
-6
-7
-7
-9
-9
-10
-10
-12
-12
-12
-12
-13
-13
-12
-12
-10
-12
-13
-12
-13
-11
-12
-11
-10
-11
-10
-9
-9
-9
-8
-7
-7
-5
-5
-5
-3
-3
-2
-1
-1
1
2
2
4
3
4
5
4
5
5
6
7
8
8
8
10
9
9
9
7
7
6
7
8
6
6
6
4
4
4
3
3
2
1
2
0
-1
-1
-1
-2
-4
-3
-4
-4
-4
-5
-7
-7
-7
-8
-8
-8
-9
-8
-9
-8
-9
-9
-8
-9
-9
-9
-7
-7
-7
-6
-6
-5
-4
-4
-3
-4
-3
-3
0
1
0
2
1
2
1
3
3
3
4
5
6
4
6
7
7
7
7
8
7
8
9
8
8
10
8
8
8
8
8
8
7
5
8
5
6
6
4
4
4
2
1
2
0
1
1
1
2
-2
0
0
-2
-3
-1
-2
-3
-2
-2
-2
-3
-4
-4
-4
-4
-5
-3
-3
-5
-4
-5
-4
-5
-6
-5
-4
-5
-5
-5
-5
-5
-4
-4
-4
-3
-3
-3
-2
-3
-3
-3
-1
0
-1
0
0
1
2
1
2
1
2
1
2
2
0
1
1
1
0
1
2
-1
1
0
1
0
0
1
0
0
0
-1
-1
-1
-3
-1
-1
-1
-1
-2
-1
-3
-3
-2
-2
-3
-4
-4
-2
-3
-3
-1
-2
-2
-1
-2
-1
-1
-1
0
1
-1
0
1
2
1
0
2
2
0
2
1
3
3
2
5
3
5
5
4
5
5
4
5
6
5
4
7
5
5
6
4
7
5
5
6
6
7
5
6
5
6
5
4
6
5
5
4
5
6
4
5
4
3
4
3
5
3
3
3
2
3
1
2
1
0
1
1
1
0
-1
-1
-1
-2
-3
-2
-3
-3
-3
-4
-4
-4
-5
-5
-5
-4
-6
-5
-5
-6
-5
-5
-5
-5
-6
-5
-5
-4
-4
-4
-2
-2
-3
-1
1
1
2
2
2
4
5
5
6
8
8
8
9
10
10
10
10
12
12
12
13
13
13
11
12
12
12
9
11
11
9
9
9
7
6
5
4
3
2
1
1
1
-2
-4
-3
-4
-4
-6
-8
-8
-9
-9
-9
-9
-10
-11
-13
-14
-13
-13
-14
-13
-13
-15
-14
-14
-13
-14
-13
-12
-13
-11
-12
-12
-11
-11
-9
-9
-8
-7
-7
-7
-7
-7
-6
-3
-3
-5
-4
-4
-3
-2
-3
-2
-2
-2
-1
-1
-1
0
1
2
3
1
4
3
2
1
1
2
2
1
3
3
2
2
2
1
0
1
-1
1
-1
0
-1
-2
-1
-2
0
-1
-2
-1
-1
-1
-1
-2
-2
-1
1
0
-1
-1
-1
0
2
0
3
2
1
3
2
3
3
4
3
3
5
5
7
8
7
7
10
10
11
10
10
11
13
14
11
14
13
13
14
12
12
12
14
13
11
10
8
8
8
5
4
2
2
1
1
0
-2
-3
-6
-6
-7
-9
-10
-12
-14
-15
-15
-15
-17
-17
-20
-21
-20
-20
-20
-24
-25
-23
-22
-21
-24
-25
-23
-22
-19
-19
-20
-21
-19
-16
-16
-14
-15
-12
-8
-6
-4
-3
-1
1
4
5
7
11
12
15
17
18
20
24
24
25
25
25
29
32
31
30
28
29
34
34
32
28
28
30
29
26
20
20
23
24
20
14
9
11
13
13
9
4
2
2
0
-2
-6
-6
-4
-5
-6
-8
-12
-13
-12
-15
-14
-13
-11
-14
-18
-23
-23
-20
-21
-22
-25
-27
-27
-27
-29
-32
-33
-31
-27
-28
-31
-33
-31
-24
-19
-14
-14
-11
-6
3
6
8
11
19
30
35
36
32
34
39
43
46
43
38
38
35
33
27
22
20
17
14
10
4
-2
-6
-12
-15
-15
-13
-16
-21
-29
-31
-27
-25
-25
-28
-30
-29
-26
-25
-28
-30
-26
-19
-12
-11
-15
-16
-12
-3
2
2
-1
1
4
5
5
0
-2
1
2
5
7
2
2
2
4
12
17
23
27
23
28
34
41
45
44
43
47
53
53
47
35
31
34
36
31
22
8
-2
-8
-10
-10
-12
-18
-28
-29
-33
-37
-30
-36
-41
-34
-39
-36
-24
-32
-38
-35
-35
-20
-11
-9
-14
-28
-19
-12
-9
16
5
-15
8
-5
-6
30
8
-10
12
5
9
25
10
3
-1
-7
10
23
15
-1
-13
-3
12
5
-5
9
14
-4
-4
0
-3
16
18
-6
0
1
-4
23
6
-22
3
-5
-18
6
-10
-16
3
-31
-39
-5
-8
-10
-6
-33
-52
-25
26
18
-22
-21
-23
11
56
3
-19
15
1
32
39
-17
20
16
-32
26
10
-18
29
-31
-46
23
-9
-16
4
-23
-7
-7
-9
26
8
0
3
-14
30
49
21
14
-21
-3
66
43
-7
-38
-30
38
31
-32
-56
-47
17
10
-77
-45
-9
-41
2
-11
-65
20
40
-65
-29
76
54
-4
26
10
-31
119
141
-35
9
30
-21
144
119
-72
-26
46
46
42
0
6
20
1
-46
-75
34
83
-35
-80
-105
-59
123
50
-174
-103
39
-5
-18
-40
-91
52
86
-140
-107
124
94
-57
-33
32
-11
36
120
-49
-86
176
44
-202
59
143
-57
26
-17
-158
82
147
-109
-69
56
-17
-38
13
56
34
1
2
-61
36
241
62
-197
-32
172
121
51
-73
-113
135
151
-106
-103
52
74
8
-94
-130
42
164
-52
-209
-14
140
62
-59
-84
-1
102
167
-25
-172
137
165
-28
113
-47
-119
193
76
24
32
-224
6
171
-22
42
-157
-264
211
177
-169
-165
-169
171
316
-333
-302
218
171
68
-198
-321
192
354
-41
-286
-126
99
121
138
-240
-327
284
29
-142
207
-458
-263
516
-51
-197
-121
-308
259
229
-307
-263
-54
312
109
-437
-129
302
155
-209
-339
-31
427
340
-370
-449
190
364
145
-192
-278
177
230
108
95
-318
-62
417
-28
-146
97
-117
88
298
-261
-169
171
-201
31
262
-199
-76
-6
-191
92
44
-71
37
-22
32
-230
72
474
-308
-163
128
-195
500
301
-435
-72
-49
122
318
-109
-185
-42
259
256
-421
-320
365
243
-169
-125
-174
-36
326
83
-312
-170
139
13
-139
76
106
-71
-56
-117
-64
235
276
-42
-413
-137
342
200
-11
-40
-100
-13
194
-64
-170
270
110
-222
-63
129
144
55
-16
-212
-109
239
67
85
18
-366
130
263
-157
154
20
-227
183
18
28
289
-151
-211
43
178
346
-193
-357
269
124
-143
45
-37
41
270
-191
-354
213
162
-128
-20
-148
-241
236
368
-491
-412
347
-153
65
259
-909
198
792
-713
50
-17
-619
770
174
-765
194
219
-117
15
-276
69
382
-87
-300
-318
256
690
-172
-516
-74
100
462
160
-491
-116
331
315
-14
-355
-94
439
202
-282
-60
-108
16
424
-94
-339
-78
43
331
-34
-504
45
423
158
-110
-599
-80
1002
194
-780
6
211
153
487
-365
-368
475
91
-328
124
83
-190
176
-254
-277
391
-59
-394
-77
-34
-112
342
158
-379
-157
171
368
-27
-307
97
63
88
583
-238
-407
652
-225
-202
486
-374
-24
294
-286
235
186
-373
-101
88
34
-74
-129
-30
-70
-25
52
139
-229
-257
164
-199
53
368
-487
-410
295
274
157
-345
-533
214
423
185
10
-625
-199
758
259
-177
166
-119
-150
359
101
36
181
-241
47
224
78
178
-205
-157
82
-108
-100
-6
181
-45
-429
-14
262
-169
-59
-51
-296
-18
263
357
-283
-588
208
256
1
40
-311
-154
492
298
-390
-203
114
248
226
-452
-194
610
80
-163
-46
-353
5
399
-160
-427
141
163
97
-161
-272
346
42
-243
79
-18
252
257
-281
-17
225
-97
275
21
-547
599
485
-786
-73
291
-169
247
173
-640
-37
666
-362
-213
490
-404
-362
673
-37
-450
558
-218
-490
405
-347
-166
833
-153
-809
273
158
50
345
-824
-372
737
5
-298
28
151
99
-116
-140
-171
90
478
-199
-461
139
-58
170
273
-402
116
11
-604
421
494
-489
3
182
-51
458
214
-519
-190
377
291
130
-243
-193
282
191
149
-379
-360
390
-243
-245
442
-87
-140
-12
-550
199
342
-171
-322
-512
430
572
-165
1
-408
8
712
-153
-63
138
-283
362
47
-259
765
14
-547
222
-168
79
445
-508
-323
224
64
96
22
-339
-194
141
-325
109
342
-425
36
281
-352
318
508
-649
-38
347
-473
473
262
-523
340
-8
-22
85
-464
489
-134
-553
869
-316
-279
812
-1119
-367
1167
-654
-170
489
-670
595
559
-370
101
-552
43
411
-354
549
63
-534
534
-230
-35
702
-431
76
187
-600
574
713
-153
-242
-509
242
768
403
-526
-814
610
568
-506
-206
-144
404
322
-1070
151
799
-520
96
-703
-866
1344
348
-631
-179
21
299
368
217
-607
-151
572
-192
392
259
-1104
349
374
-629
307
-180
-327
521
-347
-219
240
-152
-6
-306
45
482
-343
-21
56
-257
726
76
-504
108
-158
268
470
-357
118
-135
-131
343
-483
243
183
-736
339
300
-364
175
-80
-660
324
290
-385
130
-21
-226
120
123
-235
-198
361
-375
-185
847
-68
-457
410
146
-32
455
-112
-318
483
125
-494
38
438
-240
-308
396
-616
235
823
-1608
35
727
-810
900
-490
-1109
1452
-216
-814
328
-335
120
147
-574
95
279
195
-39
-850
532
696
-389
110
-221
139
594
-428
-90
509
-17
-88
276
60
-115
11
31
504
-102
-719
405
144
-217
218
-448
-199
699
-425
-291
714
-626
-228
457
-686
332
326
-875
377
79
-681
406
35
-159
279
-251
-268
392
337
7
-110
-101
340
608
123
-410
210
466
-336
-112
465
-239
48
248
-521
119
515
-483
-755
227
24
-188
495
-611
-406
936
-75
-11
2
-709
236
121
-48
825
8
-529
79
-110
544
309
-891
148
215
-492
911
147
-908
404
-609
-177
1079
-504
131
-159
-892
1271
240
-1075
646
-178
-418
864
-476
197
618
-853
405
293
-412
791
-337
-739
930
-182
-419
765
-744
-359
443
-285
317
-341
-479
107
-274
481
170
-615
-17
286
100
-485
75
593
-580
-226
389
-528
886
719
-1394
186
366
-235
764
-570
-624
592
310
-225
-112
48
74
357
36
-588
240
943
-587
-643
290
-233
423
152
-1282
203
617
-501
226
-97
-653
402
415
-591
-517
468
67
-104
347
-759
149
900
-656
201
489
-385
831
-150
-867
868
-5
-222
588
-429
306
427
-447
468
-260
-520
656
-144
-133
-108
-462
1024
371
-1023
-325
-209
642
717
-1212
4
533
-410
319
-385
-106
632
-828
117
318
-434
763
-424
-926
906
208
-736
143
-292
440
675
-880
-62
410
-19
41
65
152
198
128
-90
-102
393
264
-382
-343
31
433
20
-449
2
-343
217
515
-738
45
89
-672
603
-15
-444
863
-306
-655
516
190
-461
9
240
-31
41
-81
-158
517
-150
-609
125
366
583
-134
-575
70
82
323
65
-601
278
-200
32
659
-957
-225
1027
-396
-148
295
-268
623
16
-852
-9
341
249
-208
-402
475
65
-174
377
-356
-119
564
132
-551
-60
1162
-580
-762
943
-756
-60
1342
-1059
-144
866
-815
685
336
-1236
735
392
-471
177
-655
274
762
-1098
-510
946
382
-167
-291
-426
206
745
-250
-869
303
541
-218
-3
-48
-34
469
-521
-434
718
10
84
-342
-772
811
387
-800
-53
314
-122
94
761
-114
-773
822
166
-743
855
-291
-968
846
58
-215
546
-485
-87
430
-476
-5
231
-88
365
-142
-434
640
387
-635
-493
-12
595
190
-629
-508
152
449
98
-586
-896
142
733
-346
-311
-93
229
834
-405
-644
624
288
100
-60
-470
402
349
-313
-189
-222
166
187
-237
-106
103
-91
52
39
-681
232
269
-522
476
253
-681
130
41
364
32
-884
348
747
-52
-456
-269
587
232
71
-230
-105
1179
-28
-480
-63
-473
466
195
-569
-216
398
303
-510
-355
116
90
-308
-428
414
378
-22
183
-613
162
702
-41
124
230
70
-193
-141
181
-180
0
-181
-468
377
144
-233
82
-156
-306
322
132
-400
322
334
-438
-321
240
327
471
-528
-751
497
432
-84
-216
103
226
-138
207
106
-351
186
-94
-305
372
345
103
-147
-460
-170
123
138
-107
-339
353
253
-362
200
359
-627
-252
119
-89
1137
238
-916
417
-196
-483
531
-165
-43
-64
-239
422
-62
-322
-164
-220
121
-161
150
668
-327
-221
183
-231
-157
221
-148
62
185
-197
409
150
-352
138
70
101
180
-9
37
-80
-186
13
318
426
-68
-500
253
639
-635
-341
302
-718
123
873
-665
-311
502
-481
-14
-7
-436
569
95
-395
414
348
165
-423
-393
222
17
613
213
-1037
307
464
-594
50
-183
-180
595
-387
-413
704
-100
-379
-159
-187
249
166
127
-235
-261
163
-202
283
303
-898
253
510
-503
361
207
-268
243
-244
-92
467
-132
7
-186
-453
241
270
48
-355
-152
144
-149
-70
-336
-139
593
-52
-436
111
526
-18
-582
221
328
99
255
-365
74
760
-310
-407
681
-181
-95
682
-285
6
257
-187
-65
-146
65
109
-457
-243
367
291
-327
-684
-61
276
202
-296
-615
336
467
-63
123
-37
169
268
-503
-35
537
322
474
-55
-167
362
166
81
-5
-125
79
251
44
-159
-64
-81
-173
-509
-346
360
81
-457
-362
78
-54
-286
-285
-202
209
-156
-328
241
105
85
115
-317
258
644
-42
-118
-199
198
665
21
-126
24
33
126
-124
-65
81
-212
-137
-271
-207
310
128
-566
-745
43
408
200
198
-90
-60
105
-39
87
104
-96
133
509
178
-12
266
-38
-449
-280
-33
312
443
-142
-534
49
131
-389
4
-264
-495
429
14
-422
123
48
26
-128
-415
172
478
-64
-170
32
354
486
84
39
251
-18
-100
70
161
237
196
-10
-413
-242
274
-11
-543
-246
55
21
77
-142
-180
90
-94
-206
7
89
237
121
-59
-46
77
317
64
-165
39
22
82
117
70
149
-111
-138
5
-73
52
72
-199
-92
11
-12
35
-104
-150
95
196
-181
-9
255
-24
48
-16
-152
141
141
-101
96
84
-189
-60
-98
-146
83
57
-47
103
134
95
-119
-182
-58
-26
231
201
-167
-160
-47
70
60
44
151
-99
-246
-22
217
260
70
-178
-273
-139
-35
98
109
-217
-308
-57
-13
57
32
-151
-129
-40
149
290
172
-37
-180
-25
236
225
120
22
-94
88
103
58
231
63
-123
-151
-143
15
155
-17
-198
-157
-106
15
66
-125
-85
39
-2
19
61
158
147
-43
-122
-4
159
238
107
48
118
90
47
5
-33
13
-36
-181
-151
-25
-88
-187
-349
-415
-192
-78
-2
20
-107
-127
-162
-131
-43
83
177
209
234
171
238
251
149
99
95
143
260
252
230
112
-48
-34
-51
-76
16
-15
-95
-135
-207
-115
-185
-287
-287
-310
-141
-30
-34
-47
-143
-159
-76
-79
-68
69
114
-31
-25
58
95
62
-110
-141
-78
24
144
88
58
-40
-80
20
-19
41
100
28
-2
19
86
41
-61
-123
-125
-45
15
25
21
34
-66
-153
-65
11
29
63
39
12
122
90
48
133
128
132
98
150
181
137
123
46
16
75
87
82
62
38
67
46
-25
-1
15
-93
-52
-28
-91
0
-48
-176
-161
-173
-109
-24
-80
-54
-5
-54
-13
-87
-201
-182
-178
-160
-144
-137
-103
-120
-201
-334
-272
-244
-274
-201
-236
-197
-131
-210
-259
-301
-356
-308
-299
-292
-214
-191
-263
-365
-428
-405
-314
-286
-289
-327
-255
-252
-358
-341
-342
-378
-236
-209
-192
15
4
-43
19
40
212
334
315
363
428
516
519
516
563
608
661
752
855
838
872
830
758
914
959
952
919
840
932
926
862
857
759
765
721
619
673
619
583
571
473
538
552
474
479
474
432
484
496
472
453
388
351
389
366
266
195
140
58
-54
-154
-268
-334
-398
-526
-618
-718
-816
-907
-997
-1079
-1086
-1138
-1343
-1436
-1491
-1531
-1524
-1524
-1566
-1641
-1635
-1713
-1760
-1851
-1984
-1870
-1839
-1817
-1704
-1755
-1855
-1905
-2029
-2094
-2100
-2172
-2065
-1992
-1954
-1804
-1672
-1502
-1212
-465
540
1378
1898
2198
2281
2524
3019
3414
3825
4370
4668
4743
4699
4469
4120
3636
3136
2694
2388
2351
2241
1712
1070
381
-298
-849
-1104
-1145
-1200
-1196
-1290
-1417
-1436
-1365
-1359
-1319
-1052
-639
-173
295
651
906
1049
1109
1166
1349
1830
2213
2155
2036
2031
1926
1734
1433
1142
967
843
647
299
106
-48
-474
-775
-1008
-1028
-808
-725
-774
-721
-626
-551
-448
-425
-207
146
250
386
552
544
501
381
106
-119
-113
-135
-321
-567
-825
-1176
-1583
-1972
-2194
-2229
-2380
-2492
-2627
-2868
-2955
-2973
-3058
-3076
-2977
-2892
-2802
-2672
-2546
-2427
-2318
-2282
-2174
-1924
-1686
-1571
-1567
-1568
-1467
-1341
-1329
-1335
-1219
-1111
-759
-113
633
1554
2280
2513
2477
2494
2607
2939
3377
3829
4247
4432
4350
3972
3501
3083
2594
2096
1785
1706
1684
1501
1066
422
-319
-937
-1259
-1367
-1180
-893
-835
-861
-845
-829
-815
-723
-596
-366
121
626
1040
1391
1556
1501
1333
1251
1317
1487
1640
1692
1548
1327
1099
805
436
163
-61
-334
-388
-254
-218
-291
-488
-799
-969
-881
-667
-410
-49
206
289
383
518
577
591
712
795
855
1017
1090
1094
1006
695
273
-41
-187
-258
-282
-318
-454
-666
-886
-1073
-1143
-1150
-1149
-1099
-1048
-940
-744
-663
-768
-906
-1008
-1109
-1021
-921
-961
-993
-1162
-1456
-1731
-1937
-2086
-2213
-2315
-2441
-2514
-2486
-2518
-2663
-2786
-2822
-2865
-2772
-2590
-2423
-2268
-2150
-2157
-1981
-1678
-1516
-1266
-973
-797
-522
63
827
1725
2623
3280
3630
3722
3760
3767
3850
4141
4360
4375
4232
3975
3537
2876
2183
1527
861
491
367
207
71
-88
-479
-958
-1250
-1343
-1258
-927
-516
-156
168
442
587
686
790
941
1159
1376
1689
1988
2122
2124
1858
1470
1129
815
611
490
369
193
25
-202
-481
-759
-1025
-1252
-1372
-1343
-1171
-948
-707
-502
-311
-90
-3
88
254
389
653
946
1112
1221
1324
1365
1231
1040
868
668
561
528
430
316
194
18
-206
-445
-565
-622
-695
-631
-517
-415
-304
-254
-254
-267
-181
-58
-6
78
214
250
166
78
-80
-274
-380
-565
-782
-935
-1148
-1362
-1501
-1652
-1797
-2014
-2277
-2518
-2677
-2703
-2608
-2512
-2463
-2372
-2357
-2367
-2281
-2209
-2085
-1896
-1787
-1656
-1545
-1536
-1558
-1563
-1588
-1572
-1398
-1172
-958
-646
-82
653
1461
2241
2818
3083
3209
3379
3513
3719
4052
4245
4246
4191
3878
3398
2878
2337
1722
1182
839
502
262
150
-62
-414
-800
-1133
-1345
-1314
-1136
-829
-463
-219
62
255
285
467
641
708
931
1148
1319
1524
1591
1465
1270
1027
777
545
347
229
116
-2
-90
-283
-539
-727
-849
-949
-944
-817
-664
-471
-305
-119
40
190
513
834
976
1087
1222
1197
1254
1339
1245
1236
1193
1008
770
551
377
127
-26
-116
-294
-358
-365
-370
-341
-413
-419
-426
-462
-282
-77
11
167
277
204
168
238
217
157
143
54
-47
-89
-186
-356
-533
-785
-1085
-1320
-1526
-1645
-1657
-1762
-1822
-1876
-2107
-2280
-2461
-2620
-2565
-2471
-2338
-2268
-2298
-2189
-2148
-2181
-2107
-2070
-2040
-1881
-1678
-1513
-1413
-1440
-1611
-1771
-1729
-1501
-1186
-960
-672
-123
595
1492
2469
3212
3565
3595
3498
3393
3524
3943
4193
4152
4051
3644
2977
2400
1822
1214
669
213
-172
-400
-394
-363
-474
-739
-980
-1178
-1277
-1045
-579
-80
414
802
948
1008
1159
1213
1211
1344
1503
1594
1660
1689
1597
1358
1000
563
127
-225
-426
-550
-650
-719
-745
-886
-1052
-1082
-1125
-1053
-815
-605
-376
-119
125
341
515
683
745
790
931
1151
1324
1310
1280
1072
739
535
293
110
37
-11
-78
-206
-278
-372
-482
-498
-458
-312
-142
100
269
314
421
424
383
432
469
482
496
486
411
230
9
-218
-494
-735
-852
-978
-1177
-1332
-1478
-1636
-1827
-1976
-2048
-2103
-2083
-1981
-1919
-1844
-1770
-1811
-1855
-1887
-1917
-1890
-1839
-1787
-1788
-1783
-1709
-1680
-1717
-1689
-1579
-1515
-1489
-1394
-1333
-1311
-1250
-1276
-1337
-1297
-1135
-928
-737
-445
89
880
1815
2722
3436
3790
3896
3809
3622
3673
3862
3983
4009
3755
3300
2747
2116
1540
910
322
-119
-532
-766
-796
-778
-794
-912
-1089
-1235
-1208
-938
-553
-88
365
708
916
1020
1136
1266
1358
1404
1408
1386
1307
1211
1112
925
701
383
-7
-341
-565
-677
-712
-703
-742
-807
-794
-750
-664
-490
-264
-9
205
357
556
699
828
980
1032
1043
1063
1054
1042
1035
926
689
355
4
-214
-400
-532
-527
-570
-683
-755
-878
-997
-889
-708
-576
-341
-135
-14
111
199
276
325
352
385
404
424
379
289
201
50
-151
-372
-611
-756
-814
-908
-989
-1079
-1251
-1382
-1483
-1574
-1510
-1415
-1362
-1286
-1286
-1336
-1343
-1383
-1404
-1395
-1416
-1456
-1562
-1642
-1607
-1582
-1580
-1576
-1617
-1611
-1542
-1545
-1588
-1668
-1909
-2144
-2178
-2106
-1877
-1499
-1217
-1150
-1131
-786
61
1266
2510
3424
3802
3813
3644
3459
3469
3628
3862
3930
3589
3083
2631
2211
1826
1282
472
-290
-798
-1080
-1021
-707
-424
-334
-505
-838
-994
-770
-312
220
704
1037
1286
1445
1556
1740
1895
1860
1662
1384
1151
1071
1082
1011
823
508
50
-412
-787
-1029
-1084
-1066
-1089
-1102
-1091
-1045
-942
-803
-633
-443
-260
-125
-7
226
510
759
958
971
867
744
627
649
741
744
625
303
-87
-330
-529
-614
-513
-417
-380
-426
-520
-542
-409
-207
-77
81
269
411
575
683
690
717
702
516
372
366
354
391
334
75
-173
-431
-790
-1047
-1145
-1220
-1250
-1284
-1449
-1576
-1598
-1677
-1696
-1610
-1581
-1512
-1419
-1460
-1429
-1350
-1450
-1589
-1735
-1868
-1905
-1870
-1785
-1661
-1547
-1566
-1716
-1887
-2034
-2079
-2043
-2059
-2061
-1999
-1908
-1770
-1579
-1328
-1115
-1049
-966
-529
449
1794
3103
4003
4399
4347
4064
3751
3556
3723
4036
4086
3851
3381
2913
2565
2069
1365
557
-214
-775
-1048
-959
-594
-259
-157
-384
-775
-966
-864
-513
-55
361
737
1002
1154
1304
1433
1490
1411
1157
840
616
558
550
503
416
200
-174
-614
-993
-1260
-1374
-1350
-1294
-1203
-1127
-1075
-923
-766
-622
-424
-281
-169
18
217
427
679
853
930
934
816
671
563
428
348
369
384
332
203
26
-177
-330
-415
-486
-406
-178
-5
135
239
255
315
356
361
493
645
784
927
925
860
776
607
391
144
-51
-184
-334
-483
-632
-788
-887
-1003
-1150
-1217
-1303
-1323
-1253
-1226
-1125
-1020
-994
-989
-1062
-1161
-1196
-1256
-1367
-1458
-1540
-1698
-1856
-1955
-2043
-2082
-2083
-2154
-2257
-2309
-2303
-2233
-2133
-2059
-2082
-2223
-2383
-2483
-2446
-2229
-1945
-1700
-1565
-1411
-927
109
1578
3035
4065
4504
4486
4160
3781
3720
4015
4473
4686
4438
3906
3353
2946
2447
1716
918
34
-801
-1304
-1378
-1033
-554
-420
-763
-1298
-1694
-1755
-1502
-1032
-465
50
436
674
897
1186
1418
1501
1363
1103
977
978
1029
1148
1195
1058
762
281
-266
-632
-847
-976
-1029
-1075
-1109
-1086
-1032
-957
-829
-677
-598
-563
-497
-338
-44
332
714
1009
1182
1176
988
780
647
572
552
537
481
384
289
229
273
340
248
53
-190
-400
-415
-261
17
351
566
550
375
240
207
272
414
537
604
585
464
369
349
297
128
-167
-508
-783
-935
-949
-880
-830
-861
-1008
-1219
-1379
-1430
-1399
-1373
-1326
-1244
-1216
-1198
-1170
-1162
-1157
-1224
-1384
-1546
-1631
-1654
-1634
-1583
-1599
-1658
-1740
-1846
-1897
-1859
-1749
-1620
-1521
-1470
-1452
-1443
-1478
-1600
-1790
-1971
-2030
-1944
-1770
-1518
-1089
-376
554
1535
2412
3053
3398
3457
3282
3109
3225
3563
3948
4239
4228
4021
3747
3265
2678
2065
1361
680
74
-341
-413
-247
-95
-185
-553
-1041
-1488
-1753
-1757
-1528
-1138
-736
-448
-211
80
398
698
877
910
898
897
937
1068
1275
1436
1456
1326
1044
741
494
205
-87
-346
-601
-770
-857
-921
-891
-803
-784
-818
-875
-944
-920
-779
-578
-329
-13
300
501
623
675
642
593
521
431
419
461
482
457
362
238
144
22
-153
-330
-477
-591
-650
-621
-535
-393
-214
-123
-94
-77
-87
-33
54
104
184
242
232
226
214
192
186
135
-3
-165
-265
-306
-302
-279
-325
-444
-572
-704
-824
-900
-939
-933
-928
-960
-994
-980
-897
-836
-904
-1021
-1115
-1132
-985
-815
-720
-671
-720
-776
-805
-811
-676
-618
-791
-891
-859
-867
-832
-792
-861
-944
-1067
-1228
-1300
-1247
-1072
-889
-780
-699
-644
-526
-260
78
501
972
1312
1531
1692
1779
1881
2019
2121
2161
2143
2112
2132
2209
2246
2231
2139
1867
1487
1058
659
429
324
275
220
89
-57
-192
-291
-298
-268
-258
-291
-385
-482
-461
-324
-156
1
79
95
68
-15
-62
-61
-33
34
61
19
-1
65
161
239
273
231
152
34
-99
-149
-122
-68
-27
-32
-37
-41
-74
-91
-121
-204
-265
-306
-302
-201
-111
-79
-82
-127
-176
-241
-327
-340
-285
-216
-89
62
117
112
114
107
92
49
-6
3
50
42
-13
-37
5
51
-30
-202
-225
-111
-85
-171
-197
-105
-78
-133
-155
-248
-306
-160
-74
-244
-396
-281
-216
-368
-390
-333
-335
-227
-207
-306
-185
-66
-96
-33
-92
-201
-70
-35
-209
-264
-165
-94
-156
-261
-284
-209
-101
-157
-338
-442
-459
-394
-387
-518
-521
-379
-339
-425
-531
-478
-289
-250
-406
-485
-341
-146
-106
-132
-84
-14
-5
-61
-87
3
117
142
102
50
36
22
-40
-124
-192
-208
-195
-189
-136
-43
42
112
138
137
178
259
328
415
529
607
686
767
774
769
802
800
762
726
688
666
646
624
634
627
600
578
542
490
423
379
378
344
284
285
290
215
146
143
144
139
104
43
42
39
-61
-140
-138
-147
-173
-182
-175
-154
-155
-148
-117
-146
-204
-257
-330
-370
-392
-424
-431
-438
-433
-421
-445
-447
-393
-340
-311
-298
-269
-224
-189
-164
-146
-133
-101
-62
-50
-47
-30
1
68
103
51
29
59
73
61
16
6
70
85
41
0
-36
-37
-57
-139
-166
-145
-151
-163
-191
-199
-155
-114
-83
-60
-40
3
34
43
57
64
52
29
17
7
-18
-21
-12
-44
-98
-159
-239
-288
-295
-304
-318
-304
-282
-301
-340
-368
-376
-361
-350
-345
-325
-294
-255
-233
-239
-234
-227
-217
-195
-177
-168
-160
-151
-145
-135
-126
-115
-135
-167
-155
-117
-77
-31
30
97
142
174
203
247
315
372
431
509
569
627
692
747
790
800
786
755
707
674
676
683
692
690
649
587
539
500
475
465
443
395
333
271
185
107
87
66
40
50
44
26
14
-20
-29
-22
-57
-112
-180
-265
-322
-366
-431
-475
-490
-517
-538
-535
-531
-521
-516
-540
-550
-521
-476
-413
-361
-337
-296
-270
-291
-301
-299
-281
-246
-235
-204
-157
-152
-156
-159
-162
-137
-104
-79
-58
-61
-95
-130
-162
-187
-194
-191
-180
-179
-178
-158
-150
-153
-134
-92
-46
7
73
128
178
217
223
227
233
226
230
245
242
247
233
189
162
142
133
134
124
120
97
48
50
72
90
143
161
162
186
126
67
65
53
94
120
120
185
163
237
857
1637
1910
1599
820
87
-53
93
246
496
601
459
192
-205
-525
-645
-756
-853
-821
-751
-641
-488
-458
-560
-723
-930
-944
-633
-195
190
346
168
-129
-261
-215
-33
245
436
472
432
289
167
207
252
262
318
337
296
227
148
104
92
56
-5
-30
-31
-28
-33
-140
-263
-311
-395
-422
-379
-377
-253
-207
-423
-536
-597
-622
-385
-258
-214
11
-52
-283
-206
-41
175
285
69
72
256
239
235
74
-42
271
337
139
121
-14
-75
19
-211
-424
-296
-248
-282
-249
-419
-545
-418
-524
-641
-506
-543
-409
-109
-244
-276
-65
-52
73
92
-104
151
422
280
251
162
11
172
129
-60
77
187
191
138
-45
-40
62
61
60
5
21
112
127
147
121
80
121
70
7
68
87
153
271
227
188
189
140
227
258
139
171
213
205
295
251
145
174
140
110
181
200
263
370
361
380
477
503
518
563
591
585
565
555
504
453
419
302
249
291
184
72
78
6
-38
22
-36
-88
3
11
-38
-9
-26
6
122
54
30
170
190
321
406
154
153
205
-20
17
26
-134
-98
-237
-441
-377
-375
-439
-441
-596
-748
-687
-729
-818
-705
-676
-690
-667
-722
-677
-612
-559
-598
-756
-639
-586
-718
-618
-603
-664
-610
-671
-761
-695
-546
-590
-586
-457
-586
-555
-453
-562
-408
-365
-459
-320
-327
-275
-129
-168
-138
-69
20
122
166
292
387
445
521
606
718
802
939
954
908
1041
1058
1150
1331
1241
1323
1436
1356
1474
1485
1435
1562
1541
1478
1459
1399
1364
1323
1288
1170
1033
970
808
695
624
459
378
285
183
159
86
22
-48
-120
-161
-258
-277
-265
-261
-186
-214
-232
-200
-258
-252
-266
-319
-283
-290
-306
-285
-285
-294
-354
-414
-432
-418
-431
-491
-493
-533
-617
-630
-712
-814
-819
-817
-822
-826
-811
-821
-849
-784
-754
-823
-887
-913
-873
-874
-885
-856
-909
-917
-887
-964
-959
-863
-833
-839
-901
-979
-944
-837
-806
-812
-742
-690
-671
-610
-578
-561
-546
-576
-620
-663
-648
-595
-572
-475
-419
-462
-431
-405
-330
-86
123
256
358
430
597
831
1056
1301
1541
1709
1818
1903
1973
2116
2307
2385
2382
2353
2313
2333
2319
2203
2059
1887
1702
1503
1249
1023
884
731
518
295
64
-116
-229
-369
-512
-592
-651
-686
-703
-718
-658
-563
-517
-446
-341
-259
-160
-88
-75
-8
101
189
289
357
394
450
488
487
459
456
517
587
613
547
385
263
201
118
35
-17
-57
-104
-156
-238
-346
-369
-349
-418
-497
-536
-575
-558
-503
-507
-528
-526
-570
-625
-626
-665
-710
-723
-771
-745
-673
-712
-738
-718
-744
-732
-721
-804
-855
-861
-892
-883
-859
-853
-826
-832
-878
-907
-931
-921
-888
-884
-867
-831
-792
-770
-820
-848
-839
-885
-894
-880
-888
-860
-866
-866
-756
-655
-621
-633
-650
-606
-583
-545
-344
-11
347
555
596
761
1125
1521
1803
1846
1810
1904
1963
1978
2133
2379
2645
2803
2661
2456
2467
2522
2470
2299
2015
1745
1507
1217
963
848
785
645
365
21
-210
-317
-432
-599
-773
-907
-976
-1015
-1075
-1050
-917
-833
-798
-752
-695
-578
-452
-397
-340
-238
-116
-14
96
261
401
491
566
611
683
767
791
770
741
695
593
483
445
452
460
419
328
277
261
189
58
-23
-23
-19
-37
-103
-177
-114
14
45
49
96
117
105
72
31
80
229
304
272
246
232
229
230
149
65
26
-105
-280
-408
-495
-521
-534
-615
-756
-880
-968
-1091
-1151
-1116
-1140
-1171
-1174
-1231
-1236
-1188
-1195
-1211
-1213
-1228
-1236
-1218
-1197
-1160
-1131
-1122
-1105
-1117
-1110
-1034
-989
-969
-961
-987
-966
-930
-884
-790
-731
-705
-680
-664
-637
-593
-539
-499
-378
-112
186
467
706
885
1086
1321
1556
1735
1837
1920
1983
2034
2146
2312
2477
2587
2595
2525
2438
2385
2354
2257
2087
1847
1518
1173
881
658
528
414
242
47
-154
-343
-474
-572
-690
-772
-809
-861
-865
-801
-731
-623
-495
-402
-313
-231
-170
-94
-17
58
162
282
383
483
570
610
640
671
674
694
729
710
643
552
417
303
276
259
223
218
210
179
146
81
15
19
75
131
134
80
47
92
180
244
285
290
227
151
87
38
82
175
161
56
-40
-124
-168
-150
-171
-253
-338
-486
-671
-766
-815
-870
-898
-956
-1041
-1053
-1057
-1116
-1142
-1151
-1177
-1174
-1187
-1228
-1219
-1185
-1183
-1200
-1210
-1198
-1162
-1110
-1076
-1050
-1018
-1023
-1044
-1009
-916
-841
-845
-915
-970
-909
-796
-706
-623
-610
-615
-583
-612
-598
-513
-518
-557
-602
-645
-513
-204
121
421
644
761
935
1235
1539
1779
1907
1946
2013
2092
2180
2326
2505
2686
2761
2692
2586
2507
2484
2423
2201
1890
1591
1313
1073
884
713
574
442
232
7
-142
-234
-298
-393
-538
-667
-717
-717
-692
-624
-535
-451
-393
-361
-303
-198
-87
-26
-23
-15
33
111
211
305
364
403
403
381
407
431
396
318
185
64
19
-17
-26
18
44
57
54
8
-11
23
20
-2
8
-2
-17
-4
-21
-21
54
89
48
32
49
39
50
56
-18
-46
-24
-91
-129
-84
-104
-141
-156
-260
-347
-346
-430
-556
-616
-724
-835
-857
-903
-940
-884
-869
-914
-911
-905
-911
-885
-917
-995
-1018
-1020
-1031
-1003
-963
-955
-929
-884
-884
-846
-762
-773
-803
-825
-902
-942
-938
-944
-891
-795
-768
-763
-763
-813
-823
-818
-905
-986
-1027
-1038
-881
-556
-205
89
339
592
879
1274
1625
1766
1877
2003
2046
2092
2161
2256
2461
2689
2745
2655
2574
2531
2496
2377
2077
1750
1495
1233
1001
813
647
558
461
257
48
-65
-143
-250
-382
-541
-666
-690
-687
-678
-594
-501
-441
-363
-290
-207
-84
-11
-6
21
50
65
122
174
221
295
321
322
361
405
428
393
295
214
184
162
136
117
97
77
59
53
130
270
329
257
130
45
64
121
74
-41
-106
-97
-62
-33
14
77
129
127
32
-48
13
109
128
102
41
-5
22
26
-38
-70
-121
-257
-388
-508
-608
-629
-680
-813
-903
-951
-1016
-1041
-1040
-1064
-1059
-1043
-1108
-1184
-1227
-1296
-1328
-1297
-1263
-1223
-1198
-1224
-1201
-1079
-992
-988
-1032
-1118
-1127
-1032
-991
-989
-923
-864
-835
-787
-797
-819
-740
-717
-837
-964
-1061
-1129
-1099
-987
-777
-360
136
463
672
962
1370
1839
2196
2286
2261
2345
2455
2498
2590
2722
2833
2941
2887
2681
2631
2660
2516
2265
1914
1497
1233
1070
827
623
497
283
50
-94
-233
-326
-364
-507
-697
-792
-873
-926
-861
-769
-690
-590
-517
-465
-339
-195
-126
-86
-36
13
83
160
196
220
269
291
281
310
369
405
392
315
208
147
130
100
58
42
31
35
109
228
346
424
417
357
334
342
318
254
194
160
160
169
158
176
241
273
217
130
82
63
46
2
-104
-190
-209
-259
-334
-373
-419
-486
-554
-660
-782
-847
-894
-999
-1086
-1130
-1156
-1120
-1058
-1031
-994
-949
-974
-1030
-1037
-1044
-1060
-1038
-1058
-1091
-1034
-976
-918
-814
-782
-832
-859
-857
-848
-814
-795
-828
-823
-794
-816
-816
-745
-638
-582
-658
-834
-982
-982
-927
-976
-1104
-1214
-1166
-842
-346
145
529
828
1131
1508
1928
2219
2328
2365
2360
2307
2245
2243
2382
2603
2712
2593
2372
2274
2297
2245
1995
1604
1230
943
697
462
294
220
148
-23
-263
-419
-418
-374
-418
-569
-735
-800
-777
-743
-674
-558
-434
-327
-250
-159
12
199
303
321
296
277
285
285
286
322
354
353
335
324
353
376
321
219
119
67
62
67
87
131
190
261
348
459
554
597
600
562
508
460
390
298
209
146
72
19
39
71
90
83
-9
-127
-201
-267
-325
-369
-431
-509
-557
-574
-587
-590
-606
-665
-744
-823
-897
-953
-960
-947
-961
-971
-974
-972
-913
-840
-829
-832
-865
-948
-1008
-1049
-1106
-1134
-1131
-1148
-1160
-1143
-1123
-1089
-1050
-1053
-1088
-1130
-1155
-1125
-1054
-964
-880
-816
-756
-677
-607
-600
-633
-660
-701
-766
-867
-1001
-1040
-977
-962
-977
-860
-495
108
708
1055
1259
1610
2087
2467
2619
2572
2522
2597
2644
2554
2527
2675
2811
2779
2599
2374
2308
2363
2196
1790
1378
1019
708
461
239
69
-4
-108
-317
-453
-436
-395
-397
-454
-567
-615
-591
-588
-566
-449
-335
-264
-157
-26
144
329
387
326
274
241
194
171
170
172
181
145
62
28
48
63
52
15
-28
-45
-55
-66
-38
52
187
317
417
489
554
598
596
546
463
373
277
172
72
-7
-43
-68
-109
-158
-224
-279
-310
-365
-432
-487
-547
-590
-612
-627
-621
-575
-542
-545
-544
-578
-626
-647
-676
-723
-767
-819
-861
-855
-818
-810
-828
-834
-856
-896
-947
-1056
-1184
-1266
-1328
-1360
-1304
-1202
-1128
-1077
-1049
-1026
-936
-864
-902
-960
-967
-917
-839
-786
-763
-716
-616
-556
-576
-581
-556
-542
-587
-744
-930
-1019
-1028
-1063
-1106
-1002
-664
-123
451
894
1295
1758
2235
2626
2826
2861
2847
2801
2705
2592
2563
2627
2661
2584
2397
2228
2165
2106
1916
1574
1177
799
451
159
-86
-273
-394
-527
-655
-694
-635
-533
-468
-482
-549
-587
-552
-475
-372
-262
-183
-115
-12
137
312
472
561
546
480
402
312
253
229
206
187
140
76
56
85
132
158
135
84
53
45
55
125
256
387
486
532
554
624
707
714
616
445
283
176
109
59
29
-2
-63
-149
-240
-289
-291
-313
-394
-522
-631
-680
-703
-723
-751
-776
-778
-785
-805
-822
-842
-890
-970
-1071
-1162
-1193
-1185
-1192
-1189
-1177
-1178
-1171
-1163
-1181
-1235
-1315
-1401
-1440
-1401
-1335
-1313
-1311
-1273
-1183
-1100
-1076
-1070
-1014
-928
-874
-874
-881
-817
-688
-624
-653
-620
-496
-405
-401
-456
-506
-502
-509
-628
-795
-850
-833
-820
-651
-195
423
943
1249
1509
1988
2622
3027
3027
2845
2775
2807
2733
2551
2501
2620
2665
2469
2153
2013
2102
2121
1795
1245
808
564
337
60
-192
-367
-490
-644
-814
-837
-650
-463
-448
-550
-629
-589
-479
-380
-286
-179
-91
-24
79
260
499
687
722
644
571
547
529
518
508
448
385
387
416
473
555
527
396
271
140
69
144
264
345
386
347
274
250
234
168
72
-24
-118
-193
-238
-284
-337
-365
-379
-419
-447
-444
-470
-528
-608
-726
-830
-842
-815
-810
-820
-867
-931
-963
-994
-1052
-1100
-1128
-1174
-1229
-1259
-1267
-1239
-1213
-1248
-1312
-1328
-1312
-1327
-1366
-1398
-1417
-1401
-1361
-1322
-1233
-1104
-1032
-1066
-1136
-1154
-1108
-1011
-932
-900
-849
-782
-745
-714
-638
-530
-430
-387
-427
-455
-411
-423
-582
-803
-996
-1123
-1130
-1011
-692
7
937
1721
2288
2824
3403
3910
4152
3961
3548
3279
3105
2838
2517
2282
2157
2038
1826
1522
1312
1244
1056
608
8
-519
-823
-958
-1036
-1076
-1007
-847
-656
-427
-186
52
238
275
169
53
46
119
222
322
366
405
499
619
709
753
709
532
281
28
-172
-275
-305
-297
-300
-289
-212
-74
97
235
286
240
180
171
202
293
433
599
817
1034
1193
1266
1263
1174
991
741
385
-3
-311
-527
-656
-737
-787
-807
-782
-725
-729
-774
-819
-882
-974
-1062
-1079
-1019
-868
-686
-560
-458
-387
-409
-543
-734
-958
-1223
-1471
-1694
-1854
-1869
-1795
-1695
-1592
-1519
-1539
-1644
-1754
-1865
-1947
-2000
-2067
-2074
-1966
-1766
-1526
-1297
-1131
-1035
-919
-804
-745
-779
-932
-1049
-1014
-915
-881
-853
-677
-448
-357
-523
-852
-1077
-1218
-1477
-1754
-1529
-509
892
2055
2790
3483
4408
5192
5354
4904
4353
4026
3668
3018
2299
1981
2011
1927
1561
1153
1054
1164
1019
409
-392
-953
-1258
-1461
-1539
-1406
-1041
-576
-151
234
648
1053
1276
1258
1050
769
571
480
466
486
469
412
404
497
551
465
259
-43
-381
-703
-961
-1105
-1069
-904
-776
-653
-414
-53
340
614
709
700
687
667
633
659
761
913
1042
1104
1184
1358
1545
1535
1257
819
340
-73
-414
-719
-961
-1068
-1061
-1022
-906
-708
-499
-363
-367
-456
-527
-508
-457
-452
-471
-493
-477
-435
-405
-398
-465
-642
-964
-1343
-1683
-1980
-2190
-2352
-2481
-2539
-2494
-2384
-2311
-2271
-2303
-2378
-2401
-2386
-2296
-2141
-1911
-1656
-1505
-1437
-1396
-1257
-1050
-911
-885
-978
-1044
-1010
-930
-883
-890
-833
-780
-766
-795
-869
-910
-1023
-1291
-1654
-1664
-847
628
2175
3252
3955
4686
5454
5908
5700
5066
4437
3897
3236
2393
1822
1725
1745
1448
831
405
392
521
300
-347
-951
-1257
-1265
-1123
-825
-276
353
900
1228
1447
1691
1846
1806
1429
867
385
116
82
90
57
-41
-119
-106
-151
-278
-492
-743
-987
-1266
-1462
-1450
-1172
-791
-514
-310
-98
242
596
782
816
761
699
600
528
553
658
823
883
850
816
807
794
705
587
428
273
170
85
48
23
-25
-87
-130
-147
-187
-208
-217
-248
-286
-332
-318
-234
-124
-67
-81
-116
-209
-356
-545
-750
-951
-1179
-1419
-1665
-1837
-1949
-2074
-2175
-2249
-2259
-2217
-2164
-2152
-2212
-2241
-2240
-2169
-2021
-1843
-1633
-1477
-1415
-1492
-1606
-1649
-1714
-1801
-1922
-1965
-1854
-1708
-1551
-1445
-1288
-1142
-1091
-1040
-1030
-911
-789
-850
-1032
-1186
-843
137
1584
2986
3869
4567
5243
5806
5910
5309
4472
3683
3014
2225
1386
1034
1030
1067
782
301
176
323
441
178
-287
-565
-657
-462
-174
201
751
1253
1656
1846
1927
1923
1757
1488
927
304
-107
-289
-282
-341
-416
-446
-363
-229
-307
-448
-610
-768
-884
-1016
-1005
-839
-531
-221
-29
192
390
579
688
609
464
321
279
244
166
134
133
252
378
412
430
441
465
391
279
257
353
573
701
699
675
669
671
550
334
86
-131
-266
-390
-439
-400
-305
-212
-193
-181
-177
-164
-209
-389
-638
-904
-1094
-1244
-1383
-1499
-1609
-1649
-1705
-1770
-1829
-1877
-1876
-1938
-2006
-2073
-2115
-2088
-2098
-2066
-2020
-1930
-1795
-1734
-1677
-1743
-1848
-1918
-2017
-2022
-2025
-1944
-1827
-1736
-1578
-1503
-1329
-1156
-1087
-996
-986
-984
-1109
-1170
-784
161
1670
3074
4077
4830
5403
5871
5859
5333
4447
3427
2538
1632
961
624
520
558
445
320
261
345
463
296
-14
-394
-582
-439
-167
245
724
1298
1813
2102
2242
2169
2007
1692
1123
475
-95
-401
-524
-543
-483
-397
-205
-24
43
10
-78
-185
-353
-547
-717
-747
-576
-317
-67
140
300
416
508
477
306
128
-38
-158
-248
-290
-242
-110
85
150
150
176
194
234
169
39
-87
-127
-44
33
203
428
670
899
929
850
688
509
290
-55
-355
-572
-619
-544
-481
-366
-252
-119
-52
-114
-220
-389
-561
-783
-1069
-1294
-1446
-1512
-1557
-1622
-1664
-1682
-1650
-1614
-1620
-1628
-1684
-1770
-1841
-1908
-1913
-1861
-1741
-1583
-1463
-1350
-1289
-1284
-1318
-1452
-1606
-1777
-1900
-1900
-1839
-1674
-1487
-1249
-980
-803
-688
-741
-822
-890
-984
-874
-423
546
1749
2853
3772
4436
5019
5333
5199
4639
3779
2926
2059
1259
635
237
167
211
281
337
415
604
666
530
226
-81
-194
-192
-40
202
572
1084
1524
1836
1943
1927
1800
1450
936
306
-218
-537
-696
-724
-697
-518
-252
-24
121
151
161
109
-25
-243
-489
-569
-495
-326
-145
35
260
458
591
601
489
340
138
-77
-263
-375
-381
-339
-242
-135
-5
139
218
231
129
-35
-206
-348
-423
-455
-381
-206
63
410
729
990
1148
1195
1108
883
576
232
-55
-247
-370
-430
-425
-341
-215
-114
-98
-192
-338
-530
-778
-1048
-1302
-1490
-1592
-1602
-1560
-1461
-1261
-1063
-968
-991
-1089
-1220
-1355
-1472
-1627
-1782
-1861
-1878
-1837
-1748
-1618
-1508
-1422
-1377
-1464
-1636
-1809
-1905
-1930
-1950
-1964
-1922
-1748
-1501
-1253
-1044
-932
-875
-857
-768
-321
621
1817
2815
3534
4100
4576
4988
5107
4752
4029
3237
2464
1617
873
362
97
10
-33
-58
-36
171
430
495
355
125
36
81
215
440
732
1116
1474
1755
1876
1886
1889
1717
1291
673
85
-328
-563
-650
-757
-818
-725
-529
-302
-135
-17
9
-55
-182
-356
-418
-342
-198
-58
64
237
447
658
761
712
582
386
175
-39
-218
-331
-394
-385
-356
-285
-182
-81
11
-8
-109
-260
-379
-412
-403
-309
-172
55
357
651
932
1135
1302
1353
1231
1003
691
415
161
-64
-250
-407
-443
-438
-418
-401
-425
-464
-593
-766
-984
-1189
-1280
-1314
-1267
-1177
-1047
-872
-725
-628
-646
-734
-847
-1015
-1208
-1452
-1682
-1841
-1950
-2001
-2039
-2036
-1998
-1932
-1821
-1745
-1702
-1697
-1724
-1736
-1734
-1690
-1620
-1508
-1389
-1331
-1302
-1260
-1206
-1189
-1202
-1032
-377
746
1975
2968
3720
4360
4893
5234
5148
4624
3894
3148
2363
1458
689
228
54
39
33
31
72
289
556
601
429
229
181
222
306
494
779
1142
1501
1742
1827
1827
1820
1651
1158
513
-52
-437
-706
-933
-1116
-1208
-1071
-781
-522
-334
-193
-44
31
-10
-99
-149
-67
50
131
197
290
480
671
755
697
544
382
177
-57
-298
-490
-564
-587
-588
-555
-453
-284
-145
-86
-112
-157
-126
-67
-10
42
97
220
381
571
764
947
1140
1232
1219
1097
891
678
427
168
-117
-356
-498
-600
-624
-635
-634
-623
-634
-665
-764
-835
-857
-874
-872
-885
-887
-855
-774
-676
-662
-695
-739
-824
-953
-1138
-1339
-1564
-1812
-2014
-2188
-2310
-2379
-2371
-2260
-2091
-1805
-1512
-1323
-1194
-1096
-1038
-1100
-1174
-1298
-1507
-1648
-1709
-1717
-1725
-1664
-1404
-720
465
1740
2773
3604
4327
4852
5132
5066
4557
3823
3124
2401
1518
775
393
272
260
259
251
231
366
593
631
424
175
104
113
161
338
630
961
1300
1625
1781
1770
1741
1618
1213
614
66
-371
-708
-925
-1035
-1062
-936
-639
-334
-130
4
155
251
189
48
-58
-71
-39
31
117
202
403
651
774
714
573
414
174
-61
-266
-436
-527
-523
-459
-395
-258
-60
112
221
252
244
217
214
228
188
133
132
214
323
435
595
735
821
865
856
806
709
594
392
121
-106
-295
-422
-518
-555
-569
-609
-630
-674
-698
-743
-803
-822
-853
-871
-865
-787
-695
-632
-555
-550
-611
-680
-762
-910
-1129
-1348
-1581
-1840
-2047
-2210
-2316
-2335
-2282
-2146
-1981
-1773
-1596
-1468
-1339
-1273
-1192
-1122
-1070
-1086
-1202
-1333
-1535
-1667
-1717
-1746
-1765
-1595
-887
225
1436
2495
3400
4156
4696
5032
4957
4465
3825
3258
2582
1698
991
649
577
605
661
636
563
666
783
665
320
26
-111
-212
-227
-92
219
638
1087
1477
1667
1729
1748
1642
1295
773
288
-136
-498
-729
-840
-814
-647
-382
-156
-43
68
163
185
96
-83
-226
-295
-267
-192
-95
73
281
496
619
632
591
494
358
138
-141
-386
-500
-448
-373
-290
-162
-15
123
218
261
225
189
180
96
-41
-99
-12
146
319
500
658
819
978
1079
1070
962
821
622
358
54
-198
-349
-445
-496
-537
-587
-621
-598
-568
-616
-688
-713
-713
-704
-668
-597
-503
-372
-241
-199
-229
-292
-398
-590
-856
-1160
-1485
-1780
-2028
-2194
-2273
-2265
-2150
-1954
-1702
-1492
-1328
-1203
-1160
-1172
-1227
-1261
-1322
-1396
-1417
-1458
-1554
-1693
-1784
-1867
-1975
-2035
-2149
-2203
-1773
-661
744
1946
3004
3958
4699
5299
5596
5378
4740
4118
3476
2466
1470
861
643
585
540
427
161
125
368
473
240
-135
-304
-366
-369
-244
-10
395
940
1505
1812
1867
1960
2038
1872
1419
828
228
-280
-609
-835
-1009
-1006
-814
-583
-404
-263
-104
37
86
-6
-214
-366
-401
-326
-192
-46
174
433
668
802
840
847
787
640
373
27
-264
-422
-446
-432
-389
-279
-115
75
222
288
298
313
332
299
232
218
281
419
584
706
798
890
974
973
875
714
484
244
-9
-274
-485
-605
-631
-637
-636
-636
-623
-550
-498
-494
-514
-528
-522
-517
-490
-460
-420
-368
-392
-502
-659
-816
-968
-1182
-1437
-1686
-1891
-2046
-2179
-2237
-2233
-2121
-1901
-1689
-1509
-1360
-1188
-1023
-927
-888
-905
-880
-869
-969
-1126
-1297
-1450
-1614
-1797
-2011
-2255
-2402
-2481
-2504
-2158
-1184
290
1775
3051
4126
4909
5484
5814
5750
5238
4526
3816
2873
1844
1121
795
699
644
558
315
127
184
242
95
-215
-442
-537
-571
-479
-185
324
937
1532
1935
2043
2038
2050
1907
1501
926
303
-247
-634
-838
-937
-888
-684
-444
-238
-158
-113
-24
8
-105
-333
-518
-602
-513
-297
-79
187
513
802
960
1001
968
875
716
444
88
-216
-407
-485
-439
-317
-133
103
333
485
544
578
551
471
383
265
191
195
299
441
571
723
843
939
930
806
636
417
169
-121
-399
-636
-789
-806
-796
-779
-710
-623
-572
-559
-557
-592
-631
-635
-671
-740
-769
-744
-681
-640
-662
-765
-918
-1063
-1255
-1474
-1682
-1833
-1882
-1903
-1857
-1759
-1615
-1438
-1304
-1205
-1201
-1217
-1198
-1179
-1131
-1070
-964
-908
-925
-916
-960
-1092
-1295
-1559
-1901
-2263
-2502
-2687
-2873
-2790
-2170
-958
589
2152
3609
4790
5656
6186
6305
5979
5352
4712
3839
2671
1651
1007
721
632
650
542
285
169
63
-138
-430
-679
-781
-879
-911
-798
-411
220
932
1606
1944
2043
2115
2078
1852
1439
954
428
-39
-390
-674
-745
-612
-408
-224
-159
-180
-201
-177
-211
-348
-485
-587
-597
-486
-265
75
480
863
1127
1212
1143
991
791
528
209
-82
-286
-369
-357
-274
-91
123
327
508
585
556
496
447
346
226
162
134
186
297
428
605
796
948
1018
983
812
591
383
97
-203
-432
-600
-696
-714
-716
-718
-664
-606
-608
-643
-719
-797
-801
-784
-788
-746
-656
-578
-513
-486
-525
-576
-650
-822
-1061
-1304
-1546
-1728
-1837
-1912
-1935
-1901
-1794
-1620
-1448
-1314
-1161
-1012
-960
-908
-834
-817
-793
-751
-791
-951
-1098
-1170
-1275
-1441
-1605
-1727
-1940
-2149
-2224
-2383
-2571
-2497
-2039
-1203
65
1538
2909
4187
5173
5779
6084
6009
5631
5141
4428
3363
2382
1655
1095
813
677
525
368
258
93
-120
-371
-640
-743
-860
-1044
-1033
-784
-356
273
1008
1544
1917
2178
2204
2041
1697
1273
855
426
-3
-321
-481
-537
-384
-176
-100
-65
-67
-178
-355
-497
-648
-714
-639
-544
-393
-136
196
528
845
1034
1052
995
812
557
308
110
-22
-67
-55
-48
65
218
346
476
529
483
376
279
140
38
50
88
187
332
501
692
885
1017
1040
951
708
410
99
-256
-551
-730
-862
-945
-909
-829
-734
-575
-444
-391
-380
-408
-474
-547
-625
-676
-674
-666
-652
-615
-594
-605
-620
-699
-847
-1031
-1259
-1483
-1659
-1794
-1848
-1756
-1625
-1476
-1230
-995
-850
-730
-643
-691
-804
-893
-1002
-1079
-1072
-1004
-946
-916
-878
-877
-981
-1166
-1291
-1445
-1723
-1975
-2153
-2309
-2352
-2219
-2077
-1747
-861
410
1698
2954
4123
4918
5372
5573
5359
4876
4478
4120
3495
2766
2172
1735
1494
1365
1202
922
642
361
-47
-578
-1092
-1322
-1368
-1376
-1286
-1078
-689
-119
539
1020
1327
1556
1632
1550
1256
909
693
596
532
453
385
313
387
496
437
327
172
-41
-271
-517
-799
-938
-835
-740
-608
-405
-242
-54
188
331
320
345
366
306
249
207
240
365
548
740
903
984
1007
1018
910
751
636
479
269
80
-84
-247
-295
-253
-200
-111
-55
-45
-77
-126
-171
-172
-150
-167
-158
-157
-153
-90
-8
78
153
202
149
28
-140
-370
-570
-763
-947
-1118
-1265
-1365
-1407
-1380
-1343
-1267
-1190
-1161
-1145
-1168
-1218
-1244
-1211
-1189
-1179
-1095
-985
-865
-715
-545
-436
-392
-388
-474
-607
-735
-822
-858
-828
-753
-704
-669
-684
-719
-757
-866
-985
-1079
-1208
-1422
-1594
-1683
-1747
-1688
-1547
-1358
-961
-252
591
1410
2279
3050
3565
3870
3943
3736
3436
3270
3066
2758
2532
2373
2216
2122
2058
1865
1614
1378
1043
590
78
-376
-680
-878
-999
-994
-881
-707
-407
-103
46
197
384
440
413
388
307
268
370
444
491
635
804
949
1048
1005
838
686
517
268
22
-219
-422
-501
-514
-533
-503
-400
-296
-190
-129
-152
-178
-175
-161
-156
-116
-39
78
249
394
491
564
609
605
535
399
196
10
-148
-303
-410
-455
-445
-385
-295
-248
-226
-186
-186
-211
-248
-326
-401
-432
-481
-536
-524
-511
-504
-453
-437
-476
-503
-549
-650
-718
-749
-769
-725
-653
-584
-483
-362
-267
-191
-149
-168
-194
-240
-328
-402
-462
-507
-515
-497
-470
-400
-285
-162
-18
122
228
321
385
402
396
378
335
298
276
238
197
166
132
100
79
43
-4
-32
-47
-59
-80
-97
-85
-39
31
114
189
236
260
263
225
152
85
-1
-101
-191
-259
-315
-351
-345
-324
-299
-271
-243
-216
-176
-99
-7
81
170
268
367
465
574
693
808
911
1007
1069
1094
1108
1112
1093
1054
1005
916
805
708
597
482
396
342
290
248
226
189
172
194
210
218
246
292
318
342
360
358
351
332
291
232
165
96
14
-97
-231
-345
-439
-526
-576
-591
-596
-578
-548
-520
-477
-420
-365
-309
-255
-225
-189
-152
-129
-87
-35
10
45
77
79
48
8
-54
-125
-198
-279
-346
-376
-373
-351
-305
-253
-202
-148
-100
-68
-56
-46
-40
-52
-67
-58
-38
-14
37
77
89
80
58
11
-47
-87
-120
-129
-110
-75
-16
57
149
246
321
350
355
346
293
216
123
24
-63
-121
-158
-185
-183
-157
-128
-112
-109
-96
-86
-102
-131
-169
-205
-225
-225
-229
-232
-213
-175
-134
-110
-117
-134
-156
-200
-238
-262
-293
-316
-317
-311
-301
-248
-173
-123
-74
-22
16
47
94
147
194
251
312
352
384
414
436
439
421
387
336
282
237
204
181
161
158
170
172
191
221
243
279
329
356
352
361
370
357
344
322
278
231
204
176
136
109
93
69
32
-1
-23
-50
-68
-78
-103
-140
-161
-162
-170
-181
-190
-206
-233
-254
-266
-292
-330
-358
-377
-397
-402
-385
-374
-360
-330
-282
-228
-157
-71
-2
48
90
118
134
148
160
153
135
119
94
81
82
85
91
105
122
131
150
162
160
167
171
170
172
180
182
190
204
203
201
201
195
194
197
186
167
165
160
138
119
92
54
29
18
-6
-33
-45
-62
-82
-94
-94
-97
-95
-101
-132
-162
-191
-221
-253
-289
-329
-349
-341
-329
-307
-267
-226
-181
-127
-89
-75
-66
-70
-96
-118
-131
-150
-160
-157
-160
-160
-141
-117
-102
-81
-46
-22
1
34
59
71
88
111
126
127
117
97
71
52
45
43
44
69
113
168
217
257
286
296
284
240
186
128
66
7
-46
-78
-80
-46
16
85
146
202
255
267
257
246
208
143
83
34
-14
-39
-50
-77
-108
-144
-191
-245
-302
-357
-405
-445
-473
-465
-429
-376
-316
-267
-219
-160
-95
-33
29
79
114
151
179
202
239
281
310
314
289
252
214
162
101
50
1
-33
-33
-29
-32
-5
42
82
123
166
194
217
231
226
226
244
270
303
335
352
362
367
348
311
265
203
139
72
3
-61
-114
-169
-216
-243
-277
-305
-314
-312
-306
-294
-283
-282
-273
-254
-232
-215
-203
-187
-157
-129
-112
-87
-67
-64
-63
-75
-112
-160
-196
-230
-270
-303
-328
-350
-353
-326
-282
-225
-154
-83
-32
2
22
48
102
169
225
273
315
350
383
397
378
347
320
282
218
140
64
-3
-57
-102
-137
-146
-124
-89
-64
-56
-47
-33
-20
-14
-12
-4
23
60
93
118
143
165
186
206
206
199
190
167
128
81
34
-21
-70
-117
-174
-224
-254
-273
-287
-292
-298
-309
-312
-309
-297
-275
-239
-183
-114
-43
22
82
127
159
186
184
159
134
109
79
58
49
34
18
14
13
9
18
42
74
104
135
159
170
177
184
187
179
176
176
178
179
184
201
215
225
233
232
215
194
172
146
128
126
125
122
118
111
101
87
64
26
-13
-46
-72
-85
-88
-93
-94
-100
-117
-141
-171
-199
-220
-242
-270
-290
-310
-326
-326
-325
-322
-301
-267
-243
-219
-194
-176
-160
-146
-153
-172
-190
-205
-205
-201
-185
-157
-128
-106
-81
-42
0
54
109
146
179
220
256
281
306
314
307
299
277
249
226
197
145
70
2
-49
-76
-71
-53
-32
-6
28
45
41
37
35
17
-15
-57
-103
-125
-119
-99
-79
-56
-19
21
48
57
59
58
40
8
-45
-118
-177
-213
-245
-267
-263
-241
-206
-154
-107
-67
-14
40
75
94
107
122
145
167
179
181
180
184
177
150
109
74
54
36
19
9
19
55
105
149
176
197
216
220
202
173
153
137
119
91
53
15
-8
-21
-38
-56
-51
-34
-22
-20
-20
-16
-4
20
31
32
40
54
51
27
-2
-25
-42
-59
-75
-91
-104
-97
-90
-101
-114
-118
-122
-135
-141
-136
-123
-102
-75
-51
-39
-19
13
34
45
65
76
68
62
57
30
-1
-27
-73
-127
-161
-192
-214
-208
-177
-130
-73
-12
40
87
114
115
90
52
10
-31
-70
-107
-127
-125
-99
-65
-34
-1
19
22
12
-4
-31
-53
-63
-73
-80
-74
-51
-24
6
31
39
31
12
-6
-28
-46
-54
-60
-63
-58
-39
-13
23
60
86
106
117
114
98
72
38
4
-29
-57
-79
-87
-83
-75
-65
-61
-55
-51
-49
-43
-31
-20
-7
8
19
30
51
79
106
136
167
189
191
179
150
110
69
31
-6
-37
-49
-53
-55
-46
-30
-14
0
0
-20
-50
-71
-82
-83
-71
-42
0
43
86
133
175
212
241
240
212
178
144
94
46
8
-33
-65
-88
-103
-108
-103
-95
-94
-104
-115
-111
-97
-77
-41
2
41
88
138
182
225
261
283
290
286
268
242
209
161
114
66
8
-39
-76
-116
-153
-181
-212
-230
-224
-214
-203
-181
-155
-123
-93
-68
-53
-46
-48
-61
-75
-87
-84
-69
-59
-68
-84
-96
-107
-110
-113
-111
-102
-93
-84
-86
-99
-109
-111
-113
-118
-117
-113
-107
-96
-86
-85
-84
-84
-81
-81
-82
-74
-55
-28
2
36
69
106
150
197
234
261
277
278
269
244
213
181
153
130
108
92
77
67
67
65
56
45
32
15
2
-3
-2
4
12
22
26
19
9
1
-6
-15
-22
-33
-47
-64
-74
-83
-91
-93
-94
-91
-86
-70
-49
-29
-9
7
17
20
21
24
27
34
45
56
67
71
71
62
45
24
-3
-33
-67
-101
-134
-153
-155
-137
-106
-71
-35
-1
28
45
52
53
46
33
23
17
30
68
120
174
216
246
263
264
243
207
161
104
47
-12
-69
-112
-124
-117
-106
-87
-71
-59
-51
-56
-73
-93
-106
-115
-119
-115
-102
-74
-48
-32
-31
-41
-56
-77
-106
-142
-166
-176
-176
-169
-152
-123
-84
-41
-17
-4
7
11
10
-1
-19
-35
-46
-57
-76
-84
-83
-73
-64
-75
-96
-115
-124
-129
-129
-116
-91
-48
2
54
112
176
243
298
330
341
339
329
302
262
214
163
118
77
40
5
-19
-31
-40
-47
-47
-39
-28
-14
0
13
29
48
64
57
39
9
-29
-71
-114
-147
-165
-169
-162
-147
-127
-102
-73
-54
-51
-55
-58
-57
-55
-48
-35
-17
7
36
63
91
122
149
163
164
153
129
92
50
7
-37
-63
-78
-84
-81
-72
-60
-52
-45
-43
-41
-38
-24
-5
9
30
52
71
79
85
85
81
86
95
105
114
122
123
112
95
73
52
31
9
-6
-20
-26
-20
-5
16
38
61
79
85
84
76
56
26
-9
-53
-96
-137
-169
-185
-189
-183
-166
-150
-139
-132
-123
-118
-115
-105
-96
-87
-72
-56
-45
-34
-26
-25
-32
-54
-81
-114
-148
-179
-207
-232
-251
-256
-245
-227
-198
-159
-112
-59
-4
48
93
137
183
235
287
337
377
408
422
417
398
368
323
265
197
123
48
-16
-63
-97
-118
-132
-139
-137
-127
-108
-84
-58
-39
-18
-2
5
17
32
46
58
70
74
75
77
70
52
28
-5
-43
-77
-108
-130
-140
-135
-120
-96
-68
-41
-8
21
48
72
91
105
117
126
126
127
129
127
126
121
112
94
73
51
27
5
-17
-31
-38
-42
-38
-33
-27
-26
-23
-28
-46
-67
-92
-114
-128
-132
-128
-116
-96
-65
-33
1
33
59
73
70
55
34
14
5
9
19
36
61
83
98
100
83
51
1
-65
-136
-208
-260
-291
-302
-296
-273
-230
-180
-130
-81
-37
2
35
55
63
66
69
69
65
53
45
37
27
9
-15
-37
-55
-61
-65
-69
-65
-55
-43
-30
-18
-5
9
26
38
50
65
90
118
139
157
168
177
181
180
169
149
124
93
59
21
-13
-40
-62
-81
-97
-113
-123
-124
-119
-114
-108
-102
-97
-89
-81
-72
-64
-54
-40
-31
-25
-20
-16
-9
-3
2
4
6
11
12
12
11
12
13
12
11
7
8
15
24
34
43
55
67
79
87
91
92
90
78
59
37
15
-2
-18
-32
-43
-45
-43
-35
-22
-6
12
30
42
46
46
42
31
13
-13
-40
-63
-80
-86
-78
-56
-21
22
70
110
149
180
193
185
166
135
96
61
27
-8
-32
-48
-61
-69
-69
-67
-64
-63
-73
-87
-99
-109
-109
-103
-93
-68
-34
3
39
69
86
93
89
71
43
15
-9
-29
-44
-56
-61
-60
-56
-53
-59
-64
-73
-81
-92
-96
-95
-89
-76
-62
-42
-16
13
41
66
86
95
98
89
73
51
28
5
-14
-26
-34
-36
-36
-36
-37
-34
-33
-32
-34
-36
-37
-37
-35
-32
-24
-12
5
21
35
50
63
71
76
72
65
53
41
30
19
15
13
13
11
5
0
-5
-12
-20
-30
-40
-46
-47
-49
-44
-35
-22
-1
23
46
66
85
101
111
115
111
103
92
75
57
39
21
8
-3
-18
-31
-41
-47
-52
-57
-60
-69
-75
-83
-98
-113
-124
-128
-128
-120
-106
-78
-40
4
55
103
146
180
201
198
184
158
118
72
20
-32
-78
-112
-133
-144
-147
-143
-138
-133
-130
-126
-122
-113
-100
-85
-62
-35
1
38
73
103
126
138
140
135
118
100
80
63
47
35
32
32
34
40
42
40
34
21
3
-20
-40
-59
-72
-77
-77
-67
-53
-33
-11
6
20
27
26
18
-1
-17
-37
-53
-59
-62
-58
-50
-36
-25
-12
-1
2
2
-8
-25
-44
-63
-78
-89
-94
-91
-79
-59
-33
0
34
65
91
110
120
123
124
120
111
103
95
87
83
78
73
66
57
46
31
14
-5
-20
-39
-56
-69
-81
-90
-96
-100
-103
-104
-104
-105
-100
-94
-81
-65
-45
-21
3
29
50
67
75
75
68
50
25
-3
-30
-56
-75
-91
-100
-104
-101
-93
-80
-62
-45
-22
3
28
54
79
103
127
147
164
176
182
183
177
162
142
115
85
56
25
-7
-36
-60
-79
-90
-96
-94
-88
-78
-66
-55
-41
-28
-12
2
13
21
28
37
42
49
51
50
49
42
37
28
21
18
14
9
3
-4
-8
-9
-9
-14
-21
-32
-49
-71
-94
-114
-128
-133
-134
-127
-114
-92
-65
-38
-11
7
20
23
22
15
3
-5
-12
-14
-15
-15
-13
-9
-9
-12
-19
-33
-48
-63
-75
-80
-75
-58
-30
3
40
75
108
132
148
154
151
141
130
119
113
112
117
127
137
146
148
143
127
103
70
30
-16
-59
-99
-130
-152
-165
-166
-159
-146
-131
-116
-102
-90
-79
-68
-56
-37
-11
17
47
77
101
117
122
113
87
53
9
-39
-87
-132
-168
-193
-204
-200
-185
-157
-124
-86
-49
-17
12
36
58
77
92
105
115
124
129
122
108
86
57
21
-19
-58
-94
-119
-132
-133
-122
-96
-59
-18
26
64
96
119
130
129
119
101
82
65
49
35
26
24
25
31
38
45
55
66
79
89
101
114
122
129
128
118
102
78
46
8
-30
-67
-97
-121
-141
-149
-152
-149
-140
-133
-125
-117
-112
-108
-107
-105
-100
-94
-84
-74
-63
-51
-41
-31
-25
-25
-25
-27
-30
-33
-30
-26
-14
0
16
30
41
48
47
42
32
17
4
-10
-16
-19
-13
1
19
46
70
94
114
129
139
141
137
125
110
91
71
53
32
11
-12
-32
-54
-76
-96
-114
-125
-131
-129
-120
-103
-79
-49
-14
20
52
78
98
106
103
87
60
26
-13
-58
-102
-141
-171
-193
-203
-202
-190
-164
-133
-95
-55
-15
24
58
86
110
126
136
140
135
127
113
97
78
58
35
13
-6
-22
-31
-34
-27
-12
10
37
63
88
109
122
125
120
106
83
56
30
7
-11
-22
-26
-23
-13
1
16
29
43
51
57
58
58
57
57
59
60
62
61
57
47
32
12
-16
-47
-82
-114
-141
-163
-174
-175
-168
-152
-130
-106
-80
-54
-32
-16
-6
1
3
3
3
2
3
4
6
10
13
20
23
24
24
19
13
2
-8
-20
-32
-40
-49
-57
-66
-69
-67
-67
-62
-57
-51
-39
-27
-13
4
20
40
60
78
95
110
120
125
124
113
98
77
53
24
-5
-33
-55
-71
-83
-85
-83
-73
-59
-44
-30
-19
-10
-4
-1
-5
-9
-14
-20
-23
-27
-28
-29
-28
-29
-29
-32
-36
-39
-42
-43
-45
-40
-35
-30
-22
-15
-6
1
5
5
5
0
-4
-9
-11
-10
-4
4
15
25
37
48
55
59
59
56
51
44
34
27
20
14
9
3
1
0
2
5
11
17
25
34
41
51
58
65
68
69
67
63
61
56
55
55
56
60
60
60
55
46
31
12
-10
-32
-52
-69
-77
-78
-71
-57
-37
-17
2
19
28
26
19
5
-14
-33
-50
-61
-65
-61
-50
-35
-16
1
14
21
21
14
0
-16
-35
-52
-65
-73
-77
-76
-69
-63
-55
-46
-41
-38
-37
-34
-35
-31
-26
-17
-3
12
32
50
69
83
93
97
94
87
76
60
44
28
13
1
-9
-16
-22
-25
-29
-34
-41
-51
-57
-64
-70
-73
-73
-65
-56
-42
-28
-15
2
12
19
21
17
11
2
-8
-17
-24
-26
-27
-22
-15
-5
5
14
20
23
23
20
15
10
6
3
2
1
3
2
5
2
-2
-8
-18
-27
-37
-45
-48
-45
-38
-25
-5
16
40
64
84
100
110
116
116
112
105
97
89
82
74
68
62
53
45
36
25
14
4
-6
-12
-16
-15
-13
-8
-3
1
3
2
-1
-8
-17
-27
-38
-45
-49
-51
-49
-45
-40
-35
-30
-30
-35
-43
-55
-67
-77
-86
-91
-88
-81
-68
-53
-34
-17
-3
5
8
6
-3
-14
-27
-40
-49
-55
-57
-54
-50
-40
-31
-21
-12
-5
1
2
7
9
13
18
23
31
41
51
62
71
80
84
88
88
86
82
75
68
59
48
39
30
20
14
7
2
-2
-3
-3
-2
1
2
6
6
7
4
-1
-6
-15
-22
-32
-40
-47
-52
-57
-59
-57
-56
-50
-42
-33
-24
-13
-3
8
18
23
29
30
31
28
23
14
4
-5
-17
-28
-38
-45
-51
-53
-54
-49
-43
-35
-24
-13
-1
13
28
43
57
70
80
89
94
95
92
84
73
57
39
20
2
-14
-25
-33
-35
-31
-23
-9
3
19
33
43
50
53
51
43
35
24
15
4
-4
-10
-13
-15
-18
-19
-22
-26
-30
-35
-40
-46
-48
-48
-48
-46
-42
-38
-34
-30
-26
-22
-19
-15
-11
-5
-1
5
11
16
17
17
15
9
-1
-10
-22
-32
-39
-46
-47
-47
-42
-38
-32
-26
-23
-21
-22
-23
-25
-27
-27
-23
-18
-9
3
16
28
35
40
39
31
20
0
-19
-39
-58
-70
-78
-79
-74
-63
-49
-30
-13
5
22
31
40
46
49
49
48
45
39
32
22
8
-5
-22
-37
-52
-65
-70
-71
-63
-51
-31
-9
17
41
64
80
91
98
96
90
79
68
58
48
40
34
29
27
26
23
20
16
12
7
1
0
0
2
9
16
26
33
42
49
53
54
52
47
40
32
22
14
7
1
-3
-6
-7
-10
-12
-13
-15
-15
-15
-16
-14
-14
-12
-10
-7
-5
-3
-1
1
2
4
6
6
8
5
4
2
-3
-8
-15
-21
-30
-36
-44
-46
-46
-46
-42
-36
-27
-19
-9
-1
8
14
18
22
22
21
20
17
13
7
2
-2
-9
-13
-21
-26
-32
-40
-44
-50
-54
-57
-60
-60
-58
-56
-50
-46
-39
-32
-26
-18
-13
-12
-10
-15
-21
-28
-37
-41
-49
-51
-48
-45
-36
-27
-14
-2
8
18
24
29
31
30
29
25
21
16
13
9
4
1
-3
-5
-7
-7
-6
-3
1
8
16
25
33
42
48
51
53
52
48
43
36
28
21
15
9
6
2
-2
-5
-14
-22
-31
-40
-49
-57
-59
-57
-51
-39
-25
-6
16
36
56
72
80
85
84
73
60
45
27
10
-5
-16
-25
-29
-30
-28
-24
-20
-16
-12
-9
-6
-4
-1
3
9
16
24
34
41
52
58
63
65
62
61
52
43
29
12
0
-17
-29
-44
-54
-63
-62
-58
-55
-50
-44
-29
-26
-23
-19
-19
-15
-18
-29
-30
-33
-40
-29
-33
-20
-19
-18
-10
-19
-15
-24
-24
-33
-36
-41
-43
-49
-52
-54
-68
-69
-83
-92
-89
-85
-68
-56
-42
-32
-10
-2
6
26
24
32
71
42
21
66
35
35
61
33
27
45
27
7
-6
-32
-60
-69
-83
-87
-85
-71
-32
-22
-5
5
0
-9
-5
-4
-4
21
51
86
117
153
130
110
92
18
-17
-72
-101
-92
-67
-11
40
107
200
230
303
282
397
1121
887
203
521
34
-671
-62
-233
-632
276
473
412
915
516
-32
-136
-639
-1095
-1179
-1248
-1005
-592
-368
-138
46
15
-150
-255
-453
-606
-374
272
612
505
795
923
386
36
-344
-874
-650
-331
-302
173
615
1265
2231
2012
1344
1188
372
-566
-858
-1474
-1706
-597
547
1009
1466
1702
1208
612
-63
-1366
-2147
-1862
-1703
-1414
-636
-195
279
839
556
-103
-575
-1032
-1278
-1230
-1228
-892
140
926
1088
1168
845
246
106
-286
-1008
-843
-208
183
757
1069
760
707
745
144
-379
-467
-592
-364
147
148
93
392
458
306
217
-119
-425
-171
-93
-379
-205
64
159
453
418
-36
-118
-92
-417
-607
-508
-445
-178
296
289
111
282
165
-135
-96
-260
-361
59
236
198
332
293
224
335
202
-80
-59
-19
-64
9
-30
-131
91
279
118
73
43
-129
-80
-101
-367
-253
-3
0
94
110
-58
-18
76
-109
-265
-161
-65
-23
75
27
-93
77
168
-21
-49
-1
43
189
193
31
15
120
114
32
13
43
127
200
126
-10
-67
-4
72
-23
-118
-24
81
114
81
-8
5
103
102
25
-80
-119
-67
-30
-15
-22
64
207
175
56
-36
-180
-229
-154
-194
-185
-36
95
224
212
43
-6
-49
-207
-259
-299
-307
-128
20
43
93
142
105
48
-71
-282
-374
-325
-283
-202
-113
-28
168
269
167
47
-60
-145
-185
-194
-151
-74
105
295
261
183
159
63
14
-32
-123
-94
0
70
130
107
60
108
128
38
-52
-110
-132
-83
-61
-96
-63
29
99
119
80
35
31
54
61
21
14
75
115
98
43
-6
8
27
-14
-25
-3
-1
37
85
4
-75
-62
-76
-88
-87
-101
-58
30
57
35
26
10
-11
-6
-32
-81
-30
26
22
47
31
8
48
40
-12
-13
-14
9
38
29
20
40
76
71
32
-10
-29
-35
-25
-11
-10
8
45
77
68
34
34
44
5
-28
-22
-35
-2
52
53
74
112
97
83
49
-24
-51
-67
-77
-52
-37
-21
48
86
62
63
43
-7
-24
-58
-105
-107
-99
-79
-26
4
31
42
0
-45
-101
-162
-179
-166
-134
-77
-13
67
88
48
8
-59
-129
-153
-158
-137
-51
45
115
189
204
145
92
46
-41
-104
-103
-89
-47
20
72
111
109
59
1
-61
-95
-90
-81
-43
25
60
92
126
97
35
-17
-52
-48
-38
-7
78
139
166
195
158
77
27
-32
-92
-88
-49
8
88
138
139
104
58
7
-56
-90
-81
-61
-39
3
36
27
-8
-57
-117
-176
-196
-161
-119
-76
-12
36
49
53
25
-32
-89
-135
-164
-145
-105
-61
1
57
77
57
17
-49
-90
-114
-142
-103
-31
17
79
115
81
62
41
12
9
18
65
104
133
182
187
151
136
89
24
3
-3
-4
19
67
95
81
70
50
-12
-76
-118
-128
-107
-68
-9
36
61
75
36
-33
-84
-125
-143
-119
-66
1
67
104
102
77
30
-23
-61
-75
-77
-51
9
34
30
39
40
19
-5
-48
-79
-77
-67
-30
4
20
52
70
40
-9
-67
-136
-170
-163
-156
-125
-60
-18
-4
6
-4
-45
-73
-54
-47
-62
-26
27
45
77
105
87
88
98
69
49
34
-10
-12
10
5
7
21
33
57
63
44
44
33
19
44
63
48
46
71
60
53
63
37
36
49
-10
-43
-22
-46
-47
-8
-6
-4
10
-19
-75
-109
-126
-135
-118
-78
-44
24
91
90
92
74
25
18
3
-39
-26
-8
-13
32
77
68
57
41
-1
-34
-42
-44
-42
-6
41
65
89
90
62
36
-17
-54
-36
-30
-10
71
110
104
120
88
-10
-71
-94
-132
-119
-56
-26
13
52
48
49
32
-21
-56
-82
-111
-104
-77
-48
-1
30
21
9
-17
-74
-116
-128
-134
-114
-39
15
17
39
42
-15
-50
-50
-60
-50
-16
13
44
74
101
101
73
61
56
24
-17
-15
9
15
41
73
72
82
75
21
-42
-87
-104
-103
-76
-30
16
67
119
123
100
72
14
-31
-60
-86
-77
-48
-23
18
37
37
54
55
27
-13
-54
-78
-80
-67
-47
-18
32
90
119
117
81
67
51
-6
-18
-23
-31
12
49
52
58
45
22
20
-3
-39
-51
-28
-14
-17
-1
0
-23
-20
-41
-89
-89
-71
-57
-46
-52
-39
-12
17
28
15
23
35
22
4
-20
-38
-26
-16
-19
-22
-34
-14
5
-8
-17
-14
-18
-18
-6
-26
-53
-33
3
14
25
30
16
11
-1
-24
-17
2
29
80
113
103
104
111
84
46
27
25
29
41
41
29
39
60
56
41
11
-28
-42
-58
-90
-94
-76
-44
-12
-4
-2
-7
-34
-52
-67
-109
-107
-61
-32
-8
7
11
25
17
-3
-18
-52
-55
-33
-60
-66
-37
-37
-19
-5
-18
-7
-6
-12
0
-16
-34
-10
-11
-17
5
5
11
45
42
10
11
10
-9
-22
-26
-35
-29
7
29
30
22
32
37
10
-16
-30
-36
-31
-2
20
35
65
84
77
60
39
2
-10
3
6
3
12
42
56
34
23
12
-41
-63
-71
-100
-70
-12
23
56
74
70
50
4
-35
-59
-78
-41
-2
16
66
89
76
71
47
-4
-29
-43
-75
-71
-24
-2
17
62
74
54
46
8
-44
-49
-49
-36
-2
13
38
44
27
19
-22
-41
-27
-48
-39
-1
-10
0
24
6
0
-13
-26
-6
17
46
68
77
76
47
27
6
-30
-41
-37
-23
1
19
41
56
42
32
24
-3
-20
-34
-43
-29
-30
-14
4
-10
-6
-3
-18
-29
-54
-65
-51
-54
-50
-43
-44
-38
-25
-22
-26
-19
-13
-11
-3
-1
-6
2
7
11
26
30
56
78
63
69
67
45
43
39
23
20
22
20
15
4
6
5
4
23
29
21
39
45
29
27
19
1
-2
-10
-21
-27
-38
-42
-39
-35
-33
-31
-26
-26
-28
-47
-74
-77
-70
-67
-42
-7
18
43
62
57
28
-7
-27
-42
-50
-27
-5
10
41
52
49
42
1
-24
-26
-59
-73
-62
-65
-49
-22
-15
-5
11
18
10
-5
-17
-34
-39
-30
-35
-23
7
30
43
35
21
15
-4
-30
-40
-35
-30
-8
23
31
37
50
54
61
57
46
49
43
49
61
60
65
73
78
82
65
47
31
1
-1
-3
-34
-21
16
15
15
28
21
-5
-16
-25
-65
-77
-52
-39
-16
26
44
48
49
18
-18
-40
-57
-50
-35
-24
3
18
16
22
1
-28
-26
-36
-51
-46
-34
-32
-30
-22
-24
-29
-20
-17
-29
-31
-30
-20
3
11
15
28
31
25
27
18
-4
-10
-4
-9
-10
4
7
10
15
17
20
20
24
12
-3
-2
-7
-9
-11
-25
-21
-14
-13
4
13
24
47
38
19
5
-20
-36
-46
-53
-41
-26
-4
19
19
25
28
14
0
-21
-28
-21
-30
-11
19
32
64
73
34
12
-6
-44
-46
-32
-19
2
13
21
25
21
23
12
3
14
3
-15
-23
-49
-54
-30
-21
-6
19
18
14
7
-20
-41
-54
-42
-33
-29
-4
3
1
18
13
2
7
9
25
33
32
60
72
62
76
77
57
55
34
-1
-8
-8
4
26
25
33
52
36
20
2
-31
-39
-30
-37
-29
-19
-12
-2
-12
-17
-21
-51
-59
-53
-72
-73
-58
-62
-58
-44
-47
-42
-24
-10
1
7
5
8
23
24
16
26
34
38
41
35
29
37
43
42
38
29
27
22
6
-10
-9
0
12
20
7
-15
-19
-24
-36
-40
-27
-5
21
39
38
19
6
5
-11
-21
-16
-12
6
20
10
15
14
10
25
11
5
21
9
5
2
-22
-22
-23
-32
-30
-45
-51
-39
-39
-33
-23
-16
-4
3
-10
-26
-35
-42
-32
-21
-24
-11
18
22
22
26
8
2
6
0
-7
-13
-9
-3
0
5
10
24
35
25
27
17
-6
-2
4
9
26
37
43
54
49
38
30
20
20
22
32
37
32
42
36
8
7
4
-14
-4
-4
-17
0
6
1
11
10
-5
-6
-12
-31
-32
-32
-33
-5
13
15
28
25
9
4
-17
-43
-42
-41
-45
-36
-27
-25
-13
-8
-15
-23
-27
-28
-34
-35
-32
-18
12
27
28
34
24
5
0
-17
-35
-20
0
6
25
34
15
7
-1
-33
-58
-53
-44
-26
8
27
37
43
33
11
-20
-41
-43
-38
-22
14
48
73
91
91
61
27
4
-26
-49
-49
-30
8
47
75
90
80
56
24
-32
-78
-91
-96
-72
-24
-5
14
35
14
-14
-51
-101
-109
-97
-82
-29
27
60
96
109
79
38
-2
-46
-76
-80
-56
-10
43
88
109
104
78
31
-28
-78
-106
-107
-72
-22
24
68
92
98
80
33
-21
-52
-71
-74
-45
-14
22
63
89
83
46
3
-32
-61
-82
-78
-50
-8
43
85
100
90
81
54
-2
-41
-51
-56
-40
-1
20
31
62
65
21
-14
-36
-65
-59
-41
-44
-25
-5
-7
-9
-26
-50
-53
-55
-61
-60
-46
-39
-32
-16
-10
-13
-2
3
-17
-22
-21
-28
-17
-4
8
27
28
21
16
-3
-26
-27
-33
-43
-19
4
1
23
39
23
34
47
26
21
33
25
33
58
67
77
97
103
100
97
77
55
47
33
21
28
34
32
52
51
23
16
3
-32
-43
-38
-51
-35
-3
-4
7
21
7
-6
-22
-53
-69
-76
-84
-77
-60
-44
-20
3
-4
-15
-25
-53
-74
-75
-81
-85
-62
-35
-24
-13
1
4
1
10
8
-5
-6
2
1
5
14
22
35
40
42
36
26
23
27
23
24
44
48
47
51
38
21
15
5
-9
-17
-7
3
5
17
28
29
34
36
20
5
-3
-9
-12
-19
-17
-5
0
4
8
-1
-12
-14
-19
-30
-35
-31
-27
-19
-9
-9
-7
-5
-7
-8
-14
-18
-14
-14
-14
-3
2
5
17
14
6
0
-12
-18
-25
-26
-13
-3
9
25
23
16
18
6
-6
-7
-12
-8
1
6
10
9
8
6
5
0
0
-2
-4
8
13
13
25
34
35
44
42
26
17
12
4
-2
-5
-9
-7
-4
-5
-6
-8
-5
-4
-7
-15
-25
-24
-28
-31
-27
-24
-24
-16
-18
-33
-35
-37
-41
-36
-27
-24
-17
-9
-12
-15
-17
-18
-16
-16
-12
-6
-2
7
12
15
17
13
17
13
4
2
-6
-14
-14
-21
-24
-18
-16
-7
0
1
7
12
11
11
10
9
20
27
28
33
41
43
39
37
30
20
17
16
13
16
23
30
27
21
16
2
-13
-22
-32
-36
-26
-13
-2
8
18
16
6
0
-13
-30
-33
-28
-21
-10
2
13
21
23
23
14
5
2
-2
-10
-12
0
9
22
32
36
35
33
25
12
0
-4
-1
-3
3
6
-3
-11
-18
-34
-42
-42
-41
-27
-14
-8
-7
-10
-24
-39
-50
-58
-57
-45
-30
-14
3
15
23
29
26
15
12
5
-4
-10
-6
-3
7
24
33
39
37
34
32
21
8
6
0
-5
0
-4
-11
-13
-16
-22
-24
-26
-27
-27
-22
-17
-17
-12
-2
-2
2
10
0
1
8
-1
4
14
13
26
42
37
38
44
31
23
20
6
0
5
0
-1
-2
-8
-6
-10
-16
-16
-16
-15
-6
1
4
12
17
18
14
5
0
-9
-11
-5
-1
14
30
40
50
51
37
27
20
5
2
9
9
19
39
42
40
38
25
13
0
-10
-17
-16
-9
-1
5
3
-1
-13
-26
-39
-49
-52
-46
-31
-16
-3
6
9
9
-1
-8
-14
-18
-9
5
12
25
35
33
28
14
-1
-10
-13
-6
3
12
22
22
14
-2
-25
-42
-55
-60
-53
-39
-23
-4
11
13
4
-9
-29
-48
-54
-56
-40
-7
24
52
71
70
48
22
-10
-40
-48
-42
-23
10
40
61
72
67
40
14
-13
-39
-46
-39
-23
3
32
45
52
46
23
-6
-32
-54
-65
-58
-44
-26
-6
8
7
-4
-19
-40
-53
-57
-57
-43
-24
-5
14
23
15
6
-6
-22
-31
-34
-30
-14
7
22
32
39
38
25
10
-8
-26
-28
-28
-22
-10
2
14
25
24
12
5
-1
-4
-3
0
7
21
37
43
41
39
38
36
34
26
18
22
25
22
25
24
21
24
21
8
0
-1
-5
-4
-5
-9
0
7
7
5
2
0
2
5
0
-3
5
10
9
7
-2
-10
-7
-12
-21
-23
-20
-14
-6
-8
-16
-17
-18
-22
-26
-33
-34
-27
-18
-19
-21
-18
-23
-23
-22
-30
-30
-16
-8
-4
2
2
4
8
1
-4
-3
1
10
14
13
17
21
24
23
14
9
10
11
12
9
11
19
24
22
17
11
4
4
2
-2
0
9
19
19
16
8
0
-3
-11
-20
-23
-19
-11
-7
-4
-3
-3
-3
-10
-19
-24
-25
-19
-13
-9
-1
9
14
14
9
0
-5
-8
-11
-17
-13
-3
4
14
14
10
9
3
-7
-18
-24
-27
-21
-13
-12
-3
5
11
12
13
6
2
7
6
5
14
23
30
41
46
44
46
49
42
39
38
35
42
44
39
33
26
15
2
-5
-14
-20
-16
-13
-13
-8
-2
-2
-2
-4
-11
-16
-16
-18
-20
-19
-17
-6
5
10
17
17
17
19
18
13
5
-2
-10
-12
-10
-4
-1
0
-3
-11
-16
-21
-27
-33
-40
-49
-53
-56
-56
-56
-58
-54
-49
-50
-50
-47
-40
-28
-18
-12
-15
-19
-18
-16
-13
-7
-2
2
9
9
4
-3
-7
-8
-5
3
9
11
13
11
6
2
-3
-4
-4
-3
2
7
12
14
13
12
9
5
2
-2
-4
-3
0
7
15
19
17
12
-3
-21
-35
-48
-54
-52
-42
-27
-13
-7
-11
-23
-38
-49
-49
-44
-35
-26
-27
-30
-35
-45
-47
-43
-37
-27
-20
-10
3
18
34
43
45
39
29
18
8
0
1
26
95
210
331
411
416
343
245
172
146
162
187
197
202
213
235
252
235
175
92
18
-21
-20
-11
-14
-34
-71
-106
-134
-163
-196
-222
-242
-244
-227
-210
-193
-180
-179
-181
-189
-209
-226
-242
-249
-246
-245
-248
-261
-270
-268
-253
-237
-226
-218
-211
-191
-162
-127
-95
-66
-41
-8
23
51
72
82
86
94
106
118
132
145
158
169
185
193
190
182
172
170
174
181
177
167
153
141
139
139
141
136
132
127
127
128
127
124
116
108
100
90
79
62
39
15
-12
-35
-54
-75
-95
-114
-130
-141
-149
-154
-154
-159
-164
-167
-169
-165
-154
-141
-131
-117
-101
-84
-69
-60
-59
-59
-52
-41
-20
0
13
16
14
11
12
17
24
33
44
60
75
89
97
93
82
75
74
82
98
112
123
128
130
131
126
118
104
90
82
76
72
66
60
53
47
43
36
30
19
4
-9
-18
-22
-27
-35
-42
-50
-55
-60
-68
-76
-84
-82
-72
-59
-53
-48
-45
-41
-35
-35
-40
-51
-61
-69
-69
-60
-48
-37
-32
-36
-39
-40
-43
-45
-46
-47
-37
-20
-2
8
13
14
10
4
-7
-15
-21
-16
-2
16
38
57
69
72
69
61
52
47
41
39
45
54
62
58
45
29
18
15
12
2
-6
-6
6
25
37
31
14
-9
-29
-38
-37
-35
-31
-28
-29
-25
-19
-20
-30
-44
-56
-55
-41
-27
-15
-9
-5
3
9
7
0
-10
-14
-10
0
10
14
16
20
22
29
34
32
23
14
10
15
28
35
31
17
3
-10
-10
-9
-6
-4
-7
-6
-2
8
19
27
24
15
6
-3
-1
1
-1
-8
-18
-21
-20
-13
-8
-11
-17
-22
-21
-13
0
4
3
-3
-12
-16
-18
-18
-12
0
14
30
38
31
19
5
-2
-1
2
4
1
6
16
31
42
41
26
6
-10
-16
-16
-11
-9
-4
6
19
31
31
19
-3
-16
-23
-20
-18
-19
-20
-18
-9
0
5
-3
-18
-33
-44
-50
-49
-49
-47
-40
-34
-25
-20
-19
-24
-33
-46
-58
-67
-66
-59
-39
-15
4
14
8
-2
-13
-22
-23
-25
-26
-22
-9
10
28
37
33
15
-4
-14
-6
17
44
63
71
74
79
84
87
82
65
48
31
22
24
34
45
53
56
51
41
26
9
-11
-27
-40
-46
-42
-30
-12
6
17
11
-13
-44
-72
-78
-68
-45
-24
-13
-6
-6
-8
-15
-30
-45
-60
-67
-59
-44
-27
-15
-12
-14
-19
-20
-20
-17
-10
-1
13
22
26
24
24
34
43
46
37
21
11
11
24
36
37
32
26
28
38
46
42
28
14
13
23
36
44
39
31
26
30
38
45
47
45
48
56
64
68
64
53
44
31
16
-4
-26
-41
-48
-47
-41
-39
-40
-43
-47
-49
-56
-67
-75
-82
-82
-76
-69
-63
-63
-63
-63
-63
-60
-55
-57
-54
-54
-52
-46
-42
-31
-16
-3
6
7
6
4
7
13
14
15
17
28
48
71
84
86
78
70
69
75
80
75
61
41
26
19
17
13
9
9
17
33
42
41
24
3
-14
-20
-18
-17
-16
-17
-15
-8
-2
-2
-10
-22
-26
-23
-12
-6
-7
-16
-31
-41
-44
-47
-46
-46
-46
-43
-41
-37
-39
-43
-50
-57
-54
-43
-23
-2
14
19
13
-1
-13
-17
-13
-1
8
13
16
21
32
36
39
32
23
20
25
39
51
54
45
31
20
19
28
41
51
54
53
48
43
37
31
21
17
16
20
23
25
20
11
3
-3
-7
-9
-8
-5
4
10
14
7
-5
-14
-12
1
14
17
5
-15
-30
-34
-25
-14
-4
0
5
13
21
20
11
-9
-26
-32
-20
2
21
28
20
4
-12
-19
-19
-11
-4
4
10
13
12
0
-18
-36
-48
-50
-41
-28
-20
-21
-25
-33
-36
-34
-34
-34
-35
-34
-31
-36
-47
-63
-75
-76
-64
-40
-18
-1
7
10
14
19
23
16
2
-12
-18
-6
19
42
57
63
62
64
68
70
68
63
57
59
69
80
83
71
48
21
4
3
10
21
28
27
26
21
15
5
-10
-26
-43
-48
-45
-36
-26
-25
-31
-42
-51
-57
-61
-64
-66
-68
-64
-54
-36
-17
-7
-5
-13
-29
-44
-58
-68
-70
-68
-58
-40
-20
1
17
27
37
43
48
46
40
35
35
42
50
51
43
27
13
9
15
34
53
69
79
82
75
56
28
-7
-41
-67
-77
-69
-46
-15
14
35
39
32
14
-6
-23
-32
-34
-31
-25
-19
-14
-11
-15
-23
-34
-48
-59
-62
-60
-52
-41
-29
-15
-2
6
7
-2
-16
-35
-47
-47
-37
-13
15
44
64
72
69
54
34
16
5
4
13
28
40
46
42
31
19
9
7
12
21
31
40
47
47
42
33
22
17
19
29
42
50
50
44
38
36
39
38
30
16
-6
-24
-37
-41
-38
-34
-26
-16
-7
0
-1
-16
-39
-67
-87
-94
-86
-69
-47
-31
-20
-16
-16
-16
-18
-19
-19
-20
-20
-15
-12
-11
-16
-22
-26
-23
-15
-3
5
8
8
4
0
-4
-5
-3
2
7
12
18
23
27
29
28
27
28
32
41
49
55
52
45
38
39
47
52
50
38
21
11
9
12
11
2
-13
-22
-19
-6
10
21
25
21
18
15
8
-5
-27
-49
-65
-64
-51
-28
-4
14
25
25
17
3
-14
-28
-36
-39
-38
-35
-30
-27
-29
-32
-37
-37
-35
-27
-17
-9
-2
0
3
6
11
20
29
39
43
39
26
8
-5
-7
8
34
59
78
83
73
52
24
-6
-32
-43
-37
-14
18
42
50
37
12
-15
-35
-45
-48
-47
-47
-41
-31
-15
2
16
29
38
45
47
42
28
7
-15
-29
-29
-17
3
21
32
31
23
12
5
0
-3
-4
-7
-9
-12
-18
-30
-48
-68
-79
-78
-61
-39
-18
-5
-3
-8
-18
-30
-39
-44
-42
-33
-21
-11
-6
-4
-4
-5
-8
-11
-14
-16
-13
-5
4
14
19
21
23
24
26
20
8
-12
-33
-50
-55
-46
-30
-8
12
28
34
37
32
17
1
-20
-28
-23
-4
23
43
54
51
44
39
40
48
59
70
81
87
86
76
57
35
15
3
7
23
47
67
72
62
35
4
-19
-31
-31
-23
-14
-5
2
2
-3
-20
-41
-60
-68
-62
-50
-37
-30
-28
-29
-31
-32
-37
-38
-37
-35
-37
-43
-55
-64
-60
-49
-34
-25
-25
-29
-31
-28
-26
-27
-30
-22
-1
29
57
64
51
29
10
2
-1
0
2
11
31
54
72
76
71
63
62
60
52
33
7
-14
-29
-37
-46
-55
-53
-33
3
43
65
68
51
29
9
-12
-34
-54
-66
-60
-43
-25
-13
-12
-12
-14
-17
-20
-29
-34
-35
-31
-27
-32
-40
-45
-38
-22
-6
2
-1
-1
5
21
34
38
34
30
35
45
54
57
56
56
60
64
64
57
44
34
31
32
29
23
17
19
23
26
20
5
-7
-14
-9
-2
0
-1
-6
-9
-10
-12
-17
-27
-36
-38
