SAMPLES:	12667
BITSPERSAMPLE:	16
CHANNELS:	1
SAMPLERATE:	16000
NORMALIZED:	FALSE
0
0
0
-1
-1
-2
-2
-2
-2
-2
-2
-1
-2
-2
-2
-1
-1
-1
-1
-1
-1
-2
-2
-2
-2
-3
-2
-1
-1
-1
0
-1
-1
-1
-1
-1
-1
0
0
0
1
1
1
1
1
1
0
0
0
1
0
0
0
0
0
0
0
-1
0
0
1
0
0
0
0
0
0
0
1
1
1
2
1
1
1
0
1
1
2
1
1
1
0
0
0
0
0
0
0
0
1
2
1
0
1
1
1
0
0
0
0
0
1
1
1
1
1
1
1
1
2
2
2
2
2
2
-1
1
1
1
1
1
1
1
1
1
2
2
1
2
1
0
0
0
0
-1
-1
-1
-1
0
-1
0
0
-2
-1
-2
-2
-1
0
-1
0
0
1
-1
1
1
1
0
0
1
0
0
2
1
0
0
-1
-1
-2
-2
-1
-1
-1
-1
-1
0
1
0
0
0
0
0
0
0
0
0
2
1
2
1
1
2
1
2
2
1
2
3
2
3
3
4
4
4
3
3
4
4
4
4
5
5
5
4
3
3
3
2
2
2
2
2
1
2
1
0
0
0
-1
-1
-1
-1
-1
-1
-1
-1
-2
-2
-2
-2
-3
-3
-3
-2
0
-1
-2
-1
-1
-2
-1
-1
-1
0
-1
-1
-1
-1
0
0
0
0
0
-1
-1
-1
-1
-1
-1
-1
0
-1
0
0
-1
-1
-2
-2
-2
-1
0
0
0
-1
0
0
-1
0
-1
-1
-1
-1
-1
-1
0
-1
0
-1
1
1
1
1
1
1
2
2
2
3
4
3
3
3
1
2
2
1
2
2
1
2
1
1
1
1
1
1
0
1
0
0
1
0
1
1
0
2
1
1
1
1
1
1
0
0
-1
-1
-1
-1
-1
-2
0
-1
0
0
1
1
1
2
1
3
2
2
2
2
1
0
1
1
1
1
-1
-2
-2
-3
-3
-2
-2
-2
-1
-1
1
0
0
-1
-1
-1
-1
-2
-2
-2
-3
-3
-3
-3
-3
-3
-4
-3
-3
-3
-2
-2
-2
-1
-2
0
0
0
1
1
0
-1
0
0
0
0
0
0
0
0
-1
-1
-1
-1
-1
-1
-1
-1
0
0
-1
-2
-1
0
0
1
1
1
2
2
2
2
2
2
2
1
1
0
-1
-1
0
0
-1
1
2
1
2
2
3
3
3
3
3
3
2
2
2
1
1
-1
-1
0
0
-1
-1
0
-1
0
1
0
0
1
1
2
2
4
4
3
3
4
3
2
1
0
0
0
-1
-1
-1
-1
1
1
1
2
2
3
2
3
3
3
3
3
3
2
1
1
0
0
1
1
1
1
1
2
3
1
2
2
2
2
2
2
1
2
1
2
1
1
1
-1
-1
0
1
-1
-1
-1
0
0
0
1
1
0
0
0
0
0
0
2
1
1
0
-1
-1
-2
-1
-2
-3
-3
-3
-3
-1
-1
-2
-2
-1
0
1
1
0
1
-1
-1
-2
-2
-2
-2
-1
-1
-2
-2
-1
-1
0
1
0
0
0
0
0
0
1
0
0
-1
-2
-2
-4
-4
-3
-2
-2
-2
-4
-4
-4
-3
-3
-2
-2
-2
-1
-1
-2
-3
-3
-5
-4
-2
-3
-1
0
-1
0
-3
-5
-5
-4
-3
-3
-2
-2
-3
-2
-1
-1
0
-1
-3
-3
-2
-4
-2
-2
-2
-1
-1
-1
2
2
2
2
-2
-3
-3
-3
0
0
-1
-2
-4
-3
-3
-3
-1
-1
-2
0
-3
-5
-2
-2
-3
-2
-3
-4
-2
-2
-2
-2
-2
-5
-5
-5
-5
-2
1
1
0
-2
-3
-3
-1
0
1
2
2
1
1
2
3
4
2
1
-1
-2
-2
0
0
1
3
3
3
6
5
5
4
1
-2
-3
-1
3
6
7
6
1
-1
0
-1
4
6
4
5
4
0
2
4
2
3
1
-1
1
3
6
5
2
-1
-5
-6
-2
0
2
2
-1
-4
-4
-5
-3
0
-2
-2
-5
-7
-4
2
3
3
0
-6
-5
-1
-3
-1
-1
-5
-4
-2
-1
5
5
3
-1
-8
-7
-4
-1
6
5
2
3
0
2
4
2
4
3
0
-2
-1
-2
3
3
0
0
0
-1
2
5
3
8
5
-1
-3
-6
-1
6
3
5
1
2
6
2
0
-2
-2
2
2
-2
-4
-3
5
8
8
4
-2
0
0
5
9
5
8
5
-4
-1
-1
6
17
10
4
-2
-6
3
6
8
5
-2
0
-1
1
6
8
12
5
-3
-4
-2
7
6
1
4
-2
3
7
-3
2
4
5
9
-1
-7
-1
5
8
1
-4
-5
-3
7
4
-1
-1
1
6
3
-5
-4
-2
5
6
2
4
-1
-2
0
-7
-5
-1
-4
2
-2
-2
0
-2
-2
-2
1
-2
-12
-9
-3
5
11
0
-5
-14
-10
9
3
1
-3
-8
7
2
-6
0
-4
1
3
-4
-3
-6
-4
4
1
1
6
3
3
5
-15
-16
3
-7
1
29
10
-15
-11
-12
-1
14
10
11
-3
-27
-6
1
-1
17
7
5
3
-19
-25
-9
2
-3
15
-1
-33
-7
0
3
6
-4
8
-20
-39
-6
-5
10
35
3
-22
-5
0
1
33
6
-46
-22
-24
-12
48
33
33
11
-67
-44
-7
18
49
13
-22
-17
3
-15
-6
44
-9
-18
31
-13
-16
8
-14
-6
-3
-4
15
20
9
2
-9
-19
-21
-14
7
4
9
16
-6
-4
1
-9
1
-17
-17
30
22
-9
-19
-21
-9
22
48
2
-17
-11
-31
24
23
-19
2
-36
1
43
-4
42
-3
-39
12
-31
1
17
-41
9
45
21
9
-12
-26
0
25
11
14
19
-16
-23
16
12
-24
27
23
-23
25
-1
-22
7
-33
-2
14
-11
31
10
-16
28
28
-8
-11
16
-3
-20
-10
-14
-7
42
88
13
-39
-4
-64
-44
69
54
12
-9
-11
-17
-17
20
-43
-23
76
7
28
32
-106
-31
10
-40
83
75
-25
-1
-19
-33
40
32
-27
-15
-41
-34
80
45
-7
26
-44
-45
26
32
50
42
-2
-44
-37
-26
-67
9
67
-12
14
13
-76
-56
-59
-61
15
16
75
106
-36
-51
-2
-32
66
107
-30
-34
37
9
11
29
-26
-65
-42
-16
17
72
44
-75
-105
-87
-95
7
79
26
59
-30
-92
97
-30
-91
142
-51
-47
213
28
-15
90
-41
-46
32
9
-23
-21
-16
-30
-29
-25
-46
-63
-38
-55
-42
69
17
-41
54
3
-52
46
72
25
-3
20
60
64
82
50
-48
-78
-29
16
5
-8
-4
-39
-54
-9
-9
-29
-44
-93
-80
-3
-16
-6
50
-7
17
97
28
0
8
-14
44
66
41
22
4
17
12
20
9
-35
-14
-61
-107
-39
3
-2
8
36
-23
-77
8
65
22
-7
-51
-56
25
76
110
75
-42
0
35
15
81
-2
-97
-32
-1
8
33
40
7
-34
-75
-97
-77
-58
42
72
5
46
20
-18
34
-12
-16
54
50
79
95
27
4
-43
-87
-16
8
6
16
-7
-48
-39
18
-52
-49
31
-64
-23
41
-41
16
47
27
70
40
20
-6
-32
32
23
35
59
-20
30
68
-52
-55
-26
-61
-35
6
-25
-30
-24
-58
-44
-8
44
19
-19
24
-25
47
95
-8
64
53
40
37
-67
28
3
-81
71
33
-58
-10
-71
-86
-17
-53
6
65
-57
-66
-111
-31
195
111
-45
-78
-120
-20
66
78
100
25
-11
26
7
29
29
-49
-38
-46
-85
65
86
-73
-27
-58
-165
-106
-93
46
163
54
43
-36
-42
47
36
62
-3
43
115
-14
-22
-1
-107
-105
-38
16
15
-38
-41
-30
-89
11
6
-12
225
83
-8
72
-80
76
60
-117
-75
-160
12
216
98
-3
-86
-162
-121
-88
-84
-21
131
125
-86
-79
75
17
37
217
63
-95
81
97
17
85
-39
-97
2
7
66
7
-59
-91
-176
-147
-190
-163
79
78
-38
85
94
66
129
72
82
56
-51
6
84
123
135
45
-4
-68
-48
-57
-94
-49
-58
-27
-48
11
74
-36
-43
0
16
35
-72
-130
-8
115
113
37
-76
-65
135
114
-2
-47
-20
125
39
-41
9
37
157
13
-147
-69
-80
-9
18
-101
-100
-40
2
-5
139
119
-148
-130
-46
21
141
181
77
6
-4
-43
13
-17
22
53
-201
-58
153
31
58
-56
-164
68
125
-84
-132
-61
95
-8
-201
44
21
-62
102
56
-65
-26
121
-11
19
100
-9
125
27
-34
111
-44
15
35
-82
-47
-105
-113
-42
7
-9
-6
-21
-58
0
59
69
72
78
-62
-81
-62
-131
106
251
47
39
-34
-77
82
103
16
-121
-86
-58
-76
-78
-85
114
58
-51
-31
-95
61
-51
-105
58
-145
139
310
-14
95
39
-67
29
-5
-30
-92
-135
-81
-98
128
238
23
-35
-139
12
278
125
-100
-122
1
35
-12
17
-52
-135
-80
-125
-162
-115
-166
-110
35
39
164
141
52
233
209
75
-28
-138
103
202
-93
10
150
-14
84
-36
-118
2
-218
-209
-31
-99
96
183
-57
-163
-143
-115
34
101
123
136
-49
-62
-21
-101
34
86
90
140
6
-35
130
87
21
39
-74
-36
211
108
-114
-134
-233
-160
-6
-19
22
-58
-62
-79
-159
73
158
110
146
-37
-143
-58
115
215
82
-20
-12
67
44
-57
-82
-88
24
32
-32
61
-21
-54
78
63
-66
-65
-27
-80
-129
-88
8
51
140
172
-6
-36
106
16
-144
-179
-157
-66
129
78
36
161
42
28
45
-92
-124
-10
47
53
50
52
99
21
-83
-95
-56
49
111
57
-171
-157
15
-149
80
201
-127
-16
-78
-169
64
78
89
148
158
-7
-66
31
-25
-57
-34
-43
-33
27
47
-1
-18
24
-82
-98
-125
-183
94
325
246
116
-107
-150
-40
-135
31
148
-123
-131
-91
-161
107
213
-35
-17
75
100
135
-14
-30
17
-56
-9
-31
-36
132
54
-129
-22
-40
-112
-38
-46
-28
-30
-28
138
82
-16
132
124
33
56
-26
-203
-284
-220
-25
74
56
82
126
162
112
68
3
-117
-135
-46
70
-52
10
135
-74
-34
101
91
118
29
-196
-231
-51
-127
-66
215
207
136
40
3
11
33
4
-235
-248
-206
-107
74
22
132
247
143
152
66
-52
-72
-107
-130
-66
-118
-69
174
161
260
235
-56
-77
-81
-104
-202
-109
29
-27
132
71
-63
17
-42
-79
-8
60
-3
-23
-19
-101
-59
41
36
49
164
213
66
64
50
-100
-85
-169
-147
-15
-106
-26
100
15
-9
27
45
48
32
-16
-70
0
124
112
101
101
-71
-63
-54
-126
-60
-140
-210
-100
-33
29
24
-106
16
210
140
155
208
89
104
149
-5
-149
-133
-158
-135
-32
-38
26
57
-63
-67
-12
-8
51
75
58
53
15
4
-28
-85
-67
-64
-75
-83
-33
37
34
42
-38
-11
76
35
20
80
146
139
54
18
-16
-89
-99
-76
-83
-117
-191
-184
-71
40
110
58
53
47
-25
-13
-38
-2
36
3
45
0
-50
56
98
48
69
38
64
147
48
-8
-40
-138
-172
-142
-105
-53
-36
-49
-64
-77
8
97
78
35
25
54
103
100
125
112
50
-19
-94
-105
-81
-53
-15
-29
-3
64
116
149
105
42
-27
-55
-68
-57
1
-7
-14
-11
-35
-37
-35
-30
-6
2
0
1
-14
25
65
25
52
41
-11
-2
-23
-15
54
100
98
37
0
23
49
62
102
46
-23
-20
-51
-57
-81
-130
-151
-152
-133
-100
-65
-19
35
37
59
120
117
109
141
110
74
85
60
21
28
10
-9
-27
-52
-64
-121
-161
-131
-116
-114
-92
-74
-36
16
92
142
152
157
120
82
71
77
47
12
-24
-50
-30
-39
-38
-35
-56
-74
-111
-105
-79
-40
12
39
52
67
90
116
140
141
128
109
55
9
-29
-54
-56
-56
-32
-36
-36
-8
-11
-6
-5
-9
-10
-33
-10
7
-6
23
37
22
51
86
81
84
76
29
11
29
4
-14
-17
-49
-28
-33
-32
-2
9
57
92
91
73
42
7
-62
-126
-181
-206
-183
-147
-101
-64
-42
-17
2
40
39
19
-15
-63
-80
-71
-54
-33
2
39
29
7
-9
-73
-133
-185
-241
-259
-283
-270
-209
-133
-20
88
148
168
178
142
87
26
-72
-140
-191
-225
-209
-169
-113
-36
42
79
110
137
118
122
138
106
93
97
103
133
140
138
161
164
151
152
107
54
36
-10
-43
-28
3
61
99
116
173
225
249
286
284
266
272
248
218
223
243
257
304
335
332
367
364
322
296
247
191
126
74
36
-7
-23
-64
-109
-112
-96
-107
-131
-131
-166
-193
-224
-254
-235
-246
-278
-305
-357
-404
-456
-483
-507
-519
-506
-524
-518
-499
-503
-524
-590
-640
-662
-709
-756
-822
-931
-1003
-1030
-1045
-1030
-996
-946
-889
-858
-844
-810
-788
-799
-787
-801
-844
-857
-909
-992
-1062
-1154
-1242
-1340
-1369
-1133
-642
-33
677
1355
1957
2561
3119
3530
3760
3783
3539
3071
2489
1932
1466
1024
639
268
-110
-332
-390
-406
-420
-398
-426
-517
-558
-534
-414
-241
-58
124
279
469
756
1007
1150
1261
1252
1115
1006
882
732
586
427
210
-8
-155
-228
-191
-206
-266
-297
-418
-503
-527
-540
-490
-450
-422
-403
-290
55
486
837
1067
1108
1023
998
944
781
605
316
-27
-327
-589
-624
-521
-502
-526
-613
-759
-738
-695
-798
-856
-962
-1149
-1242
-1281
-1201
-981
-835
-787
-788
-876
-879
-774
-811
-930
-1066
-1256
-1379
-1398
-1392
-1372
-1366
-1445
-1580
-1712
-1796
-1816
-1891
-2029
-2179
-2329
-2402
-2355
-2256
-2175
-2128
-2160
-2320
-2497
-2425
-1814
-715
423
1445
2427
3361
4448
5583
6354
6647
6537
6083
5250
4225
3383
2695
1833
831
-41
-804
-1226
-1122
-964
-1025
-1094
-1103
-1147
-1127
-874
-505
-283
-159
23
168
434
1068
1668
1901
1987
2028
1931
1806
1725
1533
1127
609
114
-379
-747
-783
-696
-815
-989
-1058
-1072
-971
-793
-658
-669
-717
-698
-688
-569
-287
17
202
228
280
381
519
678
718
576
351
213
71
-58
-54
-72
-150
-259
-334
-310
-194
-6
76
49
-1
-30
48
144
213
274
289
274
282
371
499
581
554
428
297
166
46
-45
-169
-341
-521
-696
-840
-893
-892
-890
-902
-974
-1049
-1055
-1051
-1009
-970
-1024
-1038
-974
-892
-746
-581
-451
-419
-453
-508
-612
-720
-841
-1010
-1235
-1477
-1666
-1747
-1752
-1711
-1648
-1663
-1726
-1707
-1666
-1674
-1638
-1658
-1807
-1913
-1932
-1915
-1873
-1874
-1961
-2146
-2247
-1833
-825
314
1373
2400
3234
4105
5186
6015
6385
6339
5877
5020
3926
2981
2298
1558
658
-122
-799
-1254
-1088
-717
-658
-693
-647
-683
-733
-546
-226
-48
-16
48
159
336
824
1453
1739
1708
1658
1546
1311
1137
940
473
-118
-593
-994
-1259
-1241
-1078
-1035
-1077
-1052
-928
-713
-502
-356
-378
-514
-524
-416
-305
-106
167
318
370
465
632
833
979
973
789
490
240
120
14
-115
-185
-260
-358
-361
-221
2
212
351
348
251
235
336
432
450
410
365
324
339
428
538
611
543
364
187
46
-19
-82
-242
-453
-638
-719
-731
-720
-716
-767
-874
-999
-1084
-1140
-1186
-1195
-1258
-1387
-1435
-1369
-1241
-1124
-1000
-887
-840
-778
-701
-657
-642
-700
-827
-1005
-1156
-1201
-1170
-1141
-1155
-1179
-1204
-1215
-1186
-1162
-1214
-1343
-1489
-1625
-1722
-1745
-1739
-1742
-1770
-1852
-1930
-2013
-2128
-2103
-1639
-730
260
1159
2073
2957
3934
4992
5686
5910
5796
5354
4597
3686
2852
2129
1337
437
-298
-817
-1072
-893
-652
-677
-718
-623
-533
-423
-190
39
150
196
292
478
751
1199
1655
1784
1737
1754
1716
1563
1370
1050
537
-22
-437
-747
-1002
-1064
-1000
-1037
-1098
-983
-746
-510
-288
-177
-207
-260
-240
-124
-41
2
109
180
187
277
428
515
536
440
195
-28
-144
-241
-336
-462
-589
-601
-581
-506
-274
-54
101
266
337
353
477
608
607
531
424
317
307
325
285
242
203
125
37
-52
-144
-195
-316
-564
-772
-926
-1032
-1047
-1055
-1123
-1165
-1087
-993
-919
-838
-825
-834
-848
-902
-886
-793
-713
-645
-580
-502
-374
-215
-133
-142
-177
-300
-472
-599
-741
-907
-1024
-1133
-1229
-1209
-1136
-1075
-1022
-1012
-1006
-990
-995
-1009
-1062
-1134
-1185
-1255
-1321
-1307
-1286
-1291
-1292
-1365
-1523
-1709
-1909
-2022
-1778
-1065
-196
622
1525
2449
3413
4519
5340
5670
5714
5406
4762
3971
3111
2267
1409
420
-490
-1093
-1453
-1466
-1200
-1088
-1052
-810
-538
-309
-7
284
415
458
582
756
969
1326
1662
1750
1694
1629
1532
1368
1108
741
258
-322
-758
-971
-1154
-1258
-1192
-1130
-1084
-886
-597
-343
-77
113
133
98
120
175
195
135
28
-57
-155
-238
-235
-243
-315
-392
-499
-625
-626
-542
-511
-548
-603
-618
-597
-501
-315
-106
126
336
485
642
840
1028
1147
1138
996
836
707
592
481
365
244
110
13
-68
-155
-169
-206
-363
-535
-671
-760
-750
-727
-757
-766
-739
-689
-607
-523
-468
-449
-474
-532
-580
-584
-553
-526
-520
-535
-548
-528
-518
-567
-648
-747
-914
-1116
-1264
-1367
-1429
-1432
-1408
-1354
-1256
-1143
-1020
-898
-831
-787
-715
-700
-743
-757
-813
-914
-917
-913
-1007
-1061
-1105
-1237
-1376
-1503
-1618
-1703
-1815
-1876
-1647
-983
-22
976
1931
2828
3708
4596
5243
5469
5391
5033
4306
3340
2355
1450
663
-64
-743
-1210
-1403
-1317
-1006
-730
-583
-390
-170
-43
74
255
364
385
453
541
643
839
1074
1195
1171
1101
1030
951
809
580
286
-68
-389
-586
-719
-787
-707
-579
-488
-354
-157
40
191
260
216
104
-3
-67
-101
-158
-207
-196
-141
-56
35
145
229
207
135
30
-118
-220
-286
-425
-578
-638
-594
-468
-306
-89
159
342
483
607
657
664
636
478
216
-8
-172
-299
-372
-418
-437
-408
-363
-273
-147
-84
-53
-38
-139
-233
-243
-307
-404
-500
-631
-719
-723
-677
-617
-586
-565
-505
-455
-404
-284
-173
-129
-106
-93
-89
-55
-14
-43
-182
-394
-582
-735
-881
-991
-1086
-1197
-1255
-1214
-1113
-965
-804
-704
-688
-728
-777
-821
-899
-1025
-1192
-1317
-1349
-1326
-1296
-1274
-1196
-1046
-944
-946
-967
-999
-1042
-1054
-1163
-1379
-1412
-1082
-490
181
880
1581
2260
3032
3764
4214
4420
4385
4039
3432
2699
2006
1365
698
26
-522
-869
-955
-728
-425
-242
-23
235
414
587
787
904
897
835
768
734
792
949
1071
1051
974
908
847
761
620
399
44
-357
-630
-804
-948
-986
-945
-939
-872
-661
-414
-153
86
178
181
166
147
165
150
54
-44
-125
-213
-234
-183
-166
-182
-236
-355
-457
-494
-442
-380
-378
-307
-146
13
218
462
606
657
702
623
443
323
178
-9
-142
-258
-293
-182
-69
39
189
246
257
296
225
82
-34
-200
-402
-548
-638
-686
-682
-656
-637
-618
-591
-555
-558
-601
-640
-671
-664
-629
-578
-479
-369
-294
-220
-189
-264
-394
-555
-788
-1025
-1220
-1397
-1483
-1475
-1427
-1326
-1186
-1023
-837
-696
-632
-604
-606
-681
-788
-885
-983
-1050
-1080
-1061
-971
-845
-751
-723
-745
-782
-840
-946
-1109
-1293
-1441
-1578
-1643
-1387
-763
10
828
1608
2306
3079
3893
4459
4656
4527
4145
3587
2933
2266
1655
1059
436
-66
-350
-423
-255
17
167
202
296
443
574
723
824
777
677
671
773
912
1048
1133
1114
998
862
762
616
368
42
-371
-805
-1075
-1133
-1140
-1163
-1121
-1007
-850
-612
-318
-78
76
165
165
108
98
143
143
38
-108
-178
-169
-137
-97
-113
-230
-343
-411
-510
-580
-568
-532
-466
-330
-133
135
428
646
785
859
851
829
761
561
323
109
-107
-272
-342
-326
-261
-174
-58
67
180
291
370
361
289
193
77
-65
-212
-343
-475
-611
-707
-744
-768
-780
-753
-736
-746
-728
-683
-649
-626
-598
-573
-544
-498
-450
-463
-550
-663
-773
-891
-1008
-1092
-1175
-1265
-1302
-1286
-1232
-1109
-949
-802
-695
-624
-557
-475
-437
-463
-546
-672
-781
-862
-950
-1024
-1079
-1139
-1226
-1357
-1486
-1504
-1440
-1424
-1438
-1456
-1375
-958
-257
466
1167
1850
2467
3116
3755
4169
4320
4193
3765
3166
2528
1893
1288
670
-10
-574
-864
-914
-751
-468
-242
-68
194
511
779
1020
1180
1188
1130
1115
1125
1156
1204
1177
1043
871
714
603
487
265
-49
-402
-737
-956
-1028
-1050
-1051
-960
-793
-592
-327
-26
196
306
345
314
235
173
119
8
-143
-253
-309
-300
-244
-171
-101
-76
-88
-104
-114
-143
-159
-147
-156
-127
-6
124
235
368
464
466
450
409
305
200
90
-52
-142
-165
-146
-56
67
169
279
369
378
356
329
254
149
36
-87
-205
-280
-328
-405
-486
-543
-602
-677
-750
-807
-878
-944
-973
-975
-942
-867
-755
-657
-603
-560
-536
-538
-579
-695
-870
-1082
-1277
-1404
-1498
-1582
-1579
-1471
-1327
-1131
-893
-723
-632
-549
-502
-505
-501
-528
-645
-790
-896
-947
-950
-974
-1037
-1108
-1182
-1220
-1182
-1165
-1246
-1241
-963
-451
231
1001
1708
2335
3045
3774
4273
4520
4519
4168
3547
2859
2201
1577
952
316
-237
-608
-723
-560
-302
-116
75
312
516
747
1041
1200
1161
1088
1046
1017
1048
1110
1064
906
745
593
420
233
9
-310
-702
-1028
-1194
-1230
-1211
-1145
-1020
-865
-654
-350
-58
127
230
235
131
34
-12
-97
-256
-422
-537
-569
-506
-384
-257
-172
-145
-113
-68
-60
-45
-42
-133
-226
-208
-129
4
232
414
510
637
745
811
872
793
587
413
218
24
-33
-88
-171
-147
-115
-102
24
161
198
199
145
50
26
33
-13
-84
-169
-265
-320
-346
-407
-495
-611
-794
-990
-1106
-1161
-1182
-1158
-1129
-1094
-999
-858
-717
-610
-581
-631
-717
-813
-896
-969
-1038
-1098
-1133
-1135
-1105
-1046
-969
-889
-827
-819
-838
-820
-808
-850
-901
-985
-1110
-1145
-1100
-1110
-1141
-1155
-1215
-1244
-1205
-1209
-1260
-1280
-1149
-699
25
798
1553
2261
2915
3626
4273
4589
4576
4289
3720
2993
2285
1616
928
247
-356
-790
-961
-836
-549
-305
-136
48
274
532
803
1017
1090
1063
1076
1167
1258
1341
1384
1272
1041
827
626
395
146
-154
-540
-913
-1094
-1083
-995
-875
-722
-570
-385
-109
168
348
426
388
247
82
-14
-41
-96
-215
-312
-356
-354
-259
-157
-162
-200
-233
-281
-271
-184
-53
96
199
320
525
691
813
912
810
581
420
212
-49
-206
-352
-502
-525
-465
-345
-126
88
237
346
362
348
347
250
88
-45
-192
-324
-356
-342
-354
-373
-387
-412
-453
-503
-576
-700
-862
-1017
-1171
-1317
-1388
-1380
-1361
-1336
-1270
-1155
-1025
-920
-835
-750
-676
-613
-579
-597
-640
-700
-761
-823
-896
-922
-905
-973
-1064
-1036
-1027
-1094
-1075
-1045
-1112
-1176
-1262
-1389
-1403
-1337
-1340
-1390
-1416
-1366
-1259
-1240
-1190
-791
-115
604
1379
2174
2879
3604
4309
4670
4721
4659
4291
3565
2830
2197
1539
896
310
-196
-496
-559
-482
-336
-178
-28
122
229
359
619
848
899
962
1158
1340
1491
1650
1671
1537
1367
1072
627
237
-80
-479
-908
-1198
-1320
-1291
-1177
-1051
-878
-657
-442
-216
-6
138
250
281
174
90
111
96
36
-6
-73
-143
-164
-201
-277
-345
-431
-550
-623
-603
-537
-453
-360
-256
-114
63
198
264
298
255
179
184
206
233
338
381
382
529
648
624
628
543
309
149
-8
-223
-319
-372
-469
-486
-448
-355
-167
-53
-33
15
-30
-145
-163
-215
-352
-432
-526
-679
-717
-646
-612
-620
-640
-700
-798
-886
-923
-963
-1054
-1154
-1223
-1239
-1137
-926
-754
-708
-725
-772
-858
-913
-924
-1000
-1139
-1268
-1368
-1375
-1280
-1193
-1154
-1155
-1230
-1330
-1355
-1326
-1322
-1372
-1479
-1636
-1769
-1760
-1677
-1585
-1219
-473
336
1131
2011
2759
3337
3935
4326
4320
4132
3813
3255
2590
2063
1679
1242
770
478
274
57
50
146
27
-92
-36
-65
-71
234
615
824
1046
1373
1629
1787
1916
1903
1628
1247
892
457
-2
-280
-468
-749
-962
-940
-831
-728
-551
-399
-392
-379
-285
-228
-189
-78
20
47
106
268
433
496
481
405
244
68
-56
-197
-362
-488
-608
-678
-617
-455
-180
103
263
421
583
604
617
664
533
365
296
148
58
130
163
165
187
175
178
152
57
-17
-152
-358
-444
-516
-632
-562
-492
-574
-551
-494
-537
-520
-489
-550
-591
-622
-685
-671
-606
-531
-428
-425
-476
-448
-473
-558
-599
-706
-901
-1048
-1150
-1256
-1293
-1306
-1347
-1344
-1286
-1185
-1080
-987
-871
-790
-798
-841
-900
-945
-938
-969
-1039
-1021
-1002
-1054
-1029
-1012
-1115
-1150
-1153
-1327
-1548
-1660
-1839
-2048
-1872
-1202
-270
810
1912
2781
3424
4044
4512
4553
4268
3815
3133
2268
1602
1328
1136
897
749
566
314
278
376
272
87
7
-136
-277
-110
341
797
1156
1481
1710
1803
1906
1955
1736
1331
918
432
-51
-283
-338
-392
-452
-518
-575
-569
-508
-452
-455
-494
-497
-464
-395
-204
61
228
290
277
183
121
95
6
-121
-231
-352
-444
-426
-318
-211
-170
-182
-260
-360
-366
-321
-334
-320
-249
-178
-10
282
553
751
852
812
695
552
398
282
172
46
-24
-39
-17
62
123
99
13
-130
-304
-463
-596
-677
-693
-663
-597
-486
-336
-185
-102
-78
-86
-174
-292
-366
-467
-560
-539
-494
-482
-426
-376
-402
-482
-611
-801
-1041
-1259
-1379
-1481
-1575
-1513
-1393
-1357
-1241
-1095
-1125
-1121
-964
-925
-983
-912
-884
-1033
-1069
-923
-909
-1026
-1010
-1018
-1229
-1315
-1254
-1435
-1630
-1502
-1475
-1718
-1696
-1241
-586
267
1228
1976
2487
2982
3432
3628
3606
3565
3375
2836
2234
1937
1808
1629
1439
1209
851
489
266
92
-78
-109
-23
-48
-104
120
560
917
1166
1400
1502
1406
1300
1251
1142
1016
937
741
422
274
302
218
20
-141
-336
-610
-794
-806
-725
-574
-378
-253
-185
-47
134
227
193
102
8
-107
-243
-302
-243
-181
-162
-149
-182
-236
-219
-201
-243
-243
-201
-181
-91
77
236
421
573
534
422
365
257
136
135
158
145
198
293
329
333
357
336
179
-12
-98
-185
-340
-406
-379
-436
-495
-451
-469
-561
-564
-551
-648
-734
-725
-731
-768
-733
-621
-537
-514
-508
-538
-651
-779
-820
-855
-950
-989
-978
-1039
-1084
-981
-909
-967
-969
-921
-995
-1110
-1092
-1065
-1064
-928
-754
-742
-750
-668
-728
-938
-1023
-985
-1013
-1089
-1097
-1133
-1304
-1446
-1419
-1418
-1493
-1411
-1331
-1351
-949
12
895
1549
2297
2880
3073
3293
3619
3610
3320
3112
2794
2282
2039
2091
1893
1434
1106
758
252
-71
-127
-268
-492
-480
-325
-203
85
568
872
930
1029
1128
1119
1177
1316
1317
1183
1085
1022
923
796
674
457
96
-239
-443
-562
-594
-536
-508
-515
-464
-393
-358
-357
-393
-478
-584
-652
-623
-487
-318
-192
-108
-23
78
150
181
178
139
83
44
50
142
328
478
453
305
158
3
-150
-237
-313
-417
-461
-406
-295
-87
177
308
294
277
284
291
322
345
323
274
192
106
60
-13
-159
-363
-637
-884
-991
-1027
-1038
-972
-922
-930
-889
-816
-767
-707
-698
-790
-853
-825
-763
-686
-638
-664
-673
-640
-633
-647
-666
-715
-761
-798
-857
-876
-806
-751
-765
-777
-768
-755
-721
-699
-750
-813
-847
-920
-982
-926
-862
-910
-1003
-1119
-1263
-1331
-1326
-1326
-1271
-1163
-1026
-673
10
748
1287
1676
1985
2215
2392
2521
2586
2619
2583
2376
2143
2105
2181
2132
1899
1580
1293
1080
893
749
688
639
550
455
385
379
447
454
351
242
163
126
164
239
303
364
382
337
311
331
339
320
269
193
146
159
200
244
295
305
242
152
82
13
-77
-184
-300
-402
-469
-516
-557
-573
-556
-538
-528
-493
-413
-309
-220
-191
-164
-57
62
99
71
46
36
3
-77
-167
-188
-117
-33
-26
4
169
317
376
464
521
507
520
475
382
404
418
318
242
152
-7
-133
-295
-516
-638
-745
-898
-936
-913
-925
-872
-803
-805
-781
-722
-695
-664
-622
-605
-593
-594
-602
-579
-545
-533
-557
-611
-650
-664
-676
-684
-672
-659
-651
-656
-697
-746
-779
-815
-852
-886
-925
-921
-871
-829
-819
-830
-853
-881
-948
-1042
-1110
-1172
-1224
-1216
-1167
-1077
-936
-798
-573
-181
156
325
519
790
1037
1211
1268
1292
1413
1570
1662
1699
1751
1868
1962
1989
2065
2154
2164
2167
2171
2145
2146
2099
1949
1816
1678
1498
1364
1202
969
783
631
443
283
144
2
-107
-225
-358
-451
-522
-577
-599
-602
-575
-543
-551
-560
-524
-472
-457
-470
-461
-432
-412
-361
-288
-253
-237
-201
-172
-156
-155
-177
-187
-185
-188
-198
-214
-192
-129
-87
-40
22
-4
-77
-87
-91
-148
-204
-218
-169
-54
55
121
222
389
494
530
626
716
730
766
788
762
783
754
590
448
308
79
-108
-256
-439
-549
-617
-732
-796
-829
-909
-965
-1007
-1092
-1133
-1111
-1097
-1059
-977
-908
-857
-796
-754
-732
-711
-733
-802
-832
-819
-823
-822
-813
-814
-791
-786
-826
-841
-853
-889
-866
-842
-859
-831
-799
-807
-769
-737
-798
-885
-953
-995
-1019
-1094
-1184
-1198
-1124
-896
-542
-293
-181
22
396
790
1048
1174
1269
1434
1702
1925
1952
1967
2111
2188
2178
2248
2295
2225
2168
2158
2147
2140
2071
1917
1747
1604
1469
1288
1027
772
602
464
319
185
49
-101
-200
-256
-361
-479
-543
-595
-630
-581
-496
-437
-367
-284
-210
-138
-90
-85
-112
-146
-171
-208
-263
-295
-310
-337
-358
-371
-396
-412
-387
-349
-326
-293
-231
-181
-140
-80
-46
-6
76
73
-21
-43
-7
-9
-30
-69
-108
-63
26
64
79
143
241
312
386
505
606
683
765
806
833
859
797
681
561
376
187
21
-211
-423
-537
-662
-780
-847
-952
-1048
-1057
-1071
-1108
-1098
-1079
-1074
-1027
-955
-902
-880
-911
-945
-917
-895
-949
-988
-990
-1011
-984
-916
-926
-950
-900
-869
-850
-783
-767
-787
-727
-638
-589
-558
-545
-544
-546
-576
-606
-644
-769
-911
-947
-964
-1039
-997
-764
-547
-442
-306
-46
289
572
702
790
1039
1410
1670
1764
1865
2061
2174
2146
2163
2209
2124
2010
1982
1981
1997
2008
1965
1893
1798
1673
1509
1270
1011
804
590
386
272
145
-4
-58
-100
-224
-341
-414
-489
-559
-587
-544
-471
-422
-353
-236
-131
-64
-20
-17
-43
-65
-90
-135
-179
-198
-229
-272
-294
-326
-404
-477
-499
-497
-496
-468
-403
-344
-289
-213
-159
-151
-142
-138
-140
-107
-90
-126
-125
-70
-38
-34
-38
-38
10
135
264
366
497
621
686
777
885
897
884
886
813
733
687
566
419
294
102
-91
-236
-437
-631
-742
-871
-994
-1062
-1155
-1213
-1160
-1123
-1117
-1043
-977
-936
-828
-738
-728
-694
-679
-747
-781
-778
-824
-840
-824
-865
-894
-875
-885
-895
-884
-916
-951
-955
-971
-954
-873
-809
-798
-804
-797
-786
-806
-857
-916
-976
-1026
-1062
-1029
-836
-585
-483
-464
-308
2
288
413
467
654
1004
1375
1649
1837
2029
2203
2281
2313
2324
2254
2145
2069
2029
2034
2022
1942
1864
1787
1665
1515
1306
1036
827
682
552
443
301
128
30
-28
-115
-194
-275
-364
-397
-363
-304
-229
-165
-109
-29
53
88
69
43
32
21
-2
-39
-98
-153
-194
-234
-269
-328
-431
-526
-583
-616
-620
-611
-599
-568
-523
-471
-404
-331
-242
-159
-116
-63
5
26
33
54
34
7
21
11
-9
43
126
193
307
446
531
625
738
784
816
857
815
732
654
536
434
363
211
35
-89
-235
-393
-508
-667
-849
-961
-1074
-1203
-1250
-1286
-1335
-1301
-1241
-1199
-1109
-1013
-947
-864
-802
-798
-780
-741
-734
-720
-671
-648
-644
-616
-622
-667
-685
-714
-760
-784
-818
-843
-821
-808
-800
-768
-780
-824
-838
-860
-898
-914
-939
-959
-948
-945
-856
-586
-357
-321
-275
-72
245
543
671
728
968
1342
1603
1747
1929
2139
2220
2173
2156
2202
2202
2121
2030
1975
1955
1917
1797
1634
1510
1380
1186
960
762
614
498
387
292
183
57
-31
-123
-242
-320
-367
-402
-387
-338
-266
-152
-59
-2
92
198
248
254
235
186
129
55
-41
-128
-204
-284
-415
-519
-352
-58
-99
-402
-609
-683
-623
-477
-460
-538
-558
-531
-437
-297
-228
-201
-162
-124
-3
227
390
398
276
96
102
288
329
301
457
602
632
685
692
648
669
629
474
349
242
150
116
45
-95
-282
-572
-827
-910
-962
-1015
-1012
-1081
-1219
-1240
-1190
-1163
-1114
-1046
-1013
-1002
-986
-923
-836
-820
-863
-939
-1088
-1212
-1182
-1086
-1002
-901
-877
-987
-1081
-1071
-1041
-997
-933
-947
-1013
-984
-904
-914
-955
-946
-1004
-1164
-1261
-1218
-1126
-1046
-1009
-973
-694
-74
553
904
1115
1306
1412
1515
1807
2285
2782
3108
3107
2854
2648
2593
2498
2279
2018
1716
1351
1043
874
752
573
304
-62
-436
-607
-499
-290
-99
50
62
-82
-195
-116
133
433
673
812
847
835
861
892
858
782
653
463
346
381
461
483
407
208
-51
-274
-408
-425
-376
-351
-391
-507
-651
-682
-598
-530
-444
-303
-225
-176
25
316
513
633
709
665
592
653
765
798
799
721
432
64
-136
-228
-366
-479
-544
-676
-806
-821
-792
-776
-704
-608
-568
-537
-378
-135
18
86
129
47
-152
-268
-294
-329
-343
-371
-530
-766
-951
-1093
-1259
-1422
-1530
-1610
-1690
-1720
-1685
-1661
-1636
-1554
-1466
-1408
-1310
-1171
-1068
-983
-841
-723
-726
-737
-671
-612
-512
-299
-203
-330
-455
-522
-650
-749
-718
-678
-740
-887
-1093
-1350
-1577
-1667
-1645
-1417
-650
448
1131
1287
1309
1254
1314
1853
2621
3241
3718
3820
3347
2783
2592
2562
2394
2169
1994
1724
1360
1126
932
528
46
-367
-784
-949
-597
-135
24
37
-42
-324
-507
-263
236
721
1105
1265
1149
975
940
948
869
805
772
596
356
270
190
-90
-431
-728
-1009
-1093
-904
-700
-623
-601
-654
-765
-758
-542
-215
85
292
391
407
394
452
651
884
992
998
918
703
565
590
500
309
221
59
-208
-297
-284
-356
-415
-473
-599
-657
-601
-487
-363
-312
-288
-252
-295
-261
-39
87
51
34
-109
-380
-480
-479
-558
-603
-661
-873
-1146
-1351
-1430
-1412
-1437
-1520
-1600
-1776
-1952
-1920
-1829
-1773
-1610
-1486
-1516
-1472
-1334
-1272
-1211
-1057
-888
-746
-611
-490
-465
-545
-555
-457
-399
-325
-247
-386
-578
-587
-626
-728
-703
-770
-1071
-1282
-1318
-1353
-1275
-815
-8
738
1154
1320
1293
1258
1637
2353
2949
3441
3764
3442
2725
2369
2346
2297
2283
2241
1887
1333
915
641
374
195
126
-82
-361
-274
64
179
159
171
2
-205
-49
352
730
1080
1237
1002
648
529
596
652
711
786
645
272
-17
-185
-396
-541
-618
-834
-1051
-1088
-1109
-1157
-1112
-1029
-981
-891
-661
-306
13
229
460
686
811
958
1140
1210
1274
1380
1321
1127
1012
903
683
472
323
141
-71
-235
-354
-461
-516
-496
-489
-505
-415
-279
-246
-230
-139
-112
-171
-181
-200
-311
-386
-429
-592
-800
-918
-1032
-1215
-1341
-1407
-1513
-1630
-1719
-1789
-1824
-1817
-1818
-1848
-1852
-1803
-1742
-1728
-1720
-1632
-1525
-1484
-1443
-1332
-1221
-1186
-1143
-1041
-943
-786
-570
-486
-530
-485
-419
-486
-481
-347
-307
-323
-303
-408
-654
-785
-789
-836
-840
-746
-691
-472
280
1212
1631
1629
1599
1553
1745
2477
3318
3774
3851
3428
2517
1918
2094
2456
2514
2368
1983
1218
463
178
215
309
422
334
-60
-281
-68
136
186
358
495
364
280
495
757
881
908
773
504
385
522
651
603
482
196
-347
-773
-787
-638
-542
-481
-609
-970
-1261
-1331
-1274
-1097
-832
-685
-746
-806
-685
-501
-340
-101
150
277
412
630
870
1194
1454
1380
1147
997
914
963
1092
1037
799
448
-32
-340
-249
-20
115
111
-92
-365
-487
-435
-238
16
154
107
-100
-347
-424
-351
-338
-391
-502
-792
-1151
-1400
-1583
-1717
-1771
-1878
-2071
-2196
-2209
-2165
-2107
-2079
-2100
-2157
-2205
-2117
-1869
-1604
-1396
-1295
-1383
-1536
-1540
-1396
-1163
-892
-748
-800
-932
-1053
-1066
-895
-679
-555
-487
-477
-534
-516
-377
-248
-189
-192
-275
-372
-359
-261
-65
408
1089
1532
1563
1473
1487
1686
2154
2788
3289
3455
3248
2753
2276
2202
2475
2644
2513
2228
1799
1232
841
777
839
887
820
521
178
72
124
187
325
494
528
415
311
325
401
424
390
330
248
214
220
152
32
-107
-371
-677
-786
-716
-639
-632
-724
-928
-1152
-1279
-1245
-1060
-790
-560
-531
-653
-688
-575
-324
127
549
649
575
508
420
535
916
1132
1076
968
744
445
396
569
669
641
523
308
124
138
304
415
385
321
208
26
0
162
224
117
-27
-259
-552
-673
-645
-651
-721
-871
-1181
-1580
-1837
-1867
-1842
-1887
-1974
-2139
-2383
-2508
-2413
-2293
-2253
-2228
-2272
-2380
-2342
-2111
-1876
-1705
-1541
-1447
-1444
-1395
-1237
-1072
-946
-770
-557
-450
-432
-397
-403
-480
-464
-304
-161
-60
19
-69
-300
-459
-474
-393
-273
-109
241
792
1235
1420
1523
1578
1669
2027
2528
2939
3276
3377
2982
2423
2237
2369
2508
2579
2535
2218
1627
1109
897
860
972
1149
1016
586
331
263
151
250
614
787
674
533
418
334
397
568
641
581
515
392
94
-175
-211
-284
-511
-609
-630
-777
-893
-934
-1055
-1176
-1200
-1231
-1245
-1132
-968
-886
-910
-909
-804
-718
-602
-318
-45
89
202
281
397
712
986
1013
1004
932
728
662
733
780
854
763
387
107
75
102
205
349
341
204
1
-180
-157
13
173
249
115
-145
-306
-430
-530
-465
-433
-662
-969
-1254
-1539
-1679
-1696
-1735
-1805
-1921
-2064
-2168
-2236
-2219
-2114
-2113
-2213
-2213
-2191
-2211
-2118
-1971
-1897
-1840
-1789
-1709
-1565
-1429
-1274
-1047
-881
-790
-639
-545
-536
-405
-228
-161
-105
-35
-42
-121
-175
-156
-117
11
432
1000
1271
1289
1342
1326
1371
1820
2432
2870
3145
3122
2693
2322
2392
2672
2913
3054
2981
2593
2025
1646
1563
1585
1666
1706
1467
1070
833
677
531
629
815
740
526
352
216
178
280
387
367
245
69
-146
-349
-409
-331
-361
-505
-600
-746
-953
-1044
-1060
-1119
-1147
-1140
-1209
-1261
-1229
-1166
-1063
-953
-829
-663
-538
-407
-177
11
85
205
328
340
438
601
632
656
739
734
661
659
680
646
597
537
430
287
176
136
76
-1
-10
-52
-169
-226
-237
-290
-305
-267
-320
-428
-483
-527
-588
-654
-720
-787
-894
-1027
-1144
-1273
-1445
-1597
-1719
-1848
-1901
-1881
-1933
-2046
-2121
-2176
-2210
-2122
-1909
-1705
-1571
-1495
-1482
-1507
-1475
-1333
-1162
-1017
-864
-772
-815
-840
-726
-566
-410
-207
-43
-11
-26
-33
-56
-27
75
179
349
657
992
1216
1349
1425
1447
1513
1726
2046
2359
2544
2511
2302
2167
2233
2353
2466
2582
2534
2265
1984
1832
1767
1804
1883
1813
1598
1376
1173
998
931
989
992
823
617
451
296
219
290
374
341
239
66
-182
-348
-376
-388
-441
-483
-559
-751
-935
-1016
-1062
-1090
-1072
-1070
-1124
-1175
-1198
-1194
-1120
-997
-879
-780
-688
-535
-361
-214
1
236
343
404
514
559
593
731
783
719
692
597
431
376
417
426
404
356
253
122
3
-38
7
22
24
23
-86
-198
-223
-292
-403
-449
-520
-694
-819
-869
-940
-1016
-1091
-1182
-1324
-1482
-1552
-1587
-1636
-1647
-1685
-1820
-1906
-1875
-1879
-1878
-1772
-1708
-1709
-1678
-1625
-1552
-1442
-1321
-1204
-1106
-1053
-996
-889
-793
-657
-455
-347
-324
-279
-286
-336
-280
-170
-136
-97
-51
-65
31
313
625
889
1110
1250
1298
1386
1623
1943
2220
2380
2391
2244
2126
2220
2383
2493
2597
2562
2287
2007
1882
1811
1797
1867
1850
1690
1496
1331
1216
1163
1188
1216
1132
980
861
738
618
613
644
535
366
213
17
-170
-278
-358
-458
-554
-661
-814
-963
-1059
-1119
-1167
-1187
-1177
-1207
-1267
-1280
-1263
-1237
-1167
-1025
-849
-707
-593
-479
-385
-305
-183
-14
134
271
371
372
373
446
520
577
644
678
626
535
481
477
484
483
477
408
279
190
132
67
54
59
-9
-102
-169
-252
-336
-372
-409
-485
-586
-696
-821
-967
-1091
-1173
-1272
-1377
-1426
-1477
-1584
-1661
-1695
-1758
-1799
-1773
-1763
-1786
-1774
-1737
-1692
-1609
-1496
-1418
-1388
-1335
-1233
-1120
-992
-822
-693
-686
-706
-665
-588
-462
-278
-136
-103
-115
-111
-107
-61
55
165
244
377
563
700
813
980
1110
1166
1283
1485
1678
1843
1979
2017
1999
2052
2132
2167
2225
2301
2274
2159
2094
2060
1999
1974
1969
1878
1732
1618
1509
1387
1313
1266
1164
1023
909
808
697
636
634
565
420
299
174
7
-105
-153
-243
-354
-430
-539
-676
-762
-816
-885
-944
-988
-1055
-1138
-1188
-1180
-1141
-1086
-997
-893
-826
-777
-698
-644
-619
-532
-405
-285
-118
71
179
237
277
257
276
417
572
657
679
622
519
450
451
517
603
628
570
443
302
251
276
277
265
214
48
-134
-232
-292
-337
-372
-483
-681
-872
-1020
-1102
-1109
-1117
-1158
-1244
-1379
-1491
-1551
-1596
-1605
-1599
-1664
-1756
-1791
-1800
-1770
-1682
-1626
-1633
-1646
-1655
-1619
-1475
-1281
-1134
-1071
-1084
-1102
-1038
-898
-712
-506
-370
-333
-325
-317
-287
-205
-108
-45
25
146
320
572
866
1102
1214
1234
1286
1448
1691
1935
2108
2158
2099
2031
2017
2073
2225
2371
2392
2320
2218
2108
2036
2056
2131
2191
2178
2072
1928
1798
1700
1654
1607
1491
1335
1171
1017
920
867
764
604
433
228
9
-140
-226
-304
-411
-542
-675
-806
-927
-1017
-1059
-1078
-1105
-1162
-1248
-1291
-1257
-1212
-1176
-1119
-1068
-1048
-997
-876
-736
-614
-523
-470
-439
-389
-293
-178
-53
74
161
190
234
308
355
382
438
493
510
514
503
482
479
482
463
441
419
381
328
268
210
162
83
-45
-164
-271
-385
-485
-571
-669
-771
-867
-974
-1076
-1160
-1239
-1307
-1374
-1447
-1516
-1577
-1626
-1670
-1728
-1790
-1814
-1807
-1787
-1737
-1677
-1648
-1632
-1614
-1573
-1479
-1356
-1230
-1110
-1008
-929
-863
-793
-690
-541
-397
-280
-179
-109
-41
52
136
227
366
541
746
984
1177
1274
1337
1409
1516
1694
1894
2049
2152
2215
2256
2301
2373
2461
2533
2550
2523
2485
2430
2355
2302
2272
2233
2166
2044
1879
1724
1609
1525
1450
1360
1247
1100
923
764
647
536
413
284
132
-26
-164
-295
-421
-527
-630
-757
-890
-1009
-1100
-1163
-1228
-1289
-1334
-1367
-1368
-1338
-1303
-1269
-1229
-1188
-1130
-1023
-899
-789
-680
-573
-467
-345
-219
-101
11
111
180
240
317
397
462
508
546
581
599
605
612
617
621
600
546
484
442
399
341
282
210
121
38
-50
-141
-234
-344
-459
-559
-651
-758
-862
-963
-1060
-1127
-1187
-1257
-1318
-1377
-1439
-1492
-1526
-1545
-1560
-1592
-1635
-1660
-1670
-1667
-1631
-1591
-1558
-1516
-1477
-1450
-1412
-1349
-1270
-1179
-1069
-957
-858
-778
-694
-600
-515
-423
-326
-253
-175
-75
18
129
308
542
795
1017
1146
1210
1305
1453
1652
1885
2082
2211
2281
2310
2358
2451
2537
2590
2600
2558
2500
2462
2422
2392
2387
2349
2264
2169
2047
1910
1805
1721
1631
1528
1396
1246
1106
959
806
656
490
314
153
-6
-152
-254
-355
-469
-566
-667
-794
-899
-973
-1038
-1100
-1183
-1272
-1327
-1356
-1369
-1357
-1343
-1343
-1343
-1334
-1302
-1226
-1131
-1029
-894
-738
-583
-458
-363
-252
-113
24
149
257
324
370
437
521
612
697
734
733
729
722
725
738
746
752
745
700
630
551
444
337
257
166
63
-34
-149
-275
-400
-538
-688
-829
-960
-1058
-1108
-1154
-1232
-1330
-1450
-1559
-1619
-1667
-1711
-1735
-1758
-1800
-1827
-1823
-1806
-1790
-1782
-1774
-1739
-1676
-1593
-1495
-1389
-1283
-1190
-1119
-1058
-959
-817
-674
-559
-471
-411
-359
-278
-170
-69
17
119
265
469
712
921
1058
1163
1298
1474
1677
1884
2051
2155
2236
2336
2438
2525
2602
2650
2652
2640
2620
2571
2521
2492
2452
2394
2322
2208
2041
1871
1745
1650
1549
1426
1293
1156
1027
911
788
648
508
366
223
98
-10
-128
-267
-406
-541
-669
-794
-913
-999
-1065
-1121
-1157
-1182
-1210
-1236
-1264
-1292
-1281
-1229
-1172
-1120
-1069
-1023
-967
-891
-801
-700
-592
-493
-407
-331
-248
-143
-36
64
164
241
287
340
401
455
517
561
556
542
538
520
514
520
497
450
400
343
296
251
170
62
-58
-189
-302
-385
-471
-566
-670
-804
-939
-1042
-1116
-1165
-1210
-1272
-1344
-1425
-1513
-1565
-1578
-1581
-1569
-1567
-1613
-1659
-1649
-1607
-1544
-1458
-1391
-1357
-1323
-1267
-1176
-1064
-959
-866
-781
-698
-600
-503
-442
-391
-328
-270
-203
-108
-7
104
263
460
652
792
885
982
1123
1317
1551
1766
1912
2009
2091
2178
2295
2421
2492
2508
2506
2486
2457
2433
2409
2372
2306
2209
2096
1985
1879
1785
1695
1594
1474
1330
1169
1039
948
852
734
601
441
271
135
33
-61
-152
-253
-378
-502
-590
-655
-718
-780
-843
-910
-979
-1030
-1059
-1092
-1122
-1121
-1095
-1066
-1026
-990
-978
-950
-881
-803
-726
-633
-541
-456
-354
-247
-163
-103
-65
-32
12
60
119
184
229
255
276
274
258
260
264
257
271
285
272
261
258
241
212
171
120
61
-4
-74
-153
-252
-353
-438
-530
-639
-735
-838
-949
-1025
-1083
-1163
-1245
-1300
-1343
-1383
-1407
-1431
-1464
-1492
-1494
-1469
-1437
-1400
-1354
-1324
-1293
-1225
-1140
-1067
-977
-874
-801
-746
-680
-602
-537
-480
-419
-366
-322
-260
-189
-128
-58
14
56
118
269
470
641
770
867
942
1048
1208
1390
1561
1700
1807
1882
1957
2056
2143
2176
2183
2187
2167
2138
2132
2126
2098
2051
1971
1852
1733
1636
1553
1481
1409
1314
1188
1048
930
838
750
654
545
403
253
135
43
-43
-120
-196
-299
-422
-538
-640
-723
-775
-810
-855
-907
-954
-996
-1024
-1028
-1016
-1012
-1004
-970
-916
-860
-804
-744
-689
-639
-567
-478
-385
-284
-187
-121
-73
-13
39
73
110
144
155
164
179
188
182
185
193
177
151
135
112
86
80
84
67
43
17
-38
-113
-173
-218
-279
-342
-408
-493
-595
-685
-758
-833
-904
-965
-1034
-1110
-1167
-1218
-1284
-1351
-1404
-1450
-1483
-1483
-1467
-1453
-1440
-1412
-1371
-1323
-1248
-1154
-1074
-1008
-941
-870
-784
-669
-538
-415
-311
-232
-181
-134
-72
17
108
167
203
228
248
303
418
569
713
829
909
976
1064
1183
1324
1469
1588
1679
1757
1832
1924
2029
2100
2126
2124
2092
2048
2032
2027
1995
1934
1832
1691
1549
1433
1335
1238
1133
1012
880
748
641
567
497
416
325
208
96
17
-54
-139
-219
-306
-412
-496
-549
-596
-643
-693
-765
-847
-915
-964
-980
-948
-890
-848
-846
-864
-863
-830
-758
-658
-574
-533
-505
-466
-400
-300
-200
-148
-133
-117
-98
-64
-2
62
95
98
88
70
58
67
92
105
99
75
37
3
2
18
1
-40
-83
-134
-183
-213
-250
-320
-415
-512
-608
-676
-709
-742
-805
-885
-967
-1050
-1120
-1150
-1153
-1170
-1199
-1229
-1266
-1294
-1287
-1263
-1249
-1234
-1208
-1190
-1173
-1133
-1081
-1028
-957
-871
-798
-731
-645
-543
-445
-349
-254
-174
-109
-41
35
97
158
223
276
319
364
405
437
502
619
748
850
918
966
1013
1091
1212
1340
1434
1495
1535
1573
1637
1727
1803
1833
1844
1845
1828
1803
1782
1756
1712
1662
1603
1524
1430
1333
1235
1123
1007
888
763
641
546
474
388
280
159
25
-104
-193
-259
-328
-396
-459
-530
-585
-601
-600
-611
-642
-692
-747
-782
-784
-762
-747
-747
-752
-767
-782
-767
-727
-694
-664
-632
-612
-584
-518
-438
-368
-310
-273
-257
-239
-200
-142
-93
-66
-54
-62
-73
-58
-27
-8
-1
3
-20
-60
-83
-99
-126
-150
-175
-217
-262
-299
-340
-396
-458
-529
-612
-689
-738
-774
-818
-869
-928
-1001
-1069
-1109
-1132
-1150
-1156
-1163
-1177
-1179
-1157
-1133
-1120
-1107
-1098
-1091
-1062
-1004
-942
-897
-853
-807
-743
-640
-520
-431
-379
-333
-284
-214
-103
25
125
201
269
335
411
503
590
652
697
732
753
772
813
880
957
1036
1105
1139
1149
1169
1197
1230
1278
1325
1353
1376
1409
1443
1472
1495
1500
1483
1453
1419
1377
1337
1309
1282
1234
1171
1094
999
906
826
751
666
575
476
377
297
227
141
44
-47
-136
-213
-265
-303
-335
-352
-356
-371
-407
-453
-497
-530
-532
-515
-521
-557
-596
-625
-642
-625
-594
-599
-633
-657
-667
-659
-617
-568
-544
-537
-533
-535
-531
-492
-425
-366
-322
-289
-282
-291
-278
-241
-210
-186
-168
-173
-188
-183
-177
-193
-220
-252
-293
-335
-365
-399
-458
-528
-583
-630
-663
-677
-691
-730
-776
-820
-868
-897
-898
-896
-909
-923
-942
-966
-986
-994
-996
-998
-985
-958
-923
-890
-863
-849
-845
-816
-749
-660
-567
-485
-437
-406
-361
-296
-212
-115
-23
50
109
168
230
294
357
417
470
518
567
611
651
690
723
747
786
851
931
1009
1074
1112
1133
1164
1212
1271
1335
1383
1403
1404
1404
1414
1425
1435
1438
1422
1380
1326
1279
1238
1200
1162
1100
1012
919
832
752
689
629
548
441
327
221
126
48
-15
-68
-123
-184
-246
-313
-371
-407
-432
-458
-485
-519
-562
-601
-619
-626
-635
-648
-663
-681
-691
-686
-668
-653
-643
-636
-632
-631
-620
-604
-590
-572
-547
-521
-494
-451
-411
-389
-379
-376
-375
-361
-332
-290
-247
-218
-207
-216
-237
-251
-250
-252
-254
-263
-295
-345
-397
-443
-483
-514
-542
-572
-606
-649
-698
-751
-799
-831
-847
-861
-879
-894
-917
-943
-949
-941
-930
-916
-903
-891
-874
-847
-812
-775
-738
-700
-665
-631
-589
-537
-487
-437
-382
-330
-281
-221
-148
-67
24
111
183
241
300
359
419
494
577
657
721
767
795
812
829
862
909
965
1020
1058
1079
1100
1126
1160
1198
1230
1249
1255
1258
1266
1278
1288
1292
1282
1257
1226
1195
1161
1123
1078
1023
961
898
839
781
728
672
600
511
413
321
245
188
149
106
45
-33
-112
-181
-226
-254
-286
-326
-371
-412
-444
-463
-475
-492
-525
-557
-582
-602
-613
-617
-625
-637
-644
-651
-665
-675
-678
-685
-685
-671
-657
-640
-610
-576
-551
-536
-522
-508
-490
-459
-420
-390
-370
-354
-346
-347
-337
-330
-339
-356
-378
-409
-441
-462
-477
-497
-517
-536
-561
-580
-587
-592
-608
-621
-629
-637
-643
-637
-639
-662
-690
-713
-739
-752
-738
-717
-700
-680
-663
-663
-658
-632
-599
-566
-521
-473
-433
-385
-320
-261
-226
-195
-168
-146
-102
-30
41
98
152
198
227
264
323
382
442
519
592
643
686
737
773
803
844
881
905
935
971
995
1010
1035
1052
1056
1064
1080
1088
1086
1094
1105
1108
1119
1131
1119
1093
1072
1045
1011
989
969
938
901
873
837
786
731
667
591
521
472
430
374
315
252
180
114
58
0
-67
-125
-176
-229
-275
-310
-351
-399
-441
-481
-525
-568
-598
-623
-642
-659
-687
-734
-779
-808
-826
-836
-842
-854
-880
-900
-909
-908
-902
-890
-878
-870
-857
-840
-821
-797
-767
-737
-711
-683
-651
-615
-573
-531
-498
-482
-472
-454
-430
-396
-362
-341
-336
-342
-350
-358
-356
-355
-358
-368
-380
-396
-409
-422
-432
-439
-445
-446
-444
-436
-425
-405
-379
-350
-326
-306
-287
-267
-238
-209
-180
-161
-151
-141
-126
-98
-58
-16
19
51
84
123
165
213
267
313
356
398
438
476
518
563
605
644
682
715
747
782
821
848
866
884
901
920
938
955
954
939
927
920
921
929
929
913
886
857
827
801
787
775
760
738
710
674
639
609
584
552
512
465
417
374
341
309
267
215
156
97
47
8
-31
-79
-133
-192
-249
-297
-338
-369
-395
-415
-439
-471
-502
-529
-546
-551
-545
-545
-561
-584
-605
-623
-636
-644
-662
-689
-716
-741
-760
-770
-771
-775
-781
-786
-787
-788
-781
-760
-735
-707
-675
-642
-620
-598
-573
-555
-537
-509
-474
-437
-398
-365
-349
-343
-332
-315
-296
-281
-277
-291
-309
-318
-317
-313
-307
-306
-314
-321
-316
-306
-295
-284
-274
-264
-247
-217
-186
-154
-118
-81
-45
-11
22
51
74
103
137
175
213
250
275
292
308
325
342
366
400
433
467
498
523
545
571
600
630
659
691
722
750
772
787
789
784
782
777
769
758
736
709
682
662
650
640
632
615
583
546
510
480
463
459
456
443
422
390
352
317
287
258
225
190
153
118
87
63
38
9
-24
-54
-86
-114
-136
-158
-184
-209
-231
-255
-274
-288
-301
-312
-319
-326
-331
-333
-337
-341
-345
-348
-354
-362
-367
-372
-375
-383
-394
-409
-430
-451
-464
-475
-484
-490
-498
-511
-520
-529
-535
-536
-532
-520
-505
-494
-487
-483
-478
-466
-445
-423
-403
-388
-375
-362
-342
-318
-301
-294
-294
-296
-296
-291
-279
-273
-279
-289
-300
-311
-316
-309
-301
-295
-282
-269
-255
-235
-202
-169
-139
-104
-66
-30
4
39
67
86
108
136
162
189
214
225
228
235
247
260
275
294
309
319
339
359
372
389
415
443
472
507
540
559
579
601
617
634
656
673
675
674
664
641
616
600
586
566
550
528
493
457
432
409
390
379
369
351
334
325
305
281
261
238
208
181
159
130
102
82
58
23
-10
-41
-81
-116
-137
-156
-179
-194
-207
-225
-241
-249
-262
-282
-289
-290
-290
-282
-265
-261
-266
-264
-265
-267
-261
-247
-241
-244
-244
-247
-258
-262
-257
-258
-264
-269
-280
-294
-297
-289
-282
-275
-265
-265
-273
-275
-271
-271
-269
-265
-266
-273
-276
-277
-282
-280
-271
-269
-275
-283
-293
-306
-308
-301
-293
-291
-292
-298
-311
-318
-321
-326
-327
-322
-314
-300
-277
-244
-217
-192
-172
-157
-139
-112
-76
-38
-5
21
41
56
75
96
119
140
156
169
182
198
220
242
263
282
295
311
333
363
394
421
438
447
455
466
485
507
520
528
527
518
512
511
515
517
514
507
491
474
463
454
448
442
430
409
386
368
353
337
321
300
268
233
206
186
165
148
127
97
66
42
18
-3
-20
-40
-63
-85
-102
-119
-135
-146
-160
-178
-195
-208
-221
-232
-235
-237
-242
-247
-247
-250
-251
-245
-233
-222
-208
-192
-185
-181
-176
-173
-171
-169
-164
-165
-169
-171
-175
-181
-184
-186
-191
-194
-192
-185
-178
-165
-150
-139
-133
-125
-120
-114
-108
-103
-102
-106
-107
-113
-124
-135
-150
-168
-184
-196
-206
-216
-227
-238
-254
-268
-272
-274
-273
-273
-276
-285
-295
-296
-291
-281
-266
-254
-246
-239
-226
-212
-194
-168
-143
-117
-91
-64
-34
-6
21
45
71
94
113
135
158
180
203
218
234
258
276
301
330
350
371
388
407
425
442
458
472
485
500
511
514
519
520
510
502
496
478
463
448
430
403
380
360
328
304
287
267
240
204
174
140
105
80
59
31
-1
-19
-43
-76
-92
-116
-143
-156
-162
-171
-185
-195
-204
-225
-245
-254
-257
-262
-258
-241
-237
-243
-240
-235
-231
-219
-194
-183
-176
-171
-169
-160
-153
-136
-114
-111
-103
-97
-106
-111
-101
-85
-72
-49
-32
-30
-21
-8
10
25
31
33
23
17
22
24
22
18
17
7
-3
-6
-17
-30
-38
-45
-58
-69
-72
-82
-91
-111
-142
-169
-200
-222
-226
-222
-222
-230
-225
-224
-243
-249
-240
-234
-228
-216
-207
-210
-194
-165
-138
-110
-90
-62
-48
-36
3
21
37
75
77
71
99
99
86
115
128
116
133
155
153
155
192
243
267
255
260
293
283
429
782
852
772
804
619
361
339
354
332
323
348
422
418
355
343
215
-63
-179
-161
-202
-122
88
131
59
6
-99
-221
-289
-303
-250
-210
-180
-87
-68
-124
-112
-139
-268
-330
-314
-311
-256
-160
-119
-101
-124
-189
-217
-232
-235
-186
-137
-98
-40
9
10
9
33
8
-17
-6
3
41
92
113
129
119
71
24
-15
-44
-31
0
3
11
29
10
-28
-55
-82
-84
-81
-86
-51
-25
-36
-15
-22
-56
-55
-55
-57
-31
7
48
67
64
58
38
-1
-27
-23
-30
-48
-32
-31
-59
-48
-47
-79
-80
-74
-74
-54
-41
-35
-24
-26
-24
-10
-12
-12
7
12
24
67
84
71
68
44
14
7
-2
-13
-1
15
19
10
-4
-16
-46
-66
-69
-68
-48
-16
13
32
35
42
39
20
19
33
36
54
101
135
155
162
144
130
122
114
131
149
167
192
204
195
189
181
157
139
134
123
121
124
118
106
100
82
46
15
-4
9
24
13
5
-7
-31
-44
-40
-19
-20
-36
-53
-77
-87
-92
-101
-104
-122
-142
-145
-155
-167
-162
-168
-189
-197
-204
-209
-211
-215
-207
-182
-150
-122
-109
-110
-109
-103
-112
-95
-48
-26
-13
3
16
31
40
49
60
74
105
137
159
169
182
180
161
154
140
127
142
143
144
172
181
154
112
74
48
34
24
37
53
41
29
-4
-65
-102
-139
-183
-191
-162
-140
-122
-111
-119
-124
-141
-161
-156
-142
-112
-66
-43
-22
-3
0
-25
-45
-44
-30
-5
16
27
44
51
41
21
-3
-22
-38
-51
-52
-34
-16
5
17
11
15
16
-8
0
45
88
125
158
180
193
200
203
198
194
197
212
226
235
248
243
196
148
122
76
30
16
-3
-23
-28
-50
-83
-119
-146
-156
-168
-173
-148
-115
-109
-101
-77
-79
-82
-70
-81
-81
-58
-54
-46
-16
-2
-13
-27
-48
-65
-64
-70
-82
-80
-91
-113
-113
-112
-112
-95
-90
-103
-102
-92
-73
-47
-23
4
24
24
18
30
48
63
96
117
121
134
133
120
115
127
136
120
104
107
93
64
38
14
-19
-61
-87
-102
-111
-101
-96
-105
-103
-97
-86
-65
-38
-3
33
69
94
103
107
108
103
93
84
88
82
62
50
31
0
-24
-50
-74
-80
-90
-102
-88
-65
-58
-64
-65
-70
-70
-47
-19
11
33
59
87
94
103
119
114
106
104
100
90
92
88
66
49
35
4
-29
-38
-41
-55
-51
-35
-36
-34
-38
-51
-55
-41
-24
-9
10
27
29
15
15
30
43
54
68
72
61
63
64
39
22
18
6
-8
-15
-18
-36
-78
-118
-144
-168
-176
-165
-149
-128
-101
-78
-65
-52
-36
-32
-40
-27
11
44
51
52
50
25
-3
-12
-26
-51
-61
-65
-80
-79
-40
-12
-4
14
25
15
0
3
19
23
24
29
20
9
25
46
42
42
56
57
55
72
94
105
112
112
98
89
80
50
14
-8
-25
-36
-48
-65
-91
-129
-158
-170
-179
-170
-154
-160
-160
-137
-121
-122
-114
-99
-102
-88
-44
-9
18
49
55
16
-23
-24
-15
-5
33
82
96
92
96
79
51
51
69
77
98
146
174
179
185
181
159
146
158
175
196
227
236
206
176
159
128
91
93
98
81
74
61
26
-2
-24
-46
-69
-75
-73
-86
-103
-108
-115
-137
-154
-163
-170
-161
-141
-132
-121
-112
-119
-131
-126
-114
-95
-79
-80
-89
-99
-89
-71
-63
-46
-23
-28
-39
-29
-11
1
18
25
20
28
42
52
56
61
60
47
30
32
46
58
61
51
28
6
-7
-14
-8
12
26
26
18
13
10
1
-4
-6
-8
-8
-6
-14
-20
-8
2
-5
-1
12
21
27
33
36
35
23
9
-1
-15
-23
-26
-47
-76
-83
-90
-97
-98
-102
-100
-97
-95
-66
-30
-4
26
45
45
53
60
60
65
74
87
105
116
115
116
100
63
45
53
66
94
121
129
122
92
49
17
-15
-30
-23
-21
-26
-28
-41
-67
-81
-82
-80
-63
-32
-8
15
31
33
16
-7
-14
-8
3
32
70
83
80
72
55
37
34
47
64
77
89
87
55
16
-20
-62
-95
-106
-106
-99
-79
-70
-79
-85
-102
-126
-119
-92
-73
-56
-35
-29
-46
-58
-62
-75
-81
-65
-55
-56
-39
-13
-9
-7
11
18
12
24
42
48
49
55
41
13
3
10
8
15
44
56
45
51
67
68
77
93
94
93
101
98
90
87
83
67
42
24
9
-7
-14
-14
-22
-31
-33
-36
-42
-38
-34
-38
-39
-37
-38
-33
-33
-45
-63
-83
-99
-114
-118
-107
-105
-117
-123
-124
-129
-123
-103
-99
-95
-85
-83
-80
-66
-56
-53
-52
-47
-32
-6
28
70
95
100
113
125
128
149
173
169
156
147
122
94
84
70
53
47
52
66
74
89
111
111
97
97
96
77
69
68
48
23
6
-12
-32
-42
-36
-27
-32
-32
-26
-31
-43
-34
-29
-32
-20
-13
-24
-41
-55
-73
-94
-106
-108
-110
-117
-114
-98
-94
-88
-75
-75
-84
-82
-72
-61
-39
-8
14
21
26
26
24
24
35
42
39
44
54
58
63
75
78
60
49
47
45
57
80
98
99
87
74
56
38
34
42
43
39
40
40
32
24
11
-11
-30
-42
-47
-39
-30
-32
-44
-64
-90
-107
-111
-106
-95
-81
-72
-78
-91
-100
-104
-112
-111
-99
-88
-76
-56
-45
-51
-56
-62
-70
-67
-47
-22
-5
6
13
11
4
10
22
30
46
67
75
85
102
108
111
116
122
121
120
124
124
121
123
127
115
102
99
91
77
70
61
43
29
17
5
-3
-5
-8
-19
-26
-24
-28
-36
-28
-18
-18
-10
3
1
-3
0
-6
-18
-22
-22
-27
-28
-22
-14
-18
-30
-43
-59
-70
-70
-65
-60
-45
-31
-20
-15
-14
-23
-30
-34
-33
-16
0
4
-3
-16
-33
-52
-63
-63
-56
-48
-30
-12
-2
6
7
-6
-20
-23
-21
-14
5
24
37
45
46
40
37
35
37
39
43
52
49
38
39
36
29
31
25
11
2
-6
-20
-26
-26
-21
-15
-14
-9
-9
-22
-38
-53
-68
-72
-63
-49
-32
-14
-6
-12
-25
-42
-53
-56
-52
-37
-16
-4
-3
-6
-11
-21
-29
-26
-22
-18
-5
10
6
2
4
-7
-23
-22
-11
-8
-4
9
10
1
1
7
4
14
41
55
53
55
51
33
19
24
32
32
42
52
50
48
54
50
35
30
33
29
35
51
56
52
49
46
39
35
37
33
23
18
10
1
2
6
5
-1
-10
-21
-32
-37
-38
-38
-30
-27
-29
-29
-32
-42
-57
-72
-81
-84
-82
-74
-62
-56
-51
-44
-41
-30
-7
12
27
45
55
54
48
46
41
33
31
31
29
29
28
20
8
1
-2
-2
4
20
37
50
58
59
50
40
30
22
21
33
46
57
66
69
65
54
40
25
14
8
5
3
1
-4
-22
-52
-79
-108
-135
-145
-147
-147
-145
-145
-151
-157
-157
-152
-144
-128
-105
-87
-74
-62
-56
-58
-51
-44
-39
-25
-10
-6
-5
-3
-11
-19
-18
-8
8
28
49
65
69
74
79
74
72
85
93
96
112
127
126
126
129
122
105
101
100
90
85
89
86
73
66
58
40
20
11
-3
-21
-23
-23
-32
-36
-32
-39
-49
-52
-57
-63
-66
-64
-68
-74
-76
-74
-77
-78
-69
-67
-75
-73
-70
-72
-63
-52
-39
-21
2
21
32
40
45
49
51
60
75
83
88
93
92
88
87
87
82
74
70
63
53
49
47
44
41
38
31
23
16
8
-2
-10
-17
-24
-29
-26
-22
-26
-33
-38
-52
-66
-67
-70
-73
-69
-63
-64
-64
-61
-61
-65
-67
-66
-70
-73
-70
-68
-71
-68
-67
-73
-77
-73
-71
-66
-52
-42
-34
-20
-5
4
16
30
39
49
62
73
80
85
89
87
78
80
79
75
80
85
82
77
74
62
48
43
40
33
35
42
39
27
18
6
-14
-28
-35
-43
-51
-48
-45
-52
-55
-54
-63
-76
-75
-75
-78
-68
-56
-51
-46
-40
-39
-41
-36
-28
-22
-15
-6
3
6
16
29
36
40
47
42
34
37
36
34
38
43
41
43
46
46
42
35
28
18
11
11
10
7
6
2
-9
-15
-16
-17
-15
-10
-7
-8
-4
4
8
13
21
25
28
34
42
45
45
46
38
31
34
39
41
42
39
28
13
4
-5
-11
-12
-17
-22
-27
-25
-23
-23
-18
-14
-14
-13
-8
-2
3
7
9
6
0
-2
-6
-12
-14
-20
-30
-39
-46
-50
-50
-51
-54
-58
-63
-65
-69
-69
-65
-61
-58
-51
-44
-39
-31
-24
-17
-6
5
13
21
32
39
44
47
49
48
47
45
41
40
41
43
40
39
40
38
34
34
36
34
31
32
30
29
33
29
24
22
19
15
13
17
22
21
18
14
6
-4
-8
-10
-14
-14
-16
-26
-38
-47
-54
-61
-63
-63
-64
-63
-64
-63
-62
-60
-57
-53
-49
-43
-34
-29
-25
-24
-25
-24
-24
-22
-14
-7
-5
-2
2
5
9
17
26
35
43
50
55
58
61
66
67
68
74
79
79
77
77
70
63
62
59
56
59
54
46
38
30
23
14
9
7
1
-9
-14
-22
-35
-43
-52
-62
-69
-71
-73
-75
-74
-76
-79
-84
-86
-83
-79
-70
-61
-56
-53
-48
-46
-45
-40
-37
-35
-30
-22
-13
-6
3
9
11
13
15
18
23
32
40
47
52
57
52
49
51
49
51
61
69
71
74
76
73
65
62
57
52
52
54
55
54
52
46
34
22
14
7
2
2
0
-9
-15
-21
-30
-38
-42
-46
-54
-59
-62
-67
-69
-70
-68
-69
-69
-66
-66
-66
-63
-59
-59
-55
-48
-40
-33
-24
-16
-13
-10
-5
-1
4
14
23
31
36
39
41
39
40
44
47
50
56
54
47
41
33
26
20
21
21
20
19
16
10
4
-2
-5
-8
-6
2
8
13
19
19
13
7
6
7
9
18
24
24
23
19
11
5
3
1
-1
-3
-2
-5
-7
-10
-14
-18
-21
-22
-19
-15
-12
-11
-14
-17
-20
-21
-19
-13
-11
-10
-11
-13
-14
-15
-15
-15
-14
-12
-12
-14
-12
-11
-12
-12
-10
-8
-5
1
3
6
6
7
6
5
7
10
11
11
10
5
0
-4
-7
-8
-7
-7
-7
-8
-6
-1
1
4
10
13
14
17
18
19
22
25
25
27
29
30
31
30
29
25
19
17
17
15
17
18
14
10
7
2
-6
-13
-18
-24
-31
-37
-40
-45
-47
-49
-53
-56
-59
-60
-60
-60
-56
-51
-48
-41
-34
-31
-27
-25
-25
-22
-19
-12
-7
0
7
10
12
15
16
16
20
24
30
36
45
53
56
63
69
70
74
80
83
83
85
84
77
70
63
53
43
35
27
17
8
4
-3
-9
-10
-14
-18
-19
-19
-22
-24
-23
-25
-29
-32
-35
-41
-47
-52
-56
-59
-61
-60
-58
-57
-55
-52
-51
-48
-42
-38
-32
-23
-18
-13
-8
-7
-6
-5
-3
-1
3
10
13
12
14
14
13
14
20
23
25
29
29
27
27
27
20
16
18
15
13
14
11
4
-3
-8
-13
-16
-15
-13
-13
-12
-11
-9
-10
-11
-9
-9
-10
-7
-5
-6
-7
-9
-17
-24
-27
-30
-34
-33
-31
-34
-36
-33
-31
-27
-17
-10
-4
2
9
14
17
20
24
25
23
23
21
19
16
13
8
3
0
-1
-4
-2
1
1
2
5
6
6
12
15
14
18
22
21
22
25
23
19
16
13
10
7
8
8
7
6
6
4
1
0
2
2
6
12
13
11
11
9
3
4
7
8
8
13
14
12
15
19
19
20
26
30
32
36
38
36
34
28
22
15
7
2
-4
-12
-19
-25
-31
-36
-38
-38
-40
-39
-33
-32
-26
-18
-11
-8
-4
1
2
2
4
4
2
2
0
-2
-6
-10
-13
-18
-20
-21
-21
-20
-18
-15
-14
-13
-9
-5
-4
2
8
11
15
18
20
20
21
23
23
23
24
25
22
22
21
17
14
11
9
7
7
7
7
5
2
-3
-6
-9
-9
-8
-10
-10
-11
-14
-15
-15
-15
-15
-14
-14
-16
-16
-14
-15
-15
-14
-17
-18
-17
-16
-15
-14
-12
-13
-15
-14
-12
-8
-6
-3
2
4
7
10
10
10
10
10
10
10
14
12
10
9
6
1
-2
-1
-1
-1
3
6
7
8
10
10
9
8
8
9
9
11
11
9
8
6
1
0
-2
-2
-4
-3
-2
-2
-1
4
6
5
7
8
8
7
9
9
7
8
11
9
8
9
7
4
4
4
3
3
4
4
2
0
-2
-6
-11
-11
-12
-13
-13
-14
-17
-21
-21
-23
-24
-23
-19
-17
-15
-11
-8
-7
-7
-5
-5
-5
-1
3
5
9
8
7
4
4
3
3
6
6
8
12
12
12
12
13
14
17
21
24
26
26
27
27
26
27
27
27
27
27
28
24
22
20
18
16
14
14
12
11
9
6
4
-1
-5
-8
-11
-14
-17
-21
-24
-29
-31
-34
-38
-41
-43
-44
-45
-45
-45
-45
-44
-42
-41
-38
-36
-33
-31
-28
-26
-25
-24
-23
-19
-16
-16
-12
-10
-9
-6
-3
-3
0
5
10
15
21
27
31
32
33
32
31
30
30
30
29
29
26
21
16
9
4
0
-1
-1
-1
1
4
3
1
1
-1
-2
-1
1
2
4
6
4
3
0
-3
-4
-4
-2
0
3
4
6
7
6
7
9
12
15
19
21
20
19
16
12
10
7
5
5
5
4
2
1
-1
-3
-4
-2
0
4
10
14
16
17
16
15
14
10
9
9
8
5
1
-2
