SAMPLES:	14567
BITSPERSAMPLE:	16
CHANNELS:	1
SAMPLERATE:	16000
NORMALIZED:	FALSE
0
0
0
0
0
1
1
1
1
1
1
0
0
0
0
0
0
0
0
0
0
0
0
-1
-1
-1
-1
-1
-1
-1
-1
-1
-1
-1
-1
0
0
-1
-1
-1
-1
-1
-1
-1
-1
0
0
0
0
0
0
-1
-1
-1
-2
-2
0
0
-1
-1
-1
0
1
0
0
0
0
0
-1
0
0
0
0
0
0
0
0
0
-1
-1
0
0
0
0
0
0
1
0
0
0
1
1
0
0
0
0
0
0
0
0
1
2
1
2
1
0
1
0
1
0
0
0
1
0
0
0
0
-1
-1
-1
0
-1
-1
0
0
0
0
0
0
-1
-1
-1
-1
0
-1
0
0
0
0
1
0
1
1
0
0
0
0
0
0
0
1
1
1
1
2
2
0
1
1
2
2
1
1
1
1
1
1
0
1
2
1
2
2
1
1
1
0
1
1
1
1
1
1
2
2
1
1
1
0
0
0
0
0
0
-1
0
0
0
0
0
-1
-2
-1
-2
-2
-2
-2
-2
-2
-2
-2
-2
-1
-1
-1
-1
-1
-1
-1
-1
-1
-1
-1
0
0
0
0
0
0
0
0
-1
0
-2
-1
-1
-1
-1
-1
0
1
0
-1
0
0
1
0
0
0
0
-1
0
-1
-1
-1
-1
-1
0
1
0
1
1
1
1
1
1
1
1
1
1
1
1
1
1
0
0
1
0
1
1
1
-1
0
0
-1
0
-1
-1
-1
-1
-1
-1
-1
-2
0
0
-1
0
1
1
0
0
0
0
0
-1
-1
0
-1
-1
0
1
-1
-1
-1
-1
-1
-1
-1
-1
-1
-1
-1
-1
-1
-1
-1
-1
-1
-2
-1
0
0
-1
-1
-2
-1
-1
-1
-2
-1
-1
0
0
0
0
-1
0
-1
-1
-1
-1
-1
-1
-1
-1
-1
-1
-1
0
0
0
-1
-1
-1
-1
-1
-2
-2
-3
-1
-1
-1
-1
0
-1
-3
-1
-1
-1
-2
-1
0
-1
0
1
0
-1
-1
-1
-1
-1
-1
-1
-1
-1
-2
-1
-1
-1
0
0
0
1
-1
-2
-1
-2
-1
-1
0
-1
0
1
0
-1
-1
0
0
0
0
0
-1
0
0
0
0
0
1
1
2
2
1
1
1
1
1
0
0
0
0
0
0
0
0
2
1
0
2
2
1
1
1
0
0
1
0
0
-1
0
-1
-1
-1
-1
-1
-1
-2
-2
-2
-2
-2
-2
-2
0
0
-1
-1
-1
-2
-2
-1
-1
-1
-1
-1
0
0
-1
0
0
0
0
1
0
-1
-1
-1
-1
-1
-1
0
-1
-1
-1
-1
-1
-1
0
0
0
0
0
0
0
0
0
1
0
0
0
0
0
0
0
1
1
1
1
-1
0
-1
0
0
0
-1
-2
-1
-2
0
0
0
0
0
0
0
0
0
0
1
0
-1
1
-1
0
0
0
0
1
1
0
0
1
1
1
1
1
1
1
1
1
1
1
1
1
0
0
0
1
1
2
1
1
0
1
1
2
3
1
1
2
1
2
1
1
1
1
1
1
0
0
0
-1
0
0
-1
-1
-1
-1
-1
0
0
-1
-1
0
-1
1
0
0
0
0
0
0
-1
-1
0
0
0
0
0
0
1
0
0
0
-1
0
0
0
0
0
0
1
0
-1
-1
-1
-1
-1
0
-1
-1
-1
-1
0
-1
-1
0
0
-1
-1
-1
-1
-1
-1
-1
0
0
0
0
-1
-1
-1
1
1
0
-1
-1
0
0
0
0
-1
-1
-1
-1
-1
-1
-1
-1
-1
0
0
0
0
0
-1
-1
-1
-2
-2
-2
-2
-2
-2
-2
-2
-2
-2
-2
-2
-2
-2
-2
-2
-2
-2
-2
-2
-3
-2
-2
-2
-2
-2
-3
-2
-1
-1
-1
-1
-1
-1
-1
0
-1
0
0
0
-2
0
0
-1
0
0
0
0
0
0
1
0
1
1
0
0
1
1
1
1
0
0
0
0
0
0
0
0
0
0
0
-1
-1
-1
-1
-1
1
-2
-1
-1
-2
-1
-1
-1
-1
-1
-1
-1
-2
-1
-2
-2
-2
-1
-1
-1
-1
-1
-1
-2
-2
-2
-2
-2
-2
-2
-1
-1
-1
-1
0
0
0
0
0
0
0
0
0
1
1
0
-1
0
1
0
0
0
0
-1
-1
1
1
0
0
1
1
0
1
1
1
1
0
0
-1
0
-1
-1
-1
-1
0
-1
-1
-1
-1
-2
-1
-1
-2
-2
-1
-1
-1
0
1
1
1
0
0
0
0
0
0
0
0
0
0
0
1
1
0
0
0
1
1
1
1
1
1
1
2
1
1
1
0
1
1
1
1
1
2
2
1
-1
0
-1
-1
0
1
1
2
2
3
1
0
1
0
1
1
1
1
1
1
0
0
0
0
0
0
1
1
0
0
-1
-1
-1
1
1
2
2
1
-1
-1
-1
-1
1
0
2
2
2
1
1
0
-1
-1
0
1
2
2
2
0
-2
-1
-1
-1
0
1
0
1
1
0
-1
0
0
0
1
1
2
2
1
1
-1
-2
-1
0
0
1
1
0
0
0
-2
-2
-1
-1
0
2
1
1
-1
-2
-2
-2
-2
0
1
1
1
0
-1
-2
-2
-1
0
1
2
2
1
0
-1
-2
-3
-2
1
0
1
2
1
0
0
-2
-2
0
0
1
2
1
0
0
-3
-3
-2
-1
0
1
1
0
0
-2
-3
-2
-2
0
1
1
2
1
0
-3
-3
-3
-3
-1
1
4
2
0
-1
-3
-3
-3
0
1
3
3
2
0
-1
-2
-2
-1
2
4
5
4
1
0
-3
-4
-2
-1
1
5
5
3
0
-2
-3
-3
-1
0
3
4
3
2
0
-3
-3
-4
-2
0
3
5
4
2
-1
-4
-5
-4
-2
2
3
4
2
1
-3
-4
-4
-3
0
3
4
3
3
0
-1
-2
-2
-1
1
4
5
3
2
-1
-3
-3
-3
-1
1
3
4
2
0
-3
-3
-3
-2
-1
1
2
2
0
-2
-3
-3
-3
-2
0
2
3
3
0
-2
-3
-4
-3
-2
0
1
1
0
0
-2
-2
-2
-2
0
1
2
2
1
0
-2
-1
-1
-1
1
3
3
3
2
1
-1
-1
0
0
2
3
3
3
2
0
0
0
-1
0
1
2
4
1
0
0
-1
-1
-1
0
2
2
2
2
0
-2
-2
-2
-1
-1
1
1
2
1
0
0
-1
-2
0
0
0
1
1
0
0
-2
-2
-1
0
0
1
2
2
1
1
1
0
0
1
1
2
2
2
2
2
1
1
0
0
1
2
1
1
2
1
2
1
1
1
1
2
1
1
1
1
-1
0
0
0
0
0
0
-1
-1
0
-1
-2
-1
-1
-2
0
0
0
0
0
0
-1
-1
-1
-1
0
0
0
1
1
0
-1
0
0
0
1
1
2
3
2
2
1
1
-1
1
1
3
3
2
1
0
0
1
0
1
2
2
2
4
3
3
2
0
1
1
2
1
1
1
2
2
1
1
1
1
0
1
2
2
1
0
0
-2
-2
-2
-1
-1
0
1
1
-1
-1
-2
-3
-2
-1
-1
1
1
1
0
-2
-3
-3
-4
-2
-1
0
3
2
-1
0
-2
-2
-1
0
1
3
2
2
0
-3
-2
-4
-2
2
3
3
4
3
1
-2
-3
-3
-2
0
3
3
2
3
-2
-3
-3
-4
-1
1
1
4
1
-2
-1
-5
-5
-2
-3
-1
3
1
2
1
-7
-4
-4
-7
0
0
3
5
-1
0
-2
-9
-3
-2
-4
4
4
1
4
-4
-5
-4
-9
-2
2
-1
6
3
-3
0
-6
-8
-1
-4
2
8
1
4
1
-8
-3
-4
-5
5
2
4
8
-3
-4
-1
-8
-3
2
1
7
3
0
5
-7
-9
2
-6
0
10
0
5
2
-5
3
-8
-5
12
0
4
15
-2
-2
2
-7
0
1
1
11
1
-3
11
-6
-12
2
-4
6
5
-5
11
-4
-15
8
-9
-8
10
-6
4
4
-8
9
-11
-19
13
4
-4
2
7
7
-16
-9
13
-12
-11
19
9
-7
1
6
-9
-12
0
6
8
-6
1
29
-13
-25
22
-5
-24
16
19
3
-10
0
17
-24
-21
30
0
-24
12
30
-5
-31
21
13
-50
11
46
-24
-6
30
-1
-32
-3
27
-14
-26
36
22
-37
7
45
-36
-32
47
-7
-37
40
28
-39
-9
38
-21
-43
43
19
-47
8
42
-22
-28
39
1
-61
33
38
-43
14
26
-26
-13
11
17
-8
-15
31
-17
-18
50
-12
-32
32
-12
-19
24
18
-13
-21
36
-4
-45
64
2
-72
56
-2
-32
46
-13
-19
21
-16
10
0
0
17
-20
7
16
-7
3
9
-4
-23
18
35
-43
-6
51
-34
-29
59
-20
-35
41
-10
-20
29
-14
2
0
-16
26
4
-25
28
-17
-24
27
1
-12
-3
11
-7
-5
13
-2
-21
9
-8
-1
19
-5
1
13
-43
2
54
-59
-6
64
-60
-2
64
-48
-6
31
-58
26
17
-29
41
-19
-22
45
-13
-28
26
-19
13
18
-36
28
32
-56
5
30
-26
10
2
-22
29
15
-22
-6
11
-14
-5
38
-28
-7
27
-20
14
-15
-19
50
-38
-42
82
-9
-68
54
12
-76
22
90
-97
-29
117
-53
-50
34
14
16
-36
-37
97
-17
-108
118
-3
-124
100
3
-93
73
35
-66
9
-14
10
36
-62
-2
66
-34
-50
84
7
-96
42
32
-56
-8
78
8
-83
16
53
-34
-55
47
33
-66
12
71
-33
-22
30
-9
-58
-17
89
1
-78
100
10
-126
48
67
-101
-14
95
-54
-8
89
-14
-48
-16
-9
-26
20
37
20
6
-18
-17
42
-47
-62
112
-89
-13
142
-67
24
58
-153
-2
80
-140
94
118
-121
55
62
-145
6
53
-73
24
1
83
53
-156
47
102
-176
-45
141
-35
-35
67
77
-93
-88
103
-28
-140
143
96
-161
38
115
-88
-71
46
42
-91
-7
146
-50
-86
106
-2
-106
12
50
8
-63
35
140
-161
-29
175
-195
38
106
-141
100
79
-141
65
-37
-62
127
-106
32
109
-86
-20
45
-20
-39
23
-52
61
83
-76
24
21
-71
-61
88
40
-94
28
138
-88
-78
88
-18
-62
-4
68
-2
-32
90
-19
-46
-17
21
-8
-92
112
34
-58
42
-9
-39
67
-87
-35
54
-18
70
-45
54
41
-121
35
-10
-76
87
68
-128
110
137
-208
-27
122
-93
-85
125
61
-39
-3
23
9
-86
-38
95
-23
-88
128
60
-118
24
73
-110
-2
121
-111
26
103
-126
102
19
-214
213
-23
-171
260
-133
-91
271
-241
-52
203
-132
-87
120
62
-45
1
60
-46
-108
-35
76
10
-149
280
143
-377
135
142
-406
165
173
-250
114
175
-109
-28
8
-37
-73
-84
182
80
-173
85
161
-234
-86
239
-64
-143
125
94
-135
19
139
-188
15
87
-63
25
40
-64
5
31
-75
124
-58
-93
161
-81
-126
229
-71
-87
138
-141
67
95
-164
88
43
-154
102
49
-70
11
-29
32
-68
32
50
-31
32
-104
-18
120
-67
-8
63
-97
24
80
-21
-36
-11
66
-28
-99
87
70
-60
-58
67
53
-126
17
74
-85
73
2
-141
80
39
-60
61
-88
81
39
-196
116
88
-157
89
26
-89
138
-12
-94
78
-31
-58
117
-53
-34
114
-13
-183
28
182
-89
-41
103
-7
-69
42
9
-54
-3
29
39
-35
-68
107
-30
-54
33
27
-32
9
8
-85
98
16
-123
42
40
50
52
-130
-40
107
-89
-62
79
48
5
-118
87
76
-56
27
-24
-136
14
204
-77
-6
33
27
-27
-190
0
128
-95
-56
256
-82
-82
124
-79
-76
-21
-8
11
64
17
115
-156
-35
100
-99
-85
99
72
-76
90
33
-25
-58
-9
70
-74
-11
104
-46
70
-1
-61
-16
9
1
-42
-108
164
73
-135
76
24
-33
-42
27
7
-65
-50
113
26
-115
28
113
-70
-93
46
48
-26
-86
159
108
-220
50
92
-79
13
-19
-8
-21
-84
280
46
-245
11
26
-56
-4
156
60
-98
-134
74
76
-49
-39
-5
-44
15
81
-153
97
39
-181
24
89
-9
70
-88
-3
173
-198
-19
143
-146
68
110
-125
60
6
-13
22
-143
63
144
-35
-69
70
116
-74
-94
-26
39
30
-60
70
36
-12
-23
-96
-63
85
-47
12
82
-66
107
-49
-127
84
-6
-61
24
-35
75
98
-15
-122
34
5
18
12
-37
93
104
-78
-77
2
29
-1
-55
56
83
-34
-35
-43
-39
73
-46
-78
64
122
34
-25
-83
-94
131
-92
-110
150
-9
-67
-2
74
47
-37
-66
-35
30
10
62
74
-123
19
132
-79
-61
79
-38
15
77
-57
-6
6
10
22
3
-45
-53
90
-13
-74
81
-60
-23
-30
-52
93
52
-95
38
63
-28
-16
-61
-16
135
3
-87
20
34
39
-29
-84
-23
102
-40
28
82
-82
9
49
-51
8
14
28
38
-125
-51
21
-14
0
-51
-14
93
52
-65
-37
2
19
-89
-26
172
44
-97
5
75
-33
-39
-58
43
75
25
67
10
-57
68
6
-27
45
-43
-18
-8
-55
-26
-25
7
45
-104
-9
92
-198
-62
41
38
69
-122
36
92
-24
-86
23
10
45
39
-9
96
65
34
-52
58
62
-56
6
35
-23
-83
-22
14
-82
-50
-2
45
-38
-109
5
-14
-45
-32
-7
3
36
1
-5
108
25
-44
49
41
-40
35
77
13
-1
-1
16
14
-33
-71
-85
-10
66
17
-95
-8
73
-67
-36
55
20
81
79
-13
-37
16
57
-75
-121
32
51
-8
-17
-70
-14
7
-9
-18
-84
-6
105
53
6
19
24
33
2
-35
5
94
132
-2
-94
-34
44
24
-33
-75
-94
64
104
-8
-118
-52
44
52
-14
-114
-89
68
147
41
-58
-50
1
63
33
-18
-42
1
42
28
15
-22
-12
24
7
-20
-31
-30
-7
33
15
-6
5
-32
25
60
-15
-18
12
-24
-5
30
37
9
0
19
-8
-31
-34
15
3
-25
2
-9
7
16
-25
-31
6
-10
-32
-9
13
-8
11
29
-7
5
41
5
13
33
-22
-13
12
14
-13
-20
20
6
-12
-6
-55
-21
16
0
-23
-12
-5
16
9
3
-6
-5
3
-13
-10
-14
-9
23
16
-10
-9
-5
7
-11
-11
-4
-25
4
25
20
25
22
-1
-15
-3
-11
6
17
18
-8
9
16
-19
0
6
-21
-8
28
0
-19
-6
-4
-2
-2
-3
-9
-21
11
11
-8
-3
-6
-1
-21
7
32
-7
1
21
8
12
16
5
-11
19
33
0
8
11
-9
-7
6
-34
-30
19
0
5
-9
-14
-10
-23
-13
-26
3
18
-2
14
-7
2
3
-21
5
3
-18
6
23
1
3
26
-4
1
3
6
3
4
13
-13
0
1
-4
-8
5
11
-10
-20
17
0
-13
18
-11
-11
12
18
4
-15
25
-2
-13
-12
-6
13
5
-13
-14
-3
-9
-4
10
-3
6
2
-5
11
20
-10
-1
31
3
-16
8
7
-13
4
18
-23
-14
11
-22
2
26
-8
-15
11
3
1
1
-16
-6
-3
-1
0
3
-3
-5
8
-14
-25
-6
10
-5
26
23
-8
3
-13
-4
-9
-13
10
-20
-3
21
6
2
0
0
-2
13
15
-14
26
7
-5
11
-3
-14
9
8
-27
-26
2
-4
-12
-10
-8
-13
-4
2
-14
-5
5
-16
10
8
-22
20
19
8
24
14
-6
6
-15
15
25
-13
13
15
2
19
-17
-40
-13
19
-13
-18
19
-3
12
9
-10
-20
-18
6
-12
-2
36
-5
-13
2
-11
-15
11
-3
-2
-23
1
16
-4
-1
-5
-5
-1
11
-7
14
17
12
16
2
-2
-3
-6
25
3
-9
22
-10
-27
2
-7
-17
-2
-11
-5
29
-11
-32
12
-15
-15
11
-6
6
26
3
8
1
-15
2
-21
14
11
6
16
3
12
-9
-10
-12
-7
-6
14
22
-3
1
10
6
-15
-8
0
-2
-2
1
23
-12
-11
-14
-14
3
-13
-15
1
10
0
-1
-34
-7
33
7
-4
19
12
-5
10
3
-8
0
14
-1
-4
2
26
-8
-18
11
-8
-13
17
3
-20
14
12
-23
-5
12
-22
2
17
-18
2
15
-11
-1
4
-6
10
14
-11
9
23
-9
-7
-2
0
-10
-15
-4
21
-2
-16
15
-2
-24
-5
-4
-2
2
4
2
-8
8
14
-18
1
9
-11
8
17
11
-9
0
5
-9
-15
16
-4
-20
7
-9
13
2
-20
0
-13
5
3
-8
6
7
-1
2
4
1
-4
-2
-9
3
16
-8
4
13
-7
6
-4
-18
18
2
-19
-3
8
8
19
3
-19
5
25
2
-7
7
15
-10
-12
14
0
-15
-3
-5
-11
13
4
-22
-6
18
-13
-5
16
2
4
4
9
-11
-8
20
-7
-18
15
12
-22
10
-4
-26
12
10
-13
-4
-1
1
-8
-5
1
-6
-11
7
9
-1
13
1
6
1
4
1
-16
10
14
-15
7
8
-13
5
10
-25
-11
20
-4
-2
12
-3
15
5
-10
4
-6
-7
1
10
-3
-1
0
-3
-10
19
6
-6
18
7
-20
7
16
-17
16
10
-5
12
0
-1
-12
-12
8
-10
2
9
-5
6
5
-15
-8
-8
-7
-6
7
8
-5
-1
2
-6
-2
16
12
-19
-3
18
-4
6
4
-20
-12
11
-2
12
-13
-16
7
-3
-4
12
-3
-13
15
2
-13
11
13
-15
2
9
-8
-14
17
10
-7
9
-2
-6
4
-6
-1
0
-2
-8
-1
7
-3
-2
-3
-18
6
5
8
-5
-2
11
-17
4
16
3
-1
-2
7
17
-9
0
8
-18
-2
16
-18
-8
12
-2
5
-8
-15
-3
-5
-5
0
11
-1
0
17
6
-16
16
-2
-12
21
-3
7
4
-5
0
-9
-13
-5
-4
-16
-6
22
-1
-14
-7
-5
7
-1
1
-6
9
13
13
-3
-15
11
12
-9
-22
13
13
5
10
-13
-12
6
5
-14
-9
-2
15
7
0
-2
-2
-6
2
-1
1
19
3
2
15
-4
-6
6
-11
-1
21
-7
-5
13
-9
8
-5
-9
3
4
0
4
13
-7
-2
1
2
5
9
-4
-5
4
1
-9
-8
0
0
-1
2
-3
-15
-1
11
-13
-16
13
8
4
6
2
3
-2
4
1
3
13
5
-3
4
-3
-3
4
-13
-10
15
-9
-10
11
6
-11
-8
6
-15
-3
12
-6
2
2
3
1
-21
3
15
-14
-5
8
1
-5
-1
5
-6
-1
12
-1
6
4
0
3
-5
2
3
-3
2
18
-3
-4
-3
-7
0
-1
6
-13
-7
18
-9
-12
0
-4
-3
-11
8
12
-15
5
1
-16
16
14
-20
12
4
-7
17
2
-9
2
7
-13
3
9
-9
6
6
0
6
-13
-7
22
-3
-11
4
-3
-5
17
5
-17
0
-2
4
-5
-3
11
2
-17
4
11
-3
4
4
-16
4
18
-8
8
-2
-10
19
8
-2
-2
4
2
-7
2
1
-1
8
-1
-12
5
-4
-9
-5
-2
10
-9
-5
17
-12
-1
14
-18
6
16
-10
-5
8
1
-13
5
7
-9
6
5
5
-5
-13
12
3
-6
8
2
-2
6
3
-10
3
0
-10
14
-3
-17
8
12
-6
0
3
-6
15
15
-22
4
12
-12
13
1
-15
14
13
-7
-7
-3
-2
5
-1
-5
7
-2
6
11
-14
-3
8
-9
2
10
-12
2
26
-15
-13
12
-2
-2
-4
3
14
-8
-1
10
-13
-13
6
-11
-6
18
-8
-17
12
0
-15
4
-4
-8
13
8
0
2
-14
1
12
5
-8
-2
8
-2
-10
-5
1
-2
-12
1
12
-7
6
6
-20
-1
15
-5
-8
8
7
2
3
-1
0
-1
2
2
-13
-2
23
-4
-11
1
-2
2
4
-13
-11
9
13
7
-2
-6
-1
4
-6
-1
0
2
10
5
-5
0
-6
-3
0
-7
6
4
0
2
0
-1
-5
-5
-3
1
1
3
5
1
3
-15
3
8
-12
1
8
-4
5
11
-11
-4
5
-4
2
6
-1
5
-6
-2
4
-10
-3
3
-2
4
4
-10
-1
7
-7
-6
8
4
3
9
-3
-6
-1
2
0
0
-2
4
6
-1
6
-2
-10
2
-1
-1
8
3
2
-3
-1
4
-2
-3
7
-1
-5
10
0
-17
5
4
-6
3
-2
-5
1
1
-3
2
-12
-7
14
-2
-4
11
4
0
-1
-6
-2
3
-4
6
13
-10
-3
0
-11
-8
-3
1
-2
-3
-4
-5
0
5
0
-2
0
12
15
-1
8
10
-2
4
3
9
17
-3
-1
10
-1
-8
-8
-6
-7
-8
-1
1
-3
2
-3
-2
-9
-2
12
-21
2
9
-24
-10
-9
-12
-6
-6
-3
-8
8
2
-11
17
-9
-15
3
-95
113
252
-84
-60
58
-40
46
10
-55
81
1
12
99
-70
-22
49
-88
-31
37
-29
0
21
-27
-23
-5
-20
-25
-10
-4
-17
-28
-9
-6
-19
-3
-3
-7
-6
-27
-16
14
24
27
2
-9
26
24
8
11
0
-11
46
165
111
-70
-84
-5
20
26
-1
11
47
11
3
-16
-49
-18
-15
-51
-21
13
28
22
-34
-56
-33
7
4
-35
-18
2
-2
-13
-44
-21
18
4
7
5
-20
2
9
5
5
-14
11
17
15
23
-3
7
24
-2
4
15
-2
9
8
2
8
6
14
15
8
-4
-23
-11
13
14
-12
-16
12
15
0
-11
-22
-19
-2
-2
-13
-11
3
-1
-8
-9
-5
6
-14
-20
15
-4
-18
26
2
-16
26
6
-21
5
20
25
9
1
11
0
-4
4
7
10
12
13
11
12
5
-23
-24
5
-2
-5
19
15
-1
-6
-11
-5
0
-28
-15
26
-4
-19
12
-23
-17
38
8
-14
-5
-11
9
3
-18
11
2
16
40
-26
-14
54
-8
-44
7
9
16
10
-29
-11
-12
8
47
-2
-23
7
-20
-29
4
-1
-6
2
18
18
-4
4
-8
-37
-26
6
27
18
1
-4
-16
-14
11
11
-12
-6
22
24
14
-19
-49
-23
14
13
14
28
-7
-10
8
-26
-17
-2
-18
12
13
-1
13
6
22
28
-19
-20
5
5
15
12
22
20
-22
-13
24
17
4
-11
-24
-14
-1
10
1
-13
-7
-9
-9
-2
-15
3
21
-26
-42
12
34
-6
-49
-33
16
23
24
26
0
0
17
-20
-41
9
45
46
30
-4
2
43
26
-14
-28
-28
2
23
15
18
8
-16
-18
-37
-71
-39
18
24
-1
-16
-4
-15
-43
-16
21
19
15
-5
-35
9
70
48
6
-19
-35
-13
5
9
34
43
24
-6
-16
4
12
-4
-27
-52
-17
26
19
37
34
-19
-37
-36
-30
-17
-49
-42
6
21
51
41
-12
6
13
-48
-71
-55
-1
81
77
57
80
46
-9
-31
-43
-32
-11
-7
10
49
89
89
22
-52
-79
-83
-83
-75
-43
40
98
56
4
-14
-40
-59
-81
-102
-70
-20
38
114
117
70
22
-70
-138
-116
-47
30
85
119
145
104
6
-55
-74
-90
-60
9
54
98
155
119
0
-55
-50
-68
-91
-101
-64
27
85
107
97
29
-45
-112
-179
-159
-62
23
84
124
132
103
37
-55
-137
-135
-62
11
73
125
173
181
78
-78
-164
-151
-82
-10
49
113
140
81
-5
-91
-160
-122
-47
-46
-17
82
131
88
-23
-105
-96
-72
-44
0
46
106
93
-9
-73
-96
-65
11
23
22
60
58
20
-34
-74
-50
-22
-5
36
65
97
92
0
-74
-75
-38
5
10
13
47
70
60
-16
-99
-78
-6
5
-22
-15
26
22
-25
-28
-11
1
32
20
-26
-4
48
28
-17
-8
41
67
46
27
46
54
27
9
-3
20
58
39
26
30
16
28
32
4
11
13
-29
-49
-39
3
32
8
-13
-23
-36
-52
-76
-59
-8
-6
-23
-13
-12
-25
-45
-59
-51
-45
-32
2
16
-14
-38
-28
-30
-42
-22
-3
-19
-56
-89
-84
-70
-62
-35
-38
-65
-80
-121
-166
-179
-184
-165
-126
-116
-128
-158
-220
-287
-327
-304
-249
-216
-186
-162
-173
-206
-233
-228
-182
-128
-72
-1
57
101
145
170
189
235
295
370
466
535
574
597
607
618
642
693
748
759
738
711
669
623
600
587
552
510
470
403
326
266
203
140
61
-7
-35
-70
-101
-112
-157
-205
-235
-274
-300
-305
-298
-276
-273
-277
-262
-250
-246
-245
-255
-244
-212
-204
-212
-208
-202
-201
-202
-229
-283
-314
-307
-309
-346
-388
-429
-499
-585
-658
-705
-744
-787
-851
-928
-1004
-1085
-1140
-1166
-1208
-1214
-1168
-1146
-1173
-1215
-1126
-804
-391
-97
-25
-71
-1
190
411
770
1285
1735
1918
1802
1640
1703
1944
2197
2392
2512
2555
2414
2058
1769
1702
1686
1618
1469
1241
1009
738
381
29
-236
-385
-498
-679
-863
-971
-1097
-1316
-1543
-1676
-1679
-1594
-1523
-1500
-1476
-1436
-1415
-1419
-1346
-1132
-882
-704
-597
-507
-394
-247
-90
91
292
479
619
682
761
930
1097
1177
1196
1211
1264
1321
1343
1354
1372
1358
1249
1056
915
899
916
891
787
616
447
252
42
-57
-45
-24
-68
-215
-365
-442
-508
-555
-558
-559
-538
-524
-580
-625
-611
-591
-592
-625
-642
-610
-612
-653
-667
-670
-693
-752
-861
-963
-1018
-1074
-1178
-1317
-1442
-1528
-1601
-1680
-1763
-1869
-1993
-2097
-2171
-2209
-2185
-2164
-2203
-2132
-1642
-826
-307
-498
-920
-871
-324
315
938
1668
2348
2545
2175
1794
2039
2833
3505
3733
3794
3849
3648
3139
2767
2860
3134
3146
2816
2410
2109
1788
1277
701
389
362
255
-94
-466
-712
-991
-1448
-1883
-1990
-1819
-1662
-1701
-1912
-2097
-2153
-2191
-2192
-1964
-1532
-1202
-1156
-1230
-1185
-989
-732
-453
-155
164
418
485
444
540
799
1022
1114
1193
1327
1387
1292
1152
1083
1130
1234
1242
1131
1029
932
743
516
413
459
482
371
213
74
-62
-162
-237
-257
-164
-70
-137
-274
-314
-268
-240
-214
-112
23
90
81
30
-15
7
53
43
34
76
92
-8
-175
-294
-360
-434
-503
-582
-692
-828
-1006
-1198
-1332
-1384
-1425
-1553
-1743
-1909
-2062
-2204
-2291
-2294
-2230
-2203
-2295
-2465
-2603
-2616
-2527
-2451
-2422
-2235
-1615
-731
-246
-537
-1039
-913
-135
718
1428
2149
2778
2886
2410
2039
2491
3527
4282
4423
4371
4378
4135
3568
3221
3458
3852
3807
3295
2757
2436
2085
1478
867
639
670
456
-112
-631
-929
-1269
-1771
-2157
-2152
-1934
-1922
-2243
-2625
-2777
-2738
-2712
-2631
-2302
-1896
-1752
-1869
-1952
-1769
-1383
-1013
-701
-367
-21
190
182
198
490
921
1214
1340
1449
1585
1618
1528
1482
1596
1811
1928
1832
1638
1490
1388
1268
1157
1152
1179
1041
743
463
312
248
192
123
68
22
-79
-251
-400
-433
-384
-362
-371
-330
-261
-253
-309
-352
-326
-254
-183
-139
-130
-149
-195
-273
-343
-349
-318
-327
-394
-514
-667
-834
-984
-1055
-1080
-1162
-1329
-1540
-1735
-1881
-2003
-2108
-2156
-2186
-2261
-2394
-2560
-2676
-2699
-2692
-2687
-2660
-2653
-2610
-2235
-1445
-737
-736
-1236
-1340
-689
249
1011
1586
2118
2430
2262
1956
2245
3247
4181
4395
4203
4180
4197
3919
3596
3675
4005
4045
3609
3053
2750
2540
2054
1380
965
936
831
330
-253
-628
-940
-1369
-1773
-1867
-1703
-1689
-2032
-2510
-2725
-2609
-2495
-2477
-2319
-2028
-1901
-2034
-2132
-1912
-1471
-1115
-926
-725
-417
-153
-70
-27
245
681
969
1066
1157
1329
1454
1433
1413
1548
1760
1826
1664
1529
1596
1627
1420
1163
1139
1261
1198
921
650
490
387
238
86
73
143
53
-261
-537
-579
-526
-529
-515
-430
-405
-518
-651
-668
-535
-354
-287
-323
-337
-303
-313
-386
-391
-305
-272
-314
-350
-379
-463
-628
-818
-936
-944
-912
-966
-1128
-1339
-1588
-1851
-2010
-1985
-1875
-1850
-1968
-2194
-2430
-2554
-2531
-2407
-2258
-2167
-2193
-2332
-2513
-2594
-2283
-1400
-368
-25
-583
-1167
-941
-79
822
1538
2137
2526
2426
2001
1971
2760
3817
4264
4064
3899
3987
3914
3615
3550
3821
3947
3613
3061
2730
2639
2351
1717
1150
1009
1025
703
128
-284
-560
-947
-1389
-1602
-1519
-1455
-1725
-2231
-2577
-2556
-2407
-2365
-2299
-2110
-2040
-2228
-2394
-2224
-1771
-1337
-1122
-1038
-905
-708
-555
-420
-105
363
676
739
781
957
1181
1315
1395
1541
1722
1800
1694
1541
1576
1738
1754
1593
1453
1412
1302
1047
832
787
781
643
374
140
20
-121
-373
-576
-568
-500
-626
-899
-1067
-1065
-1045
-1063
-1021
-901
-819
-865
-987
-1002
-836
-654
-586
-555
-473
-435
-547
-660
-568
-367
-287
-383
-523
-574
-561
-623
-773
-855
-835
-867
-1032
-1204
-1280
-1351
-1489
-1616
-1646
-1609
-1636
-1804
-2003
-2073
-2044
-2060
-2145
-2223
-2204
-1879
-1148
-490
-567
-1221
-1526
-989
-12
832
1381
1696
1737
1479
1250
1626
2671
3594
3693
3317
3179
3287
3272
3213
3394
3639
3549
3122
2707
2572
2565
2268
1660
1230
1197
1151
754
268
-36
-318
-719
-1045
-1103
-1020
-1115
-1528
-2020
-2202
-2051
-1946
-1991
-1958
-1859
-1925
-2113
-2111
-1804
-1420
-1208
-1187
-1165
-977
-710
-540
-388
-67
295
436
444
588
853
1043
1090
1117
1263
1478
1560
1457
1369
1420
1453
1358
1295
1350
1331
1101
818
665
628
588
422
173
1
-103
-285
-497
-552
-489
-557
-782
-942
-945
-886
-861
-866
-820
-725
-681
-740
-762
-590
-362
-287
-307
-262
-174
-154
-178
-120
29
129
46
-179
-318
-267
-192
-246
-360
-428
-544
-802
-1050
-1121
-1059
-1073
-1275
-1522
-1682
-1788
-1907
-2019
-2058
-2042
-2125
-2323
-2502
-2586
-2658
-2692
-2326
-1458
-765
-992
-1841
-2186
-1494
-371
437
828
1084
1218
1050
877
1362
2508
3387
3353
2963
3020
3384
3518
3445
3566
3843
3839
3470
3127
3104
3160
2817
2191
1901
2036
2012
1497
860
488
248
-83
-382
-471
-471
-739
-1382
-1980
-2080
-1825
-1729
-1904
-2061
-2133
-2284
-2479
-2456
-2130
-1770
-1662
-1772
-1791
-1520
-1177
-1014
-862
-504
-119
26
27
179
505
774
891
991
1214
1468
1506
1347
1325
1571
1784
1699
1496
1428
1424
1307
1104
1000
1008
911
603
253
99
93
-12
-235
-380
-439
-572
-806
-946
-868
-740
-752
-874
-921
-824
-739
-747
-712
-541
-357
-298
-309
-246
-125
-59
-48
8
137
207
103
-92
-181
-119
-78
-159
-268
-362
-522
-779
-1025
-1117
-1096
-1114
-1256
-1516
-1782
-1971
-2120
-2214
-2230
-2237
-2340
-2549
-2734
-2864
-2964
-2806
-2180
-1385
-1110
-1623
-2207
-2029
-1096
-63
547
838
1063
1111
1024
1253
2138
3227
3637
3359
3185
3465
3845
3943
3941
4121
4250
4041
3628
3421
3523
3432
2870
2270
2080
2125
1862
1255
745
433
116
-295
-637
-748
-874
-1309
-1913
-2277
-2201
-2071
-2236
-2490
-2602
-2627
-2719
-2820
-2677
-2344
-2111
-2108
-2179
-1989
-1586
-1309
-1164
-936
-546
-224
-132
-20
282
629
850
941
1110
1398
1565
1518
1436
1569
1837
1892
1734
1603
1600
1600
1454
1311
1279
1185
928
581
376
403
404
252
37
-127
-246
-467
-673
-642
-473
-390
-505
-650
-630
-552
-519
-502
-425
-246
-130
-141
-154
-106
-9
17
-7
90
209
185
3
-191
-210
-158
-188
-307
-490
-637
-778
-993
-1181
-1280
-1328
-1452
-1699
-1896
-2015
-2144
-2275
-2409
-2486
-2530
-2648
-2804
-2917
-2928
-2919
-2902
-2488
-1642
-1075
-1365
-2083
-2139
-1215
-36
727
1012
1180
1348
1344
1439
2129
3267
3990
3803
3408
3582
4055
4275
4218
4254
4426
4335
3912
3526
3467
3499
3092
2385
2049
2113
1963
1288
545
185
-10
-315
-671
-910
-1047
-1399
-2036
-2516
-2493
-2203
-2218
-2568
-2778
-2768
-2770
-2824
-2750
-2438
-2130
-2063
-2130
-2048
-1650
-1228
-1077
-939
-584
-195
-12
46
267
620
902
1108
1266
1435
1571
1531
1444
1545
1843
2045
1937
1745
1655
1573
1465
1368
1350
1355
1218
942
640
489
502
423
248
138
63
-61
-255
-363
-301
-246
-255
-311
-373
-350
-345
-404
-410
-308
-174
-173
-256
-242
-215
-244
-289
-296
-239
-266
-421
-591
-675
-631
-636
-816
-1014
-1165
-1291
-1430
-1571
-1604
-1633
-1784
-2007
-2227
-2299
-2254
-2263
-2315
-2394
-2460
-2524
-2645
-2679
-2583
-2489
-2485
-2505
-2163
-1373
-743
-814
-1369
-1507
-757
326
1096
1442
1615
1760
1739
1795
2391
3376
4063
3987
3621
3695
4050
4210
4132
4088
4198
4116
3713
3363
3277
3269
2924
2272
1887
1847
1697
1197
573
217
37
-265
-629
-914
-1070
-1296
-1753
-2125
-2150
-2021
-2103
-2459
-2686
-2652
-2596
-2570
-2524
-2365
-2175
-2180
-2255
-2143
-1778
-1355
-1184
-1101
-845
-550
-347
-233
-51
291
600
806
946
1097
1298
1346
1281
1378
1651
1906
1913
1759
1676
1626
1580
1529
1489
1515
1426
1148
857
700
710
661
474
310
166
26
-120
-260
-269
-219
-261
-395
-551
-579
-542
-564
-567
-518
-442
-406
-472
-544
-555
-513
-463
-446
-411
-396
-496
-643
-707
-654
-575
-601
-727
-882
-1011
-1098
-1165
-1192
-1178
-1233
-1400
-1580
-1701
-1763
-1794
-1836
-1892
-1956
-2028
-2093
-2206
-2310
-2322
-2306
-2293
-2304
-2185
-1649
-930
-655
-1110
-1662
-1343
-264
718
1181
1258
1334
1434
1461
1768
2551
3465
3823
3426
3127
3419
3812
3896
3757
3780
3900
3699
3289
2988
2935
2912
2468
1871
1664
1675
1414
719
100
-72
-172
-425
-750
-1050
-1265
-1630
-2107
-2301
-2142
-1938
-2115
-2552
-2705
-2602
-2504
-2444
-2368
-2167
-1988
-1958
-1898
-1686
-1291
-954
-884
-769
-433
-70
168
287
507
837
1068
1210
1274
1360
1521
1573
1592
1734
1916
1992
1830
1622
1563
1530
1509
1448
1318
1228
1055
785
574
479
506
417
180
25
-101
-198
-239
-291
-277
-279
-357
-419
-463
-380
-267
-278
-243
-170
-147
-156
-203
-172
-100
-85
-63
-81
-88
-75
-201
-367
-442
-421
-358
-418
-573
-760
-994
-1148
-1203
-1201
-1182
-1321
-1589
-1823
-1949
-1943
-1936
-2005
-2113
-2256
-2361
-2384
-2393
-2371
-2349
-2366
-2367
-2400
-2389
-2069
-1404
-760
-683
-1123
-1281
-759
121
869
1251
1480
1666
1696
1764
2161
2915
3565
3583
3323
3377
3658
3823
3734
3638
3690
3627
3376
3089
2901
2810
2493
1946
1583
1493
1389
962
379
13
-232
-521
-834
-1090
-1221
-1429
-1818
-2153
-2246
-2133
-2158
-2424
-2560
-2493
-2419
-2427
-2449
-2286
-2027
-1886
-1820
-1729
-1490
-1184
-1024
-857
-539
-193
19
69
188
472
749
943
1045
1141
1284
1321
1285
1330
1476
1603
1529
1356
1275
1247
1229
1162
1044
961
835
645
490
414
416
347
171
61
10
-43
-109
-179
-158
-84
-79
-141
-207
-181
-106
-86
-65
-14
21
-5
-90
-135
-107
-59
-41
-69
-88
-143
-309
-473
-514
-444
-387
-476
-681
-930
-1147
-1254
-1293
-1288
-1266
-1369
-1624
-1880
-1988
-1961
-1905
-1866
-1883
-1977
-2091
-2164
-2171
-2110
-1985
-1877
-1856
-1848
-1867
-1872
-1509
-713
-10
-21
-592
-762
-135
823
1571
1880
2031
2200
2187
2185
2569
3349
3984
3893
3539
3601
3874
3987
3845
3699
3742
3657
3336
2982
2777
2740
2457
1857
1462
1367
1224
761
180
-109
-250
-491
-819
-1160
-1350
-1497
-1792
-2056
-2111
-2012
-2066
-2370
-2498
-2355
-2227
-2208
-2256
-2174
-1939
-1777
-1687
-1579
-1346
-1030
-922
-871
-590
-241
-13
48
130
396
648
789
858
923
1095
1201
1169
1234
1418
1533
1410
1226
1252
1345
1336
1234
1104
1071
1018
866
719
678
749
652
362
220
220
213
149
52
39
-17
-164
-286
-376
-309
-198
-275
-376
-408
-438
-528
-642
-566
-439
-488
-607
-752
-819
-776
-789
-837
-874
-876
-911
-1120
-1274
-1265
-1278
-1329
-1399
-1429
-1441
-1566
-1708
-1789
-1759
-1630
-1646
-1760
-1788
-1759
-1736
-1783
-1781
-1650
-1569
-1537
-1548
-1576
-1548
-1491
-1120
-366
229
171
-445
-719
-68
948
1702
1974
1990
2064
2001
1943
2375
3213
3911
3878
3407
3327
3544
3661
3631
3559
3657
3647
3263
2829
2606
2584
2394
1844
1492
1495
1360
867
206
-164
-200
-287
-525
-858
-1118
-1285
-1642
-1999
-1993
-1763
-1693
-1997
-2325
-2343
-2250
-2156
-2068
-1941
-1674
-1548
-1661
-1695
-1466
-1060
-825
-765
-514
-195
-27
19
64
354
743
947
1006
1042
1221
1395
1365
1407
1586
1721
1728
1594
1542
1572
1519
1449
1347
1308
1318
1115
868
750
699
641
426
245
214
119
-12
-185
-357
-377
-428
-538
-600
-637
-630
-727
-884
-886
-840
-811
-814
-886
-929
-976
-1019
-990
-936
-852
-866
-1030
-1118
-1084
-1005
-964
-1039
-1130
-1217
-1283
-1243
-1210
-1212
-1221
-1335
-1459
-1458
-1380
-1288
-1296
-1358
-1364
-1414
-1457
-1407
-1374
-1334
-1282
-1297
-1273
-1268
-1352
-1292
-836
-48
411
-12
-638
-557
228
1158
1673
1807
1908
1901
1764
1815
2382
3305
3717
3335
2983
3115
3383
3407
3234
3206
3276
3126
2756
2402
2331
2329
1919
1332
1122
1198
1004
387
-154
-339
-408
-583
-907
-1189
-1305
-1497
-1863
-2126
-2037
-1834
-1972
-2257
-2278
-2152
-2076
-2075
-2030
-1827
-1613
-1514
-1478
-1325
-954
-677
-630
-471
-103
209
311
363
580
888
1121
1203
1217
1404
1673
1731
1625
1655
1864
1920
1744
1636
1669
1728
1685
1495
1333
1259
1155
940
728
750
802
560
225
52
12
-35
-171
-284
-326
-362
-442
-624
-738
-644
-583
-676
-764
-737
-687
-745
-819
-788
-737
-715
-731
-758
-701
-636
-682
-775
-768
-653
-621
-744
-856
-889
-886
-882
-909
-944
-976
-1042
-1155
-1243
-1217
-1153
-1185
-1291
-1379
-1409
-1430
-1458
-1455
-1448
-1454
-1499
-1565
-1554
-1540
-1509
-1179
-569
-130
-335
-909
-934
-206
689
1227
1313
1343
1443
1404
1480
1993
2814
3303
3022
2629
2745
3059
3183
3084
3054
3182
3080
2683
2298
2181
2262
2056
1562
1317
1304
1085
501
-61
-202
-162
-296
-625
-990
-1192
-1363
-1698
-1940
-1843
-1628
-1730
-2128
-2314
-2186
-2045
-1985
-1950
-1812
-1595
-1524
-1566
-1479
-1164
-829
-737
-656
-317
10
120
132
262
594
898
1000
1055
1259
1545
1579
1381
1442
1788
1993
1874
1656
1607
1661
1635
1534
1450
1464
1370
986
673
712
835
690
350
161
124
28
-115
-247
-280
-216
-302
-551
-674
-570
-482
-603
-708
-623
-558
-613
-694
-712
-643
-577
-604
-672
-633
-524
-601
-790
-766
-579
-517
-685
-889
-963
-962
-919
-904
-972
-1010
-1100
-1317
-1460
-1407
-1241
-1226
-1406
-1500
-1519
-1545
-1544
-1585
-1578
-1525
-1544
-1562
-1559
-1494
-1487
-1620
-1345
-523
123
-9
-737
-1013
-304
714
1401
1565
1514
1588
1525
1507
2065
2982
3582
3334
2759
2792
3178
3379
3339
3223
3289
3238
2838
2514
2461
2531
2299
1662
1306
1338
1216
741
128
-143
-126
-277
-597
-953
-1170
-1307
-1670
-1978
-1911
-1711
-1745
-2134
-2422
-2297
-2102
-2005
-1980
-1920
-1704
-1603
-1673
-1595
-1283
-884
-694
-676
-469
-176
-5
89
221
510
852
1062
1159
1230
1344
1445
1478
1594
1815
1936
1833
1630
1534
1559
1614
1605
1461
1260
1070
880
722
633
614
552
341
109
-60
-175
-232
-283
-347
-405
-479
-574
-695
-767
-718
-650
-633
-660
-717
-785
-833
-818
-742
-660
-600
-602
-671
-746
-787
-775
-724
-662
-644
-749
-900
-970
-974
-947
-936
-977
-1069
-1208
-1299
-1336
-1378
-1367
-1343
-1374
-1424
-1504
-1570
-1604
-1611
-1519
-1442
-1420
-1368
-1377
-1408
-1420
-1433
-1169
-549
76
212
-303
-668
-229
644
1387
1683
1687
1748
1774
1811
2146
2783
3410
3460
3042
2940
3230
3470
3452
3294
3271
3253
3025
2728
2512
2431
2272
1810
1392
1272
1179
814
252
-116
-236
-404
-678
-990
-1228
-1372
-1629
-1931
-2022
-1926
-1907
-2152
-2380
-2297
-2136
-2081
-2064
-1996
-1788
-1599
-1561
-1506
-1304
-967
-703
-611
-425
-130
59
164
285
527
874
1128
1231
1241
1286
1436
1517
1554
1715
1853
1812
1643
1507
1532
1571
1493
1329
1150
1083
1023
796
577
501
452
324
159
84
35
-123
-304
-421
-440
-367
-369
-493
-600
-631
-632
-676
-689
-619
-588
-615
-650
-687
-703
-698
-695
-688
-670
-645
-684
-772
-798
-789
-823
-880
-889
-852
-883
-1003
-1131
-1213
-1204
-1151
-1143
-1189
-1300
-1436
-1523
-1535
-1434
-1328
-1353
-1458
-1582
-1623
-1538
-1419
-1296
-1222
-1248
-1319
-1420
-1304
-719
0
258
-147
-610
-352
480
1224
1547
1563
1620
1724
1770
2030
2606
3163
3252
2923
2850
3197
3435
3334
3106
3043
3106
2992
2754
2587
2450
2193
1713
1317
1309
1340
1020
448
-22
-208
-336
-550
-727
-884
-1107
-1462
-1851
-1955
-1792
-1724
-1896
-2110
-2121
-2021
-2014
-2004
-1879
-1712
-1620
-1629
-1558
-1291
-990
-840
-801
-666
-404
-195
-66
130
423
689
807
834
939
1152
1334
1401
1457
1594
1703
1653
1536
1525
1610
1639
1544
1409
1327
1236
1045
844
784
825
769
537
280
130
31
-79
-173
-217
-248
-391
-635
-777
-736
-648
-677
-820
-913
-910
-899
-889
-864
-828
-809
-855
-886
-824
-733
-682
-706
-745
-708
-664
-668
-688
-706
-712
-756
-838
-851
-820
-853
-965
-1099
-1133
-1096
-1137
-1237
-1316
-1322
-1298
-1373
-1459
-1427
-1360
-1307
-1288
-1273
-1222
-1217
-1228
-1205
-1198
-1040
-594
-64
190
-92
-483
-289
445
1197
1539
1521
1565
1659
1707
1956
2466
3006
3152
2842
2718
2983
3219
3197
2997
2944
3033
2919
2675
2468
2308
2140
1786
1455
1391
1312
963
397
-47
-140
-190
-401
-686
-1006
-1270
-1525
-1767
-1803
-1706
-1696
-1897
-2173
-2204
-2062
-2000
-1981
-1935
-1819
-1702
-1659
-1570
-1373
-1147
-989
-911
-761
-497
-240
-58
59
191
363
572
801
982
1103
1163
1173
1254
1417
1576
1663
1627
1541
1486
1469
1481
1452
1357
1275
1150
984
858
757
656
516
349
221
98
-37
-172
-315
-385
-456
-548
-608
-672
-713
-772
-854
-843
-819
-814
-811
-895
-867
-805
-864
-813
-725
-690
-616
-655
-686
-681
-713
-570
-544
-651
-581
-653
-809
-795
-790
-740
-785
-915
-927
-1017
-1049
-984
-1098
-1150
-1008
-972
-1044
-1099
-1028
-917
-922
-865
-707
-678
-729
-655
-507
-389
-335
-280
-186
-46
174
457
623
578
534
674
978
1291
1470
1579
1699
1705
1681
1796
2062
2314
2322
2190
2178
2220
2172
2065
2022
2055
1960
1723
1538
1419
1258
1010
739
576
491
323
46
-251
-436
-559
-737
-885
-960
-1060
-1200
-1365
-1435
-1395
-1379
-1391
-1417
-1383
-1265
-1186
-1152
-1094
-999
-898
-834
-721
-542
-402
-339
-305
-187
-27
95
184
228
290
428
524
560
614
672
752
774
765
828
854
827
766
703
744
784
729
639
569
520
453
398
419
396
294
174
155
216
38
-62
9
-38
-139
-303
-183
-69
-360
-487
-404
-374
-367
-497
-623
-487
-479
-594
-628
-606
-522
-594
-665
-564
-603
-766
-684
-560
-602
-650
-691
-640
-634
-748
-703
-576
-556
-625
-663
-644
-555
-466
-450
-407
-443
-394
-250
-266
-207
-47
-31
-12
100
204
290
289
367
504
503
563
686
766
839
804
734
838
930
911
920
923
874
768
697
743
759
655
534
422
322
262
238
189
95
-22
-163
-262
-296
-319
-371
-435
-489
-540
-611
-640
-623
-613
-602
-603
-596
-577
-571
-572
-536
-487
-431
-380
-330
-260
-200
-158
-124
-70
30
126
196
284
345
360
351
385
508
619
651
654
665
678
708
737
758
771
790
802
791
774
739
710
700
681
657
651
623
573
512
451
438
422
365
313
274
224
134
40
6
-32
-109
-174
-255
-345
-407
-465
-511
-573
-668
-742
-805
-840
-838
-867
-925
-966
-970
-938
-899
-883
-865
-835
-806
-809
-802
-725
-624
-559
-533
-509
-493
-472
-428
-360
-271
-203
-198
-216
-191
-115
-43
2
39
93
148
165
172
206
266
322
381
430
469
514
543
562
592
649
714
752
768
776
763
725
700
720
759
760
694
592
521
503
498
459
386
297
198
97
20
-34
-89
-132
-203
-327
-444
-507
-541
-582
-653
-719
-742
-780
-820
-876
-917
-875
-821
-795
-781
-781
-782
-776
-738
-644
-554
-490
-429
-404
-365
-272
-185
-87
18
106
182
219
246
315
445
580
670
695
699
728
794
884
944
980
1003
1025
1023
1019
1034
1042
1041
1006
964
949
933
873
798
734
669
609
541
487
425
321
204
99
33
-23
-110
-203
-300
-420
-538
-616
-654
-678
-746
-863
-985
-1050
-1035
-1015
-1027
-1062
-1112
-1159
-1165
-1099
-1007
-934
-913
-927
-903
-819
-722
-642
-567
-497
-444
-420
-365
-240
-121
-55
-34
-9
52
134
207
258
309
368
411
452
508
571
586
559
582
648
726
780
759
715
717
738
767
800
836
849
792
734
692
664
682
682
639
590
528
460
389
326
308
279
201
110
23
-39
-94
-174
-230
-291
-375
-459
-552
-598
-614
-670
-754
-822
-849
-848
-883
-945
-986
-993
-948
-921
-920
-888
-853
-854
-861
-807
-691
-590
-552
-532
-466
-375
-306
-234
-145
-41
39
82
149
257
353
416
447
514
645
741
795
821
840
881
924
968
1022
1066
1091
1058
991
1001
1044
1039
999
934
882
837
778
724
655
579
475
339
253
219
155
21
-146
-266
-312
-360
-431
-524
-631
-733
-839
-899
-891
-839
-828
-912
-1005
-1037
-1017
-973
-908
-827
-774
-778
-812
-809
-713
-576
-487
-448
-411
-355
-309
-277
-221
-122
-6
46
40
70
148
229
270
289
354
436
487
519
523
537
576
598
640
707
750
757
707
669
691
722
735
718
688
662
596
520
492
488
465
406
326
258
221
175
91
19
-26
-71
-127
-202
-256
-289
-342
-401
-466
-513
-541
-603
-669
-688
-681
-687
-738
-813
-829
-809
-797
-806
-819
-801
-776
-766
-748
-699
-644
-609
-576
-524
-458
-380
-313
-253
-179
-91
-9
46
94
187
282
340
403
483
556
598
624
685
777
831
834
834
872
937
955
938
941
928
881
850
849
866
859
787
683
593
537
521
496
428
342
228
110
20
-53
-99
-161
-262
-357
-448
-534
-590
-643
-702
-751
-793
-822
-850
-885
-891
-882
-877
-863
-848
-823
-785
-751
-699
-640
-594
-538
-475
-401
-328
-271
-220
-174
-115
-52
7
75
138
175
195
222
270
326
376
423
446
440
443
464
504
555
593
613
599
575
595
629
659
679
660
640
632
616
614
601
588
565
503
465
441
385
330
296
270
219
140
72
22
-19
-51
-118
-217
-274
-309
-367
-429
-474
-523
-596
-673
-727
-750
-765
-775
-798
-839
-868
-869
-865
-864
-841
-785
-736
-727
-713
-654
-581
-504
-423
-360
-296
-218
-145
-76
16
131
228
285
339
411
479
550
613
659
717
763
781
790
805
822
830
831
841
838
810
768
708
660
642
612
559
504
431
342
268
213
168
119
41
-58
-155
-223
-270
-317
-353
-392
-462
-546
-613
-640
-636
-627
-630
-663
-706
-721
-709
-688
-652
-603
-559
-547
-553
-522
-466
-399
-328
-267
-219
-195
-180
-136
-68
16
94
122
132
150
190
241
270
297
323
340
358
377
395
403
396
395
406
438
476
481
459
428
421
446
469
490
500
470
429
404
400
420
425
404
368
325
290
253
223
215
185
143
101
46
-9
-51
-82
-127
-189
-239
-278
-326
-383
-434
-470
-511
-558
-596
-628
-652
-667
-687
-701
-699
-686
-678
-679
-648
-590
-550
-527
-497
-451
-397
-338
-262
-175
-108
-60
-16
31
107
207
294
355
398
430
461
498
549
601
632
639
639
634
625
612
593
582
570
548
513
469
421
363
307
279
265
233
172
101
45
1
-39
-68
-85
-102
-141
-205
-263
-296
-307
-299
-297
-311
-340
-387
-435
-448
-423
-389
-380
-392
-402
-416
-425
-411
-368
-314
-285
-298
-309
-300
-270
-216
-157
-115
-102
-106
-101
-67
-22
23
62
90
111
116
116
130
162
200
230
240
235
231
229
243
265
284
308
327
321
301
299
325
361
379
387
389
375
361
357
367
381
383
368
333
285
245
223
211
195
160
107
53
1
-59
-115
-150
-164
-194
-262
-333
-373
-396
-424
-455
-483
-495
-506
-522
-532
-540
-530
-509
-499
-483
-452
-414
-379
-354
-318
-267
-235
-198
-135
-59
4
28
47
101
170
228
279
326
371
397
395
412
463
520
545
523
484
466
464
462
461
445
414
369
307
266
252
236
200
153
108
78
41
-4
-34
-64
-92
-116
-153
-174
-182
-217
-258
-288
-299
-292
-301
-321
-337
-362
-376
-391
-408
-380
-358
-377
-389
-391
-395
-396
-382
-339
-305
-295
-273
-268
-269
-228
-171
-114
-64
-31
-13
-4
20
75
142
202
241
253
262
280
299
321
353
392
422
418
386
366
385
409
405
392
399
408
379
322
297
315
337
329
290
253
237
211
168
149
161
157
110
45
8
-8
-31
-68
-105
-118
-135
-188
-253
-298
-315
-328
-357
-377
-387
-413
-460
-501
-496
-465
-452
-454
-451
-442
-435
-430
-405
-354
-300
-270
-263
-242
-191
-132
-93
-70
-47
-6
40
81
123
169
212
228
236
272
327
374
396
404
424
446
454
460
476
490
476
443
429
434
422
381
341
321
303
259
206
175
159
130
76
19
-12
-29
-58
-103
-138
-157
-185
-230
-266
-276
-272
-284
-315
-349
-379
-399
-404
-394
-384
-392
-420
-446
-457
-445
-422
-407
-405
-412
-415
-408
-381
-336
-288
-263
-256
-237
-198
-153
-111
-54
19
85
119
137
172
223
278
334
395
459
492
484
464
472
518
559
572
568
555
524
474
439
443
457
446
397
338
297
264
231
202
183
161
120
62
10
-22
-53
-92
-127
-149
-173
-216
-274
-325
-350
-358
-359
-372
-394
-421
-458
-486
-485
-456
-422
-422
-447
-460
-447
-418
-388
-355
-315
-285
-283
-281
-248
-181
-116
-84
-64
-33
5
41
83
131
173
200
218
248
293
333
356
361
368
393
421
448
469
470
461
452
452
466
478
475
454
420
406
404
384
348
314
294
272
226
176
146
121
80
26
-20
-48
-82
-128
-174
-210
-236
-263
-299
-339
-372
-390
-403
-423
-449
-468
-479
-485
-492
-495
-495
-503
-509
-504
-485
-462
-458
-465
-457
-425
-389
-367
-354
-331
-300
-270
-238
-197
-147
-104
-71
-36
12
67
113
157
207
262
305
335
373
421
466
498
517
537
562
578
579
583
591
588
568
543
531
519
489
448
412
378
340
291
242
204
162
108
45
-7
-43
-82
-135
-187
-231
-274
-318
-361
-388
-409
-438
-471
-494
-506
-520
-538
-546
-529
-504
-490
-486
-481
-466
-445
-409
-345
-277
-240
-237
-228
-180
-105
-36
10
42
71
100
128
162
209
254
275
280
298
327
347
343
334
340
354
366
367
358
337
306
279
278
294
302
282
231
182
158
159
166
162
141
111
77
54
43
41
42
24
-8
-23
-17
-20
-44
-73
-86
-91
-99
-108
-115
-124
-145
-177
-204
-204
-191
-191
-215
-247
-266
-279
-289
-290
-285
-283
-296
-318
-332
-331
-317
-299
-279
-261
-246
-242
-236
-210
-165
-117
-76
-44
-20
6
42
89
139
187
224
252
280
313
347
373
390
408
426
442
451
446
437
420
403
393
382
362
325
283
248
211
164
115
75
47
12
-36
-88
-140
-186
-222
-247
-262
-281
-310
-347
-379
-391
-386
-375
-371
-372
-371
-366
-357
-345
-328
-301
-269
-244
-221
-202
-188
-166
-134
-89
-41
-10
5
16
40
79
117
151
179
194
202
216
238
262
276
275
270
271
275
275
270
264
254
235
217
207
200
187
168
148
136
129
114
96
80
70
72
68
58
48
33
23
21
25
32
30
14
-5
-20
-18
-9
-12
-23
-36
-50
-64
-80
-92
-102
-117
-133
-149
-163
-177
-196
-218
-236
-245
-252
-265
-278
-287
-291
-296
-301
-302
-297
-289
-281
-272
-254
-230
-213
-195
-171
-141
-105
-68
-29
7
33
62
101
146
192
231
260
283
303
325
355
382
396
399
401
405
402
390
375
358
335
308
280
252
218
175
127
84
48
15
-22
-63
-104
-146
-182
-211
-235
-258
-278
-291
-298
-307
-316
-324
-327
-321
-305
-279
-254
-238
-236
-239
-225
-188
-143
-101
-80
-77
-78
-69
-39
3
41
66
70
63
66
88
122
148
160
164
163
159
165
177
194
202
196
189
185
182
177
169
164
163
159
151
140
122
103
88
86
90
86
69
44
21
12
12
16
10
-3
-16
-30
-41
-45
-45
-44
-48
-57
-66
-77
-86
-94
-98
-98
-100
-109
-126
-144
-154
-158
-161
-161
-168
-182
-196
-207
-210
-209
-207
-204
-203
-207
-210
-206
-190
-167
-149
-139
-128
-109
-85
-54
-22
9
31
51
78
111
149
183
209
230
254
282
311
331
345
356
365
376
388
392
389
377
357
338
329
317
292
254
215
174
136
104
73
37
-11
-64
-115
-149
-174
-205
-245
-286
-320
-344
-361
-375
-389
-405
-415
-421
-417
-405
-390
-380
-375
-362
-335
-302
-271
-246
-223
-198
-166
-131
-94
-57
-26
-5
16
48
86
121
147
166
183
196
215
244
270
287
289
290
295
302
309
314
320
322
310
288
269
259
255
249
237
218
191
154
121
104
102
99
81
45
9
-20
-35
-38
-37
-39
-54
-80
-106
-117
-113
-102
-98
-105
-115
-122
-128
-136
-134
-124
-120
-126
-132
-134
-134
-141
-154
-164
-160
-150
-146
-156
-170
-183
-190
-190
-181
-165
-152
-157
-171
-175
-160
-135
-109
-89
-73
-58
-46
-33
-7
30
65
90
113
142
169
188
199
220
254
290
315
326
328
324
323
328
342
357
355
332
299
269
249
233
212
186
154
113
67
17
-26
-59
-86
-118
-154
-192
-230
-269
-307
-327
-333
-334
-346
-365
-384
-393
-390
-379
-359
-337
-321
-316
-313
-297
-264
-223
-190
-166
-140
-114
-88
-61
-25
15
50
77
102
126
151
176
198
221
245
267
279
283
288
294
298
299
298
298
294
280
259
239
224
211
196
179
160
136
106
75
53
42
31
12
-14
-38
-58
-73
-83
-88
-95
-106
-122
-138
-144
-144
-142
-144
-152
-155
-157
-158
-160
-163
-163
-160
-156
-153
-153
-155
-158
-159
-153
-143
-133
-130
-131
-131
-127
-120
-108
-95
-86
-77
-72
-62
-49
-34
-18
-3
14
32
48
66
82
98
117
136
157
181
196
205
214
228
247
260
270
276
283
285
282
279
279
278
269
257
244
228
208
182
160
144
125
93
55
20
-8
-38
-69
-98
-126
-159
-196
-228
-249
-261
-274
-300
-328
-342
-344
-344
-346
-343
-335
-336
-340
-326
-298
-267
-249
-240
-220
-196
-170
-142
-109
-75
-48
-27
-3
21
51
85
113
135
154
176
192
206
222
242
264
275
276
280
283
281
281
286
293
286
263
244
232
224
215
197
178
157
135
108
81
65
50
29
7
-18
-38
-56
-76
-88
-102
-114
-122
-137
-148
-154
-161
-162
-165
-165
-169
-174
-166
-162
-160
-158
-161
-157
-151
-142
-129
-126
-128
-127
-123
-109
-98
-89
-81
-83
-80
-72
-59
-45
-36
-26
-22
-19
-6
7
27
44
42
43
56
81
97
94
101
117
126
137
143
149
161
166
170
178
190
195
182
176
191
200
196
185
176
164
160
162
147
128
118
101
81
49
29
21
-7
-28
-49
-90
-116
-139
-163
-172
-197
-216
-235
-276
-291
-289
-295
-297
-308
-313
-311
-326
-320
-294
-273
-247
-237
-246
-228
-193
-163
-117
-89
-83
-37
-7
-12
-9
34
218
251
26
48
275
336
238
142
247
408
311
231
306
335
350
309
252
325
365
279
225
240
259
252
194
152
150
117
95
74
15
-6
-13
-44
-63
-107
-140
-144
-171
-200
-203
-192
-205
-235
-259
-253
-222
-231
-252
-214
-190
-206
-225
-218
-164
-138
-142
-146
-122
-97
-112
-91
-68
-72
-27
-5
-45
-32
-9
12
29
0
2
66
93
39
17
45
96
128
59
55
167
138
68
92
141
188
148
129
163
165
166
156
157
197
205
185
148
141
198
171
153
166
128
125
151
114
56
43
86
94
1
-56
-18
-2
-84
-124
-116
-103
-110
-221
-256
-187
-193
-242
-281
-271
-218
-286
-351
-290
-238
-221
-289
-316
-222
-197
-233
-251
-212
-90
-81
-197
-174
-48
3
-59
-81
22
112
64
1
73
167
150
151
184
190
254
236
201
249
286
311
299
270
293
301
276
305
273
257
289
259
207
172
157
204
174
48
62
101
5
-30
-58
-63
26
-153
-272
-128
-116
-157
-232
-349
-210
-148
-302
-292
-264
-247
-215
-316
-280
-188
-237
-229
-221
-250
-167
-132
-184
-157
-163
-112
-35
-111
-113
-52
-17
34
-12
-64
35
84
82
69
62
138
148
101
151
160
204
233
177
214
229
198
222
286
284
255
179
214
339
278
126
211
323
226
152
135
166
214
116
109
95
6
124
70
-102
-41
-36
-38
-54
-192
-157
-167
-241
-115
-250
-360
-174
-211
-373
-317
-275
-298
-252
-334
-356
-153
-270
-372
-203
-256
-121
-91
-383
-133
78
-195
-96
-57
-55
108
1
-53
83
126
81
45
93
197
219
105
49
196
210
199
266
3
75
488
270
-97
52
395
444
-29
-68
383
356
19
40
209
242
192
130
-16
-12
367
135
-121
20
70
188
-67
-270
152
59
-225
-89
-162
-68
-28
-317
-260
-123
-97
-167
-434
-270
-83
-216
-258
-381
-260
-86
-161
-400
-303
-154
-50
-191
-331
-196
-62
19
-197
-223
-106
215
102
-292
-170
367
274
-105
-70
177
446
198
36
48
336
535
155
35
304
482
269
111
162
416
458
134
-46
218
527
182
-79
-89
416
399
-283
-197
144
209
52
-260
-263
164
10
-320
-283
49
-82
-258
-221
-338
-44
-59
-312
-284
-266
-93
72
-447
-357
98
-150
-231
-214
-38
0
-200
-187
-38
-12
59
-77
-193
36
207
19
-183
-73
329
294
-263
-141
260
357
6
-98
95
292
96
-85
146
398
112
-273
113
435
253
-95
-192
365
498
-168
-287
424
551
-164
-256
143
508
233
-386
56
312
82
-24
-97
-24
323
43
-521
-75
259
159
-473
-300
-57
191
-239
-652
31
16
-232
-442
-434
14
179
-601
-607
16
165
-208
-603
-403
259
214
-560
-361
116
197
-120
-358
73
332
-49
-163
91
207
394
-120
-100
334
437
262
-73
19
480
531
-27
68
222
551
354
-223
266
504
100
64
177
339
266
-273
175
455
-215
223
27
-243
327
-61
-197
104
-146
-74
-100
-284
-6
-67
-269
-135
-341
-320
157
-135
-397
-417
-133
117
-202
-324
-190
13
-245
-14
-89
-126
-42
-35
56
-87
-32
-51
5
127
128
-51
-218
231
283
-247
-49
207
316
-92
-211
116
330
107
-60
-120
59
481
-7
-205
-30
474
110
-398
106
407
22
-125
-96
143
392
-131
-236
151
160
120
68
-273
218
385
-185
-323
244
254
108
-98
-231
103
160
-191
-62
120
-191
-75
-42
-289
3
-58
-200
-271
-261
-13
26
-321
-341
-96
-309
56
-244
-183
-93
-178
-97
-138
-240
-41
125
-14
-42
-332
19
457
-8
-171
-15
332
265
-85
246
245
140
156
179
305
360
146
177
242
242
186
222
314
89
72
374
104
-77
217
264
-11
-237
105
449
19
-554
-52
298
-18
-147
-359
-195
276
-176
-565
-65
-70
-207
-216
-434
-197
24
-267
-308
-381
-311
88
-167
-318
-174
-288
-13
9
-324
-135
98
187
-333
-223
358
252
-64
-177
47
358
266
46
140
10
208
278
267
100
109
376
191
23
202
271
291
264
-29
91
143
337
284
-120
21
271
-98
59
342
-1
-262
-114
318
148
-298
-117
161
-72
9
-177
-130
229
-30
-228
-275
93
174
-149
-392
112
-63
-287
-15
-180
24
-211
-392
-135
-82
-238
63
-308
-580
-85
-7
-60
-335
-600
86
312
-490
-487
79
134
-85
-250
-191
236
133
-147
-34
86
239
120
-123
210
469
103
-40
119
357
407
69
97
390
275
338
145
-140
498
681
54
-126
248
574
415
-316
-69
692
219
-94
-41
114
367
-169
-345
57
231
-83
-337
-227
15
-138
-411
-317
-136
86
-377
-496
-299
-91
5
-513
-464
-168
25
-75
-337
-522
20
-13
-352
-52
-26
-27
-158
-195
185
145
-295
-23
233
255
118
-184
4
417
383
-35
-291
183
709
320
-175
-173
279
483
160
-212
149
610
217
-327
-137
391
711
-134
-541
376
469
-38
-139
-111
251
314
-464
-81
246
133
-53
-375
-207
127
129
-62
-228
-410
63
227
-364
-390
-19
198
-99
-710
-239
279
78
-361
-570
-240
316
38
-492
-386
-76
325
-245
-502
16
196
34
-294
-373
79
439
117
-318
-277
237
450
-46
-156
244
225
148
55
27
241
355
147
-24
86
369
323
77
-16
115
349
339
59
-13
250
400
45
-100
246
396
70
-39
105
181
34
-57
5
138
-46
-295
20
47
-91
-233
-321
-106
-21
-301
-190
-2
-264
-348
-236
-39
-203
-354
-55
-57
-233
-304
-163
-47
-198
-175
-11
-187
-7
-10
-197
5
-58
16
88
-7
133
56
-111
274
257
-187
127
283
135
179
85
122
271
103
68
243
179
173
247
119
69
206
110
160
249
36
-28
268
37
100
68
-227
230
155
-132
-65
-18
43
107
-216
-150
162
-5
-111
-126
-116
-63
78
-185
-174
-112
-82
-95
-311
-239
-8
-12
-452
-303
-88
-160
-114
-255
-300
-106
-157
-118
-106
-221
32
-14
-313
-118
128
175
37
-175
-92
40
197
90
176
80
-113
174
161
41
196
169
117
18
6
295
301
74
-50
-26
186
310
152
153
-21
53
109
-66
198
380
72
-188
-116
106
325
50
-197
22
-59
-27
150
-76
-129
31
-106
-298
-88
89
152
-188
-306
-283
-131
171
-36
-241
-111
-231
-124
-77
-186
70
-91
-303
-128
-51
-35
95
-165
-260
-12
43
-11
63
63
-41
-34
-48
-60
296
271
-38
33
9
168
279
-7
128
301
66
59
245
169
179
91
-28
112
211
288
73
-24
71
50
-38
38
160
176
7
-217
-30
24
26
100
-124
-155
45
31
59
-154
-257
105
-15
-191
-68
16
130
-265
-367
-130
39
32
-230
-249
-28
-128
-250
-138
-122
-54
-137
-131
-94
-126
34
27
-165
-205
25
214
79
-145
-95
240
57
-117
102
42
85
290
25
-122
144
186
250
-48
-115
358
383
56
-126
-4
335
270
-84
62
185
183
30
-42
55
82
120
108
-92
-76
180
156
-123
-218
24
136
-40
-94
-26
-61
-136
-103
-111
-76
-28
-72
-215
-142
-12
-83
-230
-60
-19
-175
-32
-65
-51
-31
-128
-109
-19
6
68
-117
-122
80
-13
-72
14
-22
23
-38
6
22
10
147
-40
-124
24
114
174
101
-59
-33
109
130
97
114
60
17
143
167
71
106
68
105
145
-41
58
292
129
-84
-49
12
161
136
-107
-28
63
18
61
-83
-147
89
43
-133
-93
43
-19
-128
-157
-138
-5
-104
-235
-53
-59
-190
-199
-221
-152
18
-135
-266
-144
-84
36
-62
-298
-140
162
98
-227
-138
224
182
-126
-142
48
221
151
-48
57
142
84
19
26
124
235
146
-68
32
204
139
104
26
-33
216
164
4
80
18
107
104
-107
54
147
85
46
-153
-13
117
-8
22
6
-132
17
38
-31
1
-146
-165
44
13
-89
-69
-100
-101
-128
-134
-59
-3
-29
-136
-184
-64
11
-24
-121
-98
45
-15
-30
-2
-9
28
-65
-28
102
51
24
118
-1
-78
28
147
146
36
10
66
86
155
103
-40
28
207
164
-14
33
172
128
7
5
24
172
165
-18
-15
-23
133
119
-44
-59
44
104
-23
-32
-36
35
39
-103
-91
39
27
-75
-110
-118
9
33
-142
-178
-96
-10
-84
-177
-113
-68
-72
-192
-236
-123
4
-67
-244
-222
-73
-48
-119
-129
-131
-37
-39
-138
-56
69
61
-18
-106
19
168
101
68
77
140
176
100
53
132
237
217
87
58
222
198
50
62
85
103
166
92
-30
68
23
24
-20
-88
95
69
-93
-63
-19
-25
-37
-115
-64
-1
-43
-24
-80
-107
-17
-102
-145
-36
6
-4
-93
-154
-64
9
-56
-129
-39
-1
0
-17
-147
-11
100
-64
-103
-10
74
115
-14
-84
14
11
36
57
33
21
45
22
-16
43
41
21
53
53
45
37
34
81
42
15
56
55
112
78
23
43
73
62
9
40
70
86
31
4
41
95
-27
-80
103
97
-11
-14
-13
36
33
-36
-45
-29
-9
66
-19
-155
-51
-10
-64
-104
-74
-49
-83
-144
-71
-57
-120
-117
-115
-92
-73
-68
-73
-68
-87
-94
-97
-59
87
-17
-123
-24
50
16
10
1
47
101
23
52
106
118
80
42
44
124
176
136
49
20
92
134
51
40
102
71
55
17
12
100
19
-62
31
61
41
15
-44
-46
-27
-40
0
13
-76
-45
-47
-84
-43
-49
-70
-56
-80
-104
-53
-3
-16
-115
-178
-91
13
-2
-96
-44
-50
-122
-102
-68
16
48
1
-121
-114
28
83
49
-13
-31
43
46
10
135
99
-12
29
17
78
155
95
43
19
13
52
70
116
143
4
-54
12
63
94
87
16
-20
-30
-27
61
100
45
-21
-80
-60
67
126
67
-27
-38
-13
23
33
54
75
13
-74
-72
-9
43
29
-43
-113
-112
-40
-25
-73
-91
-96
-127
-107
-120
-87
-50
-120
-133
-111
-128
-107
-48
-60
-83
-91
-108
-60
26
2
-32
-44
-17
51
77
46
52
62
103
121
63
65
165
200
104
68
106
164
169
115
40
102
151
102
31
35
94
77
27
-28
-3
31
61
21
-77
-88
26
51
-12
-47
-58
-37
-30
-33
-29
-3
-33
-82
-104
-70
-29
-11
-77
-141
-131
-56
-53
-63
-83
-116
-132
-110
-71
-57
-38
-62
-90
-137
-93
11
15
-32
-22
-23
-62
0
56
62
89
46
29
57
129
121
111
124
125
140
117
188
198
140
154
111
116
186
152
144
131
76
90
85
21
67
50
-27
7
7
26
-38
-140
-99
-27
-41
-81
-102
-90
-69
-71
-105
-95
-41
-64
-121
-80
6
26
-48
-132
-102
-10
33
-47
-62
-66
-79
-23
-61
-62
-36
-134
-144
-88
-72
-36
-80
-144
-142
-145
-91
-73
-91
-64
-56
-82
-75
-53
-7
3
-10
44
74
65
69
72
95
167
152
135
146
158
192
198
172
169
158
159
157
158
153
167
145
53
36
62
68
86
45
-40
-20
-9
-68
-66
-68
-100
-98
-84
-116
-102
-109
-150
-165
-183
-144
-70
-74
-142
-166
-110
-113
-115
-84
-79
-58
-68
-71
-20
-26
-43
-47
-59
-10
22
3
41
13
-32
-4
-6
11
62
69
23
14
22
71
62
14
66
90
65
60
93
99
85
65
59
114
139
118
78
103
87
84
93
119
125
64
6
50
115
84
10
-8
17
-3
19
2
-43
-2
-32
-97
-95
-29
16
-22
-154
-171
-50
-1
-63
-135
-86
-52
-97
-129
-83
-6
-28
-99
-144
-77
6
-25
-60
-47
-38
-34
-16
-25
-3
11
-10
-33
8
56
42
7
-3
18
32
37
28
78
108
24
-8
39
95
104
71
16
59
134
106
37
55
69
86
105
37
57
137
99
0
2
42
55
53
11
4
16
-27
-79
-56
-55
-67
-90
-94
-79
-125
-146
-158
-164
-142
-129
-126
-134
-142
-133
-140
-123
-124
-97
-50
-39
-43
-41
-39
-26
-14
14
48
57
44
65
98
70
49
72
95
103
130
120
114
109
82
75
87
120
121
115
106
71
87
85
64
69
62
62
91
83
59
24
5
18
7
24
61
11
-9
-12
-51
-41
-49
-30
-22
-39
-49
-67
-67
-63
-81
-91
-86
-55
-9
-58
-83
-70
-85
-80
-67
-54
-11
-32
-73
-68
-66
-50
-52
-77
-67
-15
-15
-52
-65
-68
-30
-46
-86
-12
23
-5
-20
-37
-8
40
15
-1
48
92
69
54
76
63
98
99
59
81
125
117
102
57
41
80
67
20
20
72
65
12
-34
-10
-8
-8
10
-4
-3
7
-21
-6
11
4
17
6
13
22
26
47
28
0
-13
-13
0
-6
-7
-2
-20
-70
-99
-92
-91
-61
-67
-109
-106
-120
-142
-118
-88
-118
-118
-93
-79
-78
-57
-55
-64
-51
-27
5
20
37
46
35
33
41
84
105
91
104
99
90
106
105
95
109
109
104
59
75
115
70
52
47
21
43
57
27
10
-19
-18
-6
-33
-27
-3
-18
-72
-89
-49
-6
-49
-84
-71
-41
-31
-74
-68
-38
-29
-56
-61
-48
-11
-11
-63
-66
-37
-2
-15
-42
-36
-4
-17
-57
-35
-4
25
13
-32
-30
-1
18
21
-2
9
35
42
32
21
40
47
41
55
58
71
81
78
55
51
74
72
73
96
83
69
79
65
54
56
54
74
75
56
27
31
24
-6
17
28
-3
-11
-18
-31
-39
-70
-63
-46
-61
-71
-75
-80
-78
-104
-120
-97
-74
-78
-89
-100
-91
-97
-98
-88
-67
-73
-65
-69
-82
-59
-37
-42
-58
-59
-37
-7
0
-3
-7
-6
5
8
20
59
68
54
41
53
75
86
83
83
95
101
97
91
110
111
102
73
61
107
113
98
80
48
48
57
40
47
48
30
14
-8
-10
3
-7
-31
-62
-48
-33
-49
-55
-75
-89
-93
-104
-97
-79
-81
-80
-110
-126
-106
-97
-74
-79
-94
-90
-77
-44
-32
-64
-64
-41
-24
-2
1
3
13
-1
2
19
37
51
40
40
32
33
67
62
55
52
34
48
75
73
55
57
55
52
43
60
72
60
39
28
63
61
27
27
45
39
28
20
19
51
42
-8
-4
27
34
19
-4
-10
14
18
-14
-25
2
2
-35
-53
-41
-25
-18
-51
-85
-70
-49
-66
-103
-101
-57
-42
-79
-99
-83
-59
-69
-85
-55
-6
-10
-40
-33
-10
-1
1
-1
27
62
50
34
28
32
58
44
42
67
77
68
41
34
48
42
40
60
56
65
59
43
27
28
64
44
15
34
55
43
13
-4
1
-4
-16
-15
-23
0
-24
-75
-71
-79
-77
-67
-74
-71
-78
-106
-91
-89
-115
-73
-69
-70
-48
-61
-54
-33
-42
-41
-18
-4
10
14
16
19
8
14
21
24
37
38
44
43
31
38
29
24
49
53
62
57
51
66
58
50
63
67
80
94
73
72
82
64
58
57
46
63
67
37
36
29
2
-2
-4
-4
-7
-15
-28
-40
-35
-33
-58
-71
-51
-47
-51
-46
-47
-49
-53
-77
-76
-43
-26
-31
-50
-59
-52
-42
-60
-63
-38
-42
-58
-46
-41
-47
-58
-71
-68
-58
-29
-18
-43
-49
-40
-33
-34
-34
1
28
19
16
10
26
54
52
55
69
77
97
93
91
102
85
91
100
90
114
119
85
84
76
64
66
59
69
56
27
31
23
10
3
-28
-28
-9
-26
-36
-46
-65
-55
-63
-89
-74
-59
-79
-86
-74
-81
-82
-73
-82
-92
-72
-55
-51
-39
-45
-61
-55
-42
-21
-3
-14
-12
7
4
-2
9
13
20
27
34
36
40
38
28
29
31
35
50
60
47
35
38
35
40
46
42
41
32
51
60
35
18
28
31
35
44
33
32
31
19
0
4
14
14
8
-13
-26
-6
-9
-40
-51
-43
-45
-40
-43
-59
-54
-52
-67
-77
-65
-51
-35
-44
-61
-45
-25
-40
-47
-35
-9
14
-4
-19
-2
13
18
14
-1
17
44
43
25
23
35
31
23
29
33
45
59
41
24
19
20
49
48
23
48
49
19
28
27
28
37
19
17
34
24
9
8
-1
-15
-17
-4
2
-4
-31
-46
-30
-38
-48
-33
-27
-38
-56
-64
-56
-46
-43
-56
-64
-56
-58
-48
-47
-70
-61
-46
-54
-59
-61
-38
-21
-46
-69
-52
-13
2
-21
-24
-1
0
4
2
17
56
56
37
40
54
81
79
67
69
86
113
99
70
80
100
90
76
72
94
94
75
62
43
55
58
36
36
41
41
24
0
-4
7
9
-1
-8
-6
1
-14
-14
-15
-25
-19
-20
-18
-6
-8
-26
-30
-26
-29
-37
-28
-10
-22
-46
-60
-49
-31
-49
-67
-53
-46
-53
-62
-72
-63
-53
-65
-67
-60
-54
-42
-48
-53
-52
-48
-29
-21
-28
-25
-16
-1
-5
-17
7
24
14
19
22
28
44
38
29
43
56
61
52
32
45
65
61
53
45
51
56
41
32
41
46
43
21
15
34
34
18
-4
-7
7
14
2
-6
-9
-19
-29
-26
-24
-20
-22
-32
-31
-45
-54
-40
-37
-50
-58
-55
-47
-42
-49
-63
-66
-57
-45
-52
-46
-29
-30
-42
-52
-41
-7
1
-10
-14
-3
23
28
13
21
42
50
46
43
67
83
64
55
65
76
83
74
69
71
74
76
62
44
52
60
42
29
31
41
23
-3
-4
-3
-8
-19
-34
-34
-25
-40
-64
-72
-60
-56
-69
-84
-75
-58
-65
-84
-84
-72
-62
-58
-61
-54
-38
-36
-38
-32
-30
-14
-2
-1
11
21
18
19
25
28
31
43
49
47
47
50
56
56
40
42
51
49
58
61
46
34
36
39
41
35
35
38
34
28
26
18
14
18
17
18
18
12
4
-3
-7
-4
-8
-9
-8
-20
-21
-14
-22
-39
-51
-39
-25
-30
-42
-43
-42
-52
-60
-51
-40
-34
-35
-47
-51
-39
-33
-32
-35
-36
-20
-12
-16
-12
-8
-12
-8
0
-1
9
21
19
14
0
4
24
20
12
17
22
22
13
2
5
9
8
1
4
10
2
-4
-11
-7
3
-4
-4
4
7
10
9
5
9
11
15
23
28
37
39
27
21
26
37
42
38
36
34
32
29
22
16
19
13
1
2
4
0
-6
-21
-35
-30
-21
-25
-21
-19
-28
-39
-43
-35
-24
-25
-20
-9
-15
-25
-17
2
0
-16
-9
9
21
15
1
9
12
4
9
20
26
27
17
4
6
12
21
19
6
7
14
16
7
2
0
2
1
4
10
11
5
-11
-13
-6
-1
0
-6
-10
-12
-15
-17
-16
-23
-25
-20
-18
-21
-23
-24
-32
-35
-32
-31
-25
-18
-25
-32
-34
-30
-20
-26
-30
-19
-11
-16
-18
-15
-11
-14
-17
-7
4
11
5
2
8
12
17
17
21
32
41
39
35
41
47
45
47
53
56
65
61
49
50
56
56
47
43
49
51
46
39
27
26
22
14
13
12
12
7
-9
-15
-15
-20
-24
-28
-28
-33
-38
-35
-40
-51
-53
-56
-54
-46
-47
-49
-53
-64
-66
-61
-60
-58
-52
-50
-55
-62
-58
-49
-44
-49
-52
-37
-22
-21
-28
-30
-16
-8
-4
5
14
27
32
23
29
41
49
58
57
58
69
72
68
61
60
70
72
63
60
61
55
48
36
30
35
33
22
12
8
6
-3
-18
-18
-15
-23
-26
-27
-32
-38
-41
-42
-40
-39
-38
-35
-34
-36
-38
-36
-27
-26
-24
-18
-14
-8
-12
-14
-2
4
2
7
10
13
17
15
18
15
15
21
22
23
24
23
20
9
8
20
22
18
15
9
7
11
9
9
11
7
9
10
10
11
9
7
5
4
8
18
16
5
-4
-3
5
6
1
-1
0
-2
-9
-16
-12
-11
-17
-22
-23
-17
-18
-24
-29
-34
-35
-30
-27
-28
-31
-33
-34
-35
-33
-31
-29
-26
-24
-24
-22
-20
-16
-17
-18
-9
-3
1
3
1
3
7
7
14
19
22
24
22
26
33
35
35
35
37
44
49
47
47
50
48
42
46
55
57
52
41
40
47
47
40
32
29
33
27
14
11
14
9
-4
-16
-11
-7
-17
-28
-35
-33
-32
-41
-47
-45
-44
-45
-53
-56
-51
-48
-50
-55
-52
-45
-45
-47
-45
-41
-33
-32
-35
-30
-24
-23
-20
-19
-10
-4
-12
-15
-1
8
7
2
2
10
16
12
13
20
20
17
15
16
29
34
22
17
21
25
30
29
26
28
27
26
26
26
28
30
24
17
20
27
29
18
13
15
14
14
13
10
7
5
0
-2
-2
-2
-4
-10
-15
-14
-12
-14
-20
-25
-26
-23
-23
-26
-28
-27
-27
-28
-30
-29
-25
-23
-28
-26
-21
-18
-17
-18
-19
-17
-12
-6
-5
-6
-3
1
2
2
4
8
12
12
11
18
26
24
19
19
25
31
31
30
33
34
32
31
30
31
34
33
29
28
27
27
25
17
13
12
10
9
5
-2
-4
-11
-16
-18
-19
-20
-21
-27
-33
-36
-38
-39
-40
-42
-44
-42
-40
-42
-43
-43
-41
-38
-38
-36
-26
-21
-23
-25
-26
-17
-11
-5
0
3
6
6
9
15
22
25
25
26
30
37
37
33
34
37
42
41
41
44
46
38
29
31
41
42
32
27
30
30
20
13
19
26
18
7
6
10
10
1
-6
-3
1
-3
-10
-12
-8
-11
-22
-28
-22
-13
-18
-30
-34
-29
-31
-39
-43
-35
-29
-35
-47
-47
-35
-37
-47
-50
-40
-32
-34
-39
-37
-27
-27
-32
-29
-18
-5
-3
-9
-6
5
10
12
15
25
35
34
31
37
45
47
44
44
50
55
52
51
52
49
42
42
45
44
41
36
29
26
23
20
18
14
9
6
2
-2
-1
-5
-11
-15
-16
-12
-13
-15
-18
-22
-22
-24
-24
-20
-19
-21
-25
-26
-23
-22
-24
-24
-23
-22
-23
-22
-17
-17
-20
-22
-20
-18
-14
-11
-10
-11
-10
-9
-6
-3
-2
0
3
4
6
7
8
9
9
9
10
13
13
15
13
12
9
11
14
14
12
10
8
9
7
6
7
8
6
4
4
5
5
1
-2
0
4
4
1
-1
1
2
0
-3
-2
4
4
-2
-6
-1
3
-1
-6
-8
-1
1
-7
-11
-9
-6
-7
-12
-12
-7
-6
-11
-13
-12
-8
-7
-11
-11
-5
-2
-3
-5
-5
0
4
1
4
10
11
9
8
11
19
21
18
17
20
22
21
21
21
22
20
18
19
22
17
11
9
9
9
7
3
2
0
-6
-9
-10
-8
-11
-17
-21
-21
-19
-23
-28
-28
-28
-29
-32
-34
-30
-25
-31
-34
-30
-27
-23
-24
-26
-22
-18
-17
-15
-13
-8
-6
-7
-8
-1
5
6
5
8
11
14
16
16
18
22
24
25
25
26
28
29
28
27
31
33
32
31
28
27
32
31
27
27
28
28
27
21
19
23
21
17
15
13
14
11
6
2
2
2
-1
-8
-10
-10
-10
-15
-22
-25
-23
-23
-27
-31
-32
-32
-34
-39
-39
-35
-34
-36
-39
-37
-33
-32
-33
-33
-29
-24
-23
-23
-19
-14
-15
-14
-11
-5
1
0
-3
2
8
9
7
10
18
21
17
15
20
29
28
19
21
30
34
29
23
25
33
33
23
21
28
33
