SAMPLES:	16453
BITSPERSAMPLE:	16
CHANNELS:	1
SAMPLERATE:	16000
NORMALIZED:	FALSE
-20
-18
-12
-7
-3
-3
-11
-18
-23
-24
-17
-9
3
11
14
13
5
0
-2
0
5
14
19
23
24
19
17
13
12
12
13
16
18
20
21
22
23
21
18
19
19
19
20
21
23
25
24
23
22
19
18
15
11
8
4
1
0
-1
0
-1
-4
-10
-15
-24
-29
-34
-33
-32
-32
-32
-36
-41
-50
-56
-60
-62
-58
-52
-48
-41
-39
-40
-40
-42
-44
-39
-35
-26
-16
-10
-2
-2
-1
-1
-2
2
7
16
25
33
39
39
41
38
36
36
35
36
38
40
39
36
34
28
20
15
13
11
14
16
19
17
12
5
-2
-6
-10
-7
-5
-4
-3
-8
-15
-19
-24
-23
-21
-18
-15
-15
-16
-21
-24
-27
-30
-30
-31
-31
-31
-33
-34
-39
-39
-40
-39
-35
-31
-25
-21
-17
-13
-13
-11
-6
-5
2
6
7
7
6
8
6
10
13
15
17
16
17
18
19
25
27
30
31
30
28
27
26
27
27
26
29
27
26
22
19
16
11
4
2
2
2
6
5
4
0
-5
-8
-9
-4
3
9
14
16
15
10
4
-1
-4
-4
-4
-7
-11
-15
-23
-26
-33
-37
-41
-45
-44
-43
-38
-34
-28
-26
-25
-28
-28
-26
-21
-12
-6
-2
-1
-1
-3
-4
-4
-1
1
3
3
3
1
-1
1
-1
-2
0
0
2
5
9
12
16
18
19
23
25
30
35
36
37
33
27
23
19
18
22
20
19
15
7
1
-6
-5
-1
3
9
11
12
10
7
5
5
7
10
13
15
18
17
16
13
10
7
7
8
11
16
16
18
15
14
11
7
9
12
14
18
17
15
13
9
8
7
7
7
7
7
7
5
6
6
5
5
4
3
3
0
0
-2
-2
-1
-2
1
1
0
0
-3
-6
-5
-7
-4
-4
-3
-4
-10
-16
-23
-27
-29
-29
-28
-27
-24
-26
-26
-28
-29
-29
-28
-24
-20
-17
-14
-14
-15
-15
-18
-20
-17
-18
-11
-9
-6
-4
-4
-3
-5
-3
-3
-2
-2
-2
-3
-3
-1
-4
-3
-4
-4
-6
-7
-5
-3
-1
5
8
7
8
4
1
1
-2
0
3
3
5
2
-1
-1
-3
-2
-2
1
4
6
8
8
7
6
3
1
2
3
5
10
12
14
12
13
14
15
20
25
29
30
30
28
26
24
23
23
23
21
19
15
9
7
2
0
-2
-4
-6
-6
-11
-11
-12
-14
-12
-11
-7
-4
-2
2
2
3
-1
-3
-4
-6
-7
-7
-9
-13
-17
-25
-30
-34
-38
-37
-37
-35
-30
-29
-25
-22
-19
-15
-11
-7
-1
6
12
19
23
27
27
26
26
24
23
27
26
30
31
29
26
18
16
13
11
11
13
14
16
17
13
12
8
6
9
9
13
16
14
17
11
7
3
-3
-5
-6
-5
-5
-4
-6
-7
-10
-17
-18
-19
-19
-13
-12
-9
-7
-7
-7
-9
-10
-10
-10
-6
-4
-2
2
1
2
0
-2
-3
-6
-4
-3
-1
2
1
1
-1
-4
-5
-6
-6
-4
-1
1
4
4
5
5
4
5
5
7
12
13
17
19
19
17
16
14
14
13
15
18
18
18
14
10
6
1
0
1
0
-1
-3
-6
-9
-10
-11
-11
-10
-13
-11
-12
-12
-10
-10
-10
-11
-12
-13
-13
-15
-16
-16
-15
-16
-17
-18
-21
-20
-22
-20
-20
-21
-19
-21
-20
-21
-19
-19
-16
-13
-12
-9
-10
-8
-7
-5
-2
-2
1
3
5
7
6
6
7
6
8
8
10
14
14
16
17
14
16
15
17
19
20
21
20
16
15
11
8
7
3
4
2
0
-4
-4
-5
-5
-6
-6
-4
-5
-2
-1
4
6
10
12
16
17
19
19
18
19
17
17
15
13
9
4
-2
-8
-13
-19
-23
-26
-26
-29
-29
-29
-32
-32
-33
-31
-27
-21
-17
-12
-9
-6
-5
-3
-1
1
4
4
6
6
5
4
1
-1
-4
-5
-7
-8
-7
-10
-9
-10
-11
-10
-11
-11
-10
-6
-4
-2
0
0
2
5
7
9
11
14
15
17
19
18
20
19
17
16
14
13
13
13
12
11
8
5
3
1
0
1
3
6
9
8
10
9
8
10
12
15
21
22
25
26
25
27
25
24
22
21
22
22
22
22
18
18
16
14
13
11
12
10
10
9
8
2
1
-3
-4
-6
-10
-11
-15
-17
-19
-20
-22
-25
-26
-29
-31
-31
-35
-34
-35
-34
-32
-31
-26
-26
-22
-20
-17
-14
-11
-5
0
4
7
10
12
11
12
12
10
12
10
13
14
11
11
8
7
5
5
8
8
12
11
11
9
7
7
5
5
3
3
3
1
0
-2
-5
-6
-9
-10
-10
-10
-8
-11
-11
-13
-14
-14
-15
-14
-14
-13
-12
-9
-9
-8
-7
-5
-4
-1
2
3
7
6
9
11
14
17
16
21
21
24
26
27
31
31
34
34
34
35
31
31
29
26
25
21
19
17
13
10
7
4
3
0
0
-1
-1
0
-2
-1
-1
0
3
2
3
2
1
2
3
3
1
2
0
-1
-3
-4
-3
-6
-7
-9
-10
-10
-12
-12
-13
-14
-14
-13
-14
-13
-12
-12
-8
-8
-6
-4
-2
1
2
5
8
9
11
13
14
17
17
20
21
22
24
24
26
24
24
24
22
23
20
19
18
15
14
10
9
5
2
3
-2
-2
-3
-5
-4
-7
-8
-9
-11
-9
-13
-10
-9
-13
-10
-15
-13
-15
-18
-18
-20
-21
-22
-24
-24
-27
-30
-32
-34
-35
-36
-34
-35
-33
-34
-32
-32
-31
-27
-27
-22
-21
-16
-13
-12
-8
-7
-5
-4
-4
-2
-2
1
2
3
4
2
5
3
3
5
6
9
10
12
14
13
16
17
17
20
21
22
24
26
27
27
26
26
24
22
22
22
21
22
20
20
18
15
15
14
14
17
16
16
16
13
13
11
10
9
8
7
6
6
3
0
-2
-5
-8
-9
-12
-13
-14
-13
-16
-17
-18
-19
-19
-18
-14
-14
-9
-8
-6
-4
-3
-2
0
0
3
4
5
8
5
6
5
4
3
0
0
-2
-2
-2
-5
-5
-8
-9
-9
-10
-11
-10
-11
-10
-9
-11
-9
-10
-8
-7
-6
-4
-4
-2
-3
-2
-2
-2
-1
-3
-3
-3
-6
-5
-7
-9
-8
-11
-10
-12
-11
-12
-10
-10
-10
-9
-10
-7
-7
-4
-3
0
1
3
4
5
8
8
9
10
13
12
12
13
12
13
11
11
11
9
10
8
7
7
7
8
6
7
6
6
9
5
6
6
6
7
6
6
6
5
6
4
3
4
2
3
2
1
1
-1
-2
-2
-3
-3
-6
-6
-8
-9
-11
-12
-13
-13
-13
-14
-13
-15
-16
-14
-14
-14
-14
-13
-11
-13
-10
-10
-11
-9
-8
-6
-6
-4
-3
-3
-2
-2
-2
-1
1
0
1
-1
0
0
-1
1
0
0
-1
-2
-1
-1
0
-1
0
0
0
1
2
1
1
2
3
4
3
5
3
4
5
3
4
2
3
3
1
0
-1
-1
-4
-5
-6
-9
-8
-9
-9
-10
-10
-10
-10
-10
-9
-11
-9
-8
-9
-5
-7
-4
-4
-4
-2
-2
1
2
4
4
5
6
6
7
7
7
10
10
12
11
11
9
10
9
8
11
10
13
13
15
15
14
17
16
17
18
19
20
18
20
18
17
17
15
15
12
11
11
6
7
4
3
1
-2
-2
-7
-6
-8
-8
-8
-10
-9
-11
-10
-12
-11
-11
-12
-12
-12
-9
-9
-9
-8
-10
-7
-10
-9
-9
-10
-7
-8
-6
-7
-7
-5
-8
-5
-6
-4
-2
-3
1
-1
0
1
0
3
-1
2
2
2
5
4
6
5
6
6
4
7
6
9
11
9
11
9
8
8
6
8
7
7
7
6
7
5
5
2
4
3
2
4
0
3
1
1
2
-1
0
-1
-1
2
0
1
1
1
1
-1
-1
-2
-2
-2
-1
-2
-2
-2
-2
-2
-4
-3
-4
-4
-4
-4
-2
-5
-4
-4
-4
-4
-4
-3
-3
-3
-2
-2
-3
-1
-3
-2
-2
0
1
2
6
5
7
8
7
9
10
12
12
13
16
16
18
21
21
20
19
18
18
18
19
17
18
15
15
13
11
11
8
8
8
6
7
6
6
5
3
4
2
4
2
3
3
2
2
1
0
-3
-3
-3
-4
-3
-5
-6
-8
-10
-11
-13
-14
-14
-16
-16
-16
-17
-15
-17
-16
-17
-15
-14
-15
-13
-12
-10
-10
-10
-9
-9
-9
-8
-8
-7
-6
-7
-7
-7
-10
-8
-11
-10
-11
-12
-11
-12
-12
-14
-15
-15
-16
-17
-17
-16
-17
-18
-18
-20
-18
-18
-19
-17
-18
-16
-16
-16
-13
-13
-11
-11
-9
-9
-8
-6
-6
-3
-5
-2
-2
-3
-1
0
-1
0
0
0
1
1
3
4
4
5
5
6
6
6
8
6
9
8
8
9
9
9
9
9
8
8
6
6
5
3
3
2
1
1
-2
0
-2
-2
-1
-2
-1
-1
-2
-1
1
2
3
2
4
5
4
5
5
5
7
7
7
10
10
12
12
13
16
15
17
19
20
22
23
25
24
25
23
25
25
24
27
25
25
26
25
25
24
23
21
20
19
18
18
16
15
13
11
9
8
6
5
3
1
1
-2
-5
-8
-10
-13
-13
-17
-18
-20
-23
-23
-27
-29
-32
-33
-33
-34
-34
-35
-36
-36
-36
-38
-38
-38
-35
-36
-33
-33
-33
-30
-30
-27
-26
-25
-21
-20
-18
-15
-14
-11
-9
-6
-5
-3
-1
1
4
5
6
9
9
12
14
16
18
18
21
21
23
24
24
26
27
27
26
27
25
25
25
23
24
23
21
22
20
19
18
14
14
11
11
10
8
8
5
6
3
1
1
-1
-2
-3
-4
-5
-7
-6
-5
-7
-5
-6
-6
-4
-5
-3
-2
0
2
2
4
5
8
9
11
13
14
17
16
18
19
17
19
19
18
19
19
21
20
20
22
21
21
18
18
18
15
14
12
10
10
9
8
6
5
3
3
1
1
0
-3
-2
-4
-4
-8
-9
-10
-14
-14
-17
-17
-19
-21
-23
-25
-26
-28
-29
-29
-31
-31
-31
-32
-30
-31
-31
-31
-32
-29
-28
-28
-27
-27
-27
-24
-25
-25
-23
-24
-21
-22
-21
-19
-21
-19
-19
-19
-16
-15
-14
-11
-12
-8
-8
-6
-4
-2
-1
0
2
2
3
3
6
6
7
7
8
8
8
8
8
10
10
11
11
10
11
10
9
11
10
11
11
10
11
10
9
8
6
7
6
6
6
7
6
6
8
6
8
9
7
9
9
11
12
11
11
12
10
11
12
13
15
12
12
12
11
13
12
12
13
12
13
13
13
13
11
13
14
14
14
11
11
8
7
8
5
5
2
1
1
-1
-1
0
-2
0
-1
0
-1
-1
-1
-3
-3
-4
-2
-4
-2
-3
-4
-4
-6
-4
-6
-5
-6
-7
-7
-10
-11
-14
-13
-13
-12
-13
-12
-11
-13
-9
-10
-6
-5
-1
1
1
3
3
6
6
7
6
7
5
5
4
3
2
-1
0
-2
-2
-4
-5
-4
-6
-5
-5
-5
-5
-5
-6
-3
-4
-2
1
1
4
4
5
6
7
9
10
12
13
13
13
10
11
10
12
12
11
11
10
9
9
9
9
11
10
13
12
12
13
12
14
15
17
18
19
21
21
21
23
23
24
25
26
26
25
23
19
16
16
11
10
7
4
2
-3
-5
-9
-11
-15
-15
-17
-20
-20
-23
-22
-24
-23
-22
-21
-17
-19
-18
-20
-19
-19
-19
-17
-18
-18
-22
-25
-30
-32
-33
-34
-33
-34
-33
-34
-34
-35
-32
-29
-22
-14
-9
-2
2
7
11
15
22
29
35
39
41
41
40
37
37
36
38
39
38
36
30
28
25
26
27
25
28
30
32
30
26
26
25
33
35
37
33
30
26
20
20
16
15
10
4
-1
-8
-11
-20
-29
-36
-39
-36
-35
-40
-49
-57
-57
-52
-47
-44
-47
-46
-45
-43
-42
-43
-42
-40
-35
-32
-30
-28
-30
-35
-38
-35
-23
-16
-19
-25
-33
-31
-24
-19
-21
-23
-19
-13
-8
-12
-15
-16
-10
-7
0
4
7
6
2
-3
-1
8
15
16
12
10
10
14
15
13
12
16
21
23
22
17
19
20
21
23
26
32
35
31
25
22
26
33
36
35
30
28
26
24
21
17
19
19
17
17
15
13
15
9
12
14
19
28
24
18
16
16
20
24
20
19
14
8
6
1
-3
-5
-9
-13
-14
-18
-18
-21
-25
-27
-27
-26
-21
-22
-25
-26
-29
-24
-20
-17
-15
-13
-17
-14
-7
-6
-1
-3
-5
0
-1
-1
1
-7
-10
-13
-15
-10
-10
-12
-13
-16
-14
-3
2
8
13
10
22
27
31
38
32
32
37
34
30
26
14
9
8
-5
-1
-6
-12
-13
-24
-21
-16
-14
-9
-12
-13
-6
-4
0
1
-5
3
5
5
10
4
6
9
7
7
9
9
14
14
6
8
6
9
9
3
1
-1
1
2
0
-2
3
4
8
10
10
20
22
23
21
21
24
26
29
18
16
18
16
17
12
0
7
12
11
20
16
14
32
25
28
38
26
41
42
23
33
17
13
20
-10
-6
-9
-29
-8
-32
-53
-22
-57
-47
-18
-70
-36
-26
-75
-32
-51
-73
-18
-50
-52
-26
-61
-32
-18
-44
-16
-25
-17
14
-4
6
9
-4
23
19
14
36
19
25
36
16
30
39
28
47
44
36
57
46
44
53
38
46
48
36
37
24
17
17
11
10
11
5
10
5
1
6
-4
2
1
-5
-3
-10
-18
-22
-34
-39
-39
-46
-44
-53
-59
-56
-62
-54
-51
-49
-41
-41
-34
-32
-30
-22
-21
-17
-11
-10
-2
6
-3
4
5
5
20
19
18
20
15
10
13
7
3
3
-7
-11
-17
-22
-21
-21
-25
-23
-17
-12
3
4
3
13
10
28
37
32
35
31
25
31
23
15
15
3
7
-1
-10
-6
-18
-20
-23
-33
-26
-28
-39
-40
-51
-51
-38
-46
-44
-43
-42
-22
-17
-17
-9
-8
11
29
33
42
40
37
49
50
54
60
54
54
50
45
52
50
51
44
33
43
41
34
33
11
2
5
-7
5
-2
-28
-26
-46
-50
-33
-49
-41
-30
-69
-66
-59
-75
-50
-63
-86
-67
-78
-78
-58
-78
-83
-77
-80
-52
-37
-36
-32
-48
-45
-21
-1
19
17
-2
7
17
14
31
36
20
32
27
18
57
39
6
29
29
25
58
39
26
44
19
28
54
42
50
64
53
52
49
59
79
77
76
70
71
81
54
55
78
60
58
50
31
43
38
20
25
13
4
12
7
5
-14
-29
-33
-35
-14
-23
-40
-48
-68
-58
-48
-67
-53
-47
-54
-39
-79
-73
-31
-54
-21
-17
-64
-20
-24
-34
24
-24
-52
13
0
24
38
-32
-7
5
-11
37
31
24
36
-18
-31
3
5
38
43
-12
-25
-15
23
66
16
-31
14
40
70
104
28
14
66
24
42
97
52
84
74
-57
-24
27
1
39
4
-61
-53
-72
-37
-1
-91
-104
-65
-80
-18
-11
-71
-71
-109
-95
-7
7
37
9
-80
-33
-23
-6
136
64
-66
33
65
37
76
27
-28
21
52
50
63
30
-34
-5
36
7
25
47
8
34
37
-35
-12
27
2
23
10
-36
20
12
-54
-24
-43
-26
71
2
-35
12
-37
-26
3
19
39
-24
-10
-21
-72
40
-26
-113
31
-54
-102
39
-53
-65
-34
-130
-28
18
-42
22
-70
-155
-4
33
-49
-44
-31
-50
-22
0
-23
5
-4
-63
13
43
6
56
-3
-55
18
18
50
85
-14
-17
51
25
51
94
64
28
11
108
204
67
-59
46
130
115
71
-14
-4
41
9
17
29
10
-45
-103
-18
41
22
-8
-166
-150
39
13
12
-19
-201
-137
-19
34
97
-69
-169
-101
-58
145
156
-113
-128
-47
34
135
-14
-27
87
-103
-110
66
80
84
-77
-155
66
62
-11
13
-42
-18
-52
31
206
-111
-208
115
-6
7
182
-157
-154
146
-25
63
189
-234
-101
291
-14
-31
163
-81
3
159
-60
27
152
-36
-6
78
0
53
51
-85
-2
103
55
5
-86
-37
70
-21
22
45
-107
-39
46
70
38
-168
-76
115
67
103
-31
-165
41
92
46
69
-19
11
8
-69
57
80
22
-41
-175
14
174
-55
-125
-96
-47
55
-71
-79
-9
-74
45
-113
-288
180
240
-187
-177
-5
107
102
-86
-28
132
44
-65
-32
81
143
74
-71
-133
26
184
73
-82
-83
-45
39
74
-43
-22
-26
-107
108
83
-117
11
-98
-35
310
-3
-215
41
32
76
86
-25
57
-101
-32
229
-128
-167
182
30
-98
-24
-44
-59
63
97
-215
-88
249
-76
-52
103
-289
120
437
-209
-117
95
-38
310
38
-308
192
178
-68
139
-67
-263
321
351
-270
17
79
-353
340
449
-302
-48
-55
-234
372
213
-280
-55
30
-33
-72
-84
62
80
-5
-242
-330
131
270
7
-196
-366
56
391
-33
-270
-193
154
392
-161
-355
4
185
291
-99
-334
81
84
-32
-10
-91
76
36
-242
-296
59
495
-15
-573
-81
118
41
266
-71
-318
82
-39
-95
374
107
-374
-170
262
181
-157
-33
-150
-46
463
-242
-375
386
-101
-126
314
-146
-11
124
-342
134
492
-129
-227
-85
-95
347
293
-182
-171
-80
-21
155
243
54
-240
-218
-103
181
440
-6
-425
-287
65
331
202
-58
-252
-286
59
171
163
142
-259
-232
117
72
31
96
63
-107
-5
45
-289
274
446
-351
-24
-52
-268
587
17
-506
478
-33
-490
317
-202
-176
743
-246
-558
150
-169
139
281
-255
-69
-79
-136
49
119
148
-259
-190
208
-14
12
-53
-147
270
-11
-238
88
-14
154
172
-222
-67
-19
66
229
-27
-55
-11
16
-21
-123
318
82
-326
186
-84
-243
488
69
-315
63
-39
54
171
-144
-5
140
67
-57
-198
207
128
-177
112
36
16
-31
-187
359
-126
-407
506
109
-344
-54
-245
224
327
-408
-134
212
-80
-235
57
195
-257
-38
239
-332
25
274
-76
0
-160
-11
294
121
-57
-351
50
446
82
84
-251
-333
460
279
-213
75
24
-21
133
-147
-60
269
89
61
-197
-396
470
427
-483
-107
182
-37
491
-42
-831
465
587
-551
373
105
-873
734
474
-822
360
55
-611
681
12
-672
477
-46
-318
252
-383
-122
508
-180
-348
-127
-85
202
100
-124
-337
-298
351
224
-312
-37
-145
-155
347
91
-319
-65
174
-45
-42
166
-180
43
191
-294
58
207
-57
84
-49
-231
-109
337
551
-308
-632
94
426
285
-127
-275
90
293
-26
-97
180
58
244
103
-635
139
728
-162
-139
-77
-320
257
373
-280
-275
198
-41
-375
195
110
-13
103
-415
-23
342
-73
8
-32
61
272
-130
-10
58
-139
99
351
-5
-183
33
-200
5
394
-231
-12
277
-551
-132
568
20
-260
-113
-224
160
520
-92
-518
-18
-1
-72
415
-27
-599
80
291
-337
-126
26
-216
379
16
-723
153
309
-52
114
-585
-95
877
-173
-299
276
-266
48
409
-84
-1
-101
-47
202
-108
106
-27
-108
432
-594
-354
850
-270
127
424
-1249
216
869
-511
294
-35
-528
369
-100
-156
28
-281
604
211
-795
-359
345
526
2
-581
-177
433
374
-432
-447
283
201
299
-364
-987
481
657
-325
104
-354
-447
481
-67
-252
543
-333
-252
520
-441
-65
683
-261
60
-69
-527
578
576
-184
-449
-349
301
513
-111
-165
-143
-13
274
-154
-387
551
294
-483
-145
73
282
143
-274
-79
137
235
-101
-411
210
492
-266
-375
170
-127
305
528
-859
-134
877
-489
15
445
-732
230
754
-406
-59
171
-161
130
129
81
-46
67
73
-313
171
318
-257
33
-148
-83
532
-96
-409
260
87
-37
126
-63
-51
139
-14
15
61
31
-30
-87
72
-139
18
317
-418
-329
146
-78
361
-115
-593
149
92
-220
273
-243
-399
451
-218
-80
664
-601
-272
531
-423
244
664
-575
-160
213
-439
474
734
-299
-477
-144
36
415
639
227
-1018
-486
719
206
246
-5
-909
195
484
-495
263
330
-563
8
242
-161
272
-103
-50
444
-391
94
730
-609
-500
579
216
-108
120
-517
-729
572
639
-430
-142
-29
-551
305
638
-302
49
237
-742
113
883
-136
-17
13
-687
154
521
1
46
-108
-533
-303
319
361
-26
-417
-398
359
210
-598
190
315
-413
185
-1
-654
626
429
-457
123
-86
-88
312
133
-48
182
78
-395
-151
471
93
-40
-124
-480
91
224
-151
74
-55
-74
2
-287
170
81
73
313
-461
-129
240
-230
569
140
-630
398
-476
-522
1096
-350
-199
541
-1165
-168
1097
-106
-257
-273
-331
376
70
-103
306
-45
-229
-380
38
1071
-21
-782
129
158
58
454
-216
-381
264
125
150
132
-295
92
222
-338
186
651
-12
-463
-253
415
701
-259
-446
235
21
170
90
-525
363
366
-786
-9
847
-165
-387
-8
-509
94
1091
-98
-922
37
85
135
557
-627
-593
622
271
-464
-125
245
241
-66
-514
-111
395
232
-274
-309
0
62
45
-317
-338
458
90
-542
-15
62
-320
150
-65
-211
682
-516
-645
782
-292
-233
715
-557
14
388
-640
469
473
-308
250
-187
-580
582
1165
-481
-1078
449
128
162
744
-860
-380
529
-420
222
254
-525
42
-88
-202
372
39
-302
-281
-127
33
603
173
-399
-338
-208
667
565
-275
-150
-161
1
495
314
61
-96
-48
-84
-133
461
550
-341
-359
-117
84
328
57
-160
-526
24
565
-499
-134
505
-687
360
171
-1151
944
516
-962
175
-411
-145
1389
-307
-1045
165
-43
693
702
-1246
-279
518
295
464
-58
68
-756
-190
1262
-171
-571
712
-225
-748
645
370
-335
189
-513
-277
714
63
128
-93
-1040
-45
1146
126
-654
-372
62
576
178
-531
-66
229
-104
205
328
6
-196
-288
412
326
-165
-54
-270
611
28
-717
615
226
-509
-186
273
158
-153
329
-337
-750
806
188
-491
197
-122
-164
349
-174
-207
286
163
-214
-334
192
263
-112
57
72
-150
-163
40
405
30
-129
-68
-36
338
315
-801
-302
840
480
-461
-624
-172
72
600
423
-717
-274
248
-112
102
-253
-73
651
-334
-793
126
352
552
-463
-812
669
58
-101
822
-389
-546
563
328
-74
-124
118
-102
-216
399
-470
-154
978
-711
-777
521
-309
194
795
-644
-420
417
-204
137
313
-388
172
182
-356
3
252
-13
-152
-296
120
338
-450
97
76
-568
162
93
209
140
-808
142
429
-213
360
39
-425
373
377
-577
36
656
-228
-475
32
268
351
234
-776
-543
576
239
0
-197
-334
39
-138
284
154
-824
468
374
-1008
382
495
-269
319
-192
-67
178
65
217
-157
70
-78
-81
593
-345
-364
147
-274
847
-385
-992
1337
-503
-897
1273
-845
-375
1331
-907
-105
601
-779
389
387
-298
-31
-151
370
-289
130
698
-745
75
311
-1002
416
771
-324
116
-695
-844
1301
548
-1226
229
504
-858
-19
841
-181
252
126
-1090
336
1268
-351
-263
313
-326
-82
584
450
-674
-69
91
-594
931
41
-758
788
-724
-446
1268
-622
-98
848
-677
348
423
-714
592
620
-742
-76
302
-117
345
15
-370
66
-299
18
436
-415
-148
153
-81
31
-277
5
595
-537
-632
427
27
99
-75
-765
242
665
-495
-342
368
-107
-280
102
-196
199
770
-418
-567
162
403
-92
-109
19
-335
466
46
-620
515
-82
-572
161
531
155
-381
168
-218
-233
1151
363
-1187
321
435
-481
771
-197
-853
636
214
-459
344
9
-315
360
118
-240
267
294
-195
-297
46
359
-12
-21
-128
-399
158
4
151
350
-1070
44
1009
-308
-212
-83
8
496
-225
-182
598
-84
-507
558
265
-555
326
141
-246
244
-225
111
264
-485
-170
411
-34
-504
267
230
-584
75
115
-187
362
-148
-226
197
-211
-76
-225
-465
350
209
-90
399
-853
-271
929
-298
307
396
-535
449
147
-41
595
-537
-560
780
-342
-496
898
-614
-792
450
-596
-104
710
-418
27
-224
-770
521
397
274
99
-927
140
842
-20
-52
-132
-439
424
122
-28
409
-317
-60
-425
-298
659
414
-413
-722
383
340
-91
288
-110
113
137
176
82
-65
299
-31
-316
41
239
83
-337
-362
-144
-53
-259
-18
93
201
-234
-838
251
205
343
180
-846
128
486
-171
182
112
-188
-110
-183
170
841
-295
-494
32
-134
437
379
67
-221
-398
98
118
135
497
-259
-479
221
-206
191
743
-511
-514
23
-124
75
151
17
-36
-423
-406
395
421
6
160
217
-342
-340
393
185
297
278
-310
-40
168
153
133
29
-302
-260
288
-88
447
256
-632
-320
-517
434
1131
-449
-597
231
-554
-560
548
371
-36
87
-435
-255
183
-208
218
500
-276
-592
51
385
239
6
-115
-25
20
-154
-363
-227
537
634
-104
-293
-115
-290
-210
-180
32
189
-627
733
1261
-1128
-564
1066
-80
-352
527
72
-34
732
447
-103
-134
-339
-1009
392
2003
-699
-973
1012
-655
-1132
752
335
-626
-247
142
-202
-275
156
-279
-165
62
-545
26
901
116
-377
237
162
-427
229
570
27
-13
144
-111
114
589
-214
-255
380
-180
-4
513
-16
-166
106
-127
-194
56
-219
-204
-97
-196
-57
-19
-156
-423
-174
142
76
12
-50
-35
-10
-100
-85
121
115
-166
61
173
-120
132
47
-288
44
246
109
431
278
-36
100
41
289
531
313
54
2
186
98
-185
-200
76
10
-232
-170
-165
-67
-3
-308
-423
-211
-102
110
56
-346
-352
-197
-27
124
52
-66
59
59
-220
83
141
-140
-9
9
8
120
-18
-55
79
-111
-270
-50
161
110
73
-118
-368
-254
12
58
-134
-207
-121
-36
-212
-279
-37
-80
-173
-96
-84
5
343
149
-169
92
49
144
384
250
235
301
133
121
323
229
198
263
204
220
224
276
122
-28
-5
-29
0
87
98
-110
-138
-59
-190
-138
-163
-306
-217
-138
-100
-57
-80
-155
-176
-117
-91
14
152
178
209
84
-19
110
168
241
280
210
96
29
84
98
112
1
-167
-131
-202
-221
-175
-289
-477
-569
-487
-484
-395
-409
-551
-518
-492
-509
-350
-163
-246
-356
-322
-254
-210
-67
30
-86
-103
45
49
77
41
-31
-44
-72
-99
90
278
216
154
85
71
126
302
330
326
401
406
365
392
505
468
374
365
356
439
575
661
578
576
593
532
603
638
678
695
626
689
739
733
778
644
524
586
610
686
756
774
767
595
599
621
613
608
514
495
518
521
439
397
337
134
2
-30
-45
-46
-132
-200
-348
-471
-428
-443
-555
-681
-703
-768
-777
-743
-891
-932
-972
-1116
-1204
-1130
-1194
-1279
-1210
-1352
-1498
-1417
-1487
-1757
-1851
-1825
-1830
-1853
-1826
-1891
-2038
-2118
-2133
-2167
-2138
-2123
-2257
-2346
-2350
-2178
-1958
-1846
-1699
-1320
-508
518
1205
1616
1949
2147
2398
2967
3599
4211
4718
4962
4961
4940
4865
4587
4214
3843
3505
3223
3089
2838
2281
1669
925
116
-512
-764
-861
-1094
-1289
-1466
-1610
-1828
-1937
-1877
-1820
-1584
-1209
-853
-325
258
580
762
928
1200
1736
2225
2575
2831
2745
2605
2525
2331
1948
1694
1495
997
731
564
191
-308
-743
-1134
-1534
-1649
-1683
-1670
-1613
-1584
-1629
-1667
-1541
-1368
-1080
-1032
-787
-453
-376
-177
-72
-54
-76
-101
-111
-236
-315
-407
-512
-793
-1177
-1437
-1814
-2188
-2371
-2552
-2807
-3036
-3294
-3619
-3779
-3723
-3734
-3657
-3636
-3643
-3521
-3349
-3203
-3047
-2807
-2567
-2453
-2315
-2167
-2107
-1725
-1013
-51
1107
1987
2605
2982
3033
3255
3667
4129
4747
5244
5398
5474
5439
5066
4601
3991
3408
2919
2529
2352
2193
1815
1145
380
-510
-1183
-1449
-1472
-1506
-1350
-1225
-1381
-1402
-1382
-1337
-1240
-1050
-696
-258
239
742
1088
1170
1188
1230
1235
1408
1670
1868
1896
1766
1583
1291
993
728
396
51
-84
-200
-328
-384
-542
-658
-714
-842
-827
-601
-301
-9
246
480
683
864
1004
1066
1166
1347
1382
1402
1434
1334
1234
1008
702
371
116
-7
-194
-326
-386
-515
-627
-806
-917
-1075
-1336
-1419
-1381
-1339
-1324
-1291
-1314
-1323
-1423
-1595
-1679
-1905
-2017
-2079
-2225
-2254
-2393
-2459
-2569
-2895
-3158
-3325
-3461
-3516
-3355
-3180
-2932
-2708
-2741
-2678
-2592
-2530
-2527
-2356
-1945
-1595
-1270
-1044
-831
-554
129
1128
1879
2612
3217
3617
3920
4211
4629
4853
5004
5056
4932
4848
4887
4644
3983
3246
2574
1840
1268
986
621
171
-254
-769
-1261
-1551
-1644
-1689
-1717
-1613
-1293
-1018
-722
-285
-19
175
476
708
1069
1490
1901
2227
2221
2138
2051
1841
1647
1565
1358
1098
850
545
311
-19
-398
-765
-1210
-1457
-1528
-1602
-1517
-1427
-1351
-1253
-1110
-906
-701
-495
-143
347
792
1188
1513
1737
1831
2029
2169
1991
1910
1940
1746
1509
1276
948
509
132
-217
-660
-906
-987
-1050
-1155
-1163
-1169
-1226
-1245
-1182
-998
-889
-704
-434
-306
-287
-258
-292
-483
-560
-650
-808
-922
-1121
-1303
-1571
-1906
-2230
-2500
-2774
-2942
-3075
-3311
-3323
-3288
-3320
-3272
-3108
-2901
-2844
-2716
-2517
-2195
-1795
-1518
-1308
-1154
-878
-667
-578
-519
-481
-390
-70
743
1668
2425
3009
3261
3185
3059
3117
3222
3496
3876
4010
3867
3679
3524
3001
2402
1799
1135
691
449
453
355
277
86
-430
-867
-1128
-1109
-971
-783
-468
-168
78
272
460
578
636
763
830
923
1221
1573
1725
1739
1592
1311
1109
809
552
381
215
85
-138
-368
-555
-675
-922
-1190
-1323
-1365
-1315
-1149
-920
-791
-622
-441
-379
-169
116
486
715
832
1102
1294
1405
1546
1623
1536
1443
1342
1149
963
886
794
504
292
96
-186
-244
-228
-318
-413
-416
-453
-484
-360
-242
-146
-76
-61
-37
-10
-26
-163
-283
-470
-645
-801
-1008
-1196
-1436
-1683
-1910
-2167
-2318
-2485
-2618
-2675
-2891
-2953
-2966
-3102
-3071
-2966
-2906
-2870
-2872
-2694
-2434
-2188
-1987
-1950
-1900
-1777
-1700
-1669
-1502
-1342
-1320
-1281
-1448
-1660
-1636
-1534
-1287
-793
116
1047
1843
2550
2865
3004
3157
3367
3609
4082
4501
4673
4764
4596
4248
3764
3258
2716
2073
1655
1395
1169
951
796
433
-115
-479
-848
-996
-875
-624
-332
-122
142
292
370
505
583
664
689
882
1054
1181
1399
1370
1134
764
409
57
-302
-393
-524
-709
-1196
-1028
-664
-1573
-1444
-1417
-2217
-1107
-752
-1227
-246
-359
-422
633
464
589
1274
1002
1361
1805
1611
1898
1914
1593
1558
1408
1240
1072
809
620
457
251
64
-170
-523
-611
-582
-501
-314
-157
-211
-331
-267
-227
-75
184
190
140
161
130
2
-141
-322
-683
-1000
-1310
-1627
-1724
-1875
-2145
-2313
-2566
-2790
-2801
-2847
-2975
-2991
-3006
-3017
-2843
-2670
-2593
-2438
-2294
-2194
-2021
-1721
-1441
-1212
-977
-940
-977
-930
-942
-878
-779
-810
-801
-767
-915
-1126
-1239
-1242
-1297
-1434
-1457
-1155
-484
387
1371
2217
2692
2938
3142
3205
3385
3943
4324
4387
4460
4336
4038
3813
3521
3001
2346
1636
928
474
315
347
208
-133
-490
-843
-1119
-1092
-873
-812
-642
-425
-227
-5
317
717
857
883
906
842
879
972
1049
1066
960
790
497
164
-42
-181
-336
-574
-787
-898
-1008
-940
-792
-758
-689
-635
-629
-533
-321
-25
280
436
520
617
704
734
726
658
560
469
403
452
457
500
509
379
252
118
57
22
2
7
-11
55
168
260
361
506
532
447
461
427
445
562
558
486
380
89
-197
-491
-866
-1132
-1429
-1743
-2000
-2133
-2244
-2375
-2423
-2580
-2710
-2732
-2758
-2693
-2573
-2312
-2072
-1973
-1875
-1803
-1702
-1674
-1516
-1279
-1177
-1023
-1019
-1147
-1131
-930
-683
-594
-689
-907
-1015
-977
-991
-910
-862
-868
-902
-940
-1014
-1104
-1097
-1257
-1306
-842
73
1268
2415
3073
3205
3134
2951
2954
3296
3730
4119
4134
3875
3567
3364
3186
2807
2197
1316
542
-71
-362
-279
-204
-155
-434
-900
-1206
-1278
-1059
-799
-521
-318
-93
215
552
1008
1269
1355
1200
851
619
527
638
716
747
662
330
-7
-358
-691
-888
-1019
-1172
-1291
-1282
-1155
-916
-729
-594
-500
-556
-550
-426
-201
215
608
868
960
965
1026
998
1042
1053
974
918
824
830
830
913
948
753
578
367
217
87
-51
-64
-112
-67
-11
-21
48
36
-79
-214
-369
-444
-394
-351
-291
-260
-366
-488
-629
-758
-867
-890
-935
-1140
-1232
-1358
-1460
-1475
-1549
-1481
-1465
-1499
-1527
-1679
-1744
-1757
-1714
-1673
-1694
-1680
-1708
-1786
-1869
-1863
-1837
-1803
-1760
-1725
-1569
-1389
-1316
-1389
-1437
-1274
-1104
-950
-821
-786
-758
-709
-667
-623
-520
-441
-554
-816
-832
-433
382
1459
2331
2885
3087
3046
2939
2856
3003
3238
3351
3309
3159
2997
2908
2686
2186
1584
823
118
-324
-527
-437
-215
-161
-355
-565
-728
-762
-634
-508
-258
15
210
430
666
959
1223
1362
1229
1026
858
658
650
618
511
438
259
67
-153
-316
-396
-577
-784
-917
-948
-904
-746
-546
-378
-225
-154
-156
-158
-50
115
329
556
731
888
1003
1044
991
917
833
713
603
576
579
632
724
682
533
342
88
-98
-142
-135
-78
52
143
236
276
245
255
178
119
31
-115
-144
-188
-221
-305
-492
-736
-1109
-1376
-1532
-1744
-1866
-1962
-2119
-2232
-2239
-2206
-2162
-2037
-1974
-1893
-1812
-1836
-1756
-1560
-1353
-1128
-1003
-997
-958
-886
-849
-769
-706
-760
-827
-972
-1157
-1183
-1023
-821
-630
-631
-806
-938
-1046
-1162
-1230
-1092
-884
-717
-713
-846
-946
-1035
-932
-676
-96
817
1696
2433
2763
2919
3045
3067
3058
3018
3146
3223
3274
3218
3106
3076
2706
2132
1412
707
315
59
0
-41
-34
-111
-371
-557
-719
-658
-560
-569
-461
-326
-124
155
426
651
843
950
852
730
678
663
701
724
648
544
479
377
207
81
-10
-217
-425
-596
-719
-634
-478
-357
-253
-219
-211
-259
-328
-279
-156
43
188
196
274
362
437
511
489
471
411
356
342
372
486
513
396
200
-10
-147
-181
-159
-143
-69
-3
26
47
45
75
37
-27
-46
-91
-96
-86
-160
-271
-386
-513
-691
-885
-1036
-1177
-1255
-1316
-1415
-1494
-1572
-1626
-1723
-1757
-1753
-1815
-1762
-1798
-1840
-1741
-1667
-1560
-1512
-1491
-1483
-1487
-1412
-1293
-1125
-947
-871
-885
-869
-909
-895
-736
-552
-340
-312
-481
-614
-682
-704
-674
-658
-695
-807
-1079
-1382
-1470
-1287
-884
-350
306
955
1497
1868
2060
2263
2439
2592
2735
2904
3084
3231
3397
3458
3381
3116
2640
2056
1461
996
614
442
374
218
74
-214
-540
-784
-991
-1087
-1125
-1106
-1007
-845
-576
-212
140
423
528
546
569
609
790
969
1157
1363
1383
1363
1289
1137
979
759
513
263
51
-155
-260
-321
-423
-501
-664
-821
-947
-1045
-994
-898
-760
-600
-469
-307
-147
29
285
480
606
722
765
817
897
965
1003
908
758
566
326
147
32
-35
-69
-162
-280
-360
-419
-433
-437
-473
-487
-498
-527
-497
-419
-414
-451
-496
-568
-617
-670
-748
-820
-910
-1045
-1146
-1216
-1261
-1248
-1264
-1283
-1319
-1371
-1398
-1473
-1422
-1280
-1224
-1122
-1066
-1085
-1068
-1085
-990
-814
-736
-662
-562
-441
-365
-382
-386
-429
-515
-587
-650
-585
-402
-317
-376
-336
-268
-268
-148
-67
-123
-153
-214
-157
25
50
30
42
-26
-53
51
295
668
940
1103
1339
1552
1657
1725
1775
1796
1781
1760
1766
1825
1869
1832
1720
1501
1278
1051
786
562
358
194
92
52
44
42
55
57
39
1
-7
19
71
168
213
259
361
427
463
474
422
312
214
132
88
109
71
-11
-80
-182
-271
-285
-317
-454
-602
-662
-710
-685
-587
-634
-744
-744
-651
-542
-482
-402
-306
-288
-288
-182
46
270
394
294
215
370
446
473
476
253
47
15
-68
-115
-93
-213
-375
-495
-603
-610
-570
-568
-611
-637
-729
-733
-496
-365
-287
-167
-144
-42
72
66
85
105
107
94
-1
-21
57
27
-55
-141
-213
-266
-406
-574
-676
-704
-722
-779
-787
-756
-727
-696
-678
-661
-619
-563
-492
-362
-232
-66
98
183
288
351
383
406
413
448
420
383
369
325
299
262
178
91
34
-68
-167
-216
-274
-287
-252
-203
-142
-65
-5
28
106
134
156
250
299
356
430
436
388
353
284
194
157
78
20
-16
-78
-100
-128
-145
-189
-201
-144
-126
-88
-23
42
118
200
259
279
325
352
337
363
404
394
386
408
382
356
354
298
229
201
179
171
168
190
225
204
219
221
165
170
147
117
138
128
121
92
29
-31
-90
-145
-177
-195
-222
-262
-263
-266
-316
-333
-344
-357
-332
-301
-252
-198
-153
-108
-96
-109
-128
-141
-116
-72
-68
-69
-42
-56
-99
-135
-163
-195
-231
-253
-234
-187
-172
-120
-109
-154
-163
-183
-165
-127
-86
-24
8
-2
-9
-4
-11
-6
-30
-53
-63
-109
-129
-165
-187
-169
-187
-151
-107
-91
-53
-8
36
60
85
102
111
137
168
179
149
164
167
118
129
121
63
4
-58
-108
-147
-171
-173
-180
-197
-175
-159
-166
-132
-116
-82
-13
44
111
145
147
168
152
125
133
90
71
78
70
92
60
-9
-35
-25
-41
-40
2
-5
3
-17
-77
-76
-72
-77
-90
-52
6
3
16
38
61
74
116
144
146
198
215
245
265
250
275
247
205
163
87
29
-14
-65
-136
-186
-237
-281
-294
-297
-315
-332
-295
-278
-268
-221
-199
-141
-63
6
90
169
234
284
324
343
345
323
301
262
197
161
113
57
-20
-114
-175
-241
-292
-347
-387
-372
-389
-377
-344
-328
-274
-215
-168
-124
-55
19
61
120
186
221
260
282
275
273
272
260
229
193
137
66
-6
-78
-133
-175
-168
-129
-91
-54
-19
20
33
56
75
67
100
144
193
230
221
205
174
138
122
88
44
37
6
-46
-82
-158
-225
-240
-236
-228
-208
-179
-167
-150
-109
-132
-156
-135
-132
-90
-24
1
10
27
48
34
22
25
6
20
47
88
165
212
242
267
264
279
271
280
327
345
432
499
477
416
589
1282
2001
2140
1776
1209
618
40
-277
4
580
925
819
284
-386
-955
-1391
-1474
-1148
-665
-398
-593
-990
-1378
-1664
-1691
-1439
-925
-363
-157
-309
-617
-884
-905
-697
-358
80
427
471
248
-41
-203
-179
64
341
535
612
458
187
-48
-177
-42
173
219
248
244
47
-176
-264
-297
-153
25
37
-1
-145
-218
-84
-100
-134
86
216
237
189
33
64
197
189
268
388
423
412
228
91
148
166
127
111
-1
-76
-98
-154
-193
-158
-123
-114
-115
-204
-289
-376
-403
-247
-150
-64
178
196
59
-26
-117
12
191
99
85
222
135
-39
-112
-98
53
204
135
23
-39
-189
-255
-233
-186
14
89
-5
68
-7
-178
-112
20
232
395
344
350
282
111
157
223
278
397
399
344
249
100
38
17
-5
33
-25
-83
-101
-328
-479
-377
-461
-442
-288
-375
-339
-294
-443
-300
-131
-85
230
349
212
308
300
124
163
233
346
488
341
187
200
70
-104
-82
-100
-160
-95
-195
-334
-292
-374
-466
-413
-458
-396
-190
-179
-156
3
27
65
124
104
246
367
364
448
461
348
288
263
292
330
260
254
298
147
47
93
78
168
216
107
117
102
9
37
28
64
177
138
59
49
32
3
-85
-212
-224
-123
-121
-199
-224
-264
-296
-273
-307
-313
-210
-194
-223
-183
-173
-159
-87
-58
-59
1
32
51
164
148
93
178
117
30
41
-61
-104
-86
-184
-171
-90
-180
-319
-412
-447
-378
-307
-311
-264
-165
-157
-215
-237
-200
-55
57
60
116
222
316
334
227
236
360
399
382
329
340
422
343
196
164
143
75
-5
-85
-99
-65
-149
-283
-309
-359
-390
-298
-284
-303
-221
-232
-264
-202
-129
-65
-50
-77
-87
-4
103
148
220
279
263
273
272
238
282
342
314
324
350
346
320
221
126
138
194
134
50
32
-40
-76
-51
-40
59
125
68
30
-37
-104
-60
16
102
195
221
247
248
190
178
184
142
101
55
-18
-65
-80
-93
-113
-135
-191
-266
-308
-306
-288
-313
-330
-317
-338
-333
-298
-283
-215
-131
-110
-138
-130
-69
-18
4
-18
-63
-36
-2
-16
-24
-32
-22
-25
-47
-51
-64
-68
-43
-46
-41
-8
29
70
61
22
2
7
22
38
66
115
159
168
139
123
89
47
61
38
23
48
-17
-77
-82
-120
-126
-139
-177
-178
-200
-220
-229
-230
-190
-195
-222
-212
-213
-162
-67
-41
-24
8
34
35
4
-16
-23
-24
-60
-125
-112
-66
-45
3
18
8
13
-44
-75
-26
20
98
143
111
145
211
209
193
229
315
385
393
377
380
365
322
294
272
273
308
308
276
258
230
184
134
82
58
63
44
-6
-42
-43
-44
-46
-53
-81
-66
-6
20
48
96
110
133
156
121
110
160
145
84
62
-3
-73
-86
-129
-173
-151
-165
-212
-202
-236
-258
-196
-167
-167
-120
-79
-93
-68
-38
-70
-62
-41
-41
-8
-16
-63
-74
-107
-146
-158
-173
-150
-111
-126
-193
-251
-238
-198
-174
-172
-200
-217
-239
-311
-341
-299
-261
-207
-189
-229
-219
-209
-223
-208
-193
-170
-107
-60
-28
3
3
32
98
155
200
190
180
201
201
177
148
155
224
291
298
314
335
286
228
229
293
386
430
420
385
362
373
379
359
416
530
533
489
456
430
489
526
497
482
474
479
482
447
418
397
346
282
235
240
284
279
219
145
110
119
141
132
89
56
16
-59
-91
-66
-29
6
7
-30
-103
-184
-237
-265
-263
-285
-377
-458
-540
-635
-674
-742
-807
-792
-789
-810
-821
-845
-852
-805
-767
-758
-750
-736
-686
-644
-636
-626
-571
-475
-414
-396
-412
-459
-479
-484
-524
-525
-476
-420
-376
-387
-409
-386
-337
-285
-214
-152
-106
-65
-29
13
77
172
258
286
286
316
381
450
467
491
521
496
497
527
568
641
663
603
555
550
556
568
603
630
616
592
567
567
620
665
683
686
679
696
712
728
754
781
813
804
759
748
749
742
722
658
595
559
526
516
477
400
356
307
260
241
210
185
144
67
-27
-133
-201
-233
-282
-350
-425
-508
-606
-703
-787
-855
-915
-989
-1062
-1121
-1155
-1170
-1177
-1189
-1194
-1169
-1155
-1140
-1124
-1140
-1141
-1143
-1141
-1132
-1141
-1120
-1086
-1078
-1060
-1028
-1031
-1045
-1013
-957
-915
-918
-960
-1001
-999
-956
-964
-985
-968
-912
-805
-793
-826
-782
-747
-715
-699
-719
-704
-618
-492
-317
-14
407
804
1065
1273
1527
1804
2025
2119
2156
2218
2282
2286
2258
2335
2495
2590
2525
2332
2211
2156
2030
1833
1555
1284
1019
694
424
258
216
216
71
-157
-320
-409
-453
-501
-585
-613
-601
-579
-515
-421
-253
-76
11
67
91
163
291
359
388
372
356
376
409
426
419
442
464
432
344
223
115
22
-43
-144
-263
-322
-330
-275
-222
-235
-261
-236
-218
-248
-257
-259
-258
-239
-275
-310
-296
-247
-215
-256
-285
-322
-359
-397
-499
-580
-626
-692
-789
-855
-872
-878
-872
-949
-1052
-1099
-1159
-1227
-1314
-1383
-1435
-1504
-1565
-1632
-1639
-1602
-1574
-1561
-1569
-1564
-1591
-1626
-1619
-1581
-1491
-1449
-1483
-1489
-1434
-1345
-1307
-1337
-1331
-1137
-793
-426
-23
404
891
1375
1728
2014
2267
2504
2644
2641
2607
2605
2719
2869
2912
2889
2853
2784
2667
2528
2335
2107
1851
1474
1100
798
545
399
292
161
16
-128
-271
-382
-482
-606
-669
-706
-727
-734
-744
-643
-485
-357
-219
-97
1
128
253
302
305
293
247
233
255
298
363
391
373
327
284
241
200
137
34
-51
-143
-231
-240
-211
-194
-167
-114
-55
-20
-35
-91
-126
-101
-50
-38
-27
65
180
262
299
309
365
451
468
392
311
269
233
158
53
-1
-9
-29
-117
-263
-372
-447
-560
-718
-897
-1031
-1116
-1221
-1339
-1421
-1437
-1428
-1454
-1489
-1520
-1537
-1530
-1529
-1547
-1560
-1553
-1549
-1543
-1509
-1463
-1443
-1451
-1481
-1509
-1513
-1521
-1544
-1540
-1491
-1462
-1458
-1459
-1457
-1431
-1432
-1459
-1440
-1314
-1071
-651
-81
433
860
1217
1582
2076
2495
2696
2696
2574
2507
2495
2480
2532
2657
2719
2629
2412
2198
2133
2109
1940
1627
1234
872
580
318
142
65
19
-80
-202
-266
-235
-173
-229
-354
-473
-529
-483
-416
-313
-170
-31
91
183
315
474
612
652
590
500
398
360
331
302
302
259
218
153
78
47
4
-88
-199
-289
-378
-409
-368
-336
-275
-201
-130
-33
53
159
264
315
337
318
312
355
429
511
566
590
600
631
663
682
658
561
410
237
100
-18
-110
-160
-241
-324
-388
-449
-473
-493
-550
-677
-849
-1008
-1122
-1174
-1190
-1205
-1244
-1270
-1304
-1354
-1346
-1330
-1339
-1344
-1391
-1441
-1457
-1491
-1534
-1563
-1595
-1623
-1656
-1668
-1651
-1667
-1719
-1797
-1877
-1898
-1844
-1784
-1801
-1863
-1897
-1870
-1801
-1755
-1768
-1792
-1636
-1205
-563
190
845
1400
1940
2462
2967
3285
3359
3294
3157
3038
2927
2821
2840
2924
2922
2785
2548
2378
2356
2247
1909
1464
1004
620
335
81
-67
-72
-43
-61
-134
-156
-50
34
-5
-100
-201
-195
-131
-135
-115
-47
65
223
350
453
557
597
509
345
211
149
150
129
58
-38
-131
-183
-199
-173
-138
-157
-227
-339
-436
-480
-504
-500
-455
-400
-304
-186
-61
75
201
316
410
459
495
548
605
684
781
849
863
846
820
801
776
681
517
328
167
18
-145
-281
-397
-492
-567
-652
-710
-721
-741
-814
-945
-1088
-1191
-1249
-1287
-1335
-1392
-1417
-1434
-1439
-1430
-1417
-1400
-1427
-1486
-1542
-1592
-1612
-1625
-1640
-1640
-1661
-1716
-1795
-1844
-1832
-1794
-1785
-1804
-1763
-1654
-1542
-1465
-1450
-1457
-1429
-1381
-1391
-1425
-1377
-1313
-1262
-1083
-661
10
762
1402
1931
2455
3043
3524
3697
3649
3529
3395
3270
3119
3006
3024
3028
2862
2577
2361
2257
2138
1852
1339
808
443
132
-166
-390
-546
-626
-677
-716
-637
-402
-158
-78
-107
-154
-164
-84
-1
68
172
251
285
371
519
640
702
665
516
405
356
269
164
59
-70
-186
-265
-281
-220
-152
-167
-261
-323
-323
-300
-263
-260
-269
-228
-190
-142
-44
78
208
303
342
383
467
580
690
745
722
648
570
521
518
508
442
344
257
205
159
89
-4
-112
-232
-356
-477
-541
-542
-571
-667
-800
-897
-921
-920
-955
-1043
-1151
-1247
-1324
-1376
-1401
-1405
-1431
-1497
-1577
-1648
-1668
-1636
-1629
-1665
-1718
-1748
-1750
-1755
-1745
-1731
-1715
-1689
-1655
-1573
-1441
-1344
-1280
-1212
-1137
-1019
-940
-938
-923
-894
-921
-1020
-1091
-1070
-990
-836
-559
-74
584
1171
1621
2054
2576
3127
3434
3397
3288
3316
3401
3374
3202
3052
2992
2911
2749
2554
2416
2291
1989
1435
836
428
157
-105
-385
-653
-806
-874
-935
-913
-784
-614
-497
-472
-465
-376
-196
-48
16
72
146
256
395
537
669
768
817
773
685
610
509
368
206
49
-76
-173
-261
-327
-342
-340
-370
-396
-400
-398
-359
-332
-338
-277
-178
-86
52
230
428
628
797
937
1096
1235
1248
1142
1001
884
776
629
423
252
194
155
71
-24
-105
-176
-266
-419
-588
-697
-766
-864
-981
-1070
-1091
-1040
-990
-996
-1015
-1020
-1040
-1076
-1126
-1181
-1217
-1244
-1290
-1330
-1326
-1295
-1285
-1319
-1370
-1410
-1444
-1513
-1606
-1681
-1743
-1801
-1832
-1820
-1778
-1689
-1550
-1410
-1303
-1254
-1229
-1115
-860
-635
-651
-803
-824
-671
-540
-609
-829
-944
-799
-550
-276
173
760
1305
1706
1947
2298
2901
3372
3441
3296
3154
3085
3038
2922
2779
2719
2689
2490
2221
2078
1970
1746
1311
764
343
81
-169
-452
-662
-769
-860
-956
-997
-893
-663
-469
-397
-374
-249
-70
20
65
149
293
448
551
634
738
857
933
894
847
833
753
601
399
185
39
-75
-208
-287
-315
-362
-439
-502
-499
-457
-402
-371
-380
-315
-201
-125
7
231
488
714
876
1021
1167
1238
1200
1081
960
875
759
534
324
263
250
195
101
-9
-70
-124
-286
-530
-695
-773
-900
-1018
-1119
-1206
-1141
-1073
-1118
-1099
-1016
-987
-999
-1022
-1083
-1139
-1126
-1159
-1246
-1265
-1281
-1328
-1324
-1292
-1288
-1282
-1289
-1378
-1442
-1438
-1505
-1560
-1513
-1464
-1423
-1339
-1276
-1198
-1001
-826
-836
-880
-806
-693
-591
-563
-670
-726
-654
-641
-720
-803
-825
-813
-861
-889
-707
-202
463
937
1263
1711
2263
2790
3118
3166
3158
3268
3349
3252
3107
3069
3044
2896
2647
2415
2325
2312
2105
1627
1116
743
461
174
-187
-543
-755
-886
-1025
-1072
-984
-849
-725
-656
-619
-492
-296
-180
-145
-101
12
200
396
576
726
799
838
905
1058
1214
1203
1018
713
387
144
-47
-175
-198
-188
-235
-377
-495
-472
-403
-338
-296
-317
-312
-231
-149
-22
224
497
764
1026
1163
1177
1132
1012
830
631
417
161
-26
-83
-151
-208
-164
-103
-63
-41
-93
-231
-361
-476
-661
-809
-845
-871
-876
-855
-836
-761
-629
-568
-600
-637
-715
-842
-946
-1063
-1209
-1306
-1380
-1474
-1524
-1503
-1488
-1500
-1495
-1515
-1535
-1540
-1582
-1582
-1533
-1489
-1437
-1376
-1262
-1065
-854
-736
-661
-458
-247
-191
-251
-382
-412
-320
-356
-585
-779
-807
-807
-891
-1090
-1310
-1363
-1367
-1409
-1154
-387
563
1245
1651
2007
2588
3371
3773
3664
3539
3578
3590
3406
3101
2871
2802
2692
2278
1835
1692
1667
1471
988
370
-51
-218
-392
-712
-977
-1003
-904
-777
-599
-382
-119
150
267
272
381
582
706
711
635
576
664
845
968
994
920
785
630
505
378
173
-1
-220
-472
-597
-652
-603
-494
-437
-446
-463
-351
-209
-62
88
142
254
383
517
742
970
1188
1325
1415
1458
1375
1247
985
641
338
19
-272
-491
-554
-546
-578
-551
-506
-404
-240
-196
-228
-270
-284
-312
-397
-405
-407
-378
-305
-357
-405
-377
-418
-559
-768
-1004
-1271
-1471
-1602
-1803
-1922
-1946
-2027
-2081
-2064
-2033
-1954
-1838
-1790
-1786
-1702
-1559
-1448
-1334
-1224
-1095
-848
-591
-438
-393
-372
-358
-413
-443
-517
-633
-685
-777
-902
-1049
-1147
-1213
-1363
-1484
-1674
-1820
-1769
-1740
-1724
-1580
-1066
-176
876
1830
2469
3133
3900
4477
4730
4691
4557
4376
4127
3663
3123
2874
2756
2505
2081
1663
1391
1210
974
495
-17
-352
-595
-811
-966
-978
-868
-596
-276
-7
347
699
954
1089
1133
1130
1097
1147
1096
921
811
722
695
680
597
420
217
70
-148
-352
-486
-624
-698
-758
-766
-675
-511
-291
-125
24
178
308
439
497
522
524
524
589
644
745
858
918
979
987
926
739
472
194
-93
-310
-489
-639
-667
-568
-390
-181
56
308
531
697
747
689
614
509
371
227
58
-113
-293
-474
-698
-980
-1223
-1482
-1740
-1989
-2261
-2462
-2572
-2560
-2515
-2451
-2311
-2171
-2006
-1882
-1791
-1675
-1561
-1437
-1375
-1313
-1251
-1186
-1054
-938
-844
-819
-815
-777
-747
-781
-939
-1122
-1259
-1287
-1338
-1467
-1522
-1524
-1443
-1442
-1499
-1513
-1504
-1360
-1313
-1227
-852
-104
1043
2154
3108
3807
4430
5059
5304
5267
4877
4378
3882
3212
2544
1862
1541
1400
1134
917
667
601
555
379
93
-221
-265
-247
-185
-61
133
510
919
1325
1581
1763
1871
1758
1555
1204
847
562
309
72
-219
-366
-393
-364
-290
-313
-358
-404
-442
-505
-605
-603
-497
-320
-120
88
348
662
944
1083
1076
987
879
712
515
316
162
153
136
129
151
185
291
365
517
617
596
495
234
78
-2
-11
-10
-69
32
150
333
507
601
735
722
668
515
298
138
-126
-352
-598
-825
-975
-1160
-1314
-1550
-1764
-1919
-2083
-2133
-2178
-2195
-2126
-1999
-1826
-1685
-1537
-1427
-1355
-1292
-1319
-1417
-1533
-1620
-1687
-1717
-1725
-1717
-1621
-1530
-1440
-1342
-1250
-1238
-1380
-1470
-1483
-1380
-1349
-1471
-1485
-1372
-1119
-1073
-1122
-1009
-836
-641
-748
-853
-777
-538
-66
472
1389
2430
3332
4050
4489
4950
5191
5137
4749
4074
3426
2702
2100
1637
1237
985
792
740
723
662
605
515
453
331
158
130
232
376
549
742
1014
1340
1559
1636
1596
1464
1229
861
494
152
-153
-356
-542
-621
-607
-542
-380
-275
-194
-184
-185
-113
-128
-127
-111
-7
173
324
500
648
863
964
942
858
699
607
400
218
39
-133
-140
-172
-75
4
68
233
387
630
716
662
532
369
279
143
46
-81
-122
-46
17
174
331
495
603
586
475
280
119
-60
-319
-603
-853
-1052
-1172
-1283
-1436
-1530
-1579
-1595
-1630
-1685
-1723
-1733
-1682
-1678
-1703
-1683
-1620
-1536
-1552
-1615
-1641
-1613
-1548
-1613
-1732
-1733
-1644
-1479
-1403
-1390
-1298
-1236
-1168
-1200
-1258
-1164
-1095
-995
-1025
-1098
-997
-892
-725
-751
-944
-1030
-1014
-867
-896
-1063
-978
-423
657
1819
2667
3381
4123
4811
5271
5225
4847
4385
3831
3160
2257
1559
1210
1040
958
648
414
425
601
701
478
233
31
46
191
224
364
622
969
1261
1448
1621
1741
1757
1521
1031
537
218
-73
-367
-693
-951
-938
-797
-581
-451
-363
-217
-128
-47
-59
-48
-16
25
100
154
353
617
871
983
988
939
822
775
583
302
57
-155
-274
-331
-272
-195
-37
167
262
332
470
687
795
760
554
333
291
291
264
113
50
145
263
425
463
436
442
393
197
-47
-189
-325
-443
-592
-839
-1025
-1013
-965
-1093
-1229
-1333
-1417
-1414
-1450
-1560
-1624
-1566
-1507
-1494
-1437
-1372
-1267
-1167
-1166
-1234
-1322
-1353
-1453
-1621
-1770
-1874
-1804
-1654
-1509
-1453
-1373
-1178
-1110
-1073
-1044
-956
-897
-889
-902
-1091
-999
-897
-932
-968
-1091
-988
-1044
-1086
-1245
-1428
-865
-108
912
1864
2524
3331
4023
4764
5074
4937
4697
4098
3444
2754
2074
1565
1271
1017
626
370
362
548
724
786
560
285
306
307
345
366
388
543
738
1029
1200
1399
1577
1459
1254
911
541
279
-29
-383
-728
-894
-813
-678
-479
-270
-122
118
292
391
393
308
340
248
196
236
279
482
595
665
632
582
600
448
280
-16
-271
-353
-416
-402
-378
-220
-23
217
487
618
797
958
1071
1041
875
735
553
439
301
133
85
101
218
338
365
377
381
336
235
48
-168
-389
-618
-787
-994
-1123
-1149
-1158
-1105
-1130
-1131
-1118
-1128
-1134
-1224
-1288
-1361
-1431
-1499
-1580
-1593
-1562
-1497
-1452
-1397
-1325
-1253
-1252
-1368
-1490
-1590
-1597
-1567
-1554
-1543
-1492
-1309
-1151
-983
-764
-661
-579
-436
-394
-554
-794
-1094
-1409
-1487
-1371
-1389
-1396
-1275
-1270
-1167
-938
-580
138
1094
1902
2358
3004
3705
4259
4866
4893
4468
4113
3797
3282
2628
2107
1498
1015
694
290
77
188
379
361
296
141
57
292
377
253
146
225
356
475
739
815
885
1103
1122
970
824
754
608
382
110
-182
-248
-158
-103
-70
-20
43
195
370
391
342
332
322
199
100
76
18
47
78
53
6
50
189
206
177
158
111
112
141
111
122
219
312
460
601
729
870
1006
1041
878
795
679
455
321
146
-3
-24
49
124
178
268
316
302
216
23
-189
-369
-609
-874
-1103
-1295
-1359
-1338
-1305
-1262
-1231
-1163
-1134
-1133
-1127
-1183
-1265
-1379
-1489
-1584
-1625
-1569
-1525
-1518
-1495
-1494
-1532
-1528
-1475
-1446
-1395
-1298
-1285
-1324
-1249
-1136
-1148
-1107
-1012
-984
-938
-965
-1010
-959
-866
-960
-1115
-1115
-1219
-1244
-1128
-1198
-1391
-1345
-1275
-1261
-569
434
1342
2207
2904
3534
4176
4965
5193
4918
4539
3790
3203
2751
2131
1525
1160
805
336
274
376
428
575
597
257
-41
96
127
134
163
55
92
357
742
963
1248
1444
1398
1379
1220
986
838
724
295
-139
-272
-394
-314
-154
-134
-232
-159
34
5
62
78
-51
-106
-146
-206
-172
23
117
178
272
281
366
522
530
333
221
180
64
108
196
207
350
568
735
900
1147
1342
1347
1290
1046
707
569
351
90
-69
-237
-282
-162
31
126
232
329
257
184
52
-176
-406
-641
-929
-1174
-1289
-1326
-1240
-1152
-1121
-1118
-1084
-1037
-1075
-1121
-1258
-1408
-1523
-1647
-1686
-1707
-1671
-1657
-1654
-1611
-1557
-1389
-1260
-1258
-1346
-1443
-1489
-1500
-1440
-1427
-1444
-1404
-1338
-1209
-1035
-883
-744
-597
-571
-652
-682
-749
-922
-999
-1046
-1202
-1211
-1201
-1326
-1354
-1208
-752
62
970
1717
2387
3080
3657
4273
4744
4697
4418
4048
3502
2927
2464
2058
1615
1201
792
458
406
502
603
556
303
47
-9
87
77
93
161
179
342
666
1011
1259
1497
1593
1457
1313
1162
1030
834
497
78
-244
-369
-404
-285
-237
-290
-254
-173
-77
-40
26
-24
-167
-255
-321
-269
-144
23
115
188
255
354
554
592
527
378
224
122
53
94
60
133
272
364
572
786
995
1136
1163
1027
816
681
501
328
195
3
-116
-36
61
154
283
292
244
159
-10
-220
-410
-623
-912
-1114
-1235
-1309
-1246
-1176
-1186
-1137
-1066
-1052
-1063
-1136
-1248
-1383
-1503
-1587
-1669
-1653
-1568
-1487
-1387
-1369
-1381
-1290
-1254
-1330
-1445
-1519
-1576
-1592
-1464
-1396
-1264
-1116
-1155
-1099
-1023
-951
-855
-844
-1042
-1267
-1193
-1163
-1144
-1000
-1052
-1187
-1131
-1114
-1230
-1246
-1219
-774
150
1055
1842
2690
3543
4147
4834
5168
4903
4655
4281
3653
2822
2138
1592
1125
841
424
185
138
193
379
388
151
-56
26
-30
-188
-124
13
167
453
831
1036
1348
1708
1848
1771
1493
1272
1019
744
303
-122
-362
-632
-610
-537
-521
-451
-268
-86
-141
-82
-21
7
38
-27
-72
-53
130
314
467
544
549
620
626
512
356
232
46
-131
-227
-277
-243
-71
162
295
498
720
966
1177
1183
1095
902
772
587
420
345
232
295
360
410
485
567
573
412
207
-129
-443
-715
-986
-1232
-1466
-1584
-1603
-1470
-1332
-1180
-1015
-940
-878
-919
-982
-1075
-1157
-1257
-1437
-1484
-1502
-1475
-1432
-1406
-1341
-1368
-1381
-1437
-1516
-1579
-1687
-1637
-1628
-1668
-1608
-1475
-1261
-1079
-890
-861
-818
-592
-526
-591
-714
-737
-727
-832
-988
-1080
-949
-910
-889
-957
-1174
-1255
-1188
-864
-345
496
1330
2024
2730
3273
3989
4529
4718
4611
4202
3724
3081
2598
2081
1561
1156
704
417
174
224
399
445
305
27
-82
-179
-91
20
74
195
346
678
971
1320
1670
1890
1881
1613
1389
1094
827
521
132
-254
-574
-615
-619
-535
-391
-235
-78
-62
-15
-26
14
34
-24
-54
-129
-35
142
328
426
442
498
442
378
262
134
23
-140
-251
-343
-286
-92
179
450
631
841
1020
1144
1181
1113
992
769
511
304
148
82
126
202
226
233
280
280
212
63
-201
-474
-792
-1076
-1246
-1390
-1427
-1365
-1256
-1192
-1093
-928
-909
-905
-949
-1083
-1235
-1424
-1526
-1622
-1697
-1709
-1677
-1640
-1632
-1536
-1436
-1358
-1333
-1450
-1599
-1689
-1708
-1638
-1472
-1326
-1126
-863
-672
-522
-334
-163
-225
-401
-686
-933
-982
-1084
-1133
-1213
-1255
-1261
-1235
-1067
-1064
-1016
-1062
-1162
-977
-391
649
1523
2330
3050
3596
4232
4654
4858
4732
4423
3901
3092
2373
1746
1397
1148
782
396
72
-6
82
174
60
-92
-220
-385
-436
-356
-78
284
725
1006
1166
1487
1789
2057
2048
1812
1484
1046
669
241
-82
-291
-452
-548
-683
-667
-534
-296
-99
-72
-82
-126
-111
-99
-38
75
206
344
359
392
444
550
637
565
396
179
39
-98
-162
-157
-132
-10
127
327
528
789
1018
1086
1016
806
647
427
255
142
-31
-97
-106
-25
29
164
340
333
267
56
-201
-455
-667
-814
-992
-1129
-1233
-1225
-1198
-1169
-1083
-1038
-1084
-1205
-1314
-1431
-1454
-1425
-1456
-1497
-1480
-1405
-1332
-1205
-1148
-1131
-1148
-1262
-1384
-1514
-1540
-1617
-1684
-1730
-1797
-1673
-1535
-1326
-1105
-945
-790
-656
-499
-528
-538
-434
-387
-425
-540
-627
-706
-658
-641
-743
-919
-1165
-1357
-1481
-1264
-669
282
1235
1954
2657
3201
3766
4220
4442
4369
4011
3624
2948
2390
2021
1745
1634
1351
1042
668
502
438
269
137
-170
-359
-542
-683
-584
-319
137
538
933
1162
1344
1631
1758
1731
1537
1295
930
542
246
9
-35
-12
21
-36
-107
-69
-21
-3
-60
-112
-200
-317
-371
-373
-260
-14
232
368
432
486
544
566
527
394
209
57
-109
-209
-196
-80
122
323
519
656
755
799
752
605
377
172
-38
-237
-324
-289
-218
-93
76
204
331
416
399
236
-14
-278
-564
-803
-1039
-1175
-1211
-1240
-1197
-1146
-1084
-1057
-1043
-1103
-1258
-1351
-1462
-1536
-1586
-1613
-1577
-1527
-1399
-1329
-1271
-1230
-1257
-1283
-1392
-1496
-1581
-1625
-1652
-1651
-1559
-1482
-1317
-1118
-951
-781
-603
-554
-680
-678
-704
-754
-706
-742
-826
-877
-840
-896
-882
-779
-812
-791
-799
-635
-108
607
1335
2019
2670
3053
3413
3686
3635
3608
3526
3243
2768
2323
1995
1757
1707
1587
1475
1312
1018
792
518
255
83
-23
-242
-481
-503
-430
-209
159
531
818
1044
1185
1199
1161
1070
1016
881
627
374
187
111
41
101
140
108
126
44
-92
-250
-279
-306
-397
-396
-412
-323
-202
-56
122
260
434
503
491
366
269
267
172
101
20
-46
-72
-20
58
99
233
284
245
200
166
136
122
159
124
108
129
156
195
286
406
427
451
404
282
149
-2
-164
-388
-569
-788
-970
-1100
-1242
-1301
-1346
-1359
-1393
-1366
-1374
-1422
-1378
-1399
-1374
-1329
-1260
-1227
-1192
-1098
-1089
-1020
-1027
-1039
-1073
-1188
-1273
-1451
-1562
-1688
-1745
-1756
-1777
-1639
-1535
-1317
-1117
-931
-706
-603
-517
-560
-574
-578
-501
-405
-434
-329
-270
-239
-263
-310
-403
-573
-497
-300
66
520
1071
1678
2043
2431
2760
2927
2998
3091
3088
2785
2619
2459
2198
2043
1964
1943
1824
1714
1531
1264
992
667
437
124
-199
-359
-498
-596
-561
-340
-129
97
377
524
590
636
644
554
452
401
321
255
219
249
335
423
509
557
568
501
393
261
89
-54
-181
-283
-357
-386
-372
-318
-221
-169
-92
-25
-42
-71
-119
-197
-285
-272
-235
-225
-110
13
129
228
306
355
329
316
248
172
80
-47
-121
-215
-256
-247
-201
-140
-103
-53
-112
-201
-297
-430
-574
-742
-869
-1023
-1145
-1196
-1195
-1136
-1057
-947
-881
-833
-797
-798
-822
-847
-823
-834
-842
-828
-813
-782
-755
-692
-664
-636
-594
-606
-646
-728
-792
-846
-869
-849
-812
-718
-593
-415
-219
-23
186
392
564
634
656
641
594
557
510
452
397
369
342
287
223
175
148
131
109
89
74
54
60
57
62
113
200
279
339
418
473
546
610
629
670
713
771
777
785
795
774
803
762
703
641
581
523
424
392
354
363
395
398
437
461
496
491
481
465
438
447
397
343
289
245
210
195
206
190
234
278
310
331
305
283
234
195
126
46
-20
-82
-104
-153
-195
-242
-276
-308
-359
-397
-443
-440
-446
-464
-477
-500
-467
-460
-444
-414
-379
-317
-279
-214
-164
-117
-76
-67
-44
-47
-42
-33
-46
-65
-83
-86
-133
-183
-230
-310
-367
-391
-398
-410
-397
-336
-281
-228
-149
-62
29
116
199
245
254
270
252
203
130
66
9
-78
-145
-216
-278
-319
-341
-365
-419
-430
-421
-405
-369
-302
-205
-111
-10
66
134
208
298
368
386
404
398
384
329
240
135
-7
-107
-212
-305
-363
-389
-384
-405
-397
-377
-335
-273
-231
-180
-135
-60
24
119
201
249
310
334
352
374
389
392
372
348
270
189
131
84
47
-18
-55
-75
-67
-34
-10
33
52
80
108
126
162
180
205
211
211
229
228
213
197
202
193
192
229
249
274
293
296
294
275
262
222
180
138
78
43
-11
-52
-79
-121
-147
-169
-175
-195
-204
-204
-213
-211
-229
-253
-281
-289
-293
-293
-262
-233
-185
-146
-101
-63
-16
55
94
146
162
177
187
181
185
143
111
41
-16
-51
-106
-132
-167
-171
-197
-208
-190
-180
-123
-79
-24
22
84
170
218
267
259
240
216
168
140
89
39
-16
-49
-79
-116
-118
-127
-142
-139
-124
-112
-70
-11
22
48
73
93
113
139
138
123
120
94
66
33
-23
-92
-164
-234
-307
-343
-359
-354
-322
-282
-238
-197
-155
-114
-62
-37
-28
-21
-15
-10
-21
-17
-25
-35
-29
-21
0
13
49
65
61
53
40
27
11
44
63
75
100
124
166
192
232
248
242
228
178
145
110
75
36
-2
-28
-64
-66
-64
-50
-9
37
69
73
94
97
95
91
68
53
43
54
65
83
105
111
111
92
53
17
-8
-29
-65
-90
-97
-106
-117
-152
-205
-252
-278
-296
-303
-296
-276
-213
-141
-67
5
82
171
254
338
390
426
440
419
386
333
277
214
152
86
27
-13
-67
-106
-145
-173
-197
-207
-201
-191
-132
-70
13
97
152
187
195
206
174
148
115
47
-8
-75
-133
-194
-224
-245
-275
-279
-303
-285
-265
-229
-181
-154
-124
-109
-65
-54
-43
-23
-20
0
4
19
-5
-39
-74
-139
-173
-205
-205
-202
-184
-155
-141
-95
-66
-35
-15
9
30
34
50
42
36
12
-9
-7
-6
7
19
45
51
64
97
105
122
135
129
104
106
139
143
155
160
157
143
122
100
65
50
9
-41
-75
-93
-85
-78
-71
-72
-41
14
69
137
185
216
234
245
241
235
225
188
144
103
87
82
90
85
57
43
21
9
-3
-11
-20
-45
-57
-77
-89
-106
-153
-201
-235
-235
-225
-192
-153
-113
-46
19
72
121
175
219
254
282
279
270
257
229
181
131
84
28
-19
-60
-89
-115
-137
-165
-194
-200
-201
-174
-137
-83
-9
56
118
148
181
197
181
163
117
75
22
-27
-73
-125
-151
-183
-195
-211
-224
-212
-196
-154
-130
-109
-106
-107
-97
-99
-88
-99
-102
-103
-111
-109
-112
-103
-124
-143
-160
-176
-171
-163
-142
-131
-109
-86
-66
-39
-22
-3
-1
2
-1
-3
2
-20
-35
-52
-63
-65
-44
-2
36
101
167
216
247
263
270
267
265
257
242
221
207
200
180
158
127
87
53
18
-25
-51
-69
-87
-98
-124
-147
-152
-125
-98
-57
6
58
122
159
170
161
157
165
162
161
135
123
118
108
114
120
135
152
156
138
118
107
80
49
2
-60
-116
-166
-223
-271
-282
-281
-262
-228
-194
-153
-113
-69
-33
9
50
88
121
144
166
181
191
200
207
201
178
137
100
67
32
-11
-70
-134
-197
-246
-283
-286
-247
-207
-161
-128
-105
-86
-57
-30
-22
-5
-2
4
6
6
7
-3
-13
-33
-34
-39
-39
-21
-15
-11
-9
-14
-47
-80
-108
-126
-125
-118
-95
-77
-57
-56
-51
-50
-54
-37
-45
-51
-55
-42
-31
-30
-16
-18
0
3
13
14
2
3
-17
-30
-70
-87
-103
-123
-110
-94
-42
4
71
127
154
197
218
242
237
243
247
241
247
228
226
197
180
162
125
94
47
22
-33
-68
-97
-136
-162
-203
-210
-209
-172
-118
-59
-2
33
71
74
75
81
86
82
62
62
51
66
90
110
134
141
158
163
173
176
163
137
92
54
-1
-65
-126
-168
-198
-209
-189
-162
-139
-117
-112
-123
-121
-98
-71
-51
-28
-9
9
27
50
82
92
100
106
98
89
87
87
49
6
-46
-108
-156
-193
-202
-207
-188
-160
-123
-88
-76
-53
-43
-30
-12
13
30
40
63
65
68
79
92
101
98
89
69
58
34
5
-29
-72
-120
-167
-203
-232
-227
-195
-163
-138
-121
-112
-100
-76
-54
-44
-35
-36
-44
-42
-38
-33
-25
-15
-18
-31
-37
-45
-48
-46
-55
-66
-86
-95
-98
-99
-82
-52
-1
40
72
89
95
106
117
137
135
140
143
140
147
152
176
188
195
184
156
134
110
101
79
54
23
-5
-19
-36
-24
-13
17
49
79
112
120
132
117
94
73
65
83
93
105
97
91
83
80
88
81
80
61
45
34
22
29
21
5
-28
-63
-91
-120
-133
-155
-173
-190
-214
-241
-265
-269
-259
-230
-193
-155
-115
-70
-23
16
49
75
102
118
131
136
140
141
131
117
85
45
6
-39
-93
-139
-166
-173
-169
-162
-148
-131
-105
-73
-31
15
62
109
132
138
136
143
146
143
138
116
96
81
76
68
47
20
-25
-74
-115
-137
-149
-149
-137
-127
-111
-102
-81
-60
-46
-29
-28
-30
-42
-48
-62
-84
-91
-97
-94
-90
-74
-59
-44
-19
-8
0
-4
-9
-16
-25
-18
-5
25
57
90
120
137
150
154
159
151
144
138
124
113
104
108
109
116
117
103
81
53
27
1
-20
-41
-63
-82
-95
-94
-82
-57
-17
29
73
110
137
150
158
151
135
113
86
60
29
5
-11
-19
-25
-36
-44
-63
-75
-78
-67
-51
-32
-10
1
10
12
24
26
19
8
-17
-55
-92
-123
-155
-175
-180
-182
-179
-168
-145
-121
-93
-71
-52
-36
-30
-18
-4
16
42
80
110
129
147
147
138
119
103
86
63
45
21
-1
-17
-27
-29
-30
-30
-24
-17
-12
-12
-16
-27
-38
-42
-43
-47
-43
-37
-32
-16
-3
3
-6
-27
-57
-89
-106
-112
-105
-101
-102
-106
-108
-111
-112
-111
-114
-120
-133
-147
-167
-174
-175
-173
-166
-150
-119
-90
-48
-11
21
45
61
68
53
41
27
25
34
55
89
114
135
142
143
144
145
160
165
172
181
187
193
194
203
192
181
162
136
109
73
50
11
-18
-44
-74
-92
-114
-111
-102
-70
-30
5
37
46
57
54
58
66
68
71
57
47
29
20
9
-11
-28
-49
-60
-73
-65
-46
-21
10
26
31
23
22
21
21
17
0
-21
-53
-81
-109
-129
-139
-145
-140
-139
-126
-104
-82
-64
-58
-56
-57
-51
-40
-24
4
37
72
95
109
111
103
91
64
38
13
-9
-26
-41
-52
-60
-57
-52
-49
-35
-28
-17
-6
-2
5
2
0
-2
-6
8
22
49
74
90
102
97
82
54
21
-12
-40
-60
-70
-74
-73
-73
-78
-79
-83
-88
-93
-104
-112
-122
-120
-111
-100
-81
-65
-45
-30
-18
1
8
14
15
2
-10
-28
-36
-36
-32
-8
10
36
60
70
85
89
101
112
114
118
115
112
113
112
108
103
91
77
57
30
9
-24
-46
-68
-86
-88
-96
-83
-71
-54
-22
9
54
88
116
139
145
158
163
165
166
153
136
111
79
46
12
-26
-60
-90
-112
-128
-132
-122
-112
-89
-63
-42
-16
-5
5
11
10
14
8
6
-4
-18
-18
-27
-25
-22
-28
-32
-44
-54
-58
-58
-48
-41
-30
-13
0
25
48
66
83
90
96
99
95
91
76
59
39
17
-2
-24
-40
-59
-82
-98
-115
-121
-119
-113
-99
-85
-65
-45
-17
11
38
65
82
90
87
81
69
51
27
-4
-39
-72
-96
-115
-124
-128
-130
-137
-147
-157
-162
-160
-155
-143
-133
-122
-108
-97
-80
-62
-49
-32
-30
-30
-31
-28
-21
-17
-11
-17
-28
-38
-49
-45
-36
-18
2
19
36
48
61
76
96
114
132
147
155
157
148
134
115
96
81
64
49
35
31
31
34
43
47
54
52
51
57
67
93
117
140
156
165
171
166
159
151
142
128
108
72
33
-7
-48
-79
-106
-126
-133
-137
-138
-129
-110
-87
-70
-56
-51
-51
-46
-40
-25
-12
-4
-4
-21
-41
-64
-81
-92
-103
-109
-117
-121
-118
-112
-104
-89
-69
-45
-14
17
51
81
104
118
118
113
97
79
58
38
25
13
-1
-20
-43
-73
-96
-112
-119
-119
-113
-99
-88
-68
-44
-17
13
42
67
88
107
123
131
132
120
98
69
34
1
-30
-53
-64
-67
-69
-71
-82
-96
-109
-119
-111
-96
-69
-43
-26
-12
-4
7
17
24
29
23
16
1
-8
-14
-20
-26
-43
-63
-80
-84
-74
-53
-27
-3
13
18
21
20
30
45
67
90
107
124
128
123
114
102
93
80
68
54
38
29
24
27
27
32
31
35
44
66
103
139
172
185
182
166
145
125
111
99
86
70
42
11
-25
-61
-92
-120
-144
-162
-172
-173
-166
-152
-132
-113
-92
-75
-60
-44
-27
-8
15
27
26
8
-23
-58
-88
-101
-102
-91
-79
-73
-70
-70
-62
-46
-23
5
29
51
74
100
128
151
167
174
165
149
130
110
95
78
57
20
-26
-76
-122
-159
-175
-172
-160
-139
-125
-110
-101
-89
-69
-49
-24
-5
10
18
27
37
46
52
45
30
4
-20
-35
-41
-38
-41
-48
-68
-96
-116
-130
-122
-103
-80
-60
-49
-45
-48
-51
-52
-50
-47
-43
-40
-36
-29
-16
6
21
37
44
44
49
52
64
72
82
79
64
44
27
26
36
63
87
113
124
128
123
110
98
84
72
54
41
27
19
16
15
21
24
32
39
48
60
72
92
103
106
96
75
56
40
33
35
39
35
25
-2
-33
-66
-93
-113
-131
-141
-152
-154
-153
-146
-138
-133
-122
-116
-104
-89
-68
-46
-23
-5
1
-1
-16
-32
-50
-59
-59
-54
-44
-47
-50
-57
-60
-53
-40
-20
-2
19
35
52
68
86
100
104
105
93
86
79
73
69
55
41
13
-15
-38
-58
-57
-50
-36
-19
-12
-5
-6
-6
-6
-8
-10
-13
-18
-22
-22
-20
-14
-11
-10
-12
-16
-20
-22
-23
-24
-27
-40
-52
-73
-85
-93
-93
-76
-61
-33
-11
4
13
13
9
0
-9
-21
-33
-47
-59
-64
-62
-52
-36
-21
-4
7
21
34
50
71
81
90
89
84
85
87
104
122
140
155
159
158
147
134
116
96
74
51
28
8
-3
-8
-8
-3
0
4
6
7
16
25
41
50
52
50
34
24
11
7
10
11
13
4
-11
-28
-50
-69
-85
-100
-115
-129
-137
-140
-133
-125
-113
-101
-90
-74
-59
-34
-7
17
39
45
44
33
16
3
-9
-8
-7
-6
-2
-5
-6
-4
-6
-2
5
11
25
36
47
62
70
77
78
71
66
55
49
44
33
26
10
-8
-26
-46
-55
-57
-48
-30
-11
10
21
29
29
23
19
9
7
2
-2
-2
-8
-8
-16
-26
-34
-43
-46
-49
-48
-43
-44
-43
-48
-55
-57
-63
-53
-43
-27
-7
3
14
8
-4
-20
-49
-69
-90
-105
-109
-115
-112
-108
-101
-85
-69
-47
-25
-8
17
30
44
58
58
61
53
49
52
56
76
92
110
123
120
114
98
78
61
40
28
15
6
6
3
8
14
21
37
48
67
80
91
105
110
114
107
93
80
63
56
55
53
60
55
45
26
-3
-27
-55
-76
-94
-113
-124
-136
-141
-142
-137
-128
-114
-96
-75
-53
-31
-13
-2
4
-1
-11
-27
-42
-50
-54
-44
-33
-23
-14
-19
-20
-25
-30
-28
-30
-27
-27
-28
-23
-17
-4
7
16
26
32
37
45
47
53
50
43
32
17
9
8
15
30
48
62
75
75
70
58
41
30
14
2
-13
-29
-40
-56
-56
-62
-62
-58
-64
-65
-70
-70
-65
-64
-62
-66
-72
-77
-79
-68
-49
-26
-2
11
15
9
-1
-14
-26
-35
-44
-49
-56
-57
-57
-47
-33
-20
-2
6
17
26
32
47
54
63
65
56
52
39
41
52
66
88
98
103
96
84
75
62
60
53
47
42
32
33
31
41
48
56
65
66
73
76
85
94
96
95
78
60
38
23
17
18
24
23
16
-4
-30
-53
-74
-87
-101
-111
-120
-129
-124
-118
-98
-81
-65
-49
-42
-29
-19
-9
4
6
6
-6
-20
-29
-37
-31
-24
-12
-4
-1
-4
-15
-25
-35
-40
-40
-39
-33
-26
-15
3
19
39
50
55
55
46
43
36
38
38
33
28
17
13
14
24
43
60
75
79
76
69
55
43
26
9
-5
-24
-35
-44
-46
-43
-43
-40
-44
-46
-50
-51
-50
-48
-41
-44
-43
-47
-54
-52
-50
-37
-25
-16
-9
-18
-24
-38
-53
-64
-77
-83
-90
-91
-85
-74
-55
-37
-19
-4
5
14
19
27
33
36
37
30
27
17
14
17
23
39
49
60
64
60
55
42
35
25
16
11
1
1
-1
6
16
22
34
35
41
46
52
63
69
78
79
72
67
54
53
49
51
52
41
31
3
-21
-48
-77
-93
-114
-125
-132
-134
-125
-112
-91
-69
-48
-29
-16
-3
6
19
30
37
43
34
28
16
9
11
12
22
23
22
13
0
-9
-22
-27
-36
-39
-39
-40
-29
-21
-7
7
13
22
18
16
14
8
12
7
7
0
-5
-7
-9
1
10
29
43
53
61
56
52
39
29
18
4
-3
-15
-17
-19
-22
-19
-26
-28
-35
-42
-44
-50
-47
-49
-49
-51
-56
-55
-56
-46
-38
-22
-4
6
20
18
19
10
-3
-12
-28
-35
-43
-45
-42
-42
-33
-31
-20
-9
1
22
33
50
60
63
71
65
66
63
66
76
82
95
98
98
90
72
57
30
10
-8
-26
-29
-38
-27
-20
-7
10
19
41
48
68
78
85
96
86
85
70
60
53
41
47
41
45
42
30
18
-11
-32
-60
-81
-94
-105
-101
-99
-86
-72
-61
-42
-36
-24
-18
-15
-1
2
14
17
15
16
6
10
4
7
8
5
7
-7
-18
-37
-56
-68
-82
-82
-80
-68
-48
-36
-10
1
18
29
31
44
41
52
57
61
68
58
55
38
25
15
3
5
4
11
13
11
13
6
4
-1
-4
-4
-8
-5
-11
-13
-18
-27
-34
-48
-50
-58
-59
-54
-55
-45
-47
-44
-48
-55
-52
-57
-42
-29
-13
9
15
27
23
20
16
3
1
-14
-18
-25
-32
-29
-35
-26
-24
-17
-5
1
20
28
45
56
57
62
51
49
45
45
57
60
72
74
72
67
52
45
31
24
19
13
16
14
24
28
35
44
41
48
41
43
43
39
43
33
30
18
8
6
-1
9
9
13
11
1
-9
-28
-43
-60
-75
-82
-93
-91
-90
-87
-74
-73
-61
-59
-55
-48
-46
-33
-27
-16
-8
-11
-7
-16
-18
-19
-21
-16
-22
-25
-37
-49
-56
-69
-69
-72
-66
-55
-46
-27
-11
10
25
37
46
47
51
50
55
58
59
59
50
44
36
30
30
31
37
38
38
38
31
31
23
19
17
9
8
4
1
0
-4
-12
-23
-39
-55
-65
-70
-75
-74
-66
-63
-61
-55
-52
-41
-24
-10
5
15
18
18
8
4
-6
-17
-23
-38
-40
-48
-57
-45
-34
-41
-39
-33
-37
-31
-17
7
16
38
59
57
63
67
76
83
84
98
94
98
100
89
88
76
59
46
37
11
10
23
27
37
41
44
31
20
9
-3
5
13
15
24
8
13
8
-6
4
-10
-7
-2
-11
-14
-39
-47
-58
-76
-73
-98
-96
-99
-95
-83
-72
-44
-44
-40
-52
-47
-43
-39
-12
-15
-9
-17
-37
-25
-34
-30
-38
-45
-30
-43
-28
-25
-39
-36
-52
-57
-42
-39
-30
1
31
8
16
42
7
17
22
7
26
56
63
63
80
51
40
36
-1
7
-4
9
28
7
42
30
19
31
33
66
75
81
87
51
34
3
-48
-65
-89
-95
-90
-68
-61
-47
-20
13
52
23
13
13
-20
-3
3
-7
27
48
57
129
147
210
881
1210
931
1214
1092
355
113
-344
-1043
-959
-810
-1008
-635
-169
-22
778
1194
653
733
660
-216
-579
-827
-1375
-1108
-642
-764
-463
55
57
247
452
73
-102
91
-103
-387
-250
-214
-125
300
418
307
467
565
325
152
24
-226
-149
103
5
48
321
366
360
389
153
-83
-26
-149
-426
-475
-452
-444
-261
-120
-207
-143
47
-65
-211
-274
-408
-347
-157
-97
-88
109
263
225
229
134
-8
87
127
2
-14
49
84
168
251
140
80
140
16
-198
-264
-302
-332
-155
-32
-74
44
166
133
82
-31
-138
-188
-174
-222
-291
-203
-122
-25
120
153
166
316
402
234
144
177
40
33
127
41
71
239
220
129
170
112
60
149
77
-22
37
21
-39
-23
-41
-91
-39
-32
-150
-150
-134
-159
-94
-63
-73
-46
1
-27
-113
-109
-143
-176
-99
-92
-87
24
122
118
155
211
148
150
184
67
-17
-7
-62
-104
-31
5
40
136
116
82
50
-53
-100
-107
-147
-165
-106
-60
-43
26
71
43
48
49
-6
-46
-53
-53
-9
61
129
220
288
308
277
236
154
79
62
29
15
20
14
4
0
1
-11
-22
-32
-77
-119
-161
-196
-198
-182
-126
-73
-30
-1
11
-1
-24
-45
-75
-79
-81
-71
-54
-40
17
62
99
141
127
128
96
43
6
-41
-45
-45
-21
-15
-19
-8
-37
-49
-58
-69
-53
-47
-41
-40
-31
-31
-22
13
-4
19
29
18
54
69
107
122
144
165
122
107
82
42
15
-14
-11
-31
-23
-12
-25
-9
-14
-14
-28
-50
-54
-57
-74
-91
-73
-64
-50
-23
-9
19
36
51
41
17
5
-16
-12
-29
-34
-11
-14
-15
-15
-12
8
5
-5
-8
-26
-48
-57
-63
-66
-51
-31
-24
-32
-22
-44
-38
-5
0
49
79
93
114
94
73
66
68
69
65
64
55
76
84
82
76
52
57
26
-23
-44
-54
-53
-38
-30
-28
8
31
30
36
19
14
11
-1
-9
-30
-30
-35
-35
-44
-46
-10
-7
-8
4
-12
-41
-53
-80
-102
-109
-102
-69
-42
-20
-1
10
13
-6
-16
-12
-15
-14
-21
-23
-21
-16
-4
5
15
39
46
43
52
33
46
56
32
37
25
18
23
-1
18
38
44
43
37
40
-3
-10
11
0
16
48
45
25
21
7
-11
-19
-28
-23
-24
-31
-36
-25
-12
-26
-19
-36
-52
-49
-68
-68
-57
-42
-19
-9
-13
4
9
-10
-19
-27
-34
-33
-50
-57
-55
-56
-52
-43
-33
-38
-1
-4
-29
-2
-3
-5
23
27
24
40
43
29
24
28
18
9
-17
-28
-25
-17
1
32
72
83
97
95
72
68
52
31
6
-15
-11
-35
-34
-13
-12
23
29
14
8
-10
-16
-33
-35
-16
-13
1
-3
-9
-2
4
20
22
32
42
22
15
17
4
-4
-2
-19
-44
-41
-55
-52
-34
-41
-40
-49
-60
-75
-80
-70
-65
-39
-34
-36
-7
-8
-6
12
22
35
48
55
46
42
42
45
46
30
32
27
6
0
-36
-49
-33
-36
-39
-36
-22
-22
-8
6
-10
18
32
7
24
21
11
51
85
98
113
122
107
97
68
33
18
6
-4
-6
11
23
31
53
56
35
31
20
7
3
3
-22
-19
26
-32
-59
-19
-75
-88
-42
-52
-31
12
10
11
12
-43
-55
-43
-127
-146
-118
-134
-100
-29
-7
17
69
36
-11
-1
-47
-63
-31
-60
-63
-42
-42
-26
16
49
78
118
130
119
123
123
112
115
115
99
91
84
58
67
72
61
83
84
76
82
81
79
81
84
55
28
15
-42
-62
-74
-92
-63
-50
-22
8
22
42
23
14
-6
-45
-54
-75
-78
-69
-37
-25
-18
12
-9
-8
-11
-31
-18
-14
-15
-26
-24
-24
-21
3
3
31
35
13
13
-27
-46
-42
-47
-54
-56
-45
-30
-14
-1
19
35
19
-7
-36
-74
-77
-62
-38
-10
9
25
35
29
21
25
28
37
37
24
23
27
22
24
23
14
7
0
-9
-23
-25
-18
-27
-22
-34
-61
-56
-68
-67
-51
-37
-21
-17
-7
-26
-43
-30
-34
-28
-23
-19
-4
-11
-9
0
1
-4
-5
-6
-16
-24
-15
-1
-3
1
-2
-13
-36
-47
-37
-33
-10
11
13
19
1
-18
-7
-8
-3
18
20
23
31
21
27
29
23
11
-6
-15
-24
-17
-14
-19
-4
-2
-16
-3
-9
-2
21
23
43
39
36
47
15
8
17
6
21
28
15
-3
-22
-44
-67
-65
-77
-84
-53
-54
-56
-24
-25
-33
-32
-61
-82
-84
-85
-67
-42
-23
-2
23
38
39
55
81
79
91
82
69
82
55
55
61
36
39
43
37
41
50
53
48
35
6
-19
-32
-52
-47
-20
-19
-9
9
-5
-2
6
-4
16
27
24
40
45
62
78
86
98
83
71
61
38
31
25
29
40
46
40
26
29
24
10
18
3
-13
-11
-51
-76
-71
-80
-65
-38
-36
-33
-27
-21
-20
-33
-39
-54
-65
-85
-104
-92
-83
-68
-46
-45
-51
-53
-51
-47
-46
-36
-19
-6
11
12
5
18
21
22
30
34
33
35
37
30
32
47
62
73
63
42
33
20
3
-2
-14
-24
-23
-28
-35
-26
-11
18
35
36
36
19
14
12
6
9
22
46
44
37
38
28
35
41
32
17
-4
-20
-42
-65
-67
-60
-57
-39
-42
-52
-30
-20
-12
8
5
-1
-4
-21
-32
-37
-33
-21
-12
-11
-16
-5
7
15
30
34
44
41
29
35
28
33
44
42
40
28
34
53
52
48
55
40
12
-4
-24
-36
-26
-20
-9
7
14
33
60
74
69
70
61
28
5
-16
-29
-24
-14
-4
-7
-5
-5
-6
-1
-2
-5
-10
-11
-21
-21
-18
-22
-7
-7
-26
-31
-32
-46
-44
-44
-53
-56
-54
-53
-63
-66
-57
-63
-64
-61
-59
-54
-45
-37
-41
-40
-35
-32
-32
-41
-42
-43
-45
-42
-34
-13
-1
14
30
29
34
42
36
34
24
9
-1
-12
-20
-28
-28
-29
-28
-22
-25
-18
-1
13
25
32
33
31
22
18
11
9
27
31
24
24
17
9
6
-1
-18
-16
-8
-15
-13
-3
-2
10
18
10
0
-6
-16
-26
-26
-21
1
25
39
37
40
41
33
35
39
40
41
47
37
24
28
28
25
28
21
14
11
-3
-18
-23
-27
-35
-31
-30
-31
-18
-17
-14
-12
-17
-21
-27
-33
-36
-28
-24
-17
-3
6
9
9
14
14
14
18
27
36
48
52
49
44
31
15
1
-17
-28
-30
-40
-47
-40
-39
-35
-25
-28
-30
-21
-17
-20
-12
-2
3
17
17
19
33
30
34
34
19
17
11
2
-1
-10
-8
-9
-9
-18
-18
-13
-18
-14
-25
-32
-30
-32
-34
-15
-7
3
28
24
23
26
24
20
20
13
9
3
0
-4
2
10
7
14
11
-1
-11
-21
-28
-20
-20
-9
-1
4
21
23
34
43
48
66
69
65
65
62
65
56
49
40
33
25
4
-11
-21
-35
-31
-23
-27
-9
7
13
20
12
5
4
-12
-14
-20
-7
15
25
58
68
74
81
68
52
41
25
18
14
5
1
-2
2
-5
-2
3
-8
-8
-3
-10
0
2
-5
0
-14
-35
-50
-66
-68
-62
-55
-45
-42
-28
-31
-29
-20
-27
-20
-14
-30
-36
-45
-53
-53
-54
-48
-52
-36
-26
-26
-14
-7
-9
-2
-13
-28
-25
-32
-24
-10
-4
12
28
37
47
40
38
34
25
20
1
0
-4
-4
6
0
11
26
28
41
38
24
25
15
-5
-18
-24
-28
-24
-11
-6
7
31
35
26
24
0
-17
-24
-49
-53
-56
-62
-56
-58
-62
-64
-52
-46
-42
-30
-26
-15
-7
-4
-3
0
3
4
7
-1
8
17
26
35
29
30
24
11
4
-11
-18
-27
-35
-47
-56
-58
-56
-48
-46
-37
-31
-24
-17
-17
-14
-14
-14
-17
-20
-16
-20
-11
-2
-1
9
2
-2
-3
-4
-4
3
15
19
30
25
18
22
22
27
32
41
46
51
60
50
49
43
34
24
7
1
-5
3
10
15
24
25
24
12
7
3
-4
-1
-3
2
3
3
0
-6
-6
-11
-4
-3
0
15
18
23
22
22
17
14
13
4
8
8
7
10
12
10
7
19
17
21
28
18
17
9
-2
-19
-29
-32
-45
-40
-39
-38
-20
-11
2
2
-1
-1
-7
-7
-15
-11
0
9
16
20
23
25
33
35
33
31
35
35
25
21
5
-6
-9
-27
-33
-33
-32
-25
-20
-22
-29
-24
-22
-28
-16
-12
-4
15
26
24
30
34
19
10
-6
-29
-37
-37
-36
-33
-22
-22
-27
-32
-50
-59
-56
-47
-42
-33
-24
-23
-17
-18
-16
-12
-1
12
17
37
44
54
65
58
46
30
19
-3
-11
-8
-16
-3
9
4
2
7
0
4
23
27
39
57
60
52
47
33
24
23
18
14
17
19
13
12
6
-5
-11
-13
-15
-15
-1
14
25
36
27
11
1
-15
-29
-27
-25
-15
1
6
6
3
9
0
-1
-1
-14
-3
2
-1
1
0
0
-4
-16
-23
-27
-24
-21
-19
-17
-26
-28
-30
-36
-35
-24
-9
3
11
12
8
-2
-6
-12
-17
-9
-1
11
23
25
33
28
18
3
-15
-28
-38
-37
-28
-23
-17
-13
-21
-26
-37
-41
-38
-35
-25
-15
-4
3
6
12
9
6
5
2
3
1
1
7
5
3
-1
-8
-17
-21
-22
-22
-19
-24
-29
-42
-58
-72
-84
-81
-78
-62
-47
-32
-20
-15
-8
-12
-9
-10
-12
-9
-9
-7
-5
2
5
8
17
21
35
44
55
65
66
60
38
22
-3
-19
-18
-12
9
34
58
72
75
73
60
50
41
30
31
36
44
49
56
53
46
41
22
15
12
11
14
16
11
0
-9
-24
-35
-29
-22
-10
6
13
7
8
-5
-26
-32
-46
-49
-44
-36
-24
-9
4
2
-2
-14
-32
-37
-42
-37
-27
-15
-8
-8
-10
-23
-26
-26
-22
-10
-5
7
3
-2
