SAMPLES:	14712
BITSPERSAMPLE:	16
CHANNELS:	1
SAMPLERATE:	16000
NORMALIZED:	FALSE
8
10
7
13
9
13
13
11
13
16
12
15
9
11
13
4
13
2
9
10
2
10
3
8
9
5
6
8
5
10
7
12
8
13
13
10
12
8
10
6
2
5
-3
2
-6
-2
-6
-5
-8
-9
-8
-10
-6
-11
-5
-4
-4
1
-2
1
1
-2
4
-10
2
-10
-7
-6
-13
-8
-10
-14
-11
-11
-16
-6
-17
-8
-5
-12
5
-8
4
5
0
12
1
9
7
3
10
1
5
4
0
1
-3
-5
-4
-5
-10
-1
-9
1
0
-3
9
3
11
9
11
13
14
15
14
15
10
11
4
5
2
1
-3
-1
-7
-1
-9
1
-8
2
2
-2
10
0
10
7
6
8
7
6
9
3
7
0
1
0
-5
-3
-7
-7
-7
-9
-7
-4
-9
0
-7
0
2
-8
11
-5
8
5
2
9
1
7
-1
5
-2
-1
-2
-6
-5
-4
-8
-7
-1
-11
-1
-7
-4
-6
0
-8
3
-6
0
-2
-1
2
-5
5
-5
0
2
-6
0
-2
-7
-1
-6
-6
-4
-7
-10
-7
-12
-8
-10
-9
-11
-6
-12
-8
-7
-10
-5
-5
-11
2
-8
-6
2
-12
2
1
-15
4
-12
-6
-5
-13
-3
-17
1
-13
-10
3
-18
3
-2
-11
9
2
-2
12
3
4
12
3
5
10
5
2
9
2
-3
14
-9
4
6
-9
7
-2
-4
9
-5
2
7
0
7
11
2
15
6
10
9
9
4
12
5
6
2
2
-4
-3
-2
-12
0
-11
-8
-7
-4
-15
7
-11
-4
7
-7
2
7
-7
10
-3
0
2
-2
-2
-2
-3
-9
-3
-9
-7
-7
-9
-4
-5
-6
1
-6
3
-3
3
0
4
2
4
7
6
4
13
1
12
6
6
3
9
-3
7
4
-2
10
-4
3
-3
1
-4
3
-3
3
-2
9
-1
11
5
6
12
5
12
8
9
10
7
6
8
1
9
-5
2
-4
-4
-3
-7
-2
-5
0
-1
2
3
6
3
12
7
8
18
6
16
13
10
14
7
9
4
3
3
-5
4
-8
-2
-2
-5
-3
3
-3
6
6
6
14
14
16
19
21
15
22
14
17
10
11
4
4
1
-1
-5
-6
-6
-11
-3
-13
-2
-8
0
1
0
9
1
14
7
7
9
5
3
5
-2
-1
-7
-7
-16
-11
-17
-21
-12
-24
-15
-15
-17
-10
-12
-6
-5
-1
-1
2
3
4
4
1
8
-5
8
-6
-5
-2
-13
-8
-14
-14
-12
-14
-11
-11
-10
-8
-5
-6
1
-3
2
5
3
8
5
10
6
9
5
5
4
-3
4
-10
2
-8
-5
-3
-12
-4
-8
-9
-2
-8
2
-3
-1
3
1
10
-1
13
3
8
6
5
4
4
3
1
-1
-1
-1
-3
-4
-4
-5
-2
-9
-5
-1
-8
1
1
-1
4
1
5
1
8
-3
10
-1
1
7
-1
2
-3
-2
-4
-6
-8
-4
-12
-4
-8
-10
-2
-15
2
-11
-3
-5
-4
2
-6
3
2
-2
2
3
-13
14
-18
4
-5
-14
0
-9
-9
-5
-8
-7
-5
-8
-7
-5
-6
-8
-2
-5
-3
-1
0
0
-2
3
-8
3
-9
2
-4
-7
-3
-7
-7
-7
-10
-5
-12
-7
-9
-5
-10
0
-3
-2
1
1
2
3
3
2
5
-2
2
-2
-1
-5
-1
-6
-6
-7
1
-10
1
-4
-3
4
-4
4
1
6
1
9
4
2
9
5
6
12
7
10
16
2
18
5
7
14
-1
11
1
3
0
0
-5
2
-5
0
2
3
8
13
13
21
13
24
16
19
18
8
12
4
1
2
-3
-3
-5
-1
-4
2
2
5
7
12
9
11
19
3
25
1
11
13
0
7
2
-1
6
-1
6
4
6
4
5
2
4
-2
4
-5
-2
-4
-6
-4
-8
-3
-5
2
2
4
9
10
12
18
9
21
4
14
3
-3
4
-15
-4
-13
-13
-9
-11
-8
-3
-3
3
3
9
6
11
12
9
10
6
7
-1
2
-6
-3
-6
-8
-7
-8
-5
-10
1
-11
-5
1
-12
0
-7
-8
-2
-6
-10
2
-10
2
0
1
3
2
4
2
1
1
-2
-3
-4
-12
-6
-17
-13
-14
-19
-8
-19
-4
-7
-7
6
-5
5
7
-2
14
1
10
5
2
6
0
3
-2
-3
-4
-6
-13
-6
-14
-12
-5
-16
-2
-7
-2
2
6
4
14
9
13
12
11
11
6
8
0
2
-7
-8
-8
-16
-9
-16
-13
-10
-11
-5
-6
3
-2
8
4
5
13
0
9
2
-3
1
-8
-5
-8
-10
-11
-9
-13
-10
-9
-13
-7
-12
-8
-8
-10
-6
-13
-2
-11
0
-9
0
-3
-2
3
-5
4
-6
0
-4
-5
-5
-9
-6
-13
-9
-12
-14
-6
-20
-3
-15
-7
1
-8
7
3
5
14
3
12
2
4
2
-4
0
-7
-6
-4
-10
-5
-7
-5
-2
-4
3
-5
8
0
5
11
1
15
4
12
3
10
-3
5
-4
-4
2
-11
2
-9
-4
3
-7
8
-3
7
8
5
9
7
0
7
-4
-1
-3
-11
2
-15
3
-8
-2
4
2
10
8
15
10
18
12
10
10
2
-4
-2
-12
-13
-9
-18
-4
-6
4
5
16
13
16
16
9
6
-5
-8
-17
-16
-16
-14
0
5
15
29
22
36
23
20
10
-6
-9
-24
-23
-23
-19
-12
4
12
21
39
28
42
26
26
9
10
-12
-10
-11
-19
-4
-6
3
4
12
5
10
2
-5
-8
-11
-16
-12
-10
-8
2
1
10
8
7
9
-3
4
-7
-6
-6
-2
3
7
9
17
6
25
2
8
10
-15
7
-14
-6
-3
-6
6
3
14
14
10
26
4
22
12
4
17
-2
7
-2
-3
-8
-11
-10
-19
-11
-14
-9
-2
-3
11
7
17
16
7
16
-4
-3
-16
-17
-23
-19
-9
-9
15
19
33
38
40
32
26
11
-9
-19
-34
-41
-40
-33
-25
-6
7
21
34
33
37
23
20
-1
-9
-18
-23
-24
-15
-15
5
5
16
11
10
3
-15
-19
-39
-42
-44
-43
-33
-21
-17
6
4
19
12
10
12
5
5
3
7
14
22
29
32
33
32
16
10
-8
-26
-27
-38
-35
-20
-17
6
18
28
33
31
21
15
-2
-10
-21
-18
-12
-5
9
19
24
32
22
12
-4
-19
-30
-37
-38
-30
-12
4
26
35
48
46
37
22
0
-20
-30
-38
-33
-23
-4
16
38
44
45
34
10
-18
-51
-77
-99
-99
-94
-73
-38
-14
25
48
54
61
39
24
-5
-32
-47
-63
-49
-44
-17
4
31
42
57
42
39
11
-11
-24
-44
-44
-37
-29
-4
10
21
31
23
17
-4
-19
-36
-45
-39
-33
-9
15
40
66
74
72
65
26
3
-40
-71
-88
-103
-89
-69
-38
0
32
64
76
83
70
55
21
0
-35
-52
-59
-74
-46
-58
-18
-15
10
18
22
29
18
23
10
11
10
6
11
8
6
1
-5
-13
-22
-19
-25
-5
0
30
50
70
95
104
108
104
86
63
39
3
-16
-40
-46
-49
-35
-20
-3
25
29
44
45
40
33
24
19
6
16
4
12
11
-2
-2
-18
-32
-42
-54
-59
-55
-47
-34
-15
1
17
24
26
21
3
-6
-27
-35
-41
-39
-23
-11
14
28
37
49
36
30
15
-8
-7
-23
-12
-10
4
10
13
16
-3
-14
-36
-54
-70
-64
-68
-34
-13
21
48
74
76
73
55
14
-10
-59
-74
-103
-90
-84
-59
-13
-1
43
44
51
39
17
-3
-27
-32
-39
-23
-7
15
38
48
56
49
28
13
-17
-33
-40
-44
-22
1
25
65
73
98
87
73
48
9
-19
-51
-64
-59
-53
-14
11
52
74
96
90
83
60
22
4
-26
-45
-43
-46
-31
-13
-2
8
7
0
-20
-32
-58
-73
-81
-87
-71
-57
-31
-9
13
22
30
21
6
-13
-46
-60
-79
-85
-77
-67
-47
-18
-5
23
27
37
38
23
29
12
16
17
19
31
38
46
52
54
43
42
15
10
-11
-19
-21
-14
-2
17
44
59
75
85
73
67
38
9
-17
-53
-70
-93
-86
-91
-64
-48
-14
12
30
63
55
72
56
39
23
-9
-29
-57
-72
-83
-88
-84
-70
-59
-39
-15
-8
17
21
25
30
23
23
12
9
1
-5
-14
-11
-25
-20
-32
-30
-45
-36
-43
-42
-23
-28
-3
4
24
32
48
47
54
41
45
28
23
21
10
15
16
23
27
31
41
33
40
36
24
24
11
5
-7
-9
-21
-17
-17
-9
0
12
26
30
40
39
37
20
12
-9
-31
-38
-53
-60
-52
-47
-32
-22
0
0
7
4
-15
-32
-51
-70
-87
-83
-78
-56
-22
14
46
85
102
115
104
88
58
12
-17
-59
-85
-103
-101
-100
-77
-52
-27
-1
21
42
39
56
45
41
40
30
28
17
24
9
6
8
-9
-4
-14
-10
-11
-6
7
10
23
32
42
35
48
35
29
26
13
1
-3
-10
-20
-13
-13
-10
1
11
17
25
35
34
30
24
13
-7
-18
-39
-45
-65
-52
-58
-44
-22
-12
14
15
35
21
16
7
-22
-34
-47
-56
-53
-40
-25
1
19
52
57
61
66
36
29
2
-10
-26
-27
-17
-14
9
26
34
36
36
19
4
-6
-21
-31
-27
-12
-8
34
48
67
81
80
67
50
19
-3
-48
-58
-70
-72
-41
-28
8
29
52
68
66
67
50
28
21
9
9
25
32
47
56
66
63
57
45
18
-10
-31
-48
-59
-55
-45
-41
-20
-5
9
15
15
3
-16
-33
-38
-51
-47
-41
-37
-25
-2
2
12
16
2
-1
-15
-14
-25
-28
-29
-43
-47
-46
-59
-61
-69
-76
-83
-73
-67
-52
-38
-21
-7
2
27
17
28
11
-1
-23
-37
-40
-66
-55
-61
-60
-38
-27
-12
-4
4
2
-4
3
-2
-6
0
0
10
22
45
55
68
89
81
100
97
95
74
65
40
25
16
12
3
5
15
8
23
27
20
16
8
-4
-8
-12
0
-10
10
14
21
37
35
41
21
16
1
-21
-24
-35
-46
-36
-38
-18
-11
8
14
7
12
-5
-14
-18
-43
-41
-60
-54
-47
-46
-26
-35
-21
-32
-20
-41
-32
-48
-60
-52
-67
-51
-51
-39
-32
-34
-19
-31
-22
-37
-48
-56
-80
-77
-87
-90
-78
-83
-74
-65
-54
-43
-32
-22
-22
-8
0
7
25
29
42
47
60
63
73
72
62
63
40
45
26
23
12
12
8
17
32
27
69
49
87
85
99
115
107
129
112
130
133
127
149
136
147
144
137
133
112
100
69
57
27
22
-1
-7
-1
-4
19
27
48
53
75
83
88
101
92
79
82
52
55
42
25
22
-8
-4
-34
-30
-50
-73
-86
-118
-120
-138
-125
-131
-126
-120
-110
-96
-80
-63
-75
-73
-83
-91
-95
-92
-109
-105
-114
-99
-91
-64
-51
-69
-62
-95
-104
-126
-141
-168
-185
-191
-190
-169
-142
-120
-117
-100
-107
-104
-101
-105
-130
-139
-143
-150
-116
-96
-63
-39
-13
12
34
55
72
57
52
55
44
76
98
121
148
184
212
247
281
305
298
305
299
283
301
302
301
306
322
328
357
386
397
402
406
391
388
381
379
369
357
367
366
386
409
423
415
421
402
380
370
344
308
270
251
208
200
191
160
138
110
70
32
-6
-46
-102
-136
-183
-214
-229
-247
-254
-288
-295
-327
-358
-382
-412
-450
-465
-477
-486
-469
-440
-417
-403
-379
-387
-409
-422
-483
-539
-581
-642
-675
-706
-697
-704
-674
-653
-660
-631
-654
-651
-685
-716
-731
-780
-777
-798
-777
-759
-727
-682
-671
-572
-538
-449
-378
-327
-233
-197
-96
-54
37
134
213
352
494
717
937
1183
1397
1570
1742
1818
1862
1812
1697
1556
1352
1187
1020
899
802
720
660
609
602
555
507
426
317
218
118
45
10
8
40
101
201
339
486
608
692
728
745
745
690
640
538
463
387
306
271
215
195
137
84
8
-60
-120
-224
-305
-415
-480
-530
-538
-510
-462
-394
-331
-282
-226
-191
-172
-215
-295
-390
-479
-542
-609
-658
-714
-738
-772
-785
-776
-792
-803
-872
-967
-1059
-1137
-1195
-1279
-1339
-1381
-1371
-1301
-1228
-1124
-1047
-951
-888
-854
-800
-799
-778
-839
-893
-938
-923
-876
-847
-806
-783
-725
-703
-681
-672
-692
-700
-740
-691
-405
6
534
1023
1513
2059
2547
2970
3137
3163
3043
2768
2443
2080
1850
1648
1461
1233
1048
1006
977
919
730
478
169
-180
-530
-852
-1075
-1246
-1357
-1400
-1269
-933
-563
-164
158
441
725
924
1053
1093
1074
998
859
754
694
687
706
655
601
552
542
477
348
164
-69
-287
-500
-651
-742
-736
-692
-638
-491
-277
-9
229
387
506
577
650
663
629
633
585
558
490
463
472
492
489
372
258
128
-11
-192
-388
-553
-684
-731
-757
-709
-568
-377
-204
-60
102
246
366
412
384
346
322
292
251
234
235
210
171
118
85
18
-101
-340
-620
-903
-1169
-1457
-1740
-1957
-2149
-2252
-2290
-2282
-2209
-2117
-2068
-2032
-1984
-1952
-1937
-1958
-1984
-2003
-1958
-1852
-1735
-1551
-1348
-1142
-963
-815
-668
-508
-405
-375
-383
-184
292
874
1414
1837
2393
2944
3504
3791
3826
3851
3655
3351
2903
2561
2351
2114
1805
1396
1204
1139
1053
877
541
268
-112
-503
-916
-1251
-1440
-1621
-1743
-1791
-1570
-1158
-707
-272
121
540
938
1256
1453
1565
1646
1598
1447
1324
1249
1267
1241
1133
998
917
846
685
468
165
-139
-477
-826
-1099
-1279
-1346
-1399
-1404
-1305
-1081
-765
-513
-277
-92
88
240
325
395
474
552
554
539
558
639
714
711
591
479
359
210
4
-236
-435
-642
-794
-929
-937
-819
-704
-597
-501
-348
-162
-17
43
58
72
78
63
52
59
86
80
48
6
-8
-66
-205
-456
-736
-1056
-1347
-1648
-1933
-2160
-2339
-2416
-2478
-2475
-2425
-2356
-2293
-2254
-2229
-2152
-2085
-2017
-1958
-1895
-1713
-1561
-1363
-1166
-994
-797
-698
-546
-458
-354
-315
-200
224
756
1367
1792
2284
2834
3348
3764
3748
3760
3592
3344
2995
2567
2374
2120
1907
1533
1287
1243
1194
1134
811
540
232
-121
-474
-893
-1158
-1376
-1544
-1644
-1593
-1252
-845
-439
-48
298
761
1139
1405
1540
1613
1675
1594
1509
1388
1349
1356
1274
1174
1071
1066
1001
868
646
354
91
-237
-571
-858
-1073
-1180
-1267
-1271
-1156
-913
-620
-378
-158
21
213
366
407
451
460
466
433
382
385
432
469
424
306
232
107
-53
-306
-576
-812
-1029
-1214
-1372
-1395
-1339
-1234
-1120
-989
-782
-580
-416
-330
-279
-239
-223
-229
-261
-273
-277
-275
-274
-284
-276
-284
-362
-506
-742
-975
-1217
-1497
-1760
-2035
-2258
-2386
-2474
-2477
-2465
-2379
-2243
-2118
-1982
-1829
-1684
-1557
-1495
-1434
-1344
-1195
-1067
-947
-823
-709
-514
-390
-208
-65
33
114
305
803
1389
1922
2256
2680
3170
3685
3984
3961
3923
3741
3506
3133
2767
2574
2336
2035
1572
1278
1171
1061
897
511
180
-150
-495
-829
-1194
-1451
-1647
-1844
-1964
-1896
-1579
-1189
-797
-437
-52
465
899
1262
1476
1615
1723
1645
1563
1477
1429
1415
1248
1073
970
972
951
815
624
361
131
-153
-469
-757
-971
-1160
-1326
-1407
-1332
-1112
-861
-633
-439
-198
55
267
366
444
485
454
404
312
279
292
278
201
70
14
-46
-173
-356
-588
-798
-987
-1163
-1310
-1343
-1322
-1269
-1187
-1048
-826
-575
-375
-260
-149
-33
49
99
76
86
55
36
-13
-53
-64
-99
-176
-363
-561
-747
-964
-1213
-1489
-1715
-1952
-2130
-2273
-2356
-2366
-2384
-2371
-2358
-2306
-2209
-2072
-1971
-1876
-1750
-1603
-1433
-1249
-1094
-924
-779
-668
-555
-470
-302
-205
-155
-141
101
662
1284
1806
2199
2757
3355
3941
4269
4267
4303
4146
3873
3451
3013
2785
2440
2029
1489
1177
1072
957
800
437
161
-130
-479
-852
-1244
-1550
-1830
-2098
-2311
-2289
-1988
-1603
-1164
-734
-228
381
965
1423
1732
1943
2057
1981
1842
1723
1595
1507
1302
1104
1040
1052
1061
937
778
536
281
-33
-437
-808
-1168
-1481
-1753
-1925
-1932
-1762
-1526
-1268
-983
-658
-323
-18
172
279
356
331
270
237
210
250
288
269
243
283
334
278
154
-45
-259
-449
-671
-883
-1035
-1102
-1126
-1086
-978
-762
-483
-229
-58
90
260
373
449
419
366
304
201
119
57
22
-15
-114
-249
-417
-522
-675
-924
-1224
-1561
-1848
-2104
-2321
-2544
-2693
-2788
-2845
-2796
-2713
-2553
-2388
-2229
-2074
-1935
-1725
-1576
-1457
-1368
-1295
-1120
-1008
-855
-721
-577
-376
-295
-95
326
954
1670
2102
2573
3107
3701
4232
4324
4303
4196
4012
3735
3280
2983
2701
2367
1930
1429
1237
1144
1063
764
352
65
-265
-562
-970
-1353
-1625
-1871
-2065
-2213
-2076
-1737
-1356
-950
-565
-32
603
1165
1575
1814
2005
2102
2018
1906
1751
1635
1494
1232
1043
923
932
872
691
491
237
20
-306
-704
-1098
-1471
-1779
-2066
-2240
-2231
-2090
-1879
-1640
-1358
-1020
-631
-295
-71
85
232
306
334
345
350
410
426
406
393
434
470
415
299
141
5
-134
-302
-493
-629
-690
-731
-715
-627
-459
-261
-89
64
219
397
527
610
612
578
544
483
405
293
195
57
-51
-190
-359
-492
-692
-897
-1187
-1472
-1726
-1955
-2178
-2437
-2596
-2694
-2747
-2754
-2751
-2676
-2604
-2500
-2385
-2252
-2058
-1883
-1710
-1577
-1416
-1232
-1063
-882
-779
-655
-541
-443
-350
-191
240
807
1381
1797
2264
2888
3495
4023
4147
4170
4156
3970
3700
3244
2911
2590
2196
1748
1309
1165
1071
969
702
395
181
-50
-315
-702
-1085
-1412
-1693
-1947
-2101
-2031
-1762
-1441
-1078
-655
-103
547
1094
1485
1749
1956
2079
2031
1933
1792
1640
1459
1228
1043
960
964
884
741
535
315
100
-198
-554
-950
-1331
-1663
-1947
-2110
-2120
-2001
-1849
-1614
-1331
-958
-557
-219
33
215
410
504
570
594
590
614
578
545
513
514
526
442
349
213
87
-33
-203
-384
-535
-637
-708
-744
-734
-655
-538
-414
-275
-104
78
268
360
415
461
474
485
414
340
234
106
-8
-163
-306
-439
-633
-830
-1066
-1301
-1491
-1700
-1891
-2117
-2313
-2474
-2599
-2665
-2718
-2713
-2679
-2612
-2499
-2354
-2115
-1894
-1638
-1379
-1143
-856
-616
-386
-231
-146
-102
-91
-119
-155
-186
-50
339
805
1294
1692
2224
2831
3390
3785
3825
3854
3731
3504
3194
2750
2449
2064
1659
1276
998
974
942
864
661
456
314
91
-165
-527
-868
-1192
-1514
-1756
-1863
-1771
-1571
-1352
-1082
-661
-152
425
864
1211
1499
1715
1843
1813
1775
1675
1557
1366
1113
988
901
880
758
563
435
274
136
-105
-373
-644
-933
-1204
-1491
-1664
-1716
-1702
-1686
-1611
-1428
-1125
-774
-470
-224
20
260
441
555
643
674
674
597
500
437
393
356
216
114
30
-5
-45
-118
-194
-279
-335
-431
-519
-570
-576
-561
-548
-488
-382
-219
-35
121
222
366
463
529
549
451
367
213
49
-160
-390
-579
-804
-995
-1185
-1358
-1480
-1626
-1786
-1980
-2167
-2315
-2461
-2574
-2644
-2682
-2658
-2560
-2383
-2150
-1902
-1615
-1365
-1080
-804
-588
-386
-245
-144
-162
-130
-131
-155
-151
-278
-147
189
651
1132
1433
1929
2443
2978
3369
3409
3516
3454
3285
3020
2602
2390
2093
1751
1365
1063
1026
1014
953
741
539
449
288
29
-265
-618
-899
-1208
-1538
-1728
-1740
-1588
-1474
-1261
-908
-425
159
617
1002
1363
1657
1879
1916
1903
1820
1699
1527
1234
1061
941
865
761
588
499
437
368
206
-66
-331
-619
-926
-1246
-1550
-1722
-1832
-1915
-1896
-1736
-1427
-1072
-730
-403
-92
263
503
658
789
833
861
782
666
613
590
546
427
326
283
281
254
143
22
-85
-207
-366
-524
-642
-712
-778
-823
-832
-725
-534
-370
-190
-59
108
266
381
439
417
369
229
64
-113
-297
-476
-681
-953
-1177
-1329
-1449
-1599
-1791
-1957
-2074
-2153
-2249
-2338
-2396
-2415
-2373
-2312
-2199
-1987
-1735
-1500
-1290
-1071
-825
-570
-367
-245
-139
-55
-9
-19
-39
-13
-61
-145
-336
-222
120
521
845
1052
1555
2074
2672
3009
3091
3288
3273
3205
2951
2672
2549
2252
1909
1497
1276
1267
1273
1190
949
826
762
648
409
73
-269
-600
-940
-1318
-1524
-1569
-1505
-1463
-1361
-1063
-609
-42
373
728
1075
1377
1637
1698
1732
1704
1592
1419
1156
1004
927
842
664
470
337
272
162
-58
-302
-586
-835
-1113
-1393
-1575
-1663
-1689
-1722
-1641
-1432
-1124
-749
-453
-133
185
529
783
948
1074
1111
1112
997
856
747
640
494
293
122
28
-36
-117
-253
-370
-478
-551
-675
-778
-848
-880
-903
-914
-839
-711
-529
-361
-223
-76
89
248
323
336
288
194
67
-115
-339
-570
-779
-1027
-1252
-1463
-1632
-1772
-1938
-2089
-2232
-2321
-2351
-2402
-2380
-2337
-2237
-2112
-1977
-1786
-1591
-1335
-1112
-906
-688
-471
-257
-106
28
128
226
282
314
281
211
138
-1
100
293
582
821
1032
1459
1898
2446
2791
2935
3153
3158
3177
3001
2807
2698
2399
2139
1814
1631
1606
1557
1439
1222
1084
981
836
596
302
-50
-384
-718
-1071
-1285
-1405
-1445
-1461
-1394
-1121
-743
-309
53
391
743
1056
1305
1406
1493
1489
1407
1257
1040
941
819
671
478
253
143
38
-69
-236
-425
-594
-762
-935
-1127
-1251
-1320
-1395
-1435
-1383
-1206
-926
-644
-402
-113
210
527
750
889
996
1038
1000
873
740
627
493
323
132
-2
-82
-129
-219
-297
-370
-429
-460
-549
-578
-626
-646
-635
-684
-636
-584
-482
-387
-351
-264
-181
-94
-97
-128
-209
-300
-425
-619
-799
-968
-1153
-1343
-1542
-1693
-1801
-1884
-1972
-2084
-2123
-2142
-2114
-2039
-1981
-1872
-1734
-1600
-1401
-1219
-1010
-799
-658
-464
-324
-134
26
121
200
214
267
291
277
207
66
19
155
394
660
830
1126
1541
1984
2438
2687
2894
3094
3117
3116
2960
2878
2814
2556
2294
1992
1877
1839
1727
1556
1315
1139
988
750
467
146
-149
-490
-854
-1175
-1345
-1410
-1469
-1483
-1418
-1181
-843
-501
-203
110
449
764
993
1151
1303
1383
1359
1244
1089
998
891
727
536
331
234
145
25
-120
-272
-403
-576
-758
-912
-1002
-1081
-1145
-1195
-1151
-1004
-822
-652
-480
-258
-28
212
372
513
606
662
658
605
546
489
412
290
158
43
-30
-105
-210
-291
-358
-377
-404
-441
-496
-518
-553
-635
-631
-686
-667
-635
-674
-623
-577
-530
-444
-450
-475
-484
-543
-642
-737
-875
-1036
-1165
-1345
-1483
-1599
-1665
-1748
-1826
-1863
-1893
-1853
-1845
-1770
-1658
-1566
-1416
-1285
-1146
-937
-746
-570
-424
-291
-148
-16
105
182
244
295
335
349
286
240
320
522
731
937
1132
1474
1895
2255
2562
2719
2900
3004
3009
2921
2799
2722
2532
2287
2024
1828
1749
1630
1479
1284
1129
1002
844
644
392
189
-90
-381
-664
-885
-971
-1077
-1174
-1212
-1095
-868
-613
-367
-143
150
432
652
833
976
1073
1098
1007
893
817
738
628
466
320
224
142
78
-37
-138
-247
-376
-488
-629
-697
-759
-834
-905
-967
-908
-810
-722
-604
-479
-293
-112
48
180
344
465
531
536
511
521
484
399
252
149
48
-30
-111
-210
-261
-310
-337
-394
-416
-454
-468
-487
-552
-592
-615
-635
-649
-688
-678
-671
-652
-642
-636
-634
-638
-668
-726
-776
-860
-947
-1073
-1192
-1306
-1401
-1489
-1567
-1626
-1643
-1645
-1593
-1544
-1448
-1350
-1260
-1124
-1028
-882
-752
-642
-548
-482
-379
-273
-190
-87
-35
52
124
161
222
194
268
362
576
781
959
1208
1478
1850
2176
2431
2641
2784
2928
2946
2955
2879
2806
2655
2393
2185
1972
1841
1663
1444
1234
1023
900
729
550
339
118
-91
-352
-547
-735
-838
-963
-1060
-1080
-1040
-880
-714
-535
-338
-104
154
386
610
765
894
938
945
927
896
839
743
596
451
328
229
101
-17
-141
-256
-350
-451
-513
-554
-610
-660
-749
-788
-778
-750
-708
-691
-609
-514
-381
-221
-57
114
260
374
464
538
609
613
557
450
354
256
142
11
-112
-219
-316
-387
-460
-504
-515
-547
-600
-641
-674
-680
-704
-731
-768
-796
-809
-817
-790
-768
-728
-704
-700
-696
-717
-748
-824
-931
-1058
-1196
-1318
-1411
-1510
-1584
-1619
-1647
-1605
-1539
-1450
-1310
-1217
-1057
-957
-842
-701
-640
-514
-497
-431
-363
-320
-214
-162
-53
10
139
225
328
505
707
958
1141
1378
1625
1929
2214
2416
2594
2684
2797
2820
2775
2742
2663
2596
2396
2217
2067
1915
1799
1591
1384
1162
975
793
585
366
155
-67
-301
-495
-665
-774
-897
-980
-1002
-993
-884
-777
-651
-510
-342
-144
18
184
372
512
622
703
729
793
807
786
731
642
569
511
400
301
174
67
-53
-189
-279
-393
-461
-564
-642
-691
-727
-734
-736
-735
-683
-603
-525
-426
-310
-146
0
139
257
370
468
536
545
533
488
452
384
287
179
64
-37
-151
-263
-368
-452
-549
-623
-685
-733
-758
-780
-810
-838
-835
-809
-782
-755
-710
-650
-616
-578
-529
-497
-487
-492
-528
-583
-656
-730
-828
-943
-1051
-1153
-1244
-1302
-1321
-1321
-1334
-1298
-1238
-1167
-1093
-1027
-915
-833
-744
-647
-571
-464
-339
-215
-112
-21
113
235
330
423
482
524
597
704
861
979
1135
1303
1476
1672
1863
2038
2147
2257
2295
2338
2331
2329
2278
2167
2066
1938
1843
1715
1596
1462
1322
1183
1030
888
712
548
354
127
-82
-278
-444
-615
-756
-869
-944
-956
-955
-906
-846
-751
-622
-496
-343
-179
-24
104
220
324
414
498
558
584
609
615
603
572
510
466
382
284
169
58
-40
-124
-224
-330
-422
-498
-555
-621
-642
-658
-642
-647
-622
-552
-465
-357
-252
-168
-56
63
146
220
265
306
300
259
204
129
67
-33
-125
-237
-337
-398
-450
-514
-554
-568
-580
-568
-573
-554
-545
-525
-502
-499
-485
-464
-440
-455
-465
-460
-443
-455
-461
-474
-499
-519
-553
-600
-669
-747
-813
-887
-975
-1010
-1034
-1057
-1041
-1022
-950
-836
-712
-581
-481
-376
-259
-127
-32
28
99
121
166
213
253
279
289
291
290
314
336
387
446
489
582
670
790
921
1053
1180
1283
1369
1473
1550
1617
1688
1722
1752
1768
1782
1779
1758
1709
1643
1538
1439
1303
1159
983
789
611
408
209
25
-141
-310
-443
-584
-689
-759
-804
-815
-808
-790
-738
-670
-569
-441
-314
-182
-84
41
146
262
329
362
373
361
343
284
233
155
91
3
-86
-168
-218
-247
-297
-354
-388
-399
-392
-392
-383
-383
-350
-316
-278
-221
-175
-100
-54
-5
34
93
115
138
134
132
106
48
-5
-77
-121
-193
-241
-298
-319
-311
-293
-287
-240
-194
-155
-113
-83
-39
0
7
9
-36
-66
-101
-146
-197
-255
-298
-354
-375
-405
-414
-439
-474
-506
-555
-598
-632
-669
-700
-718
-702
-668
-612
-542
-453
-365
-260
-175
-95
-31
31
91
86
95
96
112
119
119
130
140
171
186
206
211
217
203
165
120
91
65
17
-36
-55
-51
-28
16
62
154
269
393
534
640
764
881
957
1011
1022
1048
1031
992
942
898
873
852
817
774
746
740
737
717
662
622
569
510
437
370
300
232
158
100
45
21
4
-13
-29
-27
-25
-38
-63
-107
-131
-179
-253
-314
-384
-425
-447
-478
-480
-476
-451
-406
-371
-322
-281
-244
-215
-202
-168
-151
-159
-156
-159
-135
-99
-84
-48
-17
23
70
101
128
124
134
97
61
18
-14
-35
-79
-98
-100
-88
-54
-8
18
57
83
100
88
45
5
-56
-142
-235
-326
-416
-485
-540
-591
-612
-624
-617
-591
-563
-521
-473
-452
-419
-365
-315
-269
-236
-184
-126
-45
20
90
156
225
287
341
372
412
436
425
397
368
328
300
248
194
131
90
34
4
-35
-66
-73
-98
-122
-138
-143
-133
-134
-143
-140
-139
-118
-74
-46
0
50
107
172
225
272
312
346
365
368
346
320
303
288
251
218
190
172
166
167
167
168
162
164
156
144
137
115
106
79
75
78
71
79
94
105
109
122
115
122
98
78
47
12
-11
-32
-55
-60
-57
-24
6
38
84
107
149
166
176
176
157
125
110
62
41
19
-20
-14
-36
-19
-16
-4
-12
-7
-17
-31
-50
-80
-97
-111
-135
-137
-141
-113
-72
-44
10
39
106
147
184
201
203
197
163
119
69
-6
-83
-167
-260
-336
-403
-470
-532
-572
-613
-613
-631
-628
-612
-594
-562
-537
-508
-468
-418
-371
-316
-268
-199
-115
-21
61
155
228
308
386
431
488
507
517
519
504
497
484
471
452
432
416
404
387
363
326
282
239
174
133
53
10
-49
-77
-102
-110
-115
-97
-80
-54
-21
-17
3
4
9
-6
-17
-33
-48
-45
-62
-37
-27
-1
32
59
89
118
125
131
119
97
87
45
25
-17
-51
-83
-106
-118
-132
-143
-151
-158
-171
-182
-198
-214
-245
-272
-296
-306
-300
-295
-276
-239
-197
-144
-93
-27
28
74
117
144
185
208
230
237
243
262
272
289
296
315
328
326
343
340
345
331
309
287
254
230
190
160
115
89
64
43
35
41
58
81
101
136
154
186
182
178
153
99
45
-34
-95
-173
-229
-294
-329
-365
-391
-396
-412
-404
-407
-421
-438
-455
-461
-470
-484
-485
-483
-474
-439
-407
-344
-294
-224
-154
-99
-24
29
98
139
188
221
250
284
312
342
356
382
395
394
389
380
366
348
315
282
231
192
157
127
89
63
43
28
23
34
46
63
74
95
98
110
117
121
107
95
77
59
51
41
40
24
29
31
36
51
43
56
40
32
6
-28
-55
-95
-130
-188
-224
-268
-288
-321
-339
-355
-372
-371
-377
-380
-382
-388
-377
-383
-380
-381
-374
-348
-328
-286
-249
-207
-143
-80
-18
35
86
122
161
174
201
215
229
243
254
272
297
330
352
377
387
408
401
396
370
349
298
257
209
162
135
96
93
82
93
110
128
147
172
180
189
179
173
151
118
90
53
21
-18
-55
-79
-113
-132
-155
-185
-198
-229
-245
-276
-301
-324
-349
-383
-411
-429
-444
-454
-454
-446
-417
-381
-336
-274
-230
-154
-99
-38
15
60
113
145
179
214
245
271
298
310
332
330
336
325
304
280
242
215
167
138
105
83
64
57
63
73
85
116
124
151
164
169
182
165
181
154
155
144
140
148
135
153
164
170
186
180
179
173
148
129
82
33
-18
-82
-135
-185
-230
-262
-304
-306
-313
-291
-276
-264
-239
-240
-215
-211
-218
-214
-237
-246
-250
-257
-247
-241
-229
-204
-180
-151
-117
-95
-69
-54
-38
-26
-27
-12
-20
0
0
20
39
61
88
116
137
157
174
185
183
172
158
139
121
98
87
71
74
81
91
109
131
158
173
187
193
196
198
179
157
122
87
57
14
-27
-67
-103
-137
-165
-194
-210
-236
-253
-288
-323
-346
-378
-405
-444
-472
-500
-512
-524
-509
-499
-477
-450
-422
-376
-331
-279
-240
-208
-170
-131
-96
-69
-45
-23
-4
15
33
52
60
74
72
71
67
63
54
46
33
41
38
51
64
80
105
125
159
183
213
245
270
299
324
359
384
411
433
449
477
495
515
536
539
559
560
563
560
546
527
494
440
402
348
305
256
196
159
119
103
77
62
41
38
23
9
-7
-31
-42
-86
-112
-159
-185
-226
-252
-295
-322
-351
-372
-381
-407
-408
-434
-439
-458
-463
-473
-488
-498
-508
-515
-525
-528
-546
-551
-564
-583
-596
-628
-636
-666
-690
-727
-750
-770
-792
-816
-836
-847
-847
-846
-839
-824
-803
-758
-738
-698
-666
-620
-587
-563
-548
-534
-516
-502
-500
-489
-480
-460
-432
-417
-380
-350
-311
-285
-265
-249
-222
-212
-199
-202
-194
-177
-155
-128
-94
-48
4
68
121
193
260
322
384
430
487
532
577
617
644
677
701
727
754
772
800
810
836
850
884
900
928
952
984
1012
1049
1079
1117
1146
1182
1214
1241
1275
1300
1325
1347
1366
1388
1398
1400
1409
1395
1396
1367
1349
1315
1286
1247
1208
1156
1112
1047
993
912
835
752
656
573
465
378
281
192
117
34
-38
-108
-179
-240
-318
-391
-472
-547
-627
-708
-780
-850
-904
-949
-988
-1008
-1030
-1029
-1037
-1028
-1016
-1006
-981
-978
-950
-934
-898
-866
-840
-799
-772
-730
-693
-655
-617
-585
-561
-541
-519
-509
-490
-497
-498
-502
-504
-494
-496
-480
-466
-445
-424
-400
-382
-359
-354
-360
-377
-404
-428
-474
-523
-588
-644
-701
-760
-825
-877
-936
-972
-1024
-1069
-1105
-1137
-1173
-1200
-1238
-1252
-1260
-1270
-1270
-1258
-1241
-1189
-1154
-1097
-1035
-963
-871
-799
-703
-621
-523
-438
-360
-286
-216
-148
-88
-51
-3
33
77
102
126
150
166
192
190
214
214
234
247
252
271
293
321
345
374
397
439
477
511
559
593
648
695
747
793
855
913
969
1024
1071
1133
1183
1240
1275
1326
1354
1391
1409
1416
1429
1438
1455
1451
1462
1464
1487
1490
1512
1518
1542
1551
1559
1555
1548
1535
1497
1468
1408
1367
1315
1258
1198
1154
1094
1055
1006
949
908
848
792
727
654
591
515
447
366
296
229
161
90
21
-56
-129
-213
-300
-392
-493
-584
-693
-793
-897
-990
-1084
-1164
-1253
-1318
-1387
-1442
-1495
-1550
-1596
-1643
-1681
-1731
-1774
-1815
-1865
-1899
-1951
-1987
-2022
-2054
-2075
-2109
-2111
-2139
-2126
-2135
-2134
-2120
-2124
-2097
-2097
-2070
-2051
-2021
-1981
-1943
-1886
-1822
-1744
-1662
-1565
-1474
-1359
-1254
-1138
-1027
-918
-808
-714
-617
-541
-452
-386
-317
-256
-203
-151
-102
-69
-32
-20
-5
0
-15
-20
-49
-73
-103
-140
-164
-198
-220
-245
-267
-279
-294
-299
-307
-311
-309
-304
-298
-281
-266
-238
-206
-171
-127
-83
-27
25
90
145
216
281
354
423
492
561
625
701
752
817
870
921
977
1027
1079
1135
1183
1236
1290
1334
1391
1427
1465
1493
1518
1532
1555
1552
1572
1572
1585
1596
1615
1617
1644
1645
1664
1662
1667
1665
1654
1644
1617
1605
1575
1561
1521
1499
1458
1423
1381
1319
1263
1192
1111
1037
936
859
762
682
599
512
453
376
326
264
213
161
116
64
17
-35
-86
-130
-186
-231
-280
-323
-366
-411
-452
-486
-528
-559
-595
-631
-661
-697
-731
-763
-798
-824
-857
-893
-917
-942
-958
-975
-989
-992
-989
-980
-964
-945
-920
-878
-849
-807
-768
-721
-667
-636
-598
-569
-524
-492
-445
-411
-371
-323
-290
-247
-213
-186
-141
-131
-107
-95
-82
-67
-64
-64
-59
-61
-53
-57
-56
-50
-45
-34
-35
-18
-10
10
14
24
33
40
46
51
41
53
41
47
47
40
55
55
62
71
78
93
105
104
118
116
124
134
126
140
136
145
148
151
158
161
168
166
168
167
171
173
180
172
190
184
198
203
205
216
212
226
223
229
240
246
261
272
282
304
315
333
347
352
354
357
343
344
320
313
294
275
265
246
246
233
238
230
228
228
221
227
224
211
211
187
195
177
168
159
138
141
123
122
111
106
105
99
83
75
68
62
50
21
-3
-17
-37
-59
-86
-116
-135
-157
-183
-199
-217
-223
-236
-241
-242
-230
-215
-195
-181
-155
-132
-103
-68
-50
-14
11
36
59
77
98
113
128
131
142
153
143
148
131
132
129
106
102
83
80
68
55
48
43
40
27
19
12
11
5
-2
-17
-23
-29
-35
-39
-42
-53
-58
-62
-75
-74
-81
-100
-99
-136
-143
-148
-170
-161
-182
-185
-181
-181
-158
-146
-127
-124
-113
-105
-98
-86
-92
-82
-98
-95
-111
-95
-83
-71
-67
-82
-70
-59
-35
-31
-16
-25
-28
-21
-12
14
40
38
49
50
78
106
129
130
125
129
123
141
142
142
140
125
120
124
130
132
125
106
103
101
93
75
63
61
68
51
29
15
25
44
42
37
29
35
56
69
90
107
97
93
85
95
129
117
80
37
-5
-6
-15
-45
-97
-134
-153
-165
-154
-163
-168
-165
-173
-155
-113
-94
-81
-65
-55
-10
-3
-22
-22
2
58
107
95
97
104
134
173
164
176
153
165
152
155
180
145
133
86
64
120
105
104
68
37
60
76
67
39
48
42
67
91
76
81
70
50
40
41
30
10
-19
-50
-50
-50
-75
-119
-140
-148
-137
-125
-138
-122
-119
-95
-102
-105
-111
-120
-89
-73
-44
-41
-69
-70
-62
-39
-15
-24
-5
-5
-1
30
2
-15
-39
-61
-43
2
-13
-10
-24
-68
-35
-63
-64
-56
-43
-2
1
-1
-37
-30
-18
-9
-13
-19
-21
-18
-29
-31
-20
-27
-59
-106
-97
-43
10
12
-57
-122
-136
-114
-67
-48
-43
-47
-33
-14
16
55
64
35
15
30
86
132
132
67
53
24
-1
-19
-28
-27
1
-13
-62
-79
-122
-128
-137
-113
-93
-41
-40
-69
-90
-75
-16
2
-13
-33
-7
68
104
100
92
90
93
98
110
137
177
176
142
120
96
85
84
59
33
42
39
41
39
0
0
28
18
-4
9
-7
18
36
26
53
71
33
-2
-10
6
28
42
27
-5
-5
-36
-46
-42
-52
-32
5
22
15
17
26
44
36
3
21
70
97
109
96
101
116
97
62
60
69
78
109
82
41
11
-40
-47
-44
-37
-8
-18
-63
-101
-114
-77
-81
-92
-107
-70
-18
-17
-24
-29
-21
-1
-12
-15
19
32
35
-2
-31
-47
-42
-29
-40
-27
-11
-5
-20
-63
-78
-60
-48
-54
-75
-71
-38
-36
-50
-70
-67
-49
-1
44
94
116
49
-2
3
64
117
94
17
-39
15
69
116
84
2
-29
-24
44
85
98
73
38
11
8
20
28
55
36
17
-5
-21
-5
23
29
19
-3
-1
22
47
60
35
13
-7
-16
0
41
70
94
67
42
27
45
57
65
83
68
50
1
-2
31
59
26
-31
-42
-4
23
47
1
-28
-64
-108
-76
-38
-37
-101
-171
-191
-148
-116
-129
-178
-197
-164
-107
-74
-104
-141
-130
-83
-58
-52
-43
-35
-46
-65
-53
0
5
-62
-111
-103
-18
-2
-7
-30
-43
-16
-33
-32
-9
-23
-50
-57
-78
-30
23
22
18
-45
-59
-21
25
29
-10
-24
-44
-32
-28
-15
-2
-13
-44
-48
-3
19
9
-11
-31
-14
-3
4
38
63
59
32
28
50
97
109
86
72
90
140
186
178
127
90
80
114
135
122
78
19
6
16
45
43
-6
-36
-13
38
84
66
6
-5
18
84
69
31
20
35
56
-2
-42
-44
-18
-41
-66
-62
-19
-10
-77
-120
-108
-63
-58
-91
-138
-144
-126
-124
-139
-179
-213
-183
-142
-165
-196
-215
-197
-191
-231
-271
-277
-252
-277
-273
-256
-252
-278
-342
-337
-318
-273
-284
-310
-300
-300
-297
-291
-309
-332
-309
-264
-202
-197
-190
-172
-111
-74
-47
-27
25
71
91
134
157
189
213
217
242
281
350
407
440
422
392
422
472
500
504
497
511
535
533
540
526
534
519
538
557
549
548
532
532
530
516
483
475
461
456
436
409
375
339
315
284
248
238
208
175
157
99
64
28
-12
-43
-62
-111
-142
-173
-190
-249
-273
-314
-338
-353
-399
-427
-437
-429
-458
-497
-533
-555
-524
-517
-561
-594
-600
-576
-551
-580
-607
-590
-539
-527
-562
-599
-606
-577
-561
-605
-628
-628
-595
-596
-629
-663
-678
-678
-685
-687
-690
-708
-736
-743
-725
-709
-718
-716
-719
-677
-624
-554
-525
-446
-323
-116
49
201
348
568
793
914
1012
1123
1309
1481
1624
1760
1931
2064
2144
2181
2217
2241
2183
2092
1987
1915
1827
1725
1586
1431
1285
1097
902
670
466
266
90
-88
-264
-385
-489
-583
-691
-783
-844
-890
-942
-960
-929
-832
-759
-689
-622
-524
-416
-319
-232
-168
-82
18
141
253
372
453
547
619
699
722
742
700
682
673
640
610
521
444
346
256
168
19
-121
-286
-389
-473
-578
-686
-796
-851
-947
-1038
-1121
-1159
-1208
-1252
-1305
-1279
-1225
-1178
-1144
-1104
-1035
-960
-887
-835
-794
-717
-637
-569
-511
-483
-450
-396
-364
-363
-363
-381
-406
-439
-476
-497
-524
-610
-724
-810
-841
-899
-1011
-1147
-1210
-1233
-1249
-1247
-1048
-744
-602
-661
-566
-171
235
291
43
100
576
1086
1229
1212
1462
1960
2273
2228
2155
2308
2485
2418
2274
2297
2440
2439
2287
2124
2112
2045
1711
1328
1078
1027
898
571
283
141
132
-4
-275
-518
-646
-746
-919
-1114
-1169
-1134
-1120
-1199
-1204
-1093
-1021
-1021
-1037
-919
-751
-626
-588
-490
-247
-9
142
207
323
523
667
740
821
978
1161
1198
1168
1181
1256
1290
1162
977
896
885
834
679
512
427
347
181
-56
-239
-328
-462
-620
-752
-791
-803
-853
-916
-950
-936
-945
-975
-996
-935
-828
-738
-676
-620
-496
-411
-377
-353
-311
-241
-216
-227
-221
-150
-125
-170
-274
-302
-329
-424
-574
-676
-732
-808
-952
-1079
-1127
-1194
-1277
-1406
-1533
-1610
-1662
-1708
-1769
-1827
-1840
-1801
-1749
-1760
-1774
-1748
-1690
-1635
-1606
-1383
-883
-413
-284
-273
119
806
1226
1076
851
1199
1925
2390
2399
2417
2870
3399
3531
3298
3228
3379
3360
3120
2927
2961
2971
2726
2432
2250
2142
1791
1235
795
619
521
194
-227
-445
-468
-543
-791
-1063
-1208
-1273
-1377
-1510
-1543
-1432
-1312
-1299
-1289
-1154
-1008
-964
-989
-890
-688
-519
-434
-311
-105
146
302
366
428
562
696
730
753
823
924
977
981
985
1023
1013
961
853
777
728
647
537
411
364
316
221
93
-36
-166
-282
-403
-476
-529
-574
-613
-653
-653
-654
-655
-695
-711
-719
-709
-679
-614
-536
-463
-430
-415
-379
-356
-318
-338
-373
-416
-401
-386
-422
-457
-490
-516
-580
-674
-749
-794
-866
-1007
-1098
-1129
-1130
-1191
-1283
-1353
-1361
-1371
-1444
-1525
-1576
-1565
-1528
-1467
-1456
-1428
-1350
-1254
-1218
-1260
-1287
-1260
-1212
-1150
-879
-425
-90
-49
67
560
1091
1240
987
912
1395
2011
2244
2185
2377
2933
3338
3292
3068
3119
3320
3236
3025
2938
3007
3011
2831
2638
2525
2369
1939
1412
1108
999
757
328
11
-62
-88
-288
-625
-851
-964
-1108
-1331
-1494
-1507
-1415
-1383
-1400
-1317
-1142
-1073
-1124
-1106
-946
-765
-664
-604
-455
-152
121
237
324
477
674
755
724
771
939
1051
1070
1065
1109
1148
1100
1009
887
819
731
574
424
371
314
173
-39
-227
-365
-530
-736
-898
-966
-1043
-1125
-1195
-1247
-1236
-1246
-1293
-1337
-1322
-1265
-1228
-1148
-1039
-886
-767
-695
-629
-565
-475
-387
-351
-344
-292
-184
-82
-43
-28
-12
-25
-92
-174
-210
-244
-303
-405
-472
-493
-553
-624
-756
-853
-932
-1021
-1137
-1251
-1299
-1300
-1300
-1345
-1400
-1407
-1322
-1301
-1364
-1371
-1349
-1300
-1255
-983
-470
-131
-163
-95
462
1091
1268
958
887
1448
2146
2376
2248
2404
3021
3477
3366
3098
3175
3389
3278
3004
2915
2977
2924
2654
2417
2329
2161
1677
1125
823
766
545
54
-322
-378
-360
-587
-920
-1146
-1184
-1275
-1476
-1646
-1625
-1470
-1399
-1408
-1289
-1044
-908
-944
-881
-634
-395
-299
-267
-39
308
540
603
654
848
1057
1071
965
1035
1235
1285
1201
1110
1104
1110
980
792
620
502
397
159
-43
-117
-176
-345
-566
-718
-831
-1015
-1208
-1336
-1390
-1424
-1492
-1505
-1472
-1398
-1350
-1368
-1347
-1244
-1105
-1023
-913
-711
-531
-351
-239
-120
-11
111
180
214
271
342
395
415
411
414
421
333
231
139
56
-62
-202
-358
-480
-598
-747
-859
-957
-1073
-1254
-1372
-1424
-1505
-1600
-1661
-1655
-1617
-1598
-1624
-1596
-1520
-1418
-1388
-1361
-1297
-1200
-1152
-934
-448
58
-1
-338
216
1157
1519
1447
1309
1570
2247
2720
2842
2960
3192
3569
3883
3742
3553
3482
3177
2739
2571
2587
2450
2145
1775
1507
1408
1027
259
-247
-414
-593
-876
-1150
-1196
-966
-925
-1235
-1430
-1485
-1499
-1386
-1266
-1139
-842
-559
-404
-124
270
378
333
381
524
771
915
953
1114
1342
1398
1280
1083
873
843
776
495
314
333
277
149
29
-175
-403
-635
-852
-986
-987
-947
-900
-853
-855
-828
-837
-960
-1008
-917
-898
-901
-766
-566
-403
-297
-310
-395
-430
-440
-453
-427
-357
-252
-123
-98
-82
-44
-96
-191
-251
-316
-352
-304
-246
-190
-121
-136
-231
-329
-400
-466
-556
-728
-785
-756
-796
-863
-957
-1087
-1200
-1312
-1463
-1635
-1707
-1690
-1673
-1620
-1531
-1445
-1428
-1417
-1402
-1299
-1206
-1207
-1135
-1028
-937
-878
-708
-26
1001
1746
1968
2086
2334
2547
2602
2564
2734
3154
3483
3515
3454
3693
3904
3604
2826
2140
1839
1619
1412
1316
1312
1093
588
-15
-516
-736
-873
-1174
-1405
-1376
-1187
-1066
-969
-755
-551
-560
-717
-647
-309
139
527
765
915
1083
1209
1163
1065
1138
1162
1069
941
885
956
948
795
509
274
11
-229
-406
-422
-293
-288
-394
-426
-367
-402
-466
-552
-620
-540
-371
-282
-156
70
174
126
-6
-85
-98
-141
-162
-163
-192
-253
-308
-361
-412
-459
-595
-765
-845
-791
-685
-592
-550
-478
-468
-545
-588
-536
-454
-363
-286
-237
-200
-143
-33
-54
-207
-365
-507
-647
-720
-700
-780
-924
-1114
-1333
-1548
-1753
-1879
-1990
-2019
-1913
-1874
-1905
-1879
-1696
-1513
-1450
-1432
-1459
-1344
-1161
-1013
-835
-659
-469
-281
-245
-303
-299
-374
-347
292
1345
2150
2505
2562
2558
2530
2432
2334
2399
2690
2973
3090
3097
3331
3550
3131
2226
1478
1120
966
959
1112
1190
1083
653
-11
-560
-761
-800
-942
-1045
-855
-503
-292
-220
-81
4
-121
-321
-299
13
540
1016
1128
1053
1015
914
678
495
457
476
386
261
247
303
278
108
-175
-447
-608
-673
-626
-384
-49
159
149
84
75
108
96
53
105
253
392
494
556
573
477
266
39
-121
-171
-172
-274
-445
-601
-780
-955
-1102
-1147
-1137
-1167
-1221
-1215
-1097
-944
-804
-763
-770
-752
-730
-695
-570
-417
-301
-268
-307
-352
-346
-403
-516
-605
-722
-872
-1045
-1149
-1175
-1155
-1217
-1374
-1564
-1721
-1778
-1841
-1812
-1607
-1410
-1353
-1287
-1169
-1122
-1072
-1019
-1076
-1036
-814
-576
-411
-265
-121
-215
-516
-849
-1018
-721
238
1405
2168
2365
2348
2250
2129
2091
2109
2292
2577
2866
3005
3232
3545
3518
2863
1881
1189
941
939
1100
1323
1389
1091
478
-159
-569
-677
-741
-879
-888
-652
-312
-110
42
166
93
-166
-355
-204
260
812
1165
1244
1147
1000
766
495
380
416
394
268
222
294
364
297
77
-199
-399
-521
-536
-353
-31
253
335
237
187
201
183
150
159
198
252
310
348
368
308
103
-228
-506
-632
-616
-616
-714
-823
-997
-1234
-1420
-1495
-1473
-1443
-1440
-1451
-1367
-1166
-1004
-881
-803
-779
-787
-780
-677
-532
-391
-352
-423
-482
-504
-567
-599
-615
-630
-730
-900
-1061
-1152
-1117
-1121
-1298
-1531
-1652
-1668
-1664
-1530
-1322
-1182
-1183
-1179
-1120
-1043
-840
-684
-666
-704
-669
-591
-474
-282
-131
-172
-411
-642
-786
-694
99
1307
2136
2367
2307
2231
2145
2124
2131
2176
2415
2678
2743
2844
3190
3376
2855
1864
1092
749
681
758
939
1033
842
314
-330
-760
-786
-751
-909
-1002
-794
-437
-200
-10
143
205
15
-223
-169
217
769
1165
1230
1190
1137
980
695
560
591
573
454
329
367
469
450
264
25
-123
-180
-210
-193
55
330
399
356
322
314
309
269
149
114
223
265
251
262
229
62
-240
-473
-613
-685
-776
-943
-1110
-1186
-1261
-1405
-1473
-1452
-1447
-1465
-1487
-1420
-1292
-1133
-1025
-936
-867
-833
-837
-796
-684
-580
-550
-589
-683
-750
-782
-798
-800
-857
-940
-1077
-1226
-1329
-1375
-1477
-1653
-1811
-1944
-1937
-1763
-1515
-1303
-1199
-1214
-1214
-1148
-1026
-916
-804
-625
-526
-411
-295
-114
38
85
-35
-247
-308
-332
-245
339
1372
2212
2503
2480
2354
2243
2253
2214
2235
2468
2749
2801
2747
2945
3088
2703
1891
1175
765
572
599
733
776
684
286
-298
-754
-846
-811
-935
-1006
-824
-530
-331
-165
57
165
104
-27
-20
271
721
1104
1269
1337
1386
1272
990
790
751
719
587
479
473
566
587
395
138
-53
-169
-271
-223
-7
211
308
265
167
159
190
161
39
63
162
202
219
280
293
191
-20
-277
-441
-502
-567
-685
-772
-868
-995
-1156
-1237
-1241
-1235
-1264
-1319
-1306
-1212
-1111
-1085
-1034
-975
-963
-1004
-957
-843
-731
-701
-750
-836
-939
-985
-1047
-1099
-1141
-1214
-1398
-1586
-1733
-1797
-1839
-1822
-1790
-1769
-1671
-1581
-1517
-1504
-1439
-1449
-1407
-1234
-982
-714
-494
-296
-213
-198
-171
-74
19
58
19
-128
-272
-227
228
1071
1928
2430
2565
2543
2425
2325
2285
2313
2444
2633
2770
2849
3072
3253
3031
2399
1648
1066
678
558
708
889
904
602
103
-356
-611
-729
-878
-975
-902
-726
-533
-298
14
233
234
80
10
146
457
818
1058
1228
1337
1300
1088
943
881
761
545
395
338
384
458
425
278
78
-133
-361
-433
-266
-15
136
186
199
156
97
44
20
-22
-13
18
35
169
295
236
9
-224
-418
-565
-641
-680
-688
-724
-862
-1043
-1148
-1167
-1217
-1288
-1362
-1379
-1326
-1237
-1104
-966
-875
-857
-943
-1003
-925
-835
-769
-770
-818
-876
-925
-974
-1018
-1007
-1044
-1197
-1376
-1554
-1650
-1726
-1779
-1715
-1628
-1539
-1497
-1428
-1395
-1399
-1355
-1304
-1231
-1076
-788
-561
-377
-166
-7
-16
-40
37
29
-27
-48
-9
-48
-46
129
519
1114
1683
2039
2168
2210
2211
2162
2096
2161
2406
2629
2745
2866
3019
3023
2751
2293
1800
1396
1118
987
969
960
885
635
251
-79
-323
-581
-812
-864
-802
-667
-511
-303
-95
-41
-54
-50
33
217
452
709
948
1174
1288
1257
1144
1025
885
737
619
574
601
652
633
536
397
217
18
-97
-177
-190
-136
-95
-68
-63
-61
-165
-251
-272
-293
-274
-178
-87
-55
-68
-118
-233
-337
-426
-530
-624
-726
-842
-968
-1068
-1150
-1204
-1263
-1319
-1356
-1361
-1324
-1309
-1255
-1174
-1109
-1051
-973
-906
-872
-878
-898
-904
-947
-966
-947
-918
-841
-822
-834
-862
-921
-1025
-1207
-1398
-1491
-1485
-1477
-1462
-1403
-1332
-1287
-1240
-1195
-1145
-990
-821
-729
-598
-447
-307
-227
-128
-34
39
92
82
23
-21
-6
-19
-2
130
534
1116
1672
2024
2172
2216
2203
2142
2111
2196
2388
2640
2847
3019
3154
3160
2905
2486
2037
1709
1476
1329
1289
1211
1050
787
441
76
-268
-582
-853
-997
-985
-885
-747
-563
-391
-343
-380
-387
-287
-133
80
345
604
849
1035
1144
1137
1107
1034
883
769
797
911
950
940
937
838
607
306
39
-214
-362
-381
-405
-358
-261
-199
-262
-378
-458
-574
-679
-695
-560
-397
-272
-190
-164
-238
-368
-541
-719
-875
-929
-975
-1009
-960
-909
-975
-1123
-1240
-1360
-1439
-1483
-1439
-1344
-1251
-1179
-1143
-1140
-1170
-1234
-1275
-1242
-1138
-977
-820
-696
-592
-556
-583
-663
-746
-817
-910
-1023
-988
-847
-762
-700
-677
-718
-819
-902
-908
-814
-704
-620
-524
-429
-335
-244
-203
-217
-198
-165
-152
-66
45
116
125
148
145
71
66
234
589
1023
1420
1724
1960
2118
2222
2229
2244
2328
2427
2506
2643
2864
3009
3007
2827
2550
2206
1881
1585
1358
1233
1090
918
672
423
184
-91
-388
-618
-760
-863
-905
-819
-702
-600
-501
-451
-387
-293
-138
26
182
372
537
653
776
901
928
902
1004
1128
1167
1119
1026
861
639
437
210
-21
-185
-279
-371
-439
-434
-437
-539
-708
-837
-902
-951
-889
-749
-586
-483
-433
-427
-465
-518
-554
-617
-623
-609
-583
-582
-618
-637
-707
-830
-939
-1027
-1064
-1084
-1086
-1093
-1100
-1132
-1208
-1289
-1361
-1408
-1384
-1269
-1120
-925
-765
-656
-609
-588
-550
-517
-521
-480
-437
-403
-389
-344
-303
-316
-343
-383
-453
-500
-480
-492
-507
-529
-531
-537
-505
-382
-284
-225
-186
-196
-201
-176
-142
-85
-6
85
208
326
481
601
637
670
656
631
720
901
1125
1421
1735
1956
2069
2122
2144
2155
2137
2140
2173
2213
2278
2322
2281
2175
1970
1663
1336
1075
901
750
666
579
428
255
70
-134
-320
-484
-594
-637
-613
-530
-438
-294
-193
-104
-82
-4
107
224
372
522
724
903
1039
1083
1044
981
877
712
568
428
313
171
65
-26
-135
-252
-428
-628
-812
-985
-1139
-1174
-1133
-1032
-977
-916
-842
-798
-800
-856
-858
-808
-710
-622
-503
-383
-301
-246
-254
-332
-377
-447
-567
-616
-637
-625
-649
-709
-790
-865
-952
-1052
-1136
-1175
-1182
-1139
-1031
-935
-800
-669
-583
-501
-477
-497
-471
-449
-370
-269
-227
-151
-16
1
0
14
-74
-124
-141
-178
-187
-149
-127
-88
-108
-141
-157
-204
-218
-176
-156
-81
23
56
102
160
169
187
224
289
390
456
524
614
654
661
653
627
610
570
540
592
709
826
957
1101
1188
1222
1215
1188
1177
1161
1204
1236
1276
1376
1449
1457
1414
1357
1242
1068
936
819
734
686
659
641
566
487
371
250
142
54
-23
-99
-103
-72
-57
-14
91
173
205
228
212
168
161
150
140
182
249
254
233
208
178
107
-15
-164
-337
-477
-561
-586
-601
-622
-672
-772
-915
-1001
-1064
-1107
-1098
-1077
-1009
-904
-789
-645
-535
-510
-492
-458
-450
-402
-306
-264
-195
-134
-188
-260
-337
-384
-430
-487
-500
-495
-574
-611
-612
-701
-706
-731
-764
-720
-631
-551
-463
-355
-313
-286
-173
-127
-102
107
99
-26
108
175
145
244
220
197
247
198
134
112
63
26
-35
-80
-9
-11
-75
-65
-62
-89
-82
-95
-32
30
36
67
86
124
195
299
363
482
581
613
566
546
587
531
440
420
370
333
337
339
318
305
273
198
243
311
370
424
491
502
496
506
543
634
753
811
893
968
997
1044
1079
1089
1092
1054
989
975
978
985
948
875
757
624
464
337
259
204
142
115
72
11
-30
-73
-159
-221
-301
-397
-443
-449
-354
-291
-286
-318
-375
-461
-520
-554
-597
-587
-558
-561
-598
-563
-472
-486
-597
-597
-582
-701
-637
-487
-540
-537
-408
-526
-584
-418
-469
-600
-425
-355
-421
-344
-389
-318
-175
-341
-307
-173
-359
-333
-212
-316
-313
-228
-239
-263
-196
-95
-111
-148
-70
-120
-203
-144
-157
-216
-109
-44
-93
9
72
12
-44
-27
-3
-6
69
167
289
311
318
288
233
286
209
111
213
240
225
363
325
300
415
350
225
247
264
213
204
219
201
193
121
80
56
16
26
21
58
145
145
129
113
89
95
58
84
130
104
152
243
199
252
312
280
321
330
332
370
400
428
493
493
513
555
553
528
469
409
351
303
243
280
343
334
299
277
230
171
125
53
11
-11
-48
-42
7
40
43
13
-105
-199
-216
-213
-212
-173
-91
-19
-28
-16
-34
-93
-121
-193
-224
-191
-214
-149
-36
-98
-251
-260
-361
-516
-396
-408
-475
-389
-399
-391
-370
-485
-452
-329
-484
-445
-261
-391
-137
-35
-323
33
-7
-289
-11
2
-162
27
59
-115
25
128
25
-126
-68
-3
-110
-76
-64
-82
-102
-150
-94
77
54
-138
15
12
-117
75
93
-139
-57
214
-101
-69
282
111
-2
8
132
135
120
126
24
49
-17
40
64
-54
-17
122
10
-93
196
113
-17
88
121
221
81
120
320
152
154
324
224
183
253
180
169
237
207
218
229
181
217
194
159
212
218
197
262
220
166
104
-21
-8
17
-7
103
76
34
198
271
153
115
80
-46
-55
49
101
56
55
67
-97
-88
-16
-172
-169
-34
-74
-65
161
198
80
181
61
-47
77
-110
-35
182
-50
-28
177
-29
-124
-28
-259
-249
-29
-193
-162
-80
-160
-58
-71
-190
-127
-119
-129
-54
-64
58
87
63
94
-6
134
158
69
99
151
92
-44
1
37
-71
-34
68
-121
-72
72
-157
-93
135
-130
-83
122
140
99
215
243
57
169
144
-84
44
149
16
100
80
-32
47
-15
-86
-12
-100
-182
-209
-332
-239
-204
-404
-377
-330
-444
-427
-219
-257
-440
-81
-97
-430
-97
-85
-320
74
82
-244
120
222
158
166
173
153
-20
253
330
76
315
289
104
310
143
157
178
60
232
163
56
238
78
111
110
0
260
79
110
275
-1
-31
55
57
44
-179
70
80
-221
66
-64
-384
14
-68
-302
-123
5
108
12
29
20
-87
78
-44
-58
180
-15
50
203
134
-2
-98
-59
-223
-178
-6
-138
-73
16
-248
-249
-187
-310
-51
-188
-407
74
-97
-95
214
-140
101
330
-167
150
435
173
308
201
125
350
112
27
282
115
39
149
26
-4
202
145
-28
133
133
138
287
90
161
229
65
303
267
229
223
91
136
125
321
40
-162
301
-109
-125
255
-295
-285
-33
-583
-550
-265
-517
-592
-484
-488
-642
-504
-434
-553
-456
-402
-450
-438
-312
-193
-217
-176
-81
-12
-133
6
203
98
152
168
212
377
425
282
329
361
209
194
244
278
186
203
204
146
233
-1
144
237
-82
152
226
-10
223
220
-4
177
115
-42
134
110
-34
-20
136
-38
-70
98
-96
31
125
-27
-33
105
113
-107
-42
88
-94
11
256
-27
-131
142
-18
-216
81
36
-228
-39
5
-219
-77
-96
-257
-289
-206
-238
-414
-182
-55
-282
-139
19
-125
-78
-103
19
109
33
164
188
153
92
49
182
38
-106
167
78
-49
323
318
69
189
173
45
84
119
276
244
259
243
156
296
116
78
267
89
-13
160
259
206
207
236
75
-44
39
-122
-58
134
-151
-156
-85
-335
-247
-178
-382
-494
-288
-277
-573
-291
-160
-365
-210
-221
-406
-294
-231
-334
-140
-113
-179
-106
-73
-2
98
-18
99
214
14
229
352
29
344
399
-104
140
317
-171
137
379
-88
227
260
-195
155
237
-151
101
163
-188
39
236
-53
58
79
-173
69
-14
-171
263
48
-59
408
89
41
290
-35
29
233
-133
-5
298
-44
106
212
-147
169
37
-233
116
-153
-332
28
-44
-346
-70
-119
-242
-31
-204
-318
-181
-227
-360
-134
-157
-299
-67
-74
-20
-79
-12
4
-65
87
33
-23
34
112
26
-88
33
11
-153
74
82
-54
-62
68
190
32
26
63
13
97
52
19
258
118
-12
329
199
83
313
184
208
121
-27
232
-125
32
292
-246
-10
250
-209
-198
46
-254
-301
-110
-167
-291
-222
-1
-239
-315
-98
-258
-237
-119
-249
-165
15
-46
-134
39
37
-56
4
34
174
78
178
207
92
251
82
32
351
70
-162
317
143
-85
284
84
39
208
-147
-8
93
-145
123
209
-50
-3
133
-45
-73
138
-42
-19
190
35
64
148
33
3
19
56
-2
40
142
15
-17
143
24
-142
71
-70
-155
191
-125
-256
121
-157
-302
129
-177
-422
122
-45
-461
-98
42
-299
-208
56
-237
-74
186
-153
-83
40
-43
56
69
42
122
143
69
13
49
134
105
86
74
85
169
45
91
17
27
177
-164
-93
253
-75
-144
228
-70
-184
173
24
31
157
112
189
-43
-92
107
27
-105
67
164
-53
-141
46
95
-174
-94
136
-252
-239
106
-79
-239
145
27
-346
-89
-27
-169
-93
-48
-206
-7
-14
-223
31
-60
-41
101
-74
107
73
162
313
56
82
303
121
-56
235
135
181
314
55
250
278
39
153
119
-5
23
177
-50
7
238
-102
105
59
-310
44
86
-336
-27
187
-205
-40
118
19
-84
36
76
-251
-2
193
-169
-13
109
-225
-144
-95
-127
-81
-252
-124
51
-223
-110
213
-206
-149
49
-261
-201
-25
-196
-137
-141
-125
21
-138
-184
220
13
-189
194
-95
-68
302
-130
-79
253
-49
50
218
-46
39
74
-6
53
1
168
57
-115
281
163
-208
-1
199
-86
-48
151
-85
-74
276
52
-175
221
131
-181
135
141
-29
189
154
-49
154
123
30
99
129
3
-45
106
39
-145
-98
-72
-187
-235
-157
-223
-106
-170
-224
-208
-247
-40
-223
-237
-140
-233
-43
-102
-44
-48
-62
125
-51
27
158
-16
120
149
70
253
-17
116
446
-52
143
423
-233
15
411
-275
-27
333
-223
0
218
-177
21
48
-238
99
15
-275
275
233
-214
132
93
-60
8
-99
24
-32
-178
168
45
-409
35
187
-462
-116
31
-389
159
-30
-422
125
0
-347
58
-35
-247
-73
-38
-43
-198
-29
60
-236
8
86
-145
66
251
-102
-131
279
-69
-81
303
-97
-184
227
95
-265
66
283
-94
7
241
-27
42
293
-13
153
295
-46
41
171
-57
1
198
84
-72
159
325
24
3
254
4
-35
124
20
111
258
146
210
213
68
88
59
27
34
80
143
32
-43
84
-68
-153
-99
-185
-227
-255
-86
-172
-229
-69
-112
-317
39
-81
-287
50
-286
-115
224
-280
-85
398
182
63
194
279
165
0
300
121
-95
295
151
-56
245
43
-162
-41
-37
-142
-262
-121
-50
-215
-18
-83
-434
91
-4
-447
-7
87
-153
46
236
43
-33
276
260
-174
121
267
-32
89
211
24
29
195
-26
-123
53
-101
-166
128
-141
-393
99
37
-277
-126
-195
-159
-101
-293
-100
45
-271
36
109
-363
127
238
-134
147
42
-32
182
-28
-65
79
16
51
121
1
89
243
82
154
96
-88
134
25
-16
107
141
181
73
67
182
123
-82
49
0
-40
54
27
143
-21
-119
280
20
-376
51
107
-293
-67
60
-125
173
-14
-197
166
-4
-179
102
34
-316
52
110
-343
-103
31
-32
-106
-106
83
-291
-246
32
-291
-200
15
-182
-34
269
-100
-32
378
-87
-255
170
42
-151
302
352
32
324
249
73
200
-138
-56
145
-245
-97
296
-321
-43
388
-361
-204
54
-250
-80
-74
-84
219
-69
-68
295
-71
-124
66
-147
-1
97
-1
118
114
-64
140
19
-312
57
34
-123
31
30
-7
-68
-90
-107
-122
-182
10
47
-250
123
34
-214
119
-5
-203
117
175
-91
205
137
12
213
35
-95
186
61
-76
284
25
-213
263
131
-129
61
61
112
-77
-62
327
-89
-247
269
-111
-120
292
-79
66
105
-206
159
112
-235
65
132
-171
156
96
-177
101
63
-38
-95
-143
73
46
-179
-38
73
79
11
-235
216
95
-351
243
148
-398
45
186
-274
-82
99
-174
-128
-230
-197
73
-342
-358
225
-154
-353
155
4
-85
166
-55
-162
174
-40
-110
235
-33
-17
389
-58
22
332
24
299
259
-180
363
186
-331
372
194
-371
212
168
-288
155
72
-170
271
-89
-325
247
30
-98
178
25
16
55
-59
79
-44
-223
221
8
-303
65
197
10
-200
-72
70
-206
-235
328
-127
-302
367
-84
-2
257
-217
38
-150
-358
290
-48
-168
399
-50
170
383
-227
164
50
-248
310
-99
-186
443
85
50
269
-96
-150
116
-291
-224
206
-132
39
295
-85
66
122
9
66
-188
-107
123
-50
132
274
-47
206
180
-122
306
99
-257
250
40
-393
155
62
-95
192
-41
81
50
-195
166
-67
-468
62
-7
-421
-38
9
-192
-56
-109
-248
-76
-287
-170
-37
-440
-160
6
-237
-58
-11
-60
118
-191
11
106
-450
207
197
-530
224
365
-264
114
171
-37
196
-89
-135
252
-233
-101
350
-259
-244
313
-149
-309
293
-97
-173
170
-163
66
26
-144
214
125
4
131
178
62
43
23
86
-128
-57
333
-23
25
325
-26
-188
145
-170
-361
215
-180
-301
302
-62
-160
199
-61
-173
73
-15
-24
-83
27
285
-99
72
248
-91
110
155
-133
140
216
-237
71
122
-401
66
153
-274
-46
14
-51
-36
-198
-43
-5
-292
-46
185
-99
-68
129
49
-15
91
-10
-35
185
-32
-56
255
-21
-103
224
-18
12
152
-107
140
-63
-178
310
31
-180
274
263
-134
156
267
61
31
-78
93
-7
-208
71
64
-267
-121
-66
-240
23
-60
-287
-19
-169
-249
206
-158
-376
230
-1
-510
56
39
-187
144
-123
0
217
-197
140
362
-158
-6
257
-70
62
100
-45
124
-183
-70
217
-178
-100
185
-30
-146
50
145
3
-84
103
221
-6
6
283
255
72
126
314
41
28
478
77
-115
320
173
-24
191
155
-77
136
-34
-359
107
-80
-324
37
-169
-368
102
-19
-366
56
24
-195
-69
2
47
-107
30
235
-164
-111
233
-141
-113
48
-74
-77
-87
54
48
17
-32
-51
-117
-228
-144
-20
-73
-279
64
163
-201
56
227
-137
-94
281
131
-47
228
299
35
117
323
69
91
235
163
218
32
135
257
-205
-5
402
-275
-162
316
-21
-65
-11
14
-30
-126
-47
-201
-199
-37
-207
-189
-55
-322
-84
69
-375
-203
62
-189
-252
18
38
-147
-35
218
-8
-168
233
133
-262
233
137
-85
227
-12
10
205
-123
-33
190
-260
-29
199
-244
-27
112
-194
15
54
-158
153
-152
-151
362
-245
-153
300
-115
24
266
-71
83
150
-158
263
167
-158
327
188
-131
189
175
-44
203
32
-91
263
73
-1
218
-77
-157
183
-122
-304
156
59
-51
57
-51
63
-131
-193
251
1
-263
228
-8
-274
110
-60
-108
6
-158
132
-14
-404
263
38
-622
123
-15
-337
117
-142
-31
140
-315
-92
221
-187
-155
82
-3
84
-95
44
213
-235
-105
335
-226
-200
502
-150
-277
371
-87
-164
309
-32
-132
240
-118
-129
234
-135
-151
76
7
-100
-94
-106
-21
-306
-160
211
-421
-219
230
-416
-94
221
-402
29
67
-285
194
-88
-92
286
-96
35
309
-133
71
232
-83
234
47
-83
329
-74
-42
385
-74
-216
302
-107
-152
239
-230
36
85
-115
174
46
152
128
-140
-16
151
-31
-5
167
-14
105
300
32
11
185
6
14
88
-37
51
85
-27
171
-85
-137
251
-153
-130
138
-128
-111
85
33
-160
71
-8
-98
171
-135
-80
247
-226
-123
267
-110
-203
176
210
-190
-25
208
-149
-203
78
-187
-170
192
-135
-131
103
-71
-206
34
-38
-261
119
-35
-321
108
183
-109
-55
200
-51
-177
46
-65
13
5
-20
175
40
40
148
-111
-39
165
-87
17
379
96
73
267
-3
33
275
-109
-168
200
-46
7
116
35
108
50
-35
5
-18
-115
17
19
-128
-15
-88
-45
81
-141
-97
149
-191
-195
363
-292
-236
449
-243
-268
352
-105
-119
215
-184
40
151
-184
209
60
-184
116
48
-88
140
165
-136
20
149
6
-6
-2
-22
37
13
-13
410
62
-132
323
-85
-98
129
-227
-14
163
-164
22
248
-225
22
97
-357
29
-144
-129
52
-183
141
128
-233
47
73
-274
58
-15
-118
165
-103
83
140
-267
98
65
-166
99
110
-136
-29
75
-127
198
55
-124
35
-188
-113
51
-64
-132
111
-119
-139
265
-85
-46
148
-230
-106
304
-165
-50
479
-295
18
221
-460
174
77
-357
317
17
-203
601
-67
-306
476
-190
-163
415
-179
138
387
-225
429
319
-349
368
136
-251
277
-21
-167
281
-92
-171
207
-298
-176
133
-306
-139
-5
-231
-78
11
-165
24
-121
-84
269
-174
-99
80
-134
-78
165
-39
-22
144
-187
56
25
-95
85
-150
-132
125
-7
-79
188
-46
-40
6
-123
41
-32
-75
-9
-90
-88
222
-61
-191
239
3
20
151
65
12
-33
-12
63
-30
-109
153
-67
-79
121
-80
-87
50
57
-164
-33
101
-37
70
-4
55
124
33
20
69
166
48
24
109
191
63
91
282
-8
14
282
9
-132
184
-42
-333
80
156
-261
-183
38
-162
-267
-62
-234
-269
-105
-254
-207
-14
-127
-183
-32
-89
-107
-85
-1
56
-134
94
161
-79
154
180
-63
43
143
43
88
40
-56
86
93
-100
111
196
-109
-42
213
-97
-225
109
-151
-28
173
-187
109
173
-287
21
133
-189
76
190
-157
90
159
-142
219
39
-63
178
46
-31
74
128
-117
121
88
-88
110
4
22
130
40
8
112
-106
-45
122
-226
-51
43
-157
98
28
-145
-138
-66
-25
-247
-235
48
-79
-253
67
11
-277
88
120
-190
-27
84
-173
57
259
-160
-3
346
-12
39
169
-59
168
140
-85
268
215
-169
377
142
-334
316
171
-134
385
154
-135
167
177
-78
-43
46
-85
-6
-83
-113
9
-115
-142
-70
-205
-257
142
-127
-354
69
-16
-105
53
-7
-146
-31
-86
-26
93
-171
-71
191
118
10
174
57
27
161
-75
-130
33
-57
43
6
-46
111
13
11
93
-32
23
55
-78
125
75
-68
41
27
83
-23
4
10
36
171
0
-29
49
138
33
-84
86
112
-138
56
181
-156
66
235
-78
18
152
-265
98
277
-404
56
397
-232
95
204
-118
95
23
-243
9
59
-180
-83
-184
18
-66
-147
18
-204
-170
-111
-119
-123
-140
45
-195
-212
105
-11
-199
-11
115
-113
26
60
-60
59
128
-59
32
203
-176
71
167
-147
99
86
-140
-25
133
-42
35
82
-32
54
-80
10
66
-85
71
-26
28
190
-78
18
203
-21
-190
25
103
-60
-51
43
36
35
-56
5
80
-233
-54
93
-83
-38
104
-71
3
132
-185
35
157
-205
75
177
-166
1
178
-107
-87
102
-70
5
93
-82
52
8
-144
60
29
-18
72
-104
107
48
-150
353
-7
-155
362
2
-30
199
17
50
43
-47
193
71
-113
172
53
-66
-37
61
73
-91
-50
-55
-94
-3
-115
-98
102
-148
-216
70
-37
-102
-43
-94
24
-77
-2
35
-89
6
-16
-59
43
0
90
73
-205
187
88
-271
144
5
-108
263
38
-16
37
-199
18
59
-302
48
176
-153
103
72
-113
43
-33
-55
-10
-20
144
75
-71
36
76
-118
-33
184
-71
-185
117
-11
-130
108
-14
-201
-60
86
0
-59
103
45
-5
26
-50
-59
27
28
-106
117
109
-62
87
118
34
9
70
-29
20
31
-86
81
-43
19
114
-151
7
56
-171
91
149
-208
6
57
-144
112
-18
-72
-43
-87
257
-23
-135
157
17
-24
28
-14
118
66
-31
119
67
23
46
23
68
122
-59
-6
154
-116
-82
93
-72
-7
93
-76
71
14
-95
94
-66
-87
112
-22
-111
64
-10
-130
68
0
-162
67
38
-150
5
28
-89
-120
-55
154
-25
-241
194
67
-115
169
-59
-171
131
16
-63
143
4
28
160
7
-102
65
-102
-84
56
-142
-8
-83
-199
87
-5
-191
-2
-83
-156
-119
-78
2
-208
-118
197
-118
-83
133
-44
-28
90
11
-123
30
174
1
-8
204
34
5
292
55
-107
156
109
-64
68
71
-34
53
96
-30
-17
132
-59
-30
19
-64
5
64
59
45
107
22
13
-20
-56
-68
-63
-11
9
6
-36
124
91
-66
104
-72
-127
142
-66
-93
157
-80
51
204
-186
70
137
-215
88
116
-164
91
102
-65
48
53
39
10
-37
67
33
-46
139
-45
-148
125
-1
-106
-60
-124
-87
-35
-88
-24
60
-125
-102
130
52
-110
-25
-1
48
62
-51
44
144
-15
-43
126
37
-9
92
64
-56
78
84
-137
-36
99
-99
-201
45
11
-147
-76
-66
-132
-68
-54
-232
-243
73
-83
-319
20
2
-192
-45
-107
-32
80
-205
11
241
-22
4
68
4
140
117
3
151
104
88
121
43
140
155
5
76
151
-91
41
79
-149
51
96
-121
73
112
-79
-9
-20
-62
72
90
54
-56
55
141
-138
-58
102
-14
-89
24
178
48
-52
141
24
-211
13
40
-159
43
235
-79
-122
174
-14
-186
7
80
-116
-19
135
26
7
80
18
-66
81
43
-92
-16
77
40
-36
29
78
-82
-59
58
-64
-2
-1
-150
-26
102
-46
-45
26
-6
-14
-121
37
62
-41
129
30
-109
59
61
-63
-52
-26
-12
-136
-65
155
-30
-144
-21
-53
-31
-63
-127
-6
-90
-86
23
-66
23
46
-122
-7
158
7
27
1
-6
60
-62
44
31
-77
68
104
-92
108
65
-284
-33
91
-110
-82
42
-32
9
2
-106
36
66
-26
-2
56
214
108
-55
133
149
-15
43
90
-25
4
136
11
20
117
-94
-102
69
-70
-87
-21
-110
-16
48
-32
-34
-5
-17
-54
50
82
-106
-9
101
43
93
105
30
-13
88
119
-33
-24
149
-65
-145
74
13
-96
-20
-97
-29
63
-54
-73
-33
1
-44
-50
-114
-46
36
-34
-52
38
91
-86
-58
30
-28
-62
-97
11
29
-110
15
68
4
-8
-26
58
59
-1
9
12
-87
77
91
-105
58
68
-40
-13
51
22
-127
-111
5
-33
-14
22
-47
-4
69
-46
-60
9
-70
-93
59
108
-85
7
142
50
-44
63
70
-102
60
70
-127
12
136
-74
-50
113
-18
7
-68
-70
41
-52
-15
-9
-24
-55
-9
61
52
8
-65
-6
72
99
56
-45
-20
53
22
-72
9
79
-23
37
32
48
99
1
-28
60
16
-52
88
52
11
37
-41
69
137
14
-64
40
59
25
78
2
30
90
11
7
44
43
23
-26
-99
11
-27
-35
19
-50
26
-150
-159
129
-39
-139
92
-29
-70
147
-4
-42
-23
-109
-39
-65
-22
83
-37
-85
-9
-29
-83
-62
-74
-68
-50
17
-2
-28
77
-47
-121
47
-25
-57
61
8
12
23
-6
103
35
-19
112
71
36
67
21
-6
-19
56
15
-103
-1
101
-31
-7
45
16
-33
-91
14
22
42
73
-16
51
27
-48
15
15
-33
26
54
-61
-2
54
-26
-83
6
-23
-79
62
42
-104
-44
-5
-92
-64
6
-37
-66
-35
40
12
-71
-5
-50
-57
57
1
36
81
18
28
96
-18
-26
125
18
-22
81
61
121
15
-67
36
77
-7
35
77
-32
7
75
-5
-53
67
9
-94
-17
79
5
-104
13
-6
-71
-97
-57
36
-99
-78
29
-87
-73
-4
-55
-64
-77
-75
42
-16
-89
20
-62
-57
-5
-32
-43
21
40
-6
56
-4
8
54
-119
-40
89
4
-15
57
24
-12
-2
-54
-64
-35
-6
-61
-66
27
112
72
-117
40
79
-128
56
84
5
64
38
-45
121
59
-7
152
-20
-29
141
112
-3
34
54
-43
-36
50
121
8
-6
90
13
25
-8
61
136
-64
-10
151
56
-29
37
55
-64
7
19
-74
-12
10
-66
-103
-106
-116
-71
-156
-93
-46
-90
-12
-107
-104
-33
-96
-39
20
-69
-47
61
59
-9
29
34
4
-33
13
147
47
-40
39
-7
-33
20
10
24
-19
-10
49
78
14
10
70
-103
-52
80
41
66
51
1
8
21
11
23
56
-27
-15
6
-21
-2
26
12
-85
70
63
-75
69
48
-45
-4
-15
-26
-53
-59
34
49
70
45
-96
-24
-6
-57
46
-1
-60
-33
-46
31
63
-61
16
9
-123
16
44
-20
3
43
-59
-52
56
-20
4
-3
-92
6
22
-66
3
-14
-94
-31
26
32
73
3
5
80
-73
-3
118
-127
-10
146
-73
115
153
5
168
12
-68
130
-13
-19
114
18
50
60
70
22
-50
28
-21
-58
2
-21
11
56
-13
1
-39
-101
-49
14
-13
-55
-22
-54
-13
12
-48
-23
11
-53
5
27
20
45
-16
-27
-19
-32
39
79
-25
14
24
-69
-60
-8
-26
-49
47
9
-18
20
-9
-76
-16
-24
-58
57
-11
70
153
-11
51
11
-42
12
-39
30
130
6
-36
110
13
-40
11
-54
-105
-74
27
-39
-64
66
-36
-80
2
-20
-38
-2
5
-8
33
16
22
58
-12
17
-19
-33
4
-18
54
-14
-98
44
35
-132
-49
17
-124
-10
5
-33
3
7
105
7
-76
22
-44
-76
47
7
74
55
26
161
17
-78
78
-20
-130
70
53
-23
30
78
15
-19
58
33
-76
-92
-13
40
10
-15
37
28
-24
54
101
-54
-2
-37
-118
-13
-46
-68
-3
-31
-53
-25
-27
-11
-84
-90
23
-106
-75
106
-39
-17
88
-30
-19
13
-34
29
30
-32
30
44
16
-49
15
43
-40
-4
-34
-111
45
22
-117
46
-9
-91
47
49
7
73
-35
-16
113
5
68
141
-2
43
69
7
113
2
-77
62
-40
-18
160
-16
-23
87
-41
34
36
-57
-30
24
-4
28
79
7
-47
21
56
-76
-29
15
-9
-24
24
40
-14
3
-56
-135
-58
-17
-70
-1
29
-48
-25
39
31
24
-50
-52
-18
-37
71
70
6
70
33
-19
69
-4
-32
76
-35
-73
19
33
-43
22
26
-37
-7
-26
57
-11
-123
30
5
-40
56
43
65
75
16
46
74
-26
14
37
-42
102
91
9
99
74
-53
-16
5
-30
19
-66
-1
46
-24
66
13
-83
9
-53
-109
9
-59
-74
17
-91
-23
13
-99
-15
-16
-112
-58
9
-54
-5
3
-61
20
30
-12
-8
-54
-24
-31
-96
-25
41
7
24
56
37
31
47
7
-4
28
13
18
85
105
87
66
59
78
2
-70
10
28
-107
-4
-22
-63
85
38
-55
19
-58
-131
-37
-57
-38
-1
-62
-1
24
21
74
47
32
-12
-47
32
74
8
-16
7
24
1
50
103
-7
50
69
-83
-46
-12
-70
-63
10
-6
-26
25
22
36
-29
-111
-96
-20
-26
-63
27
41
5
12
37
-3
-3
46
-43
-1
78
-5
8
105
63
-53
15
20
17
31
15
10
-35
28
44
-32
-5
59
-96
-94
92
14
-110
69
39
-73
45
-23
-71
12
-45
-62
44
-9
-50
19
-52
-91
-12
-51
-51
19
-12
-53
57
-12
-102
8
12
-72
41
66
15
82
2
20
56
-52
-54
20
-12
38
125
15
16
54
-54
-18
-46
-32
-24
-25
47
73
26
3
11
-38
-22
5
-56
-26
39
24
53
52
1
9
-7
-38
-33
-75
16
53
-48
39
98
3
69
44
-38
-4
15
-1
43
74
23
14
43
20
6
24
-35
-74
-12
-17
-95
-33
27
-38
-84
-54
-57
-28
-39
-102
-26
3
-77
-5
54
-4
41
42
-57
51
110
-23
64
97
8
16
53
42
28
27
1
23
46
-5
-11
47
42
-59
-78
28
32
-12
-12
-16
32
25
-38
-41
10
-33
-57
3
-11
-3
49
-45
-66
14
-60
-126
-5
-17
-80
0
-21
-56
-18
-11
-8
-15
-23
-20
-10
56
16
-15
31
20
25
66
19
29
74
-2
1
17
5
-17
-7
45
48
16
-47
33
30
-44
-39
-31
-10
-19
-4
55
21
25
29
-23
7
36
-21
-17
40
47
22
50
29
22
48
-30
-30
43
4
-26
52
31
12
3
39
27
-14
-6
11
3
-6
10
40
48
15
5
-59
-16
5
-31
33
-24
-73
40
-37
-61
68
-21
-70
5
-44
-18
35
-18
31
20
-48
-6
67
32
15
35
-24
-3
-1
8
31
-17
-6
28
-25
-40
15
-43
-64
-7
-30
-30
19
8
-31
-25
-65
-65
24
-4
-57
52
25
-30
31
-6
-38
-4
-15
-29
31
54
10
19
65
-22
-30
17
-21
-22
48
49
-7
48
35
-46
9
23
0
29
0
-9
-7
-24
-21
4
-12
-49
-43
-46
-33
-23
-19
-14
-55
-21
-7
-78
-60
1
-26
-38
48
57
-4
0
49
10
-17
-7
1
25
12
30
63
75
53
49
8
-47
-27
12
37
35
25
8
-34
9
44
-10
-21
-2
-3
-45
-14
18
-24
-12
-1
-40
-9
47
-9
-32
-14
-4
25
-22
-34
-6
9
24
24
29
7
10
21
4
29
54
9
0
29
18
28
47
15
8
37
3
-22
-34
-40
-19
-26
-32
-31
-45
-40
-80
-67
-41
-69
-90
-36
-14
-52
-19
13
-25
-15
35
44
17
44
82
55
26
49
57
44
69
84
43
61
92
26
-14
15
-25
-20
14
12
-21
-15
12
-39
-69
-26
-38
-80
-55
-28
-21
-20
-29
-50
2
6
-54
-16
4
-23
-7
-29
-12
8
-6
31
22
5
16
16
16
-8
-31
8
34
16
24
35
15
26
20
-13
18
44
-11
2
59
31
36
-18
-29
39
-18
-41
-7
2
-37
-30
-31
-30
-54
-40
-53
-72
-15
-32
-26
-15
3
-16
-45
32
89
7
15
62
55
58
47
68
70
38
22
72
38
60
58
