SAMPLES:	13201
BITSPERSAMPLE:	16
CHANNELS:	1
SAMPLERATE:	16000
NORMALIZED:	FALSE
2
2
2
3
2
3
6
9
10
12
10
8
5
2
2
-1
-3
-5
-7
-11
-16
-20
-21
-25
-25
-26
-25
-25
-27
-26
-28
-29
-29
-29
-26
-24
-22
-19
-19
-17
-18
-15
-10
-8
-3
0
3
5
7
8
7
9
10
11
11
9
6
4
1
-2
-5
-7
-9
-12
-15
-18
-20
-25
-26
-27
-28
-28
-29
-28
-29
-31
-30
-32
-31
-30
-30
-27
-25
-24
-22
-20
-17
-15
-13
-7
-5
-1
1
3
4
5
6
7
8
9
9
9
7
7
5
6
6
8
9
10
12
12
12
13
13
15
15
17
18
19
21
20
23
24
25
29
30
34
36
36
38
38
38
40
38
40
39
39
38
34
32
28
25
22
18
15
12
8
5
0
-4
-7
-9
-11
-14
-16
-16
-18
-21
-22
-24
-26
-27
-26
-26
-25
-23
-23
-20
-18
-17
-14
-11
-10
-6
-3
-1
1
1
3
3
4
6
7
11
10
10
12
12
14
15
16
18
19
21
21
22
21
20
20
20
21
20
19
19
19
17
16
16
17
18
19
19
20
19
18
17
16
15
15
13
12
9
6
3
1
0
-1
-1
-1
-1
-1
-2
-3
-3
-3
-2
1
3
4
5
6
6
8
8
12
14
17
21
24
27
30
31
33
35
37
38
39
38
37
35
32
30
28
26
24
24
19
17
14
10
7
3
2
0
0
-4
-6
-9
-12
-16
-18
-18
-21
-22
-22
-25
-26
-29
-30
-30
-31
-30
-30
-30
-31
-34
-36
-39
-42
-43
-46
-45
-46
-49
-50
-52
-55
-55
-55
-53
-53
-50
-49
-47
-44
-45
-44
-41
-40
-36
-32
-32
-30
-31
-28
-29
-26
-22
-20
-18
-16
-14
-13
-10
-9
-7
-5
-2
-1
1
1
-1
0
-2
-2
-2
-3
-3
-3
-2
-2
-1
0
2
4
7
8
12
12
14
14
13
13
13
13
11
10
7
5
4
3
1
2
3
5
7
8
11
12
13
13
12
14
13
13
12
9
9
7
5
6
6
6
7
9
9
10
11
11
11
13
13
13
14
11
8
5
3
-1
-4
-6
-9
-10
-10
-13
-13
-12
-12
-9
-8
-7
-6
-5
-4
-6
-6
-8
-10
-10
-11
-12
-14
-15
-16
-18
-20
-19
-19
-16
-17
-16
-15
-16
-15
-15
-15
-12
-13
-12
-10
-12
-9
-11
-8
-7
-4
-4
0
5
5
10
12
14
17
19
20
23
24
27
26
27
28
21
22
22
20
17
18
14
10
11
8
3
3
2
0
4
0
0
0
-1
-2
-1
-1
1
2
3
4
5
7
5
9
10
9
11
11
9
8
7
4
4
2
3
0
1
4
1
1
4
1
0
6
3
4
8
5
7
6
5
9
7
7
11
10
13
15
16
17
19
20
21
23
21
24
21
18
19
14
8
8
4
0
0
-4
-7
-11
-11
-13
-12
-9
-9
-7
-5
-4
-4
-2
-3
-2
-1
1
0
-1
-2
-5
-8
-8
-9
-10
-9
-9
-9
-9
-9
-11
-8
-9
-10
-4
-8
-7
-6
-8
-8
-5
-6
-5
-2
-3
1
2
5
7
11
13
19
18
20
21
17
20
18
14
13
11
6
6
3
0
1
-3
-4
-5
-4
-4
-4
-2
0
-1
3
4
4
5
5
6
8
8
5
8
7
5
5
4
3
3
6
5
6
6
8
8
9
11
10
16
15
18
18
19
20
21
24
23
24
24
22
21
20
15
13
7
2
-2
-8
-13
-19
-24
-29
-34
-40
-43
-47
-50
-51
-53
-52
-49
-51
-46
-42
-44
-37
-35
-33
-28
-26
-24
-22
-19
-18
-15
-15
-11
-13
-11
-10
-14
-11
-13
-15
-15
-15
-20
-19
-20
-23
-22
-22
-20
-20
-17
-16
-13
-11
-7
-5
-1
4
6
10
15
15
18
23
20
22
23
23
22
25
19
20
21
13
14
9
7
4
1
-3
-6
-11
-12
-17
-21
-20
-25
-26
-26
-28
-29
-27
-27
-25
-22
-20
-16
-13
-8
-6
-2
2
6
10
16
17
23
27
29
34
39
44
47
51
51
54
54
52
53
52
51
48
46
42
39
34
30
27
21
19
15
12
10
6
5
4
2
2
2
4
3
4
6
3
7
5
7
9
7
8
10
8
8
6
3
3
-1
-3
-2
-5
-7
-7
-11
-12
-15
-15
-17
-19
-18
-19
-21
-17
-19
-14
-13
-11
-8
-6
-2
-1
3
6
10
12
12
15
15
17
20
18
20
18
18
20
15
17
17
15
20
17
18
18
17
17
19
19
19
21
21
23
21
18
16
14
12
9
6
7
1
-1
-4
-10
-12
-15
-18
-19
-19
-21
-22
-23
-27
-27
-27
-27
-24
-22
-18
-19
-19
-15
-19
-13
-13
-12
-6
-8
-5
-5
-7
-9
-9
-10
-11
-12
-12
-11
-11
-14
-14
-17
-15
-14
-15
-9
-10
-7
-7
-5
-1
0
5
11
12
18
19
21
21
20
23
22
24
21
20
16
13
8
1
-1
-6
-10
-9
-16
-17
-21
-25
-29
-31
-31
-32
-32
-31
-33
-32
-32
-33
-32
-28
-29
-29
-25
-29
-27
-25
-28
-23
-25
-23
-20
-20
-14
-18
-14
-10
-13
-8
-5
-8
-4
-2
-3
0
1
0
4
6
5
7
9
9
8
10
9
6
6
3
1
0
-4
-5
-7
-8
-9
-12
-10
-11
-9
-5
-5
-1
-1
3
6
7
11
12
17
17
20
20
16
19
16
15
17
13
14
13
7
5
3
0
-2
-1
0
0
0
-1
-1
-2
0
-1
2
9
8
12
18
14
18
21
23
27
30
33
31
35
31
26
25
20
16
14
10
6
-1
-4
-11
-18
-21
-25
-27
-27
-28
-31
-34
-36
-38
-38
-38
-36
-32
-31
-26
-25
-27
-22
-21
-24
-14
-11
-13
-5
-5
-11
-2
-6
-8
1
0
1
6
4
5
4
1
7
6
10
15
15
19
23
17
21
26
20
28
35
30
39
39
35
41
37
34
42
40
36
44
38
33
37
27
25
27
21
25
21
17
15
8
3
1
-2
-6
-2
-4
-8
-4
-12
-13
-12
-17
-10
-10
-10
-5
-9
-9
-5
-8
-6
2
3
4
13
9
8
12
6
8
13
11
14
17
12
12
11
2
8
5
-2
7
-2
-5
-4
-13
-14
-16
-18
-16
-16
-17
-15
-16
-18
-12
-15
-12
-4
-7
2
5
2
11
8
9
16
16
18
25
24
23
25
20
17
19
15
14
11
9
6
-2
-4
-9
-15
-15
-18
-23
-22
-27
-29
-30
-32
-34
-33
-33
-29
-25
-29
-20
-19
-24
-14
-11
-13
-5
-3
-6
-2
1
-1
1
3
3
4
4
8
4
5
10
3
2
8
3
1
6
2
-2
4
-2
-5
1
-5
-6
-2
-9
-7
-10
-16
-12
-19
-20
-17
-24
-20
-17
-23
-15
-9
-16
-6
0
-8
7
6
4
15
16
21
23
25
31
28
30
35
27
25
29
19
12
17
4
-4
0
-12
-20
-22
-26
-34
-37
-33
-42
-42
-39
-40
-45
-38
-32
-36
-29
-20
-23
-18
-8
-8
-3
5
13
10
17
22
16
19
21
15
14
17
13
9
13
7
6
7
4
5
2
4
2
0
3
0
1
2
1
3
3
6
2
8
6
4
8
4
3
2
-1
-2
-6
-8
-11
-14
-13
-18
-17
-22
-23
-24
-26
-23
-25
-28
-23
-21
-23
-19
-16
-19
-13
-8
-8
0
2
3
11
12
14
17
15
19
19
19
22
25
22
26
26
25
26
23
24
27
27
26
29
26
25
29
26
24
29
24
23
28
21
20
23
15
19
17
6
13
4
-1
9
-2
-3
9
-2
2
10
-1
5
10
5
14
11
9
18
9
14
20
6
13
18
8
15
16
8
9
11
6
6
4
2
0
-5
-2
-5
-14
-8
-9
-17
-15
-14
-26
-23
-19
-31
-27
-23
-31
-22
-21
-25
-18
-22
-18
-12
-19
-15
-10
-18
-10
-7
-17
-9
-9
-11
-2
-5
-4
1
-2
6
6
2
10
7
6
10
6
1
4
3
3
4
3
4
3
5
7
4
5
6
5
5
5
5
3
4
7
3
4
6
2
4
5
3
2
2
2
2
-1
1
-2
-5
1
-2
-3
2
0
-1
4
2
0
0
-1
-1
0
0
0
0
2
3
3
3
3
4
5
8
9
7
9
11
8
13
11
9
13
12
9
11
11
9
12
14
14
14
15
15
11
11
12
4
8
7
0
6
3
-1
2
-5
-9
-9
-13
-16
-17
-17
-21
-23
-25
-27
-31
-32
-35
-42
-40
-40
-46
-42
-43
-45
-43
-41
-44
-43
-37
-42
-37
-29
-32
-27
-23
-23
-19
-17
-16
-14
-12
-10
-6
-5
-2
3
-1
5
7
0
8
6
4
12
8
9
11
9
10
10
8
11
11
10
15
13
11
14
9
7
11
5
8
10
7
8
7
6
4
6
6
4
3
3
3
2
4
5
3
7
8
8
13
12
12
15
16
14
18
18
14
18
16
15
15
15
14
12
13
10
6
6
3
0
-1
-6
-8
-9
-11
-15
-15
-19
-19
-17
-19
-15
-14
-16
-11
-13
-12
-8
-8
-2
1
6
11
10
14
15
15
19
18
18
20
20
18
18
15
14
12
9
9
6
5
3
-3
-2
-3
-5
0
-3
-3
1
-4
-3
-2
-5
-3
-3
-1
6
3
8
11
4
7
6
3
5
4
5
5
2
5
-3
-7
-2
-12
-10
-1
-11
-6
-1
-9
-4
-2
-8
-1
2
5
11
13
17
15
15
22
18
19
27
23
26
27
24
24
21
21
21
14
21
17
13
18
11
8
13
11
12
14
15
19
16
21
25
18
28
35
28
39
41
34
42
40
37
39
38
36
34
34
31
24
19
14
2
0
-5
-16
-15
-20
-25
-26
-32
-36
-36
-40
-39
-41
-41
-36
-38
-36
-31
-34
-30
-26
-28
-21
-19
-18
-14
-10
-10
-8
-10
-9
-9
-12
-10
-15
-19
-18
-25
-29
-25
-31
-33
-32
-34
-36
-35
-35
-39
-34
-35
-36
-33
-35
-33
-29
-31
-21
-19
-17
-8
-6
-5
0
4
0
9
10
6
14
12
12
17
14
17
15
16
20
14
18
16
15
12
17
14
9
18
12
12
20
12
13
17
13
19
16
21
20
21
21
22
20
15
22
13
13
19
8
12
14
6
14
9
8
7
5
7
0
3
1
2
0
2
3
-3
3
0
-8
1
-5
-7
-2
-5
-6
-10
-6
-16
-15
-12
-24
-18
-19
-19
-14
-21
-16
-20
-25
-16
-26
-26
-22
-22
-27
-22
-21
-33
-22
-27
-29
-23
-30
-24
-23
-24
-15
-25
-22
-17
-24
-23
-20
-22
-29
-17
-21
-22
-13
-18
-15
-10
-12
-9
-8
-6
-5
0
0
-4
9
-2
2
11
2
10
15
14
19
23
25
22
21
24
20
20
23
27
22
28
29
15
22
17
10
12
9
8
7
8
7
2
-4
-10
-10
-20
-23
-16
-27
-24
-16
-25
-27
-21
-29
-39
-30
-32
-38
-27
-25
-28
-27
-22
-25
-33
-22
-22
-29
-14
-12
-12
-5
-1
0
-4
3
2
-1
6
12
13
19
25
28
25
24
28
24
20
32
31
26
46
40
35
48
41
33
39
39
36
41
48
49
47
55
49
43
45
44
35
40
44
36
43
41
33
35
28
21
20
15
13
10
12
7
5
5
-9
-9
-12
-25
-24
-23
-33
-28
-26
-32
-26
-31
-35
-32
-41
-39
-34
-41
-29
-27
-32
-23
-27
-30
-29
-30
-26
-27
-25
-15
-20
-19
-10
-18
-26
-18
-22
-32
-19
-18
-26
-16
-11
-24
-21
-18
-32
-27
-19
-26
-18
-11
-14
-9
-10
-11
-7
-6
-4
8
12
17
29
31
36
40
43
46
48
60
66
68
82
88
86
94
97
91
95
100
94
102
106
104
108
103
98
99
89
84
87
80
75
81
72
61
65
53
37
35
27
14
13
11
-1
-7
-9
-21
-33
-39
-47
-59
-63
-62
-76
-75
-76
-91
-92
-100
-111
-114
-120
-123
-120
-124
-127
-125
-134
-144
-140
-151
-159
-151
-158
-158
-151
-153
-157
-153
-154
-161
-153
-150
-150
-136
-133
-124
-118
-115
-106
-104
-95
-85
-75
-60
-45
-33
-19
-6
-1
10
21
24
41
52
59
81
89
98
110
112
117
120
126
132
139
148
155
165
167
168
172
165
163
166
164
161
169
171
167
173
169
159
155
147
139
135
132
128
122
119
110
98
88
71
57
45
32
21
15
4
-11
-23
-41
-63
-78
-95
-111
-121
-129
-142
-149
-156
-174
-183
-193
-211
-218
-223
-233
-232
-233
-235
-237
-239
-243
-251
-256
-258
-260
-259
-248
-244
-242
-234
-233
-239
-238
-239
-243
-236
-228
-217
-206
-197
-194
-190
-193
-192
-190
-192
-179
-164
-155
-136
-116
-110
-95
-81
-79
-63
-42
-30
-1
30
54
86
115
138
163
184
208
233
263
298
330
361
394
420
435
454
464
470
483
493
503
518
523
528
530
517
511
501
484
476
471
454
448
439
419
403
382
356
334
312
285
265
244
221
203
179
151
130
102
70
43
18
-7
-35
-57
-81
-113
-143
-171
-213
-245
-270
-306
-331
-344
-371
-388
-399
-424
-442
-455
-478
-491
-500
-512
-512
-520
-533
-536
-556
-574
-580
-596
-601
-598
-599
-592
-577
-568
-567
-574
-586
-598
-614
-631
-633
-629
-617
-601
-590
-574
-558
-546
-522
-488
-442
-372
-273
-149
-17
99
206
318
410
474
543
621
708
801
876
938
1009
1060
1063
1041
1008
965
923
889
869
852
833
802
749
693
631
555
484
436
406
383
375
384
384
370
341
296
248
210
183
158
150
148
129
106
77
26
-40
-107
-176
-241
-287
-323
-353
-365
-380
-412
-443
-466
-485
-487
-483
-470
-439
-399
-355
-312
-272
-229
-194
-173
-141
-103
-62
-14
29
64
97
122
134
149
164
170
164
161
165
172
176
178
176
177
174
163
154
158
165
160
156
158
165
177
185
183
183
170
151
135
115
96
74
36
-10
-60
-129
-197
-264
-338
-416
-499
-572
-629
-684
-739
-808
-889
-960
-1033
-1108
-1168
-1208
-1244
-1279
-1306
-1344
-1385
-1404
-1413
-1422
-1413
-1378
-1299
-1160
-984
-828
-681
-517
-359
-229
-115
17
177
363
531
673
825
993
1125
1196
1228
1243
1253
1262
1274
1297
1320
1319
1290
1234
1169
1090
1002
921
861
817
777
762
775
781
768
727
670
628
602
582
572
581
589
584
567
536
485
416
329
237
147
73
1
-61
-117
-192
-286
-392
-504
-601
-681
-755
-809
-833
-838
-834
-820
-809
-798
-794
-797
-799
-779
-737
-684
-626
-560
-494
-434
-383
-335
-292
-259
-220
-187
-146
-87
-30
21
62
91
109
121
145
169
192
234
284
337
392
442
477
507
529
530
531
546
566
584
597
600
594
579
554
518
476
435
393
349
317
291
246
194
131
52
-27
-109
-193
-263
-318
-373
-433
-481
-526
-567
-610
-664
-718
-763
-795
-817
-833
-831
-837
-848
-849
-851
-859
-861
-858
-857
-858
-863
-867
-863
-844
-838
-851
-869
-881
-903
-928
-930
-927
-926
-899
-845
-754
-623
-490
-363
-211
-47
77
170
287
447
607
750
877
1025
1207
1369
1457
1516
1578
1617
1616
1599
1595
1603
1597
1551
1482
1399
1300
1178
1055
947
853
747
659
613
587
534
462
393
342
294
243
197
179
189
190
168
142
129
102
59
10
-38
-87
-128
-173
-213
-262
-323
-394
-472
-544
-607
-686
-753
-791
-822
-857
-887
-908
-915
-912
-919
-925
-912
-873
-838
-801
-748
-679
-616
-555
-494
-423
-352
-292
-250
-200
-139
-80
-32
14
69
124
164
196
238
277
311
336
356
377
411
435
456
477
489
487
488
489
497
501
501
496
490
482
464
438
408
373
329
286
232
185
149
110
60
5
-64
-131
-192
-252
-317
-376
-424
-470
-525
-573
-608
-644
-673
-702
-741
-774
-785
-796
-808
-809
-811
-839
-865
-879
-894
-912
-914
-918
-935
-935
-928
-947
-962
-962
-984
-1011
-1011
-1005
-958
-824
-674
-554
-416
-235
-67
70
181
301
444
626
812
952
1109
1330
1501
1586
1648
1688
1722
1748
1754
1753
1752
1753
1724
1620
1502
1396
1249
1093
965
832
705
611
537
449
349
253
147
42
-21
-70
-128
-154
-145
-154
-189
-207
-225
-271
-309
-339
-387
-406
-396
-405
-421
-431
-456
-502
-563
-618
-665
-719
-755
-772
-786
-778
-762
-782
-803
-800
-791
-795
-798
-763
-700
-651
-606
-562
-508
-432
-370
-339
-301
-245
-173
-91
-11
62
123
185
241
291
340
379
426
479
509
555
607
637
678
703
707
720
708
696
714
717
695
645
614
622
613
567
487
496
672
702
467
297
351
465
353
42
-125
-108
-93
-165
-329
-436
-482
-549
-569
-648
-800
-847
-852
-835
-855
-1022
-1076
-948
-879
-903
-1014
-1069
-909
-803
-877
-968
-960
-817
-753
-862
-920
-895
-826
-779
-879
-957
-909
-891
-912
-948
-993
-962
-875
-773
-669
-551
-367
-152
1
115
209
316
495
699
864
987
1151
1379
1579
1693
1749
1781
1833
1895
1910
1884
1878
1891
1840
1718
1588
1452
1303
1158
997
822
671
558
447
315
193
87
-31
-134
-212
-298
-372
-399
-404
-423
-443
-443
-449
-441
-420
-435
-444
-402
-351
-317
-291
-274
-261
-257
-270
-313
-354
-372
-386
-394
-387
-392
-407
-426
-454
-477
-498
-525
-556
-566
-546
-529
-519
-504
-502
-491
-455
-432
-400
-355
-316
-253
-174
-100
-31
30
88
147
202
269
330
377
441
507
550
601
669
713
738
763
773
768
767
749
696
641
600
530
444
390
337
261
201
146
55
-24
-85
-184
-284
-351
-415
-492
-584
-662
-691
-728
-782
-835
-863
-851
-884
-924
-873
-881
-939
-898
-903
-931
-879
-867
-881
-886
-924
-925
-963
-1032
-1017
-1037
-1072
-1049
-1086
-1141
-1164
-1238
-1282
-1304
-1352
-1329
-1216
-1023
-817
-697
-567
-353
-175
-60
14
131
389
701
943
1131
1354
1648
1902
1993
2008
2069
2188
2278
2322
2355
2398
2440
2415
2269
2084
1940
1772
1575
1384
1222
1079
947
810
645
454
255
55
-122
-259
-390
-492
-538
-552
-577
-630
-699
-751
-769
-793
-816
-803
-753
-667
-555
-496
-465
-403
-369
-393
-417
-410
-382
-342
-303
-267
-254
-231
-218
-271
-333
-357
-402
-439
-440
-434
-429
-434
-432
-442
-471
-487
-506
-523
-487
-452
-424
-360
-281
-212
-164
-126
-67
1
74
158
224
307
422
524
608
675
728
784
823
852
887
907
915
923
920
891
850
784
686
605
541
444
330
242
159
66
-39
-158
-288
-417
-541
-653
-758
-855
-946
-1024
-1062
-1096
-1150
-1182
-1187
-1168
-1146
-1137
-1111
-1061
-1013
-977
-956
-904
-829
-799
-769
-716
-696
-682
-668
-687
-691
-674
-669
-691
-735
-752
-772
-855
-931
-959
-994
-1028
-998
-869
-686
-546
-448
-330
-149
29
100
130
279
569
863
1059
1239
1513
1796
2001
2083
2089
2181
2339
2424
2443
2476
2551
2585
2495
2340
2162
1973
1791
1594
1381
1202
1050
895
721
522
311
68
-177
-356
-496
-644
-783
-865
-907
-950
-1022
-1126
-1186
-1190
-1210
-1231
-1206
-1140
-1032
-940
-898
-855
-808
-759
-719
-705
-640
-524
-449
-374
-282
-225
-183
-153
-161
-172
-175
-180
-169
-143
-133
-134
-144
-167
-183
-217
-265
-299
-309
-299
-281
-288
-299
-283
-241
-207
-206
-141
-58
-35
216
666
774
674
737
836
868
917
925
801
665
750
970
938
723
608
582
556
529
477
376
326
345
222
-17
-136
-179
-219
-288
-425
-525
-538
-578
-707
-821
-825
-842
-929
-971
-1010
-1081
-1118
-1181
-1286
-1392
-1411
-1294
-1269
-1356
-1347
-1319
-1344
-1320
-1291
-1291
-1247
-1153
-1107
-1128
-1123
-1104
-1097
-1083
-1118
-1201
-1211
-1171
-1131
-1129
-1153
-1010
-569
36
503
716
875
1136
1325
1370
1449
1690
2054
2391
2587
2743
3013
3189
2999
2564
2262
2213
2218
2167
2083
1962
1781
1483
959
441
193
54
-179
-392
-429
-369
-342
-413
-559
-708
-799
-844
-818
-661
-373
-86
45
74
113
159
176
185
209
259
332
381
398
418
401
250
-9
-248
-420
-519
-592
-670
-737
-833
-959
-1095
-1214
-1259
-1242
-1278
-1318
-1213
-1030
-881
-769
-681
-624
-549
-441
-307
-130
93
304
389
406
448
485
497
509
484
468
518
593
683
672
573
490
405
352
379
436
484
526
557
582
532
475
496
538
528
468
450
452
439
389
284
167
69
-36
-127
-222
-306
-282
-384
-631
-789
-900
-987
-1050
-1155
-1220
-1196
-1186
-1179
-1196
-1214
-1182
-1161
-1129
-1064
-979
-905
-833
-787
-791
-798
-763
-739
-712
-661
-704
-773
-805
-844
-903
-984
-1111
-1233
-1302
-1420
-1576
-1670
-1688
-1738
-1752
-1434
-643
281
833
994
1056
1236
1542
1833
2026
2333
2859
3296
3467
3543
3607
3431
2901
2260
1885
1859
1975
1977
1689
1223
744
166
-462
-818
-877
-871
-877
-843
-720
-544
-426
-489
-666
-676
-442
-128
213
630
1007
1170
1096
929
845
849
864
803
683
593
514
330
38
-241
-534
-861
-1161
-1345
-1349
-1271
-1313
-1410
-1493
-1599
-1559
-1405
-1251
-1043
-796
-627
-476
-297
-64
161
185
144
178
249
368
490
456
342
255
92
-101
-185
-197
-261
-330
-397
-447
-382
-250
-197
-185
-97
31
177
375
663
941
1124
1201
1219
1250
1322
1418
1425
1333
1216
1075
873
673
465
213
-59
-318
-537
-709
-820
-948
-1138
-1335
-1473
-1574
-1603
-1557
-1472
-1361
-1254
-1105
-968
-882
-756
-614
-550
-488
-375
-283
-225
-157
-112
-197
-345
-441
-566
-741
-827
-844
-940
-1063
-1184
-1411
-1597
-1608
-1679
-1822
-1822
-1801
-1828
-1804
-1763
-1739
-1720
-1659
-1602
-1529
-1043
41
1161
1808
2064
2103
2139
2393
2694
2808
3028
3506
3810
3770
3700
3619
3243
2567
1861
1356
1218
1426
1532
1198
710
266
-332
-948
-1167
-1039
-876
-704
-525
-386
-223
-33
-30
-209
-201
68
346
633
1037
1311
1268
1052
775
494
386
438
381
224
132
21
-243
-534
-750
-939
-1165
-1347
-1375
-1302
-1142
-994
-1036
-1178
-1197
-1120
-1006
-794
-504
-257
-104
-5
45
92
155
165
74
-29
-32
42
60
3
-37
-101
-210
-305
-353
-349
-298
-278
-300
-259
-129
51
210
319
421
549
669
806
994
1197
1356
1437
1434
1363
1291
1211
1075
897
737
589
452
261
30
-190
-436
-682
-877
-1023
-1133
-1177
-1236
-1301
-1357
-1373
-1391
-1438
-1420
-1310
-1141
-1004
-874
-775
-689
-627
-591
-592
-571
-491
-446
-388
-354
-385
-458
-546
-719
-950
-1114
-1161
-1155
-1142
-1078
-1068
-1198
-1366
-1473
-1580
-1628
-1551
-1475
-1433
-1269
-1070
-1032
-1057
-994
-653
114
1101
1823
2139
2245
2347
2425
2421
2498
2759
3116
3373
3454
3360
3211
2943
2410
1775
1339
1219
1252
1266
1117
802
392
-98
-606
-906
-858
-664
-475
-317
-204
-126
-96
-140
-190
-120
54
263
471
708
937
989
826
573
364
236
196
182
146
90
-71
-337
-627
-840
-937
-1023
-1143
-1230
-1247
-1239
-1218
-1227
-1262
-1246
-1182
-1065
-909
-690
-449
-296
-242
-183
-73
22
114
193
217
189
186
140
59
93
134
75
20
49
63
54
49
39
26
72
190
280
371
535
681
721
785
928
1050
1112
1181
1204
1178
1167
1118
973
795
650
463
232
21
-122
-304
-517
-677
-816
-956
-1060
-1156
-1308
-1423
-1459
-1431
-1367
-1287
-1208
-1166
-1161
-1144
-1084
-984
-827
-674
-580
-499
-420
-384
-376
-427
-559
-670
-651
-592
-578
-620
-756
-985
-1221
-1371
-1466
-1469
-1378
-1339
-1440
-1542
-1574
-1595
-1600
-1624
-1640
-1600
-1463
-1254
-865
-53
1023
1731
1896
1968
2158
2422
2700
2937
3155
3497
3885
3989
3806
3649
3420
2832
2164
1807
1726
1761
1741
1429
863
316
-148
-671
-1078
-1080
-877
-786
-706
-562
-529
-587
-627
-647
-558
-211
203
440
606
818
894
779
659
598
556
517
520
472
356
243
10
-374
-655
-765
-899
-1015
-1081
-1141
-1243
-1349
-1438
-1528
-1514
-1355
-1175
-1037
-797
-536
-391
-316
-199
-32
119
280
408
483
547
615
592
495
466
475
430
356
311
264
211
174
120
51
24
94
198
257
318
385
421
466
612
819
974
1078
1124
1083
1002
981
973
913
830
717
538
296
89
-106
-357
-608
-797
-942
-1064
-1135
-1218
-1377
-1556
-1683
-1797
-1868
-1797
-1689
-1624
-1503
-1319
-1164
-1033
-921
-902
-878
-721
-528
-383
-243
-157
-208
-259
-279
-394
-556
-609
-619
-757
-861
-869
-1006
-1258
-1390
-1476
-1633
-1652
-1547
-1535
-1541
-1421
-1372
-1437
-1147
-366
453
1030
1446
1714
1888
2196
2521
2648
2813
3254
3669
3786
3848
3847
3511
2924
2471
2210
2048
2068
2033
1655
1108
665
171
-370
-660
-752
-850
-920
-814
-695
-726
-790
-857
-960
-907
-538
-145
102
325
489
470
427
524
608
631
660
632
548
505
473
321
58
-189
-367
-522
-650
-715
-807
-965
-1141
-1312
-1410
-1393
-1297
-1193
-1084
-1006
-919
-772
-616
-436
-226
-26
129
298
469
607
711
748
743
709
701
702
670
583
459
342
246
194
157
128
85
8
-76
-136
-142
-89
26
151
266
388
505
567
569
602
661
697
735
764
703
576
453
287
68
-118
-241
-355
-487
-616
-804
-1070
-1316
-1518
-1708
-1816
-1820
-1837
-1851
-1829
-1818
-1815
-1768
-1706
-1622
-1436
-1160
-896
-723
-574
-454
-425
-375
-243
-153
-124
-4
88
35
-22
-64
-255
-506
-633
-758
-905
-977
-1033
-1174
-1276
-1227
-1245
-1350
-1141
-521
26
331
590
806
1015
1335
1671
1915
2304
2845
3182
3284
3431
3597
3462
3125
2915
2850
2799
2793
2684
2282
1829
1432
925
433
190
58
-174
-397
-497
-595
-784
-960
-1089
-1201
-1155
-939
-726
-565
-367
-238
-247
-189
-7
164
273
382
446
448
467
494
432
326
300
276
169
61
-46
-240
-478
-664
-793
-874
-887
-882
-924
-1010
-1076
-1091
-1093
-1046
-926
-774
-624
-451
-285
-160
-39
47
102
179
329
508
631
646
603
550
481
454
480
510
531
527
465
391
332
266
207
162
144
198
271
292
265
177
80
58
100
153
198
168
62
-67
-207
-314
-391
-466
-523
-556
-605
-670
-745
-867
-1019
-1161
-1222
-1208
-1202
-1231
-1278
-1317
-1334
-1295
-1240
-1222
-1184
-1091
-981
-903
-796
-669
-622
-618
-539
-403
-360
-348
-313
-328
-400
-433
-435
-506
-584
-667
-785
-881
-870
-857
-841
-542
-47
249
251
255
391
584
850
1142
1433
1776
2176
2455
2588
2741
2813
2677
2531
2661
2909
3019
2980
2763
2386
1991
1689
1400
1174
1056
881
589
316
153
-66
-400
-696
-865
-914
-860
-742
-727
-775
-796
-840
-854
-740
-530
-419
-362
-264
-143
-56
-3
40
32
71
166
246
264
249
216
119
41
5
-17
-66
-134
-201
-290
-356
-415
-488
-578
-650
-690
-746
-768
-781
-793
-791
-771
-704
-615
-509
-441
-384
-356
-319
-240
-163
-68
19
94
144
199
239
274
329
356
399
453
522
587
591
555
518
493
463
473
472
438
411
354
282
220
152
34
-95
-195
-279
-343
-437
-521
-618
-726
-777
-791
-805
-867
-930
-972
-937
-869
-857
-855
-807
-738
-734
-708
-623
-523
-448
-443
-440
-386
-285
-211
-182
-190
-176
-109
-88
-83
-90
-91
-93
-156
-239
-269
-276
-359
-438
-482
-538
-616
-692
-675
-571
-465
-429
-392
-318
-193
-33
73
202
381
577
782
1007
1221
1396
1528
1587
1668
1798
1963
2116
2194
2211
2180
2131
2070
2014
1943
1826
1709
1600
1498
1342
1161
961
750
582
450
354
243
108
-64
-230
-348
-422
-482
-584
-682
-749
-801
-836
-843
-834
-856
-852
-829
-773
-716
-692
-672
-655
-625
-575
-502
-424
-321
-229
-209
-221
-237
-253
-272
-311
-337
-348
-362
-400
-441
-505
-579
-621
-621
-573
-518
-476
-452
-425
-401
-377
-340
-303
-262
-192
-105
-8
85
179
246
273
303
382
487
594
692
730
722
719
738
756
762
771
758
711
657
615
591
553
488
373
255
178
140
66
-18
-79
-153
-241
-308
-349
-386
-444
-504
-551
-586
-606
-626
-636
-636
-629
-661
-686
-686
-659
-648
-650
-640
-614
-574
-536
-505
-485
-464
-442
-424
-384
-327
-265
-233
-245
-286
-335
-367
-405
-419
-417
-410
-404
-394
-377
-369
-364
-356
-321
-239
-135
-31
63
147
213
311
441
558
701
864
1019
1136
1246
1331
1401
1447
1485
1524
1538
1558
1580
1564
1517
1442
1341
1243
1167
1082
993
922
854
776
674
560
421
294
190
113
35
-26
-66
-141
-234
-290
-340
-398
-435
-449
-470
-495
-515
-520
-524
-552
-570
-580
-570
-539
-513
-507
-500
-497
-529
-558
-553
-536
-521
-535
-571
-614
-637
-644
-640
-629
-599
-533
-486
-453
-426
-417
-398
-359
-317
-257
-174
-115
-84
-57
-33
11
60
118
188
254
309
359
385
400
430
461
480
507
545
575
592
585
564
536
506
488
486
482
464
431
366
282
211
147
91
41
2
-52
-126
-197
-276
-347
-399
-432
-461
-476
-484
-490
-497
-534
-568
-587
-586
-562
-540
-507
-449
-407
-406
-411
-418
-412
-375
-343
-317
-290
-263
-252
-270
-299
-337
-379
-414
-428
-400
-352
-320
-311
-318
-331
-338
-330
-290
-201
-89
7
91
156
216
268
322
406
514
635
754
870
971
1039
1078
1087
1091
1116
1154
1184
1204
1217
1213
1185
1122
1060
1016
982
961
937
909
882
829
757
699
643
574
514
472
439
384
300
203
93
1
-57
-104
-158
-233
-308
-389
-478
-551
-593
-611
-628
-645
-660
-665
-681
-736
-779
-793
-772
-741
-698
-655
-644
-659
-672
-674
-669
-646
-611
-540
-455
-413
-403
-396
-387
-384
-366
-307
-231
-159
-101
-45
-31
-55
-42
21
91
134
191
273
325
334
354
394
393
371
410
473
487
485
510
522
476
413
393
368
349
347
350
323
259
180
107
52
-3
-37
-55
-85
-136
-192
-234
-263
-296
-335
-366
-379
-397
-424
-430
-408
-411
-429
-409
-361
-338
-358
-352
-340
-356
-357
-349
-347
-337
-308
-293
-316
-341
-367
-376
-372
-361
-361
-360
-317
-289
-298
-289
-254
-216
-181
-120
-38
47
145
242
320
361
394
430
456
508
596
681
774
841
856
874
875
863
863
870
879
891
895
906
919
889
827
761
715
702
704
723
737
727
678
625
577
507
447
418
391
349
326
272
156
70
24
-15
-134
-241
-231
-278
-381
-517
-540
-559
-634
-640
-685
-651
-630
-659
-630
-695
-740
-694
-632
-639
-552
-459
-509
-430
-360
-387
-362
-339
-364
-365
-330
-248
-225
-322
-280
-210
-244
-254
-261
-269
-252
-187
-193
-214
-147
-122
-99
-1
19
14
72
133
253
254
201
319
396
373
367
375
415
474
394
364
421
380
311
221
227
229
121
46
15
6
-104
-148
-135
-234
-319
-349
-293
-231
-370
-508
-364
-209
-302
-409
-355
-151
-54
-161
-181
-79
51
20
-83
-17
55
52
-34
-127
-85
-40
-82
-163
-198
-212
-195
-270
-349
-284
-221
-225
-254
-235
-173
-100
-86
-88
18
48
89
202
286
336
298
304
389
433
466
543
543
532
604
632
579
498
514
618
593
516
516
568
625
600
534
527
556
577
583
563
526
543
652
661
557
507
536
578
562
395
385
436
299
217
158
108
109
-29
-205
-311
-300
-232
-478
-611
-590
-623
-495
-650
-812
-787
-765
-533
-577
-930
-667
-344
-514
-558
-584
-399
-194
-435
-385
-210
-267
-259
-223
-107
-72
-199
-193
-32
-159
-96
-67
-378
-190
12
-48
-109
-237
-93
87
-24
-51
-61
12
93
61
257
325
85
64
345
374
264
79
222
465
356
184
97
319
380
102
-36
136
418
245
-155
-92
87
160
-24
-308
-213
-52
-105
-88
-202
-359
-46
83
-167
-355
-195
161
72
-287
-252
102
152
-44
-182
-127
50
-155
-313
-41
-148
-395
-213
-169
-267
-298
-279
-215
-222
-299
-242
-51
-62
-107
-102
-48
116
84
75
315
265
47
291
471
320
233
317
464
477
396
349
380
415
386
255
317
481
327
227
336
419
436
288
245
386
422
432
442
375
419
416
300
350
462
369
295
372
382
334
323
258
177
169
223
53
32
50
157
18
-397
-133
-101
-278
-269
-173
-473
-506
-233
-375
-459
-470
-450
-701
-355
-384
-508
-455
-575
-218
-502
-557
-165
-319
-444
-284
-410
-201
155
-197
-350
-282
-83
309
-246
-322
147
58
51
-143
33
367
57
-147
106
72
264
312
-74
-58
-16
-20
58
15
-52
-71
-111
-37
-12
-113
-2
89
-372
-333
418
469
-121
-212
-59
203
307
69
-82
93
95
-48
-14
53
106
-132
-137
-129
-122
-31
-140
-176
-423
-319
-43
-195
-296
-68
-113
-317
-267
-300
-40
-67
-359
-197
-29
-42
-25
-42
-182
-143
-102
18
149
134
203
151
26
125
281
147
65
230
282
243
278
360
329
218
201
284
353
356
377
362
328
373
358
368
465
492
459
490
560
614
648
628
613
611
644
687
726
688
697
683
590
562
620
633
575
531
502
457
366
366
276
168
188
175
175
92
1
-1
-82
-229
-246
-228
-306
-241
-265
-424
-473
-469
-439
-495
-615
-601
-533
-529
-574
-680
-660
-552
-607
-742
-576
-449
-502
-564
-496
-493
-572
-396
-353
-377
-301
-300
-244
-154
-211
-142
-78
-188
-135
-22
-28
-10
23
-70
-235
-256
-76
-166
-304
-293
-320
-201
-206
-388
-398
-313
-279
-284
-328
-306
-172
-242
-333
-219
-207
-218
-137
-154
-182
-106
-58
-21
-41
-97
-54
-20
-23
-11
30
47
37
20
52
75
55
65
127
172
203
244
296
253
174
218
328
435
509
525
538
560
661
750
774
745
822
924
964
1022
1064
1046
949
923
918
982
1034
1007
946
860
760
670
637
574
507
415
350
349
292
208
157
79
3
32
63
36
24
46
40
18
21
109
158
172
203
205
203
250
284
273
238
231
278
250
254
226
144
44
-5
-58
-140
-162
-144
-280
-414
-442
-480
-545
-658
-697
-743
-808
-849
-802
-866
-1002
-1045
-1015
-998
-986
-950
-920
-880
-901
-928
-899
-855
-800
-737
-752
-764
-695
-652
-691
-710
-673
-685
-683
-632
-590
-579
-584
-568
-599
-535
-415
-373
-344
-399
-391
-366
-463
-477
-424
-431
-421
-318
-319
-353
-401
-449
-519
-595
-473
-296
-275
-333
-312
-252
-155
172
605
778
801
928
1092
1309
1561
1723
1804
1951
2180
2380
2446
2408
2369
2188
1976
1955
2065
2016
1865
1596
1195
870
713
494
252
80
-95
-244
-405
-548
-703
-917
-1108
-1116
-1045
-882
-676
-626
-643
-584
-465
-322
-99
179
366
496
630
763
839
911
1016
1117
1180
1149
1180
1158
1047
947
775
566
437
370
241
111
-36
-200
-376
-511
-559
-592
-643
-670
-642
-673
-685
-610
-558
-569
-460
-308
-242
-139
-25
13
23
44
70
133
205
247
224
170
99
35
-95
-235
-285
-373
-457
-498
-566
-661
-784
-929
-1061
-1205
-1254
-1247
-1238
-1260
-1290
-1343
-1438
-1517
-1550
-1542
-1540
-1433
-1290
-1192
-1080
-1118
-1211
-1190
-1078
-943
-841
-745
-655
-549
-489
-469
-460
-408
-337
-225
-109
-18
65
70
15
-42
-108
-157
-76
13
203
667
1285
1547
1337
1186
1258
1491
1699
1916
2158
2405
2651
2657
2447
2275
2254
2112
1861
1863
2050
2062
1835
1505
1080
664
471
338
152
85
139
32
-241
-458
-597
-705
-741
-655
-489
-278
-98
-40
-157
-180
-49
122
251
473
649
661
605
533
455
394
401
387
343
338
331
155
-69
-198
-262
-375
-442
-383
-318
-305
-279
-307
-332
-265
-126
-49
50
241
384
369
315
357
379
436
464
489
464
393
263
115
-38
-151
-218
-308
-423
-471
-538
-684
-815
-896
-911
-955
-940
-865
-823
-769
-729
-756
-775
-710
-593
-519
-439
-386
-383
-444
-565
-727
-838
-852
-863
-874
-914
-1009
-1139
-1301
-1441
-1492
-1479
-1424
-1318
-1259
-1317
-1335
-1291
-1272
-1261
-1132
-919
-715
-566
-485
-453
-357
-278
-272
-242
-167
-75
-52
-65
-83
-111
-232
-64
556
1309
1735
1654
1433
1435
1668
1869
1982
2155
2459
2717
2691
2437
2247
2153
1945
1636
1524
1725
1893
1781
1431
956
594
416
275
190
322
547
618
479
302
227
161
110
168
362
619
801
756
497
283
209
144
89
118
192
161
18
-192
-374
-506
-603
-667
-651
-529
-407
-393
-527
-624
-642
-638
-590
-457
-227
-54
2
-26
-89
-106
-47
20
53
151
228
180
38
-89
-153
-163
-139
-86
-28
4
25
-82
-206
-264
-248
-163
-95
49
156
178
95
-46
-156
-202
-170
-120
-30
3
-39
-214
-433
-615
-735
-791
-821
-868
-929
-1034
-1160
-1272
-1350
-1406
-1415
-1404
-1354
-1185
-1090
-1167
-1233
-1189
-1096
-1008
-1006
-960
-855
-786
-716
-697
-743
-728
-594
-473
-471
-480
-472
-563
-615
-572
-534
-515
-433
-422
-535
-628
-655
-687
-575
69
1093
1765
1812
1670
1643
1710
1874
2085
2253
2542
2883
2909
2571
2293
2152
1820
1413
1252
1425
1603
1629
1492
1086
624
369
255
228
460
878
1091
1053
939
786
623
566
648
823
1046
1181
1098
754
394
138
-73
-238
-320
-321
-372
-541
-753
-986
-1225
-1346
-1371
-1328
-1124
-867
-726
-686
-700
-708
-672
-530
-342
-143
79
256
312
214
113
97
98
115
189
229
162
35
-113
-244
-322
-300
-236
-134
-12
51
54
-10
-96
-111
-33
132
314
484
579
546
432
296
190
190
272
338
374
348
239
31
-220
-389
-438
-412
-406
-490
-625
-810
-1063
-1279
-1382
-1429
-1446
-1406
-1364
-1386
-1456
-1537
-1610
-1669
-1588
-1414
-1374
-1414
-1369
-1344
-1442
-1435
-1298
-1122
-964
-757
-596
-663
-750
-739
-708
-677
-487
-245
-122
-83
-68
-120
-253
-273
-241
-187
274
1280
2192
2338
2038
1815
1772
1822
1969
2201
2443
2736
2798
2430
1968
1793
1656
1287
1030
1161
1405
1464
1331
1039
634
394
367
374
504
868
1202
1181
963
798
656
543
565
660
765
850
792
487
66
-214
-380
-566
-648
-601
-594
-677
-792
-961
-1181
-1307
-1295
-1232
-1032
-747
-581
-591
-670
-687
-657
-609
-495
-342
-186
-9
95
36
-77
-147
-162
-125
-27
137
237
232
183
82
62
157
278
414
543
677
717
648
569
538
512
532
619
629
596
567
445
240
38
-83
-133
-135
-136
-170
-294
-463
-648
-842
-939
-929
-847
-812
-794
-854
-995
-1163
-1316
-1375
-1392
-1298
-1160
-1091
-1107
-1170
-1270
-1482
-1607
-1559
-1452
-1388
-1321
-1243
-1272
-1272
-1203
-1146
-1116
-986
-837
-783
-696
-567
-573
-650
-625
-512
-417
-302
-151
-96
-184
-265
-271
-334
-240
338
1283
2011
2138
1964
1816
1807
1896
2029
2180
2447
2764
2767
2453
2171
2061
1822
1420
1184
1250
1447
1595
1511
1159
732
489
383
313
420
709
912
872
741
561
377
267
267
272
326
454
440
208
-120
-391
-610
-779
-819
-778
-730
-709
-751
-928
-1150
-1222
-1179
-1060
-847
-569
-361
-300
-315
-348
-358
-280
-123
25
165
324
413
372
258
182
185
214
297
384
413
398
332
214
134
143
196
261
337
424
415
329
218
105
65
111
212
289
330
307
186
-13
-174
-221
-213
-179
-137
-112
-190
-362
-522
-707
-837
-848
-830
-809
-828
-938
-1136
-1279
-1354
-1405
-1431
-1417
-1404
-1384
-1351
-1421
-1544
-1613
-1602
-1524
-1410
-1285
-1186
-1172
-1190
-1197
-1169
-1023
-776
-568
-522
-596
-634
-610
-571
-478
-348
-278
-216
-101
-39
-68
-83
-123
-225
-299
-267
-40
433
1164
1821
1977
1754
1581
1581
1684
1895
2127
2251
2275
2240
2081
1866
1799
1736
1488
1268
1239
1320
1377
1383
1244
935
671
597
668
760
937
1118
1106
950
757
583
454
450
491
449
416
370
167
-146
-428
-627
-746
-776
-738
-716
-774
-839
-944
-1129
-1226
-1166
-984
-788
-582
-400
-344
-358
-351
-314
-263
-154
-40
66
189
275
264
173
76
38
47
90
178
256
310
312
246
147
85
63
115
204
280
361
381
345
275
180
129
141
157
175
201
189
141
3
-171
-270
-336
-357
-330
-345
-443
-571
-738
-891
-1001
-1080
-1066
-1048
-1032
-997
-1024
-1126
-1256
-1380
-1443
-1411
-1344
-1253
-1241
-1399
-1553
-1606
-1581
-1507
-1386
-1230
-1098
-1023
-985
-980
-1045
-1048
-958
-832
-647
-451
-337
-340
-357
-367
-384
-354
-252
-121
2
116
183
128
15
-2
216
698
1315
1786
1905
1815
1700
1655
1705
1829
1974
2071
2123
2166
2187
2093
1908
1657
1385
1264
1311
1419
1488
1430
1193
893
669
590
619
662
769
851
816
710
575
400
249
216
235
270
273
226
94
-122
-306
-431
-488
-515
-493
-508
-549
-583
-715
-866
-949
-909
-804
-667
-561
-502
-474
-514
-538
-560
-499
-370
-237
-102
-6
37
0
-55
-66
-9
71
147
230
293
336
359
328
267
215
210
276
368
427
427
319
137
5
-48
-45
-19
-3
-20
-73
-155
-275
-416
-513
-551
-549
-535
-542
-570
-641
-768
-903
-1030
-1102
-1090
-1042
-993
-958
-983
-1091
-1231
-1361
-1411
-1385
-1330
-1273
-1260
-1297
-1373
-1427
-1432
-1389
-1328
-1264
-1181
-1083
-972
-878
-803
-760
-713
-598
-475
-378
-290
-213
-109
-3
65
103
157
211
233
242
262
320
377
431
446
507
731
1063
1401
1578
1552
1469
1431
1467
1571
1658
1712
1768
1778
1781
1825
1832
1744
1571
1382
1259
1253
1298
1313
1253
1080
833
645
593
586
576
565
553
532
442
326
228
169
121
70
34
-15
-77
-162
-257
-381
-474
-529
-577
-611
-640
-672
-709
-754
-790
-763
-686
-589
-496
-407
-331
-286
-236
-173
-105
-56
-25
44
142
214
258
259
192
146
107
79
109
153
161
107
21
-54
-104
-162
-190
-189
-200
-223
-254
-270
-301
-333
-335
-315
-298
-268
-228
-238
-275
-322
-385
-432
-481
-507
-499
-499
-537
-615
-765
-929
-1019
-1067
-1058
-1021
-1023
-1077
-1136
-1188
-1265
-1371
-1441
-1404
-1315
-1213
-1102
-1035
-1036
-1066
-1082
-1043
-899
-691
-553
-487
-410
-334
-284
-214
-159
-155
-170
-147
-38
89
183
193
101
-9
-71
-55
47
191
299
319
300
332
464
701
996
1231
1338
1356
1356
1402
1485
1586
1676
1742
1754
1755
1802
1830
1789
1653
1465
1304
1228
1199
1194
1151
1008
820
631
472
377
363
378
400
421
399
343
251
157
96
57
40
58
75
27
-48
-132
-253
-371
-429
-452
-460
-462
-508
-578
-657
-730
-752
-738
-697
-644
-574
-513
-493
-476
-447
-412
-364
-300
-191
-38
63
88
65
15
-12
13
64
144
222
225
173
93
-8
-79
-97
-119
-129
-111
-97
-98
-140
-206
-291
-367
-402
-381
-327
-282
-266
-321
-417
-529
-624
-659
-629
-563
-549
-594
-695
-794
-855
-878
-888
-926
-929
-920
-906
-918
-973
-1045
-1116
-1137
-1088
-972
-890
-872
-924
-1013
-1020
-949
-813
-683
-589
-535
-493
-446
-419
-363
-341
-334
-291
-201
-105
-39
-18
-98
-173
-201
-155
-58
30
128
194
251
369
561
730
832
883
930
1055
1218
1373
1433
1434
1469
1514
1592
1698
1772
1766
1709
1627
1549
1503
1446
1382
1294
1189
1100
1022
927
799
658
533
462
428
416
422
415
374
287
183
88
-10
-58
-45
-24
-31
-98
-215
-333
-411
-453
-481
-508
-531
-556
-611
-667
-681
-688
-726
-752
-728
-686
-615
-552
-530
-531
-521
-468
-410
-342
-255
-185
-152
-130
-108
-90
-59
-30
16
74
112
137
118
65
31
21
23
66
86
56
16
-44
-91
-123
-158
-181
-191
-208
-229
-254
-298
-340
-384
-426
-462
-498
-528
-547
-573
-627
-691
-773
-832
-855
-857
-850
-869
-912
-961
-1018
-1087
-1131
-1155
-1164
-1144
-1103
-1059
-1043
-1035
-1047
-1049
-1008
-923
-788
-653
-562
-518
-484
-453
-395
-333
-283
-231
-200
-165
-132
-95
-63
-48
-42
-47
-27
52
211
368
477
523
537
609
729
865
984
1074
1141
1223
1314
1428
1583
1675
1692
1699
1701
1698
1708
1707
1658
1578
1499
1468
1428
1332
1232
1098
961
866
798
736
700
651
580
523
464
393
272
161
122
88
38
11
-17
-94
-187
-283
-362
-422
-474
-502
-546
-580
-600
-633
-674
-693
-706
-726
-721
-697
-655
-602
-546
-486
-439
-404
-380
-356
-327
-282
-228
-205
-201
-200
-191
-171
-156
-161
-180
-210
-246
-261
-264
-248
-246
-272
-296
-302
-303
-299
-290
-292
-292
-278
-250
-220
-216
-228
-244
-263
-282
-307
-335
-363
-387
-421
-449
-484
-540
-599
-648
-688
-730
-780
-841
-891
-930
-957
-971
-967
-957
-982
-1009
-994
-959
-936
-928
-923
-908
-855
-771
-685
-632
-588
-538
-494
-429
-354
-307
-295
-285
-260
-221
-172
-119
-84
-72
-32
44
140
247
342
415
479
565
666
758
821
857
906
1008
1163
1309
1410
1464
1490
1494
1509
1549
1572
1577
1567
1547
1522
1507
1486
1411
1286
1171
1085
1011
975
954
903
830
752
666
574
489
415
346
293
255
190
92
9
-44
-91
-153
-216
-282
-351
-407
-454
-490
-520
-541
-567
-598
-622
-631
-649
-680
-684
-674
-649
-588
-513
-453
-428
-429
-427
-417
-406
-383
-352
-312
-263
-237
-238
-255
-289
-321
-317
-282
-251
-242
-247
-259
-276
-297
-324
-348
-372
-403
-435
-424
-381
-365
-390
-432
-461
-479
-490
-499
-489
-484
-492
-510
-552
-586
-599
-599
-610
-630
-656
-682
-697
-722
-740
-748
-746
-752
-777
-794
-800
-813
-858
-904
-921
-913
-875
-810
-744
-710
-694
-690
-659
-592
-524
-458
-391
-315
-251
-194
-151
-124
-98
-74
-54
-18
82
244
405
496
517
521
545
612
707
799
892
994
1102
1189
1277
1358
1406
1428
1444
1481
1549
1619
1660
1667
1642
1603
1556
1492
1428
1364
1298
1235
1163
1074
966
860
765
665
567
488
415
323
233
158
101
64
23
-26
-86
-158
-224
-258
-267
-272
-286
-315
-330
-329
-332
-350
-380
-426
-480
-516
-527
-511
-492
-506
-546
-599
-640
-649
-620
-571
-534
-510
-496
-503
-516
-505
-475
-431
-378
-343
-328
-333
-343
-325
-295
-280
-276
-278
-275
-259
-254
-274
-289
-305
-333
-352
-352
-351
-365
-399
-437
-469
-502
-527
-535
-539
-539
-544
-572
-623
-676
-719
-746
-744
-721
-709
-720
-730
-744
-751
-749
-766
-793
-808
-793
-758
-721
-702
-702
-697
-681
-654
-608
-540
-452
-376
-327
-299
-278
-260
-223
-172
-130
-79
-23
19
40
59
84
125
213
338
449
525
577
609
649
711
783
852
930
1052
1189
1299
1372
1400
1389
1375
1401
1471
1559
1622
1644
1609
1545
1490
1432
1364
1289
1206
1137
1094
1057
992
881
745
624
533
465
412
359
290
200
103
11
-50
-91
-135
-199
-258
-304
-352
-397
-440
-463
-468
-467
-473
-489
-502
-518
-552
-597
-630
-643
-639
-617
-591
-573
-581
-608
-630
-634
-601
-540
-493
-465
-430
-395
-369
-349
-341
-324
-290
-251
-221
-202
-189
-178
-187
-224
-252
-257
-253
-254
-261
-277
-302
-326
-355
-387
-399
-392
-378
-380
-394
-411
-442
-480
-507
-527
-537
-534
-543
-567
-604
-653
-705
-749
-768
-761
-755
-759
-773
-794
-812
-830
-843
-845
-841
-828
-786
-725
-671
-634
-619
-608
-562
-477
-383
-309
-264
-248
-243
-223
-183
-121
-46
40
108
137
162
215
277
336
401
481
576
667
741
806
860
903
936
974
1043
1145
1256
1354
1419
1434
1404
1370
1377
1406
1422
1416
1388
1356
1321
1267
1204
1129
1043
961
895
857
830
775
692
590
474
392
341
305
272
220
159
99
26
-45
-105
-174
-230
-267
-307
-339
-375
-427
-467
-494
-516
-533
-544
-547
-539
-546
-564
-576
-598
-603
-573
-540
-521
-518
-537
-551
-540
-511
-460
-411
-382
-365
-357
-331
-297
-285
-275
-239
-198
-159
-137
-139
-137
-149
-174
-185
-196
-213
-218
-234
-265
-283
-303
-333
-362
-393
-404
-401
-398
-397
-411
-443
-472
-490
-509
-514
-515
-521
-530
-538
-549
-560
-559
-550
-547
-559
-576
-583
-594
-607
-629
-658
-687
-711
-716
-691
-656
-627
-607
-610
-612
-592
-560
-515
-464
-408
-345
-281
-221
-166
-110
-51
6
58
126
233
360
478
562
624
683
751
834
917
983
1031
1065
1100
1174
1276
1371
1431
1437
1409
1394
1396
1404
1397
1381
1378
1391
1388
1359
1300
1222
1140
1054
987
952
923
871
804
719
633
546
448
349
257
187
136
84
36
-19
-102
-195
-271
-332
-380
-419
-465
-508
-537
-549
-556
-576
-604
-623
-635
-648
-652
-645
-626
-600
-577
-555
-535
-545
-569
-576
-560
-529
-500
-488
-480
-467
-447
-429
-428
-426
-407
-379
-338
-271
-213
-181
-170
-171
-173
-168
-154
-148
-160
-169
-165
-174
-190
-198
-213
-245
-276
-309
-332
-335
-327
-330
-352
-389
-417
-440
-459
-463
-482
-520
-554
-574
-582
-581
-581
-597
-630
-667
-688
-693
-692
-684
-679
-677
-662
-643
-620
-602
-584
-545
-491
-448
-407
-372
-340
-304
-269
-234
-193
-141
-93
-45
-17
15
64
128
206
291
375
461
537
608
683
763
835
913
993
1074
1167
1249
1323
1374
1409
1431
1453
1477
1505
1521
1516
1504
1475
1421
1371
1323
1272
1222
1159
1091
1007
918
821
720
620
527
445
367
298
216
120
31
-44
-111
-165
-218
-260
-313
-370
-424
-469
-510
-539
-552
-557
-548
-548
-563
-585
-610
-630
-645
-650
-629
-597
-555
-517
-498
-513
-535
-539
-524
-478
-426
-379
-350
-349
-358
-375
-381
-361
-337
-316
-287
-249
-206
-166
-144
-147
-141
-127
-104
-90
-97
-107
-118
-135
-149
-154
-149
-142
-147
-169
-191
-211
-242
-273
-309
-325
-326
-330
-352
-395
-451
-512
-571
-610
-624
-616
-601
-578
-581
-616
-661
-705
-726
-724
-709
-698
-673
-635
-598
-571
-556
-540
-507
-461
-397
-337
-294
-255
-227
-199
-175
-134
-82
-15
47
101
158
213
263
317
390
500
621
717
786
830
878
927
994
1064
1148
1229
1303
1367
1405
1410
1397
1389
1394
1412
1423
1432
1422
1377
1299
1228
1165
1115
1062
1011
959
909
850
773
681
580
484
399
350
321
283
217
139
49
-41
-125
-176
-209
-237
-269
-308
-353
-401
-444
-491
-528
-554
-568
-573
-563
-556
-553
-554
-542
-533
-521
-500
-467
-443
-444
-451
-451
-432
-398
-360
-332
-322
-333
-352
-366
-355
-331
-303
-276
-247
-222
-211
-203
-209
-228
-245
-242
-212
-170
-139
-127
-141
-168
-202
-224
-233
-227
-213
-211
-215
-243
-292
-352
-415
-464
-497
-507
-501
-505
-527
-570
-615
-644
-657
-655
-659
-652
-649
-651
-650
-648
-641
-643
-643
-636
-616
-578
-534
-492
-462
-444
-429
-420
-385
-331
-281
-241
-219
-197
-165
-116
-53
8
66
114
167
229
313
419
519
601
665
728
808
892
973
1025
1064
1119
1199
1294
1364
1408
1410
1391
1369
1355
1356
1357
1347
1314
1262
1210
1161
1107
1043
968
896
822
770
730
686
628
552
471
388
315
251
194
143
101
52
-4
-69
-123
-179
-232
-283
-326
-359
-384
-402
-429
-454
-474
-495
-519
-540
-552
-552
-546
-538
-528
-503
-469
-440
-429
-430
-427
-413
-386
-348
-313
-289
-284
-283
-280
-266
-254
-250
-249
-243
-228
-207
-180
-166
-162
-176
-181
-174
-146
-123
-104
-105
-120
-141
-158
-162
-162
-156
-160
-171
-199
-233
-278
-316
-356
-388
-423
-446
-462
-480
-499
-530
-562
-606
-636
-655
-646
-637
-626
-623
-615
-603
-598
-599
-603
-598
-597
-574
-537
-480
-435
-402
-385
-368
-349
-327
-311
-298
-273
-238
-188
-129
-62
-14
28
59
97
147
207
274
347
429
520
615
696
772
839
901
960
1029
1104
1186
1261
1323
1373
1409
1435
1441
1437
1427
1427
1416
1398
1364
1314
1250
1177
1105
1038
973
909
843
764
687
611
534
456
388
323
266
199
127
50
-31
-103
-161
-210
-249
-273
-301
-327
-354
-382
-417
-450
-480
-502
-511
-518
-515
-522
-532
-545
-558
-553
-529
-497
-467
-443
-426
-408
-383
-351
-320
-293
-272
-247
-219
-188
-160
-149
-151
-150
-136
-111
-85
-77
-84
-103
-113
-113
-107
-99
-90
-83
-86
-81
-78
-75
-86
-108
-134
-156
-170
-184
-200
-224
-248
-279
-314
-346
-369
-390
-405
-420
-436
-458
-488
-524
-564
-596
-627
-643
-658
-665
-674
-679
-678
-671
-660
-648
-636
-629
-620
-608
-580
-546
-502
-461
-411
-364
-317
-276
-232
-182
-131
-72
-19
38
88
142
197
263
325
386
436
478
517
559
610
669
734
787
836
878
925
965
998
1021
1040
1062
1099
1147
1200
1243
1261
1260
1239
1213
1184
1158
1121
1078
1030
986
948
906
848
766
667
565
481
413
359
303
240
163
92
28
-29
-87
-154
-219
-274
-306
-322
-328
-345
-367
-393
-417
-433
-447
-461
-472
-478
-474
-459
-439
-415
-400
-388
-376
-360
-348
-338
-332
-325
-305
-288
-272
-257
-238
-222
-208
-197
-189
-188
-190
-182
-162
-140
-124
-115
-118
-112
-104
-93
-91
-93
-99
-104
-99
-89
-83
-91
-108
-133
-157
-175
-184
-201
-230
-272
-307
-329
-340
-349
-370
-398
-435
-467
-498
-514
-522
-527
-535
-542
-544
-546
-543
-542
-537
-530
-516
-503
-486
-476
-462
-445
-418
-386
-352
-321
-294
-263
-235
-197
-155
-106
-58
-7
46
104
155
203
252
293
332
367
409
454
498
532
560
583
601
609
616
624
641
661
681
704
727
750
767
779
782
777
767
766
774
788
803
815
818
809
792
772
760
740
720
691
657
622
583
542
503
462
417
370
325
277
230
183
147
117
86
57
31
7
-24
-60
-102
-137
-165
-180
-186
-184
-184
-193
-210
-228
-242
-254
-258
-258
-255
-254
-253
-251
-247
-251
-255
-255
-245
-231
-213
-203
-199
-201
-211
-218
-224
-224
-225
-222
-225
-230
-245
-260
-272
-280
-283
-284
-280
-278
-280
-294
-310
-328
-342
-348
-344
-336
-331
-340
-352
-371
-389
-402
-406
-404
-398
-386
-376
-364
-359
-358
-363
-365
-360
-350
-333
-312
-291
-270
-249
-229
-216
-212
-209
-198
-180
-154
-127
-97
-66
-35
-7
12
30
44
57
76
106
144
187
225
255
275
288
297
309
319
324
332
340
354
368
377
377
375
370
363
359
360
364
368
374
386
395
400
404
400
394
382
372
364
358
358
358
356
351
342
327
309
296
286
279
270
263
262
266
276
290
302
307
309
318
331
343
351
354
349
342
342
346
350
352
340
311
276
248
223
197
171
147
118
89
66
39
1
-44
-87
-127
-157
-173
-180
-192
-207
-224
-241
-258
-272
-290
-319
-346
-364
-369
-371
-372
-376
-388
-412
-433
-450
-472
-492
-505
-512
-517
-510
-500
-496
-503
-508
-511
-512
-502
-483
-467
-453
-438
-427
-418
-407
-387
-373
-366
-358
-349
-345
-335
-312
-284
-253
-219
-187
-161
-138
-117
-95
-78
-53
-21
14
54
96
134
156
170
175
178
183
199
224
252
274
291
299
298
294
295
296
296
301
308
315
313
309
300
285
268
257
248
243
245
243
229
213
209
210
218
230
244
253
253
251
246
238
236
236
236
235
235
231
216
189
155
124
98
79
65
53
42
38
40
33
27
24
30
41
56
76
94
110
126
141
148
154
161
164
162
152
149
155
162
167
166
166
170
178
177
170
160
159
165
173
185
196
199
195
189
181
172
160
147
138
126
121
114
98
75
44
10
-31
-65
-88
-103
-120
-140
-162
-188
-209
-230
-259
-289
-314
-329
-344
-357
-364
-365
-370
-377
-380
-386
-391
-400
-402
-402
-399
-391
-384
-385
-392
-397
-405
-406
-400
-387
-375
-360
-335
-305
-275
-249
-230
-218
-204
-181
-150
-118
-86
-48
-19
-2
14
36
66
88
105
120
138
156
173
178
171
167
169
181
201
227
252
266
274
283
287
285
282
282
282
284
290
284
259
234
229
236
238
236
232
225
223
211
175
132
115
116
117
108
107
107
94
69
35
-2
12
116
209
203
117
52
43
32
-41
-127
-142
-66
49
69
-36
-141
-161
-140
-157
-199
-186
-95
-22
-36
-101
-135
-112
-102
-131
-123
-22
121
203
201
166
138
118
123
150
187
238
278
298
302
291
270
249
211
186
203
234
262
268
246
219
192
152
111
89
81
92
110
121
134
119
72
27
-3
-32
-64
-81
-74
-56
-66
-95
-130
-162
-187
-211
-236
-255
-263
-265
-266
-283
-302
-326
-362
-377
-382
-390
-379
-356
-344
-347
-351
-344
-324
-318
-288
-236
-228
-232
-199
-157
-144
-138
-124
-107
-108
-112
-85
-69
-64
-45
-20
-17
-21
-7
6
13
29
63
91
123
170
197
192
173
169
168
162
162
181
206
212
222
220
198
176
151
117
95
98
108
120
123
116
100
73
48
35
12
-17
-24
-20
-23
-17
-15
-28
-58
-92
-120
-137
-127
-102
-79
-79
-75
-55
-38
-35
-36
-33
-24
4
24
38
64
91
95
77
74
85
102
114
115
120
131
141
133
113
100
105
126
146
170
187
205
214
214
211
220
233
234
255
270
258
246
252
247
231
236
247
247
238
240
227
185
161
155
123
81
79
83
59
42
22
-20
-61
-67
-79
-118
-132
-129
-140
-173
-180
-189
-219
-230
-220
-217
-233
-228
-223
-233
-236
-220
-214
-219
-209
-209
-227
-238
-232
-228
-233
-230
-229
-232
-223
-198
-192
-218
-225
-212
-190
-166
-137
-116
-108
-104
-108
-118
-129
-120
-104
-92
-77
-56
-42
-34
-23
-22
-17
7
36
54
62
71
64
52
54
65
74
86
106
111
106
107
100
78
61
51
38
36
63
85
68
46
46
33
17
21
33
39
46
50
36
17
5
-7
-34
-50
-38
-29
-16
14
29
31
41
45
46
53
65
79
88
92
108
121
128
129
111
97
100
98
101
127
140
147
159
161
161
157
149
137
126
137
160
161
147
148
145
132
121
104
99
113
121
105
85
73
58
32
12
12
13
25
36
27
15
2
-20
-43
-52
-56
-57
-62
-63
-61
-85
-124
-153
-181
-195
-191
-191
-171
-162
-206
-220
-190
-205
-249
-243
-209
-187
-171
-154
-152
-172
-161
-120
-142
-166
-109
-69
-104
-110
-88
-98
-113
-99
-84
-96
-86
-57
-69
-98
-79
-48
-47
-25
20
37
28
37
44
29
33
54
56
62
91
89
56
38
21
-4
-15
-5
15
32
54
81
86
74
78
81
70
80
91
88
99
106
94
93
90
66
58
61
65
63
60
66
64
46
37
23
-14
-24
-17
-34
-46
-23
-9
-12
-4
4
-9
-17
15
42
40
52
89
100
95
99
90
67
64
78
72
63
78
96
82
70
79
86
93
111
125
132
150
157
149
138
131
121
112
108
104
102
100
86
53
31
32
27
10
7
1
-18
-34
-44
-67
-86
-86
-88
-96
-87
-66
-66
-80
-88
-92
-107
-113
-98
-86
-87
-89
-93
-101
-101
-100
-105
-98
-76
-49
-35
-34
-36
-36
-50
-72
-79
-77
-67
-55
-53
-54
-51
-47
-57
-76
-77
-52
-38
-39
-21
8
21
9
-7
-19
-21
-16
-9
-1
14
36
37
20
7
2
-5
-12
-9
6
21
26
23
13
-5
-22
-35
-41
-39
-40
-28
-16
-20
-32
-40
-64
-77
-72
-67
-60
-41
-22
-12
-12
-27
-34
-38
-19
2
5
15
48
66
64
54
39
38
61
82
101
129
160
178
170
157
140
124
120
129
123
138
166
163
129
95
72
42
36
50
72
86
110
122
105
88
80
60
44
58
73
86
105
116
96
68
41
17
-13
-22
-19
-31
-36
-28
-46
-88
-114
-139
-168
-185
-179
-177
-170
-151
-131
-135
-143
-140
-144
-150
-147
-140
-137
-128
-111
-105
-112
-115
-121
-133
-142
-131
-116
-93
-71
-54
-47
-46
-38
-30
-15
2
28
47
73
104
130
137
134
135
140
149
154
161
162
157
141
121
102
88
74
60
48
42
47
57
61
53
36
27
27
25
26
20
5
-3
-5
-18
-43
-66
-76
-82
-93
-100
-100
-96
-90
-89
-105
-122
-126
-124
-131
-140
-144
-140
-139
-136
-136
-145
-152
-151
-143
-134
-118
-102
-79
-59
-40
-22
-7
11
29
45
60
82
96
109
120
128
135
142
150
159
165
164
160
155
157
160
160
161
173
186
188
184
179
176
170
161
153
152
159
163
158
147
133
119
102
76
52
44
40
35
26
17
7
-16
-49
-81
-105
-120
-120
-119
-122
-118
-114
-123
-138
-154
-170
-181
-179
-160
-141
-133
-122
-108
-108
-118
-126
-130
-123
-103
-83
-71
-61
-48
-38
-50
-69
-78
-68
-54
-41
-30
-15
7
25
37
45
59
81
99
111
122
132
142
143
136
132
130
127
125
124
122
118
113
115
121
121
114
111
107
103
94
76
60
53
42
16
-10
-19
-20
-36
-59
-72
-78
-85
-94
-112
-135
-152
-161
-165
-169
-167
-163
-166
-170
-168
-172
-182
-191
-186
-170
-160
-154
-140
-124
-118
-122
-134
-138
-128
-117
-106
-90
-70
-42
-17
-9
-5
4
19
38
60
85
115
137
155
168
164
152
149
149
145
143
148
159
170
179
179
168
162
163
155
141
139
144
142
143
137
126
112
100
89
75
65
65
70
71
67
53
33
16
-5
-27
-43
-58
-68
-75
-83
-99
-109
-115
-119
-129
-132
-125
-121
-121
-117
-121
-129
-131
-132
-137
-136
-129
-126
-131
-123
-115
-116
-111
-94
-77
-64
-46
-33
-20
-12
-2
7
16
28
46
55
61
71
75
67
64
66
72
81
85
92
103
110
107
103
95
100
103
103
98
100
101
97
83
68
61
59
62
60
53
52
50
39
22
5
-3
-14
-31
-50
-64
-83
-98
-116
-134
-148
-151
-150
-144
-141
-139
-139
-147
-153
-151
-150
-152
-144
-134
-121
-111
-101
-96
-89
-84
-75
-70
-55
-34
-13
1
17
31
37
44
51
48
53
72
96
114
133
152
159
162
163
165
160
160
167
173
173
179
177
167
159
156
142
132
128
134
137
133
121
107
93
75
52
24
4
-9
-19
-32
-50
-67
-69
-72
-81
-88
-81
-75
-74
-75
-75
-86
-95
-90
-87
-94
-91
-82
-81
-79
-78
-83
-93
-92
-83
-79
-80
-74
-71
-79
-87
-93
-98
-87
-68
-53
-38
-10
17
28
34
45
54
61
74
83
86
95
104
100
90
91
99
99
100
108
112
109
112
110
99
87
82
77
69
58
45
35
26
13
0
-12
-19
-25
-37
-48
-61
-77
-89
-96
-104
-110
-112
-109
-105
-96
-92
-90
-90
-82
-76
-76
-79
-74
-67
-62
-61
-59
-58
-55
-47
-48
-56
-53
-40
-35
-30
-22
-14
-16
-14
-14
-15
-12
3
18
30
47
63
70
74
80
79
78
85
97
102
106
110
110
103
99
89
78
78
82
83
80
79
78
74
64
51
43
40
33
18
8
4
-5
-11
-15
-26
-33
-37
-41
-54
-61
-60
-61
-66
-66
-66
-74
-80
-87
-101
-114
-114
-116
-112
-105
-95
-91
-88
-89
-89
-92
-87
-78
-68
-53
-42
-37
-33
-27
-29
-29
-24
-11
3
20
33
42
45
48
48
42
40
42
43
44
44
41
37
29
16
6
4
5
7
9
14
14
9
8
3
-6
-9
-9
-15
-18
-17
-22
-31
-37
-38
-41
-43
-40
-31
-29
-25
-24
-28
-32
-28
-29
-35
-41
-38
-34
-36
-38
-40
-39
-33
-22
-15
-1
12
23
31
41
47
49
47
49
52
47
50
54
57
62
72
69
62
68
76
76
73
75
77
79
78
72
58
46
45
38
31
31
33
33
37
31
22
14
5
-3
-8
-11
-14
-11
-7
-6
-13
-14
-13
-8
-2
8
13
27
40
42
34
23
19
11
8
3
2
4
13
8
-2
-11
-13
-20
-21
-23
-23
-16
-9
-5
-14
-15
-18
-19
-22
-18
-16
-10
-3
4
7
10
10
5
4
-1
-1
-5
0
-5
3
6
10
13
17
20
19
22
27
36
47
61
65
72
76
81
70
65
58
52
48
41
31
23
18
8
-3
-18
-23
-36
-44
-59
-66
-74
-70
-67
-69
-67
-64
-60
-64
-67
-74
-75
-73
-61
-50
-34
-29
-19
-22
-30
-39
-44
-46
-42
-27
-18
-10
-9
-7
-19
-28
-38
-38
-31
-12
7
22
37
46
46
39
43
35
37
43
50
53
60
59
51
43
42
39
34
43
47
52
49
50
40
36
32
28
19
15
13
10
5
2
-2
-6
3
4
5
5
2
-11
-19
-30
-44
-52
-52
-50
-48
-49
-51
-53
-55
-59
-63
-57
-48
-29
-16
-9
-5
-3
-6
-13
-20
-27
-26
-14
-10
-10
-8
-9
-7
-11
-18
-21
-13
1
10
22
26
29
32
26
14
8
1
1
5
10
8
15
18
14
13
3
1
2
10
11
10
6
0
-10
-20
-35
-42
-43
-38
-32
-29
-28
-30
-27
-34
-37
-36
-32
-23
-10
-10
-12
-14
-17
-22
-24
-19
-14
-2
3
6
1
-9
-15
-22
-29
-29
-22
-18
-13
-3
-3
-9
-6
-5
-8
-6
1
1
6
17
18
20
25
29
33
38
40
41
46
55
57
57
54
55
49
39
28
19
14
21
29
32
40
53
53
48
44
34
29
30
31
25
27
30
27
19
13
2
-4
-9
-12
-16
-24
-28
-33
-40
-48
-55
-64
-69
-68
-70
-76
-77
-73
-70
-68
-67
-65
-64
-60
-63
-65
-64
-58
-48
-34
-23
-12
-1
5
5
2
-6
-9
-7
-5
4
13
21
30
38
38
38
39
45
48
57
64
72
78
83
82
75
71
71
72
74
80
87
92
92
90
81
73
65
58
48
44
44
41
39
37
30
23
19
13
4
-2
-6
-13
-18
-23
-29
-34
-36
-33
-35
-34
-30
-27
-28
-27
-32
-37
-43
-45
-51
-55
-54
-53
-57
-55
-52
-54
-51
-47
-43
-40
-35
-30
-27
-31
-33
-32
-35
-35
-27
-19
-14
-2
8
12
16
22
23
23
26
27
31
36
38
38
42
39
38
36
33
35
41
42
42
45
44
41
38
33
28
29
30
35
41
44
48
52
49
42
37
30
25
22
17
10
8
9
5
0
-2
-5
-5
-3
-9
-15
-16
-23
-29
-34
-44
-48
-43
-48
-54
-54
-57
-57
-48
-49
-45
-34
-28
-21
-17
-24
-24
-20
-25
-23
-16
-11
1
17
19
19
18
17
12
8
6
9
18
31
34
31
30
25
14
4
-8
-13
-6
-3
-1
-3
-10
-15
-19
-35
-43
-41
-41
-33
-22
-29
-30
-28
-39
-50
-53
-58
-51
-39
-33
-28
-23
-21
-19
-22
-28
-26
-23
-20
-18
-19
-24
-25
-21
-22
-22
-12
0
7
12
15
8
7
4
-5
-9
-6
-2
9
14
13
17
20
17
19
18
15
25
32
29
31
27
21
18
15
10
10
20
25
31
35
37
30
26
17
4
-4
-10
-12
-8
-7
-3
4
7
9
13
11
5
9
3
-5
-6
-8
-11
-12
-12
-13
-11
-9
-7
-6
-5
0
4
4
7
9
10
10
7
6
4
7
13
17
23
34
37
34
32
22
13
5
-3
-9
-6
-4
-3
-1
-4
-6
-11
-17
-21
-21
-19
-17
-19
-18
-18
-23
-25
-25
-22
-15
-10
-6
2
1
-5
-10
-21
-28
-25
-29
-29
-22
-18
-12
-8
-14
-13
-9
-11
-9
-5
-5
-3
-4
-12
-15
-17
-15
-10
-6
5
16
21
23
23
14
10
3
-2
-2
-1
3
10
6
6
10
4
4
10
9
13
21
20
22
21
14
11
11
15
23
29
38
51
51
46
39
31
23
18
14
14
18
19
23
17
12
10
5
2
8
9
15
21
13
4
-4
-10
-13
-11
-4
9
20
28
32
26
17
12
5
0
3
9
14
20
22
20
15
12
16
15
17
25
30
27
22
14
3
-5
-9
-7
-2
3
11
17
11
6
-3
-11
-17
-19
-18
-15
-12
-10
-8
-12
-11
-10
-5
-3
3
8
11
15
9
4
-1
-2
-7
-8
-6
-6
-6
-6
-7
-12
-18
-21
-29
-37
-40
-41
-43
-45
-42
-39
-35
-30
-25
-19
-19
-19
-16
-17
-15
-14
-8
-5
1
4
8
9
8
11
11
14
14
22
23
25
23
21
21
11
10
7
10
10
16
22
26
28
22
16
4
-4
-11
-17
-25
-24
-22
-25
-28
-33
-35
-39
-43
-44
-41
-39
-32
-30
-31
-30
-29
-31
-31
-26
-21
-11
-5
1
7
7
12
10
11
13
16
15
18
22
20
21
21
24
23
25
22
23
19
16
15
10
8
10
15
14
18
20
20
19
17
15
16
16
21
23
24
25
27
23
21
22
20
21
21
18
14
10
1
-7
-15
-16
-16
-15
-14
-12
-16
-20
-27
-39
-40
-39
-38
-36
-26
-26
-28
-33
-45
-54
-59
-57
-50
-41
-31
-19
-16
-19
-27
-35
-42
-39
-36
-30
-19
-9
-6
-8
-11
-20
-25
-24
-17
-9
4
14
17
18
13
1
-5
-7
-4
2
11
23
35
42
44
44
40
41
45
49
52
60
65
69
68
65
63
63
63
63
65
64
66
63
57
48
40
34
29
25
24
22
18
14
8
0
-6
-9
-13
-13
-17
-19
-20
-25
-33
-40
-47
-48
-44
-43
-38
-36
-38
-44
-50
-59
-67
-66
-58
-50
-40
-33
-28
-27
-30
-38
-39
-35
-27
-14
-3
9
14
12
6
-1
-8
-10
-3
7
17
28
35
35
29
21
15
11
14
19
27
37
40
39
36
30
24
18
18
21
27
29
32
34
32
25
20
15
9
10
10
12
9
7
2
-2
-9
-15
-17
-16
-14
-15
-15
-16
-20
-24
-30
-30
-30
-29
-22
-16
-13
-14
-16
-18
-19
-19
-14
-6
3
12
16
16
14
9
4
2
2
7
17
25
32
32
30
27
21
16
17
19
26
32
37
38
37
33
30
25
23
27
30
35
37
40
39
33
26
22
17
15
12
13
11
10
5
2
0
-2
-4
-4
-8
-12
-17
-26
-34
-43
-46
-48
-45
-45
-42
-41
-42
-47
-53
-58
-59
-60
-61
-56
-51
-47
-46
-45
-44
-45
-44
-40
-33
-24
-17
-9
-6
-5
-7
-7
-9
-9
-7
-1
6
13
21
25
28
24
20
16
12
7
4
5
8
10
10
16
16
16
15
13
10
5
6
4
3
5
7
9
9
8
7
4
2
-2
-2
-1
1
1
3
0
-4
-10
-19
-23
-27
-32
-29
-26
-26
-25
-29
-34
-43
-52
-59
-61
-63
-61
-55
-49
-49
-45
-46
-45
-44
-46
-42
-35
-29
-25
-17
-14
-9
-2
3
10
16
22
29
33
37
38
44
48
50
53
56
58
54
53
51
49
50
50
53
57
54
52
47
38
28
18
12
9
11
10
11
13
6
1
-5
-13
-18
-21
-18
-17
-16
-14
-14
-16
-21
-25
-30
-30
-29
-27
-20
-17
-14
-15
-17
-21
-25
-29
-29
-28
-25
-19
-14
-12
-13
-13
-16
-16
-17
-15
-14
-9
-2
2
7
9
10
13
17
20
24
30
37
42
46
48
52
53
56
58
59
62
63
62
62
59
56
57
54
50
46
43
38
33
27
23
18
14
10
4
-1
-6
-12
-19
-25
-33
-37
-41
-46
-51
-53
-58
-56
-59
-60
-59
-60
-59
-56
-57
-56
-52
-49
-45
-41
-37
-34
-29
-31
-29
-29
-28
-23
-19
-13
-7
-1
0
4
-2
2
3
4
9
16
21
30
31
32
29
26
25
25
27
31
40
44
47
50
46
42
42
35
38
38
39
43
42
38
35
28
21
14
7
8
8
8
7
2
-4
-9
-18
-26
-32
-36
-37
