SAMPLES:	16251
BITSPERSAMPLE:	16
CHANNELS:	1
SAMPLERATE:	16000
NORMALIZED:	FALSE
-5
-4
-3
-3
-1
-2
-2
-2
0
0
-1
-1
-2
-2
-5
-6
-7
-7
-7
-7
-6
-5
-6
-5
-4
-3
-1
0
0
0
3
3
4
4
5
6
8
7
8
10
9
10
12
15
14
16
18
18
19
20
21
21
21
21
20
19
17
17
15
13
12
10
9
8
6
5
3
1
0
-3
-5
-6
-8
-10
-11
-12
-14
-16
-17
-18
-19
-18
-17
-19
-18
-17
-17
-17
-16
-16
-16
-15
-14
-14
-13
-10
-11
-11
-9
-9
-7
-6
-4
-3
-1
-1
0
1
1
1
2
2
0
1
-1
-2
-1
-2
-2
-2
-3
-3
-3
-4
-2
-2
-3
-1
-2
-2
-3
-2
-3
-2
-3
-3
-3
-2
0
2
3
4
5
6
9
9
10
11
11
11
11
9
8
8
7
6
5
4
2
1
0
-1
0
-1
-2
-4
-7
-9
-12
-14
-17
-19
-21
-23
-25
-26
-28
-28
-29
-28
-29
-28
-27
-25
-22
-21
-18
-16
-14
-12
-10
-8
-5
-2
-1
2
3
5
9
13
16
20
24
27
31
34
37
39
41
42
43
43
44
45
45
45
43
42
41
39
39
38
37
37
37
35
33
30
27
24
19
16
12
8
4
1
-4
-8
-12
-16
-20
-23
-27
-28
-31
-33
-35
-38
-41
-45
-48
-49
-49
-51
-51
-51
-53
-54
-54
-54
-54
-53
-49
-48
-45
-42
-39
-37
-35
-35
-31
-29
-26
-22
-17
-12
-7
-3
0
4
6
9
14
18
22
27
30
31
32
32
33
33
32
33
34
34
35
36
37
36
34
32
30
29
28
28
26
25
21
15
9
4
0
-3
-5
-6
-9
-9
-11
-10
-10
-10
-10
-9
-8
-7
-6
-5
-4
-6
-6
-5
-6
-4
-1
4
10
14
18
23
27
31
35
38
41
43
42
41
40
37
36
32
29
27
26
28
30
31
33
34
35
33
31
30
26
23
18
13
7
2
-3
-7
-10
-12
-13
-12
-12
-9
-9
-7
-6
-7
-8
-9
-12
-14
-15
-16
-17
-19
-21
-21
-20
-17
-14
-11
-6
-1
2
5
8
10
12
12
8
7
2
0
-1
-3
-3
-4
-3
-3
-3
-1
1
3
6
6
6
3
-2
-4
-8
-13
-16
-22
-24
-25
-27
-25
-25
-22
-20
-19
-16
-15
-14
-11
-9
-10
-10
-12
-14
-15
-16
-16
-15
-16
-14
-13
-10
-7
-3
1
3
5
5
6
6
6
6
6
7
4
2
1
0
2
3
5
6
6
7
9
9
9
9
8
5
3
2
-1
-1
-2
-1
-1
0
1
1
3
4
4
3
0
-3
-7
-10
-14
-14
-13
-14
-13
-12
-9
-5
-1
1
3
3
0
-4
-8
-12
-15
-19
-23
-25
-27
-27
-24
-19
-14
-11
-6
-3
0
-1
-3
-6
-10
-18
-24
-30
-35
-37
-38
-36
-33
-27
-22
-15
-9
-4
2
3
3
2
-3
-7
-12
-19
-23
-25
-27
-26
-23
-17
-9
0
9
16
21
25
27
25
22
16
10
4
-3
-8
-11
-11
-8
-1
5
15
22
29
33
35
36
35
30
23
15
8
4
0
0
1
4
7
12
18
24
29
31
33
32
28
23
17
12
6
3
0
-2
-1
0
2
4
7
8
10
11
10
7
6
2
-1
-5
-7
-10
-11
-10
-8
-4
-2
1
4
6
7
9
7
4
3
1
-1
0
0
1
2
6
8
13
16
18
21
21
20
18
12
7
1
-4
-7
-10
-13
-13
-11
-6
-1
5
8
8
6
1
-3
-9
-15
-22
-29
-34
-37
-36
-34
-30
-22
-15
-9
-5
-3
-3
-1
-1
-3
-6
-8
-11
-11
-10
-7
-1
4
8
10
14
16
21
24
27
29
29
30
29
30
32
34
34
34
31
28
23
20
19
19
19
20
21
23
27
32
37
40
40
37
30
22
15
7
1
-7
-12
-16
-17
-15
-10
-1
6
11
13
13
10
4
-1
-10
-18
-28
-37
-43
-45
-44
-39
-32
-25
-20
-17
-15
-14
-15
-18
-20
-25
-29
-33
-35
-35
-31
-24
-20
-15
-12
-10
-10
-10
-8
-9
-11
-14
-16
-15
-13
-7
-1
4
9
11
11
10
5
2
-3
-11
-18
-26
-31
-32
-31
-24
-18
-12
-7
-5
-3
-3
-6
-10
-16
-24
-32
-38
-41
-39
-32
-23
-12
-1
10
20
29
33
37
34
30
21
14
9
7
8
12
19
26
36
45
54
60
64
63
59
50
41
32
24
17
13
12
10
12
15
17
19
18
15
8
0
-10
-19
-23
-23
-20
-13
-4
6
15
22
27
26
18
6
-11
-30
-46
-59
-66
-64
-54
-38
-16
7
30
47
58
60
50
32
7
-21
-46
-68
-81
-86
-82
-70
-53
-30
-7
12
27
33
31
21
6
-12
-31
-46
-59
-65
-64
-56
-43
-26
-7
9
22
29
31
27
20
10
-3
-12
-19
-22
-18
-10
4
20
35
48
54
54
47
35
18
1
-15
-27
-31
-28
-15
0
20
38
50
55
54
44
27
9
-11
-28
-37
-41
-37
-25
-11
5
20
28
32
29
23
15
5
-1
-3
0
7
17
27
37
43
44
38
27
13
2
-8
-10
-6
3
17
34
48
58
63
58
47
31
12
-8
-21
-27
-25
-17
-3
13
29
39
42
35
21
0
-23
-42
-53
-54
-43
-24
3
32
56
75
81
73
50
17
-20
-57
-85
-99
-98
-83
-55
-19
17
50
72
80
74
52
20
-17
-52
-81
-96
-98
-87
-64
-36
-7
16
31
36
29
14
-9
-30
-50
-61
-62
-54
-36
-15
7
26
37
40
35
23
7
-11
-25
-33
-34
-27
-13
6
26
43
54
55
48
33
11
-10
-30
-45
-51
-49
-37
-17
7
31
52
64
68
60
44
21
-6
-32
-53
-65
-67
-59
-41
-15
15
42
65
79
84
80
64
43
16
-10
-34
-50
-56
-51
-37
-15
12
37
60
73
75
66
49
24
-4
-29
-48
-61
-61
-52
-36
-18
-2
10
14
10
1
-13
-27
-39
-45
-44
-34
-19
1
19
32
36
28
12
-14
-42
-68
-86
-92
-84
-59
-26
14
53
81
96
93
73
37
-3
-45
-80
-100
-103
-90
-63
-31
1
27
40
43
28
5
-25
-54
-76
-87
-85
-72
-47
-22
3
17
20
10
-11
-39
-68
-87
-95
-87
-61
-23
18
56
83
92
79
47
2
-47
-92
-124
-134
-124
-90
-43
12
63
104
127
129
111
76
30
-18
-60
-91
-104
-101
-82
-50
-11
30
66
93
111
115
111
99
82
64
45
30
17
5
-4
-11
-16
-16
-11
-1
16
35
58
78
94
103
104
95
77
50
23
-5
-29
-44
-52
-51
-47
-35
-23
-11
0
8
12
10
5
-5
-15
-24
-33
-36
-34
-29
-21
-10
3
16
27
34
35
30
19
6
-8
-22
-37
-48
-55
-55
-49
-32
-12
12
37
54
67
72
69
61
45
27
8
-7
-18
-24
-23
-19
-14
-10
-6
-2
1
5
14
23
33
41
48
54
54
45
30
7
-23
-48
-68
-78
-74
-58
-29
9
52
92
123
139
136
113
72
24
-26
-72
-106
-124
-125
-107
-75
-33
11
50
77
89
86
69
43
13
-20
-51
-74
-86
-87
-77
-60
-41
-23
-9
0
4
3
0
-6
-13
-19
-23
-24
-21
-17
-13
-12
-15
-20
-25
-27
-27
-22
-16
-6
6
22
39
56
69
74
71
61
45
25
5
-14
-28
-35
-34
-22
-1
27
53
76
90
93
87
72
50
25
3
-15
-27
-30
-25
-17
-7
1
4
1
-3
-7
-12
-14
-15
-12
-4
6
17
27
32
31
22
9
-8
-29
-48
-66
-82
-90
-89
-77
-57
-31
-4
17
34
45
49
47
40
30
16
6
-2
-5
-5
-7
-13
-22
-36
-50
-59
-65
-64
-57
-46
-28
-7
19
46
70
84
88
82
65
43
15
-12
-38
-60
-75
-78
-70
-54
-33
-13
4
14
22
30
36
40
42
42
40
34
28
22
13
3
-7
-18
-25
-23
-16
-5
9
21
33
45
57
69
76
78
72
60
44
28
13
1
-10
-16
-20
-18
-9
-1
6
5
-3
-15
-29
-40
-45
-47
-43
-37
-27
-13
0
12
17
12
-1
-23
-47
-71
-90
-106
-117
-122
-119
-110
-94
-74
-53
-34
-21
-12
-4
4
12
20
27
31
34
35
38
38
39
36
26
15
2
-7
-14
-16
-15
-12
-4
10
30
52
75
91
96
93
80
64
45
25
9
-3
-7
0
17
40
66
84
94
91
75
49
15
-20
-55
-86
-107
-114
-108
-89
-62
-37
-14
1
8
11
9
7
3
-1
-2
-4
-6
-9
-18
-30
-48
-66
-84
-95
-97
-91
-75
-51
-25
2
28
48
61
65
60
46
28
13
0
-3
5
22
46
74
99
114
115
99
66
20
-28
-73
-103
-117
-109
-83
-46
-3
36
64
75
66
41
6
-29
-59
-76
-75
-59
-30
5
41
68
80
77
55
18
-24
-63
-93
-107
-105
-87
-56
-19
21
53
77
88
87
77
63
50
39
33
29
25
21
15
6
-5
-16
-26
-36
-40
-42
-38
-34
-28
-23
-19
-13
-8
-2
8
20
29
35
33
24
7
-12
-36
-59
-77
-86
-88
-78
-55
-25
9
42
68
84
88
81
60
31
-3
-36
-65
-80
-80
-67
-41
-8
29
62
89
107
114
109
92
66
34
4
-27
-53
-73
-87
-92
-85
-65
-33
6
47
81
110
123
124
115
93
63
28
-4
-25
-35
-35
-29
-22
-19
-23
-28
-33
-37
-37
-35
-27
-11
11
38
64
79
82
71
49
24
-1
-22
-39
-50
-55
-49
-33
-12
11
23
26
21
15
9
4
0
-7
-14
-19
-18
-14
-9
-9
-20
-38
-55
-71
-79
-77
-69
-59
-44
-23
3
29
50
55
43
18
-11
-38
-57
-68
-71
-66
-52
-28
2
31
49
48
29
-5
-43
-74
-94
-101
-94
-74
-41
7
57
99
121
119
93
51
7
-30
-56
-71
-71
-55
-25
18
61
96
110
102
77
38
-3
-39
-67
-87
-91
-80
-51
-9
37
75
97
98
82
54
23
-9
-37
-57
-66
-59
-35
-4
26
47
53
46
32
18
5
-3
-5
-4
5
20
37
49
50
34
7
-24
-51
-65
-69
-59
-38
-7
30
70
108
129
130
113
79
38
1
-30
-56
-72
-72
-64
-44
-12
19
36
44
43
30
17
17
18
16
23
35
42
59
79
84
73
58
33
-4
-25
-34
-46
-52
-44
-34
-22
9
41
57
67
69
52
30
18
5
-13
-24
-30
-37
-33
-15
-1
7
9
1
-17
-29
-33
-34
-32
-29
-27
-26
-22
-15
-13
-20
-38
-63
-87
-105
-110
-105
-94
-84
-68
-48
-26
-1
24
34
32
23
7
-9
-18
-22
-28
-36
-37
-37
-33
-20
-8
-1
2
3
1
3
10
18
21
19
16
15
16
20
26
29
25
22
23
25
28
39
43
39
41
46
48
53
64
59
44
36
28
10
2
5
-6
-16
-9
2
7
29
52
53
52
58
51
34
34
35
16
11
15
11
5
19
23
5
1
-1
-18
-31
-22
-22
-31
-19
-12
-18
-19
-11
-26
-51
-64
-91
-121
-138
-140
-148
-146
-125
-114
-104
-89
-73
-76
-82
-84
-102
-117
-122
-121
-127
-119
-110
-114
-114
-120
-129
-150
-162
-181
-204
-214
-220
-219
-212
-191
-175
-161
-139
-122
-111
-100
-89
-92
-97
-95
-100
-102
-92
-75
-67
-50
-28
-16
-5
7
10
-6
-19
-37
-66
-85
-88
-86
-81
-51
-16
14
58
105
145
173
206
227
236
253
277
297
318
351
374
389
410
422
425
417
407
382
351
330
314
304
301
309
312
316
323
327
327
318
307
284
258
234
217
206
194
192
182
175
169
165
156
138
116
79
34
-13
-55
-96
-135
-165
-199
-228
-247
-257
-273
-285
-298
-326
-350
-370
-385
-400
-404
-409
-419
-418
-413
-405
-402
-395
-405
-428
-448
-475
-505
-529
-540
-564
-584
-584
-585
-589
-587
-585
-611
-635
-653
-687
-722
-744
-766
-812
-840
-852
-867
-858
-815
-754
-692
-582
-454
-335
-199
-50
84
200
350
504
665
861
1080
1286
1475
1670
1810
1894
1938
1929
1852
1729
1602
1445
1295
1174
1065
958
870
811
736
662
591
509
408
309
231
151
112
111
135
171
230
307
363
413
439
441
410
368
323
265
224
191
162
124
91
60
10
-44
-109
-180
-261
-330
-388
-439
-460
-459
-434
-399
-336
-262
-192
-122
-70
-35
-26
-32
-58
-106
-157
-218
-283
-357
-423
-494
-573
-649
-732
-808
-879
-935
-983
-1025
-1048
-1061
-1054
-1036
-1003
-956
-905
-846
-788
-721
-658
-595
-540
-502
-469
-437
-401
-376
-351
-335
-343
-368
-414
-473
-555
-642
-748
-876
-1005
-1122
-1217
-1292
-1313
-1285
-1205
-1041
-788
-437
-9
494
994
1455
1868
2197
2427
2547
2596
2547
2433
2299
2157
2032
1934
1867
1753
1601
1418
1176
879
554
216
-159
-510
-811
-1055
-1204
-1229
-1162
-1062
-905
-714
-522
-327
-125
50
178
311
429
532
659
818
960
1053
1130
1154
1113
1035
921
742
521
304
67
-165
-342
-455
-536
-580
-568
-548
-512
-442
-363
-294
-212
-112
-38
44
159
287
410
531
636
691
726
739
702
619
507
364
178
3
-154
-306
-440
-552
-654
-740
-774
-783
-785
-766
-725
-682
-635
-548
-451
-346
-219
-85
35
150
273
355
395
414
403
338
237
127
-19
-176
-322
-477
-651
-808
-936
-1071
-1189
-1270
-1330
-1395
-1449
-1481
-1518
-1534
-1514
-1483
-1452
-1393
-1304
-1236
-1171
-1086
-984
-898
-835
-786
-783
-814
-850
-908
-1009
-1110
-1173
-1210
-1160
-909
-424
190
853
1533
2129
2606
3002
3258
3307
3224
3074
2810
2524
2367
2356
2370
2371
2381
2280
2090
1905
1635
1185
687
184
-417
-997
-1399
-1623
-1731
-1690
-1525
-1361
-1136
-799
-495
-310
-94
116
187
246
381
543
720
960
1172
1296
1423
1562
1595
1490
1365
1146
770
389
40
-311
-595
-770
-942
-1080
-1093
-1027
-963
-891
-758
-656
-591
-491
-383
-283
-117
85
227
395
625
840
999
1124
1202
1188
1120
1003
802
551
326
88
-187
-392
-519
-613
-665
-662
-656
-646
-611
-590
-594
-568
-489
-434
-396
-316
-217
-111
24
159
256
336
385
365
293
203
77
-128
-364
-588
-816
-1007
-1142
-1264
-1360
-1401
-1434
-1472
-1471
-1462
-1472
-1496
-1501
-1502
-1492
-1431
-1341
-1255
-1143
-992
-899
-819
-693
-606
-578
-575
-607
-709
-814
-912
-1045
-1185
-1280
-1335
-1395
-1226
-703
-22
669
1361
1986
2487
2969
3305
3406
3358
3247
3028
2696
2520
2538
2598
2600
2604
2493
2278
2164
1945
1501
964
438
-204
-876
-1354
-1650
-1792
-1825
-1717
-1603
-1391
-971
-595
-352
-82
217
316
361
466
586
752
945
1116
1210
1377
1613
1748
1735
1677
1520
1157
751
337
-105
-466
-738
-1024
-1278
-1356
-1299
-1206
-1076
-901
-737
-619
-512
-430
-354
-206
-64
16
108
309
550
750
934
1067
1129
1101
986
743
451
169
-171
-533
-860
-1072
-1201
-1256
-1248
-1192
-1106
-1007
-897
-852
-783
-686
-638
-625
-589
-518
-414
-258
-100
72
245
406
521
542
512
444
288
54
-197
-464
-703
-881
-1045
-1176
-1235
-1237
-1229
-1232
-1250
-1262
-1304
-1388
-1456
-1483
-1468
-1415
-1331
-1231
-1092
-894
-686
-528
-419
-320
-281
-335
-423
-533
-669
-817
-951
-1124
-1137
-730
-64
588
1218
1900
2475
2985
3379
3521
3459
3316
3091
2654
2304
2233
2268
2207
2189
2176
1996
1946
1903
1606
1134
692
104
-648
-1238
-1628
-1867
-2039
-2003
-1897
-1742
-1313
-816
-486
-163
276
456
485
592
707
823
932
1049
1111
1234
1461
1669
1717
1713
1712
1475
1115
751
339
-88
-452
-775
-1080
-1256
-1293
-1229
-1147
-995
-750
-582
-484
-380
-277
-220
-156
-93
-69
2
163
345
473
640
823
883
861
814
687
458
190
-134
-504
-796
-962
-1078
-1156
-1116
-1016
-921
-778
-616
-494
-366
-254
-229
-243
-213
-143
-67
27
149
265
359
457
510
508
491
368
121
-153
-416
-682
-899
-1078
-1233
-1321
-1375
-1396
-1405
-1396
-1376
-1393
-1459
-1524
-1575
-1603
-1540
-1463
-1384
-1226
-1051
-878
-665
-453
-307
-232
-219
-268
-364
-481
-585
-716
-849
-921
-995
-877
-377
290
907
1510
2089
2575
3031
3322
3397
3306
3141
2899
2504
2212
2155
2149
2061
2040
1951
1791
1786
1674
1334
911
476
-94
-720
-1233
-1568
-1752
-1858
-1801
-1712
-1505
-1038
-572
-242
126
477
606
681
760
808
886
966
1011
1017
1089
1278
1429
1446
1439
1361
1111
818
501
87
-305
-646
-1013
-1347
-1512
-1511
-1466
-1369
-1198
-981
-787
-577
-360
-193
-14
137
222
269
414
594
706
819
948
1052
1087
1098
1008
850
675
419
74
-308
-599
-810
-971
-1080
-1112
-1092
-1012
-859
-730
-581
-406
-302
-290
-288
-276
-248
-198
-163
-117
-44
40
137
216
262
266
173
3
-199
-435
-685
-925
-1193
-1455
-1634
-1752
-1827
-1868
-1890
-1886
-1850
-1817
-1776
-1695
-1588
-1471
-1359
-1248
-1122
-944
-761
-594
-466
-371
-303
-285
-291
-316
-326
-359
-386
-439
-397
-49
496
1043
1533
2047
2484
2895
3223
3356
3360
3255
3063
2704
2380
2219
2172
2063
1943
1866
1686
1620
1583
1372
1027
702
268
-301
-773
-1160
-1428
-1642
-1736
-1743
-1672
-1385
-990
-666
-354
60
301
425
593
707
763
820
838
783
791
879
972
1003
1034
1062
955
766
560
276
-27
-284
-619
-979
-1214
-1328
-1383
-1345
-1210
-1019
-797
-582
-371
-175
63
262
344
396
491
601
696
814
900
987
1082
1139
1137
1088
1019
848
592
304
26
-236
-444
-605
-762
-819
-792
-736
-673
-552
-398
-279
-207
-177
-147
-115
-62
-46
-49
-10
48
91
130
184
184
105
-46
-236
-451
-682
-912
-1178
-1436
-1649
-1819
-1940
-1988
-2003
-2005
-1980
-1960
-1923
-1849
-1743
-1628
-1538
-1447
-1297
-1113
-931
-723
-537
-406
-313
-304
-342
-366
-403
-476
-553
-630
-676
-643
-469
-39
527
1084
1639
2154
2600
3027
3345
3436
3415
3289
3053
2763
2495
2337
2245
2150
2043
1929
1776
1723
1662
1391
1051
668
171
-362
-814
-1224
-1512
-1689
-1806
-1806
-1688
-1384
-1001
-652
-304
65
314
497
684
763
830
874
842
789
817
896
989
1050
1044
1040
958
808
599
340
51
-266
-630
-996
-1254
-1410
-1444
-1432
-1352
-1174
-936
-686
-436
-177
44
242
379
489
588
731
890
980
1053
1122
1157
1133
1094
976
794
562
263
-55
-359
-593
-774
-924
-1040
-1059
-1033
-963
-822
-692
-553
-408
-307
-252
-173
-89
-19
21
27
70
125
175
226
261
239
169
28
-161
-332
-532
-767
-1023
-1277
-1523
-1719
-1888
-2022
-2104
-2169
-2200
-2214
-2165
-2069
-1917
-1735
-1544
-1373
-1204
-984
-798
-613
-456
-351
-327
-326
-310
-314
-300
-322
-355
-442
-469
-430
-287
85
570
1035
1440
1904
2324
2729
3036
3146
3138
3027
2870
2614
2403
2279
2219
2091
1944
1849
1707
1680
1624
1407
1093
782
362
-123
-535
-918
-1197
-1427
-1574
-1633
-1562
-1300
-951
-633
-297
85
326
532
735
856
944
1009
979
916
946
997
1065
1073
1053
1004
885
731
521
252
-69
-404
-836
-1207
-1438
-1600
-1654
-1614
-1485
-1290
-990
-691
-399
-102
143
303
366
474
583
680
775
861
921
994
1106
1127
1090
1014
879
634
339
63
-224
-471
-669
-844
-1002
-1033
-965
-889
-772
-616
-452
-319
-190
-88
-18
44
93
97
84
137
191
211
238
246
210
152
63
-76
-235
-444
-718
-1036
-1355
-1626
-1868
-2074
-2218
-2308
-2330
-2258
-2143
-2012
-1836
-1661
-1514
-1369
-1239
-1109
-973
-854
-738
-627
-536
-459
-384
-338
-283
-245
-264
-282
-316
-347
-367
-279
3
418
834
1223
1656
2065
2505
2863
3017
3043
3010
2883
2628
2412
2248
2136
1998
1842
1713
1604
1608
1597
1442
1184
928
572
129
-274
-662
-988
-1257
-1466
-1593
-1555
-1324
-986
-648
-310
71
381
617
813
952
1014
1016
939
825
761
751
772
748
721
694
633
537
414
229
-37
-336
-705
-1071
-1361
-1573
-1706
-1774
-1727
-1573
-1312
-942
-532
-133
269
647
901
1123
1319
1392
1410
1379
1285
1169
1097
1027
911
779
643
479
240
57
-107
-344
-527
-705
-929
-1085
-1105
-1108
-1085
-984
-869
-712
-528
-303
-105
31
156
225
223
234
272
235
187
147
49
-38
-98
-199
-322
-468
-691
-958
-1238
-1523
-1800
-2066
-2311
-2499
-2631
-2664
-2577
-2442
-2221
-1942
-1686
-1438
-1148
-907
-717
-537
-449
-398
-374
-383
-404
-412
-422
-424
-427
-454
-428
-402
-361
-248
-41
271
673
1070
1445
1858
2218
2554
2806
2911
2937
2936
2849
2695
2604
2528
2448
2314
2173
2031
1880
1771
1601
1317
982
667
253
-184
-534
-853
-1149
-1377
-1484
-1539
-1456
-1218
-958
-725
-423
-90
153
400
633
788
874
925
918
894
904
924
893
808
763
680
536
386
208
-54
-330
-639
-958
-1153
-1287
-1383
-1418
-1372
-1261
-1051
-796
-534
-228
64
335
509
648
797
902
935
935
889
779
758
705
601
538
472
330
142
-28
-211
-354
-507
-680
-863
-1017
-1068
-1085
-1069
-975
-827
-689
-504
-300
-127
66
205
247
262
267
230
179
99
-18
-135
-245
-357
-488
-616
-734
-882
-1070
-1237
-1424
-1626
-1776
-1930
-2090
-2190
-2212
-2197
-2098
-1900
-1678
-1469
-1246
-985
-758
-540
-336
-250
-230
-194
-202
-262
-289
-287
-318
-359
-382
-389
-371
-315
-232
-214
-111
201
568
930
1332
1753
2131
2537
2851
3007
3113
3163
3119
2925
2740
2626
2504
2324
2134
1946
1722
1593
1417
1114
809
513
150
-266
-635
-953
-1193
-1388
-1531
-1587
-1542
-1345
-1073
-814
-507
-156
129
373
598
779
918
989
954
901
868
809
752
670
574
467
341
172
-25
-213
-422
-662
-932
-1122
-1229
-1323
-1348
-1298
-1200
-1019
-747
-499
-275
25
316
528
708
877
999
1058
1100
1078
1007
959
917
799
628
510
345
135
-47
-223
-412
-583
-723
-908
-1036
-1084
-1107
-1117
-1073
-958
-842
-681
-511
-374
-252
-138
-77
-74
-40
-26
-63
-108
-152
-216
-285
-326
-414
-538
-641
-795
-1019
-1238
-1442
-1683
-1927
-2113
-2262
-2321
-2259
-2121
-1962
-1759
-1486
-1248
-1021
-780
-589
-473
-399
-358
-373
-358
-346
-363
-361
-336
-294
-261
-197
-130
-88
-69
-56
18
227
577
921
1253
1640
2021
2396
2736
2964
3078
3137
3113
2961
2787
2670
2561
2374
2146
1937
1716
1565
1435
1187
881
596
255
-175
-551
-862
-1142
-1371
-1550
-1668
-1694
-1544
-1297
-1058
-765
-404
-84
183
464
682
820
938
962
891
828
798
729
621
534
433
295
160
37
-135
-312
-450
-652
-902
-1081
-1204
-1327
-1369
-1316
-1244
-1102
-848
-566
-288
45
373
603
780
962
1067
1078
1073
1017
884
776
711
588
459
381
268
109
-23
-145
-308
-459
-599
-767
-919
-992
-1024
-1045
-989
-880
-759
-605
-417
-269
-154
-44
9
6
-6
-43
-129
-211
-292
-404
-518
-613
-712
-832
-960
-1109
-1288
-1478
-1651
-1828
-2002
-2111
-2173
-2202
-2164
-2044
-1890
-1696
-1479
-1272
-1065
-868
-677
-518
-392
-298
-240
-243
-260
-260
-295
-336
-367
-384
-378
-330
-248
-83
230
637
1064
1456
1847
2237
2587
2852
2991
3024
2994
2927
2780
2634
2560
2515
2437
2326
2194
2052
1952
1821
1569
1238
884
468
2
-428
-801
-1126
-1396
-1603
-1743
-1768
-1637
-1419
-1199
-930
-609
-338
-96
149
342
479
594
634
616
636
688
722
722
721
706
643
552
435
260
48
-162
-432
-727
-951
-1131
-1279
-1346
-1331
-1272
-1127
-907
-674
-429
-171
58
238
401
553
663
735
797
822
818
831
830
784
729
668
537
378
227
43
-161
-352
-544
-734
-856
-921
-954
-944
-886
-796
-704
-590
-472
-381
-299
-220
-176
-165
-153
-157
-173
-180
-205
-265
-326
-391
-473
-585
-729
-907
-1104
-1311
-1541
-1758
-1947
-2092
-2203
-2274
-2285
-2230
-2101
-1935
-1750
-1565
-1367
-1173
-1020
-890
-775
-677
-620
-582
-546
-496
-422
-353
-290
-219
-133
-44
46
209
519
925
1310
1654
2008
2348
2675
2938
3056
3073
3047
2964
2785
2609
2507
2432
2307
2137
1979
1817
1711
1601
1372
1062
757
406
-38
-447
-787
-1082
-1336
-1538
-1671
-1704
-1579
-1368
-1158
-910
-604
-314
-80
151
366
522
622
650
629
628
667
701
687
668
646
601
513
394
269
116
-61
-285
-510
-703
-842
-946
-1045
-1091
-1075
-983
-846
-676
-470
-253
-49
112
259
394
530
655
721
750
765
772
765
727
662
569
445
283
121
-31
-186
-336
-510
-691
-829
-921
-971
-987
-955
-889
-792
-692
-581
-449
-336
-230
-167
-143
-131
-131
-150
-194
-247
-309
-358
-426
-516
-599
-717
-859
-1016
-1193
-1380
-1549
-1698
-1864
-2010
-2107
-2159
-2157
-2103
-1987
-1853
-1698
-1510
-1331
-1154
-969
-781
-657
-572
-497
-464
-440
-419
-397
-402
-382
-331
-276
-157
59
405
800
1217
1627
2006
2371
2693
2937
3036
3057
3003
2869
2695
2517
2388
2281
2175
2054
1939
1838
1750
1639
1437
1169
869
516
111
-305
-694
-1036
-1330
-1556
-1694
-1721
-1628
-1439
-1209
-954
-650
-352
-84
147
340
482
572
627
654
681
705
743
756
747
742
716
665
577
471
320
130
-79
-291
-500
-700
-867
-1016
-1125
-1166
-1138
-1050
-907
-725
-523
-325
-126
77
266
426
550
640
692
730
750
746
712
649
570
454
322
189
58
-92
-248
-399
-552
-671
-756
-812
-853
-859
-830
-791
-729
-640
-534
-432
-330
-246
-179
-100
-22
25
38
27
-15
-85
-162
-253
-363
-477
-617
-792
-972
-1141
-1312
-1488
-1652
-1813
-1949
-2044
-2081
-2073
-2021
-1911
-1786
-1638
-1457
-1264
-1092
-934
-785
-657
-538
-457
-395
-345
-320
-301
-297
-299
-289
-256
-212
-132
60
369
736
1098
1462
1835
2171
2473
2691
2791
2819
2806
2712
2543
2423
2351
2272
2158
2042
1942
1836
1759
1625
1401
1145
879
536
116
-260
-602
-922
-1217
-1455
-1610
-1657
-1571
-1429
-1262
-1032
-742
-470
-231
16
238
407
522
584
636
683
719
723
692
670
650
612
532
440
321
155
-49
-282
-469
-644
-829
-1004
-1136
-1208
-1207
-1132
-1052
-918
-729
-538
-379
-226
-29
150
298
428
542
630
729
820
830
823
820
761
640
516
389
231
69
-90
-264
-419
-528
-627
-723
-767
-756
-741
-692
-595
-492
-392
-300
-225
-166
-85
-16
2
-5
-11
-29
-79
-126
-179
-246
-321
-430
-582
-732
-859
-1002
-1164
-1320
-1466
-1600
-1710
-1785
-1826
-1823
-1773
-1709
-1641
-1531
-1379
-1225
-1074
-921
-793
-684
-581
-489
-413
-360
-319
-298
-290
-269
-239
-226
-228
-218
-202
-164
-45
177
455
753
1076
1414
1756
2097
2392
2587
2695
2760
2760
2685
2608
2546
2450
2300
2138
1971
1816
1702
1571
1374
1138
896
607
270
-51
-358
-677
-996
-1272
-1492
-1627
-1652
-1615
-1532
-1366
-1119
-846
-558
-248
39
267
428
533
593
630
643
602
535
477
424
359
290
229
160
84
0
-102
-205
-298
-401
-533
-652
-733
-790
-818
-807
-759
-688
-580
-447
-304
-133
59
246
386
498
585
617
617
599
547
461
373
275
163
72
6
-56
-129
-197
-261
-335
-389
-419
-447
-468
-455
-428
-401
-345
-274
-209
-153
-113
-106
-123
-137
-159
-200
-250
-298
-360
-434
-498
-571
-652
-727
-813
-916
-1008
-1081
-1150
-1209
-1244
-1262
-1270
-1257
-1214
-1162
-1095
-1011
-933
-865
-788
-702
-626
-551
-487
-442
-410
-377
-336
-292
-252
-214
-182
-167
-165
-168
-181
-202
-228
-247
-237
-159
4
228
477
753
1067
1391
1701
1982
2208
2363
2451
2461
2399
2314
2229
2118
1960
1787
1623
1471
1336
1192
1026
846
663
452
217
-11
-225
-445
-675
-900
-1089
-1212
-1259
-1250
-1188
-1063
-891
-697
-489
-275
-79
77
172
200
199
188
157
101
38
-17
-68
-106
-128
-132
-117
-98
-110
-146
-172
-190
-223
-269
-327
-382
-421
-438
-440
-412
-330
-222
-114
6
146
294
432
543
595
600
588
544
459
359
262
151
37
-57
-128
-171
-180
-176
-182
-176
-144
-117
-99
-82
-75
-97
-135
-182
-242
-294
-335
-380
-434
-469
-476
-479
-475
-460
-443
-434
-435
-444
-470
-495
-516
-551
-602
-643
-661
-670
-660
-630
-589
-544
-501
-455
-420
-388
-358
-340
-338
-338
-333
-338
-346
-344
-335
-325
-310
-288
-264
-235
-212
-199
-199
-204
-205
-218
-242
-262
-265
-256
-240
-203
-142
-64
31
133
236
347
481
617
727
826
927
1019
1093
1160
1211
1233
1243
1235
1194
1142
1105
1062
988
914
849
779
709
650
585
515
465
415
345
281
237
183
104
22
-56
-136
-209
-279
-352
-415
-446
-464
-485
-484
-456
-422
-398
-377
-362
-355
-356
-379
-420
-457
-476
-481
-479
-452
-400
-330
-251
-169
-81
7
86
140
178
210
231
240
239
234
228
228
220
205
200
199
195
179
174
176
174
168
155
147
141
133
104
61
22
-20
-75
-147
-218
-278
-342
-414
-491
-550
-594
-624
-650
-668
-663
-640
-618
-607
-591
-551
-502
-459
-421
-367
-302
-228
-150
-80
-5
76
145
180
196
212
221
208
181
155
129
106
82
50
18
-1
-18
-54
-99
-144
-192
-244
-295
-336
-368
-390
-402
-398
-376
-336
-280
-218
-153
-85
-20
36
80
122
154
161
151
142
135
125
125
134
145
167
189
196
196
203
204
183
153
127
102
80
65
55
59
85
117
139
164
194
217
224
219
207
187
163
132
92
59
39
23
5
-7
0
17
47
88
132
175
215
241
245
236
221
204
183
164
154
152
165
198
240
281
320
348
353
340
312
271
224
175
121
60
7
-30
-50
-65
-74
-68
-53
-21
16
59
106
159
205
227
232
219
190
143
71
-8
-86
-161
-234
-310
-384
-454
-518
-586
-658
-731
-794
-851
-911
-961
-990
-994
-980
-942
-888
-822
-737
-637
-533
-426
-304
-180
-71
23
107
181
243
298
339
366
394
421
440
457
482
508
518
515
502
471
427
376
315
238
167
106
49
7
-10
-8
5
35
74
111
142
171
185
181
167
145
112
69
27
-17
-54
-73
-80
-84
-80
-71
-60
-47
-38
-31
-36
-49
-72
-103
-127
-144
-153
-154
-145
-130
-105
-71
-43
-17
1
4
-10
-35
-66
-111
-162
-212
-260
-298
-316
-319
-313
-286
-240
-192
-138
-75
-15
32
71
104
127
154
184
209
231
265
309
357
413
474
526
566
595
601
587
561
515
448
372
297
225
158
104
60
29
15
22
43
71
108
140
165
186
199
202
190
164
119
68
17
-30
-74
-120
-168
-215
-261
-305
-349
-399
-456
-526
-605
-684
-748
-796
-828
-846
-848
-825
-778
-711
-628
-537
-442
-348
-259
-181
-110
-52
-7
22
44
71
109
155
197
240
286
329
363
387
399
395
373
332
281
234
194
156
124
101
96
106
134
173
216
260
297
321
336
349
351
333
302
260
218
181
150
125
111
102
85
66
45
25
0
-32
-75
-125
-170
-210
-251
-286
-306
-317
-323
-319
-305
-290
-269
-250
-241
-240
-235
-234
-245
-254
-266
-284
-307
-324
-339
-353
-355
-349
-342
-329
-306
-285
-265
-238
-210
-180
-149
-107
-58
-9
43
97
152
211
275
333
385
436
479
507
518
523
518
500
473
438
400
359
321
282
243
218
209
205
207
221
238
250
258
263
264
261
254
238
216
192
165
130
88
49
13
-27
-69
-110
-153
-201
-253
-310
-368
-419
-464
-507
-546
-569
-578
-578
-572
-555
-526
-491
-454
-410
-366
-323
-285
-257
-237
-213
-177
-140
-104
-61
-11
36
82
129
168
194
210
209
195
182
174
159
140
132
133
136
154
182
212
247
281
305
321
342
361
366
364
365
358
343
329
311
289
273
257
235
218
213
210
197
182
163
134
95
57
13
-35
-72
-111
-151
-180
-188
-190
-186
-175
-164
-157
-151
-149
-157
-170
-184
-212
-248
-276
-296
-317
-333
-342
-351
-353
-342
-324
-304
-279
-256
-246
-243
-233
-217
-203
-178
-143
-107
-61
-4
49
100
153
197
221
236
250
250
241
228
211
189
178
178
175
179
193
207
217
234
257
276
300
320
330
330
332
329
314
293
269
237
204
175
145
112
77
40
-2
-41
-74
-101
-127
-154
-189
-227
-259
-287
-307
-319
-322
-321
-312
-292
-266
-236
-198
-166
-143
-122
-97
-77
-58
-39
-23
-9
18
52
86
126
170
207
231
252
270
281
290
296
292
286
291
301
307
323
344
368
392
420
446
467
487
497
497
490
486
477
465
453
439
425
414
404
395
390
385
375
362
343
320
290
254
212
168
126
83
42
4
-30
-61
-87
-109
-132
-154
-180
-212
-251
-294
-343
-398
-453
-510
-566
-620
-668
-713
-753
-783
-806
-826
-841
-854
-869
-887
-904
-923
-941
-957
-962
-966
-963
-953
-939
-923
-904
-888
-877
-872
-871
-872
-875
-879
-880
-878
-875
-861
-840
-807
-764
-716
-666
-607
-545
-474
-395
-309
-219
-131
-51
21
86
144
193
232
263
289
309
329
348
366
385
399
410
424
443
467
491
514
537
560
584
607
627
648
672
692
715
744
785
832
885
939
992
1048
1102
1144
1174
1197
1214
1221
1221
1221
1218
1219
1218
1210
1192
1180
1172
1162
1150
1141
1132
1124
1119
1116
1111
1113
1114
1106
1090
1075
1060
1038
1013
977
935
887
837
781
725
671
618
558
501
447
394
341
287
228
159
90
18
-58
-133
-206
-283
-358
-430
-492
-546
-595
-636
-675
-715
-751
-787
-829
-875
-927
-990
-1061
-1136
-1210
-1281
-1342
-1389
-1427
-1450
-1455
-1447
-1429
-1406
-1379
-1354
-1330
-1304
-1282
-1260
-1237
-1207
-1175
-1140
-1101
-1056
-1008
-959
-908
-858
-813
-769
-730
-700
-677
-658
-644
-632
-622
-607
-583
-551
-507
-455
-397
-330
-256
-184
-114
-47
18
75
128
180
228
273
312
345
367
382
392
395
394
391
385
374
364
355
345
336
324
306
285
261
239
223
215
217
226
246
274
309
352
395
436
477
517
554
591
631
668
700
723
742
751
759
766
769
773
778
783
785
787
787
785
774
757
734
711
692
683
681
687
707
734
764
795
823
840
842
833
812
784
760
738
714
693
676
657
640
625
608
589
568
545
516
488
456
422
384
341
297
249
205
163
125
93
70
58
52
51
47
37
15
-23
-72
-128
-184
-238
-286
-327
-358
-378
-389
-394
-394
-392
-391
-392
-397
-404
-416
-428
-444
-466
-489
-507
-526
-540
-552
-564
-576
-588
-601
-615
-632
-655
-686
-728
-778
-832
-885
-929
-961
-980
-985
-975
-957
-931
-903
-870
-838
-806
-772
-736
-700
-664
-628
-597
-568
-543
-519
-496
-473
-451
-431
-412
-392
-370
-346
-318
-292
-270
-258
-249
-246
-244
-239
-226
-210
-184
-150
-114
-72
-25
27
82
141
204
271
337
403
463
512
549
578
602
623
642
653
661
664
664
666
666
669
672
670
663
650
633
615
596
578
564
556
553
555
558
559
559
556
549
541
533
526
519
510
501
495
494
500
513
532
555
580
605
631
655
681
704
728
752
775
796
815
833
848
865
885
907
930
952
970
980
982
974
959
937
910
876
836
792
747
703
664
629
598
571
546
522
497
472
448
426
407
394
385
375
367
359
350
339
326
313
298
278
256
227
188
142
91
34
-23
-80
-139
-198
-257
-314
-368
-417
-459
-498
-534
-566
-598
-631
-667
-704
-745
-785
-823
-859
-894
-929
-963
-999
-1034
-1064
-1085
-1100
-1108
-1107
-1102
-1094
-1079
-1063
-1044
-1022
-995
-964
-930
-890
-846
-799
-743
-681
-614
-542
-465
-386
-310
-238
-168
-104
-46
12
64
110
149
177
194
202
201
194
184
173
159
146
133
117
100
82
64
45
26
7
-14
-34
-56
-76
-97
-116
-131
-146
-161
-179
-197
-217
-238
-256
-270
-279
-285
-289
-293
-298
-301
-307
-311
-311
-305
-291
-270
-247
-219
-190
-162
-136
-107
-80
-51
-21
10
38
70
102
133
165
197
224
248
267
279
286
291
294
299
306
313
323
328
333
338
341
346
357
375
397
425
451
477
500
517
533
543
554
564
573
580
585
589
592
591
590
585
580
569
554
535
514
493
473
455
439
426
414
399
382
365
351
341
335
331
328
324
316
301
281
259
235
208
182
157
128
98
65
24
-20
-64
-110
-154
-198
-237
-277
-313
-343
-368
-385
-394
-401
-408
-414
-419
-426
-431
-430
-426
-416
-401
-385
-369
-350
-334
-320
-307
-293
-279
-264
-253
-245
-246
-251
-260
-270
-276
-279
-274
-265
-252
-233
-211
-188
-164
-142
-123
-109
-103
-106
-115
-125
-137
-147
-156
-162
-166
-169
-173
-180
-188
-195
-199
-198
-198
-195
-192
-193
-197
-203
-205
-203
-197
-186
-170
-151
-127
-104
-77
-46
-14
18
45
66
79
88
89
83
74
64
51
36
17
-3
-23
-43
-61
-72
-78
-80
-76
-74
-69
-63
-56
-46
-34
-20
-4
10
22
29
35
41
47
54
62
70
77
84
89
95
102
110
120
125
128
128
123
114
104
95
86
82
79
80
84
91
97
107
117
130
142
150
154
152
143
132
120
106
96
84
69
52
31
9
-15
-37
-58
-79
-100
-120
-139
-157
-172
-183
-189
-191
-188
-181
-173
-162
-149
-135
-117
-97
-74
-50
-30
-11
5
14
24
32
38
43
47
47
43
38
33
27
27
27
31
36
41
45
46
45
43
40
35
32
27
24
23
24
30
38
50
60
67
72
71
63
49
30
12
-6
-23
-40
-53
-65
-74
-80
-83
-78
-72
-63
-53
-44
-37
-33
-30
-29
-27
-26
-24
-19
-11
0
13
26
43
57
66
73
72
63
49
31
8
-11
-30
-43
-52
-58
-60
-60
-55
-48
-40
-31
-21
-12
-7
-7
-11
-18
-27
-38
-47
-55
-58
-55
-49
-38
-23
-8
8
22
33
42
47
48
48
47
49
52
58
70
84
98
113
124
134
143
150
156
159
160
155
148
134
117
98
76
57
39
23
9
-2
-12
-21
-28
-35
-41
-50
-60
-70
-82
-94
-103
-111
-115
-112
-108
-100
-90
-81
-68
-56
-43
-30
-17
-4
5
11
12
9
3
-3
-9
-11
-11
-9
-6
-2
2
4
5
5
3
-2
-10
-21
-34
-45
-51
-55
-54
-47
-35
-21
-8
4
13
22
27
33
33
30
23
10
-7
-26
-44
-57
-64
-68
-67
-61
-56
-48
-41
-34
-26
-19
-15
-15
-19
-26
-36
-46
-52
-55
-49
-36
-21
-2
17
35
51
66
79
90
98
99
94
87
76
65
56
50
51
50
50
48
42
35
25
15
5
-5
-16
-26
-39
-53
-64
-71
-74
-71
-65
-56
-47
-41
-35
-31
-26
-19
-9
4
18
31
46
56
64
75
86
98
109
119
125
122
115
105
91
81
73
64
56
47
38
28
20
14
12
11
11
11
7
2
-6
-15
-24
-30
-35
-38
-40
-45
-48
-54
-60
-66
-68
-69
-67
-67
-67
-69
-72
-73
-72
-67
-60
-53
-44
-35
-24
-14
-3
9
22
32
41
46
45
38
27
15
3
-7
-14
-17
-19
-20
-22
-21
-24
-25
-26
-28
-32
-39
-46
-56
-65
-75
-84
-91
-96
-97
-95
-89
-82
-72
-59
-45
-29
-10
7
18
22
22
16
10
3
-2
-3
-1
5
7
6
5
5
6
5
6
10
14
19
23
24
28
33
39
46
49
53
54
53
51
53
58
62
62
59
53
47
38
25
16
12
16
24
34
42
49
48
44
34
26
25
30
36
41
40
36
34
34
34
35
34
29
27
25
23
18
9
-4
-17
-25
-27
-31
-40
-51
-64
-66
-50
-22
9
35
57
71
79
82
78
79
90
100
108
107
103
94
83
70
59
54
53
47
34
20
8
-3
-12
-26
-38
-47
-56
-68
-77
-77
-65
-57
-55
-52
-41
-23
-6
-5
-10
-13
-10
2
14
27
40
49
49
47
46
48
48
39
22
4
-7
-18
-38
-57
-75
-90
-103
-112
-109
-93
-77
-73
-79
-87
-84
-72
-57
-54
-59
-61
-63
-61
-54
-43
-34
-35
-44
-44
-38
-29
-24
-14
-4
9
18
19
19
17
18
20
22
26
33
39
41
46
56
67
73
70
59
46
33
21
15
18
23
17
-3
-23
-29
-20
-9
-12
-27
-41
-54
-61
-55
-38
-20
-22
-46
-75
-83
-60
-24
-3
-9
-30
-38
-18
19
53
68
59
29
1
-5
13
31
27
-2
-28
-29
-9
8
4
-12
-23
-24
-21
-23
-21
-17
-13
-17
-27
-31
-25
-17
-13
-18
-19
-11
-5
-5
-2
12
32
39
28
11
5
10
13
11
10
16
23
24
19
16
19
20
10
-10
-24
-20
-7
7
16
18
16
18
27
46
72
87
83
60
39
36
48
59
51
30
-1
-26
-31
-16
-1
-3
-13
-13
0
23
43
48
25
-10
-32
-30
-4
18
7
-36
-72
-66
-21
21
19
-24
-68
-70
-28
15
19
-21
-71
-95
-74
-22
20
2
-76
-136
-102
-2
63
41
-20
-50
-17
48
86
67
1
-50
-42
16
71
75
30
-22
-28
26
89
101
49
-8
-10
31
50
19
-17
-19
-1
-2
-26
-31
-18
-22
-43
-43
-12
4
-18
-31
2
49
47
1
-32
-9
47
70
29
-28
-25
42
89
59
9
21
70
66
19
13
60
72
14
-34
8
89
96
13
-53
-28
29
23
-38
-63
-28
5
-16
-56
-48
4
29
-14
-68
-57
4
28
-25
-76
-38
38
40
-31
-58
0
43
1
-57
-31
36
49
11
-1
35
58
23
-14
4
38
23
-31
-56
-27
6
0
-25
-36
-34
-42
-46
-23
-2
-17
-57
-65
-32
-4
-9
-29
-47
-59
-60
-53
-50
-51
-57
-61
-57
-47
-35
-27
-27
-30
-29
-13
10
10
-12
-23
6
43
51
30
23
47
66
64
63
82
103
107
106
115
127
129
126
128
142
155
148
133
137
167
186
171
141
139
168
189
181
160
156
163
154
137
134
138
119
87
88
111
110
71
41
56
83
79
47
27
33
47
47
33
17
16
27
26
8
-12
-16
-18
-38
-65
-71
-61
-67
-96
-111
-94
-79
-103
-146
-154
-134
-138
-184
-223
-217
-198
-214
-255
-278
-267
-245
-239
-253
-268
-267
-246
-224
-217
-225
-231
-230
-224
-215
-211
-222
-248
-264
-241
-202
-195
-216
-229
-211
-184
-168
-168
-177
-186
-183
-160
-132
-129
-151
-165
-135
-83
-58
-65
-66
-34
16
57
88
114
134
158
201
252
278
273
271
294
334
362
375
393
420
446
471
498
516
514
503
501
502
491
463
434
412
395
381
364
345
329
318
309
298
281
257
231
210
190
161
128
100
84
67
40
14
7
19
23
12
-7
-22
-30
-34
-41
-58
-89
-124
-151
-161
-161
-176
-204
-234
-251
-261
-277
-305
-341
-385
-431
-469
-501
-536
-582
-624
-644
-650
-666
-693
-710
-707
-690
-675
-678
-680
-663
-628
-605
-619
-637
-619
-585
-577
-592
-586
-552
-525
-528
-535
-524
-514
-531
-556
-550
-512
-489
-505
-525
-508
-460
-427
-415
-390
-328
-261
-210
-137
11
199
336
397
479
653
844
937
945
996
1138
1279
1356
1417
1521
1623
1652
1635
1641
1655
1608
1508
1431
1398
1333
1200
1065
984
911
774
588
422
298
187
71
-35
-123
-206
-286
-345
-382
-425
-494
-576
-627
-633
-621
-608
-586
-536
-459
-386
-341
-312
-278
-228
-173
-123
-80
-34
21
78
125
162
190
207
214
215
207
186
169
161
157
138
101
52
-1
-60
-125
-188
-232
-269
-317
-363
-388
-396
-411
-446
-491
-535
-570
-599
-615
-615
-603
-593
-590
-578
-554
-536
-529
-526
-515
-494
-474
-467
-452
-418
-387
-386
-406
-419
-418
-417
-441
-480
-503
-505
-521
-564
-609
-642
-682
-724
-759
-800
-869
-937
-969
-982
-1008
-1047
-1068
-1078
-1093
-1026
-761
-443
-384
-542
-438
84
514
425
166
334
877
1244
1226
1220
1546
1978
2117
2034
2086
2266
2271
2126
2133
2265
2195
1938
1846
1972
1960
1626
1230
1037
972
785
460
199
111
53
-108
-308
-444
-560
-730
-894
-976
-1027
-1122
-1205
-1186
-1078
-985
-966
-993
-963
-845
-734
-719
-688
-496
-247
-151
-152
-24
220
372
378
377
453
566
637
665
711
798
832
752
666
662
627
466
322
304
291
158
7
-47
-64
-156
-303
-436
-524
-581
-631
-677
-698
-672
-638
-630
-627
-586
-534
-514
-498
-437
-363
-321
-286
-206
-112
-58
-46
-47
-45
-42
-47
-75
-103
-113
-125
-176
-241
-287
-341
-433
-534
-611
-694
-806
-904
-938
-957
-1024
-1120
-1175
-1183
-1207
-1272
-1336
-1367
-1367
-1354
-1352
-1363
-1362
-1342
-1343
-1356
-1335
-1284
-1246
-1205
-1118
-952
-656
-283
-68
-80
13
449
907
981
826
912
1339
1771
1941
1968
2146
2500
2729
2675
2583
2640
2662
2521
2403
2411
2342
2118
1953
1931
1831
1510
1113
834
674
487
199
-74
-193
-224
-353
-572
-721
-791
-901
-1048
-1129
-1156
-1207
-1240
-1164
-1019
-923
-908
-908
-854
-752
-671
-652
-612
-458
-244
-110
-65
21
190
336
386
388
415
478
556
645
723
770
784
777
764
734
663
554
459
420
395
308
180
99
64
0
-123
-272
-415
-535
-611
-649
-680
-711
-734
-746
-751
-749
-746
-749
-741
-713
-680
-650
-603
-532
-449
-379
-348
-344
-328
-294
-277
-276
-262
-235
-226
-238
-256
-278
-306
-338
-387
-454
-520
-576
-629
-670
-698
-738
-801
-863
-906
-935
-968
-1019
-1080
-1117
-1122
-1142
-1178
-1188
-1181
-1177
-1176
-1182
-1201
-1197
-1154
-1110
-1083
-1039
-944
-746
-401
-50
66
57
316
843
1170
1106
1018
1266
1736
2073
2161
2221
2487
2836
2960
2854
2796
2833
2766
2607
2535
2503
2323
2074
1955
1898
1679
1277
874
608
445
233
-86
-358
-450
-480
-631
-857
-1001
-1072
-1173
-1278
-1322
-1333
-1329
-1280
-1179
-1050
-932
-873
-866
-805
-636
-479
-448
-410
-219
20
146
191
276
401
499
541
558
582
623
668
693
712
720
663
557
491
462
362
175
43
21
-12
-155
-323
-421
-486
-593
-744
-881
-969
-1009
-1036
-1062
-1064
-1025
-984
-974
-947
-873
-813
-778
-707
-578
-445
-353
-273
-167
-52
27
60
69
102
163
201
196
187
190
180
135
70
8
-52
-131
-220
-303
-388
-466
-554
-631
-682
-764
-875
-941
-958
-998
-1061
-1114
-1131
-1120
-1139
-1183
-1197
-1146
-1104
-1147
-1178
-1112
-1014
-977
-961
-908
-833
-733
-632
-516
-360
-89
289
527
568
673
960
1196
1199
1169
1326
1624
1851
1956
2069
2221
2423
2527
2380
2174
2104
2043
1941
1953
1963
1803
1544
1796
2405
2073
1163
689
411
290
273
-49
-503
-767
-805
-633
-730
-1141
-1443
-1761
-1847
-1562
-1320
-1174
-1008
-799
-627
-502
-452
-463
-330
-12
334
527
711
989
1228
1384
1334
1079
832
795
826
784
759
623
413
253
46
-247
-574
-817
-935
-955
-1019
-1104
-1033
-944
-853
-836
-991
-1109
-1041
-872
-688
-447
-274
-134
76
197
225
201
174
170
197
221
206
232
236
228
138
-134
-394
-565
-639
-619
-594
-621
-655
-667
-715
-736
-768
-828
-852
-866
-797
-712
-670
-599
-527
-535
-614
-675
-784
-854
-824
-824
-840
-894
-904
-853
-894
-1028
-1156
-1231
-1284
-1237
-1195
-1201
-1109
-984
-879
-873
-875
-781
-674
-523
-261
115
600
1345
2068
2331
2377
2451
2483
2385
2382
2641
2950
3123
3117
3005
2846
2707
2394
1739
1180
923
729
498
420
453
225
-240
-720
-1076
-1300
-1397
-1318
-1164
-981
-804
-670
-584
-442
-250
-241
-263
-105
179
458
696
951
1068
995
817
626
476
375
381
351
269
302
282
27
-192
-284
-526
-782
-852
-797
-636
-465
-377
-378
-321
-160
-128
-190
-71
144
239
348
549
655
641
562
434
299
197
121
38
13
27
-62
-254
-415
-490
-551
-611
-662
-659
-558
-472
-434
-387
-322
-296
-308
-296
-289
-267
-222
-204
-179
-161
-210
-296
-350
-384
-467
-636
-806
-919
-1036
-1155
-1275
-1403
-1506
-1590
-1655
-1714
-1737
-1689
-1662
-1692
-1688
-1562
-1377
-1226
-1062
-883
-766
-692
-610
-557
-516
-456
-385
-313
-235
-123
-93
-134
-91
-51
-85
-90
-14
141
390
816
1475
2100
2341
2336
2305
2277
2318
2433
2595
2813
3010
3009
2818
2663
2567
2259
1678
1158
865
678
554
486
375
72
-390
-862
-1232
-1346
-1244
-1154
-1105
-966
-817
-751
-650
-481
-304
-189
-82
122
388
688
942
1017
931
813
672
500
430
463
440
285
195
213
72
-161
-295
-445
-656
-716
-638
-575
-415
-199
-161
-219
-105
112
205
322
578
756
775
830
894
821
761
695
498
334
275
185
49
-60
-227
-461
-678
-859
-925
-893
-860
-846
-835
-817
-803
-779
-699
-573
-503
-429
-308
-260
-207
-151
-188
-245
-282
-284
-273
-289
-321
-394
-570
-776
-951
-1167
-1353
-1474
-1575
-1629
-1688
-1775
-1869
-1945
-1969
-1914
-1808
-1693
-1520
-1351
-1245
-1127
-1003
-930
-879
-784
-653
-507
-362
-246
-174
-149
-148
-186
-180
-59
51
125
187
232
325
503
828
1370
1963
2345
2504
2569
2596
2621
2647
2711
2811
2895
2919
2850
2723
2594
2351
1843
1266
839
516
309
218
141
-18
-327
-708
-1036
-1249
-1306
-1248
-1148
-981
-773
-589
-396
-188
5
118
170
312
546
786
1006
1157
1184
1105
962
780
606
456
330
216
151
127
-4
-234
-426
-606
-826
-961
-983
-941
-766
-579
-522
-466
-319
-190
-137
-15
194
367
508
662
739
728
693
540
333
243
196
95
11
-40
-158
-332
-533
-727
-806
-808
-808
-770
-676
-584
-525
-470
-407
-349
-300
-237
-165
-71
46
89
61
23
-15
-53
-113
-172
-246
-377
-567
-784
-998
-1181
-1309
-1435
-1554
-1632
-1655
-1685
-1789
-1885
-1928
-1903
-1817
-1684
-1527
-1393
-1263
-1144
-1031
-900
-760
-659
-550
-356
-230
-209
-171
-162
-205
-208
-183
-215
-167
4
117
145
201
343
497
813
1433
2003
2264
2362
2413
2375
2365
2465
2553
2638
2752
2804
2682
2514
2414
2128
1602
1117
807
579
434
419
368
165
-163
-529
-818
-915
-834
-731
-631
-474
-269
-110
-26
131
305
359
395
523
712
892
1037
1073
967
785
577
360
176
96
7
-178
-305
-326
-418
-626
-787
-945
-1125
-1175
-1115
-1013
-820
-565
-406
-320
-152
-5
15
79
272
430
533
668
744
741
695
544
334
205
144
52
-35
-82
-156
-268
-391
-511
-605
-632
-605
-575
-500
-392
-336
-322
-269
-209
-202
-159
-87
-54
-16
2
-48
-126
-178
-244
-342
-443
-551
-668
-804
-949
-1107
-1260
-1397
-1540
-1617
-1634
-1668
-1746
-1780
-1715
-1628
-1514
-1363
-1245
-1160
-1070
-992
-911
-746
-556
-447
-389
-294
-202
-219
-235
-167
-117
-153
-195
-148
-54
49
112
109
119
213
373
573
994
1634
2077
2173
2217
2317
2338
2328
2383
2509
2659
2715
2654
2540
2455
2315
1915
1389
1052
883
694
514
425
334
82
-304
-599
-715
-758
-773
-731
-619
-451
-294
-199
-99
70
187
175
190
359
588
722
751
749
691
541
367
232
159
129
45
-110
-221
-299
-442
-626
-767
-847
-889
-893
-842
-678
-412
-216
-140
-65
32
74
110
241
409
517
566
572
526
478
410
243
85
21
-48
-153
-219
-254
-345
-500
-661
-793
-847
-793
-717
-653
-547
-465
-461
-445
-389
-325
-279
-244
-172
-78
3
39
14
-45
-119
-235
-366
-463
-545
-663
-840
-1045
-1213
-1354
-1488
-1578
-1626
-1671
-1692
-1666
-1618
-1537
-1443
-1366
-1289
-1158
-957
-754
-577
-412
-310
-285
-242
-142
-48
20
44
55
92
127
138
143
190
235
207
177
219
342
535
725
874
1113
1473
1764
1940
2096
2245
2286
2239
2243
2307
2364
2401
2364
2209
2067
1935
1643
1293
1064
850
540
276
156
45
-132
-322
-502
-671
-773
-801
-805
-724
-552
-405
-308
-168
26
161
233
315
431
532
613
705
757
731
638
495
338
240
205
127
31
-5
-73
-248
-421
-529
-644
-732
-728
-688
-610
-413
-210
-146
-73
57
78
75
186
298
372
484
558
559
562
510
357
212
130
41
-67
-122
-173
-293
-425
-523
-619
-683
-695
-715
-696
-605
-542
-524
-494
-463
-455
-450
-426
-383
-320
-258
-224
-235
-273
-326
-421
-527
-616
-716
-825
-926
-1030
-1125
-1230
-1357
-1443
-1493
-1536
-1522
-1450
-1374
-1288
-1186
-1113
-1065
-966
-819
-682
-510
-298
-115
22
132
194
212
224
228
223
255
325
377
407
434
429
421
429
426
450
526
593
633
698
786
943
1267
1610
1769
1847
1956
1972
1891
1873
1902
1888
1868
1852
1792
1751
1739
1584
1260
945
674
384
150
74
49
-32
-144
-265
-390
-505
-597
-649
-615
-489
-340
-213
-67
102
199
224
269
321
374
453
526
569
590
564
473
360
261
141
-28
-192
-292
-356
-412
-452
-480
-517
-545
-540
-527
-493
-430
-376
-324
-224
-87
23
124
232
307
345
371
379
382
410
425
393
354
297
187
60
-58
-194
-331
-444
-546
-598
-616
-659
-705
-733
-768
-810
-836
-819
-749
-661
-581
-511
-469
-453
-472
-523
-563
-582
-603
-628
-649
-667
-689
-747
-851
-948
-1014
-1095
-1171
-1214
-1237
-1229
-1168
-1100
-1033
-933
-844
-792
-728
-631
-554
-481
-370
-273
-221
-138
-15
74
162
272
340
401
500
558
539
535
570
602
652
747
836
872
876
887
1000
1264
1505
1592
1639
1740
1795
1763
1736
1736
1725
1684
1629
1611
1653
1656
1507
1273
1063
853
598
385
296
262
172
28
-77
-130
-203
-329
-466
-533
-524
-498
-432
-266
-83
1
6
1
33
89
145
213
269
290
282
242
206
192
122
-17
-124
-169
-191
-214
-242
-272
-328
-403
-448
-442
-390
-351
-353
-333
-258
-172
-95
-13
65
119
139
155
202
270
327
334
300
278
257
207
149
86
-21
-172
-305
-389
-449
-510
-560
-596
-619
-631
-654
-671
-651
-637
-672
-719
-719
-667
-609
-588
-588
-595
-616
-635
-652
-671
-687
-734
-817
-866
-876
-893
-919
-946
-964
-969
-964
-942
-878
-798
-750
-730
-668
-564
-493
-431
-333
-235
-166
-108
-46
28
113
173
191
237
355
461
532
641
733
732
720
754
795
849
919
954
955
977
996
995
1014
1074
1146
1231
1343
1430
1480
1531
1542
1472
1376
1317
1285
1259
1243
1225
1186
1105
980
805
619
480
366
266
203
167
104
19
-39
-83
-150
-227
-266
-272
-271
-243
-197
-171
-155
-145
-151
-144
-118
-112
-103
-68
-45
-50
-60
-63
-69
-72
-83
-112
-137
-141
-147
-177
-188
-172
-171
-173
-166
-167
-186
-197
-186
-160
-132
-105
-69
-35
-4
17
15
7
5
7
12
19
16
-6
-54
-118
-160
-187
-208
-230
-259
-293
-310
-330
-366
-390
-425
-498
-558
-586
-596
-604
-619
-636
-680
-753
-792
-806
-840
-828
-807
-859
-896
-861
-810
-772
-735
-707
-703
-692
-611
-509
-458
-402
-334
-308
-260
-166
-102
-69
-41
-26
-29
-24
6
32
32
51
87
115
180
269
319
363
414
425
437
486
546
632
728
769
784
830
894
930
948
961
940
900
907
949
958
961
963
933
906
906
889
869
878
864
786
696
645
624
593
560
531
493
478
489
472
422
375
312
253
239
232
210
185
169
147
101
43
-8
-62
-114
-150
-190
-215
-207
-202
-200
-201
-220
-234
-225
-198
-163
-148
-162
-176
-179
-166
-136
-123
-134
-155
-182
-199
-199
-194
-193
-201
-217
-225
-239
-246
-237
-264
-306
-329
-360
-356
-310
-317
-368
-401
-429
-432
-411
-405
-397
-388
-371
-341
-342
-337
-315
-328
-316
-267
-314
-366
-321
-329
-387
-383
-389
-441
-462
-443
-438
-473
-472
-448
-527
-562
-454
-438
-474
-369
-283
-277
-216
-156
-152
-149
-142
-94
-37
1
93
156
144
185
214
151
117
123
118
140
183
279
384
379
376
423
399
369
368
341
364
426
444
467
485
477
490
479
474
527
527
489
524
582
593
579
566
561
540
512
529
532
505
502
475
425
426
425
369
353
377
333
273
260
252
230
212
199
193
203
207
195
173
177
190
148
114
122
113
91
106
108
81
70
55
31
5
-16
-14
-23
-34
-32
-72
-133
-164
-190
-210
-203
-218
-241
-274
-328
-310
-265
-301
-329
-296
-296
-302
-275
-260
-218
-199
-198
-173
-203
-181
-123
-183
-226
-195
-236
-255
-202
-198
-161
-160
-174
-59
-89
-218
-166
-201
-298
-169
-162
-270
-163
-194
-343
-330
-363
-410
-438
-470
-423
-421
-390
-248
-263
-335
-259
-294
-381
-321
-284
-222
-89
-43
-23
14
-22
-28
47
73
84
89
84
150
199
192
156
111
116
133
174
218
233
272
280
252
284
322
324
317
306
383
464
439
437
454
457
469
439
426
444
414
382
401
389
340
335
332
323
330
306
251
201
182
185
158
141
183
144
74
104
90
31
24
-12
-71
-68
-33
-41
-42
-5
-23
-75
-46
-71
-180
-155
-124
-177
-126
-56
-96
-82
-20
-59
-91
-56
-28
-33
1
85
75
89
177
126
82
155
69
-35
75
62
18
141
118
91
132
33
-1
25
-30
-19
-9
-75
-21
9
-20
26
-80
-124
-84
-192
-61
53
-93
18
106
-19
43
-7
-155
-33
-75
-134
27
-64
-90
-36
-264
-304
-217
-335
-359
-276
-340
-371
-266
-295
-397
-345
-363
-465
-432
-436
-444
-326
-272
-284
-285
-273
-202
-218
-254
-100
-82
-143
-3
3
-82
83
207
112
143
232
206
226
290
284
269
304
316
329
355
341
328
345
344
300
286
327
351
299
307
398
282
177
234
139
50
82
87
87
165
138
-3
2
-5
-45
-62
-27
4
-61
5
90
33
-4
88
-44
-164
43
-77
-149
40
-6
-76
-59
-18
-72
-153
-173
-207
-212
-174
-159
-209
-114
29
-126
-167
11
-174
-235
-1
-86
-19
150
60
113
138
89
166
89
79
227
81
145
375
227
233
310
251
193
196
184
70
129
66
101
231
-13
66
274
-43
-108
192
30
3
206
93
142
137
160
236
55
128
157
-1
74
152
57
35
62
-46
-81
-133
-162
-253
-302
-125
-373
-361
-222
-496
-246
-219
-446
-248
-266
-293
-128
-238
-268
-123
-246
-135
11
-95
18
55
-7
-59
-2
98
-49
-31
113
52
-10
91
144
54
38
50
27
20
90
150
90
113
204
54
1
237
107
32
246
97
78
238
116
56
188
153
57
91
85
115
32
38
120
-105
-93
-21
-100
38
34
-124
-30
81
-73
-56
-28
-161
-132
-126
-25
-10
-68
44
-72
-123
33
-36
-127
-86
-219
-135
-17
-202
-37
-23
-202
-59
-10
-95
-73
-73
-68
88
-159
-136
126
-222
23
230
-116
81
189
-83
16
231
24
-30
177
121
-29
228
364
-50
66
294
-56
-101
162
224
-7
-39
273
134
-17
359
230
-27
369
343
112
356
332
162
135
164
274
73
-56
224
170
-217
-35
177
-257
-219
-3
-460
-379
70
-359
-400
-26
-335
-387
-374
-327
-181
-430
-274
-111
-324
-68
115
-269
-87
190
-180
-102
198
91
-32
52
110
12
-3
38
9
-34
38
55
-116
-107
109
-59
-184
56
-7
-14
77
41
148
126
-9
57
104
-8
37
59
23
121
121
112
134
34
24
33
-163
-13
156
-155
-43
262
-40
-55
276
-121
-135
268
-165
-127
299
80
-2
167
142
77
34
23
-12
-130
-34
-53
-222
-57
-22
-201
-108
-42
-278
-347
-137
-278
-383
-39
-167
-322
4
-35
-194
-11
93
-117
-41
121
29
164
188
80
80
114
200
194
154
197
43
54
272
14
22
177
-145
53
160
-111
96
128
76
165
32
151
171
94
206
111
204
283
141
300
316
96
80
74
64
-20
-90
-17
9
-74
-179
-98
-97
-304
-213
-323
-386
-55
-211
-339
-42
-68
-291
-89
20
-347
-166
51
-103
7
71
173
-10
12
235
-209
-193
61
-126
-58
86
-14
-70
70
5
-127
-84
-68
-138
-84
-17
-55
24
18
125
207
58
279
218
-29
276
186
-37
119
265
45
-36
358
77
-180
187
-81
-301
125
-48
-350
141
44
-180
71
-21
35
-140
-48
296
-257
-83
367
-169
64
449
-17
-16
275
36
-88
108
13
-155
62
82
-126
-132
21
-10
-346
-212
32
-335
-228
94
-232
-103
61
-190
10
2
-76
63
-17
138
85
36
322
108
26
197
136
167
133
171
250
89
115
275
32
-26
263
69
-55
145
61
-44
195
213
-2
104
303
71
-116
287
85
-371
174
168
-416
139
229
-515
22
156
-598
-252
-7
-383
-310
-78
-109
-252
-235
-38
-259
-359
63
-154
-328
123
-85
-284
137
7
-288
131
149
-312
34
188
-213
38
250
-19
-9
172
203
1
-21
312
20
-163
289
38
-60
338
43
62
308
-74
43
288
71
10
99
129
-13
54
37
-105
44
52
-89
-77
-7
-140
-180
-55
-214
-211
-1
-211
-301
64
26
-354
31
123
-353
15
197
-134
4
179
7
-50
228
90
-136
10
168
14
-85
181
-31
-224
83
-74
-236
42
38
-267
-10
199
-189
-110
-2
-232
-139
7
8
65
128
162
171
166
187
96
-45
46
178
130
56
195
224
214
137
-32
110
36
-97
-3
-78
14
51
-33
64
37
-34
14
14
56
11
-4
117
-13
38
129
-68
-39
-18
-68
-66
-7
178
16
-108
-7
-24
-52
-129
-95
-143
-183
27
-140
-256
29
-189
-203
-32
-246
-110
-219
-183
-5
-155
98
-4
-90
112
-50
44
151
-57
37
189
46
46
63
100
186
84
78
37
-16
57
112
114
29
245
139
-22
253
-35
-28
242
-24
89
209
-13
219
130
-161
232
-36
-335
171
6
-162
198
26
-109
30
-211
-131
-70
-146
75
-156
-48
159
-178
72
75
-268
29
261
-47
-99
211
-29
-24
176
-151
-137
101
-131
-175
132
-144
-243
37
1
-162
-277
-51
-44
-282
-54
33
-342
-28
215
-328
-20
255
-214
8
228
-44
123
147
36
135
17
113
170
2
123
152
32
96
94
-11
37
-49
-142
-18
-17
68
47
-14
153
-57
-51
222
-114
-209
220
31
-263
251
286
-153
140
146
-219
46
124
-70
-22
-14
63
-65
-149
154
-172
-322
121
-259
-409
86
-61
-282
-14
-94
-289
-144
-4
-204
-363
43
-20
-292
173
67
-216
232
184
-138
198
71
-27
204
73
45
76
132
59
23
186
140
46
94
187
-1
25
148
18
181
182
-20
195
192
-97
134
251
3
143
210
70
198
119
38
138
1
11
73
-42
71
24
-96
69
-49
-92
7
-136
-164
-109
-149
-127
-159
-155
33
-151
-156
5
-253
-97
-48
-284
-132
19
-188
-44
154
-215
-170
-6
-137
-195
-110
-126
-226
-7
7
-98
45
75
85
-11
-38
167
-1
-74
227
-54
-68
326
20
30
291
-102
48
112
-92
113
-73
-18
179
-20
-102
80
2
-123
49
-72
-13
66
54
79
49
188
138
11
62
184
-4
9
355
66
-44
230
88
34
209
-13
-171
48
-19
-101
-163
-119
0
-351
-214
99
-207
-263
-49
-191
-226
59
-199
-185
33
-192
-100
-16
-105
66
138
-58
6
199
20
-32
176
93
-159
129
189
-94
162
139
-127
2
108
-41
-96
182
159
-80
177
219
-64
185
261
-105
35
180
-94
162
365
92
32
172
182
-4
107
179
-208
-104
138
-219
-89
101
-181
20
-43
-149
-55
-200
-152
-256
-291
-75
-141
-152
80
-81
-154
-23
-153
-166
7
-12
-151
-60
119
52
7
63
39
-68
-83
-1
-3
-79
-56
25
-64
-3
86
3
24
5
-60
8
-21
-124
-5
186
-18
89
158
15
46
101
26
-28
131
20
-31
230
222
2
38
246
-84
-138
192
-20
25
166
32
-2
54
-7
9
107
51
83
108
-33
188
134
-139
-109
-5
64
34
-12
28
-53
-33
-111
-131
5
-99
-32
-12
-115
6
-36
-78
21
-36
-40
93
18
3
105
-30
-81
18
23
-107
-67
141
85
-89
96
153
-43
-35
15
14
9
-10
87
78
49
199
76
-100
201
26
-207
125
42
-188
86
157
-90
14
72
-36
-70
-57
139
-117
-112
229
-202
-146
132
-208
-83
58
-151
-26
-2
-120
-54
-90
-72
25
-230
-171
108
-51
-142
93
59
-276
-122
21
-265
-86
137
0
-110
63
166
-176
-167
158
-141
-250
238
122
-200
149
172
-82
133
63
-55
57
68
88
-48
-66
132
119
-106
98
102
-204
98
8
-217
60
-54
-180
94
59
14
125
-24
-14
11
-116
-73
91
60
-46
204
147
120
344
34
-125
108
158
-15
3
239
72
-43
235
181
-117
38
105
-73
-68
-73
-61
-15
47
-57
-81
50
-115
-65
-34
-59
-10
-125
-55
85
-47
-113
43
-155
-235
77
-59
-103
69
-8
-116
-8
-167
-226
-28
-80
-72
-11
167
198
13
152
13
-160
135
2
-88
167
7
28
325
78
-56
186
-46
-147
160
30
-71
26
60
-98
-48
66
-177
-153
29
-84
-155
-35
10
-126
-33
153
-40
-161
143
27
-168
59
20
-104
11
117
-33
-17
238
-67
-180
52
-172
-77
112
-22
21
72
-10
3
94
-63
-24
85
40
81
9
111
42
-30
158
-11
-6
225
-32
-91
207
-55
-118
183
-72
-115
80
118
21
-96
121
-37
-258
120
119
-235
53
157
-161
63
164
-121
-76
102
-44
-129
147
174
4
-38
136
82
-76
131
142
-167
0
180
-206
-28
245
-259
-128
216
-119
-272
74
-30
-257
104
-2
-216
-29
55
-29
-226
132
171
-294
-30
51
-223
-66
30
-88
-114
55
97
-49
-8
77
-177
-134
180
-131
-197
172
-14
-81
239
60
-204
179
157
-156
109
262
-37
-40
260
51
-32
192
5
-70
60
124
37
-12
34
-113
28
87
-141
-27
-51
-114
8
4
61
-99
-95
34
-144
-20
70
-191
-81
119
-52
-5
71
-38
-35
20
146
-3
-91
95
-55
-89
148
-36
-188
29
-50
-36
139
-39
-32
96
-50
-10
131
-5
-51
103
145
155
21
-28
140
19
57
175
27
94
220
122
17
141
127
-115
100
182
-116
-43
49
-54
-23
11
-85
-118
15
28
-44
-55
24
-115
-185
104
31
-95
-32
-1
13
-111
-2
61
-86
-27
35
-3
51
55
-87
-91
-88
-112
-50
-155
-37
133
-85
56
113
-131
1
-36
-159
-1
-17
-87
105
111
13
99
41
-8
-6
-84
15
-53
-42
140
62
70
205
19
-101
70
-113
-90
72
-131
44
171
101
81
115
85
-41
-101
-1
-13
-252
87
176
-152
99
140
-51
44
-7
-141
-88
-141
-130
61
-118
-107
122
-106
-123
-42
-125
-169
-164
20
-121
-196
111
46
-228
150
88
-300
154
110
-229
27
150
-48
-73
138
93
-132
42
219
-142
37
212
-180
31
196
-72
64
170
-15
75
24
-83
132
97
-23
-28
-57
109
60
-52
68
29
25
8
-14
92
86
-45
24
104
-40
62
32
-43
76
-9
-44
111
86
-112
-11
91
-39
56
54
-62
77
35
-101
14
-42
-153
-15
71
-114
-31
45
-16
86
-25
20
15
-138
93
-47
-195
114
70
-231
85
222
-165
-7
145
-132
-160
118
104
-140
-67
125
-28
-198
162
164
-250
68
133
-225
56
207
-41
76
134
15
14
-17
68
58
-127
61
153
56
85
45
-7
-70
-53
156
15
-164
153
98
-201
41
121
-144
-16
98
-190
-83
36
-139
-73
-124
-17
1
-274
53
-56
-258
214
-86
-280
116
-11
-77
96
66
-3
24
169
168
4
7
39
-56
91
178
-34
17
299
11
-129
275
-13
-231
59
5
-53
-69
-28
75
-67
-92
87
-119
-118
35
-83
-25
-4
-20
9
-12
59
106
13
-58
-131
-61
-24
-143
62
77
-155
29
112
-65
64
39
-107
10
-8
-90
-22
0
29
-6
-60
83
46
98
66
-82
105
92
-86
25
116
-140
-30
22
-67
96
-5
-16
-37
-72
96
-92
-250
143
40
-306
80
110
-195
7
-14
-81
101
-49
-32
-2
21
53
-68
25
86
-3
-19
31
16
82
24
30
54
54
155
-87
-55
182
-65
-150
147
85
-70
111
32
-37
89
85
-63
-69
115
-13
-147
109
27
-151
14
87
26
-62
-50
36
-80
-95
83
23
-97
92
79
-108
17
90
-82
-161
10
30
-13
-26
128
172
-130
100
62
-210
176
-27
-207
63
-7
60
27
-102
113
-86
-158
122
-166
-115
133
-262
-112
204
-65
-84
59
-46
-45
40
37
95
-87
-78
105
-146
-24
262
81
-85
118
29
-211
67
121
-71
-75
97
37
-91
84
111
-62
-61
119
4
-140
79
133
-120
17
228
9
23
128
-26
-60
-41
37
-29
-151
205
85
-242
113
68
-174
-15
-10
-97
-70
-5
76
-23
-64
44
-8
-125
141
117
-181
48
118
-87
-59
83
-70
-99
157
13
-71
65
124
-141
-172
178
-39
-102
92
-19
18
-16
-47
164
-75
-166
194
-93
-7
304
-103
-10
172
-78
-157
44
34
-128
-38
48
-2
15
171
-21
-256
86
199
-194
-132
111
-63
-190
32
232
-37
-90
169
-24
-147
47
90
-105
-29
32
-11
107
44
62
62
-71
40
109
-99
-17
135
-164
-5
242
-131
-26
257
-58
-67
154
-61
-134
-12
27
-54
-152
61
154
-171
-37
205
-203
-141
122
-207
-85
242
-88
-54
218
-83
-46
123
-44
4
-78
-153
82
142
37
49
34
44
69
-138
-71
191
-82
-177
95
70
95
165
24
-32
-13
0
-61
-9
50
22
18
116
125
55
-29
-101
-39
-74
-2
58
-13
164
57
-117
28
83
-84
-109
-66
48
97
-98
26
142
23
52
-75
-72
124
-101
-167
132
24
-83
42
-23
98
21
-111
-28
-209
-6
63
-181
41
147
1
-108
116
125
-257
-157
89
-86
-144
35
87
-53
-43
45
-98
-202
37
60
-276
-38
204
-172
-124
85
-65
-88
-12
-1
23
-53
74
153
-107
11
154
-31
30
161
-18
-83
65
47
-23
-13
68
90
-164
-46
154
-117
-126
-17
-90
-76
34
-16
-144
-40
-13
-12
-43
-18
-12
-45
14
-55
134
126
-117
29
138
-48
23
191
-15
0
102
-1
-21
57
98
-84
-26
203
-7
-46
232
112
-93
38
124
-82
-79
100
-12
-134
168
260
-138
17
254
-160
-124
209
-73
-183
139
71
-133
28
75
-100
-147
17
135
-103
-76
124
-9
-45
70
56
-121
-62
85
-135
-18
108
-141
-28
30
-10
79
5
-25
1
-143
-57
72
-191
-22
107
-56
79
26
-84
-45
-69
-114
-86
-84
-42
74
18
7
31
-93
-24
-71
-237
-19
59
-73
38
112
-41
9
48
-60
52
-2
-16
128
45
111
22
-31
118
-16
-3
127
42
63
134
-73
-2
124
-71
135
77
-90
163
12
-57
145
25
-73
4
10
-14
32
-26
33
71
-31
78
43
-140
83
44
-198
43
3
-108
93
-10
-57
76
-41
-91
84
-70
-63
104
-108
-24
63
-157
-83
65
-78
-31
163
-71
-15
59
-120
97
-12
-172
191
46
-95
202
115
-123
18
56
-123
-24
131
14
-49
20
91
57
-76
-45
40
-27
-103
45
92
-52
54
6
-112
13
-36
-43
86
-8
-11
99
-69
47
104
-226
-20
49
-154
-25
-48
26
45
-121
-24
-36
-106
-45
-37
-96
-40
24
-99
24
102
-73
-74
27
50
-79
-30
108
-13
-59
120
56
-81
136
90
-220
9
166
-156
-103
149
-23
-79
117
58
-54
-3
35
-25
-124
-18
107
-26
69
246
81
-11
24
52
-5
-112
44
92
-39
42
152
64
-55
-5
39
-67
-74
57
79
-40
38
64
-106
-103
-30
-77
-136
14
99
-37
12
105
-53
-73
71
-92
-120
120
-60
-102
195
-29
-146
67
-43
-139
-10
4
-52
101
102
60
85
-38
-6
-49
-29
158
8
-45
118
6
-19
111
-58
-29
53
-96
88
136
-85
94
68
-161
128
168
-167
18
159
-116
-78
71
18
-43
-19
76
48
7
59
82
-109
-22
100
-174
-98
65
-51
-58
69
-74
-138
36
-88
-89
-2
-81
-40
-24
5
53
-35
-130
-2
25
-88
8
37
-48
17
-13
-39
25
-28
-103
-75
37
38
35
102
-28
-124
33
-21
-56
45
-97
-23
22
-28
164
52
-83
84
-46
-134
58
9
-29
45
80
56
19
38
0
-42
1
47
-41
-65
41
6
-23
23
10
28
91
-13
-29
133
14
-74
61
-13
-43
107
19
-33
133
45
-35
-53
22
43
-191
-83
129
-1
-76
71
31
-46
38
-17
-112
-85
15
-44
-81
11
24
65
27
-3
110
67
-53
7
24
-5
37
13
90
66
-78
113
73
-168
33
16
-56
51
-1
58
9
-105
59
52
-217
-62
111
-94
-76
135
79
-138
-64
45
-43
-66
22
48
9
14
62
25
-52
64
97
-40
27
114
-6
-148
7
60
-6
44
19
59
22
-9
10
-10
-35
-109
-10
-43
-117
66
63
-81
31
19
-102
-45
-50
32
-10
-59
104
9
-51
42
95
59
18
63
41
41
45
37
39
61
39
38
117
16
76
169
-17
56
145
-62
-88
38
-71
-59
22
-23
39
0
-50
-24
-72
-103
-70
-145
-120
-16
-106
-48
30
-90
-54
3
-103
-58
-25
-125
-22
56
-84
16
155
-84
-41
84
-105
-65
29
-59
-15
102
7
-3
15
20
11
-123
-9
-59
-134
46
21
-17
18
20
28
-76
-96
70
-19
-103
85
15
-66
104
36
-44
44
-51
-118
28
49
-29
-10
54
21
-59
47
6
-92
132
69
-103
75
85
-20
25
-50
-6
50
-49
101
91
-80
61
68
-68
60
15
-114
18
-74
-59
124
-10
-67
43
-54
-103
43
-28
-84
35
-13
-52
109
110
-51
31
55
-53
-11
104
70
-51
14
33
8
27
47
93
0
0
96
14
55
136
-97
-33
105
-81
64
148
5
58
16
-38
10
1
55
3
-86
75
58
-45
71
-19
-94
-17
-84
-89
-33
-96
-68
-61
-118
-37
-79
-83
20
-90
-55
34
-133
-162
-29
-36
-51
-27
33
33
-55
-37
14
-64
-85
60
-1
3
197
107
-21
-5
12
-46
-72
-10
7
-24
21
101
58
57
66
-64
-129
-21
13
16
73
75
113
61
5
115
75
-79
2
49
-61
77
187
73
121
125
-2
59
72
13
18
23
1
14
80
7
9
16
8
45
-55
-18
40
-24
-40
-15
-18
-1
0
-12
49
-62
-116
22
-23
-76
-1
-48
-108
-48
-36
-24
89
47
-88
-59
-127
-78
38
-111
-16
41
-144
6
106
-87
50
92
-79
33
-25
-20
99
-12
-18
51
34
55
81
-27
-18
49
0
-26
19
67
-60
31
146
-53
-11
108
-47
-143
7
31
-42
15
39
11
-34
18
-25
-104
-24
-43
-54
45
50
-5
31
8
-67
-46
-68
-65
-33
-59
-50
-19
-23
-7
37
9
-64
-52
-90
-151
4
45
-83
40
111
-43
30
97
-26
5
57
-12
-18
85
135
94
74
75
25
-32
30
13
-71
70
132
22
68
67
44
115
13
-17
84
0
21
180
66
57
149
-5
63
112
2
112
24
-65
117
39
-39
46
31
7
-90
-29
-19
-189
-30
12
-158
-40
54
-85
-85
64
-50
-129
32
-49
-157
-44
24
-70
-145
-51
-32
-103
-58
-14
-107
-85
-3
-62
-76
-78
-23
-31
-110
30
0
-98
53
41
-112
-73
35
15
27
75
38
-22
41
75
-41
7
48
11
44
52
75
57
9
19
34
17
15
51
95
74
29
68
36
39
47
-35
-14
-29
-75
18
23
-17
8
-39
-35
-7
-64
-73
-49
-32
-64
-111
-32
-29
-94
-14
-63
-82
20
-46
-90
-13
49
-79
-87
119
-4
-96
35
31
-58
-59
114
105
-44
61
61
-110
56
156
-103
-72
29
-36
-32
15
101
-28
-105
4
-6
-52
-10
92
22
-26
63
45
-2
76
98
-3
70
98
36
68
82
93
62
48
62
55
80
146
91
-32
20
14
-51
15
81
3
-59
59
21
-84
84
30
-185
-56
-53
-158
34
54
-90
-3
-19
-108
-49
-85
-115
-120
-96
-16
-81
-23
153
-9
-97
109
-12
-138
28
-20
-51
61
-11
37
138
19
13
65
-11
-40
15
60
93
58
-15
65
101
38
-17
-10
67
-11
-97
27
109
42
-9
23
60
-23
-66
36
16
-93
-65
15
17
36
69
29
-12
31
5
-132
1
147
-72
-111
88
108
11
-8
53
35
-38
-52
-20
-47
-53
4
-62
56
113
-73
-18
21
-17
-77
-85
27
28
-35
-27
76
67
34
18
-16
49
-27
-76
46
70
45
34
34
94
71
-10
38
79
17
-13
17
34
64
6
-67
40
36
-36
25
-19
-29
6
-96
-44
2
-113
-27
34
-42
12
-13
-62
2
-53
-120
-59
-13
-12
-39
7
115
-14
-75
51
-85
-136
-28
-51
-50
-34
-29
8
0
-21
-27
-54
0
18
-44
-30
-10
26
-37
-34
110
35
-24
29
-3
-23
-35
-54
-20
41
-38
-36
61
-16
23
2
-161
-64
-25
-160
-28
108
-24
-40
29
26
-7
-58
-29
8
29
32
3
89
148
-3
-46
70
64
-15
-8
39
65
51
25
47
64
45
-79
-87
67
-30
-90
37
53
-36
-68
-42
14
53
-91
-57
24
-62
16
22
-4
41
16
-30
26
116
50
3
50
109
24
-38
138
65
-66
91
61
6
122
1
-56
92
38
-72
-45
29
1
-79
-22
114
60
-55
16
23
-15
-57
-52
9
-8
15
-26
-21
107
96
-57
-53
40
-35
-112
-97
14
-16
-163
-45
108
-14
-95
-9
-56
-94
-89
-89
-4
-33
-35
70
41
38
77
-85
-64
110
-33
-77
26
41
63
-10
-17
98
27
-120
-27
46
-39
-70
-84
51
46
-122
-13
21
-16
59
8
-35
63
38
-24
53
57
62
66
43
113
124
36
44
80
-21
-47
37
34
15
81
87
37
26
0
-32
-75
-27
-38
-106
-10
53
39
17
36
-5
-59
-53
-142
-72
43
-45
-41
76
56
-19
50
17
-110
-82
-6
-41
-69
87
91
-33
32
119
7
-89
69
50
-107
-35
86
3
-24
152
57
-67
19
75
-23
-89
22
-4
-40
11
55
44
37
48
-40
-9
-31
-19
66
-34
-1
89
25
-21
24
22
3
18
-16
28
9
-67
-6
42
-20
-102
-39
-17
-78
24
12
-111
-21
-34
-162
-57
-15
-61
-38
-67
11
15
-116
-31
46
-74
-34
63
-35
11
69
-43
-6
34
-14
-6
22
37
19
-18
-21
82
30
-70
40
37
23
52
24
16
52
24
-44
112
121
14
92
83
39
95
65
-44
38
53
-8
50
62
76
1
-43
14
-26
-51
-15
-29
-42
23
46
11
-29
-15
2
-77
-8
20
-81
40
39
-58
42
40
-9
-48
-86
-35
-38
-59
27
5
-91
-35
-83
-114
-58
-111
-86
-57
-51
-63
-42
57
-7
-106
-98
-55
-41
-57
-44
-8
65
51
20
94
68
15
27
-29
-37
52
43
40
106
87
91
98
52
26
2
-55
-90
30
55
15
75
58
77
58
-17
-6
-12
-75
-35
31
-16
42
95
56
38
-5
-54
-49
-46
-114
-18
2
-106
-7
-12
-86
-27
-30
-118
-104
-82
-115
-22
13
-43
-45
-3
-13
-76
6
54
-47
-3
66
-14
15
78
29
-16
-30
25
27
-9
66
81
-40
-36
78
-1
-48
31
10
-39
14
67
4
11
56
-8
-38
68
95
-12
35
85
8
12
76
60
10
49
83
27
0
67
53
-31
-6
46
9
5
38
1
5
-8
-11
24
-32
-16
16
-5
10
-7
-5
43
-9
-49
27
6
-50
-11
43
24
-40
-9
-31
-97
4
48
-34
-24
4
-42
-49
15
37
-20
-59
25
94
9
7
49
-9
-38
-20
71
69
16
78
61
-12
7
20
-38
-44
7
65
25
1
121
46
-91
2
-23
-117
-30
-15
8
37
-28
37
53
-27
-24
2
-9
-46
-44
23
25
-18
52
61
-22
10
13
-29
-4
-67
-68
15
-9
-13
-10
5
60
22
-52
-19
-37
-80
-37
-40
-5
70
-6
-52
65
32
-41
-2
-38
-72
-72
-65
-13
-34
-77
-14
-60
-83
8
-38
-96
-59
-60
-71
-16
-22
7
17
-24
10
18
-25
-74
-1
17
-68
-33
32
-10
-53
37
39
-107
-104
9
-60
-133
-19
35
-74
-72
31
-6
-67
-28
6
-95
-95
77
42
-53
37
91
73
38
59
84
-44
-109
-26
-13
-78
-24
-20
68
22
29
282
-146
-111
66
-366
-205
-91
-226
-146
36
9
113
259
123
274
195
129
344
330
332
410
506
454
494
563
441
480
395
310
390
330
284
265
184
33
16
-48
-212
-177
-257
-325
-303
-344
-309
-284
-334
-362
-305
-345
-339
-233
-278
-245
-198
-219
-177
-195
-231
-247
-243
-243
-238
-182
-180
-160
-135
-163
-182
-192
-235
-275
-220
-202
-197
-107
-61
-16
49
26
26
91
72
58
114
110
116
173
192
203
219
191
176
192
136
125
144
50
45
70
11
-2
24
25
21
63
76
37
52
70
12
16
56
17
36
92
94
116
105
67
46
47
66
3
-42
-27
-22
-30
-41
-16
-51
-106
-115
-141
-154
-127
-114
-107
-70
-78
-48
16
-15
-19
10
-33
-46
0
1
23
62
58
56
70
70
61
74
64
43
46
75
85
99
127
125
135
117
116
149
137
152
167
141
155
178
137
123
154
122
63
77
92
48
4
5
0
-45
-47
-36
-71
-93
-88
-77
-98
-108
-92
-130
-138
-69
-78
-102
-57
-64
-79
-54
-62
-72
-59
-59
-57
-17
7
-33
-37
-19
-41
-65
-77
-50
-38
-59
-32
15
16
-30
-37
-24
-53
-58
-32
-26
-26
29
45
24
28
-20
-27
-23
-26
0
0
35
73
95
94
71
38
14
-1
-32
-3
20
-18
-1
25
11
9
-16
-58
-57
-31
-35
-50
-8
-6
-28
-18
-35
-16
2
-44
-59
16
54
8
37
43
-1
3
31
41
6
23
33
41
59
51
64
24
19
25
22
55
69
52
24
50
71
87
67
8
21
8
-15
29
29
-14
-7
29
32
16
30
-4
-43
-40
-56
-35
-15
-4
1
-17
15
39
0
-20
-30
-59
-52
-42
-18
10
-9
-14
2
23
13
-15
-25
-31
-51
-42
-4
-30
-31
-5
-8
25
28
-9
-12
-11
-45
-67
-25
5
-16
-12
4
9
36
8
-55
-30
-43
-84
-30
10
-5
5
20
-7
-2
10
-36
-56
-58
-68
-53
-26
-6
-2
-19
-24
-7
-19
-40
-8
-27
-62
-39
-22
-6
-9
-19
-37
-37
-24
-20
-9
-29
-24
-27
-36
-10
12
4
-12
-9
-38
-28
4
-14
-16
-5
-13
-1
41
58
57
40
35
33
18
28
35
48
29
3
50
78
64
70
57
12
20
46
48
62
36
29
53
39
48
63
24
-12
0
-14
-14
48
28
-13
21
41
31
26
20
3
-29
-46
-35
-25
-17
-9
2
14
7
7
11
13
10
-16
-16
7
-4
5
18
10
29
1
-42
-20
-23
-54
-45
-27
-29
-12
5
7
22
12
-10
-15
-32
-41
-31
-10
0
13
19
2
14
7
5
-3
-25
-3
9
23
44
35
14
15
-1
-32
-35
-37
-32
-18
-12
6
27
25
30
32
25
9
-5
-10
-25
-11
-2
-3
-11
23
49
22
37
31
14
-8
-8
-1
-25
2
13
14
48
67
54
30
32
29
8
25
46
16
38
85
85
78
90
94
62
37
35
36
19
22
31
13
17
22
12
-5
-15
-33
-65
-48
-40
-60
-45
-34
-49
-51
-39
-67
-71
-53
-84
-66
-55
-72
-37
-37
-44
-15
-35
-41
-12
-40
-43
-17
-36
-34
-2
-18
-3
37
10
10
26
8
-5
-12
-19
-5
-1
-26
-2
20
-6
-1
12
-11
-33
-19
-24
-33
-10
-15
-9
13
2
11
27
24
19
2
4
24
16
3
28
45
25
31
22
6
25
6
1
6
-3
6
-13
-22
-8
-26
-57
-51
-51
-74
-52
-15
-23
-28
-17
-31
-48
-51
-52
-66
-70
-55
-56
-37
-7
-2
-12
-11
2
7
10
3
17
28
11
36
49
50
61
53
65
83
86
75
85
93
84
75
52
61
57
30
21
15
2
-16
-15
-12
-13
-12
-34
-41
-42
-55
-40
-45
-69
-73
-71
-58
-60
-48
-38
-51
-42
-29
-25
-21
-13
-19
-19
-11
-16
-3
-2
-14
-9
-22
-32
-23
-4
-14
-20
0
7
-4
-10
-11
-32
-27
-30
-48
-26
-18
-19
-5
16
2
-5
11
-3
4
30
31
21
36
47
48
55
43
39
40
32
37
50
57
49
55
46
38
60
44
42
46
36
36
42
55
25
12
16
6
8
10
25
9
12
18
-16
-29
-25
-42
-76
-63
-47
-51
-34
-19
-23
-41
-40
-36
-46
-47
-36
-27
-26
-12
2
-3
-5
4
-1
-7
-11
-6
5
-4
-5
-8
-17
-10
-2
-3
-8
5
13
7
17
33
18
12
35
22
18
28
15
22
27
23
30
48
50
39
45
24
11
15
-4
-5
-5
3
8
-2
5
10
-1
-18
-16
-15
-20
-2
10
15
18
15
8
-4
-10
-18
-16
-12
4
18
3
17
22
1
-13
-23
-27
-40
-40
-27
-3
1
-5
4
0
-6
-7
-2
-11
-8
20
32
32
51
69
35
24
44
22
4
26
29
26
46
45
51
47
18
8
-13
-26
-22
-34
-36
-14
0
-5
8
20
-10
-17
-12
-32
-20
-11
-11
15
19
25
35
23
13
4
-14
-21
-2
-7
2
25
17
23
18
3
-7
-9
-17
-34
-12
-8
-8
18
27
23
14
10
8
13
-3
-5
12
-13
-2
24
9
-2
0
0
-23
-22
-17
-38
-47
-47
-49
-54
-42
-41
-48
-45
-52
-47
-52
-61
-62
-67
-67
-54
-40
-39
-26
-23
-14
-11
-25
-19
-26
-34
-44
-31
-4
-16
-10
14
13
-3
3
1
-29
-26
-24
-33
-13
-1
0
8
8
9
7
-14
-20
-24
-29
-19
-13
7
13
1
21
29
11
10
6
-8
-17
-10
3
0
8
11
5
15
13
13
6
-17
-13
-9
-19
-21
2
-4
-25
-6
1
-10
-26
-15
-20
-40
-14
-15
-21
-8
-14
-10
-5
-7
-6
0
-19
-15
7
-13
-9
15
9
0
20
35
16
25
26
13
16
14
24
27
31
50
56
45
52
65
40
32
47
41
37
48
61
62
57
60
54
36
30
34
22
13
22
15
2
1
-7
-12
-22
-33
-27
-31
-39
-42
-37
-39
-48
-47
-54
-55
-51
-47
-34
-26
-22
-10
-10
-19
-14
-13
-22
-11
-3
-8
4
22
16
18
29
20
12
24
26
9
16
29
12
20
47
38
38
50
38
35
40
26
19
26
20
22
35
38
35
31
20
9
7
-3
-15
-14
-13
-17
-7
0
-11
-12
-14
-32
-33
-32
-37
-35
-27
-16
-13
-3
8
0
0
13
11
10
21
16
18
27
20
22
34
30
25
38
34
21
26
12
0
8
10
13
22
16
12
13
-3
-12
-16
-28
-17
-7
-8
2
16
13
-1
-4
-7
-19
-29
-18
-10
-23
-4
9
-3
-6
-5
-12
-29
-24
-20
-26
-16
0
-7
-19
-9
-20
-34
-31
-34
-29
-29
-22
-6
-3
-9
-8
-5
-14
-10
-10
-11
-2
3
5
4
12
17
12
17
22
13
15
23
8
6
16
1
-1
9
5
-3
1
3
-5
-8
-12
-11
-15
-16
-1
1
-2
4
5
1
-3
-1
-11
-14
-12
-17
-11
3
-1
-8
-1
-18
-26
-18
-41
-48
-33
-50
-52
-28
-31
-34
-28
-33
-29
-40
-44
-29
-36
-42
-20
-13
-14
6
11
0
6
14
10
9
22
21
24
33
42
50
43
51
54
43
43
49
42
34
38
37
34
35
33
38
38
28
24
25
13
2
6
