SAMPLES:	14673
BITSPERSAMPLE:	16
CHANNELS:	1
SAMPLERATE:	16000
NORMALIZED:	FALSE
-6
2
7
1
3
3
-3
4
7
0
7
8
-6
3
11
-2
11
9
-5
14
11
3
19
7
4
14
5
15
14
6
15
9
15
19
11
17
13
12
23
16
18
21
12
17
25
21
17
19
16
13
20
22
14
18
15
8
20
17
12
17
8
7
14
10
11
10
2
1
6
3
5
5
-5
-3
1
-7
-1
3
-11
-8
-6
-12
-2
-8
-16
-5
-15
-17
-9
-9
-16
-19
-12
-16
-20
-10
-15
-21
-20
-16
-15
-19
-11
-15
-21
-11
-19
-16
-4
-21
-15
-6
-20
-9
-5
-14
-9
-9
-7
-11
-12
-1
-12
-12
2
-10
-6
2
-8
-3
-2
-4
0
-3
0
-2
-5
6
-2
-6
6
1
-6
4
9
-3
4
6
-8
5
6
-8
11
3
-12
13
3
-7
13
1
-5
7
-4
3
10
-10
6
9
-19
6
15
-21
1
11
-19
-2
5
-11
0
-3
-15
3
-1
-13
2
3
-15
-5
5
-11
-5
0
-12
-1
-3
-14
8
-3
-16
6
-1
-9
2
-3
1
0
-1
5
-4
0
2
-3
10
1
-3
17
-1
-1
20
3
5
14
8
16
10
15
18
8
20
17
14
24
14
18
29
15
21
30
19
23
29
23
26
26
23
25
26
21
23
26
20
18
25
20
15
22
17
13
19
14
12
15
9
5
9
6
3
5
2
-1
0
0
-3
-5
-6
-6
-8
-10
-9
-9
-14
-13
-14
-15
-15
-17
-16
-18
-21
-17
-17
-22
-18
-20
-22
-19
-22
-21
-19
-21
-21
-17
-20
-17
-14
-19
-19
-16
-17
-16
-14
-12
-11
-12
-8
-9
-5
-7
-8
-1
-6
-5
4
-7
1
3
-10
8
2
-10
11
1
-8
9
1
-3
8
0
-3
3
-1
0
2
-1
-2
0
0
-1
0
-1
-3
-4
-3
-5
-3
2
-4
-4
5
-5
-6
5
-8
-9
5
-8
-7
4
-6
-5
-1
-4
-4
-7
-3
-1
-8
2
3
-7
2
1
-7
1
1
-4
2
2
-1
5
2
-4
-1
-3
-5
-1
3
1
-6
6
4
-18
9
3
-50
14
18
-62
31
39
-72
29
35
-83
20
27
-73
17
23
-49
26
21
-36
16
4
-34
8
0
-20
14
8
-5
17
3
-4
8
-5
-5
5
-1
5
14
8
9
13
6
3
7
3
2
11
9
9
19
9
9
17
2
5
14
0
6
18
6
9
18
5
4
11
1
4
8
2
6
7
6
7
3
6
3
-6
2
-2
-5
4
0
2
4
-1
5
0
-4
4
-5
-5
4
-5
2
7
-3
8
8
-3
9
8
-4
7
8
-2
8
10
6
14
14
14
18
11
10
8
6
8
0
16
17
-1
34
24
-5
33
8
-21
18
-8
-13
21
-1
6
15
-2
9
-3
-14
-5
-24
-18
-7
-20
-4
-2
-15
-5
-15
-26
-15
-24
-31
-15
-20
-22
-7
-21
-21
-8
-32
-23
-10
-35
-17
-8
-28
-8
-11
-21
-11
-23
-18
-11
-22
-4
-3
-13
2
-2
-10
-2
-4
-9
-3
-2
-4
2
6
3
8
4
-1
4
-1
-3
6
3
3
11
7
7
12
7
6
6
3
1
3
2
1
8
5
6
11
3
2
4
-4
1
-2
-6
6
0
1
13
2
1
9
-2
-3
2
-3
0
5
5
8
10
9
10
7
4
8
6
2
10
12
9
18
17
10
12
5
3
8
3
9
14
9
12
15
8
6
10
5
-2
5
4
0
11
11
7
10
5
0
3
-3
0
5
1
3
6
3
2
7
6
2
6
2
-2
5
2
3
6
0
2
3
-1
4
3
-1
3
-3
-8
-3
-6
-6
1
-4
-7
-4
-9
-13
-10
-16
-21
-17
-19
-21
-13
-17
-20
-18
-26
-32
-28
-34
-37
-28
-31
-29
-22
-30
-32
-30
-42
-36
-34
-42
-30
-28
-33
-21
-17
-24
-18
-21
-30
-21
-19
-19
-4
-3
-6
9
6
1
14
8
4
15
15
19
29
31
33
36
37
36
40
42
37
44
50
43
52
53
42
51
48
45
52
49
44
44
41
38
38
39
37
31
31
28
22
20
15
9
0
-8
-11
-16
-19
-19
-24
-29
-36
-46
-50
-55
-60
-58
-61
-62
-60
-63
-66
-73
-77
-85
-91
-94
-98
-94
-92
-93
-86
-94
-106
-105
-115
-119
-99
-94
-88
-68
-70
-72
-61
-62
-66
-59
-62
-73
-64
-53
-46
-22
-10
-15
-14
-20
-26
-15
-5
7
10
6
6
0
8
21
16
23
19
-4
2
5
2
25
33
30
41
35
25
31
28
25
35
35
35
49
54
61
76
74
74
77
63
62
67
65
87
111
127
157
169
169
172
161
169
185
194
224
230
218
218
196
181
185
168
153
149
140
153
189
228
254
252
233
192
156
153
163
179
194
186
148
120
100
72
81
87
58
71
63
28
71
62
16
38
-32
-109
-97
-154
-170
-123
-156
-163
-162
-216
-220
-216
-227
-214
-223
-248
-271
-295
-303
-309
-310
-311
-336
-353
-365
-378
-375
-370
-377
-386
-394
-404
-413
-406
-408
-415
-411
-420
-422
-405
-397
-385
-373
-371
-365
-355
-329
-296
-263
-218
-192
-181
-157
-145
-133
-104
-91
-83
-68
-62
-49
-17
25
66
111
146
170
214
261
308
360
384
387
375
344
333
342
350
384
405
413
438
450
466
501
525
540
550
530
508
491
470
462
454
432
411
374
329
296
257
228
210
185
172
167
158
164
167
160
155
129
86
44
1
-35
-54
-53
-46
-29
-13
-25
-49
-78
-111
-123
-118
-101
-77
-71
-66
-67
-79
-78
-101
-139
-165
-206
-215
-180
-147
-89
-30
-21
-28
-50
-104
-148
-167
-195
-214
-199
-203
-197
-152
-141
-134
-126
-174
-222
-248
-278
-278
-266
-246
-220
-217
-195
-195
-232
-236
-269
-313
-282
-259
-238
-165
-126
-135
-122
-126
-198
-215
-202
-258
-235
-173
-175
-79
31
48
102
119
82
80
58
50
50
20
35
34
29
96
100
78
136
124
83
106
86
63
108
153
176
216
254
237
240
284
246
191
149
23
-54
-51
-80
-47
13
29
68
70
43
22
-21
-29
-27
-39
-11
2
31
99
111
118
76
-45
-108
-163
-184
-142
-142
-93
-69
-95
-30
-15
-29
-2
-13
-27
-45
-17
-3
-16
32
-3
-81
-69
-126
-202
-170
-125
-118
-69
-8
-23
-2
81
52
29
96
23
-17
54
-14
-43
-62
-153
-131
-91
-66
-31
0
41
21
51
46
-50
7
17
-34
69
55
-54
57
82
-26
105
72
-86
53
65
12
152
118
47
125
96
38
79
23
4
93
12
27
94
-30
59
111
3
113
75
-38
78
27
-9
101
-12
-20
47
-102
-7
41
-79
56
18
-47
43
-29
-5
-10
-87
-56
-62
-33
15
15
-41
-44
-22
-129
-68
-36
-149
-11
-28
-92
41
-60
-113
-91
-196
-82
-18
-93
79
7
-88
87
-112
-160
48
-194
-71
120
-163
99
159
-197
196
143
-158
294
21
-127
322
-59
-30
243
-117
65
189
-26
161
160
51
72
99
33
-9
133
6
-21
118
-120
21
118
-120
52
-5
-163
100
61
-26
175
-35
-111
108
-48
31
184
-90
3
122
-90
-1
30
-149
-5
27
-136
34
-1
-82
86
-18
-81
61
-105
-124
52
-52
7
180
26
35
195
-113
-166
77
-210
-97
191
-174
-4
224
-78
54
141
-113
-123
-16
-152
-122
104
38
12
29
-112
-101
-135
-101
-46
-122
-25
-43
-89
95
82
70
88
-84
-116
-36
-21
-78
-35
34
-121
-75
6
-159
-103
15
-167
-97
85
-73
-98
52
-56
50
148
-36
14
110
38
105
93
-21
98
62
-39
127
62
19
177
11
15
119
-31
-4
90
43
78
131
57
-9
156
95
-35
156
32
-137
121
-102
-111
224
-79
-48
135
-115
-32
147
-61
-95
78
-35
-75
201
34
-44
156
-23
-15
91
-53
-10
-1
-23
-50
-13
-28
-64
17
-167
-56
21
-257
77
-34
-357
95
-142
-161
126
-65
-77
49
-84
-113
8
23
-267
93
66
-234
312
92
-200
256
-11
-169
201
-60
-70
211
-17
-123
115
-98
8
151
-160
-16
46
-201
22
-115
-92
160
-85
-34
142
-164
90
100
-156
213
-26
-30
229
-148
150
177
-188
254
5
-54
225
-46
28
129
92
89
-75
121
-27
-35
172
-45
-95
90
44
-107
31
41
-165
18
-24
-11
74
-126
89
32
7
82
-24
37
69
-52
107
-44
-63
147
54
-121
151
-138
-310
149
-150
-285
228
-151
-209
170
-83
-235
152
-18
-262
95
33
-208
151
31
-192
70
82
-224
50
63
-211
78
-7
-123
116
35
48
-38
-28
29
-62
66
-103
-42
-58
-16
61
-296
19
178
-351
153
26
-416
230
47
-214
220
-16
-47
158
-155
-7
215
-84
29
122
-134
145
112
-106
228
69
32
168
-117
128
170
-226
265
146
-219
399
-107
-93
297
-214
207
-11
-209
211
-189
-20
99
-26
131
54
-76
47
139
-201
38
256
-328
169
107
-289
284
17
-60
86
-164
239
-121
-73
219
-171
218
-140
-13
39
-165
378
-169
-224
380
-183
-287
200
-28
-198
314
-224
-358
544
-369
-267
603
-484
-112
569
-649
-93
863
-751
-99
934
-1015
344
602
-1317
972
35
-865
1176
-732
-152
773
-909
486
159
-532
467
-109
-184
195
-116
-268
246
3
-344
388
-240
-167
350
-310
-15
185
-110
-283
341
-6
-382
730
-325
-334
766
-588
-171
556
-502
80
277
-173
-11
98
-108
-139
189
-38
-191
137
-122
-65
223
-30
-14
22
3
-26
25
3
109
-21
67
141
-235
104
230
-361
263
104
-409
298
6
-328
247
27
-229
200
-38
-181
52
106
-106
48
88
-116
-18
46
-16
-89
224
-112
-112
369
-332
149
311
-435
405
-85
-348
450
-290
-84
550
-481
117
392
-700
401
382
-747
461
69
-684
475
-184
-266
362
-142
-123
114
-32
-167
19
22
-160
192
-182
21
85
-126
229
-111
-29
146
-150
41
44
-31
-94
135
174
-234
214
79
-272
424
-163
-244
322
-259
-55
156
-148
56
-202
36
160
-164
-2
107
10
-133
198
13
-266
341
-77
-187
543
-338
120
220
-283
275
-162
-81
244
-465
279
21
-173
256
24
-61
23
89
-38
-176
232
-144
-205
260
-76
0
285
-271
144
85
-360
343
-211
-73
289
-186
365
-240
-49
391
-656
502
195
-595
672
-1
-410
573
-171
-187
182
-98
-16
273
-194
166
55
-126
189
-168
13
150
-233
302
-185
-45
328
-324
195
-36
-369
420
-244
-167
552
-455
6
426
-459
113
224
-504
173
42
-458
443
-198
-305
711
-531
-173
709
-885
115
645
-947
481
228
-588
656
-138
-48
320
-384
350
-45
-344
427
-340
-128
488
-312
100
261
-379
177
-17
-348
321
-151
-96
299
-268
-25
147
-291
54
52
-313
120
54
-270
150
-53
-297
257
-116
-179
194
-204
-79
132
-144
-37
106
-65
28
98
-99
74
13
-75
42
-115
41
21
-17
80
-43
73
-34
13
102
-50
75
45
2
146
33
-8
101
-34
0
53
-19
14
36
-58
-43
1
-75
-15
-19
-86
11
-18
-12
26
27
38
-7
-3
2
-28
-14
51
-73
-13
43
-2
83
80
38
26
45
-39
26
61
-5
78
-3
-8
43
53
24
43
79
-8
33
-6
-71
7
-58
-74
8
-21
14
9
-1
32
-12
68
29
56
56
-11
38
-9
-28
-3
-46
6
60
12
70
63
-22
-1
-34
-87
21
65
2
75
-10
-39
58
-86
-51
-36
-163
-29
-54
-107
28
-5
-71
45
34
-35
50
14
-26
37
-31
-54
-29
-69
-41
-64
-19
-12
6
97
26
76
85
20
78
24
5
19
-15
-42
1
-34
-19
93
1
-2
135
-24
32
127
-47
88
102
-34
47
15
-70
-32
-70
-158
-57
-82
-118
42
-2
1
73
-22
57
26
-53
14
-80
-54
-17
-56
-22
-44
-67
-44
-29
-7
-32
31
5
40
40
29
63
-35
25
-20
-112
7
-105
-78
19
-127
28
36
-43
88
6
4
31
-14
7
-26
-3
-40
-1
-26
-47
-27
-60
-3
-10
-24
75
-4
33
62
-3
43
6
-3
6
-21
-7
-19
12
7
33
64
29
48
84
41
49
77
54
34
44
28
9
51
17
22
29
37
41
35
44
36
59
23
26
30
-23
9
-29
-45
3
-34
-26
-3
-17
-22
15
5
-12
2
-29
-44
-15
-69
2
11
-44
29
-25
-35
25
-63
-2
-41
-53
18
-44
5
-10
-54
4
-61
-31
-5
-47
-6
-28
-43
-9
-14
-29
23
-17
-52
15
-55
-49
30
-54
11
12
-31
42
15
17
50
-12
24
7
-1
31
26
23
17
22
16
27
52
33
38
9
29
48
7
46
20
-3
59
17
56
32
16
54
-10
-2
27
-23
2
19
-27
2
32
-28
7
32
-19
38
-1
-20
25
-12
14
11
-14
-2
0
-32
-11
2
-86
-10
12
-81
13
3
-72
25
-16
-44
38
-38
-35
-16
-72
-29
-21
-51
-28
-35
-56
-21
-10
-16
0
12
-1
-30
18
-10
-14
22
-18
-2
22
-39
8
-14
-35
27
-32
-9
36
-61
0
23
-33
30
41
-15
34
33
-15
37
17
-7
51
7
0
34
-2
11
-7
25
0
-1
39
20
25
46
12
14
4
11
-20
20
15
-7
29
-13
-10
-3
-19
-10
-24
10
4
-19
-2
-11
2
9
0
17
7
12
-25
1
-7
-18
5
-12
-20
-16
-28
-20
-30
-10
-38
-15
-31
-7
30
0
19
-6
-16
19
-20
-5
6
-29
-4
-18
-6
-11
3
2
7
4
6
23
31
32
5
10
29
-11
3
2
-13
10
12
-16
8
5
-4
18
-2
9
22
-6
44
33
-1
49
-9
-10
3
-29
-19
14
10
0
36
0
5
26
0
22
19
13
17
13
17
9
14
6
3
22
-8
6
-5
3
13
4
31
42
12
3
-4
-19
-9
15
-14
-7
19
-17
16
11
-7
17
3
5
10
-9
30
17
-1
26
-8
-21
3
-8
-17
16
-8
-5
-1
-30
-11
-8
-19
-13
-31
-9
-34
-3
5
-26
-18
-26
-29
-28
-44
-24
-29
-28
5
-39
-40
11
-34
10
23
-39
23
-26
-31
6
-34
-12
-2
-12
-16
3
-9
-5
20
-43
12
-2
-8
58
-20
11
31
-40
34
1
-12
42
7
16
30
29
23
20
-8
7
31
0
40
9
16
38
1
58
30
20
67
1
41
43
5
28
12
-1
0
9
-2
16
18
-7
27
1
-3
-12
-21
3
-17
-15
4
-14
-8
1
-3
-39
-16
-17
-50
2
-43
-17
-12
-41
14
-10
-32
-4
-52
-35
-45
-69
-16
-43
-39
-3
-56
-33
-17
-64
-40
-22
-59
-17
-8
-29
-3
-1
-29
-17
-11
-25
-12
-21
13
-6
-4
29
-29
-5
27
-15
21
32
-8
46
28
13
47
32
27
54
18
29
37
3
59
21
28
64
13
38
46
28
38
52
30
20
55
19
34
30
9
23
8
7
29
24
45
7
23
4
-31
33
-30
-11
15
-37
4
-5
-3
6
-7
17
-17
-9
-19
-28
-2
-31
5
-28
-17
4
-35
0
-18
-30
-7
-21
-6
1
-7
-8
0
-20
-25
-2
-40
-21
-1
-24
10
2
-26
9
-1
-13
0
-4
-18
4
1
-6
0
-1
-23
-10
-2
-23
5
1
-16
21
-2
13
31
-16
17
13
-19
11
15
2
10
20
-12
0
24
0
25
31
-7
22
12
-11
13
-11
-12
-9
-25
-9
1
-11
17
-5
14
0
6
19
-10
33
12
-19
32
-13
11
16
6
32
13
22
21
19
27
17
26
6
36
30
17
29
-5
25
6
-2
10
-16
8
-7
-3
8
-27
3
-15
-32
4
-20
-23
-4
-10
-24
-1
-6
-18
-1
-9
-15
-22
-17
-32
-44
-11
-33
-38
-6
-29
-20
-12
-25
-38
-13
-26
-40
-10
-11
-17
2
-14
-24
5
-18
-18
-8
-6
-3
-11
23
11
-13
27
1
-2
23
4
22
17
25
23
11
18
10
5
29
28
31
29
44
34
40
38
16
48
19
16
52
26
41
35
28
44
38
52
28
22
23
0
21
9
9
14
9
13
2
-3
-7
-3
-26
-31
-20
-39
-23
-14
-10
-1
-5
7
-15
-14
-4
-25
-2
-18
-23
-12
-34
-21
-19
-37
-30
-28
-22
-11
-14
-4
-24
1
-10
-25
-16
-48
-27
-25
-45
-5
-18
-17
-2
-10
7
13
-3
4
-13
-2
-11
-24
-18
-33
-34
-21
-44
-12
-27
-39
-13
-45
-32
1
-42
-9
-3
-22
9
-9
-15
-5
-33
-14
-23
-49
-25
-21
-25
-7
-7
-26
-14
-24
-23
-25
-23
-26
-20
-21
-26
-22
-8
-11
-2
7
-22
-13
-14
-54
-48
-51
-51
-35
-48
-41
-36
-24
-10
-2
13
28
50
59
57
100
101
96
117
130
149
149
140
179
169
161
221
224
241
303
314
337
657
1084
1214
1113
761
203
-313
-680
-816
-614
-337
-109
25
-34
-92
-93
-287
-544
-661
-663
-529
-289
-32
153
166
46
-201
-480
-544
-469
-318
-101
46
108
98
-74
-301
-461
-462
-319
-90
89
204
274
281
161
-11
-30
-38
-18
20
7
34
46
66
54
-102
-200
-262
-339
-315
-239
-197
-131
-59
-127
-210
-134
-65
-3
85
75
89
103
173
213
86
236
234
86
194
103
127
194
78
136
49
-86
-83
-210
-155
-10
-60
57
73
20
174
103
99
171
83
144
157
50
268
583
582
606
620
517
345
162
77
49
78
54
-103
-163
-110
-116
-140
-220
-351
-366
-337
-359
-273
-204
-118
-106
-200
-226
-318
-299
-146
-95
-67
97
835
956
378
439
333
196
499
706
667
487
390
173
-448
-466
-213
-480
-544
-652
-784
-400
-271
-341
-264
-542
-740
-835
-879
-447
30
310
454
228
124
21
-7
262
186
283
451
337
381
249
307
506
62
-161
-11
-389
-223
229
-11
-40
-57
-435
-568
-586
-541
-392
-268
-165
-220
-201
-92
-77
49
11
-46
129
74
73
259
282
391
368
210
203
81
83
236
97
18
151
18
-166
-155
-68
-55
-99
-67
-56
-65
100
125
1066
1415
447
651
392
-323
-94
-46
72
386
238
-6
-24
206
330
74
-241
-677
-706
-297
-159
137
584
413
68
-201
-486
-331
-28
76
118
43
124
184
59
-58
-135
-258
-406
-430
-278
-43
177
209
-105
-422
-528
-576
-421
-175
-75
-21
-19
-125
-160
3
-34
-85
1
-167
-187
142
290
309
262
78
-88
-143
-58
11
129
201
72
7
62
15
35
77
-80
-174
-48
25
88
114
84
27
-104
-149
-49
103
158
143
143
46
42
182
198
132
105
22
-39
32
110
114
106
48
-77
-146
-134
-73
-90
-127
-110
-58
-92
-68
41
5
-66
-47
2
19
-20
12
79
-9
-40
9
-25
-1
-22
-102
-110
-110
-83
-40
-62
-66
-21
1
-73
-135
-68
-79
-152
-119
-135
-177
-163
-184
-235
-247
-214
-173
-173
-215
-189
-166
-224
-231
-190
-183
-117
-4
-10
-31
21
-21
-75
-119
-134
-77
-41
-64
-53
20
40
-15
-47
-42
-68
-37
37
92
148
255
223
157
117
22
60
122
76
148
289
266
239
275
241
465
525
401
435
450
452
397
364
344
228
194
148
34
84
174
143
62
75
19
-109
-116
-4
41
107
263
223
120
170
181
146
193
198
170
189
89
2
-60
-129
-64
-61
-184
-266
-279
-272
-314
-295
-296
-307
-221
-272
-280
-253
-289
-254
-293
-368
-367
-281
-128
-159
-211
-168
-254
-291
-341
-489
-434
-367
-395
-378
-438
-453
-435
-527
-625
-688
-661
-599
-549
-509
-431
-297
-195
-221
-301
-272
-189
-140
-55
11
114
274
372
428
478
582
642
679
685
624
661
713
759
743
729
792
733
673
653
635
665
692
717
720
692
731
756
734
727
814
838
794
822
832
806
782
799
752
673
702
647
508
420
367
335
253
180
224
160
118
188
130
51
38
59
57
-6
-20
-31
-111
-154
-207
-283
-404
-497
-534
-626
-695
-688
-701
-793
-838
-847
-895
-923
-896
-878
-878
-890
-889
-916
-1000
-1013
-1000
-985
-962
-895
-860
-958
-1064
-1173
-1294
-1326
-1318
-1233
-1086
-1015
-965
-959
-1086
-1189
-1165
-1162
-1208
-1230
-1219
-1221
-1210
-1175
-1166
-1149
-948
-327
531
1352
2099
2724
3006
2957
2887
2738
2522
2514
2644
2589
2259
2011
1762
1240
736
402
94
-253
-391
-320
-330
-226
123
449
507
532
655
625
562
668
855
977
1037
1097
1004
751
552
437
192
-51
-164
-287
-429
-516
-454
-336
-277
-180
-84
-123
-193
-180
-168
-96
92
288
407
410
384
349
258
210
196
152
140
151
122
177
320
386
383
346
183
-41
-160
-184
-231
-178
-1
26
-66
-74
-112
-202
-228
-201
-194
-262
-276
-232
-273
-298
-218
-178
-365
-534
-614
-802
-984
-996
-952
-1006
-980
-913
-1001
-1106
-1148
-1175
-1253
-1319
-1258
-1170
-1152
-1080
-921
-903
-963
-963
-1047
-1190
-1271
-1232
-1152
-1079
-993
-922
-958
-1058
-1095
-1206
-1359
-1467
-1546
-1663
-1774
-1539
-858
184
1367
2384
3127
3387
3305
3174
2939
2752
2706
2733
2567
2191
1964
1683
1265
954
647
193
-366
-778
-883
-810
-526
8
490
730
914
1031
941
890
1023
1101
1052
977
881
784
700
654
543
296
-23
-390
-762
-1043
-1095
-944
-742
-502
-312
-225
-144
-40
35
101
184
186
163
218
266
351
462
534
467
287
112
-138
-313
-347
-328
-299
-234
-89
4
90
221
314
313
251
177
67
46
113
154
251
332
334
326
283
256
311
380
381
374
327
216
210
236
246
251
164
14
-154
-313
-386
-399
-338
-289
-278
-214
-214
-204
-105
-64
-71
-93
-190
-291
-341
-389
-415
-456
-539
-640
-755
-896
-985
-1003
-1041
-1095
-1126
-1202
-1314
-1396
-1443
-1441
-1382
-1347
-1360
-1361
-1358
-1331
-1269
-1200
-1218
-1278
-1320
-1472
-1655
-1798
-1951
-2066
-1924
-1267
-100
1216
2370
3320
3733
3527
3363
3184
2715
2499
2524
2241
1771
1512
1270
881
630
443
32
-567
-951
-912
-779
-539
118
736
916
1123
1334
1205
1100
1278
1304
973
727
669
471
343
432
435
239
0
-227
-569
-883
-884
-670
-524
-398
-131
33
72
266
421
342
265
247
146
32
136
329
411
472
442
243
24
-120
-237
-343
-388
-367
-300
-203
-66
139
304
382
444
434
340
309
401
474
508
534
507
452
391
331
239
125
-2
-124
-239
-323
-270
-143
36
205
269
338
356
378
437
402
377
329
212
80
-79
-188
-286
-340
-367
-479
-576
-611
-655
-662
-627
-569
-526
-508
-526
-595
-642
-672
-748
-847
-933
-994
-1005
-959
-925
-904
-911
-975
-1036
-1102
-1190
-1214
-1206
-1190
-1205
-1207
-1125
-1051
-984
-941
-1060
-1291
-1485
-1645
-1765
-1723
-1613
-1551
-1519
-1560
-1468
-915
171
1486
2684
3705
4113
4024
3985
3723
3293
2966
2542
1974
1325
810
523
399
364
257
-10
-481
-847
-743
-473
-194
354
924
1177
1356
1627
1735
1719
1808
1683
1188
677
368
171
30
66
114
-12
-202
-385
-554
-651
-603
-447
-362
-380
-319
-102
127
353
600
633
438
233
28
-235
-352
-304
-319
-373
-400
-399
-348
-229
-70
14
-23
-94
-167
-194
-114
52
273
462
568
581
531
461
380
293
148
4
-26
-47
-15
119
224
295
316
251
119
27
25
65
143
281
420
519
597
618
589
505
347
153
-116
-400
-587
-668
-683
-650
-526
-419
-373
-314
-290
-295
-278
-230
-239
-278
-242
-205
-189
-163
-224
-405
-648
-928
-1147
-1282
-1370
-1313
-1212
-1164
-1084
-1013
-994
-915
-841
-863
-913
-967
-977
-944
-907
-851
-868
-962
-1076
-1193
-1388
-1596
-1644
-1582
-1472
-1388
-1443
-1609
-1552
-925
168
1493
2687
3541
3914
3923
3966
3811
3464
3146
2580
1806
1033
494
262
191
189
71
-267
-689
-906
-750
-505
-203
310
698
890
1161
1502
1777
1931
2000
1730
1090
545
219
-17
-142
-130
-137
-295
-471
-538
-565
-569
-467
-387
-415
-412
-249
80
433
726
909
838
550
260
62
-145
-280
-284
-341
-471
-488
-359
-180
45
262
324
271
231
277
327
410
578
713
784
797
755
716
653
507
334
147
-55
-117
-5
124
238
382
415
308
230
145
100
175
299
370
351
321
278
204
114
-13
-173
-385
-567
-694
-771
-741
-663
-591
-546
-573
-576
-546
-543
-537
-543
-622
-721
-786
-796
-766
-702
-623
-603
-669
-750
-828
-874
-897
-973
-1051
-1088
-1092
-991
-844
-721
-661
-605
-589
-698
-804
-900
-1066
-1186
-1198
-1163
-1191
-1146
-1015
-1044
-1154
-1186
-1084
-979
-1008
-995
-1147
-1464
-1264
-374
857
2085
3185
3926
3927
3759
3741
3375
2840
2407
1814
940
283
124
148
226
296
186
-203
-647
-667
-349
-48
376
944
1330
1491
1760
2165
2304
2217
2053
1508
711
169
-50
-215
-343
-319
-356
-549
-695
-669
-617
-620
-541
-462
-465
-353
-13
420
741
918
929
725
420
168
-4
-144
-253
-299
-360
-412
-301
-62
177
343
373
327
274
258
345
464
544
581
604
572
503
487
449
342
164
-71
-236
-274
-210
-10
228
346
426
478
429
357
331
290
170
26
-94
-200
-235
-190
-137
-151
-225
-344
-472
-558
-579
-545
-526
-537
-552
-522
-447
-383
-323
-331
-497
-741
-952
-1093
-1091
-930
-745
-617
-561
-583
-618
-640
-681
-730
-811
-956
-1062
-1039
-932
-740
-481
-330
-357
-469
-629
-779
-891
-1031
-1191
-1368
-1502
-1500
-1337
-1169
-1152
-1236
-1435
-1625
-1596
-1428
-1332
-1310
-1103
-545
422
1671
2834
3641
3961
3959
3779
3383
2904
2519
2099
1460
809
390
166
122
214
193
-94
-426
-537
-448
-275
87
626
1062
1386
1727
2023
2181
2251
2215
1815
1165
645
308
42
-128
-131
-126
-235
-318
-358
-458
-531
-511
-547
-623
-542
-227
145
448
734
871
779
596
378
147
-39
-131
-185
-272
-341
-274
-93
88
226
288
247
130
52
35
27
75
182
275
354
445
515
510
409
231
20
-181
-278
-242
-103
93
326
523
613
644
617
536
427
250
95
-33
-158
-177
-175
-218
-261
-352
-516
-715
-862
-894
-867
-804
-697
-582
-450
-293
-136
-35
-35
-141
-340
-625
-893
-1016
-1035
-999
-946
-901
-861
-822
-773
-759
-769
-821
-902
-945
-952
-836
-664
-535
-387
-304
-297
-332
-450
-665
-953
-1206
-1418
-1566
-1524
-1355
-1255
-1226
-1183
-1199
-1231
-1151
-1151
-1240
-1409
-1545
-1143
-145
1214
2528
3517
4017
3961
3956
3910
3471
3005
2440
1617
780
303
208
221
377
401
28
-410
-653
-553
-203
145
498
817
1061
1297
1672
2161
2395
2364
2103
1446
726
329
146
-81
-273
-367
-585
-769
-683
-509
-403
-344
-383
-543
-631
-459
-68
382
752
918
864
653
413
229
33
-175
-393
-632
-762
-715
-518
-223
35
113
38
-21
-37
4
167
333
394
400
411
428
479
562
531
318
17
-300
-465
-416
-300
-129
53
168
251
388
567
673
733
722
539
328
235
247
287
292
267
135
-92
-262
-392
-514
-589
-614
-637
-687
-659
-498
-289
-126
-23
13
-92
-267
-389
-527
-682
-743
-752
-780
-770
-705
-612
-561
-584
-635
-745
-895
-969
-912
-816
-720
-589
-506
-488
-460
-441
-484
-607
-766
-962
-1171
-1340
-1460
-1488
-1455
-1407
-1368
-1411
-1450
-1386
-1272
-1152
-1109
-1186
-1288
-1305
-963
-89
1069
2178
3071
3580
3664
3613
3496
3160
2630
2003
1292
553
58
-67
-33
43
108
11
-236
-326
-135
139
423
755
1064
1335
1667
2055
2378
2523
2426
2033
1366
674
186
-123
-379
-585
-686
-759
-787
-648
-447
-323
-223
-147
-170
-176
26
385
685
896
994
867
633
459
290
42
-205
-390
-597
-742
-689
-479
-212
5
116
108
10
-39
20
83
123
200
276
300
302
358
423
404
340
237
71
-57
-20
107
192
289
399
448
447
443
403
282
120
-32
-164
-248
-240
-147
-67
-40
-18
-33
-115
-214
-341
-513
-682
-793
-792
-673
-451
-199
-19
32
-55
-202
-357
-493
-589
-639
-633
-614
-569
-501
-479
-497
-539
-647
-815
-962
-1045
-1053
-976
-829
-664
-537
-429
-302
-193
-165
-208
-373
-691
-1007
-1256
-1437
-1527
-1521
-1433
-1361
-1310
-1278
-1271
-1241
-1233
-1191
-1128
-1170
-1211
-1218
-1210
-911
-104
1007
2034
2895
3459
3522
3459
3433
3174
2750
2270
1679
960
400
186
142
186
201
53
-155
-273
-138
219
560
846
1155
1437
1641
1892
2217
2338
2164
1831
1291
607
124
-109
-349
-622
-784
-922
-1042
-966
-751
-571
-413
-258
-217
-193
-10
270
533
737
805
720
594
466
295
120
-38
-242
-448
-545
-535
-417
-219
-78
-54
-90
-141
-157
-105
-5
84
159
213
211
274
438
565
633
632
503
313
214
234
266
336
445
451
406
368
326
273
212
158
67
-17
-26
3
52
48
-21
-107
-238
-373
-466
-499
-493
-456
-349
-246
-137
27
143
132
7
-186
-431
-669
-811
-875
-887
-863
-843
-836
-817
-739
-635
-562
-563
-634
-689
-698
-665
-622
-607
-598
-607
-639
-693
-779
-875
-985
-1114
-1256
-1376
-1425
-1402
-1338
-1284
-1202
-1172
-1247
-1288
-1222
-1044
-850
-688
-601
-694
-790
-873
-1008
-930
-491
289
1198
2049
2781
3159
3339
3437
3216
2792
2296
1733
1142
661
450
373
388
459
377
210
91
138
350
556
758
996
1247
1493
1767
2046
2152
2077
1876
1423
807
307
-18
-301
-549
-696
-825
-892
-795
-609
-416
-259
-152
-128
-147
-73
121
381
608
706
704
603
424
261
101
-94
-297
-439
-537
-601
-529
-364
-232
-133
-102
-154
-203
-197
-133
-58
49
192
328
468
575
631
626
545
426
276
161
139
164
235
295
298
272
207
127
45
-10
-31
-75
-123
-172
-197
-152
-120
-136
-195
-315
-415
-460
-466
-448
-413
-357
-328
-320
-283
-234
-214
-233
-286
-372
-474
-526
-523
-533
-566
-601
-654
-709
-726
-694
-629
-576
-556
-551
-540
-521
-509
-494
-536
-677
-821
-901
-892
-809
-674
-524
-469
-487
-510
-607
-797
-1019
-1168
-1264
-1359
-1310
-1080
-841
-707
-640
-625
-758
-855
-808
-890
-1097
-1219
-1124
-677
215
1405
2449
3130
3450
3441
3245
2937
2576
2196
1721
1138
597
335
358
500
670
677
430
113
-69
-27
181
549
987
1287
1488
1709
1929
2038
1963
1715
1193
475
-168
-617
-851
-922
-881
-829
-845
-812
-687
-530
-355
-180
-64
-41
13
200
436
684
874
861
659
394
131
-118
-275
-361
-487
-585
-606
-565
-441
-247
-70
-2
16
57
132
260
430
629
750
756
746
709
645
606
536
361
133
-28
-105
-104
9
150
247
301
293
262
211
132
56
-49
-176
-301
-381
-409
-429
-416
-409
-457
-502
-512
-486
-426
-339
-248
-197
-171
-152
-158
-184
-230
-328
-481
-664
-838
-953
-991
-981
-941
-886
-841
-767
-646
-530
-454
-430
-458
-537
-614
-626
-573
-501
-469
-510
-604
-695
-699
-678
-806
-1027
-1189
-1298
-1326
-1226
-1043
-920
-857
-813
-926
-1071
-1080
-1100
-1152
-1173
-1159
-1104
-1036
-915
-611
29
901
1690
2389
2894
3099
3234
3227
2974
2661
2362
1950
1384
943
694
508
405
278
110
-25
-90
-18
167
457
841
1224
1501
1646
1809
1969
1931
1763
1506
1092
610
201
-115
-404
-568
-647
-786
-864
-835
-747
-614
-465
-289
-108
107
340
545
746
864
840
677
415
136
-117
-318
-455
-535
-551
-533
-524
-517
-492
-413
-318
-258
-196
-99
12
108
248
403
475
511
536
493
412
364
306
180
87
65
75
128
239
338
350
296
214
102
-43
-170
-261
-347
-384
-336
-265
-227
-206
-210
-282
-374
-422
-429
-419
-384
-333
-293
-249
-165
-77
-62
-114
-218
-363
-534
-681
-760
-827
-866
-863
-841
-782
-712
-615
-525
-507
-550
-627
-692
-755
-768
-702
-657
-642
-602
-575
-599
-607
-594
-646
-808
-1006
-1146
-1242
-1312
-1327
-1336
-1427
-1482
-1388
-1292
-1228
-1097
-963
-995
-1075
-1059
-990
-658
92
1059
1879
2519
3052
3253
3206
3097
2847
2389
1930
1600
1135
676
543
535
403
261
157
-87
-285
-154
149
411
785
1272
1577
1739
1954
2130
2048
1808
1564
1147
618
236
-12
-276
-469
-480
-547
-731
-802
-761
-734
-667
-494
-313
-153
76
361
618
793
870
848
672
372
100
-111
-330
-498
-526
-525
-564
-540
-464
-445
-448
-370
-268
-196
-73
143
363
516
674
807
801
688
583
462
274
147
94
27
-11
62
192
247
261
249
189
85
-18
-70
-151
-245
-284
-285
-297
-290
-231
-232
-289
-325
-370
-447
-481
-416
-316
-211
-106
-52
-56
-87
-135
-213
-326
-471
-616
-756
-867
-914
-929
-951
-968
-930
-847
-753
-650
-559
-490
-478
-520
-543
-516
-481
-469
-514
-645
-829
-1020
-1196
-1400
-1527
-1507
-1479
-1505
-1512
-1420
-1388
-1450
-1402
-1289
-1188
-1062
-982
-1081
-1202
-1093
-887
-626
-11
949
1853
2524
2939
3081
3053
2969
2808
2463
2130
1926
1634
1221
865
690
538
320
106
-133
-260
-172
36
282
638
1144
1525
1674
1726
1725
1664
1533
1364
1136
859
647
446
168
-53
-158
-283
-506
-709
-815
-885
-846
-701
-534
-312
-74
108
170
159
176
187
162
94
36
15
-30
-71
-104
-138
-165
-217
-313
-451
-557
-561
-503
-422
-289
-78
121
235
326
376
364
362
349
296
272
337
424
476
537
591
615
590
503
409
317
213
117
38
-31
-31
14
1
-71
-144
-206
-296
-356
-382
-379
-314
-270
-248
-223
-203
-167
-141
-136
-170
-189
-210
-288
-336
-371
-442
-546
-691
-854
-995
-1074
-1106
-1103
-1041
-948
-866
-796
-751
-727
-723
-735
-719
-675
-591
-490
-472
-539
-681
-882
-1089
-1239
-1280
-1304
-1326
-1375
-1546
-1674
-1742
-1795
-1788
-1712
-1531
-1373
-1220
-1172
-1194
-862
-202
691
1582
2332
2902
3123
3248
3188
2934
2744
2571
2323
1894
1581
1331
957
667
354
6
-271
-361
-378
-406
-171
167
491
843
1196
1473
1613
1747
1751
1633
1503
1307
1061
789
601
439
242
60
-210
-529
-807
-991
-1054
-987
-780
-552
-384
-266
-202
-182
-191
-179
-151
-153
-113
-36
11
125
290
375
362
309
170
-39
-193
-333
-434
-409
-322
-253
-189
-102
-52
-23
-3
-34
-45
1
102
267
463
647
788
867
838
771
715
643
581
502
378
256
144
31
-47
-101
-177
-270
-379
-500
-567
-548
-500
-432
-351
-285
-237
-207
-178
-157
-166
-195
-252
-309
-378
-454
-493
-527
-555
-570
-608
-700
-810
-890
-966
-1011
-963
-875
-807
-724
-654
-628
-640
-680
-733
-781
-754
-681
-636
-619
-637
-673
-782
-929
-1059
-1210
-1310
-1341
-1370
-1415
-1410
-1373
-1339
-1263
-1171
-1115
-1125
-1180
-1149
-816
-188
550
1299
1832
2170
2408
2501
2519
2480
2525
2557
2483
2374
2142
1978
1822
1544
1199
797
514
283
129
65
37
153
230
233
214
224
341
435
492
468
436
434
383
386
439
554
648
617
465
242
94
-32
-115
-128
-125
-76
-89
-168
-287
-417
-519
-661
-776
-862
-910
-897
-900
-843
-746
-637
-540
-502
-498
-520
-517
-501
-466
-381
-301
-260
-274
-287
-219
-109
-57
-88
-141
-158
-61
36
64
166
318
432
507
542
430
354
479
433
231
195
222
178
168
131
-65
-184
-139
-179
-261
-248
-154
0
110
58
-41
-44
-6
85
192
205
185
178
85
-137
-320
-401
-414
-372
-394
-431
-426
-394
-333
-318
-306
-254
-188
-145
-164
-149
-88
5
94
128
166
201
208
156
29
-111
-200
-229
-259
-266
-224
-194
-174
-187
-240
-272
-248
-198
-176
-160
-148
-151
-160
-188
-202
-171
-123
-86
-59
-56
-52
-26
-22
-22
-39
-70
-97
-142
-181
-217
-213
-198
-202
-162
-121
-54
48
137
239
330
430
518
570
619
632
609
553
460
367
303
231
167
159
110
17
-52
-126
-190
-216
-224
-180
-72
18
105
203
238
249
249
247
257
256
250
254
322
369
371
416
397
362
372
259
343
1163
2020
1778
671
-479
-879
-65
851
896
478
-192
-837
-1091
-1105
-798
-268
-52
-297
-621
-616
-433
-358
-407
-518
-456
-219
-84
-119
-230
-319
-345
-235
17
208
221
-5
-352
-463
-361
-233
-104
-52
-47
-164
-344
-318
-183
-31
9
-223
-452
-550
-550
-398
-167
18
-21
-288
-574
-561
-179
110
72
-123
-208
-65
42
123
308
392
351
262
167
295
481
353
123
10
15
174
195
-19
-133
-145
-208
-291
-292
-170
-65
-40
-96
-229
-204
-106
-216
-258
-213
-186
-25
-11
-120
-35
46
61
91
98
136
121
16
-48
-59
36
129
77
96
97
9
81
148
222
420
423
333
394
498
645
784
737
626
555
438
439
546
461
289
102
-112
-81
-6
-91
-203
-402
-457
-321
-284
-179
-56
-45
-60
-155
-126
103
313
437
381
211
152
162
125
48
-26
-126
-221
-227
-211
-186
-204
-360
-492
-495
-432
-303
-210
-233
-241
-160
-92
4
201
257
222
260
96
-88
-47
-69
-46
-19
-211
-278
-250
-285
-218
-188
-172
-125
-150
-134
-119
-103
-67
-134
-182
-172
-96
27
17
3
19
-88
-108
-16
-39
-58
-48
-160
-183
-80
-64
21
89
-27
-3
88
52
72
67
62
178
215
193
214
253
363
367
242
243
238
185
104
-131
-169
-35
-108
-174
-177
-232
-268
-311
-329
-324
-244
-135
-208
-170
-35
-152
-157
-113
-265
-170
-59
-128
-17
37
9
98
156
201
180
134
143
99
106
122
113
151
143
172
143
58
112
68
54
213
206
180
280
307
292
348
454
461
426
397
299
355
438
225
-9
-123
-172
-95
-113
-264
-226
-67
-121
-193
-154
-182
-113
-15
-40
47
181
203
204
219
188
129
66
-82
-171
-116
-114
-192
-267
-295
-309
-323
-319
-377
-431
-354
-278
-283
-201
-73
3
169
235
150
225
251
185
190
113
78
58
-46
-17
43
77
31
-211
-247
-89
-55
-66
-145
-217
-228
-167
-152
-311
-191
-152
-424
-317
-241
-204
58
-66
-219
-100
-39
85
167
177
223
271
365
292
280
442
279
156
195
12
40
166
45
-12
-2
-2
89
155
93
63
85
37
79
127
100
124
28
-92
-65
25
122
40
-67
-69
-171
-141
-32
-155
-155
-112
-206
-87
-34
-122
-35
-26
-53
17
46
100
106
107
187
181
194
203
89
115
204
93
-20
-43
-61
24
96
24
18
76
52
54
71
32
48
88
93
197
319
312
278
207
134
113
22
-92
-184
-229
-181
-193
-184
-141
-244
-251
-203
-315
-318
-281
-332
-281
-249
-246
-145
-159
-332
-406
-399
-423
-430
-507
-559
-422
-372
-419
-380
-350
-281
-199
-192
-186
-149
-96
-93
-81
-15
52
179
268
264
258
244
263
249
189
171
151
180
230
242
228
192
227
251
228
262
271
249
228
172
127
134
154
99
29
48
75
98
96
30
46
129
222
381
465
486
568
627
673
721
683
597
548
470
346
313
283
173
81
-49
-162
-125
-82
-104
-89
-99
-131
-68
-25
-16
43
-14
-92
-3
41
4
-80
-214
-246
-261
-289
-274
-311
-311
-299
-403
-471
-432
-406
-387
-389
-478
-499
-412
-409
-459
-511
-545
-451
-383
-442
-460
-406
-382
-389
-406
-395
-349
-306
-321
-378
-299
-180
-232
-298
-375
-467
-420
-371
-315
-217
-266
-324
-274
-196
-86
-97
-285
-436
-461
-405
-384
-424
-428
-394
-325
-263
-230
-191
-176
-179
-199
-174
-23
168
305
309
277
370
493
633
735
690
666
680
707
853
1022
1162
1243
1199
1172
1243
1339
1365
1276
1122
1008
980
942
836
727
628
520
424
317
182
82
-29
-210
-331
-354
-333
-268
-249
-277
-259
-230
-208
-204
-209
-204
-214
-184
-145
-111
-39
-14
-14
11
-2
1
6
-40
-56
-20
14
53
105
100
91
127
92
32
2
-46
-68
-119
-204
-254
-297
-309
-309
-334
-349
-373
-406
-400
-374
-352
-284
-203
-214
-238
-233
-292
-316
-312
-386
-430
-454
-515
-503
-481
-529
-575
-622
-667
-642
-589
-590
-630
-653
-659
-674
-689
-718
-766
-795
-805
-843
-872
-879
-899
-902
-936
-1011
-1034
-1004
-980
-979
-970
-916
-778
-576
-422
-295
-135
54
282
515
701
846
1020
1210
1329
1448
1636
1794
1882
1925
1900
1879
1920
1915
1846
1784
1720
1638
1551
1432
1326
1258
1141
978
803
634
481
296
98
-99
-265
-380
-523
-662
-779
-894
-962
-1008
-1027
-987
-970
-984
-952
-859
-727
-579
-446
-340
-250
-181
-109
-21
79
160
194
217
228
245
299
317
300
296
260
214
211
193
141
106
70
16
1
-3
-67
-103
-103
-136
-109
-67
-92
-87
-65
-73
-64
-37
-34
-28
12
43
65
97
106
113
125
119
133
168
176
165
149
122
116
114
73
20
-6
-24
-64
-119
-198
-251
-259
-288
-303
-310
-345
-353
-396
-487
-547
-596
-643
-670
-701
-758
-804
-826
-862
-901
-902
-898
-868
-824
-853
-891
-889
-885
-845
-838
-909
-971
-1024
-1049
-1042
-1071
-1135
-1206
-1239
-1206
-1174
-1172
-1146
-1028
-812
-603
-497
-419
-245
32
344
601
784
962
1159
1335
1519
1736
1940
2093
2157
2177
2265
2362
2363
2266
2132
2014
1902
1768
1588
1407
1286
1156
976
818
671
471
249
43
-131
-220
-292
-439
-601
-744
-835
-847
-839
-829
-817
-827
-860
-888
-856
-750
-614
-499
-427
-360
-269
-199
-146
-88
-41
29
107
113
99
111
126
147
162
178
213
227
173
120
105
82
88
112
80
62
77
51
33
34
17
17
14
-4
-5
1
28
63
77
90
106
121
116
76
70
110
127
131
144
142
150
149
115
91
55
-11
-73
-133
-171
-168
-185
-213
-225
-253
-285
-323
-375
-409
-444
-459
-452
-455
-446
-451
-502
-561
-616
-682
-731
-776
-838
-890
-915
-920
-912
-896
-883
-887
-883
-869
-869
-862
-854
-866
-861
-873
-917
-952
-1009
-1058
-1079
-1118
-1176
-1248
-1293
-1231
-1043
-831
-703
-623
-490
-265
27
298
489
640
818
1032
1264
1528
1777
1970
2118
2199
2259
2342
2389
2377
2309
2211
2146
2089
1979
1815
1608
1427
1283
1087
873
661
430
227
42
-136
-242
-328
-470
-632
-764
-868
-930
-954
-999
-1022
-971
-921
-900
-854
-780
-704
-629
-559
-505
-454
-367
-290
-235
-143
-49
22
96
107
64
66
81
97
135
139
124
136
146
144
143
159
168
151
137
117
104
116
110
96
110
127
127
124
121
130
182
214
210
217
204
194
210
208
216
238
231
207
180
160
152
115
50
-1
-40
-79
-105
-122
-147
-171
-188
-221
-260
-269
-285
-324
-340
-340
-347
-357
-380
-395
-385
-376
-376
-397
-448
-526
-616
-691
-740
-767
-777
-790
-814
-845
-861
-862
-858
-864
-902
-951
-979
-988
-1007
-1041
-1072
-1120
-1175
-1187
-1209
-1255
-1277
-1330
-1400
-1392
-1319
-1162
-932
-759
-653
-512
-281
41
378
604
705
836
1070
1318
1577
1822
1969
2089
2202
2230
2256
2327
2324
2235
2150
2038
1926
1850
1691
1494
1371
1243
1090
932
695
414
197
26
-123
-204
-296
-458
-606
-723
-820
-845
-851
-891
-916
-913
-881
-817
-766
-717
-641
-557
-471
-404
-364
-316
-264
-194
-111
-50
4
50
70
98
151
215
265
283
292
296
296
312
328
341
353
340
291
243
209
184
186
178
163
167
140
109
127
155
206
263
278
280
281
251
203
173
159
160
153
111
62
30
-3
-47
-87
-118
-156
-189
-232
-305
-341
-334
-355
-373
-384
-422
-439
-450
-496
-533
-567
-603
-617
-627
-625
-588
-559
-573
-608
-650
-674
-674
-698
-737
-772
-802
-805
-789
-781
-765
-762
-795
-808
-784
-764
-775
-847
-949
-990
-968
-953
-1001
-1099
-1176
-1199
-1220
-1274
-1354
-1385
-1268
-1044
-840
-701
-614
-471
-192
151
454
658
798
963
1179
1424
1677
1919
2116
2229
2289
2337
2373
2376
2317
2236
2182
2135
2056
1905
1717
1555
1424
1297
1134
911
645
389
189
64
-18
-130
-286
-456
-614
-709
-752
-789
-808
-831
-871
-885
-880
-867
-813
-743
-697
-632
-554
-509
-455
-379
-307
-192
-51
21
59
115
157
213
301
361
398
440
440
416
442
467
447
437
403
323
262
209
142
117
124
109
98
104
75
40
39
49
78
115
107
77
73
61
43
57
62
30
-19
-76
-134
-155
-146
-162
-188
-195
-228
-264
-271
-292
-297
-279
-312
-358
-392
-448
-486
-492
-513
-535
-554
-614
-667
-687
-716
-718
-699
-698
-683
-685
-732
-762
-750
-729
-701
-683
-705
-730
-708
-692
-696
-684
-687
-703
-698
-724
-803
-870
-919
-987
-1050
-1115
-1186
-1206
-1211
-1271
-1362
-1396
-1316
-1140
-940
-808
-736
-568
-268
47
328
558
715
912
1176
1376
1574
1839
2050
2220
2385
2435
2439
2488
2451
2365
2347
2285
2153
2029
1839
1633
1543
1441
1237
1029
792
534
374
249
103
5
-98
-245
-369
-480
-587
-639
-669
-721
-764
-791
-834
-860
-846
-832
-801
-745
-718
-700
-650
-584
-489
-365
-261
-180
-126
-92
-40
12
67
141
192
222
254
253
246
278
309
318
317
274
200
174
172
162
190
215
187
166
132
81
94
137
144
134
127
109
108
122
104
81
96
86
45
9
-56
-107
-105
-115
-137
-149
-197
-254
-303
-341
-345
-336
-357
-404
-446
-457
-451
-464
-497
-534
-552
-567
-601
-643
-658
-643
-631
-638
-661
-680
-671
-639
-625
-635
-628
-615
-614
-610
-617
-626
-606
-587
-604
-623
-649
-680
-688
-717
-763
-785
-817
-860
-889
-939
-991
-1018
-1051
-1085
-1118
-1157
-1102
-907
-688
-551
-470
-358
-140
128
245
244
402
798
1241
1554
1709
1848
2088
2339
2464
2497
2521
2493
2394
2265
2153
2095
1987
1702
1348
1061
846
668
448
186
-16
-151
-260
-364
-453
-490
-472
-446
-441
-471
-516
-516
-447
-334
-218
-149
-145
-154
-146
-124
-81
-35
-12
-10
-27
-48
-25
33
52
16
-41
-121
-206
-273
-337
-359
-323
-304
-335
-365
-382
-367
-303
-244
-185
-108
-56
-8
99
243
395
550
673
761
812
780
727
760
844
893
860
708
520
387
281
199
145
43
-132
-310
-448
-505
-475
-477
-548
-613
-670
-692
-644
-576
-516
-454
-432
-458
-484
-500
-499
-444
-372
-352
-374
-410
-444
-460
-480
-535
-597
-656
-723
-790
-837
-853
-863
-898
-964
-1021
-1036
-1053
-1077
-1071
-1072
-1092
-1131
-1182
-1170
-1078
-1027
-1090
-1234
-1374
-1461
-1497
-1490
-1474
-1504
-1641
-1853
-1914
-1587
-858
28
742
1142
1308
1396
1544
1833
2264
2761
3182
3357
3266
3087
2933
2789
2578
2178
1653
1197
847
627
521
374
154
-134
-552
-936
-1085
-1017
-769
-435
-204
-84
27
141
308
571
832
1033
1171
1229
1288
1412
1492
1439
1257
966
671
441
219
17
-136
-311
-549
-834
-1133
-1354
-1445
-1462
-1434
-1346
-1242
-1121
-974
-823
-622
-384
-200
-47
123
296
496
707
857
961
1015
969
860
783
751
747
739
659
517
369
220
88
20
-9
-43
-66
-89
-124
-122
-86
-66
-40
-15
-37
-47
-11
18
41
69
54
14
-14
-85
-189
-280
-376
-466
-509
-544
-596
-648
-728
-822
-871
-892
-900
-884
-861
-820
-739
-664
-632
-613
-612
-656
-720
-784
-823
-797
-748
-748
-791
-825
-867
-954
-1070
-1199
-1303
-1328
-1268
-1176
-1120
-1169
-1342
-1574
-1743
-1768
-1675
-1523
-1370
-1306
-1387
-1582
-1768
-1792
-1516
-826
177
1142
1773
1975
1881
1860
2131
2574
3049
3463
3646
3522
3192
2780
2424
2150
1768
1232
732
368
173
125
37
-159
-392
-700
-999
-1038
-802
-384
143
545
698
761
797
836
1016
1281
1517
1724
1809
1703
1528
1343
1114
860
553
192
-109
-332
-520
-663
-811
-1026
-1265
-1501
-1682
-1681
-1508
-1273
-1014
-785
-639
-501
-331
-155
38
235
413
583
749
877
959
984
927
808
659
522
445
417
385
323
208
40
-130
-256
-324
-328
-287
-234
-190
-154
-117
-79
-43
-14
2
23
84
175
256
293
266
202
147
115
93
59
-7
-112
-246
-370
-452
-515
-600
-712
-831
-908
-904
-849
-801
-760
-747
-771
-811
-821
-778
-701
-644
-649
-724
-840
-922
-944
-916
-850
-786
-779
-818
-880
-950
-960
-886
-814
-802
-832
-848
-833
-870
-1006
-1163
-1279
-1379
-1486
-1592
-1618
-1513
-1418
-1500
-1693
-1882
-2051
-1993
-1394
-278
965
1838
2046
1785
1573
1703
2141
2790
3508
3997
3975
3500
2893
2408
2073
1793
1467
1093
779
574
420
262
81
-161
-501
-867
-1036
-864
-398
226
740
900
790
642
559
632
926
1324
1650
1797
1707
1429
1093
768
473
217
6
-157
-319
-510
-696
-870
-1072
-1290
-1478
-1609
-1615
-1441
-1144
-824
-563
-415
-357
-305
-189
21
303
605
852
978
990
949
893
827
747
655
556
451
347
239
112
-29
-148
-236
-295
-294
-248
-223
-210
-180
-147
-98
-13
86
179
272
334
344
336
327
298
236
150
56
-30
-104
-180
-260
-364
-511
-679
-825
-928
-968
-955
-923
-874
-830
-845
-925
-1019
-1087
-1105
-1045
-915
-776
-667
-624
-690
-819
-918
-953
-915
-802
-664
-580
-587
-676
-824
-955
-984
-945
-920
-935
-988
-1050
-1088
-1124
-1149
-1135
-1186
-1386
-1622
-1769
-1771
-1618
-1484
-1437
-1154
-465
354
1012
1374
1445
1473
1698
2102
2614
3150
3513
3545
3268
2830
2439
2171
1928
1712
1528
1248
892
573
248
-67
-264
-410
-579
-665
-609
-449
-181
124
331
402
406
452
588
779
1044
1362
1554
1536
1383
1148
904
756
655
491
300
90
-206
-526
-775
-954
-1088
-1213
-1338
-1412
-1405
-1306
-1119
-906
-712
-527
-376
-247
-74
148
391
627
798
871
868
826
780
756
718
655
573
434
255
118
22
-65
-117
-157
-204
-218
-208
-209
-191
-140
-84
-25
39
112
214
314
382
435
443
396
365
353
303
218
94
-71
-218
-316
-413
-519
-600
-672
-758
-852
-937
-993
-1009
-1018
-1025
-1018
-1015
-1004
-962
-903
-840
-793
-800
-860
-929
-966
-974
-960
-923
-883
-879
-916
-956
-968
-967
-961
-951
-961
-993
-1021
-1059
-1130
-1193
-1195
-1161
-1167
-1244
-1385
-1552
-1661
-1702
-1742
-1671
-1209
-298
685
1296
1385
1141
993
1275
1929
2681
3343
3744
3713
3316
2809
2380
2112
2016
2009
1952
1737
1355
858
333
-97
-371
-561
-716
-784
-751
-658
-507
-345
-277
-298
-287
-192
-15
286
690
1085
1372
1490
1413
1225
1070
1011
1044
1116
1139
1022
727
313
-99
-445
-725
-901
-976
-1020
-1065
-1111
-1169
-1198
-1166
-1096
-985
-800
-552
-268
39
306
489
593
627
651
726
817
895
972
994
911
761
584
424
329
262
185
118
53
-28
-108
-191
-278
-349
-409
-451
-429
-362
-289
-195
-108
-65
-49
-55
-65
-23
65
142
192
173
45
-126
-277
-383
-415
-415
-448
-502
-592
-743
-899
-1023
-1118
-1147
-1119
-1094
-1065
-1046
-1084
-1146
-1189
-1236
-1265
-1244
-1214
-1201
-1186
-1157
-1096
-1018
-983
-1026
-1117
-1195
-1179
-1058
-914
-808
-811
-992
-1281
-1520
-1641
-1646
-1596
-1646
-1790
-1697
-1044
47
1047
1453
1183
687
604
1176
2136
3099
3807
4084
3898
3417
2879
2470
2305
2387
2549
2540
2238
1693
1028
412
-40
-382
-693
-913
-990
-969
-887
-783
-771
-894
-1051
-1122
-999
-655
-157
372
804
1057
1124
1055
968
1000
1184
1446
1691
1804
1696
1412
1042
664
344
94
-112
-296
-496
-716
-932
-1142
-1338
-1502
-1620
-1645
-1526
-1306
-1033
-735
-483
-307
-169
-35
140
400
708
988
1197
1305
1303
1223
1093
950
838
750
680
626
517
325
128
-35
-183
-290
-362
-453
-531
-544
-553
-569
-539
-509
-519
-484
-385
-283
-169
-36
61
91
39
-64
-127
-137
-114
-52
-48
-175
-338
-517
-722
-821
-859
-1011
-1119
-1018
-930
-978
-1082
-1242
-1400
-1436
-1403
-1364
-1257
-1120
-1115
-1283
-1495
-1598
-1540
-1366
-1180
-1089
-1110
-1173
-1223
-1261
-1312
-1388
-1451
-1470
-1461
-1430
-1389
-1275
-853
-41
804
1260
1211
857
691
1115
1990
2870
3432
3525
3221
2815
2552
2469
2475
2456
2405
2314
2090
1697
1216
729
333
69
-166
-414
-619
-756
-806
-771
-753
-860
-1071
-1217
-1114
-772
-351
34
293
380
401
458
552
710
937
1159
1358
1517
1535
1382
1148
927
755
619
500
397
274
111
-68
-278
-528
-773
-992
-1135
-1133
-1038
-965
-918
-892
-879
-826
-719
-561
-336
-64
195
422
594
690
739
761
767
784
807
827
843
828
732
537
289
54
-109
-171
-172
-187
-257
-385
-556
-704
-780
-806
-787
-714
-613
-508
-411
-375
-390
-382
-343
-260
-119
14
105
158
140
48
-64
-175
-268
-309
-325
-350
-397
-495
-646
-806
-942
-1028
-1076
-1128
-1168
-1171
-1172
-1189
-1223
-1273
-1294
-1256
-1199
-1145
-1078
-1005
-919
-832
-773
-729
-688
-654
-595
-537
-541
-582
-621
-629
-504
-189
202
510
634
538
364
353
590
993
1416
1705
1787
1720
1626
1589
1624
1673
1669
1606
1516
1451
1433
1399
1283
1069
778
476
258
154
137
164
172
104
-46
-223
-352
-387
-337
-249
-167
-115
-85
-50
-11
37
107
169
200
234
283
333
384
422
430
421
383
294
189
102
38
10
-6
-51
-108
-176
-272
-357
-405
-441
-450
-399
-324
-248
-178
-148
-150
-120
-53
21
107
183
223
242
249
235
214
184
129
69
7
-76
-152
-201
-255
-312
-356
-402
-434
-428
-415
-417
-424
-437
-448
-426
-364
-278
-191
-132
-120
-137
-145
-111
-32
64
149
202
213
182
132
87
57
41
30
19
-4
-48
-119
-202
-264
-299
-329
-366
-414
-459
-479
-473
-433
-352
-274
-249
-274
-301
-299
-237
-123
5
133
241
278
235
162
93
63
77
110
139
147
110
19
-105
-241
-354
-417
-437
-435
-415
-399
-404
-412
-416
-416
-401
-382
-369
-341
-297
-243
-177
-123
-101
-100
-118
-154
-166
-139
-88
-14
57
97
122
152
203
279
360
422
471
513
558
624
681
702
702
695
676
672
672
646
623
615
599
589
587
549
478
401
316
260
258
269
275
280
246
163
65
-32
-95
-87
-32
48
136
183
179
152
115
94
112
146
184
231
250
209
130
28
-83
-157
-207
-267
-328
-391
-466
-545
-621
-699
-751
-761
-738
-681
-614
-559
-509
-464
-419
-363
-300
-239
-157
-58
29
101
154
182
191
186
172
170
191
213
218
196
135
50
-38
-107
-139
-137
-130
-141
-166
-207
-266
-321
-349
-349
-304
-222
-138
-64
-4
28
43
68
105
167
248
320
375
403
402
385
363
315
261
225
189
149
105
34
-58
-135
-203
-260
-293
-307
-319
-328
-339
-338
-302
-244
-186
-137
-108
-88
-56
-19
19
66
104
116
113
93
46
-7
-40
-48
-44
-44
-47
-45
-35
-31
-48
-66
-65
-39
6
67
162
270
330
307
236
166
130
144
192
251
301
305
233
118
8
-65
-87
-70
-42
-14
10
19
22
12
-20
-47
-39
0
82
192
287
348
360
314
250
207
206
255
328
374
372
319
209
76
-42
-134
-185
-195
-207
-239
-283
-344
-411
-467
-503
-501
-451
-382
-332
-301
-278
-249
-199
-145
-96
-47
-3
31
58
77
90
102
102
90
75
71
66
49
22
-6
-33
-66
-104
-143
-160
-156
-142
-137
-143
-152
-158
-160
-157
-140
-111
-80
-43
-7
14
30
45
61
95
133
151
161
178
197
208
213
213
226
257
273
262
232
179
111
42
-11
-31
-23
-27
-61
-107
-150
-175
-174
-158
-136
-104
-74
-53
-34
-15
6
51
111
148
151
127
85
43
5
-29
-43
-38
-32
-37
-57
-85
-125
-177
-223
-232
-197
-148
-111
-95
-96
-98
-99
-94
-72
-25
36
90
116
110
83
42
6
-14
-28
-32
-16
12
35
46
28
-21
-57
-58
-37
11
79
151
215
246
226
190
176
183
215
268
315
346
353
308
236
180
141
115
108
95
61
28
-13
-74
-143
-207
-251
-253
-217
-176
-140
-117
-125
-154
-181
-181
-139
-67
7
66
95
87
57
38
46
82
129
157
157
124
73
20
-19
-43
-62
-87
-115
-146
-183
-216
-252
-278
-286
-282
-269
-246
-213
-182
-158
-148
-145
-133
-120
-103
-69
-23
25
63
77
67
54
43
29
31
64
113
159
182
172
144
121
97
72
53
37
28
21
6
-15
-35
-48
-53
-61
-78
-92
-86
-60
-18
31
76
104
119
121
118
119
126
131
128
129
134
124
88
32
-40
-102
-139
-156
-169
-179
-186
-190
-193
-200
-214
-227
-225
-197
-152
-103
-56
-13
12
19
21
16
17
39
79
124
167
193
195
178
155
134
126
138
170
208
235
241
216
168
112
63
30
23
36
60
84
94
82
53
14
-24
-36
-20
10
41
61
61
39
-5
-59
-103
-125
-124
-105
-83
-73
-81
-112
-147
-170
-179
-174
-152
-113
-69
-32
-10
-4
-7
-10
-5
14
55
112
159
182
172
139
95
60
44
39
45
50
41
12
-31
-79
-122
-152
-164
-159
-143
-120
-103
-104
-125
-145
-147
-128
-99
-80
-69
-53
-22
12
43
67
80
76
63
53
57
80
115
149
175
183
154
97
40
11
15
42
69
76
60
25
-16
-40
-41
-24
7
38
55
60
51
28
11
17
44
83
117
121
96
56
2
-57
-106
-140
-156
-161
-171
-180
-187
-192
-198
-206
-213
-206
-180
-147
-120
-98
-91
-94
-93
-83
-63
-42
-31
-34
-35
-23
-5
14
29
40
60
88
121
157
188
209
216
211
203
206
210
205
191
170
154
144
128
101
74
50
29
4
-21
-39
-40
-30
-20
-13
-10
-6
-7
-5
-2
0
-3
-6
-1
15
32
44
42
30
15
-5
-25
-29
-26
-31
-43
-60
-77
-87
-91
-88
-75
-55
-45
-50
-65
-77
-80
-71
-48
-22
-5
-7
-18
-27
-30
-32
-37
-41
-37
-33
-38
-51
-60
-66
-73
-81
-94
-107
-117
-124
-120
-100
-67
-33
-11
1
11
23
36
58
91
129
162
179
173
156
142
136
141
149
146
127
100
66
28
-7
-26
-26
-12
10
29
41
43
41
32
29
40
57
81
110
135
141
123
89
53
28
8
-11
-30
-46
-65
-77
-92
-120
-160
-203
-228
-217
-183
-161
-157
-162
-173
-183
-189
-194
-188
-165
-134
-97
-55
-21
-5
-7
-14
-9
24
65
104
137
156
154
135
106
85
83
98
121
138
142
127
92
53
27
21
33
58
83
98
101
90
77
67
63
64
65
67
72
78
83
80
64
33
-4
-33
-54
-70
-83
-92
-96
-99
-108
-128
-152
-167
-173
-172
-157
-132
-103
-71
-42
-28
-23
-24
-27
-20
0
19
30
33
28
21
12
-10
-33
-47
-50
-40
-24
-9
1
1
-8
-25
-44
-52
-50
-32
-6
18
30
31
25
17
16
29
52
81
107
123
124
110
89
69
61
64
70
68
55
31
-3
-39
-62
-69
-58
-35
-9
15
26
25
16
5
7
30
69
116
157
177
169
141
108
77
63
61
58
48
37
23
5
-25
-71
-122
-161
-173
-162
-138
-118
-115
-130
-151
-166
-165
-152
-135
-114
-88
-64
-49
-46
-54
-60
-53
-34
-15
-1
5
5
0
-9
-20
-39
-53
-52
-34
-12
7
18
16
8
5
5
6
18
47
83
120
151
166
166
166
168
174
179
181
180
176
171
165
147
114
74
24
-21
-49
-57
-53
-53
-65
-90
-117
-132
-133
-126
-113
-91
-60
-30
-6
3
-3
-11
-14
-16
-19
-19
-14
-6
-5
-18
-42
-67
-88
-104
-116
-121
-108
-82
-59
-48
-49
-59
-60
-46
-23
4
36
62
83
100
104
97
84
78
81
94
105
108
101
90
80
68
56
43
34
23
13
6
-4
-20
-37
-45
-41
-25
-8
3
0
-10
-21
-31
-30
-16
4
19
27
32
33
35
35
35
35
41
50
55
58
55
52
48
42
36
23
4
-15
-33
-45
-47
-40
-37
-42
-59
-86
-114
-138
-153
-162
-167
-170
-167
-165
-163
-163
-167
-169
-163
-146
-118
-83
-46
-20
-6
3
6
14
28
53
85
121
147
150
135
114
96
88
90
95
95
98
103
107
108
99
84
64
50
46
56
73
85
88
76
60
48
35
23
19
22
27
34
36
28
11
-10
-25
-26
-13
5
19
16
1
-20
-38
-52
-64
-76
-86
-86
-80
-79
-95
-122
-151
-169
-166
-153
-136
-123
-116
-113
-106
-86
-60
-33
-6
25
57
85
99
103
102
107
121
136
145
146
137
118
92
61
33
14
4
3
8
14
11
-2
-19
-37
-49
-42
-15
26
68
97
109
105
95
83
78
84
99
117
130
129
109
72
30
-3
-17
-10
5
17
17
4
-15
-32
-48
-56
-57
-49
-34
-17
-6
-4
-11
-23
-34
-45
-56
-69
-82
-88
-91
-98
-113
-143
-180
-214
-242
-257
-260
-245
-220
-190
-166
-154
-151
-146
-129
-99
-58
-13
31
65
89
101
101
96
95
104
117
130
137
138
140
146
153
152
145
138
139
150
165
174
172
156
135
119
108
102
98
91
82
71
62
52
38
23
7
-10
-23
-32
-33
-26
-17
-16
-28
-48
-76
-101
-117
-118
-107
-90
-82
-90
-111
-135
-149
-155
-151
-140
-124
-106
-92
-87
-91
-100
-107
-111
-109
-95
-69
-35
-7
10
7
-6
-16
-14
2
26
48
60
59
47
33
21
15
15
18
21
21
14
0
-16
-25
-22
-8
13
39
63
82
94
98
95
90
91
104
128
159
182
193
190
171
140
110
93
91
105
120
126
113
85
51
24
12
10
12
14
17
26
37
40
31
9
-20
-46
-58
-57
-52
-52
-64
-87
-118
-152
-190
-219
-234
-230
-212
-195
-187
-194
-203
-205
-196
-172
-142
-108
-79
-58
-46
-39
-38
-30
-13
11
37
53
61
65
70
75
80
80
80
84
90
101
114
128
137
136
128
119
115
117
121
123
120
113
100
85
68
48
26
0
-24
-44
-56
-65
-68
-72
-79
-89
-99
-111
-117
-113
-104
-89
-75
-66
-64
-66
-70
-68
-59
-46
-30
-17
-14
-22
-33
-48
-57
-57
-51
-37
-25
-20
-25
-39
-56
-70
-72
-59
-34
-1
27
45
50
47
42
43
54
71
93
113
126
127
116
92
63
37
21
21
34
48
50
41
24
5
-10
-19
-17
-1
23
51
72
78
72
65
65
77
102
126
142
146
141
128
111
95
80
69
56
45
32
17
0
-18
-36
-54
-69
-78
-82
-84
-86
-90
-97
-105
-115
-126
-134
-136
-133
-122
-110
-105
-113
-128
-141
-140
-121
-94
-68
-53
-47
-45
-44
-39
-34
-29
-20
-10
2
15
22
25
27
27
29
33
40
50
64
78
91
100
106
107
110
112
117
121
123
121
118
115
111
102
92
77
56
34
9
-15
-32
-42
-47
-52
-61
-77
-95
-110
-118
-114
-103
-88
-75
-67
-63
-61
-62
-61
-56
-45
-31
-19
-7
-4
-7
-13
-20
-21
-13
0
11
17
14
6
-3
-4
3
13
20
21
22
23
29
36
41
46
49
55
59
62
62
57
50
44
41
37
32
22
7
-11
-28
-41
-51
-59
-62
-64
-64
-64
-66
-66
-65
-62
-54
-40
-22
4
31
53
68
72
71
71
76
87
97
103
97
79
56
33
15
-1
-10
-18
-24
-30
-36
-43
-50
-56
-60
-61
-60
-53
-40
-28
-22
-24
-31
-36
-34
-25
-11
2
9
9
2
-9
-16
-15
-6
7
12
8
-7
-28
-44
-50
-43
-28
-14
-12
-19
-31
-38
-36
-27
-10
7
24
36
41
42
40
37
35
35
41
51
60
65
60
45
21
-6
-27
-36
-36
-31
-29
-38
-54
-73
-89
-99
-101
-94
-82
-67
-48
-33
-21
-14
-8
-3
7
23
43
64
79
88
87
82
76
75
79
84
88
86
77
64
50
37
25
21
17
11
3
-10
-24
-36
-45
-49
-46
-39
-30
-20
-11
-4
2
3
4
11
24
42
59
68
67
56
39
24
11
2
-6
-12
-21
-33
-46
-62
-76
-86
-87
-84
-81
-74
-68
-58
-45
-29
-13
0
9
14
17
24
32
40
45
45
41
32
26
21
16
12
5
-2
-5
-6
0
7
11
11
5
-4
-11
-13
-11
-7
-3
-2
-6
-17
-33
-47
-57
-59
-54
-44
-39
-41
-46
-54
-53
-45
-32
-18
-5
4
8
12
17
24
33
43
57
67
76
81
83
79
73
68
65
68
76
82
85
78
63
45
27
15
9
6
3
0
-5
-15
-24
-35
-46
-55
-63
-64
-60
-50
-38
-28
-25
-27
-33
-36
-31
-20
-3
14
26
29
24
15
6
2
3
6
9
12
15
15
13
6
-6
-17
-22
-21
-9
1
8
5
-6
-17
-28
-32
-29
-21
-15
-11
-10
-11
-11
-10
-7
-1
4
11
20
28
35
40
41
40
35
33
29
25
25
25
25
28
28
27
25
24
27
33
41
49
55
61
67
73
74
73
67
59
52
45
44
43
41
36
26
10
-6
-21
-31
-34
-32
-26
-21
-21
-29
-41
-52
-59
-63
-63
-60
-59
-62
-70
-82
-95
-108
-116
-120
-121
-117
-111
-101
-94
-87
-82
-81
-78
-70
-56
-34
-10
11
25
30
25
17
12
10
15
21
30
34
33
26
13
-2
-16
-23
-25
-17
-6
5
11
11
7
2
-1
2
11
24
39
51
56
53
47
43
41
44
49
54
59
60
54
44
31
23
21
23
30
32
30
22
12
4
-1
0
5
10
14
19
19
18
16
15
12
12
11
8
5
-1
-8
-18
-28
-39
-52
-63
-72
-79
-82
-85
-87
-89
-89
-88
-84
-72
-58
-44
-33
-24
-15
-6
5
18
30
40
45
47
47
47
47
49
49
50
49
47
48
47
46
43
42
40
41
43
47
49
48
45
40
35
31
28
27
28
28
26
21
14
9
5
4
3
5
4
3
-2
-9
-17
-25
-35
-44
-52
-59
-64
-69
-76
-83
-93
-100
-105
-104
-97
-89
-81
-73
-65
-53
-40
-28
-19
-13
-8
-1
12
26
35
41
40
32
22
19
24
32
42
45
44
35
19
6
0
-1
4
13
18
16
14
5
-6
-12
-12
-5
4
17
32
40
43
45
47
51
47
39
26
20
23
19
19
24
9
-17
-35
-51
-66
-60
-35
-14
-8
-3
-3
-11
-18
-13
-3
-11
-10
1
-6
-20
-4
19
5
-13
-27
-54
-74
-68
-42
-21
-2
6
-15
-34
-39
-37
-60
-102
-115
-116
-115
-109
-59
53
120
141
176
147
92
140
318
782
1607
2072
1667
1147
942
677
569
774
703
378
145
-282
-797
-1001
-1112
-1329
-1610
-1886
-2013
-1955
-1711
-1334
-986
-823
-834
-849
-776
-556
-198
137
318
432
521
581
789
1094
1257
1237
1055
750
517
480
528
637
750
751
655
463
223
88
79
-59
-283
-383
-527
-645
-570
-442
-390
-375
-474
-781
-989
-987
-857
-591
-321
-66
111
151
199
280
385
513
597
592
568
594
640
734
866
905
801
525
173
-120
-289
-326
-338
-343
-382
-422
-537
-702
-597
-701
-853
-692
-811
-810
-477
-325
-164
206
296
249
341
180
185
390
409
610
808
827
828
802
646
424
356
182
-38
-97
-164
-212
-198
-185
-275
-361
-439
-634
-739
-756
-700
-536
-329
-153
-63
37
79
69
129
160
191
250
301
378
483
594
637
639
559
373
181
30
-49
-56
-13
6
-28
-109
-247
-367
-452
-509
-543
-559
-535
-461
-357
-232
-109
-15
29
12
-26
-18
45
129
246
367
442
448
407
340
261
195
117
69
55
46
43
-6
-42
-44
-96
-191
-274
-328
-350
-323
-273
-209
-133
-97
-76
-73
-66
-24
3
48
119
194
256
292
308
313
340
330
273
232
191
168
153
133
127
93
19
-67
-147
-195
-212
-230
-264
-270
-273
-250
-191
-170
-128
-90
-97
-109
-120
-96
-43
25
94
137
149
117
76
35
2
-24
-56
-64
-48
1
19
11
18
-8
-51
-105
-136
-117
-48
51
131
187
190
169
134
97
92
89
109
115
108
120
127
117
87
39
-43
-112
-151
-173
-143
-122
-121
-118
-116
-95
-90
-89
-66
-63
-53
-17
5
40
92
121
153
176
161
150
107
39
21
-4
-25
7
20
22
25
16
-21
-84
-130
-162
-172
-137
-98
-66
-11
17
-5
-39
-87
-113
-90
-45
17
88
141
187
207
182
177
169
151
146
143
159
161
143
114
76
42
-7
-59
-104
-121
-134
-177
-208
-237
-242
-223
-208
-168
-132
-121
-109
-71
-36
-23
11
43
84
116
104
125
159
178
185
163
145
133
132
129
122
125
102
55
2
-43
-88
-105
-118
-166
-194
-222
-255
-250
-249
-246
-229
-221
-203
-183
-161
-122
-76
-46
-15
18
58
128
162
177
215
222
213
218
221
211
224
210
160
130
85
49
33
-9
-41
-54
-78
-91
-70
-68
-60
-17
-31
-58
-62
-83
-79
-62
-48
-10
22
19
5
-4
-27
-25
-8
9
30
27
34
33
6
8
7
-7
-19
-18
0
-1
-20
-20
-27
-63
-68
-75
-93
-76
-88
-114
-115
-120
-91
-55
-49
-35
-21
-9
7
12
42
81
79
80
82
53
47
49
62
108
106
83
77
61
44
34
30
21
25
38
25
6
0
2
-3
-16
-47
-78
-71
-46
-25
-29
-23
-15
-37
-25
-16
-24
-7
-5
-4
32
57
51
42
29
7
-12
-12
28
60
58
67
60
48
49
38
34
37
52
42
8
-9
-35
-53
-68
-95
-117
-130
-134
-130
-127
-138
-126
-115
-128
-121
-108
-79
-28
9
28
49
58
69
97
105
118
136
120
93
71
43
17
-2
-23
-40
-48
-61
-57
-50
-46
-26
-22
-4
38
61
73
94
115
113
111
101
81
94
96
77
58
31
17
13
14
7
-1
-6
-33
-51
-54
-47
-33
-14
18
14
-14
-41
-54
-46
-44
-24
-12
-23
-14
-5
-2
20
45
35
20
-3
-26
-7
14
23
19
-4
-21
-38
-48
-32
-20
-29
-40
-55
-50
-25
8
57
76
62
44
6
-14
-8
-1
17
38
38
43
44
32
27
0
-34
-38
-36
-17
9
22
24
6
-21
-42
-56
-41
-20
-33
-29
-5
-9
-7
12
-2
-16
-10
-17
-13
4
5
11
10
-7
-16
-20
-11
-3
5
15
20
27
32
31
42
63
55
38
44
30
4
-23
-48
-49
-45
-37
-36
-51
-70
-93
-125
-149
-154
-141
-115
-92
-72
-52
-43
-26
-16
-20
-6
9
26
50
60
70
100
113
97
85
68
57
54
53
72
104
126
132
121
109
102
73
32
4
-16
-5
25
20
19
30
15
-18
-43
-56
-54
-61
-70
-65
-63
-60
-46
-30
-24
-27
-38
-50
-39
-11
-6
-11
9
33
34
31
21
3
-14
-24
-16
-12
-19
-24
-32
-33
-28
-27
-26
-28
-40
-43
-42
-56
-48
-33
-26
-14
-17
-32
-25
-30
-59
-50
-23
-11
20
44
45
50
54
36
27
47
51
41
34
12
-5
-11
-28
-50
-44
-22
-13
-7
2
-7
-29
-23
-2
-3
-6
8
17
6
-11
-2
-2
-18
-5
30
52
67
66
47
45
56
34
17
42
45
25
20
-4
-28
-19
-22
-17
16
16
5
6
-1
3
5
1
15
34
41
53
65
62
45
20
6
3
1
21
38
37
23
-11
-45
-64
-85
-98
-93
-93
-102
-96
-87
-80
-61
-47
-57
-64
-56
-64
-58
-32
-15
7
30
35
49
64
66
74
79
76
78
87
94
98
111
111
80
39
0
-38
-64
-60
-54
-56
-54
-66
-73
-65
-56
-62
-79
-84
-74
-53
-35
-7
18
18
19
15
0
7
11
5
6
6
8
23
29
23
19
2
-17
-21
-9
-2
7
17
22
28
42
46
31
28
25
2
-13
4
23
38
54
60
45
37
32
20
20
46
79
95
110
120
119
109
76
41
32
23
24
37
45
62
67
35
-11
-48
-74
-77
-71
-60
-40
-44
-58
-67
-84
-91
-90
-93
-91
-82
-62
-48
-40
-25
-7
-16
-28
-12
-9
-17
-11
-19
-34
-28
-19
-30
-29
-9
2
6
-3
-25
-40
-50
-52
-16
30
37
39
38
22
10
1
-16
-16
-2
-13
-25
-17
-9
-10
-14
-32
-51
-49
-39
-31
-11
15
25
12
5
11
12
11
18
14
10
30
54
69
70
61
49
37
18
5
11
27
40
43
39
26
16
23
14
1
6
12
18
29
27
26
33
26
23
19
3
-2
-15
-27
-23
-25
-28
-26
-27
-37
-52
-68
-74
-69
-70
-65
-63
-69
-53
-49
-48
-30
-21
-33
-41
-32
-30
-17
-3
-10
-12
-4
3
7
13
20
23
26
32
48
60
60
70
67
45
29
24
19
16
32
33
3
-19
-20
-20
-16
3
2
-3
3
-3
-7
6
20
28
31
16
-1
0
2
-2
1
2
7
17
2
-14
-11
-15
-22
-9
4
5
29
42
23
27
41
28
12
15
17
29
42
42
44
27
6
-2
-25
-33
-11
-4
-10
-14
-31
-40
-32
-27
-12
-2
-21
-44
-62
-73
-74
-61
-47
-46
-53
-67
-76
-77
-63
-45
-33
-15
1
10
24
37
35
25
23
33
48
63
81
87
73
63
53
48
61
79
85
84
74
51
29
19
16
5
-8
-8
-11
-20
-33
-49
-44
-35
-45
-48
-41
-40
-30
-21
-23
-14
1
7
28
55
69
71
58
41
30
13
0
-3
-8
-7
0
-5
-21
-34
-44
-57
-64
-61
-56
-48
-31
-13
1
12
8
-8
-22
-24
-18
-11
4
26
37
41
39
30
20
7
-9
-24
-23
-10
-5
-8
0
8
2
-6
-18
-31
-40
-50
-65
-75
-75
-69
-56
-46
-46
-41
-40
-57
-64
-55
-45
-17
25
59
96
122
127
124
124
120
113
108
115
122
124
120
98
64
32
-3
-44
-75
-92
-92
-83
-72
-57
-49
-56
-59
-66
-78
-73
-56
-41
-20
-1
8
22
35
29
20
17
3
-9
-3
5
6
14
19
12
7
0
-20
-39
-46
-46
-41
-28
-17
-5
12
17
23
27
17
8
9
13
28
57
83
104
118
111
98
82
56
34
24
14
4
3
-6
-20
-33
-58
-94
-118
-129
-137
-135
-125
-109
-91
-76
-71
-83
-91
-94
-98
-87
-61
-28
3
22
35
43
49
58
70
71
72
87
98
101
111
113
108
101
84
52
14
-19
-41
-46
-43
-35
-32
-36
-45
-61
-82
-97
-95
-81
-63
-41
-9
22
29
25
19
7
12
33
45
59
75
77
71
63
47
35
26
10
-4
-14
-22
-14
6
11
17
27
14
2
-2
-16
-21
-8
0
5
17
19
24
33
30
31
28
16
15
20
18
27
38
24
15
11
-12
-34
-45
-55
-57
-53
-57
-61
-70
-85
-91
-96
-97
-84
-73
-69
-60
-43
-28
-28
-38
-39
-39
-31
3
37
56
70
70
81
158
270
388
495
533
506
462
418
388
374
339
269
177
105
82
65
60
68
14
-39
-5
21
59
164
174
116
128
98
47
96
80
-11
-27
-98
-203
-202
-239
-318
-321
-367
-416
-367
-365
-371
-307
-321
-344
-288
-315
-339
-258
-262
-286
-217
-228
-264
-211
-224
-259
-223
-236
-257
-202
-183
-161
-86
-64
-48
5
6
16
66
63
73
116
110
134
203
218
240
281
258
241
260
241
230
246
221
204
209
182
163
153
108
76
61
27
10
9
-11
-15
-4
-18
-18
-13
-35
-40
-30
-39
-30
-4
0
7
22
18
11
8
-8
-22
-39
-62
-66
-73
-85
-82
-71
-68
-66
-68
-79
-86
-74
-56
-50
-39
-15
-2
12
46
64
60
68
76
73
96
127
125
125
136
121
114
132
126
111
109
92
70
72
69
57
48
26
7
3
-4
-3
-4
-27
-43
-42
-47
-47
-31
-30
-37
-37
-43
-48
-49
-53
-58
-64
-68
-65
-58
-53
-43
-34
-35
-32
-22
-18
-20
-21
-24
-32
-22
-8
-9
-11
-16
-28
-31
-23
-15
-8
-4
-6
-8
1
18
43
65
76
78
78
77
77
82
83
84
82
70
54
40
26
9
-6
-17
-34
-48
-53
-63
-63
-49
-44
-42
-35
-36
-34
-16
-9
-5
-1
-12
-24
-20
-12
-1
16
15
9
1
-14
-21
-23
-35
-37
-26
-30
-28
-11
-10
-11
-8
-25
-40
-38
-32
-23
2
20
34
51
47
41
45
36
24
20
11
6
13
16
20
13
-8
-30
-56
-80
-84
-87
-91
-75
-62
-58
-44
-33
-28
-14
-6
-8
1
13
23
45
62
67
73
64
42
32
29
33
51
70
89
104
110
113
115
107
91
74
53
38
32
21
15
12
-2
-18
-33
-52
-56
-45
-39
-26
-5
6
21
38
41
44
49
38
26
24
17
13
19
16
8
3
-12
-27
-37
-48
-57
-62
-68
-64
-56
-57
-55
-52
-63
-78
-88
-95
-95
-81
-70
-58
-39
-25
-11
6
17
26
37
47
57
71
79
85
89
88
83
79
70
53
32
9
-15
-29
-30
-26
-25
-19
-20
-34
-41
-42
-47
-42
-27
-22
-15
1
10
16
25
22
17
17
16
17
23
29
31
29
18
1
-18
-42
-61
-76
-89
-91
-88
-82
-70
-58
-50
-47
-49
-48
-40
-30
-14
6
20
37
49
52
57
61
56
54
52
43
42
52
59
70
79
78
75
74
73
67
59
40
27
21
20
25
26
18
2
-18
-39
-55
-67
-74
-71
-57
-41
-19
0
1
-3
-8
-20
-26
-24
-25
-29
-24
-20
-11
2
4
-5
-24
-47
-64
-67
-60
-52
-48
-48
-48
-44
-37
-34
-41
-50
-59
-65
-61
-47
-26
-7
4
7
5
4
9
13
17
28
43
58
77
93
100
99
86
64
44
31
20
15
21
24
26
24
11
-2
-15
-32
-49
-58
-60
-53
-38
-20
-6
4
4
-3
-3
-2
2
7
11
14
21
27
28
31
28
20
16
12
14
23
33
38
47
49
45
38
22
2
-15
-27
-38
-39
-31
-22
-11
0
5
8
6
4
4
6
16
27
30
32
31
19
11
2
-19
-38
-49
-63
-64
-50
-39
-29
-22
-28
-38
-44
-47
-43
-36
-28
-15
-1
5
11
13
5
-1
-8
-14
-11
-5
4
18
31
41
48
50
43
33
25
17
15
18
24
26
24
19
11
-2
-17
-31
-44
-53
-48
-35
-22
-7
6
8
6
9
13
20
31
37
44
53
56
62
68
62
54
52
41
37
41
40
39
42
35
26
24
16
9
10
7
4
7
6
4
5
1
-4
-3
-5
-6
-3
-4
-9
-10
-17
-25
-30
-33
-38
-37
-36
-37
-36
-37
-41
-42
-40
-38
-31
-22
-17
-10
0
6
11
12
5
-2
-7
-9
-4
5
12
16
14
9
2
-1
-5
-7
-7
-6
-3
5
13
17
12
2
-14
-37
-52
-58
-62
-61
-51
-49
-47
-40
-36
-32
-29
-33
-31
-20
-8
14
35
47
53
51
40
30
24
19
16
17
16
19
28
35
39
38
28
15
5
-1
4
11
21
25
21
16
9
-2
-9
-14
-22
-25
-23
-22
-14
-7
-7
-7
-11
-19
-23
-26
-30
-28
-25
-23
-18
-16
-18
-21
-27
-35
-41
-43
-41
-30
-15
-4
4
11
12
9
10
14
17
26
36
42
46
49
44
38
31
22
17
17
18
25
36
42
44
41
35
27
19
13
10
13
17
22
24
21
12
-1
-17
-28
-33
-33
-30
-24
-15
-9
-6
-8
-15
