SAMPLES:	13868
BITSPERSAMPLE:	16
CHANNELS:	1
SAMPLERATE:	16000
NORMALIZED:	FALSE
0
0
1
1
1
1
1
2
2
1
1
1
1
1
2
2
2
2
3
2
2
2
2
3
3
3
3
3
3
3
4
3
3
2
2
2
2
3
3
3
4
4
3
2
2
1
2
2
2
3
1
2
3
2
1
1
0
0
-1
1
0
0
1
0
1
1
1
1
1
1
1
1
1
0
-1
0
-1
0
1
0
0
0
-1
-1
-1
-1
-1
-1
-1
1
0
0
-1
-1
-1
-1
-1
-1
-1
-1
-1
0
-1
-1
-1
-1
-1
-1
-1
-1
0
-1
-2
-1
-1
-2
-2
-2
-2
-2
-2
-2
-2
-2
-3
-2
-3
-3
-2
-1
-2
-1
-2
-1
-2
-1
-2
-3
-1
-1
-2
-2
-2
-2
-2
-3
-3
-3
-3
-3
-2
-2
-1
-2
-2
-2
-2
-2
-1
-2
-2
-2
-1
0
0
0
0
0
-1
-1
-1
-1
-1
-1
-1
0
1
0
-1
-1
-2
-2
-1
-2
-1
0
0
0
-2
0
-2
-1
-2
-2
-2
-1
0
-1
0
-1
1
0
0
0
0
1
2
1
1
1
0
1
1
1
1
1
0
1
1
1
1
1
1
2
2
2
2
1
2
2
1
0
0
0
0
0
0
1
2
1
0
1
1
2
2
2
3
2
2
2
1
2
2
2
3
2
2
1
0
0
0
1
0
0
0
1
0
-1
0
0
0
0
0
1
1
2
1
0
0
0
0
1
2
1
2
2
2
1
0
0
-1
1
-1
0
0
-1
-2
-1
0
-1
-1
-1
-2
-1
-1
-2
-2
-2
-2
-2
-1
0
0
-1
-2
-2
-2
-3
-1
-2
-1
0
0
-1
-2
-1
-1
-1
-1
0
0
1
0
0
0
-1
-1
-2
-2
0
-2
-1
-1
0
-1
-2
-2
-2
-2
-2
-1
-1
-1
-1
-1
-2
-2
-3
-3
-3
-2
-2
-1
-1
-1
-1
-1
0
-1
-1
-1
-1
-1
-1
0
0
0
0
0
0
1
0
0
0
0
0
0
-1
0
1
0
2
2
1
0
-2
-1
-1
-1
0
0
0
0
0
0
-1
0
1
0
0
-1
-1
-1
-1
-1
-1
-1
0
0
0
0
0
-1
-1
-1
-1
0
0
0
0
1
1
1
1
1
1
1
0
0
0
0
0
0
0
0
0
0
0
-1
-1
-1
0
1
1
0
-1
0
0
0
1
2
1
2
2
2
3
3
2
1
0
0
1
2
3
3
2
2
1
-2
-2
-3
-3
0
0
0
2
1
1
2
0
0
1
0
1
2
2
1
0
-1
-2
-2
-1
-2
-2
-2
-2
-2
0
1
-1
-2
-4
-4
-4
-1
0
3
5
5
5
2
-3
-5
-6
-5
0
2
5
5
0
-5
-9
-11
-9
-7
-3
2
1
0
-2
-5
-6
-5
-3
1
4
4
5
5
3
1
-1
-2
-1
-2
-2
-3
-4
-4
-3
-2
-2
-2
-6
-9
-10
-10
-7
-2
2
5
5
3
0
-3
-5
-3
0
3
8
7
4
1
-5
-9
-9
-8
-4
1
2
1
-3
-7
-8
-9
-8
-5
-2
0
3
3
4
4
1
1
2
2
1
1
1
2
3
3
3
3
0
-2
-5
-7
-4
-3
0
4
3
0
-1
-4
-4
0
4
9
12
12
10
7
4
1
0
1
4
5
8
7
5
1
-5
-8
-9
-10
-7
-4
-3
-1
0
-1
-1
0
-2
1
3
6
11
12
13
12
10
8
5
4
5
5
4
1
-2
-4
-8
-10
-12
-12
-10
-6
-6
-5
-2
-3
-4
-1
2
6
11
16
15
15
16
11
5
4
2
2
6
8
7
4
1
-7
-15
-21
-21
-19
-11
-2
4
7
8
3
-6
-10
-9
-6
1
11
18
21
22
17
8
0
-2
-6
-4
2
3
3
3
-2
-10
-11
-12
-14
-11
-9
-3
-2
-2
-1
-4
-4
-2
-3
-3
3
7
7
8
7
3
1
0
-5
-5
0
3
1
-1
-2
-5
-8
-10
-13
-13
-8
-4
-2
1
3
0
-4
-7
-7
-4
0
4
6
10
12
10
5
-2
-10
-12
-9
-7
-6
-2
2
1
-2
-8
-11
-12
-11
-11
-5
4
9
8
3
2
0
-4
-1
2
4
8
9
2
-3
-4
-10
-11
-7
-3
0
6
4
-2
-6
-8
-7
-8
-1
6
6
6
8
6
1
1
3
1
1
5
6
3
7
5
0
-2
-3
-5
-3
2
4
3
2
4
3
-1
0
1
-3
-2
2
6
7
7
8
7
2
3
4
0
1
-1
-8
-4
2
2
2
3
2
-2
-6
-7
-4
-1
-1
2
5
8
13
10
0
-2
0
-5
-4
4
5
2
5
2
-3
-2
-2
-6
-8
-9
-7
-1
2
3
2
1
1
0
0
-2
4
2
-6
-4
-2
-3
3
8
4
1
-3
-6
-8
-11
-11
-9
-5
2
12
10
4
0
-8
-16
-14
-3
5
10
12
10
7
9
5
-10
-10
-3
-9
-12
2
10
9
4
-2
-7
-9
-9
-15
-13
2
-1
0
17
14
6
-6
-17
-4
-2
-12
8
19
3
6
2
-6
-2
-10
-11
-6
-13
-8
11
6
-1
1
-4
-11
-17
-14
-7
-6
11
16
12
23
8
-14
-10
-20
-25
0
13
19
25
11
2
-11
-39
-32
-16
-26
-11
17
6
-1
0
-12
-14
-14
-14
1
14
15
15
16
12
11
9
11
16
14
7
6
0
-12
-13
-13
-17
-14
-6
0
-8
-21
-20
-12
-22
-18
0
9
18
14
7
23
23
-2
10
23
26
39
25
21
23
-6
-20
-13
-20
-14
-7
-12
-1
-10
-13
-6
-22
-21
-15
-21
-6
4
9
39
26
18
44
21
6
26
8
-6
8
-5
1
17
8
10
12
-9
-22
-18
-27
-30
-24
-24
-5
18
17
23
41
5
-25
-12
-10
-6
19
22
18
25
22
12
-1
-6
-12
-21
-16
-5
5
3
-4
7
10
0
5
-2
-8
7
-9
-25
-3
13
23
19
22
24
-14
-33
-20
-30
-12
14
-3
9
7
-2
17
-12
-41
-14
0
13
28
4
12
14
-14
-3
13
12
16
8
0
0
-24
-42
-18
14
14
-1
14
15
-18
-42
-46
-23
3
11
18
37
28
3
-3
-27
-44
-10
13
19
40
11
6
33
-31
-47
9
-21
-15
32
-17
-6
30
-32
-17
20
-27
-16
19
-21
-5
26
-10
4
26
-10
-4
31
-6
-6
19
-19
-9
20
-5
4
14
-36
-16
21
-25
-20
21
-3
-15
7
-13
-17
9
-1
-5
16
13
8
24
2
-7
11
-7
-10
13
10
12
17
-8
-1
-1
-29
-18
-13
-16
1
-1
-6
15
8
-4
-1
-5
8
8
-1
28
41
14
18
16
-17
-11
-2
-5
19
19
-2
13
-9
-43
-24
-25
-27
9
13
16
41
15
-8
-8
-24
-14
13
21
46
52
14
-5
-7
-23
-25
-3
5
-7
-6
7
3
-2
-11
-21
-13
-12
1
33
37
14
11
9
2
5
3
-5
8
15
3
15
13
-22
-28
-27
-41
-18
0
-15
12
29
8
8
-9
-32
-9
-6
-3
35
33
31
50
18
-14
-3
-21
-28
-4
-2
4
4
-8
18
24
-27
-26
-20
-43
-12
21
12
16
3
-8
29
23
1
8
-21
-37
-4
7
20
33
2
-10
1
-9
-13
-8
-17
-16
-12
-9
7
26
20
0
-6
-13
-8
6
5
-1
-2
-15
-7
11
17
31
15
-18
-22
-19
-20
-12
-12
3
19
1
2
10
-4
-19
-22
-23
-12
3
14
27
14
-2
-7
-1
10
11
14
1
-9
1
15
10
12
5
-10
-4
-16
-15
-8
-29
-29
1
3
3
2
-15
-7
-13
-11
9
7
1
21
24
11
17
4
3
10
7
2
1
-13
-30
-16
-11
-3
4
-9
-11
4
-21
-29
9
2
-2
15
10
26
52
22
8
10
-6
0
7
8
15
8
-9
-2
-4
-12
-7
-18
-44
-32
7
1
-4
15
3
-3
1
-23
-16
2
20
42
27
10
8
-19
-12
17
-2
12
21
-4
11
16
-3
-11
-24
-28
-6
7
29
24
-1
-5
-19
-28
-11
12
17
18
22
13
-23
-3
19
-10
6
10
-12
2
23
6
4
-7
-26
-25
-28
-2
2
-13
-3
1
-22
-8
-1
-11
0
1
2
-7
22
45
32
12
3
-7
-7
14
9
17
10
10
-1
-27
-8
-11
-33
-20
-18
-28
13
5
-27
-5
-9
-5
9
-5
1
18
13
23
17
7
23
8
-1
-16
-24
-10
-6
5
7
-22
-24
-11
-38
-14
-8
-34
-2
18
16
35
14
-20
0
17
25
23
15
12
2
11
7
-18
-16
-5
-7
-1
-25
-35
-23
-37
-17
16
10
20
18
-18
-3
8
-8
6
17
24
46
45
23
2
-5
-13
-29
-33
-22
-14
0
13
0
-5
-8
-15
-15
-19
-4
2
0
18
29
26
29
23
7
3
0
-6
-10
1
0
-11
-11
-5
0
9
3
-18
-24
-25
-5
-5
-10
20
21
14
35
33
17
19
-11
-17
-2
2
27
27
5
10
0
-11
14
1
-23
-23
-26
-13
10
16
28
15
-18
-13
-18
-16
18
26
6
1
-8
-25
-2
9
-3
10
24
15
23
14
-26
-27
-30
-32
9
18
25
67
32
-16
-23
-65
-59
1
9
22
45
14
13
23
3
-7
-31
-28
-3
7
26
51
25
2
2
-27
-9
4
-20
-18
-12
-4
8
13
-6
-13
-12
-18
3
-1
-14
-5
-14
-26
-1
37
13
25
19
-30
-15
-10
-17
-9
4
-6
22
26
-2
-2
-18
-12
-7
-6
9
12
1
-6
-23
0
13
-4
15
24
9
2
-13
-38
-3
-21
-22
16
-2
15
16
-6
-10
-5
-38
-37
-24
-22
12
16
28
12
-17
-26
-40
-28
17
19
6
11
-2
4
5
-2
-3
-5
-5
19
23
30
34
-3
-17
-15
-21
-13
18
22
20
9
-13
-27
-24
-20
-14
-2
-1
-1
6
13
11
19
-1
2
-1
-23
0
25
7
15
45
5
-4
-9
-39
-33
-16
-14
-2
1
-9
20
17
4
-3
-13
2
27
22
22
32
22
30
17
20
22
15
20
1
-6
13
-6
-26
6
-31
-32
4
-39
-43
-11
-19
0
20
10
38
15
-27
-9
-16
-29
10
25
15
31
35
20
-5
-6
2
3
21
4
-5
24
9
-27
-9
-4
7
35
6
13
40
5
-21
-21
-33
-12
8
-5
0
27
19
1
-11
-39
-37
-15
-16
-23
9
18
-2
4
-8
-15
-8
-16
-19
3
22
26
40
33
18
0
-31
-27
-10
-10
6
35
38
30
29
8
-16
-32
-32
-24
-22
2
3
1
13
0
-3
-2
-19
-19
-23
-29
1
8
5
26
0
-13
3
-28
-27
-10
-28
-3
29
3
13
26
-21
-16
-15
-27
16
13
8
50
10
-14
35
-10
-40
-5
-11
-5
35
33
1
-1
6
2
0
-3
-13
-9
-27
-22
24
-4
-6
24
-31
-35
14
-12
2
24
-5
18
18
2
15
-3
-19
16
-18
-49
-10
-21
-8
24
14
20
46
4
-19
10
1
-1
2
-3
9
36
22
-3
-2
6
4
15
22
7
8
-16
-38
-20
0
12
63
38
-6
0
-47
-69
-46
-42
-24
2
12
12
-6
38
31
-12
18
-6
-27
36
9
-16
23
-21
12
44
-1
32
36
-28
5
17
-18
33
13
-25
-18
-15
20
19
-22
4
-16
-27
15
-43
-6
44
3
13
16
-17
10
-27
-72
-17
-25
-19
-1
-9
19
35
9
4
-3
-8
10
11
5
18
-2
-24
4
16
24
30
3
-25
-14
-22
-9
8
-11
-12
12
9
15
51
19
-11
-10
-28
-44
-5
-14
-37
25
13
-6
31
6
-24
18
-28
-22
50
1
-2
12
-39
-8
16
-31
6
7
-6
27
7
-18
19
28
5
-11
-15
8
17
9
-34
-43
-6
10
3
-27
-31
36
36
15
29
-23
6
34
-62
-44
53
2
-10
12
-49
-9
7
-61
-12
35
-2
56
56
12
42
-12
-89
-41
14
2
18
1
-40
16
43
-60
-29
37
-27
34
34
-53
21
15
-54
2
-2
-28
36
20
8
38
-3
-19
-15
-20
4
19
26
25
11
18
19
-5
-15
-71
-60
12
-4
12
30
-21
-7
4
-37
20
48
2
7
-1
-26
-2
13
-15
14
35
-12
-22
-12
-18
2
-1
5
84
78
20
26
-12
-48
-23
-58
-55
31
23
-4
33
16
-5
24
0
-19
15
-3
-25
-5
-28
-49
-28
-20
24
72
40
26
22
-30
-29
-27
-40
-1
28
19
50
57
9
-1
3
-6
-28
-31
-15
-8
-1
-3
1
25
30
14
15
25
28
9
-18
-13
12
4
-1
-24
-45
-15
-11
-30
4
26
-8
8
16
1
-4
-24
-17
10
19
22
6
-21
-7
-8
-25
1
21
12
20
11
-16
-6
9
12
8
13
20
-13
-42
-30
-38
-47
-10
3
11
25
12
4
-21
-27
13
18
-9
3
16
19
19
-7
-13
-8
-1
26
49
46
5
-44
-43
-17
-13
-15
-26
-26
-6
-3
-12
-20
-16
10
12
-1
12
16
2
-11
-9
-1
-2
-7
17
32
26
30
8
-4
12
-7
-25
-9
-15
-4
28
24
28
39
4
-11
-17
-35
-25
-28
-28
8
13
-16
-5
-20
-34
-6
-3
-2
21
38
44
30
6
-12
-38
-25
0
-17
-5
16
18
44
45
24
18
4
7
-6
-44
-34
-24
-35
-8
6
1
23
17
14
25
16
25
19
-9
-4
-5
-12
10
-8
-21
3
-4
4
26
23
30
14
-17
-16
-20
-10
2
-18
-2
20
12
25
17
6
35
18
-4
9
0
3
6
-17
1
24
13
37
54
49
45
7
-25
-29
-36
-35
-34
-30
-12
-15
-4
17
7
-1
-8
-18
-9
-8
-6
16
3
-7
-10
-35
-29
-21
-49
-61
-59
-52
-33
-23
-9
18
12
10
22
11
19
20
-3
-8
-24
-48
-47
-46
-44
-43
-52
-36
-23
-28
-12
-4
-3
8
-4
-8
10
14
17
21
5
-2
-4
-15
3
5
-16
-20
-22
-12
13
24
29
40
44
29
15
16
11
-1
-8
-6
-5
6
13
13
16
15
10
5
18
33
37
42
45
40
38
42
39
51
64
63
61
59
65
58
34
19
-4
-32
-28
-17
0
27
36
37
39
38
42
32
12
-2
-30
-60
-65
-74
-86
-77
-69
-67
-63
-62
-72
-73
-70
-80
-92
-93
-89
-87
-98
-113
-121
-136
-155
-159
-158
-167
-169
-167
-173
-170
-155
-152
-151
-148
-164
-187
-217
-265
-311
-365
-420
-453
-484
-508
-506
-489
-455
-407
-367
-320
-260
-215
-173
-126
-86
-45
7
73
170
297
435
583
726
858
993
1109
1184
1247
1258
1198
1115
991
845
719
578
429
321
226
145
106
82
69
64
49
50
46
37
57
73
77
113
158
203
262
302
327
323
291
256
204
145
94
12
-73
-119
-165
-207
-242
-283
-315
-330
-353
-386
-413
-437
-472
-517
-544
-559
-564
-554
-532
-496
-454
-416
-358
-306
-277
-259
-272
-299
-330
-401
-479
-537
-604
-659
-720
-800
-870
-936
-1008
-1084
-1174
-1249
-1294
-1341
-1375
-1395
-1417
-1398
-1345
-1325
-1286
-1109
-692
-33
686
1315
1879
2417
2922
3325
3509
3496
3356
3087
2676
2159
1631
1195
827
453
85
-228
-394
-427
-459
-547
-667
-789
-870
-941
-1015
-1023
-964
-873
-770
-665
-482
-152
244
593
856
1060
1250
1412
1492
1456
1321
1133
908
631
339
94
-82
-235
-419
-608
-737
-793
-795
-796
-848
-900
-887
-827
-744
-637
-507
-342
-167
-4
163
354
582
777
853
838
809
794
772
705
584
458
362
287
204
126
85
61
10
-82
-189
-256
-289
-311
-333
-378
-390
-319
-218
-105
29
146
262
354
367
349
312
235
125
-43
-234
-370
-467
-536
-587
-639
-657
-642
-619
-587
-574
-571
-561
-583
-588
-551
-508
-433
-363
-353
-347
-323
-318
-331
-392
-504
-637
-793
-985
-1173
-1331
-1489
-1652
-1803
-1937
-2037
-2096
-2149
-2179
-2215
-2317
-2391
-2218
-1602
-566
563
1530
2392
3253
4130
4851
5216
5239
5025
4604
3946
3078
2208
1516
872
203
-437
-977
-1203
-1127
-1063
-1118
-1219
-1313
-1339
-1345
-1365
-1315
-1213
-1082
-908
-716
-393
171
821
1367
1780
2105
2396
2635
2750
2651
2329
1900
1412
839
258
-224
-605
-905
-1182
-1443
-1589
-1594
-1493
-1377
-1360
-1355
-1229
-1046
-847
-633
-445
-247
-15
185
357
542
744
911
944
857
762
687
590
443
215
-34
-170
-203
-238
-279
-277
-250
-211
-208
-281
-337
-337
-331
-328
-366
-384
-264
-101
25
179
296
389
533
576
498
421
291
94
-107
-354
-558
-624
-630
-600
-546
-491
-338
-111
46
141
202
200
188
195
174
166
205
226
180
126
110
107
99
42
-106
-292
-472
-653
-835
-1041
-1253
-1390
-1478
-1549
-1533
-1460
-1372
-1252
-1165
-1138
-1071
-979
-951
-973
-1041
-1136
-1238
-1363
-1472
-1553
-1686
-1875
-1944
-1638
-817
308
1369
2222
2985
3786
4497
4892
4914
4622
4101
3400
2488
1499
706
117
-413
-903
-1305
-1433
-1192
-823
-576
-496
-534
-564
-557
-625
-715
-761
-785
-748
-650
-470
-58
554
1146
1599
1901
2135
2349
2447
2337
1959
1402
845
290
-257
-682
-971
-1132
-1199
-1251
-1232
-1096
-888
-665
-586
-649
-646
-545
-414
-252
-109
27
230
475
706
913
1109
1270
1296
1154
932
706
497
300
75
-196
-441
-565
-586
-584
-527
-436
-371
-322
-297
-303
-268
-193
-133
-144
-218
-207
-82
57
194
297
340
392
437
397
300
184
45
-155
-423
-662
-789
-792
-704
-609
-536
-419
-225
2
162
227
225
148
38
-56
-160
-249
-309
-406
-519
-589
-589
-509
-423
-401
-424
-474
-534
-574
-644
-774
-917
-1053
-1175
-1243
-1238
-1174
-1084
-1021
-995
-957
-893
-841
-839
-909
-1018
-1112
-1208
-1324
-1439
-1608
-1850
-2052
-1975
-1385
-363
726
1669
2484
3290
4122
4747
4967
4816
4404
3778
2944
1977
1089
408
-176
-704
-1137
-1359
-1204
-772
-378
-197
-155
-146
-108
-103
-176
-314
-475
-574
-610
-574
-360
89
597
983
1238
1452
1694
1899
1937
1679
1182
644
158
-299
-693
-946
-1085
-1123
-1082
-964
-741
-422
-96
84
88
47
102
205
280
311
278
250
293
372
424
461
466
385
199
-55
-280
-471
-643
-827
-1023
-1180
-1192
-1040
-828
-569
-256
69
347
585
753
862
946
905
724
480
259
133
62
-53
-169
-232
-283
-246
-185
-183
-157
-147
-243
-380
-505
-607
-595
-550
-535
-494
-400
-194
89
302
405
465
453
418
394
326
237
131
-22
-212
-361
-419
-407
-411
-455
-500
-541
-523
-483
-492
-543
-615
-690
-761
-814
-825
-781
-763
-786
-841
-918
-947
-921
-913
-970
-1040
-1099
-1118
-1125
-1165
-1246
-1351
-1446
-1599
-1867
-2192
-2315
-1966
-1143
-114
881
1809
2733
3715
4546
4995
5042
4758
4218
3444
2476
1470
621
-114
-777
-1312
-1629
-1596
-1240
-819
-560
-437
-360
-274
-224
-262
-361
-505
-627
-682
-640
-438
-11
560
1087
1485
1787
2066
2246
2254
2026
1532
924
374
-132
-625
-981
-1175
-1243
-1219
-1128
-946
-667
-354
-122
-47
-88
-54
76
164
187
193
207
245
352
449
493
536
541
413
185
-32
-212
-360
-538
-746
-914
-986
-910
-736
-576
-424
-183
70
259
408
515
572
610
629
539
424
391
401
402
377
322
303
327
296
237
107
-94
-237
-386
-600
-738
-776
-776
-671
-517
-361
-135
112
315
418
396
303
192
21
-172
-339
-494
-593
-644
-652
-614
-487
-315
-179
-96
-37
25
39
18
-80
-255
-440
-602
-741
-867
-959
-1033
-1042
-1025
-1000
-956
-920
-864
-815
-792
-823
-879
-983
-1133
-1298
-1453
-1552
-1651
-1730
-1831
-1971
-2117
-2213
-2043
-1431
-450
595
1579
2413
3195
4007
4591
4811
4652
4200
3537
2752
1863
1043
395
-214
-713
-1107
-1324
-1245
-939
-683
-599
-596
-618
-551
-464
-380
-335
-302
-171
55
373
760
1265
1722
2027
2174
2215
2209
2079
1838
1394
809
253
-169
-532
-853
-1047
-1186
-1236
-1225
-1155
-1029
-856
-675
-567
-545
-566
-452
-284
-150
-34
49
150
292
466
564
601
570
481
318
85
-92
-255
-413
-574
-708
-791
-766
-646
-540
-464
-434
-329
-167
-6
146
259
326
388
489
518
535
573
579
542
465
387
306
240
107
-72
-278
-470
-555
-607
-654
-648
-552
-438
-266
-50
128
292
396
421
340
219
105
-3
-137
-278
-362
-415
-382
-291
-178
-78
14
103
124
88
23
-57
-225
-438
-664
-897
-1072
-1183
-1252
-1308
-1303
-1229
-1084
-933
-825
-730
-687
-674
-664
-656
-687
-728
-792
-916
-1035
-1144
-1235
-1350
-1492
-1670
-1891
-2156
-2362
-2248
-1715
-857
104
1020
1864
2743
3634
4250
4483
4359
3988
3455
2777
1998
1242
569
-47
-548
-954
-1151
-1028
-754
-542
-448
-386
-286
-85
120
255
299
315
417
561
752
1012
1319
1556
1685
1724
1711
1682
1573
1324
868
329
-105
-432
-733
-1030
-1276
-1475
-1549
-1503
-1380
-1187
-926
-653
-475
-353
-194
54
303
467
529
499
472
489
505
437
324
203
58
-105
-242
-316
-375
-418
-491
-612
-684
-637
-537
-481
-464
-441
-329
-159
3
152
270
381
508
580
559
559
565
501
392
233
58
-84
-227
-418
-621
-793
-854
-803
-743
-661
-525
-357
-147
106
350
577
776
893
898
790
646
513
356
167
-29
-212
-329
-339
-307
-272
-242
-215
-187
-202
-246
-280
-329
-440
-602
-816
-1037
-1174
-1270
-1358
-1404
-1383
-1303
-1173
-1009
-824
-625
-481
-398
-394
-452
-505
-562
-665
-821
-995
-1201
-1386
-1540
-1670
-1819
-2062
-2358
-2616
-2593
-2094
-1207
-233
672
1524
2394
3363
4191
4659
4716
4435
3946
3312
2573
1809
1123
411
-261
-807
-1149
-1140
-867
-581
-439
-344
-230
-11
263
456
535
483
450
481
590
763
995
1186
1248
1255
1220
1218
1184
1064
755
268
-204
-572
-845
-1108
-1310
-1482
-1555
-1447
-1217
-890
-538
-176
93
277
410
577
743
791
755
605
443
349
348
328
251
159
28
-78
-186
-253
-342
-465
-594
-742
-854
-901
-840
-782
-729
-657
-511
-269
-24
193
311
370
406
448
439
391
361
284
211
136
81
49
42
17
-53
-119
-197
-212
-230
-269
-289
-257
-148
24
231
376
510
608
645
609
469
262
5
-243
-492
-687
-817
-857
-808
-741
-642
-540
-405
-272
-185
-189
-289
-428
-602
-763
-960
-1148
-1291
-1379
-1375
-1286
-1123
-932
-704
-526
-392
-286
-256
-296
-430
-604
-784
-924
-1077
-1229
-1352
-1453
-1487
-1520
-1568
-1666
-1802
-1973
-2065
-1842
-1251
-401
462
1290
2080
2931
3787
4381
4612
4476
4101
3553
2890
2114
1337
608
-118
-699
-1110
-1276
-1157
-864
-612
-424
-214
25
367
666
841
880
857
873
933
1008
1053
1138
1163
1124
1051
958
879
772
599
265
-118
-447
-657
-827
-1015
-1152
-1246
-1202
-1035
-797
-584
-378
-186
-71
17
98
237
345
365
299
196
135
161
251
230
135
16
-100
-207
-307
-404
-547
-674
-793
-881
-938
-901
-797
-728
-668
-571
-356
-62
236
455
586
678
784
905
926
906
852
734
591
467
335
188
37
-180
-386
-538
-611
-598
-570
-556
-504
-379
-205
34
244
351
392
389
348
264
143
-32
-220
-388
-504
-553
-550
-504
-444
-389
-329
-251
-178
-151
-210
-357
-565
-795
-987
-1129
-1262
-1368
-1418
-1404
-1284
-1064
-817
-594
-396
-236
-104
4
46
9
-126
-315
-512
-697
-875
-1046
-1213
-1420
-1640
-1855
-2049
-2269
-2524
-2780
-2902
-2623
-1927
-987
15
1046
2098
3189
4189
4868
5213
5210
4923
4369
3575
2645
1733
860
-6
-720
-1247
-1465
-1361
-1100
-846
-620
-347
-46
285
517
631
625
569
557
546
569
624
739
826
893
971
1068
1187
1200
1086
778
408
93
-180
-486
-823
-1097
-1323
-1382
-1318
-1170
-973
-754
-536
-378
-210
-25
216
383
440
421
367
394
478
549
479
342
193
59
-58
-206
-365
-577
-765
-935
-1060
-1106
-1059
-946
-836
-669
-446
-126
218
517
732
858
964
1050
1104
1053
945
784
593
428
284
160
23
-112
-273
-409
-499
-562
-611
-681
-728
-730
-669
-549
-376
-200
-68
40
113
167
192
167
75
-53
-158
-217
-217
-186
-139
-111
-116
-120
-123
-142
-207
-345
-548
-766
-957
-1114
-1235
-1339
-1405
-1409
-1338
-1165
-930
-678
-428
-195
-8
131
225
224
129
-43
-259
-486
-688
-846
-997
-1117
-1196
-1243
-1324
-1450
-1587
-1712
-1819
-1982
-2185
-2362
-2307
-1834
-1035
-94
895
1912
2911
3924
4790
5296
5437
5228
4736
4003
3105
2109
1125
167
-685
-1287
-1654
-1700
-1455
-1100
-744
-335
113
522
882
1072
1074
929
751
601
453
345
303
335
383
511
683
832
938
921
749
409
47
-313
-715
-1162
-1576
-1878
-2051
-1988
-1778
-1480
-1105
-662
-217
171
530
813
1004
1051
1020
917
741
575
408
219
15
-121
-232
-337
-431
-531
-646
-777
-849
-911
-956
-936
-829
-685
-502
-238
81
449
783
1039
1196
1278
1336
1343
1217
983
758
524
316
144
-49
-248
-405
-528
-634
-688
-716
-691
-665
-668
-640
-560
-430
-263
-105
-40
16
97
174
212
163
50
-77
-142
-164
-170
-196
-217
-206
-199
-188
-191
-199
-241
-331
-478
-668
-840
-987
-1113
-1264
-1383
-1410
-1326
-1131
-899
-676
-482
-292
-109
40
116
94
-10
-210
-448
-685
-914
-1107
-1299
-1495
-1644
-1691
-1665
-1613
-1606
-1656
-1661
-1674
-1729
-1785
-1736
-1398
-726
128
1005
1937
2898
3881
4741
5237
5394
5251
4840
4178
3306
2273
1237
297
-573
-1245
-1694
-1833
-1649
-1286
-866
-441
-5
395
763
960
966
853
675
532
393
292
253
330
479
654
830
951
1076
1102
982
681
271
-151
-576
-996
-1425
-1749
-1930
-1900
-1707
-1415
-1023
-598
-148
227
533
780
969
1058
1025
909
705
545
410
272
134
-18
-150
-246
-306
-389
-461
-569
-685
-751
-808
-805
-715
-547
-350
-109
133
370
640
858
989
1000
924
804
669
513
322
148
-17
-128
-198
-266
-337
-375
-380
-398
-408
-453
-514
-557
-581
-593
-584
-529
-436
-301
-184
-66
58
148
213
217
168
104
80
52
-3
-83
-182
-265
-365
-467
-587
-707
-808
-903
-1015
-1124
-1162
-1157
-1110
-1053
-986
-873
-716
-512
-312
-157
-81
-45
-66
-121
-143
-182
-245
-320
-397
-480
-525
-556
-625
-709
-806
-878
-928
-997
-1127
-1277
-1434
-1610
-1757
-1874
-1824
-1438
-748
71
936
1826
2715
3632
4388
4803
4894
4710
4302
3708
2911
1962
1033
172
-566
-1081
-1374
-1405
-1180
-833
-486
-129
214
523
769
851
776
599
407
260
157
82
63
131
257
442
633
779
859
811
613
294
-68
-430
-782
-1137
-1450
-1610
-1587
-1385
-1086
-760
-404
-16
350
622
789
857
856
790
650
465
286
160
65
-33
-140
-217
-253
-286
-335
-432
-542
-629
-676
-685
-644
-519
-316
-64
185
452
743
1027
1277
1422
1426
1340
1207
1017
767
466
138
-163
-423
-629
-774
-865
-892
-878
-860
-833
-772
-682
-578
-485
-426
-357
-263
-146
-21
66
124
184
228
235
226
163
73
1
-91
-197
-303
-408
-516
-595
-672
-747
-795
-854
-910
-960
-992
-986
-936
-882
-831
-738
-615
-460
-299
-151
-53
16
69
70
41
-18
-113
-257
-396
-515
-625
-712
-801
-860
-896
-896
-879
-863
-885
-966
-1069
-1207
-1322
-1431
-1550
-1668
-1615
-1233
-579
257
1147
2047
2925
3799
4492
4830
4851
4552
4002
3249
2376
1459
612
-141
-780
-1186
-1383
-1292
-959
-543
-147
223
536
735
885
884
736
499
264
97
-5
-11
34
155
301
471
611
684
710
615
393
26
-356
-686
-965
-1193
-1359
-1395
-1297
-1009
-652
-300
45
364
615
747
813
794
743
651
514
365
235
192
182
171
111
55
-8
-94
-166
-275
-394
-500
-559
-567
-483
-315
-90
192
445
694
913
1042
1089
1048
871
596
331
44
-211
-423
-631
-780
-839
-814
-730
-601
-488
-365
-255
-203
-167
-158
-176
-220
-256
-281
-256
-173
-78
17
86
161
214
221
182
102
-9
-137
-252
-385
-514
-636
-748
-833
-880
-884
-863
-820
-786
-726
-644
-550
-436
-337
-265
-209
-117
-4
114
189
193
126
4
-114
-231
-329
-386
-435
-522
-600
-638
-644
-615
-637
-723
-801
-842
-849
-847
-908
-1034
-1130
-1183
-1182
-1129
-1084
-1025
-832
-409
206
908
1579
2183
2736
3236
3597
3730
3661
3405
2982
2429
1789
1162
644
203
-185
-446
-551
-477
-248
-14
151
288
400
458
475
413
275
119
-26
-125
-168
-166
-128
-50
46
157
253
299
293
221
83
-105
-298
-432
-515
-571
-585
-530
-430
-281
-111
18
136
261
344
358
342
316
289
254
185
115
88
115
158
174
154
121
96
47
-14
-40
-2
61
129
222
314
420
541
592
531
443
345
197
49
-123
-311
-446
-522
-564
-563
-545
-522
-424
-321
-249
-158
-96
-98
-94
-78
-111
-104
-57
-55
-65
-68
-73
-71
-57
-80
-126
-190
-262
-292
-337
-419
-501
-572
-647
-667
-630
-611
-575
-523
-494
-501
-508
-501
-501
-485
-453
-386
-294
-151
9
128
215
273
297
260
185
59
-120
-323
-508
-630
-709
-714
-695
-690
-648
-543
-425
-325
-261
-323
-474
-646
-805
-937
-1070
-1189
-1266
-1280
-1235
-1119
-974
-706
-193
434
1040
1628
2214
2753
3223
3511
3526
3351
3079
2741
2273
1726
1232
804
392
66
-123
-220
-179
-22
100
138
183
253
261
225
179
93
-32
-92
-62
-54
-63
-21
31
37
53
82
28
-66
-127
-222
-381
-480
-471
-468
-492
-470
-405
-333
-202
-25
80
137
242
340
345
363
440
472
474
490
498
477
480
489
418
285
201
201
170
134
146
128
78
83
84
7
-29
-39
-128
-263
-367
-427
-469
-478
-456
-429
-399
-300
-165
-93
-35
19
4
-57
-85
-103
-143
-173
-183
-177
-181
-164
-132
-140
-155
-153
-198
-292
-329
-340
-378
-413
-457
-506
-524
-520
-540
-567
-591
-600
-590
-608
-613
-561
-481
-403
-312
-220
-109
58
211
313
378
402
369
261
75
-147
-327
-446
-517
-563
-564
-479
-336
-193
-96
-85
-129
-161
-226
-371
-577
-811
-989
-1093
-1187
-1259
-1269
-1235
-1160
-1091
-1104
-1025
-653
-70
582
1228
1829
2383
2906
3301
3471
3417
3203
2891
2441
1889
1413
1042
649
280
51
-109
-189
-136
-73
-101
-94
-25
-12
0
128
315
415
450
518
573
551
512
432
197
-70
-235
-431
-668
-748
-693
-678
-643
-493
-312
-156
18
163
172
133
161
161
60
32
122
176
218
344
490
591
700
758
654
466
302
124
-125
-301
-315
-270
-203
-44
158
321
485
598
553
410
278
116
-126
-353
-485
-563
-615
-597
-509
-403
-259
-110
-55
-79
-87
-114
-218
-319
-364
-364
-347
-318
-283
-244
-213
-197
-227
-311
-352
-322
-304
-278
-179
-58
45
126
125
45
-75
-261
-495
-717
-904
-1013
-1045
-1057
-1020
-885
-707
-517
-318
-159
-46
52
125
192
255
264
225
151
10
-146
-240
-268
-239
-181
-167
-224
-293
-309
-299
-342
-408
-446
-510
-619
-688
-698
-701
-709
-761
-883
-996
-1011
-975
-1010
-1027
-782
-262
342
994
1694
2272
2686
2968
3022
2867
2697
2521
2173
1710
1375
1196
986
739
573
403
157
-42
-211
-431
-532
-433
-347
-300
-49
407
799
1056
1287
1405
1308
1134
910
519
107
-154
-415
-741
-888
-794
-679
-626
-552
-493
-524
-557
-535
-568
-611
-499
-319
-222
-59
290
626
832
1001
1116
1092
996
879
665
396
215
82
-113
-280
-259
-127
-28
53
142
178
182
210
176
43
-64
-122
-240
-366
-361
-298
-279
-261
-217
-191
-169
-124
-102
-110
-97
-61
-75
-122
-123
-101
-144
-239
-327
-427
-520
-565
-589
-606
-561
-459
-373
-285
-153
-6
90
110
68
-4
-77
-165
-293
-438
-538
-598
-660
-727
-776
-786
-765
-759
-780
-773
-693
-553
-393
-238
-74
74
146
153
122
80
66
55
-38
-166
-201
-186
-196
-227
-267
-322
-397
-469
-545
-624
-677
-691
-751
-861
-885
-836
-823
-854
-882
-935
-926
-646
-103
515
1121
1752
2276
2571
2718
2727
2558
2310
2120
1859
1511
1316
1276
1173
950
772
563
224
-129
-411
-658
-809
-716
-530
-366
-59
429
845
1074
1304
1483
1461
1309
1146
931
684
572
475
259
42
-82
-256
-574
-850
-1059
-1292
-1521
-1603
-1543
-1389
-1054
-644
-309
-21
330
636
770
857
933
952
895
837
768
649
566
490
352
189
138
115
6
-80
-109
-142
-200
-215
-227
-246
-217
-191
-220
-279
-244
-179
-168
-112
37
178
248
324
332
264
213
157
29
-122
-190
-247
-347
-428
-452
-484
-556
-600
-662
-755
-787
-740
-697
-628
-450
-250
-80
77
217
280
265
205
80
-68
-172
-230
-328
-432
-467
-489
-548
-621
-680
-756
-814
-841
-875
-882
-796
-614
-456
-360
-298
-262
-257
-254
-181
-94
-36
7
9
-110
-283
-328
-316
-379
-495
-559
-633
-772
-886
-984
-1123
-1281
-1353
-1434
-1491
-1143
-312
598
1333
2052
2629
2834
2826
2738
2503
2177
2002
1861
1609
1499
1663
1743
1457
1108
785
271
-301
-657
-874
-1080
-1068
-884
-742
-512
-35
430
589
667
833
915
893
997
1235
1386
1480
1532
1430
1214
1025
779
311
-233
-663
-985
-1267
-1438
-1447
-1407
-1355
-1292
-1237
-1186
-1063
-855
-650
-429
-135
231
578
847
1048
1154
1122
957
741
545
405
350
373
427
476
529
546
462
297
107
-123
-379
-559
-638
-655
-576
-403
-227
-103
-12
56
66
44
32
23
18
59
141
183
196
214
143
-58
-302
-533
-780
-977
-1063
-1068
-999
-844
-636
-467
-333
-217
-156
-191
-278
-333
-347
-282
-114
96
253
353
399
326
146
-73
-286
-517
-747
-906
-978
-957
-852
-690
-578
-570
-628
-747
-905
-1037
-1050
-943
-758
-516
-239
33
241
342
289
139
13
-80
-197
-282
-258
-213
-257
-382
-535
-719
-939
-1156
-1376
-1585
-1613
-1223
-465
380
1116
1704
2125
2340
2339
2226
2183
2254
2317
2275
2231
2329
2458
2372
2053
1666
1227
711
206
-172
-385
-476
-525
-613
-686
-657
-549
-488
-508
-504
-438
-335
-194
31
337
670
934
1042
1061
1078
1070
940
705
471
272
74
-146
-319
-426
-502
-608
-773
-946
-1059
-1092
-1094
-1063
-969
-806
-614
-444
-271
-81
112
259
356
434
556
767
958
1042
1030
992
908
770
643
558
484
338
133
-75
-223
-295
-368
-495
-627
-696
-763
-843
-854
-779
-671
-581
-487
-375
-224
-50
83
121
78
20
-76
-205
-309
-340
-333
-337
-351
-384
-386
-332
-269
-269
-323
-360
-382
-410
-426
-380
-306
-255
-232
-235
-234
-216
-195
-202
-225
-251
-286
-313
-326
-323
-333
-381
-451
-514
-569
-635
-677
-677
-644
-601
-544
-435
-286
-142
-38
26
60
88
118
112
75
41
7
-92
-240
-353
-429
-518
-641
-746
-815
-828
-716
-463
-140
120
272
385
542
706
791
836
963
1193
1390
1484
1594
1810
1990
1952
1787
1692
1681
1609
1430
1266
1204
1174
1045
853
717
653
557
351
136
42
26
-63
-201
-271
-270
-283
-361
-438
-447
-412
-422
-484
-512
-472
-429
-465
-520
-498
-421
-374
-360
-331
-293
-279
-320
-385
-418
-402
-361
-313
-222
-69
115
274
405
526
622
656
605
515
426
339
239
126
28
-27
-34
-44
-63
-65
-52
-61
-109
-153
-183
-213
-252
-283
-290
-261
-193
-128
-80
-31
19
27
-17
-69
-119
-167
-226
-271
-311
-349
-389
-462
-556
-622
-629
-618
-591
-517
-414
-319
-249
-180
-109
-55
-35
-57
-97
-147
-183
-201
-215
-223
-221
-215
-216
-222
-234
-251
-281
-350
-453
-561
-633
-665
-685
-687
-654
-595
-542
-482
-392
-282
-192
-143
-114
-90
-69
-49
-61
-144
-265
-370
-447
-514
-592
-670
-729
-788
-808
-700
-491
-336
-291
-272
-178
-18
112
210
379
653
941
1169
1387
1695
1999
2083
2008
1993
2036
2001
1882
1771
1733
1731
1656
1520
1438
1400
1284
1053
811
669
551
314
37
-127
-212
-312
-437
-561
-629
-641
-691
-768
-766
-716
-717
-767
-809
-798
-753
-749
-782
-775
-730
-689
-656
-626
-582
-533
-520
-518
-472
-391
-296
-186
-84
22
145
262
375
513
637
692
675
615
571
562
539
468
376
299
241
184
141
135
132
81
23
2
8
36
52
8
-33
-29
-43
-90
-118
-133
-173
-239
-307
-329
-302
-281
-291
-334
-393
-427
-466
-566
-656
-671
-678
-683
-623
-520
-413
-293
-172
-52
72
158
170
124
61
13
-59
-193
-329
-418
-503
-584
-618
-631
-658
-681
-700
-727
-747
-738
-714
-704
-701
-661
-583
-494
-394
-302
-258
-217
-135
-68
-60
-65
-51
-75
-166
-276
-349
-412
-519
-667
-801
-808
-617
-403
-384
-440
-332
-131
-28
-26
12
182
428
630
808
1102
1504
1785
1802
1771
1925
2104
2056
1901
1878
1936
1918
1810
1695
1668
1659
1496
1203
1001
949
850
597
340
220
130
-54
-257
-392
-492
-610
-757
-895
-931
-900
-937
-1025
-1033
-959
-919
-948
-969
-918
-844
-825
-834
-805
-728
-654
-627
-605
-498
-338
-230
-153
-49
71
168
218
236
283
359
408
441
489
548
599
617
593
553
491
374
230
105
13
-25
-8
36
96
178
258
311
321
306
291
236
131
26
-57
-122
-159
-184
-211
-225
-243
-284
-340
-396
-453
-535
-647
-746
-799
-844
-882
-886
-872
-832
-734
-593
-431
-249
-69
70
151
193
229
231
158
54
-38
-140
-232
-303
-406
-523
-601
-652
-702
-726
-723
-712
-709
-720
-727
-722
-698
-628
-554
-529
-479
-368
-280
-217
-125
-68
-79
-82
-88
-181
-319
-419
-520
-660
-765
-764
-626
-408
-265
-256
-210
-18
163
191
156
216
385
545
655
843
1162
1416
1456
1438
1570
1790
1889
1846
1834
1921
1972
1886
1750
1664
1580
1380
1072
849
812
793
637
463
400
370
270
103
-70
-198
-310
-475
-641
-703
-705
-763
-882
-955
-929
-879
-902
-961
-968
-937
-922
-938
-946
-895
-820
-810
-820
-732
-571
-435
-329
-203
-56
86
182
236
306
406
466
452
448
514
581
565
500
460
431
359
232
109
53
50
53
52
78
126
145
114
96
137
165
137
96
95
126
147
118
46
-10
-63
-152
-264
-342
-382
-448
-548
-630
-669
-709
-774
-827
-861
-877
-856
-811
-740
-601
-419
-282
-194
-86
38
112
129
147
171
155
90
8
-79
-145
-209
-339
-481
-509
-495
-579
-688
-710
-700
-733
-774
-767
-707
-659
-661
-625
-515
-409
-337
-266
-180
-97
-82
-168
-240
-245
-297
-424
-517
-540
-543
-513
-389
-199
-79
-85
-78
41
184
235
206
238
403
600
722
840
1048
1262
1318
1256
1324
1541
1663
1641
1667
1791
1886
1847
1660
1454
1331
1195
964
754
697
708
632
496
465
505
429
237
56
-74
-163
-232
-336
-427
-427
-430
-520
-605
-605
-604
-698
-829
-890
-892
-926
-1000
-1051
-1044
-990
-933
-908
-861
-739
-604
-523
-441
-309
-175
-108
-88
-34
74
177
243
299
363
472
601
635
570
534
517
416
286
213
162
122
101
51
7
52
110
64
-29
-33
9
-22
-54
9
66
52
35
-7
-84
-112
-178
-352
-462
-472
-531
-612
-625
-615
-636
-707
-742
-660
-631
-706
-644
-476
-383
-248
-94
-112
-111
30
69
14
96
183
68
-76
-43
66
58
-67
-234
-361
-298
-167
-321
-620
-686
-636
-659
-641
-584
-568
-575
-597
-488
-172
29
-90
-250
-198
21
189
127
-43
-100
-49
-20
-75
-133
-142
-231
-403
-406
-255
-226
-314
-350
-269
-95
17
-55
-120
-17
104
128
145
259
468
646
744
900
1145
1288
1273
1234
1262
1327
1318
1205
1112
1109
1132
1117
1066
1036
1034
951
798
733
741
697
590
459
348
316
296
180
28
-70
-134
-219
-333
-417
-456
-533
-679
-810
-873
-910
-969
-1056
-1113
-1085
-1011
-975
-956
-886
-778
-700
-660
-598
-481
-360
-283
-209
-86
62
173
232
301
440
541
495
423
435
449
413
375
303
208
185
168
64
20
100
92
-10
10
93
104
130
191
193
153
106
32
-47
-100
-155
-253
-370
-418
-425
-483
-508
-467
-481
-532
-577
-576
-386
-175
-186
-167
-33
-22
5
144
171
175
410
606
423
177
185
179
40
-41
-89
-144
-260
-493
-580
-546
-726
-906
-901
-951
-958
-862
-885
-888
-854
-940
-845
-564
-500
-490
-332
-230
-146
-79
-184
-214
-88
-137
-281
-310
-348
-424
-518
-658
-704
-696
-798
-873
-848
-857
-827
-652
-443
-291
-196
-86
104
296
439
620
880
1205
1529
1709
1787
1894
1946
1882
1817
1831
1899
1904
1825
1824
1859
1699
1397
1106
837
635
465
265
144
115
39
-82
-196
-311
-404
-507
-612
-613
-567
-563
-553
-547
-554
-544
-587
-680
-698
-640
-570
-511
-459
-393
-347
-359
-376
-346
-277
-185
-104
-21
97
211
256
263
326
428
474
454
450
528
596
587
581
530
464
585
618
354
212
236
152
81
79
104
121
-46
-166
-84
-179
-351
-337
-386
-439
-366
-421
-526
-583
-788
-993
-1010
-951
-869
-781
-746
-708
-678
-735
-759
-646
-522
-436
-322
-256
-273
-248
-238
-280
-241
-207
-265
-244
-166
-174
-232
-340
-477
-527
-579
-711
-762
-762
-818
-855
-902
-942
-902
-951
-1093
-1098
-1054
-1044
-911
-741
-655
-590
-584
-645
-685
-677
-630
-591
-614
-678
-616
-197
506
1026
1139
1080
1035
969
921
1121
1656
2276
2718
2811
2520
2200
2082
1908
1708
1800
2015
1987
1754
1501
1227
792
192
-333
-609
-606
-423
-333
-444
-597
-833
-1256
-1588
-1517
-1169
-802
-477
-219
-106
-104
-76
26
234
594
965
1150
1233
1353
1390
1249
1034
836
704
669
677
671
607
423
83
-373
-784
-996
-1055
-1073
-1054
-1037
-1096
-1149
-1069
-960
-901
-742
-499
-336
-166
100
332
489
605
643
636
699
861
998
1011
973
894
647
347
219
157
13
-112
-225
-466
-706
-805
-906
-1042
-1070
-1063
-1125
-1133
-1034
-924
-848
-784
-727
-695
-671
-587
-458
-383
-351
-334
-383
-429
-338
-178
-83
-38
-72
-260
-504
-667
-734
-744
-712
-676
-700
-795
-870
-895
-984
-1140
-1192
-1111
-1010
-896
-772
-752
-818
-876
-939
-917
-712
-478
-352
-316
-359
-478
-607
-656
-610
-580
-675
-759
-472
377
1370
1830
1652
1256
997
1003
1342
2040
2938
3650
3713
3031
2200
1840
1791
1686
1694
1951
2061
1751
1262
812
382
-32
-431
-760
-744
-401
-247
-552
-1059
-1495
-1840
-2028
-1806
-1160
-499
-165
-181
-422
-626
-534
-214
166
658
1155
1330
1208
1098
1077
1081
1092
1084
1095
1124
1064
873
561
218
-42
-269
-479
-526
-457
-496
-687
-933
-1155
-1240
-1142
-932
-687
-388
-91
-51
-264
-336
-168
12
250
584
787
847
836
631
349
243
267
262
225
241
261
54
-329
-571
-705
-833
-800
-701
-719
-677
-612
-799
-1031
-1014
-863
-691
-484
-308
-205
-183
-230
-249
-187
-54
123
189
83
-22
-123
-328
-470
-449
-480
-630
-781
-973
-1223
-1402
-1495
-1567
-1574
-1453
-1273
-1221
-1282
-1260
-1228
-1290
-1261
-1073
-894
-714
-526
-497
-580
-552
-481
-517
-495
-341
-278
-326
-324
-359
-625
-971
-876
8
1237
2000
1996
1483
949
792
1035
1637
2624
3539
3645
2892
1990
1572
1643
1819
1980
2222
2310
1959
1312
663
193
-19
-170
-412
-437
-115
73
-195
-653
-1017
-1210
-1158
-813
-253
313
570
340
-162
-480
-308
206
687
1043
1280
1161
685
257
119
230
447
534
388
162
-99
-454
-791
-918
-814
-637
-544
-510
-478
-540
-743
-921
-916
-701
-344
-40
150
351
452
287
79
111
370
733
1026
1062
897
663
328
-35
-182
-83
21
-40
-229
-455
-675
-850
-937
-953
-885
-711
-582
-586
-579
-528
-558
-617
-574
-421
-201
-7
59
13
-53
-88
-89
-58
21
134
165
23
-219
-446
-612
-677
-600
-464
-418
-550
-811
-1081
-1257
-1331
-1359
-1347
-1236
-1058
-976
-1055
-1181
-1244
-1265
-1234
-1090
-867
-661
-492
-423
-536
-692
-738
-742
-702
-525
-354
-360
-463
-583
-730
-855
-938
-962
-655
300
1489
1959
1553
964
584
494
934
1875
2885
3515
3367
2407
1387
1154
1582
1968
2200
2478
2401
1612
656
125
-16
113
323
259
53
45
-66
-560
-945
-828
-516
-322
-105
246
483
386
90
-190
-223
215
829
1111
1160
1190
915
361
76
241
566
776
693
269
-295
-741
-1026
-1168
-1039
-680
-515
-743
-1048
-1202
-1265
-1218
-997
-676
-340
-73
0
-56
52
369
600
660
813
1038
1060
931
801
631
504
451
313
170
173
150
-87
-427
-635
-669
-685
-703
-635
-614
-717
-804
-872
-893
-685
-353
-206
-207
-154
-114
-180
-231
-162
-30
49
42
-20
-117
-206
-257
-387
-614
-755
-813
-908
-933
-836
-850
-1031
-1209
-1334
-1400
-1325
-1129
-944
-838
-799
-824
-889
-864
-704
-577
-541
-457
-393
-479
-516
-395
-372
-527
-651
-695
-723
-701
-643
-651
-713
-755
-831
-998
-1137
-1137
-911
-279
664
1366
1489
1255
971
829
1073
1747
2512
3032
3090
2571
1829
1498
1633
1842
1997
2070
1850
1278
668
327
273
404
567
489
167
-54
-163
-358
-408
-160
52
68
56
80
98
128
191
271
389
599
816
871
797
700
503
228
119
208
303
330
244
-49
-430
-687
-797
-769
-592
-387
-325
-459
-672
-805
-834
-763
-550
-310
-197
-170
-161
-159
-117
-18
98
170
188
221
256
226
209
237
199
127
110
89
32
-11
-47
-89
-108
-81
-39
-42
-62
-55
-94
-171
-145
-46
2
30
47
-35
-160
-213
-240
-297
-344
-377
-454
-551
-628
-698
-799
-910
-976
-1038
-1119
-1117
-1023
-971
-970
-972
-1037
-1158
-1216
-1171
-1047
-840
-625
-535
-583
-646
-628
-520
-338
-133
-22
-84
-209
-271
-264
-196
-101
-78
-167
-284
-364
-403
-403
-397
-461
-590
-692
-746
-828
-974
-1109
-1020
-530
180
687
811
682
447
284
416
918
1636
2236
2353
1983
1518
1283
1266
1341
1523
1778
1824
1501
1076
817
688
623
539
362
228
220
190
152
290
510
526
318
126
116
234
398
601
788
851
759
556
357
322
420
440
364
357
370
232
4
-184
-330
-439
-516
-580
-572
-501
-505
-632
-764
-806
-792
-777
-721
-553
-379
-330
-354
-359
-328
-205
-32
33
45
93
55
-47
-32
65
127
159
151
79
-6
-52
-51
-27
41
152
191
117
76
80
22
-4
106
224
279
310
242
98
13
-22
-69
-101
-100
-109
-209
-368
-453
-501
-624
-744
-811
-892
-961
-993
-1064
-1133
-1117
-1093
-1138
-1196
-1201
-1162
-1143
-1138
-1077
-969
-859
-713
-551
-447
-367
-312
-333
-343
-239
-71
79
156
119
28
-46
-102
-94
16
115
103
15
-104
-252
-370
-424
-479
-587
-729
-874
-926
-711
-243
147
213
99
-21
-137
-87
318
901
1323
1418
1188
854
758
950
1181
1367
1574
1653
1438
1144
1047
1068
1051
1001
912
779
691
664
619
597
656
641
443
262
284
405
518
660
784
785
692
591
513
513
603
660
624
590
557
407
175
-5
-121
-247
-354
-375
-386
-471
-587
-702
-827
-907
-923
-944
-954
-894
-827
-817
-807
-739
-651
-589
-520
-405
-282
-193
-100
5
85
162
225
223
201
228
264
266
271
295
301
252
179
136
113
92
119
174
175
137
95
-14
-134
-156
-136
-113
-55
-33
-131
-282
-392
-439
-449
-463
-470
-486
-559
-669
-777
-869
-889
-852
-847
-849
-816
-827
-924
-1034
-1087
-1054
-935
-772
-625
-523
-485
-516
-566
-539
-415
-273
-164
-105
-116
-169
-210
-225
-211
-154
-106
-142
-236
-305
-347
-417
-490
-521
-562
-658
-759
-808
-761
-546
-247
-73
-19
34
58
59
216
560
875
1017
1016
941
899
990
1135
1198
1223
1291
1279
1163
1143
1232
1217
1086
987
913
849
856
908
924
928
916
800
637
601
672
691
691
748
770
693
617
584
544
517
508
463
400
377
353
267
154
53
-63
-200
-288
-310
-359
-461
-573
-712
-868
-958
-966
-940
-890
-849
-859
-876
-837
-746
-661
-575
-435
-304
-277
-258
-157
-59
2
87
165
207
255
281
261
280
379
454
431
390
387
337
218
149
147
116
77
51
-29
-121
-149
-182
-246
-230
-160
-170
-254
-310
-358
-459
-551
-552
-521
-538
-581
-658
-775
-845
-834
-809
-768
-689
-663
-766
-897
-927
-878
-817
-725
-610
-559
-588
-622
-629
-603
-502
-363
-284
-268
-282
-356
-463
-477
-368
-258
-223
-247
-334
-476
-591
-627
-634
-649
-656
-676
-756
-861
-917
-885
-717
-437
-173
1
95
120
139
264
524
819
1029
1120
1168
1237
1325
1395
1429
1456
1466
1425
1392
1446
1504
1429
1250
1080
956
876
853
897
965
988
912
737
580
557
611
647
711
810
820
719
616
557
524
496
456
405
364
336
285
195
93
-22
-192
-374
-475
-505
-538
-566
-589
-654
-736
-782
-789
-747
-669
-621
-609
-586
-568
-567
-546
-494
-429
-366
-302
-226
-147
-88
-44
12
78
126
132
101
90
112
130
147
192
226
196
120
34
-30
-24
29
85
144
170
109
16
-41
-59
-32
14
26
-2
-70
-195
-326
-405
-447
-465
-485
-533
-592
-674
-786
-866
-891
-900
-903
-909
-921
-916
-906
-903
-867
-793
-722
-641
-560
-495
-424
-352
-326
-327
-302
-278
-295
-309
-278
-232
-211
-206
-218
-262
-312
-335
-374
-423
-413
-381
-416
-478
-495
-512
-550
-556
-545
-561
-549
-434
-267
-99
85
234
270
278
395
586
761
925
1059
1101
1106
1155
1205
1221
1278
1354
1351
1301
1285
1251
1145
1061
1037
989
902
849
811
747
693
643
536
423
391
403
416
475
553
555
490
432
387
354
366
408
418
382
317
211
77
-20
-66
-107
-155
-215
-312
-428
-513
-562
-596
-617
-626
-633
-627
-600
-553
-496
-443
-406
-379
-333
-255
-169
-103
-54
-14
12
18
10
7
22
30
41
84
140
174
176
137
58
-14
-49
-58
-46
-20
-17
-66
-144
-206
-235
-236
-206
-163
-147
-166
-199
-257
-328
-360
-369
-400
-439
-460
-485
-537
-614
-690
-740
-767
-773
-740
-678
-617
-589
-633
-719
-762
-745
-698
-625
-528
-455
-450
-483
-497
-454
-365
-276
-222
-216
-248
-284
-301
-292
-248
-213
-245
-313
-365
-398
-412
-406
-410
-443
-499
-575
-658
-709
-697
-599
-429
-233
-58
55
103
137
218
368
554
727
839
900
957
1018
1072
1116
1161
1201
1233
1269
1323
1369
1361
1294
1198
1093
1009
991
1027
1079
1097
1029
867
677
546
506
545
631
700
697
619
510
417
362
346
352
344
299
225
124
9
-76
-125
-177
-237
-291
-348
-414
-470
-520
-556
-568
-563
-559
-560
-548
-512
-478
-472
-470
-448
-413
-359
-279
-195
-121
-58
-28
-31
-27
8
44
64
75
80
65
40
18
-12
-54
-92
-118
-145
-161
-155
-146
-166
-202
-227
-230
-208
-155
-103
-84
-98
-135
-192
-248
-262
-245
-242
-279
-337
-407
-477
-522
-526
-518
-526
-541
-553
-561
-555
-537
-540
-577
-608
-614
-603
-567
-506
-461
-463
-478
-478
-460
-426
-373
-325
-312
-332
-368
-394
-376
-306
-228
-190
-195
-245
-325
-378
-355
-281
-225
-218
-263
-332
-374
-375
-361
-348
-340
-334
-296
-196
-51
93
196
244
260
294
369
474
583
668
727
772
815
875
947
1023
1101
1140
1117
1073
1041
1012
998
1008
1004
972
933
877
818
789
770
727
679
659
658
642
605
563
524
479
452
453
461
457
417
326
235
185
152
115
80
33
-52
-156
-263
-343
-369
-364
-357
-358
-371
-407
-456
-487
-485
-450
-394
-346
-308
-282
-264
-247
-226
-185
-128
-93
-86
-85
-86
-89
-78
-61
-65
-74
-71
-79
-79
-57
-56
-86
-124
-167
-204
-208
-178
-158
-158
-172
-209
-259
-294
-280
-227
-172
-127
-131
-197
-271
-328
-382
-417
-425
-444
-501
-550
-588
-632
-657
-668
-684
-689
-670
-635
-608
-591
-570
-572
-598
-610
-594
-561
-512
-439
-384
-376
-388
-411
-419
-382
-314
-256
-238
-262
-306
-351
-364
-346
-322
-316
-350
-399
-437
-455
-458
-469
-507
-548
-551
-473
-322
-135
42
159
204
210
262
393
542
677
779
822
845
895
975
1060
1141
1196
1186
1137
1101
1077
1062
1052
1047
1017
950
898
866
833
820
816
784
728
698
705
715
733
742
714
683
677
676
662
639
596
504
391
318
274
231
177
100
-2
-115
-218
-302
-359
-382
-413
-462
-501
-527
-556
-600
-622
-604
-564
-507
-455
-418
-389
-356
-309
-242
-157
-81
-55
-67
-81
-73
-32
17
52
58
41
22
5
3
28
54
52
-4
-88
-156
-199
-207
-187
-157
-141
-170
-232
-278
-272
-232
-205
-223
-272
-341
-416
-490
-535
-541
-536
-543
-565
-598
-627
-640
-630
-609
-595
-590
-597
-594
-569
-533
-505
-496
-491
-493
-515
-518
-480
-430
-386
-348
-316
-302
-293
-282
-280
-274
-250
-232
-233
-237
-232
-237
-264
-269
-248
-245
-253
-259
-280
-319
-336
-329
-350
-373
-335
-239
-111
33
146
190
196
236
313
401
501
588
621
633
699
813
906
971
1030
1050
1041
1051
1071
1073
1073
1065
1009
924
869
849
848
865
881
857
778
708
685
681
689
700
671
603
553
528
501
475
447
383
303
242
198
161
118
57
-32
-139
-234
-300
-349
-382
-394
-412
-443
-475
-498
-511
-500
-480
-469
-457
-442
-435
-423
-389
-327
-246
-181
-145
-124
-106
-79
-45
2
54
97
111
95
77
79
94
105
104
88
56
0
-60
-94
-96
-81
-78
-99
-137
-181
-221
-254
-275
-278
-289
-323
-369
-410
-441
-467
-500
-538
-572
-600
-621
-634
-649
-678
-704
-707
-682
-639
-602
-585
-587
-594
-598
-594
-572
-523
-462
-411
-372
-350
-349
-361
-360
-343
-313
-273
-229
-191
-165
-152
-155
-175
-200
-219
-228
-232
-244
-274
-319
-358
-372
-372
-361
-336
-289
-211
-117
-29
45
99
142
195
271
366
464
549
619
686
770
864
939
981
1001
1020
1037
1061
1094
1111
1110
1090
1042
974
922
904
899
897
889
852
786
719
673
646
625
601
562
512
476
457
431
393
352
296
229
175
139
98
57
19
-28
-83
-135
-179
-217
-238
-246
-260
-290
-323
-352
-374
-375
-358
-347
-351
-357
-362
-369
-357
-321
-284
-258
-242
-232
-220
-185
-129
-75
-27
4
3
-18
-29
-5
33
58
58
34
-14
-60
-91
-102
-99
-103
-135
-191
-235
-253
-263
-278
-298
-329
-374
-430
-480
-520
-542
-559
-586
-620
-638
-636
-630
-632
-631
-629
-636
-645
-641
-624
-604
-599
-612
-632
-636
-614
-581
-548
-522
-502
-483
-456
-407
-337
-273
-229
-207
-197
-188
-178
-169
-159
-151
-142
-131
-131
-147
-169
-193
-221
-236
-236
-232
-224
-199
-138
-49
48
128
182
226
288
374
458
529
598
672
748
837
929
998
1027
1032
1039
1059
1091
1119
1119
1095
1067
1037
988
925
880
841
800
762
715
658
603
561
525
484
451
416
367
329
321
326
309
270
222
170
136
120
100
70
35
-12
-79
-143
-180
-205
-233
-250
-257
-272
-296
-329
-367
-393
-394
-382
-374
-359
-331
-299
-266
-227
-192
-169
-148
-115
-76
-34
6
35
54
71
90
103
104
101
89
74
68
62
38
-10
-71
-133
-186
-226
-251
-269
-282
-300
-330
-369
-403
-429
-455
-478
-497
-521
-541
-554
-568
-588
-608
-628
-651
-670
-672
-656
-631
-605
-584
-578
-586
-600
-619
-626
-605
-564
-532
-516
-510
-509
-510
-500
-473
-434
-388
-346
-312
-286
-270
-261
-250
-227
-188
-150
-130
-126
-125
-124
-121
-108
-84
-63
-55
-61
-68
-63
-34
34
138
251
340
385
395
405
451
524
603
681
750
808
852
882
904
910
909
915
940
980
1007
998
948
874
806
751
716
703
694
679
647
598
546
507
480
466
455
441
407
364
326
296
270
238
198
154
122
103
85
57
19
-27
-80
-123
-140
-146
-158
-182
-214
-250
-265
-252
-233
-217
-213
-223
-225
-197
-143
-94
-70
-74
-98
-123
-120
-84
-38
-1
18
18
10
16
33
45
54
53
27
-8
-25
-26
-30
-52
-100
-173
-252
-307
-330
-337
-342
-372
-433
-493
-520
-518
-512
-516
-540
-585
-633
-656
-656
-641
-624
-623
-649
-679
-696
-705
-708
-693
-668
-648
-638
-626
-609
-593
-570
-537
-506
-474
-435
-398
-370
-344
-319
-303
-285
-250
-203
-161
-124
-93
-75
-65
-49
-35
-36
-47
-59
-73
-78
-60
-30
-15
-14
-24
-45
-52
-7
95
220
338
423
454
455
465
498
553
629
717
787
826
852
859
846
831
832
841
857
880
887
865
829
785
728
681
664
665
659
641
602
529
452
400
379
379
380
357
305
246
211
193
177
155
121
68
15
-22
-44
-65
-84
-103
-127
-138
-143
-159
-196
-238
-263
-262
-241
-212
-196
-191
-194
-182
-148
-100
-44
0
16
21
29
46
68
87
111
124
127
120
106
88
71
57
43
19
-6
-27
-56
-85
-116
-158
-212
-260
-290
-301
-305
-322
-369
-437
-500
-536
-540
-526
-510
-518
-561
-618
-673
-709
-720
-715
-703
-693
-691
-698
-717
-733
-740
-738
-721
-696
-667
-639
-612
-579
-544
-506
-470
-439
-405
-361
-310
-257
-213
-173
-147
-128
-101
-68
-36
-11
8
22
28
31
26
11
5
6
3
-2
-11
-26
-33
-13
55
149
247
327
380
419
465
526
586
640
692
740
788
851
918
959
961
936
908
889
889
895
882
841
782
714
653
614
586
555
514
475
434
387
342
304
277
259
248
243
229
201
162
111
58
13
-24
-55
-82
-109
-144
-191
-231
-253
-258
-247
-238
-243
-267
-296
-307
-294
-254
-206
-167
-138
-120
-111
-104
-86
-50
-10
28
59
75
80
80
83
94
104
105
89
68
59
60
66
67
60
44
21
2
-15
-37
-68
-107
-150
-196
-243
-283
-316
-338
-353
-376
-407
-442
-476
-506
-520
-523
-531
-555
-593
-638
-674
-695
-704
-707
-711
-724
-749
-774
-787
-786
-768
-737
-700
-666
-637
-611
-577
-531
-474
-415
-366
-326
-290
-257
-222
-176
-130
-94
-69
-45
-21
2
23
35
38
33
25
21
21
29
37
36
41
63
105
160
230
305
370
432
498
572
651
724
778
811
833
863
902
943
982
1002
993
959
923
893
864
837
801
747
681
616
562
519
485
456
417
369
320
272
233
206
182
152
111
70
39
9
-17
-44
-86
-138
-187
-215
-220
-208
-195
-205
-240
-279
-310
-325
-314
-286
-260
-253
-259
-268
-271
-252
-209
-155
-105
-72
-51
-37
-14
29
75
113
140
153
153
153
158
164
155
136
115
91
71
53
29
3
-19
-37
-57
-80
-98
-121
-150
-174
-199
-230
-269
-307
-340
-366
-384
-402
-428
-460
-495
-535
-575
-609
-636
-657
-671
-685
-705
-737
-770
-791
-794
-783
-766
-753
-752
-749
-735
-705
-663
-615
-570
-534
-498
-451
-392
-327
-264
-211
-174
-151
-123
-89
-47
-4
30
48
49
41
38
45
61
85
102
109
111
113
130
171
241
328
409
476
523
561
604
662
735
816
888
945
984
1007
1021
1029
1032
1032
1027
1009
975
919
849
773
698
637
583
528
464
392
317
248
195
163
146
131
106
65
11
-45
-88
-112
-115
-102
-95
-107
-146
-196
-245
-279
-283
-264
-239
-234
-259
-303
-352
-381
-384
-360
-320
-275
-240
-216
-199
-182
-165
-148
-124
-87
-40
7
48
73
84
89
96
106
124
144
148
136
119
100
88
81
77
69
56
37
14
-11
-31
-48
-71
-99
-135
-179
-225
-261
-285
-305
-326
-352
-386
-420
-445
-467
-490
-519
-553
-588
-616
-632
-644
-660
-679
-700
-717
-722
-710
-691
-676
-668
-664
-660
-649
-622
-583
-536
-490
-447
-409
-372
-329
-283
-234
-183
-135
-99
-73
-49
-22
11
46
78
97
100
98
102
115
136
156
165
167
169
182
210
254
313
375
432
484
532
576
618
664
712
758
803
841
870
893
908
910
900
885
869
858
843
819
771
698
615
535
470
424
382
330
262
183
104
38
-6
-27
-34
-46
-73
-117
-169
-213
-236
-235
-221
-207
-208
-220
-233
-238
-239
-239
-242
-251
-257
-260
-260
-263
-267
-270
-269
-254
-228
-199
-172
-153
-138
-119
-95
-64
-30
3
32
52
61
68
83
105
133
159
168
156
130
96
69
56
50
45
35
16
-13
-48
-85
-116
-141
-159
-176
-199
-233
-272
-310
-341
-358
-362
-366
-377
-394
-417
-447
-479
-513
-545
-571
-581
-580
-578
-581
-590
-603
-615
-612
-594
-568
-544
-529
-520
-514
-500
-476
-445
-407
-364
-323
-288
-250
-206
-160
-113
-67
-27
8
38
67
96
123
148
166
176
187
198
206
208
211
218
229
245
263
276
284
293
305
327
362
405
449
484
515
538
553
569
591
616
642
666
683
688
679
665
644
621
593
564
533
499
464
424
383
341
300
260
218
178
141
107
82
65
54
42
25
2
-23
-49
-69
-83
-90
-92
-93
-100
-110
-123
-139
-154
-168
-179
-186
-193
-200
-204
-204
-201
-202
-207
-214
-219
-217
-205
-187
-169
-154
-147
-145
-142
-133
-122
-109
-97
-88
-84
-81
-80
-83
-90
-104
-123
-142
-156
-161
-160
-157
-158
-167
-179
-194
-201
-206
-208
-213
-224
-242
-260
-273
-281
-279
-275
-270
-272
-284
-300
-315
-325
-332
-337
-342
-350
-355
-358
-356
-353
-347
-343
-340
-335
-324
-310
-295
-273
-249
-221
-193
-167
-144
-125
-102
-75
-46
-16
11
28
42
60
83
106
124
134
139
145
156
172
189
199
199
193
188
189
200
217
235
250
252
245
232
220
216
224
238
250
257
255
251
248
251
255
260
263
268
273
279
283
284
282
277
275
276
278
280
282
284
288
293
294
291
284
278
275
278
282
282
274
261
248
239
235
231
220
200
175
152
136
125
115
99
70
30
-13
-51
-77
-94
-109
-129
-157
-192
-225
-251
-264
-266
-265
-271
-287
-311
-341
-367
-386
-394
-398
-397
-397
-401
-408
-417
-428
-436
-437
-435
-429
-422
-412
-399
-381
-360
-336
-315
-293
-273
-253
-233
-211
-190
-171
-154
-138
-121
-102
-79
-56
-41
-30
-26
-22
-12
3
24
41
46
39
29
18
19
28
43
57
63
59
46
33
27
28
33
36
30
14
-6
-22
-25
-16
1
16
25
28
29
35
43
55
65
73
79
86
98
114
132
146
151
146
138
130
128
136
144
153
154
148
140
134
133
136
141
141
138
129
117
106
99
94
91
90
89
89
91
93
92
84
71
53
36
28
30
39
51
55
48
31
13
-1
-3
10
29
46
53
53
48
43
46
54
62
67
67
66
68
79
90
97
90
74
57
45
43
52
59
56
39
13
-15
-33
-40
-43
-46
-55
-74
-97
-117
-135
-143
-149
-152
-154
-155
-156
-157
-159
-170
-179
-188
-193
-187
-174
-163
-157
-157
-165
-171
-167
-157
-139
-121
-111
-107
-106
-107
-99
-86
-70
-48
-29
-18
-11
-9
-13
-12
-10
-11
-6
-3
-8
-9
-12
-22
-31
-36
-44
-48
-46
-46
-49
-59
-69
-74
-75
-70
-48
-34
-32
-26
-22
-27
-20
-1
8
6
2
-3
-12
-10
9
29
31
32
44
59
89
170
264
306
328
316
242
144
72
27
8
29
90
155
189
201
182
104
-1
-77
-128
-158
-129
-63
-15
11
26
7
-45
-96
-135
-158
-166
-145
-103
-72
-53
-34
-42
-78
-108
-126
-153
-166
-151
-129
-100
-56
-16
9
11
-6
-27
-49
-60
-45
-15
12
43
70
84
97
109
107
96
83
71
73
93
121
153
173
168
150
130
113
107
113
117
115
104
88
76
69
62
51
35
10
-10
-18
-20
-13
-1
4
-4
-15
-26
-33
-34
-31
-28
-25
-19
-9
8
22
32
27
13
-3
-11
-3
14
36
51
54
42
24
8
1
0
5
11
15
13
6
1
-12
-33
-56
-83
-108
-123
-126
-124
-120
-119
-124
-136
-151
-165
-175
-183
-184
-172
-152
-125
-90
-60
-44
-40
-46
-59
-64
-52
-27
5
36
63
83
94
102
108
107
93
77
59
45
40
48
56
60
63
55
40
25
9
-5
-13
-16
-14
-11
-13
-17
-25
-42
-59
-73
-82
-85
-77
-63
-49
-38
-34
-39
-54
-70
-83
-91
-93
-84
-69
-57
-45
-36
-31
-31
-33
-33
-34
-38
-36
-32
-29
-21
-9
2
9
19
32
45
60
78
95
105
113
121
127
129
131
131
128
124
129
140
151
159
163
154
135
115
99
86
81
81
82
82
79
82
84
82
82
79
66
52
45
42
43
51
57
59
55
50
45
37
34
32
28
21
18
17
13
11
11
6
-4
-9
-11
-13
-14
-18
-23
-36
-50
-62
-66
-69
-65
-59
-61
-64
-66
-71
-77
-76
-76
-77
-81
-83
-83
-82
-77
-69
-62
-60
-62
-65
-70
-75
-70
-64
-56
-43
-32
-25
-20
-13
-6
-1
2
7
9
8
4
3
-2
-10
-14
-13
-8
0
10
11
5
-7
-22
-32
-31
-22
-10
-3
-5
-12
-27
-44
-54
-57
-59
-60
-59
-65
-72
-81
-95
-108
-118
-119
-111
-99
-85
-71
-67
-74
-81
-82
-77
-65
-45
-28
-17
-8
1
14
33
56
74
84
89
90
92
97
107
118
124
129
135
141
148
153
154
148
136
119
104
90
81
72
65
62
63
66
68
66
58
41
22
7
4
16
32
49
58
60
55
50
55
66
83
101
113
119
119
118
118
115
111
104
89
72
53
40
29
25
24
17
6
-12
-29
-46
-56
-54
-45
-35
-32
-37
-52
-68
-78
-80
-75
-63
-53
-46
-41
-37
-32
-29
-25
-28
-33
-37
-39
-33
-24
-16
-13
-18
-23
-24
-25
-22
-20
-21
-28
-34
-38
-40
-42
-45
-50
-56
-57
-54
-47
-45
-48
-60
-75
-86
-85
-75
-62
-45
-33
-32
-33
-35
-38
-39
-38
-37
-36
-33
-31
-30
-34
-44
-56
-65
-66
-59
-51
-46
-47
-57
-67
-71
-72
-67
-57
-52
-51
-49
-44
-39
-37
-34
-35
-37
-36
-30
-20
-11
-3
8
15
23
37
48
51
51
49
46
49
64
82
95
104
108
107
105
107
111
111
109
107
101
95
92
90
82
77
72
70
70
75
82
85
84
83
83
85
95
108
123
136
148
160
167
175
183
183
180
176
172
164
153
140
124
103
82
62
43
27
12
-4
-21
-41
-61
-83
-105
-121
-131
-136
-135
-131
-127
-125
-125
-125
-127
-125
-119
-107
-91
-75
-62
-53
-49
-48
-46
-40
-31
-17
-2
10
17
22
25
25
25
25
29
34
38
43
43
37
29
19
10
3
5
8
10
11
8
-3
-19
-37
-54
-68
-79
-82
-79
-72
-62
-57
-56
-65
-76
-89
-98
-96
-85
-72
-62
-57
-64
-80
-97
-109
-117
-116
-107
-95
-84
-80
-84
-96
-112
-125
-130
-123
-103
-75
-50
-32
-24
-28
-36
-41
-39
-25
-3
22
46
64
75
80
81
82
84
89
96
108
119
128
132
130
122
109
99
92
89
88
87
83
77
72
70
71
76
84
91
91
89
85
83
84
91
102
113
124
132
133
130
123
114
103
96
98
108
122
138
147
141
124
97
69
44
28
23
23
26
29
25
18
5
-12
-29
-43
-49
-48
-43
-37
-33
-34
-42
-48
-49
-44
-31
-17
-7
-5
-7
-16
-24
-31
-31
-26
-16
-3
4
5
-5
-21
-36
-47
-48
-42
-34
-32
-38
-51
-66
-77
-78
-72
-61
-49
-39
-25
-15
-7
-2
-3
-11
-15
-18
-12
0
12
19
14
2
-14
-28
-39
-46
-52
-61
-70
-78
-84
-88
-89
-91
-95
-98
-99
-100
-96
-93
-92
-88
-83
-73
-58
-42
-29
-24
-26
-30
-32
-31
-19
-5
6
11
11
6
-4
-12
-17
-15
-10
-1
12
20
25
25
18
9
1
-4
-3
1
8
13
18
18
15
8
-2
-8
-13
-14
-4
11
27
44
53
55
53
48
46
53
67
88
108
125
137
144
145
146
148
152
155
157
159
157
154
153
151
151
149
143
131
113
93
73
57
47
43
47
49
48
46
37
23
12
5
6
14
26
35
36
29
17
5
-4
-6
-2
4
6
3
-6
-18
-33
-49
-67
-82
-92
-97
-98
-96
-94
-94
-98
-106
-113
-119
-115
-108
-96
-81
-67
-56
-49
-45
-46
-46
-45
-40
-28
-11
9
25
34
32
20
4
-10
-17
-12
2
19
34
40
36
25
10
-4
-14
-16
-15
-8
-1
4
8
8
2
-11
-25
-35
-37
-32
-22
-13
-12
-20
-35
-52
-64
-67
-64
-57
-50
-47
-46
-46
-47
-47
-48
-49
-50
-49
-43
-32
-19
-10
-1
3
4
2
2
1
1
2
0
0
3
6
7
7
4
-2
-10
-17
-19
-17
-16
-9
-4
4
14
26
39
52
64
73
81
88
99
109
122
134
144
150
152
150
147
143
138
134
128
121
110
95
79
65
52
43
40
40
35
30
23
15
8
6
8
12
17
21
21
22
23
24
25
24
21
16
9
3
-2
-7
-14
-23
-34
-46
-57
-65
-69
-70
-70
-71
-71
-70
-70
-71
-72
-71
-71
-67
-60
-50
-41
-34
-31
-31
-31
-30
-26
-20
-13
-9
-9
-12
-14
-15
-14
-11
-10
-12
-14
-15
-15
-11
-3
5
11
16
18
18
19
20
24
29
34
39
42
41
36
26
14
3
-7
-14
-20
-26
-34
-41
-50
-59
-68
-77
-86
-92
-96
-96
-92
-86
-78
-72
-66
-63
-60
-56
-50
-43
-35
-25
-18
-10
-6
-3
-1
0
1
2
2
0
-6
-10
-14
-15
-16
-11
-8
-6
-4
-5
-5
-3
5
15
28
41
53
63
72
81
91
102
114
127
139
148
155
156
154
153
148
144
140
138
133
127
120
112
104
95
86
77
68
57
49
43
39
38
40
44
45
44
43
39
35
33
32
35
35
34
32
28
19
9
-3
-16
-27
-37
-46
-53
-58
-63
-69
-75
-80
-86
-91
-95
-98
-98
-96
-92
-87
-81
-73
-70
-67
-65
-63
-61
-58
-55
-54
-53
-52
-53
-52
-53
-53
-52
-51
-49
-47
-43
-39
-35
-30
-24
-18
-10
-1
7
14
18
22
27
32
37
42
42
39
34
30
26
24
21
14
5
-5
-15
-24
-29
-32
-33
-35
-39
-43
-47
-51
-54
-54
-54
-50
-43
-37
-29
-25
-21
-20
-21
-22
-23
-22
-19
-16
-13
-10
-10
-13
-16
-22
-23
-23
-20
-16
-13
-11
-12
-14
-14
-10
-3
8
19
29
38
45
51
59
69
81
93
104
112
119
123
123
123
123
124
124
127
127
124
118
111
102
93
86
81
77
73
69
65
61
58
56
54
52
50
49
45
45
46
47
49
50
49
44
37
30
21
13
7
1
-5
-13
-21
-32
-46
-59
-71
-82
-90
-97
-102
-105
-107
-108
-109
-109
-109
-108
-106
-102
-95
-87
-78
-67
-58
-50
-44
-40
-36
-31
-25
-19
-11
-5
-1
-1
-3
-4
-5
-2
1
8
13
19
22
24
23
22
23
25
28
34
41
44
46
45
41
35
31
28
26
25
21
17
9
-1
-11
-20
-28
-35
-40
-45
-49
-56
-61
-67
-72
-75
-73
-72
-67
-61
-58
-53
-52
-51
-49
-46
-41
-37
-31
-27
-24
-24
-24
-25
-28
-30
-32
-33
-34
-32
-31
-28
-26
-27
-25
-21
-16
-9
1
12
24
36
47
55
64
72
80
88
96
104
112
117
119
120
118
115
111
108
104
101
97
92
86
80
75
69
65
62
60
59
59
57
56
53
52
50
50
49
48
48
45
41
35
29
23
16
11
7
5
2
-1
-5
-11
-18
-27
-33
-39
-41
-43
-44
-43
-44
-45
-46
-48
-51
-54
-58
-60
-61
-59
-57
-54
-52
-52
-53
-55
-57
-59
-58
-59
-58
-56
-55
-53
-53
-50
-47
-46
-44
-42
-39
-33
-27
-22
-15
-9
-4
1
8
13
17
21
23
27
30
35
38
41
41
39
36
30
23
18
15
12
8
4
2
-4
-8
-13
-19
-24
-28
-30
-32
-30
-26
-23
-21
-21
-22
-23
-23
-24
-23
-21
-20
-19
-19
-21
-21
-24
-27
-31
-35
-39
-41
-39
-36
-32
-29
-26
-26
-24
-21
-16
-9
-1
9
20
30
41
51
60
69
77
84
93
100
107
114
119
122
121
120
116
112
107
101
93
86
80
73
65
57
49
41
33
26
20
16
13
11
12
13
13
15
15
16
17
18
16
14
13
10
9
7
3
-1
-6
-12
-20
-27
-34
-38
-42
-45
-46
-50
-52
-55
-57
-57
-55
-52
-48
-44
-41
-40
-39
-37
-37
-35
-32
-28
-25
-24
-25
-27
-29
-31
-33
-33
-32
-30
-28
-25
-23
-20
-17
-16
-13
-9
-6
-2
4
8
13
16
19
19
20
19
18
18
18
18
18
17
14
11
7
6
5
4
4
3
2
0
-2
-2
-3
-2
-1
0
1
1
0
-2
-3
-4
-5
-6
-9
-11
-13
-18
-23
-29
-34
-39
-45
-51
-56
-63
-68
-72
-73
-73
-71
-68
-65
-61
-58
-50
-42
-30
-19
-5
9
23
35
48
59
70
80
87
94
98
101
104
105
102
101
95
89
80
72
64
54
45
38
31
26
21
15
10
5
1
-3
-3
-3
-1
4
6
9
11
12
13
13
14
14
16
16
16
15
13
10
5
0
-5
-10
-14
-18
-21
-25
-28
-32
-35
-37
-39
-40
-40
-41
-40
-39
-38
-37
-33
-31
-27
-25
-24
-22
-22
-21
-21
-18
-17
-15
-15
-14
-14
-17
-20
-21
-22
-20
-20
-17
-12
-9
-6
-4
-1
2
7
12
18
23
28
31
33
35
36
38
39
40
39
38
35
32
27
23
17
12
8
4
1
-2
-6
-11
-13
-17
-20
-24
-25
-26
-26
-27
-28
-27
-29
-32
-34
-38
-41
-42
-43
-43
-43
-45
-45
-48
-49
-50
-48
-45
-41
-36
-31
-25
-19
-13
-7
1
9
20
28
37
44
51
57
64
70
76
81
86
88
88
89
87
85
80
76
72
68
63
60
55
49
44
39
33
27
23
20
18
16
16
17
18
18
18
18
18
17
16
16
18
18
19
18
16
14
10
5
3
0
-3
-4
-6
-7
-9
-11
-13
-17
-20
-21
-20
-20
-16
-13
-12
-11
-12
-13
-13
-14
-13
-11
-8
-8
-7
-9
-10
-10
-13
-15
-18
-19
-19
-19
-21
-24
-26
-29
-31
-33
-33
-32
-31
-31
-31
-33
-34
-35
-34
-33
-32
-29
-26
-24
-21
-20
-20
-18
-19
-18
-16
-15
-12
-9
-8
-9
-10
-13
-14
-15
-15
-15
-15
-15
-18
-19
-22
-25
-26
-27
-28
-28
-27
-24
-24
-24
-23
-22
-21
-20
-17
-15
-12
-9
-7
-5
-4
-1
1
6
9
14
17
20
24
26
28
33
37
41
46
50
54
57
59
62
64
66
67
69
70
68
69
66
64
60
56
51
44
39
31
25
18
12
5
-1
-6
-10
-14
-18
-20
-21
-23
-22
-20
-18
-14
-8
-4
1
7
11
16
22
28
33
39
43
46
51
52
53
53
52
51
50
47
44
41
37
33
28
23
18
12
6
1
-4
-9
-12
-15
-19
-21
-24
-28
-31
-33
-35
-37
-37
-36
-36
-36
-37
-38
-38
-38
-36
-37
-36
-34
-33
-31
-31
-30
-30
-29
-28
