SAMPLES:	12607
BITSPERSAMPLE:	16
CHANNELS:	1
SAMPLERATE:	16000
NORMALIZED:	FALSE
2
2
2
0
1
-1
-1
-1
-1
-1
-2
-2
-4
-3
-2
-3
-3
-5
-6
-6
-6
-6
-7
-8
-8
-9
-10
-11
-11
-13
-13
-14
-15
-15
-15
-14
-14
-14
-14
-14
-14
-13
-13
-12
-11
-10
-9
-8
-7
-5
-5
-3
-1
1
2
2
4
6
8
9
11
11
14
14
15
15
15
16
15
15
15
15
14
14
13
12
12
11
9
8
7
6
4
3
2
3
2
1
0
0
0
-1
-2
-2
-2
-2
-2
-3
-4
-4
-5
-4
-4
-4
-4
-5
-5
-6
-8
-8
-9
-9
-11
-11
-12
-12
-14
-15
-15
-15
-16
-16
-16
-16
-17
-18
-17
-17
-16
-16
-13
-13
-11
-10
-7
-6
-4
-2
0
2
3
5
7
10
11
13
14
16
17
17
18
19
18
18
18
19
19
18
18
17
15
13
14
13
11
10
9
8
6
6
5
4
5
2
1
1
0
0
-1
-1
0
0
0
-1
0
0
0
1
-1
-1
-1
-1
0
-1
-2
-3
-3
-3
-3
-3
-4
-4
-3
-4
-4
-5
-6
-6
-6
-6
-6
-5
-4
-4
-4
-3
-3
-2
-1
1
1
2
4
5
6
6
5
6
8
9
11
10
11
12
13
12
13
12
10
11
11
9
9
8
8
6
5
3
3
0
-1
-2
-5
-6
-6
-7
-7
-9
-10
-11
-12
-12
-12
-13
-14
-13
-14
-11
-12
-11
-10
-9
-7
-7
-5
-6
-4
-3
-3
-1
2
4
5
6
8
9
9
11
12
12
12
12
13
12
13
12
11
10
8
8
6
5
3
2
-1
-3
-5
-8
-9
-11
-14
-15
-17
-18
-19
-21
-23
-23
-24
-23
-23
-25
-23
-23
-23
-23
-23
-22
-21
-20
-19
-17
-15
-14
-12
-9
-8
-7
-5
-4
-2
0
1
0
1
2
3
3
4
5
4
5
5
6
6
6
5
6
6
8
9
9
10
11
11
12
13
13
15
15
15
16
17
17
17
18
18
19
17
16
16
15
14
13
12
10
10
8
7
5
4
3
2
-1
-3
-4
-6
-6
-7
-7
-8
-9
-9
-10
-11
-11
-10
-10
-10
-8
-9
-8
-8
-7
-7
-6
-4
-2
-1
0
2
0
3
2
3
3
4
5
5
4
4
4
4
2
2
1
1
0
-1
-2
-3
-5
-6
-6
-8
-8
-10
-10
-11
-13
-13
-15
-14
-15
-14
-13
-13
-13
-13
-12
-11
-10
-10
-9
-8
-5
-5
-3
-2
-2
0
1
3
5
4
4
6
6
8
8
8
10
10
10
10
10
10
10
9
9
10
10
9
9
8
8
8
8
7
10
8
8
9
8
9
10
9
10
10
10
11
11
11
11
10
9
9
8
9
7
6
6
4
2
1
-1
-2
-3
-4
-4
-6
-6
-7
-9
-12
-12
-13
-14
-13
-14
-14
-13
-13
-14
-12
-13
-11
-10
-9
-7
-7
-5
-4
-3
-2
0
1
3
3
5
7
8
8
9
9
10
9
9
9
10
8
8
9
7
7
7
6
6
6
5
3
3
5
5
5
5
4
4
4
3
3
3
4
3
4
5
5
5
5
5
5
3
4
3
3
2
2
2
1
0
0
-1
-2
-4
-5
-5
-7
-7
-8
-10
-11
-10
-11
-12
-11
-11
-12
-12
-11
-11
-11
-12
-12
-12
-10
-10
-10
-10
-9
-9
-9
-7
-7
-6
-5
-4
-4
-4
-2
-1
-1
-1
0
0
1
2
0
1
1
0
1
0
0
2
1
1
1
0
0
0
-1
-1
-1
-1
-1
0
0
-2
-2
-3
-2
-1
-1
1
0
0
0
1
1
1
3
3
3
3
3
3
4
4
3
3
3
3
2
1
2
2
1
1
-1
-2
-3
-4
-4
-5
-6
-7
-8
-9
-9
-8
-9
-8
-9
-9
-9
-9
-8
-8
-9
-8
-7
-6
-4
-2
-1
1
3
5
6
7
8
10
12
12
14
14
15
16
17
17
18
19
18
18
19
18
18
17
16
15
14
12
11
11
10
9
9
9
8
7
6
4
4
2
0
2
-1
-2
-2
-3
-5
-5
-6
-7
-7
-8
-8
-10
-9
-10
-12
-12
-12
-12
-13
-13
-13
-12
-13
-12
-12
-12
-11
-12
-11
-11
-10
-9
-9
-7
-7
-5
-4
-3
-1
0
1
2
3
4
4
6
6
8
9
10
10
11
12
12
13
12
12
12
11
10
10
10
9
8
8
7
6
6
5
5
5
5
4
3
3
1
1
0
1
-1
-2
-2
-1
-1
0
1
0
0
0
-2
-1
-2
-3
-2
-3
-2
-1
-1
-1
-1
0
-1
-1
-1
-2
-3
-4
-4
-4
-3
-4
-4
-3
-3
-1
-1
-1
0
0
1
1
2
3
3
3
5
5
4
6
6
6
6
7
9
9
9
8
8
9
7
7
8
6
6
6
4
3
3
1
1
-1
-1
-1
-2
-3
-4
-4
-5
-5
-5
-6
-5
-6
-6
-6
-6
-6
-6
-6
-5
-5
-5
-5
-4
-5
-4
-3
-2
-2
-1
-1
0
1
1
1
2
3
4
5
6
6
7
8
8
9
10
9
9
8
8
8
8
7
7
7
5
5
3
2
1
-1
-3
-4
-6
-6
-6
-8
-10
-10
-12
-14
-15
-15
-15
-16
-17
-19
-19
-17
-18
-18
-18
-18
-19
-17
-18
-17
-18
-17
-16
-17
-16
-16
-15
-13
-12
-11
-10
-10
-8
-9
-7
-5
-6
-3
-3
-2
-1
1
1
3
4
6
6
8
9
11
12
13
13
15
16
16
18
18
18
18
18
17
17
17
16
16
16
14
13
10
8
5
5
4
2
2
0
-2
-2
-5
-8
-9
-12
-13
-12
-12
-13
-14
-14
-14
-14
-13
-11
-12
-11
-9
-8
-7
-5
-5
-4
-3
-2
1
2
3
6
7
8
8
9
7
8
8
8
9
10
9
9
9
7
6
6
3
2
2
2
2
2
0
0
-2
-3
-3
-5
-5
-5
-5
-5
-5
-3
-2
-2
-3
-4
-3
-3
-2
-1
1
3
5
6
4
5
7
7
9
10
12
14
16
16
16
15
15
15
17
19
19
21
21
18
19
16
15
14
13
14
14
13
13
11
9
5
2
-2
-3
-5
-5
-5
-6
-7
-9
-13
-17
-20
-21
-20
-19
-17
-18
-19
-20
-22
-24
-24
-24
-21
-19
-17
-15
-14
-14
-13
-14
-13
-9
-5
-1
3
5
8
9
9
10
11
12
14
18
23
27
29
30
28
23
19
19
21
22
26
28
25
20
13
5
-1
-1
1
5
9
11
12
7
1
-5
-8
-8
-5
1
4
2
-8
-21
-33
-38
-36
-26
-15
-5
-3
-5
-13
-21
-21
-16
-8
-2
3
3
-1
-10
-22
-31
-37
-38
-34
-28
-20
-17
-19
-25
-29
-30
-24
-10
4
14
18
15
8
-2
-8
-8
-5
1
5
8
7
7
6
5
6
5
8
16
23
31
37
38
32
26
21
19
19
21
22
17
10
0
-9
-13
-16
-17
-18
-17
-14
-10
-4
2
4
3
-1
-6
-9
-7
-2
4
8
8
3
-3
-11
-17
-19
-15
-6
5
15
23
23
17
6
-2
-5
1
13
26
33
30
13
-9
-27
-37
-33
-16
4
18
21
8
-13
-33
-45
-45
-34
-17
-2
4
-2
-17
-37
-53
-57
-47
-27
-1
19
27
22
5
-14
-28
-31
-22
-3
12
22
19
4
-19
-38
-48
-43
-20
10
36
53
55
39
15
-9
-26
-29
-15
5
24
34
25
0
-29
-52
-57
-40
-6
26
50
54
38
8
-21
-42
-47
-31
-3
30
54
60
41
9
-26
-47
-37
-2
41
80
94
71
29
-21
-61
-76
-66
-36
2
38
57
54
34
6
-18
-24
-9
17
41
48
31
-3
-44
-77
-91
-85
-64
-33
-2
28
47
55
51
38
21
7
4
10
17
21
14
-4
-26
-43
-48
-38
-14
13
33
46
41
22
7
-1
2
20
43
54
48
30
-3
-36
-50
-53
-50
-36
-28
-35
-36
-34
-33
-16
14
37
57
71
62
42
25
3
-16
-16
-18
-33
-40
-51
-64
-52
-19
10
43
73
73
60
53
37
25
29
24
2
-8
-22
-46
-51
-43
-43
-33
-11
-6
-8
3
0
-5
11
26
27
33
25
-8
-28
-35
-40
-24
7
22
25
27
11
-16
-23
-20
-11
22
59
74
69
53
15
-15
-8
24
68
113
127
88
26
-35
-89
-104
-74
-37
-2
36
49
42
43
34
13
6
3
-13
-14
-12
-30
-46
-58
-89
-112
-115
-115
-106
-69
-37
-14
13
20
0
-15
-22
-29
-10
27
46
51
31
-31
-103
-146
-156
-116
-29
55
105
116
85
35
15
38
97
165
212
204
139
42
-55
-120
-132
-90
-20
49
96
101
66
19
-18
-33
-10
41
90
122
127
93
32
-34
-96
-136
-130
-81
-12
53
73
18
-92
-211
-288
-269
-146
33
202
291
259
134
-28
-158
-191
-119
14
146
207
146
-12
-194
-336
-353
-220
-6
204
334
315
173
17
-96
-120
-27
112
199
214
139
-21
-173
-260
-282
-223
-90
29
94
120
75
-13
-64
-73
-60
9
87
107
94
54
-41
-132
-177
-207
-199
-118
-32
18
59
55
-14
-57
-52
-34
27
114
129
75
10
-85
-172
-169
-110
-47
38
101
76
22
-1
-34
-36
31
91
101
100
59
-39
-91
-82
-64
-14
65
105
92
71
30
-30
-33
6
46
89
128
95
-4
-93
-167
-202
-155
-56
24
82
122
97
45
33
36
43
67
94
73
40
10
-74
-140
-159
-165
-148
-91
-7
54
106
138
120
98
76
41
6
12
29
25
18
-18
-66
-108
-141
-139
-97
-24
49
98
112
96
70
27
-9
-10
5
23
32
26
-2
-27
-40
-67
-72
-55
-52
-57
-41
-16
4
45
64
37
7
-23
-53
-52
5
61
85
92
44
-37
-89
-98
-82
-20
70
112
114
88
22
-48
-85
-89
-71
-22
31
44
38
19
-10
-27
-8
26
61
107
126
112
83
30
-36
-89
-114
-106
-58
-3
26
37
18
-10
-5
19
57
105
130
109
85
52
-8
-52
-87
-127
-128
-86
-47
0
49
43
9
-1
-10
7
65
114
125
122
85
-6
-83
-120
-133
-89
6
65
75
65
-7
-99
-105
-62
1
106
176
151
98
36
-66
-105
-62
-11
65
145
136
54
-42
-152
-223
-183
-70
53
148
169
97
-20
-114
-154
-128
-41
71
130
112
49
-50
-154
-182
-129
-45
54
130
111
11
-82
-156
-210
-165
-63
-10
31
62
-1
-81
-80
-92
-103
-12
57
37
52
50
-41
-64
-9
-17
7
96
85
36
60
58
20
53
89
51
41
61
11
-23
15
19
-3
34
44
1
9
34
26
66
133
128
95
70
9
-45
-37
-7
8
23
20
-32
-84
-85
-77
-70
-27
6
-4
-5
-5
-49
-81
-81
-102
-104
-52
-13
-6
10
-5
-51
-48
-18
-1
30
54
25
-15
-21
-28
-27
11
27
12
29
42
28
43
67
52
53
69
41
17
16
-7
-14
35
75
89
97
58
-18
-59
-80
-97
-74
-36
-20
10
54
73
82
92
76
60
85
123
139
138
95
-8
-109
-169
-198
-168
-82
-7
39
70
55
9
-17
-27
-33
-1
43
47
34
15
-26
-58
-53
-42
-38
-16
-12
-44
-76
-104
-149
-182
-179
-168
-135
-73
-25
-1
18
15
-16
-38
-52
-56
-38
-16
-15
-32
-67
-121
-160
-158
-115
-45
23
58
52
15
-27
-48
-35
10
79
132
142
113
44
-43
-101
-103
-51
50
155
204
193
140
68
28
43
96
157
212
224
189
144
93
34
2
2
12
49
114
149
148
136
85
16
-4
16
43
95
139
122
82
43
-12
-47
-39
-22
0
36
57
50
42
23
-4
-16
-2
17
34
50
32
-9
-45
-85
-126
-134
-133
-144
-134
-121
-146
-156
-154
-185
-190
-151
-140
-136
-116
-147
-197
-205
-216
-233
-215
-205
-228
-238
-232
-236
-232
-217
-222
-246
-253
-246
-253
-235
-196
-187
-179
-152
-153
-160
-134
-120
-117
-91
-96
-141
-193
-252
-296
-294
-253
-194
-147
-127
-115
-108
-86
-15
66
123
185
220
215
236
257
239
233
230
194
197
233
247
268
286
264
256
288
331
402
491
551
581
590
571
541
515
493
469
447
433
412
379
352
320
281
273
286
294
325
353
337
308
278
231
198
188
160
123
85
39
-2
-28
-38
-43
-66
-95
-125
-167
-197
-211
-246
-284
-298
-320
-347
-357
-389
-445
-482
-525
-559
-541
-501
-485
-474
-479
-498
-488
-452
-422
-400
-410
-472
-554
-637
-702
-712
-691
-666
-619
-580
-602
-650
-684
-731
-748
-670
-557
-491
-433
-397
-463
-527
-489
-469
-497
-468
-488
-619
-672
-651
-679
-658
-586
-597
-582
-428
-268
-142
-18
24
23
139
437
891
1437
1900
2057
1882
1554
1209
916
809
846
828
773
722
548
362
350
375
392
579
868
1109
1358
1544
1498
1295
1088
888
707
632
624
526
331
135
-77
-283
-380
-386
-368
-286
-145
-6
96
130
112
48
-56
-96
-53
-47
-58
-51
-149
-298
-342
-380
-433
-366
-250
-136
103
365
427
350
198
-69
-265
-212
-51
105
284
316
123
-20
-13
3
106
308
383
363
396
352
184
28
-133
-347
-493
-503
-455
-431
-451
-538
-705
-840
-829
-739
-648
-520
-433
-467
-543
-632
-775
-942
-1109
-1250
-1315
-1302
-1240
-1180
-1185
-1224
-1231
-1229
-1190
-1075
-952
-862
-757
-665
-638
-649
-708
-858
-1008
-1052
-1039
-1009
-915
-834
-882
-935
-877
-809
-723
-520
-276
115
981
2178
3120
3583
3586
3010
2069
1371
1074
987
1139
1307
974
305
-124
-361
-519
-299
215
653
1122
1704
2032
2031
1954
1715
1239
890
853
849
760
631
282
-277
-712
-947
-1089
-1022
-757
-536
-358
-123
56
128
155
91
-39
-69
19
101
140
117
-61
-348
-581
-725
-820
-801
-690
-620
-536
-355
-189
-94
13
74
46
69
164
243
316
375
313
162
54
-6
-50
-45
-6
19
48
105
169
227
283
312
301
323
457
609
635
537
339
31
-228
-293
-267
-202
-55
4
-111
-188
-188
-229
-234
-165
-147
-155
-104
-79
-143
-235
-318
-435
-569
-619
-589
-607
-663
-673
-713
-771
-720
-636
-632
-594
-483
-415
-383
-341
-345
-424
-496
-518
-541
-591
-605
-611
-706
-810
-807
-801
-869
-938
-1016
-1139
-1170
-1016
-808
-683
-660
-748
-933
-1082
-1066
-934
-804
-732
-763
-908
-1084
-1185
-1200
-1116
-686
376
1826
2984
3529
3523
2917
1957
1288
1067
1050
1296
1565
1209
462
32
-253
-597
-549
-155
188
747
1617
2199
2366
2441
2266
1737
1351
1335
1364
1287
1156
816
252
-230
-541
-834
-1007
-927
-759
-571
-263
67
257
291
206
74
0
6
68
107
18
-168
-385
-636
-872
-1049
-1214
-1325
-1312
-1206
-995
-710
-489
-353
-242
-193
-159
-38
115
240
362
417
355
248
131
4
-82
-88
-31
70
189
290
337
304
226
181
199
275
427
603
669
592
437
207
-23
-123
-125
-105
-34
36
-22
-140
-227
-333
-418
-397
-334
-291
-242
-224
-293
-410
-504
-564
-605
-606
-523
-433
-409
-414
-489
-666
-786
-758
-705
-630
-470
-367
-401
-457
-488
-522
-516
-445
-381
-364
-356
-363
-425
-533
-616
-694
-822
-934
-927
-838
-773
-696
-582
-572
-664
-689
-676
-701
-679
-666
-789
-864
-812
-823
-869
-896
-1066
-1312
-1308
-797
396
1977
3156
3577
3414
2722
1815
1289
1189
1221
1355
1335
806
136
-228
-530
-850
-795
-432
-62
553
1464
2106
2325
2373
2137
1621
1326
1332
1262
1135
1027
687
136
-289
-595
-953
-1203
-1192
-1055
-831
-437
-20
194
241
218
89
-28
30
148
168
125
8
-281
-654
-974
-1253
-1468
-1519
-1408
-1218
-947
-615
-374
-288
-247
-197
-164
-73
118
285
377
403
305
110
-38
-109
-158
-117
62
284
467
608
683
639
519
414
349
394
571
705
673
556
369
111
-20
25
75
159
303
337
265
246
219
111
45
-4
-136
-258
-299
-369
-500
-569
-567
-579
-554
-410
-243
-180
-199
-277
-447
-586
-590
-559
-565
-531
-482
-535
-644
-707
-761
-835
-848
-797
-764
-717
-635
-623
-682
-700
-727
-850
-952
-949
-945
-957
-903
-850
-885
-960
-983
-913
-770
-626
-536
-529
-605
-656
-611
-575
-623
-727
-984
-1420
-1723
-1756
-1599
-867
733
2408
3349
3754
3684
2862
1905
1512
1353
1345
1758
1833
1027
234
-180
-810
-1267
-921
-356
83
900
1842
2249
2383
2480
2140
1563
1401
1504
1476
1510
1537
1074
284
-361
-924
-1428
-1554
-1344
-1060
-660
-169
155
267
299
235
90
65
227
401
485
455
210
-245
-706
-1096
-1417
-1520
-1397
-1231
-1007
-681
-443
-364
-332
-351
-391
-290
-53
192
422
586
555
339
82
-120
-226
-191
-41
149
340
493
539
490
409
327
313
416
547
630
646
496
214
-9
-128
-151
-14
158
204
236
300
289
242
216
113
-62
-223
-377
-515
-612
-693
-772
-827
-817
-708
-571
-484
-434
-432
-488
-516
-493
-485
-475
-460
-512
-612
-700
-770
-812
-835
-866
-884
-847
-790
-746
-687
-621
-610
-666
-701
-685
-665
-633
-598
-675
-839
-899
-857
-847
-823
-753
-727
-679
-515
-392
-392
-365
-350
-493
-642
-666
-732
-922
-1084
-1207
-1366
-1409
-1178
-550
661
2198
3276
3585
3440
2902
2108
1657
1636
1688
1800
1737
1039
158
-292
-600
-861
-656
-169
241
810
1565
2045
2177
2199
2045
1707
1563
1736
1808
1631
1411
980
255
-320
-630
-976
-1214
-1121
-959
-813
-491
-146
-21
-3
42
43
55
234
434
394
188
-57
-437
-834
-1012
-1102
-1206
-1197
-1133
-1128
-1071
-914
-774
-651
-489
-296
-108
48
209
338
323
245
198
123
55
100
158
147
167
214
253
349
484
539
510
465
409
344
305
284
246
187
97
-8
-55
-37
1
113
268
328
328
318
222
90
2
-147
-362
-534
-700
-869
-927
-888
-832
-770
-716
-691
-675
-636
-561
-475
-421
-394
-393
-417
-416
-418
-493
-610
-717
-810
-886
-946
-985
-996
-1005
-1013
-978
-901
-769
-599
-512
-510
-444
-363
-381
-400
-355
-343
-385
-419
-426
-384
-291
-214
-229
-297
-315
-341
-459
-588
-698
-873
-1059
-1143
-1121
-957
-579
159
1349
2569
3246
3411
3220
2608
1964
1734
1675
1655
1764
1503
622
-165
-535
-865
-986
-581
-69
272
787
1435
1766
1842
1912
1778
1452
1382
1539
1495
1310
1124
635
-124
-671
-956
-1228
-1351
-1191
-979
-796
-495
-176
-30
23
77
62
43
181
364
387
260
47
-253
-570
-780
-892
-969
-1008
-1005
-951
-845
-695
-539
-424
-353
-291
-197
-70
85
237
306
273
189
120
78
54
85
179
282
401
578
699
640
483
270
-7
-167
-128
-59
-11
84
100
-7
-39
32
100
192
352
512
623
714
736
589
309
0
-317
-633
-823
-870
-896
-907
-871
-833
-798
-709
-567
-414
-249
-103
-14
7
-21
-47
-108
-263
-446
-603
-773
-961
-1075
-1114
-1125
-1099
-1085
-1119
-1173
-1239
-1310
-1257
-1004
-716
-464
-223
-111
-150
-224
-331
-495
-549
-498
-545
-599
-524
-480
-580
-697
-759
-834
-870
-826
-822
-906
-930
-809
-692
-447
408
1771
2913
3496
3666
3302
2468
1830
1587
1429
1504
1766
1457
562
-36
-380
-895
-1048
-610
-181
242
1060
1818
2061
2141
2137
1763
1344
1340
1474
1402
1320
1154
567
-168
-631
-976
-1307
-1336
-1134
-969
-709
-309
-34
76
151
131
48
114
272
360
394
311
19
-345
-645
-930
-1101
-1063
-1026
-1029
-879
-703
-675
-597
-427
-386
-356
-184
-75
-40
107
215
129
55
66
17
-29
58
175
218
271
399
531
626
719
762
645
402
162
-23
-131
-103
36
145
193
249
257
167
120
240
395
507
658
726
553
250
-69
-432
-722
-806
-802
-804
-732
-627
-603
-624
-587
-533
-503
-422
-302
-224
-180
-124
-119
-208
-313
-413
-562
-774
-996
-1143
-1197
-1172
-1092
-1050
-1096
-1132
-1118
-1108
-1046
-892
-759
-654
-519
-403
-312
-244
-304
-453
-531
-555
-524
-367
-277
-404
-544
-630
-759
-788
-655
-629
-715
-663
-593
-640
-581
-345
124
1126
2406
3199
3462
3472
2961
2123
1667
1537
1472
1646
1649
954
221
-71
-456
-819
-600
-174
76
578
1315
1703
1825
1944
1782
1382
1290
1491
1498
1363
1228
750
-25
-581
-877
-1152
-1267
-1134
-996
-836
-521
-210
-61
-22
-4
-6
45
227
430
495
389
146
-216
-555
-740
-841
-881
-852
-846
-854
-791
-726
-704
-606
-473
-396
-256
-49
71
108
137
103
4
-31
2
29
95
226
341
396
474
564
579
574
570
496
386
306
217
112
82
88
73
79
90
80
90
142
232
376
530
593
549
409
181
-80
-308
-453
-532
-597
-655
-698
-726
-707
-641
-599
-569
-487
-423
-412
-336
-208
-145
-134
-132
-217
-392
-543
-689
-843
-872
-814
-850
-905
-874
-937
-1098
-1148
-1138
-1115
-927
-632
-402
-204
-86
-177
-351
-476
-574
-612
-531
-332
-127
-91
-199
-315
-498
-702
-716
-633
-576
-403
-197
-149
-139
-110
-209
-340
-329
-235
-50
446
1320
2217
2731
2865
2727
2259
1685
1376
1253
1193
1292
1295
916
501
343
147
-129
-150
26
172
481
1035
1451
1607
1694
1572
1157
856
831
778
668
624
442
63
-254
-462
-699
-873
-871
-794
-665
-383
-67
89
137
126
6
-99
-68
-7
55
163
156
-19
-186
-353
-602
-779
-823
-867
-853
-668
-472
-393
-317
-253
-320
-362
-218
-36
109
340
566
601
559
595
616
552
502
462
311
120
44
-29
-191
-218
-74
-33
-20
157
253
147
121
187
183
290
539
625
515
413
273
9
-223
-344
-478
-633
-669
-605
-573
-509
-392
-409
-530
-509
-351
-207
-45
107
90
-65
-219
-346
-460
-501
-472
-487
-585
-657
-686
-770
-887
-949
-1012
-1107
-1124
-1044
-970
-911
-785
-635
-581
-580
-512
-455
-486
-450
-313
-254
-224
-117
-132
-313
-376
-342
-456
-579
-550
-564
-636
-521
-284
-150
-28
128
117
-2
15
96
124
276
577
880
1312
1922
2355
2442
2346
2045
1552
1228
1193
1234
1335
1445
1263
839
551
380
161
110
284
411
527
833
1089
1076
1025
949
672
453
542
672
667
674
565
193
-176
-357
-489
-585
-544
-479
-507
-516
-451
-420
-445
-424
-344
-251
-107
84
205
193
86
-78
-253
-365
-393
-395
-415
-468
-542
-593
-586
-533
-442
-303
-179
-89
77
300
449
587
767
801
672
582
459
219
79
58
-60
-173
-118
-95
-174
-121
9
7
5
131
216
255
391
478
371
256
223
94
-106
-200
-261
-375
-423
-401
-445
-509
-514
-545
-593
-509
-299
-119
-12
50
24
-107
-234
-296
-349
-385
-376
-429
-559
-647
-705
-802
-877
-937
-1051
-1166
-1229
-1231
-1092
-862
-718
-640
-590
-655
-718
-565
-336
-172
0
79
-47
-157
-153
-233
-339
-294
-269
-394
-447
-399
-475
-604
-586
-538
-532
-368
-93
47
135
307
401
412
586
885
1157
1566
2114
2435
2463
2411
2208
1798
1483
1362
1251
1173
1148
952
636
481
415
290
267
385
454
513
697
875
951
1021
1027
861
682
645
615
536
512
468
279
49
-114
-291
-458
-517
-545
-620
-626
-535
-502
-528
-499
-456
-425
-303
-110
30
135
190
99
-54
-120
-135
-168
-207
-296
-433
-530
-591
-639
-605
-502
-432
-369
-234
-43
178
407
579
681
746
755
678
568
461
332
178
51
-5
-27
-76
-163
-245
-290
-272
-182
-48
88
192
227
186
124
94
51
-57
-179
-259
-301
-302
-275
-294
-391
-518
-663
-778
-736
-537
-346
-231
-153
-140
-180
-208
-244
-303
-334
-355
-418
-477
-487
-484
-527
-648
-831
-996
-1097
-1122
-1040
-880
-719
-575
-483
-512
-599
-627
-600
-545
-396
-174
-25
-6
-36
-97
-215
-296
-312
-386
-469
-430
-400
-475
-467
-361
-357
-403
-362
-314
-279
-122
113
317
636
1194
1782
2199
2523
2722
2614
2333
2148
2023
1934
1999
2015
1723
1317
988
612
257
118
85
2
-6
104
212
347
547
620
486
382
394
406
491
692
776
671
531
349
114
8
3
-106
-271
-369
-473
-591
-616
-604
-671
-764
-822
-862
-832
-658
-427
-262
-145
-40
22
67
131
179
174
134
78
13
-41
-70
-87
-135
-213
-264
-266
-215
-81
99
248
355
425
427
399
387
363
334
318
281
233
193
126
32
-51
-135
-201
-198
-142
-52
63
140
148
114
49
-44
-143
-239
-315
-345
-350
-348
-370
-446
-557
-667
-775
-837
-795
-669
-514
-365
-266
-234
-244
-279
-326
-352
-329
-269
-209
-172
-164
-215
-347
-542
-745
-912
-1007
-1018
-952
-831
-710
-612
-530
-472
-447
-442
-441
-423
-336
-177
0
145
233
241
161
47
-30
-59
-75
-83
-77
-82
-98
-94
-92
-119
-148
-155
-144
-87
48
217
362
497
688
923
1142
1350
1540
1635
1643
1664
1700
1721
1782
1850
1796
1653
1547
1452
1333
1270
1246
1118
917
731
493
204
26
-45
-138
-209
-200
-242
-361
-450
-517
-593
-588
-496
-420
-330
-169
-19
31
18
-27
-120
-217
-259
-256
-236
-198
-170
-190
-237
-248
-221
-199
-187
-170
-168
-193
-222
-251
-299
-347
-387
-444
-502
-509
-471
-439
-424
-426
-435
-414
-326
-172
10
172
268
273
213
136
66
10
-33
-69
-93
-88
-72
-77
-82
-87
-123
-159
-154
-122
-71
7
70
84
84
76
43
10
-2
-5
-7
-11
-19
-26
-35
-38
-20
8
27
52
85
111
139
183
201
180
162
153
135
137
156
142
83
2
-102
-211
-291
-347
-388
-404
-408
-422
-431
-437
-459
-498
-511
-478
-399
-289
-184
-113
-81
-71
-87
-106
-91
-38
6
25
29
5
-42
-71
-65
-47
-17
53
150
246
343
429
473
492
505
487
452
450
475
489
497
495
471
427
377
334
305
308
347
404
446
469
477
446
369
266
148
44
-16
-36
-34
-23
-28
-69
-135
-195
-213
-171
-88
21
153
260
311
315
276
195
97
8
-62
-107
-135
-169
-231
-301
-355
-397
-425
-412
-351
-260
-148
-22
76
118
114
79
31
-1
12
64
114
128
101
28
-74
-153
-200
-222
-196
-110
-4
92
181
244
256
231
190
140
93
67
67
68
59
36
-4
-55
-98
-138
-189
-224
-211
-163
-110
-52
0
16
-3
-24
-20
11
51
68
52
22
-8
-31
-47
-50
-39
-36
-49
-47
-23
-3
8
4
-33
-90
-121
-120
-88
-29
15
6
-43
-121
-216
-293
-336
-354
-359
-359
-359
-345
-320
-308
-298
-275
-244
-195
-113
-19
56
108
135
141
145
161
181
174
140
90
28
-23
-35
-16
8
51
119
185
243
290
302
265
198
127
76
82
125
159
170
167
146
123
118
113
110
128
163
206
268
338
366
334
264
170
88
62
68
71
72
66
33
-10
-50
-99
-138
-145
-111
-32
89
186
207
169
95
1
-74
-112
-143
-166
-180
-203
-238
-254
-260
-282
-298
-279
-226
-151
-58
23
64
82
79
47
3
-24
-44
-70
-93
-107
-130
-170
-222
-285
-330
-325
-275
-214
-132
-24
74
133
158
162
153
159
186
211
234
263
274
246
203
170
138
100
67
47
45
65
90
99
89
79
79
70
46
29
22
8
1
21
52
72
75
56
31
36
67
87
92
98
89
56
30
26
42
66
83
71
49
33
1
-60
-133
-205
-281
-352
-400
-420
-413
-389
-371
-363
-351
-326
-292
-253
-202
-137
-68
-12
36
79
104
104
87
57
23
0
-13
-14
1
32
54
62
69
82
86
70
48
31
19
12
10
15
30
61
93
121
160
196
211
204
203
226
271
315
336
326
293
240
178
122
78
40
12
-12
-44
-79
-110
-144
-178
-189
-169
-131
-76
-15
14
9
1
-15
-34
-38
-30
-36
-52
-58
-60
-69
-78
-95
-120
-123
-95
-53
-10
38
79
82
54
12
-35
-85
-127
-173
-214
-219
-196
-181
-175
-160
-146
-132
-107
-74
-32
31
94
125
134
145
146
128
107
88
61
39
32
32
46
74
94
95
92
90
80
59
35
12
-12
-30
-32
-20
-13
-20
-35
-56
-73
-53
-6
41
84
117
127
123
123
116
105
94
73
35
-9
-45
-60
-59
-64
-73
-78
-84
-94
-85
-65
-53
-50
-60
-95
-133
-148
-154
-158
-144
-118
-105
-99
-89
-104
-134
-144
-132
-102
-41
37
84
99
84
39
-11
-25
-5
34
101
178
224
244
245
223
184
150
121
94
84
86
79
62
46
23
-12
-31
-21
8
49
97
128
137
138
137
124
111
108
98
78
64
53
28
-5
-43
-91
-134
-146
-137
-115
-76
-40
-24
-19
-21
-39
-62
-68
-59
-40
-10
16
10
-19
-58
-102
-136
-143
-136
-127
-105
-78
-64
-53
-36
-23
-12
8
29
42
56
52
20
-23
-57
-84
-100
-106
-113
-118
-111
-86
-54
-23
0
5
-7
-18
-10
12
38
57
52
29
5
-11
-17
-3
27
55
78
103
120
123
116
91
59
44
52
71
97
118
110
76
37
7
-4
19
62
102
134
155
156
143
127
109
82
49
10
-29
-52
-60
-65
-78
-95
-116
-134
-135
-119
-94
-59
-33
-30
-37
-45
-56
-64
-67
-73
-78
-65
-48
-44
-46
-57
-86
-111
-107
-86
-56
-18
2
-6
-26
-43
-55
-49
-18
29
74
119
159
181
186
185
181
172
162
150
127
95
65
35
2
-25
-27
-23
-24
-19
-9
-5
8
37
56
66
76
72
40
11
-6
-25
-44
-55
-73
-101
-120
-135
-157
-172
-167
-151
-135
-114
-94
-83
-75
-63
-52
-35
-5
28
52
67
74
70
43
3
-33
-56
-61
-42
-11
12
34
57
70
79
90
78
43
10
-13
-29
-36
-47
-76
-112
-147
-180
-196
-181
-157
-134
-109
-82
-53
-20
5
13
15
27
47
77
116
147
155
148
130
108
105
121
139
155
165
159
142
119
94
69
54
50
51
60
64
58
40
8
-29
-53
-57
-49
-26
6
27
33
27
5
-23
-50
-70
-81
-77
-52
-20
1
16
25
22
8
-11
-33
-53
-63
-70
-76
-84
-93
-111
-140
-172
-191
-196
-184
-158
-126
-95
-65
-32
-4
21
43
53
53
49
49
56
68
78
79
77
77
77
74
70
58
32
-3
-36
-67
-87
-95
-100
-94
-77
-52
-31
-13
2
18
39
65
92
112
117
105
85
59
41
32
22
9
5
12
19
28
39
38
30
33
35
30
31
32
14
-12
-21
-18
-3
31
62
67
61
58
45
30
39
62
74
79
81
65
40
27
14
-11
-31
-38
-60
-97
-125
-149
-183
-205
-207
-208
-205
-179
-148
-128
-99
-60
-32
-8
33
73
103
135
161
165
156
146
127
96
70
41
-2
-38
-56
-62
-62
-55
-56
-65
-70
-69
-60
-34
1
28
55
81
96
99
99
88
72
70
75
74
73
66
40
4
-21
-36
-46
-47
-44
-49
-51
-38
-21
-10
4
22
39
55
73
82
76
54
18
-23
-52
-61
-52
-36
-25
-22
-33
-59
-92
-117
-132
-133
-111
-74
-42
-25
-21
-33
-54
-65
-61
-45
-19
14
38
52
65
73
71
62
55
46
43
46
45
33
20
11
4
7
23
42
55
65
66
57
45
34
16
-2
-7
-8
-12
-14
-17
-29
-38
-32
-18
2
25
38
41
46
56
60
53
39
17
-10
-31
-38
-35
-32
-36
-51
-71
-91
-99
-97
-91
-78
-54
-23
7
42
69
75
66
54
41
31
33
36
32
21
3
-28
-64
-95
-119
-133
-131
-113
-87
-58
-31
-16
-12
-13
-7
13
50
100
149
179
184
166
130
92
62
36
28
25
26
23
15
-3
-35
-63
-87
-94
-75
-33
8
39
67
79
72
62
53
37
21
16
13
8
10
9
-9
-34
-50
-59
-58
-39
-19
-9
-9
-16
-31
-48
-52
-44
-33
-21
-8
-5
-14
-30
-53
-83
-109
-117
-112
-97
-72
-47
-35
-34
-35
-38
-39
-33
-23
-12
5
29
51
64
72
70
55
40
37
44
57
70
81
84
85
91
96
91
87
86
80
81
95
112
118
111
92
60
30
11
-3
-18
-31
-45
-65
-81
-86
-85
-86
-86
-84
-85
-85
-81
-82
-87
-77
-58
-36
-6
28
45
42
34
24
15
15
24
20
9
-1
-16
-36
-48
-53
-61
-66
-53
-29
-2
26
42
39
28
24
22
17
14
6
-15
-39
-49
-55
-63
-70
-77
-88
-92
-74
-52
-35
-20
-13
-17
-20
-8
6
18
31
44
57
75
94
103
97
83
67
57
60
69
70
56
24
-19
-59
-84
-86
-72
-45
-8
30
68
98
113
111
94
75
59
53
58
60
50
30
0
-33
-57
-69
-69
-60
-45
-30
-19
-11
-3
4
13
26
36
42
39
26
2
-26
-54
-79
-101
-117
-125
-127
-124
-116
-104
-94
-76
-53
-27
4
33
54
66
72
77
81
85
86
79
62
35
4
-23
-42
-46
-38
-25
-12
2
11
17
24
35
45
53
58
57
50
44
38
27
13
-3
-20
-34
-44
-51
-57
-61
-68
-73
-69
-54
-38
-22
-13
-13
-14
-7
4
14
24
26
16
6
3
4
10
19
22
16
13
14
12
9
5
-1
-9
-5
11
29
46
54
49
33
23
23
26
32
36
33
25
17
10
1
-9
-22
-39
-54
-58
-56
-54
-58
-69
-84
-96
-96
-84
-58
-24
12
40
62
81
91
96
94
83
66
53
41
31
21
9
-10
-37
-63
-88
-101
-96
-78
-50
-16
20
47
64
70
66
58
47
38
30
26
23
18
7
-8
-28
-51
-69
-79
-82
-80
-78
-78
-77
-72
-62
-53
-41
-32
-27
-23
-18
-12
-2
3
4
4
6
11
20
27
29
29
30
34
44
60
72
78
83
85
90
97
101
95
78
56
34
14
-1
-12
-24
-36
-43
-43
-41
-38
-41
-48
-55
-55
-40
-18
3
13
9
-8
-30
-45
-55
-60
-58
-54
-43
-37
-35
-42
-61
-85
-100
-100
-83
-51
-20
-2
8
17
28
42
60
77
85
91
96
100
98
91
70
35
3
-15
-25
-26
-26
-29
-34
-36
-25
-11
3
17
24
26
28
37
46
48
44
37
31
28
29
30
23
12
-2
-18
-26
-27
-29
-36
-41
-42
-38
-28
-13
2
15
29
44
58
69
78
78
72
71
74
77
74
65
46
21
-2
-20
-37
-50
-58
-62
-60
-54
-47
-44
-46
-50
-56
-59
-55
-48
-45
-42
-35
-25
-13
4
16
20
18
11
2
-3
-4
-5
-9
-15
-21
-30
-39
-43
-46
-44
-35
-19
0
18
34
43
46
51
58
65
72
79
82
81
77
68
57
45
35
30
33
44
57
65
65
58
42
23
4
-11
-23
-28
-26
-19
-11
-9
-16
-32
-51
-65
-72
-66
-52
-37
-25
-16
-9
-5
-6
-12
-22
-31
-34
-28
-13
-1
6
5
-5
-16
-24
-26
-22
-14
-5
8
23
39
54
61
61
55
50
47
45
44
39
26
8
-12
-31
-45
-57
-68
-73
-67
-50
-30
-8
6
12
11
8
11
17
25
32
34
33
33
35
36
37
36
31
29
27
22
12
-6
-30
-56
-76
-83
-78
-64
-53
-45
-43
-44
-44
-36
-24
-8
14
31
43
49
48
37
16
-7
-29
-44
-48
-44
-34
-26
-21
-23
-31
-44
-51
-59
-67
-67
-65
-60
-49
-39
-38
-40
-44
-52
-50
-39
-25
-10
3
5
-1
-4
-9
-11
-4
-2
-1
3
-2
-11
-19
-29
-39
-40
-37
-33
-26
-20
-21
-19
-18
-21
-20
-24
-30
-31
-30
-27
-17
-6
-4
2
7
8
9
9
-5
-19
-30
-43
-42
-32
-27
-24
-25
-33
-37
-37
-38
-38
-36
-34
-17
16
44
69
88
79
64
68
77
102
146
170
174
183
184
185
199
207
202
190
173
151
134
120
102
85
61
39
32
27
13
-7
-39
-82
-112
-121
-120
-109
-104
-118
-141
-154
-155
-135
-96
-66
-43
-34
-36
-43
-37
-26
-13
3
11
13
11
5
0
-9
-22
-29
-29
-26
-22
-17
-22
-28
-38
-54
-59
-53
-40
-25
-13
-9
-9
0
17
35
59
79
76
56
31
6
-7
-5
-1
-5
-9
-17
-25
-31
-31
-29
-29
-26
-13
5
26
46
54
48
40
44
54
68
82
87
76
60
46
33
25
27
23
14
7
6
4
-7
-17
-33
-47
-53
-51
-50
-53
-54
-61
-68
-62
-44
-27
-14
-5
2
8
26
50
71
86
99
105
104
105
107
107
106
104
97
85
73
55
29
7
-4
-7
-6
-3
-10
-26
-44
-64
-81
-85
-72
-53
-32
-19
-19
-33
-54
-72
-74
-59
-26
5
17
11
-5
-18
-23
-11
8
24
37
43
41
43
49
55
55
55
64
74
88
99
94
77
59
47
41
47
53
46
18
-22
-66
-94
-102
-96
-88
-83
-94
-117
-140
-155
-153
-129
-88
-51
-23
-7
2
9
20
36
57
74
84
86
83
83
83
72
47
21
-1
-6
8
30
45
37
10
-29
-53
-46
-11
32
59
55
28
-7
-26
-20
3
28
39
25
-3
-25
-27
-13
7
15
3
-24
-54
-69
-63
-40
-15
-7
-23
-50
-78
-92
-90
-81
-77
-85
-104
-126
-142
-146
-140
-141
-150
-163
-174
-180
-179
-179
-187
-203
-220
-237
-242
-234
-224
-222
-232
-247
-257
-258
-243
-219
-195
-180
-175
-181
-190
-190
-176
-158
-137
-116
-107
-107
-110
-109
-99
-78
-51
-26
-12
-2
8
17
28
46
61
71
81
96
118
146
183
214
238
262
292
322
356
393
427
457
484
511
530
547
559
566
572
592
618
633
634
623
601
579
570
570
565
546
508
446
376
316
268
225
177
127
72
16
-37
-90
-148
-204
-246
-286
-315
-327
-337
-364
-411
-461
-506
-528
-518
-498
-487
-488
-507
-553
-612
-654
-674
-680
-672
-665
-688
-741
-802
-879
-962
-1002
-985
-966
-974
-1005
-1074
-1182
-1273
-1292
-1249
-1171
-1084
-1059
-1146
-1287
-1384
-1415
-1376
-1240
-1068
-974
-992
-1089
-1233
-1352
-1318
-1088
-718
-254
228
554
615
523
494
676
1147
1875
2628
3117
3209
2971
2599
2397
2586
3081
3560
3756
3554
2994
2303
1779
1573
1617
1712
1633
1246
617
-33
-528
-833
-967
-993
-1033
-1169
-1388
-1623
-1815
-1915
-1907
-1804
-1614
-1354
-1100
-937
-870
-837
-751
-552
-218
200
596
868
963
916
857
923
1140
1426
1658
1744
1640
1392
1120
939
912
1006
1100
1064
859
540
201
-68
-190
-170
-91
-64
-165
-397
-684
-908
-983
-904
-730
-556
-479
-547
-718
-887
-943
-841
-625
-396
-263
-271
-402
-580
-696
-684
-566
-419
-340
-392
-569
-783
-936
-1001
-994
-963
-973
-1075
-1255
-1447
-1592
-1647
-1617
-1583
-1598
-1631
-1651
-1677
-1698
-1671
-1597
-1507
-1401
-1300
-1258
-1242
-1198
-1151
-1116
-1038
-908
-826
-861
-946
-877
-424
352
1018
1201
981
669
529
813
1654
2793
3661
3765
3030
1989
1505
2001
3070
4001
4346
3915
2801
1580
971
1235
2033
2699
2628
1724
542
-289
-608
-539
-213
93
10
-516
-1157
-1573
-1645
-1479
-1305
-1241
-1175
-1024
-916
-955
-1025
-983
-839
-636
-335
71
443
581
413
134
75
386
894
1307
1461
1336
989
588
385
539
936
1236
1157
715
186
-168
-279
-220
-84
6
-92
-415
-803
-1043
-1050
-904
-751
-667
-618
-573
-568
-617
-630
-523
-333
-130
62
230
325
314
228
174
265
499
739
834
745
536
285
102
73
171
242
140
-164
-553
-853
-970
-960
-944
-1001
-1165
-1427
-1706
-1854
-1807
-1669
-1602
-1656
-1763
-1829
-1813
-1734
-1642
-1573
-1505
-1429
-1363
-1293
-1154
-993
-946
-1024
-1068
-984
-829
-673
-571
-580
-675
-743
-751
-713
-593
-488
-607
-814
-611
107
811
1049
880
535
245
344
1025
2068
3012
3346
2777
1730
1205
1717
2788
3695
4065
3726
2773
1781
1379
1713
2443
2961
2702
1687
619
78
13
148
315
297
-101
-758
-1331
-1577
-1477
-1249
-1197
-1354
-1465
-1411
-1351
-1374
-1375
-1270
-1083
-848
-578
-296
-68
-6
-120
-195
16
474
902
1086
1023
851
717
715
869
1138
1363
1318
970
572
400
468
594
620
500
266
-23
-288
-415
-350
-203
-170
-323
-530
-634
-620
-554
-471
-372
-287
-269
-314
-341
-277
-138
-4
79
141
212
245
194
118
124
208
272
256
174
37
-157
-383
-572
-635
-567
-518
-646
-925
-1187
-1354
-1451
-1461
-1373
-1272
-1288
-1464
-1693
-1801
-1706
-1515
-1393
-1361
-1344
-1337
-1370
-1392
-1313
-1130
-940
-838
-831
-853
-846
-819
-794
-739
-609
-445
-377
-458
-577
-630
-651
-683
-701
-719
-711
-469
95
615
691
406
112
53
404
1223
2182
2811
2885
2430
1760
1553
2244
3369
4119
4195
3698
2834
2094
1993
2470
3019
3216
2816
1852
856
405
448
578
607
428
-89
-795
-1328
-1549
-1531
-1382
-1296
-1427
-1645
-1761
-1822
-1880
-1819
-1585
-1287
-1017
-827
-754
-738
-676
-543
-308
77
489
682
610
454
387
493
762
1041
1156
1071
841
551
378
464
679
757
612
339
42
-169
-212
-133
-59
-62
-175
-395
-602
-649
-555
-458
-400
-352
-340
-394
-451
-455
-396
-277
-122
5
81
125
105
8
-60
7
165
288
326
254
58
-181
-329
-326
-203
-68
-87
-333
-677
-927
-1021
-975
-838
-720
-760
-968
-1240
-1447
-1481
-1346
-1181
-1106
-1118
-1183
-1288
-1376
-1354
-1210
-1024
-878
-799
-780
-799
-848
-892
-853
-684
-470
-342
-333
-390
-456
-505
-509
-477
-445
-411
-389
-441
-518
-388
50
498
602
413
244
284
562
1066
1668
2135
2271
2004
1547
1418
1921
2703
3186
3190
2842
2292
1800
1683
1975
2394
2587
2298
1566
839
532
571
650
638
484
89
-479
-957
-1160
-1102
-950
-914
-1066
-1270
-1423
-1568
-1660
-1556
-1270
-996
-855
-833
-873
-902
-858
-708
-443
-95
184
238
119
18
64
249
509
750
862
799
610
425
391
543
740
803
693
498
294
124
42
83
193
248
163
-20
-178
-231
-215
-196
-167
-93
-26
-52
-148
-216
-212
-158
-92
-26
35
75
42
-76
-163
-98
57
143
115
33
-67
-173
-233
-213
-141
-96
-180
-411
-659
-763
-726
-667
-656
-704
-821
-1003
-1185
-1287
-1268
-1179
-1128
-1185
-1299
-1385
-1410
-1391
-1330
-1213
-1085
-1011
-1009
-1030
-1010
-939
-854
-766
-644
-504
-435
-462
-497
-467
-397
-336
-300
-310
-350
-376
-393
-410
-297
59
452
558
395
231
248
489
947
1494
1907
2058
1908
1558
1394
1755
2426
2906
2995
2783
2366
1935
1788
1981
2279
2428
2236
1669
1023
668
595
560
487
352
45
-420
-822
-1015
-1030
-964
-957
-1094
-1277
-1374
-1426
-1469
-1403
-1195
-985
-884
-864
-857
-810
-697
-530
-316
-66
134
174
101
74
169
349
538
675
724
681
560
421
399
550
727
736
599
430
283
196
218
341
466
491
355
108
-63
-32
98
166
167
138
56
-74
-161
-145
-61
9
-7
-104
-181
-160
-117
-144
-198
-209
-200
-220
-265
-315
-364
-401
-430
-445
-426
-391
-429
-568
-697
-724
-678
-620
-586
-614
-712
-828
-907
-925
-860
-751
-728
-837
-968
-1018
-1000
-947
-881
-847
-865
-908
-958
-988
-961
-894
-869
-876
-858
-824
-813
-822
-842
-858
-821
-733
-670
-663
-684
-726
-768
-771
-693
-456
-35
340
395
211
114
255
611
1161
1749
2111
2119
1843
1515
1529
2073
2782
3144
3063
2695
2182
1791
1803
2139
2442
2460
2081
1390
774
568
636
687
634
427
-18
-551
-888
-956
-862
-727
-706
-879
-1099
-1211
-1247
-1216
-1036
-767
-594
-572
-618
-654
-612
-461
-250
-31
174
277
218
107
105
223
382
527
599
567
463
340
258
301
467
592
545
383
212
77
15
77
220
322
289
106
-135
-267
-219
-87
5
30
-18
-164
-347
-418
-323
-162
-65
-104
-243
-373
-418
-397
-345
-256
-173
-192
-322
-440
-447
-365
-270
-205
-181
-198
-253
-340
-409
-377
-253
-166
-193
-289
-385
-464
-523
-538
-519
-492
-504
-602
-771
-915
-959
-950
-938
-929
-944
-1017
-1125
-1211
-1256
-1259
-1228
-1210
-1227
-1228
-1184
-1129
-1086
-1043
-1003
-959
-894
-819
-739
-620
-496
-451
-458
-439
-341
-81
364
766
881
775
688
742
1022
1577
2162
2448
2367
2054
1721
1717
2207
2828
3095
2928
2485
1930
1575
1668
2003
2196
2089
1664
1014
487
365
481
519
404
122
-335
-764
-934
-900
-823
-774
-828
-1028
-1232
-1296
-1273
-1201
-1042
-859
-771
-763
-761
-752
-700
-554
-333
-107
73
146
79
-24
-15
143
375
578
657
584
423
291
271
397
597
705
621
418
235
155
197
319
422
404
258
54
-120
-174
-96
-1
1
-92
-220
-364
-485
-498
-398
-288
-246
-285
-385
-472
-478
-404
-286
-140
-8
5
-102
-189
-168
-84
12
95
123
87
7
-81
-131
-97
-36
-67
-188
-310
-397
-457
-493
-519
-564
-629
-719
-857
-991
-1029
-1020
-1071
-1149
-1182
-1199
-1236
-1269
-1294
-1325
-1321
-1275
-1242
-1189
-1065
-984
-1029
-1071
-991
-853
-735
-613
-523
-517
-530
-489
-423
-329
-183
-4
216
477
672
689
609
641
864
1231
1645
1952
2023
1857
1615
1566
1884
2413
2783
2760
2402
1939
1640
1675
1949
2203
2230
1920
1326
766
555
653
778
737
481
46
-392
-641
-699
-656
-585
-614
-828
-1095
-1225
-1207
-1133
-1027
-926
-888
-883
-864
-832
-763
-624
-456
-321
-210
-110
-66
-75
-56
31
166
310
402
412
371
326
306
351
475
594
594
488
375
329
371
454
500
472
378
243
119
77
133
199
188
100
-38
-179
-269
-275
-228
-189
-202
-296
-447
-561
-568
-503
-419
-343
-315
-369
-482
-566
-547
-423
-260
-157
-159
-213
-272
-317
-309
-220
-96
-47
-105
-205
-282
-311
-310
-324
-352
-387
-467
-599
-726
-793
-819
-846
-890
-961
-1038
-1088
-1128
-1185
-1216
-1195
-1166
-1151
-1121
-1075
-1052
-1022
-948
-862
-770
-664
-606
-624
-636
-557
-413
-262
-134
-107
-182
-156
119
503
772
834
737
627
700
1061
1559
1953
2098
1923
1560
1402
1683
2196
2566
2603
2310
1832
1477
1464
1696
1935
1963
1641
1079
602
435
488
535
460
219
-163
-516
-693
-703
-637
-616
-718
-893
-1019
-1028
-986
-939
-877
-812
-749
-685
-624
-554
-474
-408
-335
-233
-100
23
84
88
94
148
258
379
457
469
416
355
353
426
537
600
564
459
354
326
382
467
521
475
338
195
114
110
157
190
140
9
-128
-209
-232
-203
-171
-210
-314
-420
-489
-503
-466
-412
-388
-406
-440
-476
-503
-485
-423
-365
-336
-327
-337
-375
-419
-428
-396
-343
-293
-294
-353
-434
-505
-544
-543
-507
-487
-534
-634
-738
-814
-833
-796
-753
-749
-793
-868
-950
-982
-922
-819
-760
-774
-843
-903
-880
-770
-634
-526
-481
-506
-574
-606
-545
-416
-283
-204
-197
-265
-354
-317
-38
355
605
611
465
349
423
762
1242
1649
1835
1728
1407
1220
1477
2015
2444
2570
2386
1984
1623
1559
1758
2018
2155
1971
1428
851
591
613
699
724
590
226
-237
-564
-693
-662
-548
-527
-705
-945
-1079
-1115
-1095
-987
-828
-721
-695
-716
-744
-704
-565
-383
-209
-56
43
48
12
43
183
386
577
664
621
519
428
409
513
695
796
716
521
330
224
257
380
460
413
245
5
-188
-217
-104
-14
-51
-195
-392
-562
-622
-562
-459
-386
-398
-509
-649
-697
-623
-504
-400
-337
-341
-400
-448
-441
-369
-242
-115
-59
-90
-158
-226
-256
-216
-119
-42
-56
-166
-321
-452
-498
-461
-419
-433
-524
-683
-853
-962
-977
-938
-916
-959
-1060
-1146
-1162
-1118
-1055
-1007
-999
-1003
-978
-906
-808
-707
-623
-587
-583
-539
-433
-316
-229
-186
-178
-169
-127
-82
-55
51
285
496
553
512
480
514
668
959
1288
1521
1597
1480
1268
1254
1574
1983
2200
2167
1938
1613
1400
1448
1649
1816
1819
1536
1040
662
584
663
698
621
391
15
-331
-493
-499
-414
-340
-418
-648
-846
-895
-848
-752
-598
-465
-439
-475
-500
-487
-389
-209
-25
100
165
181
143
120
191
330
465
555
572
499
389
326
350
431
526
564
477
321
194
129
135
214
309
325
229
66
-107
-198
-152
-38
29
12
-89
-270
-438
-470
-360
-225
-157
-193
-343
-509
-560
-497
-379
-251
-197
-282
-434
-509
-471
-366
-232
-137
-160
-271
-381
-435
-414
-319
-217
-213
-315
-433
-525
-572
-537
-463
-445
-514
-634
-765
-845
-811
-704
-664
-727
-830
-926
-972
-918
-783
-671
-651
-698
-770
-803
-740
-610
-506
-454
-430
-435
-457
-449
-402
-351
-305
-252
-222
-235
-235
-145
42
224
315
317
288
312
464
747
1062
1291
1342
1206
1047
1107
1428
1802
2011
1981
1749
1446
1281
1362
1584
1749
1691
1346
868
538
473
544
584
505
256
-115
-437
-567
-530
-432
-391
-492
-692
-847
-875
-806
-684
-539
-448
-455
-497
-494
-431
-306
-146
-14
61
101
123
120
132
202
302
394
445
437
378
317
290
289
312
351
364
311
218
133
84
92
143
177
151
78
-6
-61
-59
-7
34
17
-49
-146
-232
-257
-208
-144
-131
-179
-259
-337
-377
-362
-317
-266
-242
-271
-345
-410
-418
-380
-331
-285
-264
-293
-361
-419
-429
-385
-316
-269
-281
-338
-406
-467
-494
-472
-437
-449
-512
-584
-638
-678
-688
-677
-677
-687
-695
-710
-717
-687
-647
-633
-618
-583
-557
-533
-489
-469
-493
-494
-442
-382
-340
-317
-334
-388
-399
-338
-208
24
285
376
275
171
206
392
722
1113
1359
1374
1239
1074
1050
1325
1772
2066
2073
1874
1590
1366
1391
1643
1876
1901
1667
1226
803
652
754
877
863
681
304
-144
-426
-457
-342
-217
-233
-462
-776
-982
-1017
-922
-726
-522
-470
-568
-687
-730
-649
-447
-207
-34
32
12
-60
-98
4
200
362
440
425
331
218
171
228
347
439
425
290
137
74
96
151
192
178
103
-17
-128
-170
-128
-56
-42
-116
-230
-331
-381
-363
-303
-242
-221
-272
-382
-478
-483
-399
-299
-228
-216
-275
-355
-390
-359
-265
-145
-71
-90
-167
-221
-227
-193
-125
-67
-65
-118
-194
-251
-269
-248
-224
-246
-304
-370
-437
-489
-510
-515
-547
-624
-706
-758
-775
-767
-765
-788
-821
-848
-869
-877
-844
-783
-761
-779
-771
-732
-686
-622
-564
-528
-497
-460
-427
-324
-55
272
433
408
338
337
496
859
1299
1605
1676
1523
1266
1201
1536
2046
2351
2340
2104
1764
1527
1576
1835
2061
2079
1801
1296
880
786
877
931
881
682
301
-124
-384
-436
-367
-292
-348
-567
-796
-929
-999
-990
-851
-673
-610
-661
-729
-749
-680
-525
-357
-202
-63
-1
-49
-89
-3
169
326
419
440
395
326
279
285
368
483
508
387
219
109
68
81
132
161
101
-39
-205
-316
-307
-211
-144
-171
-263
-374
-475
-507
-437
-319
-249
-277
-373
-449
-443
-364
-273
-214
-197
-222
-263
-262
-191
-86
-10
-5
-43
-57
-26
25
73
99
88
47
16
17
23
6
-48
-139
-226
-271
-297
-340
-401
-474
-574
-670
-719
-733
-758
-804
-864
-931
-973
-980
-984
-1008
-1032
-1052
-1075
-1073
-1047
-1037
-1048
-1050
-1041
-1010
-931
-823
-751
-739
-751
-705
-486
-105
234
360
312
244
301
603
1136
1664
1937
1870
1569
1334
1498
2037
2569
2783
2616
2183
1750
1624
1858
2206
2375
2186
1653
1061
763
801
940
977
799
373
-136
-473
-561
-503
-433
-485
-713
-994
-1170
-1220
-1175
-1053
-932
-896
-928
-947
-920
-835
-686
-511
-344
-197
-92
-54
-30
54
211
403
571
664
662
604
552
551
618
711
755
703
568
407
281
221
211
199
140
21
-138
-289
-390
-439
-456
-468
-513
-600
-702
-772
-785
-744
-686
-648
-637
-641
-641
-612
-544
-447
-352
-279
-221
-163
-100
-40
18
79
141
203
262
312
345
351
340
342
379
431
456
435
381
321
288
291
319
343
319
224
91
0
-12
24
46
15
-79
-214
-339
-413
-428
-407
-408
-482
-616
-740
-815
-844
-838
-820
-834
-903
-998
-1072
-1087
-1044
-986
-958
-958
-972
-991
-987
-938
-856
-782
-729
-662
-521
-290
-70
38
54
71
183
435
807
1162
1353
1334
1185
1086
1232
1617
1993
2129
1988
1677
1384
1303
1473
1707
1783
1598
1183
737
506
534
639
643
470
126
-266
-517
-560
-485
-418
-460
-648
-882
-1011
-1000
-905
-781
-697
-702
-751
-762
-703
-592
-451
-324
-244
-181
-113
-51
10
87
168
236
309
388
438
440
418
392
392
435
482
481
430
353
265
189
149
136
105
36
-65
-188
-298
-363
-390
-406
-436
-498
-600
-704
-750
-729
-673
-614
-585
-605
-658
-692
-661
-556
-406
-281
-236
-252
-267
-239
-151
-15
130
225
246
231
232
278
366
459
515
528
512
483
460
467
498
513
486
432
369
318
289
269
245
213
175
121
54
3
-24
-41
-60
-89
-135
-179
-211
-238
-257
-255
-242
-244
-265
-293
-320
-329
-297
-247
-209
-195
-209
-242
-254
-223
-170
-118
-82
-77
-107
-139
-133
-80
-3
55
59
18
-15
-6
38
97
148
159
120
64
38
57
96
111
80
28
-10
-38
-73
-113
-144
-168
-198
-228
-246
-260
-292
-353
-417
-437
-397
-339
-313
-306
-287
-257
-228
-192
-125
-29
86
207
311
390
452
493
531
620
774
924
1006
1012
971
921
908
951
1013
1048
1022
913
760
643
589
558
510
435
324
181
43
-62
-127
-165
-208
-279
-372
-449
-496
-524
-525
-503
-485
-486
-499
-509
-499
-460
-404
-351
-311
-283
-282
-302
-304
-273
-221
-171
-142
-149
-183
-222
-241
-233
-188
-129
-101
-122
-167
-198
-197
-151
-78
-17
1
-14
-36
-32
22
108
174
190
164
139
145
196
266
311
298
242
186
165
189
237
266
232
146
62
11
7
29
36
1
-73
-156
-228
-267
-263
-241
-251
-304
-373
-432
-456
-442
-411
-390
-395
-427
-473
-507
-501
-468
-444
-454
-490
-535
-570
-583
-579
-571
-562
-552
-534
-500
-447
-382
-327
-278
-213
-108
42
199
319
380
407
451
547
693
862
990
1025
971
899
884
957
1082
1171
1153
1039
895
789
764
812
861
825
695
528
395
335
345
368
340
251
135
34
-12
7
40
29
-25
-90
-146
-175
-167
-150
-158
-198
-257
-322
-365
-380
-394
-430
-481
-535
-588
-630
-658
-687
-722
-759
-789
-805
-804
-796
-794
-796
-790
-770
-733
-679
-619
-564
-510
-452
-379
-290
-201
-127
-65
0
76
164
259
347
399
415
415
425
465
527
572
579
547
487
426
391
396
413
398
340
262
193
154
141
129
106
70
31
-2
-21
-18
-16
-33
-56
-64
-46
-10
21
31
15
-8
-18
-6
23
53
66
42
0
-37
-57
-59
-50
-47
-64
-95
-125
-147
-153
-144
-132
-131
-141
-148
-147
-130
-100
-78
-74
-78
-78
-70
-47
-13
13
21
21
17
11
20
45
66
82
96
102
99
100
105
110
125
155
177
176
168
161
157
167
190
206
206
201
191
176
179
200
207
192
175
166
161
166
171
156
133
118
95
71
62
55
31
-5
-35
-61
-83
-100
-130
-170
-197
-210
-229
-246
-252
-261
-281
-295
-293
-283
-259
-238
-238
-244
-224
-194
-161
-124
-89
-75
-80
-71
-42
12
77
122
121
104
98
110
142
199
254
274
262
230
196
187
205
227
233
225
194
141
86
57
43
34
22
-4
-44
-87
-128
-165
-184
-184
-192
-211
-230
-245
-265
-280
-284
-270
-236
-196
-176
-178
-177
-160
-124
-67
3
55
74
71
64
79
128
192
229
231
204
165
142
153
184
204
198
163
111
67
46
43
46
43
23
-15
-54
-81
-100
-113
-118
-118
-117
-113
-117
-128
-136
-131
-119
-90
-47
-9
6
4
4
19
56
109
155
175
174
158
142
151
190
227
236
221
191
158
137
139
156
172
170
138
88
52
42
47
51
54
43
11
-26
-57
-69
-61
-48
-51
-69
-90
-110
-130
-139
-129
-119
-120
-139
-167
-189
-192
-182
-171
-170
-183
-211
-239
-240
-211
-175
-155
-162
-187
-203
-187
-140
-88
-46
-33
-48
-63
-50
-10
41
83
104
101
82
69
75
101
134
158
156
136
110
87
81
96
122
133
113
71
37
28
41
55
58
40
6
-24
-34
-22
-1
3
-19
-48
-57
-45
-23
-4
3
-7
-22
-25
-8
25
54
55
34
14
12
25
47
67
79
71
50
29
22
40
72
96
103
95
74
46
29
39
63
87
84
45
-13
-66
-98
-102
-82
-68
-91
-153
-225
-273
-276
-239
-194
-175
-188
-216
-243
-237
-186
-110
-47
-13
-5
-8
7
54
120
185
230
248
244
241
261
299
340
368
370
346
310
285
277
285
289
270
221
160
104
64
41
33
19
-20
-75
-129
-165
-175
-166
-160
-170
-192
-215
-228
-221
-196
-168
-156
-159
-167
-172
-165
-141
-110
-90
-84
-87
-96
-97
-81
-60
-44
-34
-34
-43
-53
-51
-37
-23
-10
-2
-5
-12
-13
-5
16
47
72
81
84
86
87
98
123
153
163
150
114
77
60
59
56
40
6
-45
-104
-149
-159
-151
-153
-177
-216
-246
-244
-218
-190
-169
-157
-157
-155
-130
-76
-23
7
13
13
31
76
132
173
195
201
198
202
236
294
342
357
340
318
313
336
366
381
374
342
295
256
245
248
234
184
112
42
-1
-17
-33
-68
-129
-204
-272
-306
-296
-277
-286
-331
-387
-423
-413
-364
-312
-284
-285
-302
-313
-291
-231
-158
-103
-82
-79
-74
-45
5
56
96
122
139
147
158
181
201
210
205
193
184
183
178
160
128
96
69
45
28
12
-13
-48
-86
-114
-122
-118
-120
-133
-155
-173
-178
-168
-148
-128
-118
-125
-133
-128
-108
-83
-58
-44
-37
-32
-24
-8
15
38
58
72
83
99
116
133
151
166
179
191
202
208
211
209
204
199
199
200
192
171
139
106
81
70
66
57
33
-7
-48
-77
-82
-68
-58
-66
-93
-125
-141
-134
-106
-73
-58
-66
-88
-104
-101
-73
-37
-18
-23
-44
-64
-73
-66
-49
-37
-36
-50
-71
-83
-78
-62
-54
-58
-66
-68
-66
-59
-47
-34
-27
-25
-25
-24
-15
-12
-15
-15
-3
16
26
17
-5
-27
-35
-17
16
43
46
20
-23
-49
-32
13
56
74
64
34
15
24
63
111
145
153
141
128
132
156
184
206
214
204
185
170
165
165
162
153
133
107
82
61
43
28
14
-3
-26
-44
-60
-74
-85
-95
-106
-114
-117
-121
-128
-136
-142
-145
-142
-135
-126
-124
-125
-126
-126
-117
-101
-87
-83
-83
-85
-81
-71
-58
-49
-47
-49
-55
-54
-43
-23
-6
-1
-4
-6
-3
11
38
64
84
95
89
81
82
102
126
150
161
152
131
115
111
121
136
142
128
100
71
55
49
54
57
46
20
-12
-37
-48
-47
-45
-55
-76
-103
-132
-147
-144
-132
-125
-133
-154
-175
-186
-176
-148
-117
-98
-99
-111
-118
-105
-69
-28
3
17
10
1
6
27
58
78
81
71
58
54
59
67
69
61
46
33
30
37
43
42
33
26
29
44
64
83
94
94
94
104
129
160
185
196
195
189
189
201
220
237
239
227
201
180
166
160
155
141
114
75
33
-6
-37
-59
-81
-115
-156
-199
-240
-274
-295
-307
-318
-333
-352
-373
-381
-377
-364
-344
-325
-308
-296
-283
-261
-228
-186
-143
-109
-85
-64
-44
-19
17
58
94
116
124
125
131
147
169
190
205
210
206
199
197
205
215
222
223
218
213
208
204
199
191
183
170
154
141
129
115
92
67
42
19
0
-12
-21
-29
-42
-64
-87
-102
-100
-90
-79
-76
-83
-98
-110
-109
-93
-71
-55
-57
-71
-84
-89
-80
-65
-50
-43
-49
-64
-73
-75
-68
-63
-64
-69
-75
-79
-85
-90
-93
-98
-103
-107
-107
-103
-99
-100
-106
-111
-110
-103
-91
-75
-62
-55
-52
-51
-45
-29
-7
16
34
49
58
65
74
92
119
149
175
189
192
193
196
210
232
256
271
266
251
232
222
225
234
236
223
193
154
118
95
87
82
65
32
-9
-49
-82
-103
-116
-124
-137
-158
-187
-213
-229
-240
-241
-239
-236
-234
-239
-250
-256
-255
-242
-226
-209
-193
-183
-177
-172
-163
-142
-114
-83
-56
-36
-21
-9
3
23
53
91
121
138
144
144
149
160
180
201
214
209
194
174
164
162
160
155
139
114
84
58
38
23
10
-9
-29
-45
-61
-73
-87
-99
-105
-103
-96
-87
-78
-76
-80
-80
-70
-46
-16
8
19
18
17
23
43
65
86
99
100
96
94
98
100
103
101
95
89
81
70
53
34
13
-4
-14
-24
-39
-62
-90
-115
-132
-141
-148
-156
-169
-183
-192
-194
-191
-187
-187
-183
-176
-161
-142
-126
-113
-105
-93
-69
-36
-1
26
41
49
64
90
130
170
198
208
206
207
221
250
278
294
286
264
243
232
236
242
235
210
170
129
97
81
70
51
20
-20
-60
-92
-111
-123
-136
-155
-176
-195
-205
-208
-206
-204
-203
-197
-186
-174
-160
-146
-137
-124
-107
-84
-61
-40
-30
-24
-16
-1
19
38
52
57
59
64
75
88
99
108
109
109
115
125
132
133
126
115
109
110
113
111
97
72
43
23
15
13
6
-13
-42
-75
-99
-108
-106
-105
-112
-127
-143
-152
-147
-134
-117
-105
-98
-93
-83
-65
-39
-12
10
28
41
52
66
81
99
116
128
133
129
120
109
102
101
102
98
82
55
22
-4
-18
-23
-29
-41
-68
-102
-131
-147
-147
-144
-143
-153
-170
-184
-187
-178
-162
-147
-138
-131
-124
-110
-90
-66
-42
-19
1
22
45
68
90
112
136
156
177
194
206
214
221
227
236
244
248
245
233
218
202
190
182
172
157
134
104
73
45
25
9
-7
-28
-53
-81
-109
-130
-144
-152
-154
-158
-166
-175
-187
-193
-192
-181
-163
-147
-139
-137
-139
-137
-121
-97
-72
-54
-48
-49
-51
-45
-31
-9
11
18
18
12
10
14
27
41
50
51
45
41
39
41
45
48
48
43
35
29
20
15
10
6
0
-7
-15
-25
-34
-42
-46
-48
-46
-44
-44
-45
-46
-45
-36
-22
-4
13
24
32
38
50
70
96
119
135
143
144
146
154
163
173
176
173
162
147
131
113
96
79
62
44
25
0
-32
-66
-96
-117
-125
-129
-139
-159
-189
-216
-229
-222
-204
-188
-187
-202
-217
-222
-204
-170
-137
-118
-116
-121
-117
-96
-61
-24
4
19
25
35
52
77
104
126
142
152
161
169
175
177
179
182
188
192
190
177
153
131
116
116
123
120
102
69
33
11
10
23
32
25
-5
-42
-67
-67
-48
-27
-26
-48
-81
-105
-106
-86
-61
-57
-72
-101
-121
-121
-100
-75
-65
-76
-97
-110
-103
-79
-53
-40
-45
-55
-60
-49
-25
-1
11
9
3
5
16
37
54
61
59
53
50
58
70
78
78
70
60
53
50
49
47
43
33
19
6
-4
-8
-9
-10
-15
-21
-31
-34
-33
-26
-13
-5
-2
-1
1
9
23
38
53
61
62
61
62
65
70
74
76
71
62
51
37
23
13
7
1
-8
-23
-46
-69
-87
-92
-89
-86
-89
-104
-121
-133
-131
-118
-101
-90
-89
-94
-96
-90
-73
-49
-28
-17
-13
-10
-1
14
36
58
72
80
83
86
94
108
120
130
132
129
121
114
114
115
116
110
97
79
62
51
46
42
33
19
3
-13
-24
-27
-30
-36
-43
-51
-57
-57
-55
-54
-53
-54
-53
-51
-43
-37
-36
-35
-37
-33
-26
-18
-14
-14
-18
-23
-25
-22
-16
-13
-17
-26
-38
-44
-44
-38
-30
-30
-35
-45
-54
-55
-45
-32
-21
-17
-22
-27
-28
-22
-7
9
18
18
11
6
9
18
30
38
40
38
35
34
36
39
42
42
44
47
51
52
50
45
41
44
51
59
63
58
47
36
33
41
55
63
60
44
26
18
22
34
43
40
23
1
-16
-21
-17
-8
-11
-27
-47
-68
-77
-79
-78
-81
-91
-105
-115
-119
-121
-119
-123
-129
-129
-125
-116
-107
-105
-105
-102
-96
-80
-59
-42
-31
-26
-22
-11
8
30
48
60
66
71
82
94
105
116
121
124
127
129
130
130
127
120
114
106
101
94
86
74
61
47
35
25
17
9
2
-5
-13
-21
-30
-34
-31
-28
-23
-21
-23
-25
-27
-24
-17
-8
-4
-3
-7
-12
-16
-19
-18
-17
-17
-22
-31
-41
-50
-57
-58
-58
-55
-55
-59
-66
-73
-75
-68
-57
-46
-40
-40
-44
-46
-42
-30
-13
1
5
1
-5
-7
0
15
29
36
35
27
19
20
28
38
45
45
39
33
34
38
46
52
52
52
51
54
60
66
70
67
65
64
67
70
71
67
59
50
43
39
33
25
13
-3
-19
-32
-43
-54
-67
-80
-92
-104
-115
-125
-135
-144
-150
-153
-152
-152
-151
-154
-157
-153
-143
-126
-110
-100
-94
-87
-75
-55
-28
-2
17
29
38
51
74
102
128
147
155
159
166
178
193
207
214
211
204
194
191
191
187
177
162
142
123
108
96
79
59
36
12
-6
-19
-33
-50
-71
-93
-108
-117
-120
-124
-133
-147
-160
-165
-161
-150
-141
-140
-146
-150
-145
-131
-111
-94
-85
-83
-81
-74
-57
-37
-18
-7
-3
0
6
19
33
44
51
53
53
56
60
67
70
70
68
66
63
62
63
61
59
53
49
44
39
35
31
29
28
26
22
17
11
7
6
9
10
11
8
5
1
0
4
10
18
22
22
19
20
21
26
35
42
46
46
41
38
38
40
45
47
43
34
22
12
5
2
-2
-10
-21
-36
-52
-64
-73
-80
-87
-96
-107
-119
-128
-134
-136
-136
-135
-133
-131
-126
-121
-113
-103
-92
-76
-59
-41
-25
-12
0
15
35
56
76
91
100
105
110
118
130
142
148
147
139
130
124
122
123
118
108
93
77
65
54
45
34
20
7
-6
-16
-27
-38
-51
-64
-72
-76
-76
-78
-87
-99
-109
-109
-103
-92
-86
-89
-98
-105
-101
-88
-69
-56
-54
-62
-68
-66
-51
-33
-17
-11
-15
-19
-17
-7
9
24
31
32
29
29
35
45
54
59
59
58
56
54
52
51
50
50
46
39
30
17
6
-2
-5
-7
-12
-22
-36
-46
-50
-45
-39
-34
-37
-41
-42
-36
-22
-4
11
18
23
28
38
55
73
86
93
95
97
102
112
119
122
116
107
98
92
90
86
77
61
41
23
8
-1
-9
-21
-37
-57
-75
-89
-96
-100
-103
-111
-123
-138
-147
-148
-144
-136
-132
-135
-138
-142
-139
-125
-111
-96
-89
-88
-85
-77
-61
-40
-22
-9
-3
3
12
26
45
61
71
78
83
88
97
105
111
117
117
120
122
121
119
113
109
107
107
105
100
89
75
64
59
59
58
53
38
22
11
5
5
6
2
-9
-23
-32
-35
-33
-31
-33
-39
-48
-53
-52
-48
-44
-43
-47
-51
-55
-53
-48
-43
-40
-39
-40
-39
-36
-31
-25
-22
-19
-17
-15
-11
-6
-2
1
3
4
6
5
6
5
4
5
3
2
0
-4
-6
-8
-6
-5
-5
-7
-9
-9
-5
2
8
14
17
19
23
31
42
54
63
66
67
69
75
84
94
100
99
91
83
78
78
80
76
65
48
29
13
2
-6
-15
-29
-49
-71
-90
-102
-109
-115
-121
-131
-143
-151
-155
-152
-145
-139
-133
-127
-121
-112
-100
-84
-70
-54
-39
-25
-10
5
18
32
45
58
70
80
88
94
97
100
103
106
108
107
103
98
91
86
81
76
72
63
54
46
40
36
32
26
19
14
9
6
4
0
-4
-10
-12
-13
-11
-11
-14
-20
-26
-30
-29
-25
-25
-29
-36
-44
-46
-45
-40
-37
-41
-47
-55
-53
-50
-42
-37
-37
-41
-42
-37
-29
-18
-11
-10
-12
-11
-4
5
12
16
15
14
14
15
19
20
17
12
8
3
2
1
-4
-9
-16
-21
-23
-24
-24
-29
-33
-37
-33
-28
-23
-19
-20
-20
-16
-7
4
14
20
21
20
25
32
43
52
56
53
47
45
45
50
52
47
38
27
18
12
8
3
-5
-16
-28
-39
-47
-52
-56
-61
-68
-74
-80
-83
-84
-83
-81
-79
-77
-75
-72
-67
-61
-51
-42
-32
-26
-20
-14
-5
5
17
28
34
37
39
43
52
61
