SAMPLES:	14032
BITSPERSAMPLE:	16
CHANNELS:	1
SAMPLERATE:	16000
NORMALIZED:	FALSE
0
0
-3
-3
-5
-6
-6
-9
-9
-10
-13
-13
-14
-14
-15
-16
-16
-16
-17
-17
-16
-16
-16
-16
-16
-17
-16
-13
-14
-11
-11
-9
-9
-9
-6
-5
-2
-1
0
2
3
4
6
8
10
11
11
13
14
14
14
13
15
14
15
14
15
15
14
13
13
12
11
11
11
10
10
9
9
7
8
8
5
6
4
4
3
3
3
3
4
3
3
2
2
1
2
0
-1
1
0
0
-1
0
0
0
0
-1
-1
-1
-2
-1
-2
-3
-4
-5
-5
-6
-7
-8
-9
-9
-10
-11
-11
-11
-10
-12
-12
-14
-13
-13
-13
-13
-14
-13
-14
-14
-13
-13
-14
-13
-12
-12
-12
-11
-10
-11
-8
-8
-8
-7
-7
-6
-5
-4
-3
-3
-2
0
-1
0
0
0
1
1
3
3
4
5
5
7
7
7
7
8
8
8
11
10
11
11
11
11
11
11
11
10
10
11
10
10
10
10
10
9
10
9
10
9
8
10
9
8
8
8
7
7
7
7
6
6
5
7
5
5
5
4
4
3
2
2
3
2
2
1
2
2
1
2
1
1
1
0
0
-2
-2
-3
-4
-5
-8
-8
-10
-11
-11
-14
-14
-15
-16
-16
-18
-18
-20
-21
-22
-22
-24
-24
-24
-25
-23
-24
-24
-23
-24
-23
-22
-20
-18
-18
-16
-17
-16
-14
-14
-11
-11
-9
-7
-7
-3
-2
0
2
4
6
5
9
10
11
13
14
16
17
19
18
21
22
22
22
24
25
25
28
27
27
27
25
28
27
27
27
26
26
26
25
24
23
22
22
19
19
17
16
16
15
13
12
10
9
8
7
6
4
4
2
1
-1
-1
-2
-3
-3
-3
-5
-5
-6
-7
-7
-9
-9
-11
-11
-11
-10
-11
-12
-11
-12
-12
-12
-13
-13
-13
-11
-12
-13
-12
-12
-14
-13
-13
-14
-14
-15
-14
-14
-13
-14
-13
-14
-13
-14
-14
-14
-15
-15
-15
-16
-15
-14
-13
-13
-14
-12
-12
-10
-9
-9
-7
-7
-6
-5
-4
-4
-3
-2
-3
1
0
2
2
4
4
6
7
10
11
11
13
14
16
16
18
17
19
21
21
21
20
22
20
21
20
21
20
20
19
16
17
15
15
13
13
11
10
8
6
5
3
2
1
-2
-5
-6
-8
-8
-9
-11
-14
-15
-16
-18
-19
-20
-21
-22
-22
-23
-23
-22
-23
-23
-22
-22
-21
-20
-19
-18
-16
-16
-15
-13
-13
-11
-11
-8
-6
-5
-2
-1
0
0
2
4
5
7
9
9
11
12
13
14
15
15
13
14
14
14
14
14
13
14
14
12
12
12
12
10
8
6
6
4
4
3
2
2
0
0
-1
-3
-2
-4
-4
-5
-6
-4
-5
-5
-6
-6
-6
-7
-6
-6
-6
-6
-5
-4
-3
-3
-1
-2
-1
-1
0
0
1
3
3
4
3
4
5
5
5
6
6
7
7
9
8
9
10
9
11
10
11
10
10
10
8
8
7
7
6
4
5
5
4
3
1
1
-1
-1
-3
-3
-3
-4
-4
-5
-5
-8
-7
-8
-9
-10
-11
-11
-13
-11
-13
-12
-12
-14
-13
-13
-13
-13
-13
-12
-11
-11
-11
-12
-12
-10
-10
-9
-8
-7
-5
-4
-2
-2
-1
0
0
3
2
3
5
4
5
7
8
9
10
10
12
12
14
12
14
14
14
14
15
17
16
16
16
14
15
15
16
16
15
16
15
15
14
13
13
12
12
10
11
11
10
10
9
8
7
7
7
6
4
4
4
2
2
1
1
1
-1
-1
-1
-2
-2
-4
-2
-2
-3
-3
-4
-5
-4
-4
-4
-3
-4
-4
-4
-4
-4
-5
-5
-4
-6
-5
-6
-7
-6
-8
-7
-7
-6
-7
-7
-6
-7
-6
-8
-7
-7
-7
-7
-9
-8
-9
-10
-10
-10
-11
-10
-10
-11
-9
-11
-10
-13
-13
-14
-14
-13
-14
-14
-15
-13
-14
-14
-15
-16
-15
-16
-14
-14
-13
-13
-14
-13
-13
-11
-11
-10
-9
-10
-8
-8
-7
-6
-6
-4
-2
0
1
3
3
4
5
5
6
6
8
8
9
10
12
12
13
13
15
16
17
17
17
18
16
19
19
20
20
20
20
19
20
20
19
19
19
19
18
17
18
16
15
15
14
15
14
14
13
10
9
7
7
6
6
5
5
4
1
1
-1
-2
-2
-2
-5
-4
-6
-6
-8
-9
-9
-12
-11
-14
-13
-13
-13
-15
-15
-16
-14
-14
-14
-12
-13
-12
-13
-12
-13
-11
-11
-9
-7
-8
-6
-7
-7
-5
-6
-4
-4
-4
-2
-2
-2
-1
-2
-4
-3
-3
-3
-2
-3
-2
-2
-3
-4
-4
-4
-6
-4
-7
-7
-9
-10
-10
-13
-12
-13
-14
-14
-14
-16
-15
-19
-18
-19
-21
-21
-21
-22
-22
-23
-23
-23
-23
-21
-23
-20
-21
-20
-20
-19
-17
-17
-14
-14
-10
-8
-8
-5
-5
-2
1
2
6
7
10
12
13
14
15
15
17
20
20
21
21
22
22
22
23
21
20
21
18
18
18
16
16
15
12
12
10
10
10
8
8
7
7
5
5
4
1
3
0
1
0
-1
-1
-2
-1
-1
-2
-2
-3
-3
-3
-4
-5
-5
-5
-5
-4
-6
-5
-6
-7
-7
-8
-8
-9
-9
-9
-8
-8
-8
-7
-9
-8
-7
-7
-6
-6
-5
-4
-4
-3
-3
0
0
2
3
4
5
4
7
9
9
10
11
12
15
16
17
16
18
19
19
19
20
21
19
20
18
18
16
14
14
10
10
9
7
5
2
1
-1
-1
-3
-4
-5
-8
-9
-11
-12
-12
-14
-14
-15
-17
-16
-18
-16
-17
-17
-17
-16
-15
-15
-13
-12
-11
-10
-11
-10
-9
-9
-6
-6
-4
-2
-1
0
1
2
4
5
6
8
7
11
11
11
12
11
11
10
10
10
9
9
9
7
7
5
3
2
2
0
0
0
-1
-3
-5
-5
-8
-8
-8
-9
-10
-11
-10
-10
-11
-10
-11
-9
-8
-7
-6
-6
-3
-4
-3
-2
-2
0
0
0
3
2
4
4
3
3
2
2
2
0
-1
-2
-3
-5
-5
-7
-8
-9
-10
-11
-13
-13
-15
-14
-15
-15
-14
-15
-14
-15
-14
-13
-11
-9
-8
-5
-4
-1
-1
2
3
5
8
9
10
13
13
14
14
14
15
14
16
16
15
15
14
14
12
12
10
9
7
5
4
2
-1
-3
-5
-5
-6
-8
-6
-8
-8
-9
-10
-10
-11
-11
-10
-10
-10
-10
-12
-12
-13
-12
-12
-12
-12
-10
-10
-10
-9
-9
-10
-6
-7
-6
-3
-4
-4
-4
-4
-5
-1
-3
-1
2
1
1
3
2
0
6
3
4
7
4
6
8
3
3
6
3
5
8
5
7
13
9
8
12
9
11
15
10
12
16
10
9
13
6
9
13
4
7
9
1
0
3
-6
-5
-1
-10
-8
-5
-12
-9
-6
-12
-7
-3
-9
-6
-2
-10
-7
-5
-11
-7
-4
-10
-4
1
-6
1
4
0
8
12
7
15
17
12
19
19
14
19
19
13
17
17
10
14
13
7
11
9
4
8
7
4
9
7
2
7
5
1
5
5
-1
2
0
-4
-3
-5
-9
-9
-10
-14
-13
-17
-21
-20
-21
-21
-16
-17
-17
-16
-15
-16
-13
-9
-10
-4
-3
-2
0
2
1
4
6
8
13
15
17
19
19
18
18
17
19
17
18
16
13
11
7
4
3
2
0
2
-2
-4
-3
-9
-12
-10
-12
-10
-7
-9
-9
-9
-13
-12
-9
-10
-6
-5
-8
-8
-11
-13
-13
-12
-11
-9
-6
-8
-9
-9
-11
-8
-5
-2
2
7
8
8
10
7
10
16
17
24
27
26
27
24
23
27
29
29
31
31
27
25
20
14
13
12
12
10
9
2
-2
-8
-13
-13
-14
-14
-14
-15
-22
-26
-30
-35
-34
-33
-35
-33
-35
-38
-40
-43
-43
-40
-37
-34
-29
-28
-27
-23
-24
-21
-17
-11
-5
0
4
5
5
8
7
13
17
19
22
20
18
15
15
13
16
19
19
20
19
17
14
12
11
10
13
13
13
12
7
5
2
1
1
2
2
-2
-4
-9
-11
-12
-12
-14
-11
-13
-17
-17
-21
-22
-22
-21
-19
-17
-18
-16
-16
-15
-10
-3
5
11
17
21
24
30
32
37
46
51
57
59
60
60
58
59
58
61
60
57
50
42
31
22
15
8
5
-1
-7
-16
-24
-33
-40
-44
-44
-44
-46
-47
-49
-55
-59
-62
-61
-58
-52
-47
-44
-40
-40
-37
-34
-26
-18
-8
0
2
6
4
3
4
5
10
15
15
16
13
9
6
5
7
12
16
18
17
15
12
10
9
10
15
20
22
22
21
16
14
13
15
17
20
19
17
13
5
2
-1
-1
0
2
1
-3
-5
-11
-13
-14
-12
-12
-11
-12
-15
-19
-24
-27
-26
-23
-17
-14
-11
-10
-12
-9
-6
0
7
15
18
17
16
12
8
9
8
10
14
12
10
7
1
-2
-1
-1
2
10
15
16
17
12
8
13
16
21
25
24
21
19
14
11
11
6
1
-2
-1
0
1
-2
-4
-8
-6
1
7
9
10
7
-1
1
5
7
3
-5
-17
-23
-25
-27
-27
-28
-32
-33
-29
-26
-16
-10
-14
-14
-7
-1
8
15
9
-1
-6
-11
-11
-6
-4
-4
-8
-9
-8
0
4
2
4
8
16
26
29
28
22
13
8
4
1
2
-2
-8
-12
-16
-18
-18
-19
-17
-6
3
6
13
17
18
23
23
17
16
12
4
8
11
2
-5
-12
-23
-27
-20
-14
-14
-17
-18
-12
-5
1
4
2
-4
-6
3
11
15
21
14
7
13
20
26
29
28
20
22
33
39
32
22
21
7
-2
13
17
-2
-12
-21
-34
-30
-26
-36
-38
-42
-49
-33
-23
-26
-23
-24
-24
-12
7
8
5
7
-4
13
28
8
7
6
-10
-9
-1
-4
-18
-25
-37
-31
-13
-23
-18
-37
-71
-53
-23
-19
-14
-12
-48
-48
7
-8
-30
3
2
-24
-1
40
40
48
32
-5
35
52
62
77
21
11
38
46
26
17
39
-5
-23
-1
8
28
-14
-49
-45
-18
23
7
3
-17
-24
5
-11
25
33
-6
-7
-29
4
45
31
8
-12
-20
-4
56
28
-8
40
1
6
53
27
38
23
-1
-18
2
28
-21
14
7
-52
9
40
6
-47
20
55
-38
48
55
-27
41
47
20
20
34
5
-29
32
-16
9
58
-84
-48
4
-43
8
-2
-40
-46
-46
-44
-25
-14
-65
-37
-77
-134
11
-7
-101
-42
-77
-78
-7
-21
-5
21
-9
18
48
11
71
87
-20
29
87
16
52
76
-24
15
70
-37
29
101
-55
-19
54
-51
-1
91
-14
-56
86
0
-79
57
-21
-23
28
-60
50
30
-70
71
25
-54
60
33
-7
42
-6
-5
86
-4
-44
71
-44
-68
95
-5
-118
31
53
-111
-11
13
-141
72
63
-212
-16
60
-105
52
52
-153
92
158
-193
38
190
-60
119
85
-111
148
163
-141
-13
140
-110
-16
99
-190
-74
93
-172
-182
-5
-25
-66
-53
-70
-8
55
-154
-50
185
-63
-31
133
-46
-38
126
72
-26
53
52
-8
57
45
54
36
-2
63
-40
-39
58
97
28
-142
24
-7
-105
52
-68
1
76
-123
-67
1
-47
4
69
-39
-130
124
46
-215
112
104
-164
3
2
-45
102
-29
-67
127
-71
-86
117
-19
63
179
-120
-116
188
60
-101
63
112
-56
-77
4
38
16
-66
28
-72
-125
196
117
-140
25
46
-154
13
50
27
98
-83
-72
-54
-43
166
-44
-281
39
133
-85
-116
147
86
-225
43
-40
-82
352
16
-334
137
118
-233
166
87
-163
112
70
-103
-53
62
99
75
-125
-54
235
-71
-210
172
4
-17
57
-166
98
77
-85
69
70
-183
-14
226
-85
130
172
-218
83
65
-223
217
92
-154
6
-176
89
243
-135
-77
216
-155
-194
335
161
-38
187
99
-106
38
231
214
-78
-169
-61
114
34
-275
-43
-21
-200
-154
67
-35
-179
41
-158
-124
50
118
143
-263
-120
204
-34
45
19
-107
19
-63
67
-135
-66
207
-220
-92
113
77
-35
-193
208
-66
-251
315
-97
-110
339
-82
-123
24
29
69
-54
32
97
28
-133
18
293
-28
39
-62
-84
250
-186
66
243
-171
54
-1
-31
188
51
-173
-144
52
-79
88
198
-379
136
122
-337
171
19
-7
-41
-120
-92
73
343
-425
-227
250
-280
73
332
-235
-149
285
-40
-137
432
194
-162
16
-54
283
395
-125
-89
26
149
244
-163
94
397
-63
-297
91
468
-140
-63
258
-466
43
363
-70
-126
-244
44
-110
-252
14
-15
-67
-307
-284
-14
247
-150
-372
185
-235
-213
291
-280
-123
227
-463
-261
309
-3
-30
-7
-319
-55
185
-138
82
47
-446
40
127
-263
165
36
-257
253
-110
-144
569
59
-352
283
217
-243
482
404
-370
269
260
-103
335
197
1
18
-56
329
308
-108
205
256
-219
-73
467
105
-242
247
-290
-224
575
-196
-239
106
-364
-34
145
-305
-98
74
-258
-131
13
8
188
-179
-391
-62
39
30
-283
-132
117
-275
194
-115
-499
340
-1
-350
-78
87
55
-78
139
-208
-242
295
-114
-117
226
-138
41
16
-194
253
54
-239
134
-27
-15
407
-14
-73
426
7
-254
97
252
364
-75
-57
203
246
127
-154
415
-26
-19
331
-141
231
126
-78
-136
26
60
-68
204
-258
-293
130
-254
-91
68
-391
78
175
-392
-111
262
-257
-23
275
-439
132
177
-190
135
-331
-57
108
-99
-15
-125
139
22
-136
147
-127
-208
118
-214
-8
114
-396
-14
-62
-22
-82
-140
157
-118
-58
0
179
-75
3
261
-146
69
89
333
77
-314
286
90
-80
63
-139
100
304
76
113
234
-169
182
393
-107
286
176
15
101
23
77
-112
26
-173
-160
34
-126
185
-127
-486
-142
-223
60
118
-210
-57
-74
-50
-18
-30
25
37
-153
79
238
220
184
65
134
-490
307
485
-469
231
-7
-463
65
37
-414
295
67
-920
101
170
-320
174
-135
-208
259
-239
52
656
-246
-158
517
49
-215
395
-56
-240
284
-97
210
66
-204
60
111
25
-272
192
52
-362
195
109
-163
89
20
95
-43
-161
220
10
86
239
-190
127
384
-227
84
-49
-211
460
-106
152
113
-295
415
-138
-137
106
-342
183
-114
-138
249
-266
199
-244
-407
307
-218
143
96
-304
261
-234
-206
349
-271
208
341
-401
-43
347
150
-74
-69
-150
154
-98
-252
237
-30
-93
182
107
-324
127
257
-346
73
-151
-158
268
-49
-67
25
253
-196
-200
319
-234
203
145
-352
460
-52
-409
535
-40
-377
354
-112
-404
378
13
-360
186
-302
-345
350
0
-332
-60
20
-195
62
207
124
6
-92
-29
98
220
98
168
-282
-322
462
76
-199
139
-130
-398
-156
56
65
-3
-247
-112
-24
-192
367
57
-313
253
133
-7
129
535
184
-287
18
142
239
460
233
-172
0
-160
17
279
-39
-144
-158
-122
-313
-48
68
-68
-345
-401
-10
-96
-67
259
139
-329
-136
201
-105
116
251
-199
121
58
-82
240
-65
-125
-18
-14
-296
110
329
-165
-137
-365
-134
68
-6
158
79
-80
-262
-17
138
91
338
-206
-352
207
-13
117
501
78
-361
-85
172
83
338
348
-215
-256
11
122
288
160
-60
-38
-77
-156
208
305
-39
-85
-65
-7
230
162
-6
57
-150
-168
254
374
-93
-188
-117
-266
-132
-102
110
47
-547
-438
132
-158
-294
281
-128
-440
77
146
-50
171
165
-177
25
72
23
391
133
-34
232
50
59
323
132
-190
62
142
-153
57
189
106
-85
-293
-147
-157
-193
114
161
-245
-267
-61
-189
61
151
-153
2
-66
-76
286
178
-111
-141
-108
-183
-98
222
142
-118
-29
33
-38
136
203
103
21
-55
70
157
207
186
-32
-123
-133
-125
36
15
-197
-89
-92
-189
55
116
-196
-160
13
-162
16
209
74
86
130
43
10
147
142
19
-30
85
141
69
116
145
47
-37
-40
-62
0
92
39
-69
-118
-175
-40
109
-91
-112
23
-135
-198
-8
105
-48
-230
-49
-14
-111
92
15
-146
17
8
-74
139
198
61
92
30
-67
79
93
-49
-21
94
74
18
-13
-120
-76
-71
-221
-93
111
23
-65
66
12
-126
-55
-73
-40
-17
-13
180
226
75
16
54
-24
-6
91
70
176
229
56
38
49
-146
-90
-25
-142
34
61
-105
-173
-219
-133
20
-25
-101
27
-18
-181
-93
37
16
-15
42
7
-20
49
83
45
17
118
113
-13
27
17
-23
-10
-20
21
10
-49
-88
-124
-115
19
32
-51
7
24
-68
-66
-11
21
58
34
49
68
24
23
-30
-81
-88
7
81
17
17
2
-42
-61
-62
-28
-47
-32
-29
-45
-12
-16
-12
-33
-140
-116
-62
-44
23
2
-36
-92
-102
-92
-81
16
-13
-51
14
-4
-30
-5
-30
-42
-1
47
60
69
91
46
-12
-63
-21
31
9
38
19
14
54
-6
-32
-52
-82
-101
-88
-8
24
7
-8
-13
-2
4
-9
9
61
78
109
148
164
153
182
190
106
50
80
116
98
156
222
163
143
116
77
44
44
83
113
151
188
226
170
79
8
-2
-24
15
143
135
137
114
57
9
21
-6
-116
-63
4
-51
-96
-16
-55
-191
-204
-217
-269
-175
-32
-75
-109
-129
-201
-165
-126
-137
-91
-117
-189
-191
-168
-167
-209
-224
-268
-265
-217
-205
-231
-287
-339
-363
-392
-341
-264
-368
-409
-420
-489
-479
-469
-423
-393
-395
-316
-255
-218
-150
-101
-43
8
140
285
357
441
542
656
721
803
903
1025
1156
1218
1245
1313
1358
1349
1376
1382
1318
1260
1228
1169
1110
1070
1018
892
754
731
656
556
549
489
390
332
282
287
268
271
243
186
254
219
183
204
162
117
98
17
-23
-25
-146
-240
-368
-525
-648
-711
-840
-1017
-1074
-1188
-1299
-1374
-1420
-1425
-1435
-1451
-1416
-1419
-1441
-1441
-1417
-1393
-1396
-1318
-1297
-1296
-1305
-1294
-1228
-1263
-1296
-1283
-1350
-1507
-1507
-1461
-1503
-1473
-1428
-1450
-1506
-1549
-1554
-1574
-1433
-1040
-453
199
799
1314
1691
1989
2258
2544
2826
3230
3661
3824
3960
4024
3811
3405
2930
2428
2022
1723
1486
1188
800
383
-126
-633
-1061
-1280
-1372
-1481
-1440
-1335
-1235
-1126
-1043
-945
-765
-488
-198
175
581
889
1152
1317
1387
1403
1452
1427
1441
1399
1214
1183
966
685
507
243
-67
-316
-487
-640
-701
-760
-807
-777
-317
466
816
755
719
677
589
963
1436
1509
1777
2000
1560
1183
1329
1120
571
335
151
17
48
157
-79
-732
-1132
-1489
-1927
-1984
-1596
-1493
-1836
-1926
-1968
-2141
-2137
-2002
-1993
-2022
-1781
-1553
-1464
-1245
-1009
-1092
-1418
-1406
-1257
-1301
-1229
-1280
-1571
-1838
-1834
-1796
-1909
-1909
-1897
-2144
-2437
-2366
-2214
-2193
-2077
-1950
-1929
-1877
-1598
-1390
-1285
-732
69
837
1630
2406
2918
3114
3389
3595
3710
3967
4322
4383
4176
4128
3877
3317
2687
2158
1531
947
778
508
157
-98
-358
-786
-1248
-1216
-1169
-1173
-908
-639
-424
-241
52
316
496
729
996
1156
1231
1549
1679
1579
1605
1465
1249
1089
960
738
429
173
-112
-411
-624
-696
-840
-1050
-1125
-1178
-1245
-1159
-936
-799
-632
-371
-172
38
629
1342
1632
1980
2417
2458
2280
2364
2339
1973
2050
1970
1333
1069
1025
469
-167
-358
-633
-1014
-1109
-989
-1045
-1200
-1037
-1077
-1318
-1127
-782
-770
-783
-490
-448
-626
-641
-584
-700
-944
-890
-1001
-1254
-1173
-1123
-1370
-1705
-1715
-1771
-2053
-2066
-2035
-2203
-2351
-2324
-2261
-2255
-2017
-1703
-1692
-1801
-1666
-1600
-1690
-1468
-1273
-1234
-1121
-928
-813
-899
-878
-919
-1122
-1262
-1277
-1264
-1135
-475
417
1134
1758
2189
2379
2530
2770
3058
3333
3770
4086
4083
4114
4027
3738
3253
2657
2086
1565
1283
1130
977
699
440
26
-627
-906
-951
-1008
-937
-792
-679
-529
-222
26
140
309
478
534
615
914
1200
1320
1393
1286
1128
936
808
672
365
198
28
-190
-360
-403
-475
-709
-888
-1040
-1101
-1053
-870
-684
-572
-381
-182
6
196
402
573
684
835
1094
1578
2161
2500
2559
2280
1695
1149
829
580
396
382
163
-163
-395
-686
-930
-1178
-1425
-1576
-1520
-1227
-859
-528
-314
-300
-446
-593
-639
-550
-441
-348
-304
-400
-529
-630
-758
-951
-1092
-1257
-1469
-1527
-1497
-1429
-1358
-1408
-1578
-1749
-1899
-1973
-1906
-1791
-1703
-1745
-1833
-1852
-1889
-1930
-1922
-1829
-1751
-1690
-1553
-1515
-1457
-1324
-1330
-1329
-1286
-1237
-1172
-1083
-935
-555
125
817
1615
2441
3091
3409
3490
3619
3671
3873
4108
4195
4169
4064
3916
3358
2671
2058
1353
657
128
-154
-380
-494
-597
-923
-1227
-1362
-1374
-1361
-1189
-837
-522
-176
186
555
855
1087
1296
1300
1376
1488
1528
1535
1453
1423
1233
948
712
378
42
-260
-549
-864
-1060
-1136
-1179
-1187
-1169
-1092
-1091
-1030
-881
-760
-476
-188
48
336
570
728
785
835
928
972
986
1048
1152
1381
1897
2250
2116
1686
1103
436
-117
-226
-278
-402
-343
-468
-754
-885
-884
-1001
-1205
-1223
-1121
-863
-390
125
411
383
269
33
-256
-328
-245
-270
-440
-601
-859
-1118
-1320
-1506
-1664
-1897
-2028
-2059
-2063
-1937
-1747
-1752
-1953
-2065
-2186
-2261
-2121
-1897
-1702
-1617
-1647
-1754
-1849
-1837
-1771
-1696
-1609
-1479
-1323
-1254
-1257
-1230
-1190
-1186
-1161
-1097
-998
-879
-757
-433
195
1088
2068
2862
3408
3720
3926
3976
3975
4126
4257
4276
4175
4021
3745
3333
2764
1958
1183
515
33
-281
-482
-528
-607
-780
-1058
-1221
-1218
-1198
-999
-793
-526
-105
261
665
996
1215
1328
1271
1146
1069
1150
1172
1151
1084
895
650
315
-37
-433
-752
-1048
-1321
-1389
-1394
-1286
-1144
-1097
-1058
-1075
-1100
-1048
-872
-608
-330
1
235
400
535
609
704
756
861
935
947
998
1086
1281
1514
1653
1570
1295
965
695
614
571
444
306
142
-87
-247
-261
-349
-467
-594
-751
-753
-615
-335
-85
2
-22
-123
-272
-422
-461
-567
-708
-752
-993
-1181
-1164
-1309
-1570
-1748
-1914
-2126
-2091
-1917
-1748
-1574
-1632
-1758
-1895
-2039
-2069
-2035
-1910
-1801
-1616
-1399
-1365
-1314
-1338
-1522
-1698
-1721
-1510
-1274
-1039
-890
-921
-1030
-1190
-1283
-1303
-1189
-1017
-972
-902
-758
-349
464
1503
2567
3437
3981
4191
4304
4376
4377
4391
4387
4284
4095
3892
3513
2995
2298
1356
403
-425
-907
-1093
-1153
-1126
-1143
-1246
-1350
-1408
-1401
-1207
-915
-641
-244
213
701
1208
1570
1788
1747
1554
1422
1298
1243
1247
1154
892
538
140
-270
-636
-962
-1223
-1463
-1667
-1746
-1733
-1714
-1659
-1538
-1442
-1336
-1109
-804
-500
-209
66
259
414
613
806
982
1125
1201
1243
1179
1156
1351
1516
1489
1267
964
632
413
460
452
413
518
438
158
15
-8
-144
-241
-215
-289
-257
-23
189
220
125
48
-153
-392
-464
-412
-394
-452
-492
-652
-901
-1078
-1231
-1451
-1690
-1766
-1793
-1808
-1620
-1400
-1345
-1412
-1505
-1669
-1852
-1832
-1767
-1733
-1657
-1570
-1476
-1457
-1459
-1497
-1635
-1766
-1794
-1750
-1681
-1497
-1233
-1095
-1122
-1153
-1064
-989
-901
-673
-488
-360
-166
14
74
83
112
189
521
1286
2271
3047
3546
3848
3856
3630
3447
3319
3165
3047
2851
2476
2141
1923
1538
978
324
-335
-827
-1208
-1381
-1321
-1199
-1051
-950
-906
-784
-557
-288
-78
97
316
585
903
1184
1435
1600
1558
1330
978
641
421
227
23
-182
-430
-681
-906
-1126
-1335
-1509
-1609
-1624
-1602
-1432
-1075
-738
-420
-123
64
232
427
636
867
1087
1296
1446
1569
1672
1740
1844
1976
2068
1969
1729
1504
1200
925
823
625
339
217
71
-154
-307
-429
-596
-733
-794
-885
-831
-599
-392
-216
-141
-126
-153
-231
-248
-248
-218
-239
-316
-403
-543
-690
-867
-1085
-1375
-1593
-1751
-1951
-2004
-1975
-1923
-1902
-1900
-1858
-1872
-1838
-1813
-1848
-1838
-1827
-1798
-1715
-1528
-1254
-990
-851
-872
-1004
-1190
-1234
-1190
-1136
-962
-771
-671
-685
-713
-704
-687
-626
-532
-470
-464
-393
-349
-469
-687
-903
-933
-544
329
1405
2371
2977
3222
3281
3195
3032
2947
3022
3076
3072
2957
2688
2505
2218
1709
1099
373
-170
-479
-685
-741
-623
-481
-490
-549
-673
-682
-546
-486
-337
-138
144
491
741
932
1036
1050
880
628
492
429
480
504
423
368
260
155
29
-155
-269
-369
-523
-666
-671
-584
-455
-309
-243
-189
-146
-107
-31
71
275
520
674
785
970
1228
1460
1634
1697
1655
1554
1419
1294
1163
1062
906
612
280
-27
-281
-493
-649
-831
-997
-1080
-1189
-1211
-1137
-1041
-934
-859
-798
-722
-548
-420
-360
-294
-348
-386
-452
-557
-554
-592
-728
-918
-1167
-1410
-1520
-1564
-1612
-1618
-1698
-1764
-1810
-1943
-1987
-1957
-1958
-1985
-1931
-1763
-1536
-1247
-1060
-918
-697
-553
-512
-512
-502
-421
-303
-251
-185
-94
-105
-205
-416
-623
-746
-849
-987
-1114
-1100
-1156
-1298
-1434
-1607
-1501
-1024
-298
586
1483
2218
2671
2958
3043
3097
3276
3439
3590
3711
3791
3800
3731
3516
3126
2697
2146
1560
1047
543
186
-33
-209
-401
-623
-887
-1203
-1408
-1589
-1692
-1591
-1462
-1246
-987
-754
-484
-240
-54
84
245
407
615
836
1017
1230
1351
1414
1435
1381
1359
1279
1101
856
557
259
-48
-249
-361
-509
-622
-728
-862
-957
-1000
-1029
-987
-829
-629
-362
-84
141
390
602
715
742
729
720
724
719
633
512
388
224
26
-196
-384
-543
-729
-929
-1104
-1193
-1238
-1204
-1143
-1129
-964
-914
-1110
-1136
-1114
-1190
-1046
-903
-1022
-924
-620
-569
-673
-718
-769
-837
-766
-743
-801
-490
-123
-118
5
30
-345
-441
-323
-423
-439
-313
-159
71
185
158
111
50
18
-142
-341
-257
-77
-18
-84
-266
-280
-97
-122
-312
-344
-179
78
211
128
40
193
445
398
233
327
501
615
579
351
256
329
331
207
-23
-98
30
3
-136
-237
-312
-303
-303
-377
-383
-235
-42
69
97
124
194
250
279
293
357
496
651
836
939
951
1004
990
875
801
740
682
718
751
748
768
759
708
637
525
437
381
319
255
158
80
48
-17
-122
-224
-303
-370
-426
-457
-465
-452
-442
-432
-403
-359
-307
-280
-282
-278
-231
-200
-200
-141
-68
-31
-19
-59
-114
-139
-143
-161
-185
-205
-198
-154
-175
-211
-239
-311
-336
-365
-415
-388
-323
-279
-253
-209
-152
-72
13
51
106
177
205
211
216
235
251
247
239
217
154
87
27
-59
-127
-195
-259
-287
-275
-214
-175
-172
-168
-201
-213
278
1289
1616
891
-73
-806
-773
-144
199
207
-16
-525
-994
-1155
-973
-573
-374
-623
-896
-929
-779
-366
-120
-311
-537
-781
-847
-415
-29
82
6
-414
-829
-999
-1001
-775
-440
-338
-590
-911
-1155
-1185
-974
-902
-880
-769
-762
-688
-555
-427
-153
-1
-82
-113
12
255
574
834
915
922
882
755
754
925
1110
1202
1070
894
878
891
961
1142
1266
1243
1078
820
682
733
835
840
750
637
525
443
389
396
416
385
278
73
-44
-5
47
69
44
-51
-187
-362
-502
-523
-515
-515
-511
-537
-515
-463
-387
-239
-119
2
77
50
129
306
440
593
701
696
696
640
531
555
621
635
625
534
437
375
275
169
110
78
-1
-176
-345
-429
-452
-447
-463
-506
-532
-529
-523
-537
-484
-397
-463
-493
-378
-366
-315
-214
-331
-404
-417
-608
-695
-712
-778
-734
-820
-922
-783
-740
-826
-940
-1080
-975
-799
-790
-681
-562
-496
-422
-565
-644
-495
-489
-495
-454
-513
-373
-237
-457
-568
-539
-689
-782
-811
-899
-892
-854
-940
-979
-925
-966
-1016
-1029
-1041
-904
-668
-471
-223
155
476
661
850
1050
1268
1502
1618
1661
1768
1864
1887
1930
1994
2037
2010
1852
1652
1564
1564
1503
1378
1248
1128
1042
925
841
859
822
689
500
282
122
41
-35
-142
-236
-347
-507
-674
-791
-789
-777
-820
-830
-841
-850
-820
-839
-848
-771
-717
-680
-588
-469
-283
-61
94
282
501
590
582
575
637
824
1003
1069
1064
1057
1074
1034
933
883
891
776
519
330
232
185
184
111
-76
-261
-416
-612
-768
-764
-695
-667
-662
-659
-603
-516
-448
-387
-364
-335
-300
-306
-265
-182
-160
-233
-336
-414
-481
-539
-678
-839
-823
-817
-897
-932
-1012
-1090
-1105
-1214
-1332
-1265
-1129
-1111
-1166
-1198
-1240
-1200
-1087
-1116
-1139
-1051
-1099
-1163
-1054
-954
-873
-727
-730
-817
-744
-713
-793
-768
-708
-689
-643
-594
-510
-381
-303
-303
-351
-396
-361
-273
-172
4
273
537
742
895
1036
1216
1381
1498
1636
1766
1886
2030
2112
2181
2316
2410
2403
2375
2357
2314
2254
2146
1937
1683
1447
1221
1059
952
779
563
323
43
-191
-361
-484
-585
-693
-805
-926
-998
-1038
-1065
-1029
-991
-957
-871
-776
-653
-489
-379
-316
-250
-202
-156
-83
-7
139
324
425
508
534
456
447
501
533
579
621
642
677
697
668
653
645
566
467
383
282
221
171
51
-56
-146
-278
-398
-479
-554
-601
-631
-687
-704
-657
-610
-571
-553
-583
-609
-626
-656
-638
-527
-404
-363
-375
-410
-459
-514
-588
-629
-662
-704
-743
-795
-811
-844
-944
-1068
-1245
-1356
-1364
-1435
-1469
-1385
-1345
-1334
-1297
-1305
-1256
-1191
-1206
-1113
-950
-814
-653
-601
-618
-538
-480
-462
-368
-266
-180
-107
-141
-236
-273
-288
-347
-470
-658
-792
-766
-637
-377
-90
13
95
283
530
876
1163
1306
1470
1634
1758
1934
2189
2545
2878
2971
2875
2793
2824
2924
2902
2686
2412
2132
1811
1488
1247
1097
938
676
283
-114
-330
-441
-613
-809
-997
-1155
-1250
-1329
-1340
-1237
-1139
-1114
-1132
-1136
-1055
-911
-784
-694
-601
-487
-381
-280
-141
-17
77
176
241
296
361
430
549
625
628
658
718
785
836
814
724
651
641
609
533
479
440
335
181
43
-63
-67
-33
-129
-280
-382
-450
-487
-493
-457
-394
-362
-428
-503
-504
-470
-392
-354
-415
-421
-371
-376
-376
-329
-311
-360
-463
-598
-707
-774
-856
-961
-1055
-1142
-1238
-1352
-1468
-1544
-1549
-1577
-1638
-1605
-1544
-1509
-1452
-1427
-1368
-1193
-1020
-868
-707
-587
-474
-299
-137
-76
-108
-193
-233
-176
-130
-134
-139
-147
-173
-283
-488
-628
-623
-655
-786
-907
-1005
-917
-644
-364
-4
343
569
788
1012
1323
1728
2001
2108
2192
2296
2415
2600
2788
2898
2911
2767
2571
2446
2369
2284
2047
1654
1230
807
457
245
124
14
-164
-436
-739
-914
-946
-964
-1016
-1096
-1172
-1208
-1190
-1076
-883
-685
-561
-527
-495
-420
-293
-171
-113
-61
-27
-47
-47
25
153
268
328
339
332
387
474
479
449
490
555
607
668
663
614
658
707
664
600
557
493
359
221
129
62
85
119
35
-65
-148
-248
-317
-344
-349
-321
-313
-371
-381
-351
-368
-347
-354
-463
-547
-579
-609
-600
-534
-543
-631
-717
-869
-1025
-1084
-1132
-1161
-1151
-1199
-1278
-1310
-1354
-1385
-1339
-1319
-1317
-1273
-1280
-1276
-1157
-1027
-928
-819
-737
-703
-653
-568
-496
-400
-321
-352
-464
-621
-701
-631
-541
-495
-498
-585
-672
-692
-742
-805
-754
-704
-775
-854
-849
-668
-241
282
643
749
864
1180
1577
1925
2128
2144
2102
2093
2076
2098
2295
2560
2606
2371
2056
1908
1957
2002
1878
1592
1258
961
681
449
357
401
359
119
-131
-260
-255
-181
-202
-369
-561
-708
-819
-839
-709
-526
-437
-512
-652
-701
-670
-585
-474
-431
-458
-482
-469
-397
-202
50
188
248
294
310
340
433
612
766
788
758
777
861
976
1041
967
792
677
579
425
341
357
343
198
20
-80
-137
-117
-101
-236
-362
-361
-368
-385
-348
-297
-262
-269
-342
-367
-303
-292
-313
-348
-466
-560
-604
-677
-730
-740
-829
-992
-1089
-1151
-1217
-1226
-1263
-1353
-1390
-1426
-1473
-1432
-1375
-1344
-1273
-1216
-1200
-1150
-1086
-1040
-965
-891
-868
-830
-748
-665
-583
-501
-473
-496
-491
-521
-600
-591
-549
-525
-461
-425
-420
-371
-351
-423
-473
-447
-449
-485
-546
-622
-489
-101
312
620
792
918
1168
1555
1860
1938
1914
1867
1828
1834
1877
2041
2271
2308
2133
1960
1924
2004
2066
1899
1500
1153
914
689
579
582
570
464
253
20
-97
-69
-56
-160
-390
-667
-830
-911
-900
-733
-606
-616
-666
-707
-665
-516
-375
-296
-248
-235
-232
-164
-16
197
401
480
483
474
504
598
743
866
849
768
709
658
681
723
647
527
456
385
280
225
216
160
49
-105
-234
-253
-188
-157
-230
-314
-342
-340
-330
-338
-336
-325
-378
-484
-540
-523
-518
-533
-587
-696
-720
-666
-675
-692
-698
-781
-918
-1029
-1082
-1069
-1040
-1067
-1117
-1154
-1182
-1198
-1207
-1213
-1217
-1247
-1315
-1363
-1325
-1219
-1110
-992
-891
-857
-850
-827
-771
-684
-609
-611
-651
-623
-533
-424
-320
-268
-243
-257
-358
-437
-423
-404
-434
-524
-677
-825
-875
-847
-702
-317
129
379
533
786
1178
1638
1954
1957
1857
1910
2004
2076
2248
2469
2628
2628
2428
2245
2289
2405
2343
2074
1689
1346
1146
955
770
708
603
346
53
-185
-297
-294
-333
-530
-760
-921
-1038
-1067
-974
-830
-721
-700
-725
-684
-518
-295
-119
-1
54
73
101
119
199
358
486
547
564
574
576
561
536
514
533
494
353
264
284
352
391
352
228
104
80
58
-10
-2
30
-22
-112
-178
-195
-120
-11
-18
-107
-172
-243
-305
-324
-325
-301
-292
-357
-462
-529
-551
-564
-567
-590
-635
-646
-649
-661
-677
-715
-814
-938
-1018
-1071
-1102
-1101
-1114
-1135
-1163
-1245
-1308
-1313
-1315
-1317
-1292
-1301
-1311
-1226
-1110
-1036
-922
-772
-692
-668
-634
-580
-457
-300
-286
-409
-478
-399
-257
-188
-227
-296
-336
-359
-401
-486
-573
-620
-713
-897
-1055
-1039
-717
-195
210
416
588
927
1498
2049
2272
2210
2143
2167
2200
2232
2323
2522
2680
2572
2282
2121
2243
2480
2441
2002
1448
1063
832
631
466
349
222
5
-278
-459
-432
-285
-272
-522
-858
-1093
-1156
-1051
-880
-700
-576
-569
-569
-452
-219
61
264
299
240
206
210
284
441
565
577
491
388
380
474
535
471
345
242
157
82
20
-28
-33
-29
-78
-103
-22
67
74
27
-53
-102
-66
-31
-41
-35
-2
41
95
140
134
68
-26
-137
-229
-252
-264
-301
-338
-410
-506
-547
-546
-550
-570
-647
-773
-871
-922
-942
-956
-1006
-1082
-1143
-1192
-1205
-1147
-1044
-972
-978
-1036
-1102
-1122
-1081
-1030
-994
-950
-870
-765
-665
-565
-488
-461
-468
-532
-646
-734
-741
-680
-600
-568
-584
-620
-655
-660
-655
-682
-718
-787
-912
-1000
-1037
-1075
-1082
-1015
-821
-415
81
453
743
1137
1649
2127
2382
2356
2279
2366
2520
2596
2647
2781
2889
2816
2576
2344
2325
2424
2310
1885
1365
980
748
545
318
107
-44
-212
-437
-573
-546
-461
-472
-656
-921
-1072
-1023
-862
-668
-470
-353
-337
-337
-251
-27
254
459
513
476
451
453
505
593
634
603
497
363
330
408
450
401
307
165
16
-83
-159
-183
-113
-72
-139
-206
-196
-128
-22
56
50
33
36
2
-24
18
88
156
202
168
87
59
61
40
24
-36
-164
-264
-340
-432
-493
-527
-606
-690
-745
-817
-856
-835
-851
-925
-1029
-1162
-1276
-1306
-1273
-1208
-1119
-1053
-1024
-1000
-980
-942
-885
-887
-963
-1020
-997
-934
-833
-717
-662
-596
-485
-445
-485
-539
-590
-613
-609
-639
-698
-740
-780
-768
-702
-684
-687
-659
-661
-713
-740
-709
-707
-729
-779
-884
-771
-257
362
761
1037
1415
1880
2331
2599
2590
2560
2632
2596
2416
2338
2493
2680
2637
2340
2084
2117
2194
2055
1723
1293
939
682
384
95
-30
-47
-185
-419
-512
-447
-320
-246
-347
-565
-700
-695
-647
-539
-369
-265
-242
-235
-152
63
292
440
506
480
402
357
349
336
343
334
241
190
270
356
389
401
357
239
103
-13
-100
-88
-28
-51
-116
-108
-24
76
151
157
122
94
32
-46
-44
22
88
127
112
80
95
103
42
-33
-118
-249
-385
-477
-535
-580
-651
-759
-855
-918
-985
-1035
-1063
-1077
-1066
-1113
-1172
-1042
-852
-808
-844
-945
-1093
-1138
-1120
-1172
-1152
-1055
-1104
-1252
-1345
-1338
-1238
-1105
-988
-913
-819
-700
-627
-587
-567
-583
-673
-773
-763
-688
-604
-537
-485
-388
-318
-342
-416
-476
-491
-550
-707
-933
-1117
-1152
-1069
-718
14
858
1553
2040
2478
3013
3553
3809
3596
3260
3099
2985
2853
2709
2636
2608
2426
2088
1772
1666
1614
1282
684
18
-432
-634
-828
-970
-957
-825
-711
-662
-520
-301
-79
29
-95
-227
-213
-78
117
311
543
719
809
903
992
1109
1152
1022
790
521
316
166
44
-39
-116
-155
-192
-196
-118
-68
-62
-115
-240
-338
-369
-294
-140
33
212
370
551
727
840
884
803
688
573
390
215
100
56
46
-18
-140
-278
-355
-419
-579
-777
-964
-1103
-1185
-1253
-1249
-1160
-1048
-979
-983
-977
-948
-911
-899
-933
-950
-960
-971
-957
-923
-859
-834
-902
-1024
-1153
-1232
-1299
-1377
-1446
-1503
-1491
-1428
-1315
-1109
-852
-624
-546
-650
-760
-725
-608
-572
-641
-709
-673
-505
-377
-395
-413
-379
-429
-620
-837
-964
-983
-1008
-1176
-1423
-1580
-1551
-1221
-460
624
1697
2520
3096
3674
4349
4819
4858
4570
4239
3943
3578
3210
2971
2865
2633
2060
1363
840
609
378
-153
-790
-1307
-1578
-1668
-1649
-1409
-1043
-679
-421
-238
77
466
796
917
842
831
900
1065
1281
1427
1503
1425
1268
1081
874
691
399
34
-373
-762
-974
-1023
-933
-846
-854
-857
-784
-549
-245
11
196
284
383
506
638
836
1012
1098
1090
1038
998
961
917
783
529
234
-47
-257
-375
-425
-446
-514
-625
-704
-724
-691
-651
-665
-740
-815
-822
-773
-693
-629
-606
-625
-691
-740
-732
-715
-735
-817
-956
-1090
-1138
-1118
-1120
-1151
-1207
-1297
-1416
-1539
-1597
-1617
-1627
-1641
-1702
-1671
-1447
-1092
-771
-622
-598
-600
-496
-341
-297
-325
-373
-374
-361
-450
-524
-507
-478
-562
-802
-999
-1036
-974
-973
-1169
-1331
-1354
-1381
-1473
-1662
-1683
-1252
-310
1009
2248
3301
4201
4952
5655
5993
5917
5515
4843
4104
3213
2466
2018
1697
1350
639
-26
-377
-576
-671
-1035
-1476
-1793
-1927
-1720
-1410
-817
-127
402
928
1304
1719
2084
2249
2245
1894
1539
1295
1191
1221
1081
914
640
310
46
-287
-537
-805
-1115
-1442
-1721
-1684
-1458
-1119
-794
-567
-301
-26
352
737
1005
1132
1122
1126
1082
1071
1121
1126
1105
973
816
657
545
473
219
-98
-411
-632
-735
-802
-697
-586
-494
-389
-346
-256
-191
-120
-176
-406
-558
-665
-672
-639
-631
-594
-614
-600
-605
-650
-703
-853
-1014
-1209
-1382
-1454
-1465
-1417
-1375
-1327
-1303
-1273
-1236
-1277
-1330
-1353
-1346
-1433
-1592
-1607
-1427
-1114
-951
-875
-695
-536
-464
-563
-598
-497
-410
-383
-567
-647
-534
-407
-263
-277
-340
-549
-826
-942
-1127
-1250
-1444
-1720
-1919
-2130
-1902
-1030
480
2139
3265
4087
4724
5442
6105
6193
5862
5118
4229
3317
2420
1880
1506
1202
660
-135
-679
-949
-903
-936
-1293
-1685
-1923
-1715
-1260
-671
60
698
1254
1561
1763
2051
2289
2375
2051
1491
1020
781
786
728
574
345
66
-148
-397
-596
-732
-899
-1140
-1460
-1564
-1324
-853
-366
-81
134
372
657
959
1154
1277
1255
1110
938
792
816
922
952
822
619
489
433
452
399
212
-27
-242
-401
-473
-380
-247
-154
-156
-221
-191
-107
-13
-54
-228
-449
-688
-766
-798
-806
-798
-865
-901
-943
-890
-799
-837
-949
-1211
-1456
-1582
-1592
-1509
-1501
-1437
-1321
-1212
-1021
-848
-720
-685
-793
-978
-1222
-1404
-1500
-1543
-1453
-1357
-1282
-1186
-1099
-916
-755
-671
-582
-611
-675
-724
-718
-612
-550
-442
-407
-439
-304
-205
-116
-186
-467
-680
-996
-1291
-1627
-1852
-1371
-284
1262
2513
3367
4369
5142
5833
6056
5694
5133
4229
3384
2293
1328
944
608
382
-185
-621
-656
-700
-507
-738
-1128
-1312
-1319
-956
-722
-157
573
1121
1720
1989
2296
2520
2495
2270
1597
1026
604
362
171
-179
-262
-391
-544
-599
-742
-844
-967
-1037
-1240
-1395
-1152
-796
-361
53
416
795
1098
1369
1456
1374
1242
1130
1047
863
791
846
850
781
663
554
430
374
317
125
-87
-205
-276
-404
-467
-361
-224
-116
13
170
239
284
328
184
-83
-327
-499
-674
-856
-923
-947
-979
-990
-966
-982
-1115
-1205
-1329
-1557
-1676
-1637
-1546
-1514
-1442
-1282
-1123
-930
-714
-575
-608
-696
-819
-1068
-1338
-1500
-1588
-1699
-1598
-1290
-987
-670
-467
-400
-469
-553
-625
-884
-1062
-1131
-1141
-1031
-909
-651
-447
-311
-205
-290
-329
-423
-554
-712
-1034
-1198
-1356
-1477
-1222
-449
957
2327
3364
4222
4754
5302
5691
5618
5041
4046
3183
2185
1194
652
355
238
-132
-473
-588
-668
-376
-231
-449
-791
-886
-479
-164
292
919
1375
1796
2021
2205
2219
2115
2021
1488
791
223
-72
-152
-382
-562
-712
-810
-772
-761
-730
-819
-856
-832
-907
-772
-433
9
403
653
900
1099
1320
1456
1354
1225
1112
1009
856
704
622
489
412
332
161
82
95
100
-30
-214
-260
-298
-327
-258
-130
-3
126
331
418
427
552
559
317
-36
-305
-520
-783
-957
-1047
-1158
-1249
-1268
-1307
-1433
-1498
-1471
-1537
-1657
-1636
-1514
-1391
-1240
-1039
-896
-840
-720
-610
-616
-710
-842
-998
-1235
-1465
-1604
-1626
-1548
-1367
-1088
-901
-743
-611
-550
-518
-562
-617
-856
-1087
-1131
-1164
-1070
-910
-619
-429
-393
-207
-270
-346
-355
-557
-882
-1294
-1366
-1506
-1717
-1264
-240
1240
2568
3678
4677
5202
5837
6190
5780
4906
3874
3051
1876
832
407
40
-181
-437
-540
-574
-545
-74
-18
-398
-631
-478
-85
65
475
978
1237
1609
1942
2122
2046
1983
1807
1114
441
37
-213
-494
-818
-962
-1096
-1093
-881
-732
-709
-703
-548
-493
-532
-355
-52
252
475
690
918
1115
1404
1617
1629
1512
1322
1120
800
508
325
83
-155
-343
-361
-253
-141
16
37
-48
-92
-85
-34
3
76
162
216
303
464
630
640
500
242
-102
-453
-754
-1001
-1231
-1425
-1547
-1583
-1593
-1546
-1453
-1429
-1437
-1418
-1358
-1299
-1225
-1111
-1034
-967
-855
-721
-672
-678
-693
-814
-988
-1194
-1391
-1544
-1563
-1446
-1426
-1352
-1173
-957
-780
-752
-724
-750
-720
-703
-766
-718
-718
-635
-517
-464
-424
-436
-338
-427
-699
-913
-1102
-1202
-1377
-1547
-1705
-1614
-775
641
2066
3075
3988
4810
5312
5732
5851
5474
4680
3800
2828
1647
900
627
310
-230
-665
-749
-750
-622
-468
-576
-814
-781
-407
-200
-4
506
1029
1335
1584
1921
2062
2039
1944
1559
954
462
273
8
-424
-714
-837
-864
-844
-680
-603
-680
-650
-594
-567
-520
-279
-8
116
334
604
895
1147
1347
1407
1257
1182
1090
914
666
425
235
-31
-170
-247
-267
-197
-131
-59
-108
-93
-16
27
80
99
196
246
305
434
478
531
560
471
218
-100
-345
-637
-949
-1197
-1402
-1507
-1532
-1483
-1413
-1389
-1337
-1300
-1318
-1334
-1292
-1189
-1145
-1087
-963
-865
-749
-652
-619
-653
-740
-846
-1055
-1316
-1487
-1609
-1702
-1706
-1608
-1467
-1368
-1233
-1062
-900
-670
-524
-494
-491
-463
-369
-378
-440
-490
-584
-723
-884
-911
-953
-1059
-1110
-1237
-1355
-1405
-1351
-973
-119
1134
2308
3256
4086
4748
5362
5749
5704
5286
4614
3802
2737
1691
931
389
-52
-576
-928
-1084
-1097
-861
-691
-695
-749
-607
-388
-314
-37
389
831
1254
1579
1826
1907
1960
1926
1642
1226
828
542
169
-267
-509
-643
-756
-803
-814
-858
-854
-704
-596
-632
-616
-506
-351
-206
-6
302
569
797
955
990
982
1019
1061
912
703
535
396
296
195
178
138
116
125
83
74
53
95
82
0
-21
-7
130
236
307
359
334
308
185
17
-217
-479
-694
-942
-1137
-1252
-1280
-1250
-1222
-1206
-1240
-1271
-1296
-1321
-1342
-1358
-1302
-1195
-1044
-896
-781
-681
-624
-598
-683
-843
-1020
-1262
-1569
-1939
-2161
-2129
-1844
-1403
-1106
-964
-902
-756
-476
-264
-202
-287
-440
-622
-748
-754
-679
-584
-575
-730
-1026
-1247
-1302
-1285
-1430
-1733
-2008
-2267
-2071
-1197
170
1682
2954
4077
4880
5550
6205
6476
6280
5567
4660
3440
2116
1241
593
115
-372
-753
-1022
-1236
-1081
-900
-864
-977
-1032
-995
-1044
-767
-243
359
972
1549
2021
2194
2364
2492
2327
1890
1365
883
287
-175
-387
-544
-632
-624
-605
-748
-838
-726
-680
-766
-847
-879
-928
-853
-535
-175
173
568
893
1009
1024
1114
1150
1050
889
720
540
374
364
381
326
313
311
237
76
-8
-50
-166
-286
-405
-434
-368
-197
60
268
434
564
622
519
293
60
-217
-508
-795
-1051
-1230
-1302
-1252
-1183
-1147
-1138
-1140
-1196
-1281
-1308
-1310
-1269
-1209
-1164
-1118
-1031
-858
-718
-672
-719
-834
-1027
-1319
-1617
-1889
-2081
-2135
-2029
-1814
-1540
-1212
-901
-608
-367
-240
-264
-399
-555
-804
-941
-931
-939
-905
-802
-660
-697
-681
-523
-580
-842
-1211
-1543
-1977
-2101
-1350
-182
1058
2276
3538
4517
5198
6040
6424
6096
5414
4602
3421
1934
1084
635
93
-330
-501
-643
-932
-789
-495
-694
-999
-1045
-1083
-1339
-1188
-526
51
640
1410
2005
2176
2376
2666
2496
1972
1538
1084
351
-241
-419
-559
-723
-656
-516
-666
-783
-610
-607
-855
-994
-1019
-1173
-1208
-837
-399
-23
463
941
1145
1174
1286
1271
1049
873
740
483
203
146
166
145
229
323
276
144
82
5
-169
-314
-434
-519
-526
-382
-121
153
477
734
861
834
657
413
60
-320
-702
-1049
-1297
-1454
-1476
-1438
-1342
-1223
-1167
-1145
-1150
-1139
-1136
-1132
-1118
-1151
-1159
-1111
-1009
-877
-742
-630
-640
-784
-1032
-1323
-1623
-1888
-2011
-2036
-1995
-1814
-1511
-1186
-904
-642
-449
-374
-387
-497
-663
-799
-861
-872
-880
-844
-724
-575
-432
-358
-411
-543
-748
-1030
-1361
-1599
-1472
-841
234
1418
2509
3530
4373
5071
5506
5501
5107
4448
3651
2609
1572
870
444
255
91
-80
-257
-345
-260
-334
-565
-800
-912
-968
-1049
-841
-405
178
868
1435
1760
1876
2027
2020
1705
1335
983
618
188
-136
-338
-486
-433
-305
-319
-480
-560
-596
-772
-939
-1032
-1078
-1049
-857
-593
-341
55
532
898
1037
1046
983
815
717
671
576
432
333
229
70
79
177
219
197
120
-27
-243
-336
-346
-318
-230
-100
54
170
377
638
804
834
696
397
-45
-431
-713
-963
-1140
-1219
-1234
-1285
-1267
-1153
-1044
-957
-884
-855
-940
-1014
-1027
-1024
-984
-906
-799
-767
-726
-646
-637
-701
-867
-1088
-1402
-1722
-1940
-2066
-2009
-1822
-1561
-1337
-1140
-858
-634
-491
-415
-396
-461
-610
-690
-784
-833
-754
-613
-471
-397
-267
-177
-182
-241
-352
-462
-621
-729
-836
-970
-834
-260
656
1585
2446
3169
3575
3794
3856
3711
3375
3025
2674
2066
1416
986
778
708
719
778
651
452
315
93
-166
-327
-287
-284
-380
-326
-195
26
351
703
907
928
993
919
675
487
386
321
173
48
-71
-202
-175
-98
-74
-109
-134
-184
-355
-468
-462
-420
-319
-182
-70
-9
69
185
201
177
233
296
309
250
187
88
-27
-6
28
0
-12
35
67
17
73
188
257
340
394
384
322
356
430
402
344
240
43
-257
-557
-774
-932
-998
-1007
-1035
-1118
-1154
-1088
-1027
-948
-816
-680
-606
-556
-495
-480
-450
-417
-432
-514
-642
-758
-920
-1101
-1261
-1408
-1559
-1701
-1744
-1742
-1702
-1554
-1340
-1109
-887
-670
-511
-405
-314
-265
-277
-328
-359
-385
-404
-405
-346
-243
-165
-59
41
88
93
71
15
-124
-242
-336
-434
-435
-360
-235
-144
-40
178
476
841
1209
1554
1789
1918
2065
2128
2092
2058
2036
1938
1754
1612
1492
1360
1296
1289
1246
1144
1072
1002
815
573
400
226
17
-127
-205
-293
-382
-374
-348
-350
-263
-141
-69
-82
-91
-87
-156
-165
-114
-53
14
107
233
276
341
440
483
495
455
383
204
6
-125
-235
-293
-343
-370
-436
-540
-572
-588
-615
-629
-590
-574
-602
-528
-393
-230
28
351
630
826
994
1071
1030
943
807
572
243
-89
-413
-737
-965
-1074
-1143
-1206
-1203
-1171
-1168
-1142
-1085
-1029
-981
-890
-765
-640
-442
-182
54
215
314
379
345
222
49
-165
-417
-708
-947
-1116
-1209
-1173
-1036
-847
-661
-459
-269
-163
-74
16
54
37
31
47
17
35
136
213
260
317
350
338
334
299
200
119
88
62
12
3
78
188
300
408
482
503
505
469
368
266
201
128
21
-54
-64
-30
29
55
45
17
-10
-26
-64
-96
-93
-57
-26
-8
70
198
340
462
521
536
529
536
516
432
349
299
274
237
209
188
144
122
111
63
-6
-33
-24
-40
-59
-45
-12
36
116
200
257
298
335
322
250
172
107
21
-85
-188
-292
-376
-430
-448
-449
-433
-400
-373
-344
-304
-218
-88
52
189
313
428
523
589
613
586
538
475
364
197
4
-166
-323
-465
-586
-693
-750
-742
-700
-657
-585
-458
-328
-226
-133
-39
62
175
281
340
350
355
325
230
109
-19
-146
-274
-398
-519
-620
-647
-605
-542
-482
-409
-316
-235
-156
-79
-17
51
100
126
142
177
225
241
226
184
140
96
32
-46
-111
-130
-123
-115
-104
-76
-15
70
162
236
288
339
368
358
319
288
280
269
262
242
214
187
148
88
1
-84
-163
-245
-326
-394
-417
-400
-371
-330
-270
-181
-87
-4
64
108
139
167
189
201
223
269
317
347
370
366
341
301
234
143
37
-46
-115
-188
-247
-288
-286
-257
-198
-124
-81
-27
10
18
-12
-72
-126
-209
-278
-329
-358
-348
-339
-310
-302
-303
-273
-239
-203
-172
-92
13
100
199
299
399
490
566
593
560
525
459
337
194
64
-43
-149
-232
-294
-327
-303
-249
-179
-108
-20
63
109
151
188
211
226
247
273
273
268
261
222
154
55
-60
-178
-283
-375
-462
-509
-499
-444
-368
-284
-184
-69
31
104
159
221
263
263
240
226
242
257
251
210
162
130
84
14
-82
-166
-234
-283
-304
-311
-273
-225
-172
-116
-58
10
63
112
135
142
153
159
181
189
207
225
230
229
192
150
87
26
-28
-119
-202
-271
-316
-339
-332
-269
-211
-161
-125
-88
-55
-32
10
34
44
59
85
115
140
188
227
238
240
227
202
152
114
96
61
3
-72
-127
-156
-159
-132
-113
-97
-89
-101
-130
-169
-194
-229
-283
-335
-367
-360
-329
-274
-207
-155
-119
-87
-54
-17
30
78
116
157
214
269
321
377
417
427
403
349
258
129
-9
-147
-277
-387
-458
-483
-461
-376
-255
-125
17
163
298
398
479
537
554
539
501
464
426
382
324
228
108
-4
-102
-217
-343
-445
-517
-556
-567
-539
-484
-411
-294
-152
-24
88
200
285
323
358
395
405
404
406
381
325
276
246
200
136
78
17
-68
-162
-231
-276
-302
-280
-236
-212
-185
-139
-104
-93
-75
-39
-34
-42
-33
-6
25
58
82
58
12
-19
-42
-66
-79
-78
-89
-111
-111
-95
-69
-25
19
36
34
35
31
9
-5
-7
-16
-16
-3
7
12
33
60
62
54
62
65
68
78
93
104
108
120
116
113
128
135
117
67
24
-22
-86
-157
-233
-296
-354
-387
-393
-382
-338
-286
-251
-231
-196
-137
-75
-6
70
148
210
259
307
334
347
350
333
283
213
146
71
-4
-75
-147
-233
-310
-357
-388
-379
-328
-241
-143
-40
79
193
318
442
534
585
602
604
565
498
421
319
202
70
-59
-192
-313
-389
-434
-456
-461
-442
-416
-398
-354
-276
-188
-102
-16
55
94
135
192
228
246
272
294
287
265
250
218
170
130
88
32
-26
-63
-105
-160
-187
-170
-153
-150
-151
-160
-157
-124
-86
-73
-63
-28
16
48
70
89
94
82
49
1
-32
-39
-17
-1
15
44
81
119
139
148
149
142
126
85
34
-18
-55
-78
-110
-130
-143
-142
-140
-139
-133
-134
-120
-101
-94
-82
-62
-31
-10
22
71
111
147
165
161
136
107
77
23
-39
-103
-169
-239
-297
-324
-326
-310
-287
-263
-238
-202
-148
-82
-11
71
153
227
287
340
383
400
397
368
320
265
200
126
38
-47
-118
-178
-221
-246
-248
-243
-221
-174
-121
-58
15
94
177
262
349
398
419
432
429
395
333
254
153
43
-56
-156
-256
-330
-374
-404
-417
-400
-357
-305
-242
-175
-124
-84
-39
8
42
80
125
150
168
187
191
173
152
143
120
95
79
51
13
-20
-35
-51
-64
-58
-50
-54
-54
-46
-51
-68
-70
-72
-100
-118
-108
-81
-52
-28
-13
-12
4
41
68
77
92
123
137
142
167
204
238
262
275
262
231
198
159
105
58
29
-1
-49
-97
-123
-146
-163
-163
-159
-160
-161
-143
-126
-106
-58
-4
36
57
80
103
112
122
118
86
35
-27
-101
-185
-250
-292
-327
-354
-365
-353
-332
-305
-278
-252
-211
-161
-110
-58
6
85
162
237
305
360
392
392
361
314
270
224
171
104
33
-38
-101
-143
-171
-182
-185
-192
-194
-183
-147
-97
-36
37
100
155
200
235
252
257
257
228
173
110
48
-16
-76
-120
-166
-207
-233
-237
-228
-198
-150
-102
-56
-20
12
34
52
64
56
43
30
32
50
66
80
82
88
90
89
84
72
68
66
62
55
51
56
61
54
34
17
15
20
15
-1
-16
-30
-52
-72
-85
-89
-85
-75
-70
-70
-53
-24
2
16
36
61
81
108
142
173
197
216
217
189
150
114
78
40
2
-41
-92
-135
-165
-197
-224
-233
-217
-195
-165
-129
-92
-42
11
51
69
91
127
144
136
102
50
-13
-70
-113
-159
-196
-225
-248
-270
-275
-250
-228
-213
-204
-199
-193
-173
-124
-68
-13
48
112
175
237
302
349
365
358
328
281
230
187
137
78
28
-10
-37
-59
-73
-89
-106
-108
-113
-113
-101
-74
-39
-15
4
21
36
59
87
109
113
102
76
23
-37
-89
-130
-156
-167
-172
-164
-134
-81
-22
27
61
85
92
89
87
88
86
78
61
38
25
29
37
34
26
31
33
35
39
50
62
67
76
77
87
106
114
104
81
66
53
33
12
-6
-15
-24
-29
-40
-58
-75
-95
-115
-138
-144
-126
-101
-66
-35
-6
18
44
73
90
109
121
128
125
112
103
90
79
66
48
34
25
21
8
-18
-47
-76
-103
-115
-104
-83
-54
-15
22
52
82
113
122
103
64
3
-79
-154
-207
-245
-270
-273
-262
-251
-232
-194
-160
-141
-118
-103
-105
-102
-74
-34
5
53
101
132
157
191
218
224
219
202
167
119
82
49
14
-7
-16
-20
-29
-28
-23
-25
-26
-26
-26
-31
-28
-22
-23
-18
1
21
37
54
73
82
81
65
29
-20
-67
-108
-146
-169
-164
-139
-109
-73
-27
23
72
117
143
141
123
101
70
38
19
15
11
8
8
-1
-11
-18
-23
-37
-45
-40
-32
-20
0
30
67
113
160
186
194
191
179
153
115
75
31
-12
-47
-86
-128
-154
-165
-172
-181
-173
-156
-134
-107
-80
-56
-27
20
69
102
136
177
202
206
200
184
158
132
107
71
30
8
-3
-27
-61
-83
-110
-142
-165
-177
-179
-166
-127
-88
-59
-19
24
51
60
62
53
25
-7
-45
-89
-127
-144
-147
-144
-131
-106
-81
-62
-50
-41
-36
-26
-11
3
21
39
60
76
90
104
120
129
123
101
77
61
52
48
45
33
18
9
3
1
7
22
28
25
19
14
11
15
15
4
-12
-20
-18
-18
-13
-16
-24
-38
-57
-83
-112
-129
-146
-163
-170
-154
-120
-80
-32
17
66
122
176
209
214
206
188
154
120
95
63
22
-15
-48
-77
-96
-97
-102
-114
-118
-111
-98
-73
-31
6
38
73
110
134
157
182
192
183
166
144
111
81
50
1
-60
-119
-166
-203
-221
-216
-200
-178
-148
-115
-77
-25
37
91
126
149
163
170
170
165
156
142
126
109
88
75
64
48
15
-29
-70
-101
-127
-149
-163
-171
-169
-162
-151
-126
-97
-63
-33
-18
-8
0
2
-10
-24
-34
-43
-45
-36
-21
0
34
67
84
83
76
64
46
39
38
31
22
7
-9
-22
-18
-6
-2
-5
-9
-6
-1
13
25
29
32
40
50
62
83
108
121
118
107
87
71
64
52
33
12
-5
-17
-31
-36
-46
-63
-81
-100
-122
-143
-155
-171
-194
-208
-203
-178
-139
-83
-26
23
68
104
119
115
109
95
66
35
11
-8
-20
-24
-24
-31
-37
-36
-44
-52
-54
-45
-28
-10
13
33
54
79
104
127
143
147
138
113
78
44
14
-16
-44
-74
-102
-125
-139
-143
-143
-133
-119
-101
-79
-46
-3
48
103
150
187
211
228
235
228
211
191
163
133
100
70
46
28
15
-5
-29
-50
-67
-88
-112
-132
-146
-157
-164
-165
-155
-136
-104
-74
-54
-43
-35
-29
-33
-40
-45
-47
-48
-43
-34
-23
4
35
53
58
56
52
47
44
40
29
14
1
-11
-22
-20
-11
-5
-8
-12
-15
-14
-8
3
11
12
16
24
37
59
88
115
128
130
125
111
96
79
55
24
-6
-29
-47
-57
-57
-55
-56
-60
-68
-79
-95
-110
-129
-147
-152
-139
-112
-77
-35
10
48
81
106
115
115
105
84
47
7
-25
-55
-75
-85
-85
-84
-74
-57
-42
-31
-16
-3
6
15
29
43
58
76
91
102
110
117
116
101
78
53
23
-13
-49
-87
-125
-149
-159
-157
-144
-116
-77
-43
-10
27
61
97
132
162
179
187
192
191
185
178
167
151
128
106
76
43
15
-8
-30
-51
-66
-80
-91
-99
-102
-107
-109
-103
-98
-92
-85
-73
-61
-51
-43
-41
-47
-52
-59
-65
-67
-61
-50
-39
-27
-12
1
9
15
17
10
0
-3
-5
-6
-5
1
11
22
39
48
53
56
58
57
51
46
41
36
29
28
31
36
47
53
54
52
49
46
36
21
9
-7
-19
-29
-34
-35
-37
-33
-32
-35
-36
-40
-51
-73
-95
-113
-120
-114
-98
-75
-52
-24
1
20
35
48
50
39
23
3
-16
-28
-30
-27
-22
-11
4
16
28
43
55
57
55
45
31
23
25
29
31
36
41
41
35
34
27
15
3
-16
-41
-66
-84
-93
-99
-97
-88
-79
-66
-45
-24
-1
25
49
66
78
91
105
115
124
127
126
120
112
101
84
68
51
31
7
-11
-25
-35
-38
-41
-44
-49
-51
-50
-50
-46
-39
-30
-23
-16
-9
-3
-5
-8
-16
-27
-36
-41
-42
-44
-44
-39
-33
-22
-11
-1
2
3
-4
-12
-20
-27
-30
-31
-28
-23
-6
12
30
50
65
77
82
86
83
75
67
56
44
32
24
16
6
-5
-21
-40
-60
-75
-88
-100
-100
-92
-80
-63
-39
-13
11
29
41
40
35
27
12
-7
-24
-33
-38
-36
-25
-11
5
21
31
28
16
-1
-23
-52
-81
-99
-105
-98
-78
-51
-22
10
43
68
83
92
93
87
78
66
59
61
71
82
88
95
95
91
76
54
27
-3
-33
-59
-79
-90
-88
-79
-68
-57
-45
-34
-29
-28
-32
-33
-32
-28
-16
3
26
52
73
89
98
99
92
77
55
31
14
2
-5
-2
2
7
14
14
11
3
-9
-21
-36
-49
-60
-64
-65
-63
-54
-52
-47
-47
-50
-58
-65
-71
-80
-86
-83
-71
-55
-29
1
25
44
58
64
62
54
46
31
12
-2
-9
-8
0
16
30
41
53
61
67
68
68
64
58
55
51
50
52
55
55
45
31
10
-15
-39
-62
-79
-88
-85
-72
-51
-20
14
44
64
73
70
57
37
14
-10
-26
-33
-32
-23
-10
10
24
33
30
14
-13
-43
-75
-107
-126
-136
-128
-111
-84
-46
-7
29
59
74
77
71
59
43
28
18
16
16
23
33
44
57
61
58
41
17
-10
-37
-57
-70
-72
-67
-54
-34
-12
13
35
48
51
46
38
29
24
24
26
32
40
46
51
53
52
44
27
5
-19
-42
-60
-67
-69
-65
-54
-42
-28
-17
-7
-1
-3
-7
-14
-23
-29
-32
-29
-26
-22
-19
-22
-22
-27
-30
-35
-42
-43
-47
-44
-35
-22
-7
7
22
27
28
27
22
13
2
-9
-22
-34
-41
-43
-42
-37
-27
-20
-13
-3
10
23
36
47
55
60
66
70
69
64
56
38
15
-9
-32
-51
-65
-73
-75
-70
-53
-31
-5
16
35
47
48
46
41
36
33
34
36
41
48
57
65
68
64
52
32
6
-22
-52
-78
-95
-106
-108
-100
-84
-62
-36
-12
9
23
32
36
36
35
38
43
50
58
67
73
72
69
60
46
26
4
-22
-45
-62
-76
-81
-78
-70
-58
-42
-24
-6
7
19
27
34
38
46
55
64
72
79
85
88
85
80
68
49
26
1
-24
-48
-66
-80
-89
-89
-82
-71
-53
-35
-17
0
11
17
17
9
-2
-15
-27
-40
-49
-56
-60
-59
-52
-38
-25
-10
7
19
29
39
44
48
46
43
36
25
17
8
0
-13
-25
-40
-59
-75
-89
-100
-108
-110
-104
-95
-79
-55
-27
4
32
59
78
92
96
93
81
62
40
17
-7
-25
-37
-44
-45
-41
-34
-26
-15
-8
-3
-1
0
1
0
3
7
11
19
28
34
39
39
36
28
15
0
-15
-30
-44
-52
-57
-55
-47
-36
-25
-11
4
15
26
33
39
43
45
48
51
56
61
64
64
63
55
46
30
11
-7
-29
-46
-59
-69
-72
-68
-56
-42
-27
-11
5
13
20
22
21
21
21
24
28
37
50
62
75
84
90
88
82
68
47
25
0
-23
-45
-63
-74
-82
-82
-77
-69
-56
-43
-31
-19
-10
-6
-5
-8
-14
-19
-29
-37
-41
-44
-41
-36
-25
-12
6
23
40
55
65
74
78
77
70
64
53
42
31
19
7
-7
-24
-42
-63
-83
-103
-124
-140
-150
-151
-144
-127
-104
-72
-37
-4
27
51
70
80
79
70
53
35
16
2
-11
-18
-21
-19
-16
-12
-5
-3
1
0
-1
-3
-2
3
10
21
34
47
58
67
69
67
57
44
26
6
-12
-26
-35
-40
-39
-32
-23
-11
1
12
24
31
37
39
40
42
44
47
49
52
53
51
48
42
32
18
0
-18
-37
-53
-64
-73
-73
-71
-64
-52
-41
-27
-14
-2
10
17
24
28
31
36
40
43
47
51
54
55
54
49
40
30
15
-3
-22
-40
-54
-67
-74
-76
-73
-65
-55
-43
-29
-15
-3
6
11
12
9
3
-6
-16
-24
-32
-35
-37
-37
-30
-22
-14
0
13
25
36
44
50
55
58
58
57
51
45
37
30
22
9
-6
-23
-40
-59
-78
-92
-103
-110
-110
-102
-88
-70
-46
-23
-1
18
34
44
47
47
44
38
30
21
15
11
10
11
13
12
11
8
4
-2
-6
-9
-9
-6
2
15
29
46
59
68
70
65
57
44
31
16
4
-3
-10
-11
-9
-4
1
10
18
24
30
33
37
39
41
44
46
49
48
48
46
42
35
25
10
-6
-21
-39
-51
-61
-67
-70
-72
-68
-65
-57
-46
-35
-23
-9
5
21
35
48
59
64
69
70
67
62
55
44
33
18
4
-9
-24
-35
-47
-57
-65
-70
-72
-72
-69
-64
-56
-48
-38
-28
-20
-15
-10
-10
-14
-18
-25
-34
-42
-51
-59
-62
-62
-58
-52
-45
-36
-27
-18
-10
-1
9
18
26
34
41
51
55
60
59
55
49
35
20
1
-17
-34
-49
-60
-65
-63
-55
-45
-31
-17
-4
5
10
11
9
3
-6
-13
-18
-20
-17
-13
-7
2
9
15
18
19
18
15
12
11
11
15
21
29
37
43
47
47
43
32
16
-1
-21
-37
-49
-56
-58
-54
-46
-35
-23
-11
0
8
14
15
19
21
26
30
35
40
45
48
49
47
40
30
17
1
-16
-33
-47
-57
-68
-73
-77
-78
-77
-73
-67
-60
-51
-40
-27
-10
10
31
52
71
85
101
107
112
112
107
100
86
75
61
48
33
21
8
-5
-17
-25
-31
-33
-31
-26
-16
-4
10
23
36
46
52
53
49
39
28
15
0
-14
-27
-41
-51
-58
-65
-68
-70
-73
-75
-75
-73
-70
-63
-50
-37
-23
-7
8
24
36
39
42
37
29
19
11
-5
-19
-29
-40
-48
-51
-52
-52
-46
-45
-43
-39
-37
-32
-39
-48
-49
-51
-49
-46
-49
-40
-28
-22
-10
6
19
28
27
29
33
34
37
40
47
65
66
63
73
68
54
37
9
-10
-20
-44
-59
-61
-62
-46
-29
-26
-9
6
7
16
19
17
28
38
41
52
64
69
72
70
62
56
39
10
-11
-23
-31
-38
-38
-39
-41
-36
-34
-41
-66
-96
-103
-104
-98
-74
-46
25
116
172
383
689
748
727
771
653
414
236
109
-34
-171
-186
-133
-136
-86
-15
-103
-230
-286
-390
-531
-595
-599
-565
-474
-339
-185
-70
-4
45
41
-13
-22
-16
-49
-46
7
61
110
150
165
151
122
76
17
-42
-96
-93
-2
51
82
180
214
156
95
41
-11
-82
-135
-119
-104
-80
-17
-10
-35
-19
-36
-94
-125
-130
-121
-103
-86
-36
19
34
45
37
-26
-57
-56
-104
-119
-61
-19
23
82
110
119
112
74
33
-6
-29
-15
-9
-8
27
62
76
76
53
29
8
-37
-85
-92
-84
-79
-52
-30
-14
17
27
8
10
24
44
63
61
81
104
94
102
113
94
95
96
67
61
66
51
45
41
30
35
30
0
-25
-54
-89
-97
-112
-125
-110
-106
-97
-66
-46
-27
-1
7
9
16
19
32
47
46
60
82
71
46
33
9
-19
-30
-45
-54
-50
-65
-76
-73
-86
-85
-77
-85
-68
-44
-40
-18
1
6
24
36
37
49
55
53
59
55
49
48
36
33
38
27
22
22
10
-1
-9
-28
-41
-48
-54
-44
-32
-21
-6
4
3
-8
-13
-28
-52
-67
-75
-71
-55
-34
-8
21
41
50
55
47
43
35
13
0
-5
-11
-11
-9
-9
1
-11
-36
-38
-37
-40
-23
-3
9
25
36
44
51
40
34
45
49
43
51
70
65
47
51
58
41
29
25
8
-13
-28
-45
-57
-60
-55
-40
-24
-16
-6
-1
-13
-20
-14
-15
-19
-12
-3
10
33
60
76
80
80
72
42
12
2
-15
-44
-45
-27
-23
-19
-7
-4
-13
-21
-20
-19
-28
-29
-28
-36
-28
-6
5
12
19
22
29
37
37
35
31
17
5
-8
-19
-18
-21
-23
-13
2
12
24
32
20
14
21
13
2
10
19
19
18
18
20
15
0
-14
-22
-35
-45
-46
-50
-50
-38
-28
-24
-23
-21
-9
-13
-26
-24
-21
-26
-32
-33
-30
-27
-34
-42
-42
-44
-44
-35
-21
-4
23
54
75
87
90
90
85
64
46
42
28
8
-3
-7
-5
-2
-2
-4
-11
-17
-24
-35
-41
-39
-38
-38
-23
-8
-6
5
20
17
19
31
31
18
13
17
12
3
1
-5
-22
-27
-28
-31
-30
-13
2
4
13
21
13
-1
-12
-19
-21
-15
-4
9
11
12
20
21
19
17
11
12
1
-26
-35
-35
-45
-45
-30
-14
4
15
25
32
31
29
33
24
25
41
40
40
54
62
65
66
56
43
34
21
6
-6
-10
-2
-2
-9
-5
-1
-10
-23
-28
-29
-38
-44
-43
-38
-33
-16
6
20
27
31
25
15
5
-11
-18
-11
-20
-28
-13
1
-5
-4
7
5
1
2
3
-5
-11
-13
-21
-32
-38
-38
-46
-60
-76
-88
-94
-100
-110
-106
-88
-77
-67
-37
-1
23
38
55
68
67
58
56
58
56
59
62
60
56
53
49
44
42
43
46
37
30
35
22
6
1
-1
-9
-7
-2
-14
-27
-33
-35
-36
-35
-28
-22
-31
-38
-35
-38
-48
-49
-43
-41
-31
-10
8
19
28
40
42
28
20
11
-8
-15
-6
1
11
24
23
10
-1
-19
-36
-50
-56
-49
-40
-26
-13
-6
-5
1
-4
-15
-17
-24
-39
-44
-38
-27
-9
14
34
42
39
34
25
14
19
32
35
39
50
47
29
20
19
14
13
17
18
14
7
5
2
1
9
7
-3
1
6
3
9
28
39
46
54
58
59
46
33
32
32
34
38
39
32
22
12
8
2
-8
-14
-26
-38
-50
-53
-55
-59
-49
-37
-25
-16
-6
0
-6
-8
-12
-10
-12
-20
-20
-17
-11
-1
6
10
10
-1
-13
-19
-20
-15
-7
11
36
49
57
61
52
32
16
3
-8
-16
-12
-7
-10
-1
17
14
0
-5
-17
-43
-60
-66
-74
-77
-68
-52
-37
-23
-7
-2
-9
-16
-23
-32
-31
-18
-1
20
40
46
46
40
27
17
14
12
13
18
15
11
7
-6
-21
-33
-43
-49
-52
-47
-42
-34
-16
8
24
33
40
39
27
16
13
11
8
7
8
9
8
6
10
16
12
9
5
-10
-23
-29
-34
-32
-27
-20
-11
-11
-13
-11
-14
-16
-8
-3
0
5
9
12
13
12
20
24
17
13
13
11
4
9
20
20
17
18
8
-8
-22
-32
-37
-39
-31
-20
-14
-10
-3
-11
-20
-19
-28
-37
-32
-29
-31
-24
-16
-12
-6
-1
-2
-12
-16
-18
-31
-34
-28
-29
-29
-17
-12
-9
9
23
22
25
34
31
17
21
28
23
25
34
37
33
37
41
30
17
17
10
-8
-13
-15
-25
-25
-20
-22
-15
-4
2
4
12
21
24
25
28
29
28
32
31
29
42
51
48
49
49
47
38
30
20
2
-15
-24
-34
-48
-45
-41
-46
-43
-29
-18
-9
6
15
20
29
36
33
30
36
41
44
54
63
66
67
62
47
35
21
-1
-19
-26
-36
-43
-38
-34
-38
-34
-31
-43
-50
-48
-45
-42
-29
-9
5
12
22
32
32
34
41
46
49
51
51
48
42
36
28
18
5
-7
-18
-26
-26
-28
-25
-25
-29
-33
-36
-41
-50
-56
-55
-47
-42
-33
-27
-22
-17
-15
-12
-8
-5
-4
-2
0
4
7
5
5
3
-4
-7
-9
-20
-20
-12
-6
0
9
16
14
13
10
8
8
8
8
12
17
13
5
2
-2
-12
-10
-4
-12
-15
-10
-15
-28
-28
-28
-41
-42
-36
-38
-35
-23
-12
-7
2
10
8
0
3
9
10
26
43
51
58
65
57
49
40
22
12
7
4
0
4
7
6
4
4
-5
-19
-22
-21
-25
-15
10
19
31
53
58
49
52
52
36
29
35
31
20
22
25
13
2
3
-9
-26
-30
-33
-45
-47
-39
-39
-37
-28
-24
-22
-14
-4
1
12
25
32
34
44
53
53
57
59
49
38
33
19
6
5
4
-5
-6
-4
-13
-23
-24
-33
-44
-46
-44
-54
-59
-54
-55
-58
-51
-42
-44
-39
-31
-31
-29
-19
-10
-5
4
11
16
15
11
6
0
-4
-8
-11
-12
-8
-6
-1
8
14
21
26
25
23
21
19
8
1
1
1
-1
4
14
18
23
30
28
26
27
27
17
12
13
9
6
5
1
-3
-7
-13
-18
-23
-21
-19
-21
-19
-12
-6
-6
-4
-4
-7
-8
-10
-16
-16
-14
-14
-15
-14
-13
-14
-17
-18
-19
-19
-13
-11
-10
-1
8
11
16
21
22
26
25
18
15
16
14
10
11
8
8
3
-3
-5
-12
-13
-10
-14
-18
-16
-16
-23
-24
-20
-15
-11
-5
5
9
14
19
21
17
19
22
20
21
31
41
46
57
62
61
58
48
37
24
15
8
2
-3
-5
-7
-14
-21
-31
-37
-46
-52
-56
-59
-58
-60
-58
-55
-53
-48
-40
-33
-30
-21
-12
-5
3
13
20
21
25
23
18
12
9
5
-1
3
5
2
6
7
5
4
2
-3
-9
-11
-17
-21
-18
-12
-5
2
14
20
21
26
30
24
26
33
31
26
24
23
13
7
6
1
-1
-1
-2
-6
-6
2
6
10
23
32
38
45
51
52
53
54
50
48
43
36
33
30
24
19
17
12
-3
-14
-19
-30
-38
-35
-28
-27
-23
-18
-18
-19
-14
-14
-15
-6
-1
3
8
15
19
20
20
21
15
7
3
-7
-15
-17
-20
-22
-23
-22
-24
-21
-20
-21
-17
-14
-11
-11
-9
-8
-8
-5
2
6
12
20
20
18
17
17
9
3
0
-4
-9
-12
-12
-13
-15
-14
-18
-27
-33
-43
-56
-66
-65
-62
-56
-46
-36
-32
-31
-31
-35
-41
-45
-46
-44
-38
-25
-12
-2
7
13
13
3
-7
-17
-27
-32
-25
-17
-8
2
13
13
7
2
-7
-17
-22
-19
-12
0
17
33
48
61
69
71
66
60
51
45
35
34
34
31
32
31
27
21
16
7
-2
-7
-7
-6
-4
2
14
15
17
20
17
16
15
20
23
30
39
45
49
48
46
38
23
11
-1
-11
-17
-17
-12
-5
5
9
11
9
4
-4
-11
-14
-15
-12
-6
3
9
15
19
14
10
6
-3
-11
-17
-18
-19
-19
-13
-13
-14
-13
-15
-21
-24
-22
-23
-20
-14
-8
1
5
12
18
22
27
29
31
32
34
33
30
25
22
18
11
6
1
-3
-8
-10
-12
-14
-18
-19
-23
-27
-30
-31
-34
-34
-28
-24
-19
-16
-9
-6
-2
-1
-1
3
4
8
9
10
12
14
15
15
17
17
16
12
12
10
9
9
4
1
0
0
2
0
1
5
6
8
11
13
13
14
15
14
15
18
16
13
9
7
2
-4
-8
-13
-17
-23
-27
-31
-36
-37
-38
-39
-41
-39
-39
-39
-37
-35
-32
-26
-22
-16
-12
-7
-2
-1
0
1
5
6
8
12
16
20
23
28
30
29
29
27
25
23
24
26
27
32
34
33
32
28
21
14
9
3
-1
-4
-6
-7
-8
-9
-10
-13
-17
-21
-23
-25
-23
-24
-22
-17
-17
-13
-15
-16
-15
-14
-13
-9
-5
-1
5
8
11
13
13
11
10
6
4
3
3
1
1
2
-1
-4
-8
-12
-19
-23
-27
-31
-33
-33
-29
-29
-25
-19
-17
-15
-12
-10
-8
-7
-7
-4
-4
2
5
7
11
14
12
10
8
2
-1
-4
-6
-3
-1
4
6
8
8
5
4
0
0
2
8
13
21
30
37
40
41
40
38
32
28
23
18
18
17
17
15
14
12
6
1
-4
-9
-11
-15
-15
-16
-13
-11
-11
-11
-11
-9
-9
-8
-6
-5
-4
-4
-6
-5
-5
-5
-5
-3
-1
4
8
13
16
18
19
17
17
16
18
17
19
23
27
29
31
31
28
26
23
18
16
12
10
8
7
6
5
4
2
0
-2
-6
-9
-13
-15
-16
-18
-17
-17
-16
-17
-16
-16
-19
-18
-18
-18
-19
-20
-20
-19
-19
-19
-18
-16
-15
-16
-17
-15
-18
-19
-17
-20
-22
-21
-21
-21
-22
-20
-20
-19
-16
-16
-15
-13
-9
-7
-3
2
3
5
8
8
7
8
9
9
12
11
10
8
4
2
-4
-8
-12
-16
-19
-22
-21
-21
-20
-17
-15
-13
-11
-9
-8
-4
1
6
13
20
26
32
37
38
39
35
32
27
22
18
13
11
8
6
4
2
-1
-4
-9
-11
-13
-13
-11
-7
-2
1
7
10
12
13
14
13
13
10
11
13
12
14
16
19
18
20
19
19
18
16
15
12
11
13
11
15
15
16
19
18
18
15
14
12
8
7
4
3
2
2
1
0
-3
-6
-8
-13
-16
-20
-24
-23
-24
-24
-23
-21
-21
-19
-18
-17
-16
-15
-10
-8
-5
-1
3
5
6
9
7
5
3
-1
-3
-6
-7
-8
-10
-12
-15
-18
-21
-26
-28
-29
-28
-26
-23
-18
-13
-9
-4
-2
2
2
5
5
8
12
14
17
19
19
18
14
10
4
-3
-8
-12
-16
-17
-18
-17
-18
-17
-17
-18
-19
-17
-18
-16
-10
-4
5
14
23
29
32
33
31
28
24
22
22
20
21
21
18
14
7
-1
-10
-20
-29
-34
-36
-37
-33
-28
-23
-21
-19
-18
-18
-18
-16
-14
-10
-3
4
11
18
24
25
26
24
19
17
12
12
10
9
11
10
10
8
8
5
1
1
0
2
5
10
12
16
21
21
23
22
22
21
19
21
21
21
23
22
19
16
14
8
