SAMPLES:	16555
BITSPERSAMPLE:	16
CHANNELS:	1
SAMPLERATE:	16000
NORMALIZED:	FALSE
-7
-7
-8
-9
-10
-9
-10
-11
-11
-12
-13
-13
-14
-15
-17
-18
-19
-20
-19
-18
-18
-20
-16
-15
-13
-11
-8
-8
-5
-5
-4
-2
-2
-1
-2
0
-1
-2
-1
-2
-1
0
2
5
5
6
6
6
7
8
7
8
7
5
6
5
4
6
4
5
5
7
9
11
13
13
16
15
16
15
18
19
21
22
22
23
20
21
21
21
20
23
25
27
29
31
32
31
28
28
27
27
26
23
22
18
15
11
7
5
3
4
3
3
1
1
-3
-5
-8
-11
-12
-15
-16
-16
-17
-18
-21
-24
-24
-24
-23
-21
-18
-17
-16
-15
-14
-13
-12
-12
-11
-8
-6
-3
-2
-1
-2
-3
-1
-2
2
3
6
7
8
9
8
8
6
8
7
6
6
4
2
-2
-6
-11
-15
-16
-20
-20
-23
-24
-25
-26
-28
-29
-30
-29
-30
-30
-30
-32
-33
-35
-36
-37
-35
-34
-30
-27
-23
-18
-16
-10
-5
0
4
7
13
16
19
21
23
26
27
28
30
32
34
36
38
40
40
41
40
40
40
38
34
33
30
27
23
20
17
12
9
6
3
1
-3
-7
-10
-16
-19
-22
-25
-28
-29
-30
-33
-32
-34
-32
-32
-32
-31
-30
-29
-27
-25
-24
-24
-22
-21
-21
-18
-17
-14
-12
-10
-5
-3
0
2
4
7
8
11
12
12
13
11
12
12
12
13
12
12
12
12
13
13
12
13
13
13
13
14
13
11
11
11
9
9
8
6
4
4
3
-1
0
0
-1
0
-1
0
1
0
0
1
0
2
1
1
1
-1
-1
-2
-3
-2
-3
-4
-3
-4
-3
-3
-1
-1
-1
2
0
3
1
3
2
3
4
3
4
2
1
3
4
6
8
11
14
16
19
20
22
23
25
24
23
24
21
20
18
14
12
12
12
11
12
16
15
16
16
14
11
9
4
0
-3
-10
-14
-20
-23
-28
-32
-33
-36
-34
-34
-32
-30
-28
-26
-25
-25
-24
-24
-24
-24
-25
-26
-27
-28
-29
-28
-26
-22
-19
-14
-9
-3
3
8
13
20
24
27
30
32
33
32
32
29
26
25
22
21
21
22
24
26
28
29
29
30
30
30
29
28
24
20
16
9
3
-3
-9
-15
-17
-21
-23
-25
-27
-27
-28
-26
-25
-22
-21
-20
-20
-21
-21
-25
-26
-29
-32
-35
-34
-35
-35
-33
-32
-31
-27
-21
-17
-12
-8
-2
2
8
10
13
14
14
14
12
14
14
15
14
15
14
16
16
19
22
24
27
28
31
32
32
32
31
28
26
21
17
14
11
9
4
3
0
-2
-3
-3
-4
-5
-4
-3
-2
-3
-2
-4
-6
-7
-9
-12
-15
-18
-18
-21
-20
-20
-22
-20
-21
-20
-18
-17
-15
-14
-13
-11
-10
-10
-11
-10
-11
-11
-10
-9
-7
-8
-6
-6
-4
-5
-4
-2
-1
3
3
6
8
12
13
13
13
15
15
15
16
17
19
17
17
15
14
15
14
15
14
15
15
15
15
15
13
13
11
10
10
7
6
5
3
3
1
-1
-2
-5
-4
-6
-8
-8
-7
-6
-7
-7
-8
-10
-9
-10
-10
-9
-8
-7
-7
-7
-6
-5
-4
-2
-2
1
3
4
8
9
12
11
12
12
10
11
10
11
10
10
9
8
9
7
6
6
5
5
3
3
2
1
0
-3
-4
-5
-7
-7
-10
-10
-11
-12
-13
-15
-15
-16
-15
-14
-13
-12
-11
-9
-8
-7
-4
-4
-2
0
0
1
2
3
3
4
4
5
6
5
7
9
9
12
10
12
14
11
14
13
11
12
10
9
9
8
7
7
4
5
4
5
6
7
6
6
6
5
6
6
6
7
6
6
3
5
3
2
2
0
1
1
1
1
1
2
1
-1
0
0
0
1
-1
-1
-2
-4
-5
-7
-8
-9
-11
-11
-12
-12
-10
-11
-11
-10
-10
-10
-11
-10
-9
-11
-10
-12
-11
-12
-10
-10
-9
-8
-8
-5
-4
-1
-1
1
3
3
3
3
3
5
4
4
4
3
4
3
4
2
4
3
4
6
4
5
4
5
3
3
2
0
-2
-3
-4
-4
-6
-6
-6
-5
-5
-6
-3
-4
-1
-1
1
1
2
4
3
3
3
1
1
2
3
2
2
2
1
3
4
6
5
10
10
12
13
13
13
12
10
8
7
5
4
1
2
-1
-2
-3
-3
-3
-3
-2
-4
-3
-3
-1
-1
-2
-2
-4
-5
-5
-7
-8
-10
-10
-13
-13
-14
-16
-13
-13
-14
-11
-10
-8
-6
-5
-3
-3
-2
-2
-3
-2
-3
-4
-5
-5
-6
-7
-7
-8
-7
-6
-5
-3
-2
0
2
3
6
6
6
9
8
8
9
7
6
6
5
3
3
3
2
3
4
5
5
8
9
11
13
14
15
15
15
13
13
11
10
7
6
6
2
1
0
-1
-3
-3
-3
-4
-3
-3
-4
-4
-4
-5
-5
-5
-6
-8
-9
-10
-13
-15
-14
-16
-19
-18
-19
-19
-18
-17
-15
-14
-12
-10
-8
-6
-3
-1
2
3
5
5
6
6
5
6
7
8
9
10
12
13
16
17
21
23
25
26
27
28
28
27
27
26
25
24
21
20
17
16
15
14
11
11
9
8
8
4
4
2
1
0
-3
-3
-5
-7
-9
-10
-11
-11
-12
-11
-11
-10
-9
-8
-7
-7
-5
-7
-5
-6
-5
-5
-5
-4
-4
-2
-4
-2
-2
0
2
1
4
4
5
6
5
5
5
4
3
2
0
-1
-4
-4
-6
-7
-8
-9
-9
-10
-8
-8
-8
-8
-7
-9
-8
-9
-10
-10
-12
-12
-13
-14
-13
-15
-14
-13
-13
-12
-10
-8
-6
-4
-1
0
3
5
4
6
8
8
8
8
8
7
9
8
7
9
8
11
11
12
14
14
17
18
17
17
17
15
14
12
11
9
6
5
0
-2
-4
-6
-4
-5
-5
-4
-4
-5
-4
-6
-5
-6
-7
-8
-8
-9
-11
-13
-14
-13
-14
-13
-14
-13
-12
-10
-9
-7
-4
-3
-1
-1
1
3
3
4
3
2
4
3
5
4
4
7
7
8
9
10
11
11
12
12
12
12
11
10
10
9
8
6
6
4
4
4
2
3
2
2
2
2
3
2
1
1
-1
0
-2
-2
-4
-5
-6
-7
-9
-8
-9
-10
-10
-10
-9
-10
-9
-9
-8
-8
-8
-9
-9
-10
-11
-10
-11
-12
-12
-12
-10
-10
-10
-8
-8
-4
-5
-3
-2
0
1
0
3
2
4
4
2
3
1
3
2
2
3
2
4
3
4
4
5
6
6
6
6
6
5
5
4
2
3
0
0
0
-2
-3
-4
-1
-2
-2
-1
-1
0
1
0
1
1
1
-1
-2
-3
-6
-6
-8
-6
-7
-8
-6
-7
-6
-4
-4
-1
0
0
1
3
3
3
2
1
0
0
0
-2
0
0
2
2
3
6
8
11
12
13
15
17
16
16
16
15
12
11
8
8
6
5
5
4
6
6
7
8
9
10
11
11
11
10
8
7
3
1
-2
-5
-7
-9
-11
-12
-12
-11
-11
-10
-7
-6
-4
-3
-1
0
0
0
-1
-2
-3
-4
-5
-5
-6
-5
-5
-4
-2
0
2
4
8
10
11
14
14
15
15
15
13
11
10
8
6
4
3
2
2
2
2
2
1
2
4
4
3
3
1
-1
-2
-5
-8
-11
-13
-16
-18
-20
-21
-23
-22
-23
-23
-21
-21
-17
-16
-15
-14
-14
-14
-12
-11
-12
-12
-13
-13
-14
-15
-14
-14
-15
-13
-9
-10
-7
-4
-6
0
-1
-1
5
2
3
6
4
4
4
0
2
3
0
-1
1
-1
1
0
0
3
5
7
8
8
10
12
12
13
13
12
13
10
9
9
7
7
5
4
4
6
4
6
7
8
11
12
14
15
14
15
16
13
14
12
10
9
7
7
6
3
5
2
2
3
2
3
4
5
6
7
7
7
6
5
2
2
-1
0
-3
-5
-5
-7
-6
-7
-6
-5
-4
-4
0
0
3
4
3
4
4
3
4
3
0
-1
-2
-4
-4
-4
-5
-3
-3
-1
1
0
3
3
4
5
4
6
6
4
2
1
0
-3
-3
-3
-4
-4
-8
-8
-8
-7
-7
-7
-7
-7
-7
-6
-7
-8
-9
-9
-10
-10
-10
-12
-11
-14
-13
-14
-13
-11
-12
-11
-12
-9
-8
-8
-6
-7
-5
-5
-3
-2
-2
0
-2
-1
0
1
2
3
3
4
5
6
7
9
10
10
9
10
12
11
13
11
11
11
12
13
12
13
10
12
11
11
11
9
8
9
7
6
6
6
3
3
2
3
4
2
3
2
1
1
1
0
0
-2
-1
0
0
0
-1
-2
-1
1
2
4
5
5
5
8
10
12
13
13
13
16
15
18
20
19
19
19
20
21
23
23
22
21
20
24
25
25
24
21
20
20
21
23
21
18
14
12
11
12
12
6
2
-1
-3
-2
-3
-6
-9
-14
-15
-14
-14
-13
-18
-22
-24
-27
-25
-24
-27
-32
-37
-40
-38
-38
-37
-40
-44
-46
-46
-45
-43
-41
-44
-44
-45
-45
-41
-39
-40
-41
-43
-40
-36
-30
-29
-31
-30
-28
-24
-17
-12
-11
-10
-11
-8
-5
-1
2
3
3
4
8
13
18
18
17
18
23
28
31
32
30
30
30
34
37
37
35
32
31
33
36
35
35
31
29
33
33
37
35
28
25
21
24
24
21
15
9
5
2
1
0
-3
-7
-8
-7
-3
-2
-1
-4
-6
-6
-3
-2
-2
-7
-13
-18
-19
-18
-20
-20
-25
-28
-28
-28
-27
-27
-26
-24
-21
-19
-15
-15
-16
-16
-18
-16
-15
-12
-13
-16
-15
-15
-11
-9
-7
-4
-2
2
6
7
8
9
8
7
8
8
7
2
-1
-3
-3
-4
-4
-4
-6
-4
-1
3
6
10
11
10
14
17
20
21
21
19
17
13
12
13
11
11
8
6
6
6
7
9
7
7
6
7
6
5
4
1
-1
-5
-6
-7
-6
-5
-5
-4
-3
2
6
11
15
16
17
20
23
23
21
18
16
13
9
8
8
8
4
0
-2
0
1
4
6
5
4
5
6
6
4
3
3
1
-2
-4
-1
0
-3
-8
-11
-5
3
6
5
2
0
-2
0
0
-1
-5
-13
-16
-24
-29
-29
-31
-33
-39
-40
-34
-24
-24
-28
-29
-28
-23
-18
-13
-8
-8
-16
-20
-21
-18
-15
-15
-15
-15
-15
-13
-10
-11
-13
-9
-7
-4
1
2
3
-1
-12
-16
-12
-7
-4
-6
-5
-3
-3
-6
-7
3
12
21
22
21
23
24
26
24
20
21
25
28
22
11
8
10
8
0
-1
10
24
24
11
1
3
12
14
13
14
16
19
11
-1
-4
3
10
9
-1
-5
10
20
10
-7
-16
-4
12
10
3
4
0
-4
-16
-26
-11
5
7
-7
-27
-22
-1
1
-5
-13
-19
8
22
8
3
-1
9
17
-1
-4
16
29
25
0
-24
-14
17
26
7
-15
-16
15
32
3
-20
-1
22
18
6
7
29
41
26
0
-17
15
67
59
21
-1
-5
40
60
21
13
32
37
40
22
-11
20
59
30
-6
-37
-28
47
35
-40
-48
-54
-29
22
-23
-73
-65
-34
14
-32
-112
-49
19
-7
-46
-99
-64
29
-3
-62
-66
-67
-16
41
-18
-104
-57
21
8
-11
-39
-27
46
12
-23
-1
-27
46
108
-7
-43
22
57
71
22
0
40
47
74
59
-2
31
57
69
64
-26
6
94
42
6
-15
-29
27
19
-12
-35
-45
15
-3
-46
-42
-69
1
36
-53
-33
-18
-32
15
-24
-54
-15
-5
15
-24
-51
10
-21
-3
7
-113
17
104
-68
0
19
-78
54
27
-61
42
47
12
13
-22
-33
58
128
-44
-80
76
19
60
87
-99
2
103
-38
22
29
-46
125
59
-128
12
28
19
101
-86
-79
92
22
8
-50
-82
72
4
-57
24
-40
5
60
-52
-53
-12
19
56
-46
-38
15
-24
65
-19
-92
47
-75
-21
122
-102
-4
73
-143
40
78
-138
9
59
-58
70
10
-155
53
49
-92
82
-55
-123
142
23
-74
-45
-58
119
54
-94
-56
-2
169
77
-124
-40
7
80
101
-57
-44
103
81
-60
-22
5
-21
201
50
-236
63
103
-13
172
-113
-194
232
2
-84
210
-128
-65
226
-181
-50
176
-113
126
83
-256
88
82
-109
162
7
-188
54
50
-12
86
-66
-85
86
-96
-60
157
-81
-53
89
-150
-19
68
-129
54
44
-135
79
-37
-203
159
63
-196
87
-58
-159
227
-119
-144
243
-224
-65
214
-342
71
340
-336
-66
176
-230
82
152
-253
70
106
-183
60
-15
-115
143
26
-96
-16
-1
-77
12
320
-93
-326
176
1
18
215
-195
57
127
-266
97
146
-18
130
-149
-138
223
5
-27
118
-114
1
159
-94
-116
109
242
55
-305
-114
214
213
29
-283
12
289
-152
-44
108
-97
181
-23
-249
175
-1
-38
219
-271
-85
223
-189
199
56
-416
224
122
-136
90
-166
95
132
-185
142
-7
-170
193
128
-81
-101
-59
136
197
-60
-119
67
-62
-2
217
11
-104
-58
23
112
26
-61
-49
116
57
-165
40
-22
-50
241
-95
-159
89
-169
112
140
-295
242
20
-500
322
178
-343
156
-69
-193
252
-126
-229
180
-41
-127
136
-155
-304
211
176
-256
-18
-29
-172
224
-21
-235
69
86
59
-144
-58
151
-106
168
130
-254
87
-3
79
338
-268
-47
297
-154
163
107
-155
308
31
-156
211
3
-3
152
58
60
-174
-24
315
-92
-26
132
-317
217
240
-454
253
42
-411
542
-131
-496
373
-201
0
324
-525
-5
229
-267
224
-143
-346
418
-164
-251
357
-304
-153
344
-197
-2
-47
-380
470
142
-501
276
-104
-214
549
-222
-285
315
-117
91
137
-338
109
126
-125
82
-175
6
191
-153
-61
-131
-31
231
-205
-199
176
-141
-169
174
-195
-191
231
-131
-203
76
-81
13
101
-277
-42
396
-190
-263
351
-20
-57
369
-264
-116
514
-58
48
200
-256
363
406
-344
69
308
14
271
96
-204
177
237
189
-64
-205
321
50
45
230
-546
164
510
-626
163
201
-695
424
212
-643
86
-141
-273
492
-169
-814
160
353
-348
-133
-102
-292
15
117
-46
-284
-119
157
95
-130
-418
137
663
-219
-290
241
-176
233
470
-370
108
373
-255
393
163
-348
558
195
-235
219
-56
457
313
-448
307
129
-139
381
-113
7
391
-272
-123
200
-123
101
130
-365
-119
110
-108
-119
-131
-106
-185
-143
-54
-187
-70
-170
-187
78
-457
-118
391
-459
-157
210
-297
36
70
-209
100
104
-191
24
178
-63
225
42
-326
308
196
-140
244
125
-80
94
70
67
248
85
-205
208
282
-84
118
-13
-82
194
49
60
-43
-147
218
4
-167
-65
-175
265
170
-510
2
9
-179
340
-359
-185
277
-431
179
104
-336
199
-286
193
107
-684
526
149
-340
305
-482
166
379
-570
423
114
-539
365
16
-128
315
-187
-107
91
-12
302
-56
-258
201
21
121
52
-331
269
216
-141
87
-205
19
409
-22
-195
-157
-31
286
128
-187
-95
2
-72
79
89
-160
-68
73
20
-30
-65
-156
-15
224
82
-332
-273
233
213
-141
-122
-173
-32
268
-123
-117
79
-300
105
449
-430
-366
379
47
41
123
-539
74
543
-146
3
-73
-302
463
529
-516
-449
433
234
91
130
-627
92
742
-259
-102
-44
-299
635
181
-623
188
41
39
593
-567
-555
737
106
-33
58
-578
310
375
-496
53
56
-207
386
-177
-385
218
-154
217
202
-591
243
286
-209
272
-228
-144
518
-120
-99
162
-78
348
-27
-414
157
268
127
-106
-257
4
182
179
-101
-210
6
85
163
-73
-145
99
17
59
-48
-302
130
355
-24
-277
-145
171
66
-37
-90
31
12
-206
156
65
-156
41
-119
-145
-14
15
18
-53
87
-245
-218
54
-222
319
171
-420
151
-275
-37
532
-391
28
156
-341
273
-62
-248
169
40
-33
-232
-182
38
198
157
-184
-184
-64
-30
348
-85
-207
210
-50
150
-46
-241
321
75
38
-8
-366
338
494
-165
-168
16
-89
198
252
-107
-160
81
223
-11
-294
-24
207
229
99
-382
-166
485
244
-270
-137
-34
168
389
-162
-279
155
-7
117
1
-414
109
66
-208
108
-275
-148
372
-204
-322
-32
-192
412
102
-585
157
107
76
228
-375
10
334
36
19
-114
177
145
-70
102
34
109
-10
-39
224
-188
-24
165
-314
119
126
-261
138
43
-176
349
-133
-538
352
182
34
360
-360
-76
296
-213
146
-12
-80
454
-230
-351
248
-242
27
302
-535
-40
49
-197
330
-382
-251
220
-326
83
-30
-93
343
-12
-75
-268
-2
382
-90
231
171
-521
286
335
-321
159
62
-112
178
-94
-15
381
-66
-386
33
19
-73
276
-35
-246
116
-94
-206
-19
46
73
108
79
-20
6
10
-59
132
28
-121
255
76
80
98
-238
-58
-169
86
218
-338
112
-147
-157
565
-364
-530
375
-233
-31
403
-359
244
188
-299
497
-121
-567
493
30
-80
63
-456
366
212
-389
104
-394
178
419
-481
104
70
-136
105
-114
-109
424
106
-456
-18
165
-36
214
-69
-266
269
-80
-146
219
-70
181
-115
-439
209
128
163
102
-256
-232
-197
218
202
-242
116
98
-105
149
-374
142
607
-417
25
132
-156
474
236
-14
-15
-319
132
311
40
49
-185
99
24
-248
188
-81
-245
214
-199
-370
164
121
-69
-4
-433
-324
292
49
-98
129
-212
-160
207
-219
-58
225
-6
168
-185
-226
338
171
16
-168
-240
192
218
-224
23
58
-46
92
-255
-194
327
187
-176
24
-112
112
241
-130
39
34
-93
183
86
-202
-46
118
241
32
-322
47
337
-24
-328
-27
579
249
-344
-325
91
477
57
-202
-13
-45
42
190
-67
-58
209
-11
-131
-175
-169
304
277
-223
-236
-54
86
325
-92
-263
235
-77
-278
-83
160
247
-158
-304
-100
13
-2
110
6
-303
-59
319
210
133
-7
-13
224
-127
-10
266
78
212
-6
-241
-48
105
85
-58
-265
-104
95
-158
6
121
-292
-220
12
-166
-57
254
-44
-252
-70
-2
26
-25
-51
-16
-16
-128
-48
90
-91
-3
126
-51
11
18
-58
36
90
23
120
44
-88
49
116
-17
-15
58
-129
194
123
-222
127
-43
-39
135
-278
-72
60
-118
28
-17
-54
33
-100
-31
139
207
-5
-42
126
-224
7
211
8
366
97
-317
63
-31
-39
241
5
-107
31
-18
75
-20
-94
-6
-192
-207
-113
-36
248
123
-140
-111
-133
-8
149
13
-68
47
-74
-132
-119
48
107
-30
-51
-80
-15
91
162
274
-25
-173
86
48
86
75
-59
52
104
-71
-80
64
30
-90
-89
-83
-14
142
27
-116
-80
-109
20
87
-59
-34
70
85
3
-30
54
139
36
-133
62
58
-60
9
-39
-129
-90
-74
-145
-89
-45
-48
-45
-71
-73
47
27
-15
7
42
197
153
48
103
78
97
68
48
126
77
65
36
-2
37
4
-78
-43
-2
-38
6
-34
-65
-57
-86
-91
-85
-2
46
49
38
51
39
31
53
65
117
159
189
81
-4
51
76
78
100
66
89
104
42
28
-46
-30
22
-106
-166
-101
-119
-116
-108
-158
-138
-120
-219
-180
-141
-157
-73
-31
10
57
6
-16
3
17
85
104
105
190
134
106
117
49
98
43
2
23
17
35
35
-66
-108
-159
-249
-196
-170
-180
-97
-162
-206
-190
-249
-185
-135
-111
-90
-69
-7
44
40
37
101
84
30
131
145
99
162
133
117
137
60
111
83
7
83
79
24
6
-7
18
18
-65
-78
31
-6
-100
4
17
-63
-24
64
56
36
32
49
48
19
65
101
94
112
71
59
111
32
36
95
62
66
69
74
125
26
6
76
8
20
16
-22
14
-13
-12
-12
-47
12
-2
-39
6
-47
-76
30
38
-16
5
-3
-3
39
-25
18
55
30
79
31
-6
41
15
4
-4
-43
-39
9
21
-29
-30
-48
-63
-88
-91
-84
-60
4
-35
-56
-22
-104
-97
-92
-123
-100
-141
-124
-60
-83
-89
-102
-163
-218
-215
-191
-131
-56
-28
-27
-87
-90
-55
-58
-1
79
86
105
169
175
166
169
89
128
186
194
274
287
247
272
276
233
225
296
314
318
345
271
290
391
340
274
280
269
298
318
323
307
323
320
294
275
297
316
308
280
219
246
261
252
220
176
153
132
102
68
49
39
3
-67
-86
-125
-192
-167
-244
-360
-390
-465
-527
-582
-673
-745
-756
-758
-793
-810
-783
-779
-793
-833
-866
-845
-845
-838
-806
-778
-770
-798
-860
-933
-939
-982
-1063
-1015
-1038
-1121
-1113
-1190
-1268
-1240
-1285
-1297
-1177
-1072
-946
-831
-668
-344
-40
272
584
828
1050
1330
1555
1747
2073
2332
2478
2532
2543
2565
2525
2415
2284
2120
1954
1797
1576
1374
1106
793
519
144
-127
-272
-446
-547
-651
-796
-842
-840
-857
-770
-646
-550
-458
-324
-97
167
438
598
657
768
869
943
1009
1093
1153
1125
1040
907
770
670
502
248
26
-194
-316
-433
-569
-706
-851
-937
-1075
-1211
-1166
-1106
-1092
-1038
-992
-897
-767
-674
-595
-571
-508
-421
-408
-365
-337
-352
-380
-449
-588
-658
-734
-823
-907
-1084
-1176
-1205
-1369
-1556
-1665
-1742
-1756
-1744
-1762
-1733
-1734
-1754
-1727
-1779
-1778
-1654
-1545
-1426
-1280
-1163
-1007
-921
-839
-716
-478
137
822
1334
1721
1941
2083
1981
2087
2628
2741
2749
3163
3215
3049
3102
2869
2492
2113
1705
1534
1402
1080
974
980
550
2
-326
-620
-818
-852
-926
-970
-890
-830
-769
-728
-673
-564
-466
-312
-183
84
434
624
752
828
886
957
968
985
1006
975
954
928
848
736
588
520
389
80
-108
-140
-224
-271
-181
-134
-170
-159
-235
-347
-324
-242
-110
-49
49
270
337
291
360
316
183
226
236
205
246
270
285
126
-103
-195
-320
-494
-567
-573
-697
-781
-778
-921
-1065
-1112
-1199
-1285
-1384
-1397
-1350
-1444
-1441
-1388
-1465
-1474
-1447
-1450
-1451
-1444
-1425
-1464
-1464
-1487
-1465
-1368
-1385
-1358
-1348
-1394
-1371
-1378
-1347
-1244
-1177
-1071
-958
-873
-758
-637
-505
-263
235
864
1417
1938
2298
2426
2538
2607
2677
2858
3046
3203
3302
3268
3115
2890
2518
2064
1563
1122
875
665
497
306
33
-266
-629
-931
-1090
-1194
-1187
-1045
-941
-799
-547
-367
-192
-3
74
191
394
600
838
1065
1202
1286
1255
1145
1031
921
783
610
473
305
170
44
-158
-343
-546
-806
-981
-1023
-1019
-972
-913
-850
-788
-750
-574
-409
-307
-3
287
448
660
862
1005
1072
1013
1030
1057
1000
1049
1020
812
643
516
269
10
-163
-301
-463
-649
-747
-819
-930
-974
-1000
-1056
-1111
-1077
-998
-1028
-1018
-881
-853
-884
-789
-762
-787
-776
-801
-829
-821
-816
-827
-928
-1095
-1170
-1222
-1318
-1335
-1363
-1477
-1543
-1599
-1699
-1741
-1712
-1651
-1599
-1511
-1394
-1301
-1210
-1147
-1104
-1093
-1060
-892
-633
-270
326
1107
1787
2172
2394
2496
2498
2530
2635
2795
3034
3326
3384
3206
2984
2595
2151
1610
1032
714
540
406
257
19
-206
-478
-831
-1105
-1253
-1241
-1103
-983
-888
-692
-433
-204
-75
11
129
239
336
461
609
763
875
919
830
713
626
474
278
50
-172
-301
-318
-360
-449
-527
-663
-825
-937
-946
-809
-653
-522
-292
-11
199
364
467
556
692
848
993
1133
1316
1538
1637
1561
1460
1329
1137
959
767
580
434
321
199
-13
-205
-332
-483
-662
-752
-775
-759
-705
-631
-567
-543
-471
-423
-448
-447
-412
-368
-383
-419
-383
-450
-601
-717
-855
-1036
-1183
-1273
-1375
-1481
-1566
-1656
-1745
-1855
-1967
-2024
-2100
-2039
-1860
-1817
-1759
-1621
-1498
-1406
-1364
-1318
-1317
-1274
-1100
-963
-838
-663
-538
-522
-564
-550
-479
-300
185
918
1700
2366
2697
2717
2670
2547
2380
2378
2507
2705
2909
2902
2722
2446
1986
1398
745
184
-106
-204
-191
-153
-218
-379
-631
-902
-1083
-1140
-1045
-833
-561
-287
6
316
484
583
669
659
644
742
904
1035
1154
1206
1135
978
784
585
340
58
-135
-330
-504
-537
-571
-612
-656
-782
-870
-921
-901
-727
-582
-405
-115
169
490
787
913
963
947
918
981
1035
1111
1243
1273
1163
938
675
481
316
141
-17
-146
-211
-193
-207
-271
-327
-402
-450
-511
-521
-354
-183
-52
50
109
177
208
178
100
11
-64
-163
-255
-382
-514
-602
-781
-1043
-1304
-1528
-1716
-1874
-1945
-1955
-1974
-1951
-1906
-1948
-1984
-1955
-1945
-1918
-1878
-1761
-1595
-1455
-1172
-950
-928
-843
-756
-761
-709
-588
-513
-422
-286
-229
-264
-370
-459
-522
-681
-713
-518
-201
502
1414
2045
2409
2564
2543
2441
2362
2468
2682
2899
3129
3176
2954
2729
2467
1902
1213
681
291
38
-51
-61
-129
-340
-563
-802
-1125
-1245
-1112
-1018
-946
-695
-360
-86
176
423
568
617
649
673
671
721
837
895
835
752
711
533
223
-42
-321
-592
-700
-767
-786
-682
-600
-581
-626
-665
-618
-523
-384
-142
134
383
633
823
977
1236
1407
1296
1134
1080
1006
975
1023
996
851
717
602
320
5
-77
-176
-447
-544
-508
-525
-498
-401
-380
-494
-534
-404
-398
-432
-215
-35
-88
-101
-53
-129
-262
-314
-384
-575
-683
-708
-846
-1061
-1185
-1260
-1423
-1554
-1542
-1532
-1554
-1475
-1380
-1383
-1345
-1216
-1083
-1006
-955
-872
-854
-831
-643
-432
-304
-206
-204
-333
-434
-428
-457
-525
-518
-550
-679
-788
-864
-952
-1151
-1329
-1412
-1514
-1487
-1223
-684
156
1135
1946
2338
2414
2384
2309
2309
2421
2659
2997
3225
3211
3008
2688
2235
1600
839
160
-273
-468
-482
-440
-447
-511
-661
-875
-1094
-1186
-1002
-746
-489
-87
311
690
1062
1281
1344
1364
1358
1328
1294
1262
1302
1303
1156
1009
785
459
162
-221
-614
-879
-1014
-1012
-999
-975
-857
-810
-834
-835
-819
-729
-563
-331
-54
210
505
723
754
742
789
872
926
872
760
681
599
521
440
327
217
142
36
-186
-339
-263
-195
-229
-196
-106
-51
64
214
251
245
315
374
320
280
352
406
365
293
190
1
-205
-351
-565
-831
-963
-1015
-1127
-1255
-1321
-1409
-1563
-1674
-1717
-1718
-1648
-1494
-1377
-1322
-1232
-1135
-1095
-1137
-1166
-1110
-1096
-1075
-951
-860
-817
-805
-853
-920
-975
-953
-910
-956
-963
-926
-954
-975
-972
-1016
-1106
-1202
-1211
-1098
-852
-267
630
1549
2302
2724
2814
2813
2797
2771
2833
2983
3196
3347
3284
3106
2848
2401
1822
1134
450
-18
-243
-267
-223
-201
-173
-276
-499
-650
-718
-676
-516
-308
-21
325
643
915
1068
1084
1024
897
708
536
458
433
384
294
167
1
-228
-520
-824
-1103
-1293
-1361
-1334
-1207
-1003
-799
-661
-615
-592
-524
-409
-259
-58
158
351
555
729
777
742
673
534
439
540
768
865
755
645
506
292
260
308
272
338
472
405
241
305
445
399
386
437
424
448
574
652
558
484
452
246
-17
-75
-32
-113
-236
-334
-550
-797
-926
-1021
-1182
-1254
-1205
-1244
-1336
-1337
-1285
-1320
-1370
-1281
-1221
-1228
-1169
-1141
-1131
-1065
-1011
-1006
-1052
-1081
-1067
-1135
-1197
-1106
-1008
-984
-949
-976
-1045
-1086
-1124
-1091
-1048
-1028
-977
-1004
-1067
-1085
-1055
-911
-704
-553
-469
-270
307
1224
2118
2727
3043
3150
3127
3025
2937
2967
3126
3299
3247
2941
2634
2396
2035
1424
705
118
-300
-538
-612
-629
-581
-504
-565
-801
-1020
-1060
-938
-760
-553
-225
131
451
730
822
827
843
765
637
540
526
566
546
484
415
264
76
-105
-355
-596
-738
-809
-797
-735
-624
-460
-332
-214
-134
-104
-11
102
191
303
446
614
764
868
882
816
804
908
998
954
855
780
709
653
640
653
671
667
506
201
-3
-39
-18
10
39
84
99
65
38
-9
-42
-27
-100
-250
-325
-286
-241
-276
-368
-499
-665
-865
-1037
-1148
-1199
-1157
-1146
-1258
-1353
-1368
-1366
-1362
-1391
-1438
-1451
-1453
-1426
-1351
-1255
-1149
-1090
-1142
-1240
-1262
-1226
-1151
-995
-826
-671
-492
-360
-370
-462
-503
-511
-597
-672
-668
-680
-653
-619
-682
-808
-923
-988
-1075
-1186
-1178
-905
-254
782
1885
2639
2956
2993
2905
2732
2573
2631
2896
3233
3450
3342
3065
2823
2468
1837
1009
258
-207
-421
-484
-435
-300
-211
-329
-705
-1135
-1300
-1216
-1015
-715
-361
37
415
669
850
983
1049
1044
938
815
806
878
954
952
833
674
448
160
-137
-436
-639
-766
-874
-910
-870
-759
-596
-477
-439
-409
-358
-311
-241
-104
124
421
691
896
1009
1016
971
960
1044
1168
1212
1132
973
795
706
643
452
270
93
-201
-490
-681
-687
-540
-435
-452
-577
-660
-603
-518
-460
-341
-168
-106
-140
-158
-103
57
152
79
-105
-326
-474
-567
-617
-600
-597
-675
-842
-994
-1091
-1160
-1165
-1205
-1349
-1450
-1449
-1391
-1273
-1159
-1100
-1097
-1187
-1264
-1187
-1000
-789
-643
-557
-486
-507
-566
-578
-525
-407
-351
-417
-524
-638
-759
-881
-991
-1055
-1070
-1114
-1234
-1339
-1293
-984
-374
474
1340
1956
2264
2348
2321
2308
2393
2625
2944
3220
3339
3264
3130
2988
2719
2234
1545
865
362
45
-72
-32
16
-97
-406
-860
-1272
-1403
-1317
-1152
-936
-710
-479
-235
26
314
591
775
842
852
838
894
1067
1185
1214
1171
1010
814
631
448
274
89
-119
-347
-565
-700
-716
-670
-621
-621
-710
-796
-855
-845
-723
-579
-361
-107
85
242
345
428
514
614
781
1010
1239
1332
1270
1136
1014
954
869
769
677
564
427
222
45
-23
-42
-113
-304
-487
-566
-552
-453
-354
-317
-340
-419
-551
-619
-508
-342
-250
-271
-401
-539
-637
-699
-729
-732
-728
-778
-906
-1065
-1142
-1129
-1133
-1180
-1249
-1257
-1203
-1142
-1042
-957
-912
-873
-889
-914
-878
-723
-490
-344
-299
-277
-273
-313
-356
-359
-283
-166
-151
-215
-233
-131
34
30
-152
-279
-301
-353
-453
-452
-287
-104
-96
-203
-154
138
564
963
1202
1355
1463
1476
1427
1404
1506
1681
1792
1787
1724
1680
1652
1612
1482
1255
1003
779
609
457
336
292
270
189
26
-132
-160
-124
-118
-147
-215
-271
-281
-259
-205
-94
42
129
139
102
97
140
178
183
157
143
135
128
162
211
242
191
48
-78
-166
-227
-230
-210
-196
-165
-152
-201
-273
-323
-339
-358
-384
-360
-333
-296
-163
-37
-22
-44
-21
36
36
-27
-21
83
138
97
58
84
171
216
138
50
15
-36
-103
-151
-159
-123
-132
-206
-238
-196
-115
-155
-346
-322
-115
-102
-183
-165
-57
52
-1
-41
77
83
47
79
-17
-45
115
152
125
116
30
-7
-31
-70
-3
51
12
-46
-131
-128
-45
-87
-180
-177
-141
-135
-207
-256
-88
27
-139
-204
-141
-158
-133
-209
-423
-417
-267
-195
-136
-158
-176
-69
-133
-352
-399
-292
-145
-48
-85
-122
-72
-70
-151
-219
-199
-94
8
21
-39
-70
-33
-24
-26
-33
-119
-159
-113
-113
-124
-101
-68
-13
-4
-58
-57
30
141
224
268
349
504
633
668
667
691
733
742
723
725
767
831
854
811
744
662
588
541
486
444
463
488
456
381
300
273
308
342
346
317
250
200
230
249
147
110
263
323
178
96
106
80
46
-31
-115
-89
-50
-67
-135
-267
-328
-340
-402
-388
-351
-340
-234
-178
-241
-253
-180
-70
-12
269
1292
2377
2225
935
-502
-1126
-528
376
788
977
819
-32
-1108
-1707
-1432
-546
31
-186
-829
-1381
-1614
-1496
-1138
-724
-449
-468
-725
-941
-916
-711
-459
-210
-2
25
-116
-222
-195
6
256
302
208
121
-4
-116
-187
-203
-69
48
-53
-315
-553
-572
-490
-526
-547
-527
-549
-556
-652
-726
-581
-474
-470
-460
-527
-478
-278
-242
-218
-78
-9
77
99
-22
37
179
155
183
267
328
461
498
450
567
699
755
867
952
1029
1145
1134
1082
1144
1231
1275
1287
1256
1252
1283
1239
1140
1074
1038
964
807
636
503
382
322
297
271
303
288
153
2
-143
-164
-27
21
21
101
139
174
198
134
162
205
101
34
71
148
250
248
154
72
-59
-171
-169
-190
-277
-391
-560
-744
-838
-787
-673
-628
-678
-736
-776
-849
-847
-728
-614
-449
-391
-532
-502
-454
-567
-435
-327
-429
-307
-363
-544
-254
-153
-214
60
-104
-451
-377
-519
-521
-111
-106
-198
-123
-256
-273
-247
-332
-208
-191
-310
-285
-343
-296
-129
-148
-111
-97
-207
-180
-233
-302
-182
-198
-209
-141
-304
-325
-182
-218
-108
4
-167
-218
-249
-410
-351
-261
-243
-67
-73
-247
-214
-221
-216
-18
12
54
283
329
359
482
514
696
932
960
1007
1060
1042
1084
1068
1048
1197
1313
1285
1174
1007
941
985
985
972
944
858
738
545
377
398
481
480
417
266
100
-8
-149
-292
-324
-281
-211
-193
-245
-248
-219
-200
-133
-44
16
43
15
-10
42
178
347
443
451
431
426
443
441
438
469
456
377
294
220
196
197
132
24
-91
-196
-255
-317
-399
-399
-369
-416
-444
-472
-573
-594
-570
-577
-492
-446
-505
-500
-508
-517
-371
-256
-247
-225
-271
-341
-315
-329
-339
-243
-250
-320
-278
-310
-338
-212
-215
-278
-219
-272
-322
-237
-231
-252
-290
-380
-379
-395
-440
-444
-535
-515
-358
-402
-472
-424
-448
-459
-456
-509
-436
-266
-177
-143
-139
-130
-61
-43
-120
-169
-167
-160
-142
-164
-212
-209
-193
-228
-293
-329
-306
-308
-361
-317
-156
25
212
328
365
499
673
725
742
861
1056
1219
1282
1308
1404
1510
1525
1471
1419
1426
1453
1372
1200
1086
1058
1025
954
866
790
747
642
438
260
131
40
-10
-94
-157
-138
-163
-230
-267
-309
-306
-264
-276
-286
-279
-298
-288
-281
-283
-237
-185
-139
-71
-20
26
78
114
149
202
262
320
357
408
500
548
536
527
508
467
443
402
317
259
223
109
-27
-102
-145
-191
-276
-412
-511
-545
-569
-586
-592
-593
-584
-612
-660
-646
-585
-519
-474
-444
-394
-338
-285
-246
-271
-254
-182
-194
-204
-184
-242
-241
-215
-306
-337
-345
-445
-493
-553
-680
-725
-770
-834
-793
-744
-727
-681
-672
-695
-693
-676
-622
-546
-484
-393
-274
-189
-147
-120
-111
-113
-104
-111
-150
-183
-184
-191
-238
-251
-199
-208
-287
-360
-434
-394
-158
64
182
281
362
474
611
708
860
1046
1150
1226
1277
1339
1523
1719
1780
1776
1773
1744
1711
1687
1605
1477
1401
1298
1101
950
859
779
717
576
405
300
138
-61
-208
-353
-416
-386
-433
-493
-487
-520
-567
-592
-629
-622
-609
-652
-663
-611
-516
-390
-310
-265
-180
-125
-125
-85
-9
77
167
249
347
473
582
653
694
700
699
709
676
596
555
545
524
491
407
309
230
122
13
-93
-199
-214
-202
-252
-267
-260
-292
-324
-369
-403
-354
-308
-294
-281
-306
-333
-323
-324
-309
-261
-262
-288
-291
-309
-348
-383
-420
-433
-416
-442
-489
-495
-512
-553
-582
-648
-717
-753
-829
-890
-848
-815
-804
-737
-706
-741
-771
-805
-806
-714
-613
-545
-449
-402
-420
-355
-282
-283
-254
-266
-320
-280
-275
-352
-357
-310
-284
-297
-359
-409
-435
-386
-202
-10
151
310
381
472
696
899
1019
1106
1208
1362
1471
1506
1635
1858
2055
2158
2104
1981
1947
1910
1742
1572
1502
1459
1349
1121
844
670
571
449
311
135
-36
-156
-360
-599
-685
-684
-710
-742
-796
-827
-785
-752
-770
-795
-759
-673
-606
-544
-417
-248
-110
-25
28
88
203
320
334
337
420
476
507
575
620
654
679
667
661
626
549
522
519
515
514
418
262
165
110
51
-5
4
66
49
-40
-119
-186
-175
-98
-103
-138
-99
-60
-65
-75
-77
-82
-80
-103
-199
-284
-302
-312
-326
-349
-390
-399
-432
-541
-617
-639
-625
-574
-580
-636
-673
-714
-729
-731
-750
-697
-657
-720
-739
-732
-764
-777
-797
-816
-755
-710
-732
-750
-730
-655
-594
-613
-653
-688
-709
-662
-611
-613
-616
-587
-557
-542
-529
-511
-481
-397
-308
-339
-400
-341
-196
58
361
512
627
837
992
1115
1235
1258
1343
1568
1703
1747
1844
1985
2130
2159
2037
1940
1936
1916
1760
1500
1313
1257
1186
1028
847
698
591
452
240
37
-87
-193
-367
-573
-703
-718
-674
-653
-683
-720
-760
-794
-790
-749
-680
-583
-501
-455
-399
-294
-174
-86
-36
4
42
85
142
187
221
259
287
313
358
422
483
501
486
498
532
551
546
504
460
441
431
417
384
356
365
368
335
320
311
281
246
207
165
145
166
176
115
32
1
-8
-31
-51
-82
-108
-110
-142
-209
-262
-293
-315
-338
-380
-403
-395
-414
-456
-486
-524
-569
-598
-630
-649
-646
-660
-676
-694
-739
-778
-824
-883
-901
-907
-936
-929
-899
-886
-859
-833
-821
-821
-870
-912
-914
-924
-912
-880
-838
-738
-645
-631
-640
-645
-629
-573
-562
-613
-641
-625
-568
-496
-449
-345
-108
188
387
455
571
862
1182
1356
1397
1396
1511
1762
1907
1902
1999
2189
2260
2188
2066
2012
2076
2067
1854
1594
1439
1375
1271
1063
876
786
650
415
164
-49
-198
-308
-456
-632
-731
-757
-799
-870
-908
-875
-806
-751
-709
-660
-607
-532
-441
-386
-318
-199
-122
-86
13
128
208
267
288
287
284
267
240
243
309
400
436
444
504
576
593
571
538
503
455
392
343
345
407
488
500
440
396
338
223
133
84
33
20
23
-19
-39
-26
-43
-55
-77
-140
-183
-220
-287
-321
-330
-350
-354
-378
-418
-426
-414
-408
-435
-505
-576
-635
-687
-698
-685
-684
-694
-714
-746
-774
-804
-835
-852
-862
-901
-971
-994
-936
-851
-788
-773
-798
-829
-869
-914
-911
-852
-750
-641
-591
-559
-501
-487
-539
-591
-627
-639
-595
-527
-514
-525
-473
-392
-351
-331
-321
-276
-55
294
565
736
927
1175
1439
1603
1638
1661
1747
1884
1980
1968
1986
2168
2318
2267
2123
2002
1945
1909
1735
1426
1198
1115
1025
821
579
439
382
253
42
-156
-295
-375
-484
-671
-788
-758
-715
-734
-749
-697
-597
-539
-540
-534
-504
-451
-381
-335
-271
-145
-53
-24
15
66
97
138
185
195
181
184
241
336
424
497
560
604
616
593
561
554
582
602
570
516
490
482
432
356
314
270
194
129
36
-75
-104
-102
-149
-182
-189
-199
-189
-205
-254
-254
-240
-261
-290
-331
-358
-322
-291
-322
-338
-327
-355
-395
-427
-463
-477
-496
-548
-582
-580
-572
-580
-629
-693
-718
-756
-821
-856
-894
-944
-959
-964
-973
-946
-922
-932
-955
-978
-973
-933
-871
-779
-721
-743
-763
-740
-682
-537
-385
-346
-356
-348
-326
-295
-289
-304
-282
-220
-150
-111
-114
-76
23
148
351
594
773
918
1066
1208
1376
1507
1540
1584
1674
1716
1736
1779
1850
1963
2014
1904
1760
1694
1617
1473
1284
1096
959
846
683
500
367
291
219
103
-40
-152
-235
-348
-454
-493
-485
-445
-403
-419
-420
-350
-283
-236
-194
-168
-134
-94
-77
-31
42
98
156
178
162
191
237
238
255
301
336
377
404
391
390
423
444
441
421
380
349
331
311
288
257
218
191
145
46
-42
-91
-125
-150
-201
-266
-287
-271
-255
-247
-246
-225
-203
-245
-299
-296
-277
-276
-286
-304
-302
-275
-277
-313
-320
-315
-339
-371
-415
-467
-493
-505
-518
-524
-563
-624
-657
-679
-706
-730
-761
-788
-814
-853
-878
-867
-841
-835
-848
-830
-768
-715
-682
-644
-578
-501
-486
-511
-493
-426
-352
-313
-335
-349
-329
-333
-349
-369
-385
-360
-334
-349
-344
-304
-245
-171
-166
-223
-151
114
443
700
831
950
1188
1442
1542
1524
1522
1606
1737
1764
1697
1750
1904
1943
1848
1694
1569
1553
1489
1225
942
789
708
633
493
312
223
203
137
24
-110
-200
-213
-280
-423
-482
-439
-387
-354
-367
-354
-240
-135
-125
-142
-134
-96
-57
-67
-62
-2
48
89
143
196
268
360
434
486
512
489
462
478
521
533
500
473
483
479
416
338
262
178
102
21
-80
-150
-160
-182
-222
-235
-252
-280
-288
-301
-335
-331
-278
-243
-241
-240
-213
-163
-116
-101
-114
-126
-141
-178
-229
-256
-261
-304
-383
-447
-487
-517
-547
-589
-624
-664
-728
-782
-801
-811
-831
-862
-890
-885
-841
-788
-736
-672
-637
-655
-665
-625
-587
-576
-567
-540
-464
-357
-296
-256
-208
-210
-282
-368
-425
-446
-458
-483
-493
-450
-393
-406
-461
-465
-438
-420
-380
-351
-343
-309
-278
-198
39
369
683
947
1143
1297
1409
1452
1468
1482
1507
1587
1663
1693
1754
1810
1789
1742
1678
1601
1556
1466
1267
1046
866
737
639
534
446
414
362
239
95
-30
-124
-226
-357
-464
-489
-460
-432
-410
-372
-301
-221
-176
-165
-147
-109
-66
-17
45
122
225
362
510
623
686
743
800
787
711
643
587
554
538
471
359
294
263
166
30
-50
-117
-231
-332
-417
-523
-565
-548
-563
-562
-514
-486
-448
-386
-360
-350
-316
-276
-226
-186
-166
-127
-76
-69
-95
-105
-108
-143
-217
-296
-354
-407
-461
-506
-534
-534
-521
-534
-550
-536
-536
-584
-624
-617
-620
-647
-658
-653
-632
-596
-570
-527
-453
-422
-443
-465
-490
-513
-532
-558
-526
-442
-405
-421
-434
-446
-460
-475
-480
-461
-463
-501
-519
-504
-460
-397
-375
-375
-336
-323
-369
-340
-237
-183
-162
-160
-135
33
294
489
628
800
1025
1272
1440
1487
1476
1489
1580
1660
1634
1624
1712
1789
1784
1692
1581
1596
1648
1520
1256
1034
919
857
720
504
367
328
253
107
-48
-143
-183
-253
-359
-429
-431
-400
-398
-421
-399
-313
-205
-104
-30
26
98
183
242
287
351
453
573
668
713
717
727
742
711
621
517
420
329
246
144
30
-58
-126
-207
-296
-384
-456
-489
-519
-561
-584
-577
-543
-490
-449
-415
-347
-257
-193
-168
-142
-92
-51
-39
-52
-68
-61
-51
-67
-94
-113
-123
-147
-211
-285
-330
-370
-417
-462
-508
-540
-552
-564
-577
-584
-609
-642
-654
-660
-666
-658
-639
-614
-582
-560
-563
-584
-580
-557
-589
-669
-715
-666
-540
-425
-409
-483
-504
-414
-365
-444
-529
-524
-471
-404
-358
-343
-280
-215
-254
-337
-350
-308
-288
-350
-443
-434
-369
-355
-339
-302
-250
-101
120
330
549
779
1008
1250
1442
1537
1574
1599
1672
1777
1803
1812
1919
2006
1975
1877
1765
1702
1692
1588
1358
1120
949
825
678
479
303
218
162
59
-87
-219
-289
-309
-346
-420
-461
-418
-365
-362
-363
-306
-192
-75
-7
50
137
218
263
277
311
420
557
645
683
699
696
683
645
558
436
306
197
132
52
-69
-161
-197
-230
-294
-370
-414
-394
-381
-451
-547
-558
-483
-408
-366
-326
-246
-158
-116
-128
-132
-112
-111
-130
-143
-141
-127
-105
-98
-112
-138
-172
-211
-257
-317
-392
-466
-514
-545
-586
-625
-640
-661
-713
-759
-755
-724
-725
-760
-789
-772
-714
-659
-635
-593
-533
-528
-559
-569
-561
-551
-530
-515
-465
-361
-317
-352
-341
-261
-210
-239
-309
-355
-350
-367
-489
-687
-773
-639
-500
-522
-564
-542
-503
-468
-550
-725
-708
-490
-398
-456
-387
-3
684
1370
1780
2060
2421
2753
2808
2572
2293
2206
2252
2159
1899
1713
1717
1762
1623
1308
1014
842
691
404
4
-331
-474
-490
-517
-507
-374
-158
54
138
87
33
72
145
169
168
181
261
403
535
625
682
722
712
608
443
251
132
137
163
149
111
141
251
343
331
230
175
181
174
108
-1
-8
77
131
136
157
244
322
321
218
63
-19
-61
-129
-222
-298
-316
-334
-369
-421
-477
-493
-527
-603
-724
-826
-819
-766
-706
-675
-643
-587
-535
-475
-461
-456
-420
-405
-404
-437
-466
-466
-466
-470
-537
-613
-670
-721
-773
-896
-1012
-1061
-1043
-992
-961
-899
-837
-801
-779
-759
-661
-552
-487
-493
-553
-513
-394
-311
-312
-343
-336
-337
-308
-346
-468
-503
-495
-499
-575
-694
-758
-775
-787
-908
-1025
-1002
-870
-708
-656
-480
102
981
1858
2442
2839
3199
3494
3545
3246
2915
2712
2594
2375
1955
1662
1604
1568
1326
902
533
269
79
-243
-704
-971
-1007
-872
-674
-446
-110
242
549
677
687
722
776
877
868
783
756
782
880
928
882
757
597
432
150
-182
-478
-665
-714
-769
-810
-784
-648
-431
-273
-158
-14
263
604
820
936
1017
1116
1183
1152
1048
945
899
793
560
265
-2
-187
-352
-543
-717
-813
-821
-781
-721
-696
-669
-583
-486
-404
-346
-284
-200
-115
-74
-97
-112
-100
-99
-158
-288
-405
-480
-569
-678
-796
-880
-927
-960
-992
-1032
-1041
-1054
-1094
-1127
-1183
-1225
-1208
-1125
-974
-851
-773
-719
-628
-496
-494
-569
-624
-582
-462
-461
-510
-500
-386
-319
-554
-898
-1085
-951
-702
-702
-783
-775
-570
-362
-398
-423
-359
-202
-175
-407
-523
-445
-167
44
26
42
60
222
560
1059
1714
2190
2566
2810
2944
3073
2941
2704
2414
2106
1813
1434
1228
1107
989
802
484
325
226
179
110
-94
-233
-353
-334
-179
22
303
481
652
774
830
905
886
883
770
533
332
190
205
198
142
56
-71
-106
-175
-229
-272
-350
-383
-462
-472
-404
-284
-74
129
413
713
984
1224
1309
1322
1236
1104
968
746
571
425
304
194
39
-91
-224
-310
-396
-540
-624
-659
-623
-536
-429
-269
-124
16
97
96
63
-2
-55
-150
-280
-410
-540
-620
-682
-741
-793
-823
-846
-926
-1007
-1071
-1119
-1141
-1176
-1182
-1171
-1133
-1058
-987
-903
-859
-847
-832
-790
-683
-643
-714
-787
-818
-800
-765
-703
-632
-610
-557
-485
-438
-432
-515
-622
-682
-653
-594
-681
-817
-850
-824
-795
-780
-648
-436
-314
-268
-357
-419
-315
-206
-163
-234
-265
-251
-261
-59
441
1230
2026
2585
2994
3216
3406
3502
3270
2843
2354
1950
1565
1221
1054
925
857
753
556
349
159
99
-36
-320
-571
-676
-538
-279
37
306
504
779
981
1047
1012
942
839
593
349
157
75
143
226
271
182
87
72
9
-85
-235
-379
-496
-547
-471
-387
-202
69
297
468
621
882
1123
1192
1148
1070
1044
1015
953
811
570
402
293
108
-107
-242
-316
-412
-501
-537
-534
-443
-254
-90
-59
-77
5
105
88
10
-72
-171
-265
-363
-509
-664
-733
-754
-862
-1030
-1151
-1182
-1188
-1213
-1209
-1198
-1152
-1032
-903
-854
-880
-856
-812
-829
-878
-923
-885
-788
-672
-601
-620
-623
-617
-664
-815
-1012
-1136
-1174
-1026
-745
-562
-517
-513
-435
-333
-256
-204
-213
-228
-274
-407
-582
-642
-454
-252
-231
-282
-308
-333
-429
-541
-709
-897
-950
-963
-1044
-1032
-549
425
1511
2457
3190
3727
4100
4340
4276
3778
3156
2651
2127
1499
968
737
672
612
475
216
-29
-158
-221
-447
-823
-1029
-980
-765
-477
-133
255
655
1065
1338
1390
1333
1250
1088
756
371
109
11
12
-18
-88
-128
-56
65
63
-71
-241
-360
-448
-531
-550
-482
-290
-29
182
342
520
823
1156
1315
1236
992
787
663
592
557
445
366
378
356
273
180
149
42
-167
-385
-589
-644
-554
-384
-215
-139
-11
180
313
334
256
126
-110
-352
-544
-752
-889
-937
-934
-945
-953
-881
-815
-808
-872
-972
-1056
-1131
-1125
-1120
-1147
-1088
-954
-808
-736
-705
-682
-668
-630
-680
-759
-784
-819
-814
-822
-831
-796
-737
-654
-615
-550
-489
-480
-439
-441
-447
-425
-438
-458
-549
-661
-720
-758
-784
-881
-988
-1009
-869
-550
-348
-338
-374
-417
-374
-315
-339
-411
-376
28
749
1575
2340
3023
3631
3981
4064
3922
3518
3007
2461
1805
1078
510
304
304
290
222
137
103
106
79
-64
-326
-513
-522
-451
-340
-110
271
675
1000
1237
1344
1322
1209
977
629
233
-52
-165
-222
-263
-251
-180
-75
15
59
0
-121
-211
-292
-388
-430
-334
-155
9
179
391
622
856
1093
1242
1229
1132
1034
888
680
531
414
257
144
95
18
-96
-149
-177
-275
-390
-454
-451
-407
-330
-173
-24
79
207
335
362
284
203
58
-193
-422
-637
-877
-1073
-1176
-1230
-1291
-1302
-1228
-1140
-1118
-1118
-1059
-1021
-1038
-1028
-1030
-1039
-977
-888
-883
-890
-783
-651
-570
-543
-612
-729
-852
-938
-1007
-1077
-1069
-956
-772
-612
-473
-341
-280
-205
-186
-396
-668
-815
-856
-866
-791
-666
-634
-529
-300
-164
-162
-186
-139
-211
-443
-615
-755
-861
-867
-719
-363
270
1325
2411
3097
3548
3905
4107
3992
3619
3101
2444
1883
1440
986
615
456
515
485
296
127
-30
-152
-253
-395
-605
-754
-619
-352
-115
174
561
959
1197
1272
1191
995
803
592
299
-41
-268
-314
-287
-235
-174
-62
57
117
104
3
-108
-191
-225
-245
-297
-250
-83
133
317
419
498
587
745
893
896
781
619
529
473
410
380
340
307
262
201
109
20
15
-24
-138
-270
-347
-317
-226
-79
41
95
159
214
224
130
14
-83
-246
-430
-595
-724
-807
-832
-825
-882
-959
-989
-997
-1009
-1028
-1022
-1007
-989
-931
-874
-841
-770
-655
-592
-638
-721
-774
-787
-754
-761
-863
-971
-1018
-1008
-1042
-1096
-1062
-1004
-922
-770
-563
-426
-359
-242
-272
-453
-555
-556
-534
-563
-540
-510
-556
-572
-560
-573
-666
-666
-579
-744
-962
-993
-932
-914
-867
-533
95
1032
2094
2938
3510
3843
4136
4238
3900
3357
2777
2209
1600
1027
587
283
249
268
172
6
-158
-163
-163
-294
-504
-647
-594
-448
-199
111
459
880
1224
1410
1388
1254
1135
973
695
279
-76
-254
-302
-244
-174
-121
-49
52
84
-22
-117
-179
-245
-321
-400
-402
-275
-43
184
362
469
520
596
672
736
806
818
765
711
639
553
542
525
387
220
36
-183
-323
-382
-439
-484
-491
-467
-360
-187
-14
162
247
195
143
74
-69
-166
-216
-330
-482
-580
-651
-717
-755
-811
-889
-995
-1098
-1118
-1121
-1114
-1036
-943
-896
-855
-752
-686
-683
-661
-698
-812
-952
-1049
-1099
-1156
-1158
-1133
-1107
-1089
-1070
-1004
-973
-938
-836
-699
-571
-453
-319
-270
-302
-363
-437
-429
-402
-421
-524
-685
-801
-797
-651
-604
-643
-623
-605
-585
-593
-568
-544
-477
-85
615
1459
2254
2983
3579
3844
3975
3957
3632
3112
2537
1942
1228
620
325
204
144
62
26
-23
-80
-27
-39
-197
-362
-385
-338
-273
-47
285
634
954
1196
1305
1242
1143
1016
764
404
64
-161
-339
-406
-371
-320
-227
-109
-23
-45
-95
-99
-142
-228
-321
-368
-345
-244
-36
158
291
413
553
684
768
838
819
684
542
473
433
383
369
341
229
111
35
-65
-198
-292
-377
-519
-638
-659
-574
-423
-235
-25
116
195
278
302
210
86
-16
-194
-415
-559
-654
-719
-750
-760
-782
-828
-838
-821
-824
-861
-876
-863
-879
-841
-756
-708
-678
-655
-678
-789
-881
-945
-1059
-1190
-1319
-1352
-1298
-1211
-1094
-994
-870
-772
-711
-688
-726
-710
-703
-682
-603
-507
-405
-418
-501
-615
-652
-538
-481
-440
-436
-483
-519
-548
-525
-524
-467
-396
-426
-347
56
896
1855
2530
2948
3175
3344
3491
3502
3211
2666
2181
1657
1041
572
383
416
434
341
129
-92
-125
-3
73
-97
-346
-412
-353
-198
45
340
625
889
1075
1040
936
907
878
711
366
8
-224
-272
-213
-160
-120
-78
-1
50
10
-51
-75
-70
-116
-228
-342
-349
-160
91
253
318
344
385
418
435
463
545
611
564
456
351
307
405
500
397
181
16
-113
-233
-281
-292
-306
-312
-317
-315
-296
-195
13
145
69
-70
-130
-176
-212
-211
-305
-471
-582
-635
-712
-787
-776
-725
-740
-854
-943
-954
-924
-803
-678
-673
-702
-641
-562
-569
-599
-656
-778
-939
-1106
-1240
-1330
-1311
-1191
-1065
-999
-979
-927
-886
-899
-938
-976
-976
-902
-705
-451
-228
-92
-79
-116
-207
-327
-396
-491
-721
-970
-1040
-1042
-1027
-911
-781
-713
-727
-731
-710
-563
13
1001
1970
2576
3034
3447
3686
3855
3834
3457
2850
2291
1790
1162
647
454
466
405
182
8
-144
-167
-23
-17
-236
-456
-418
-298
-176
102
455
818
1083
1219
1204
1075
1038
981
746
357
-3
-181
-255
-225
-175
-146
-73
-5
-13
-148
-255
-258
-257
-301
-407
-446
-347
-134
112
251
334
387
410
378
297
287
348
434
439
329
216
175
304
450
432
323
200
90
-54
-174
-244
-299
-305
-364
-474
-541
-478
-262
-92
-43
-78
-130
-178
-230
-232
-282
-361
-404
-468
-558
-654
-632
-546
-549
-629
-756
-856
-911
-874
-789
-766
-719
-643
-575
-560
-576
-547
-574
-672
-834
-1024
-1199
-1331
-1296
-1220
-1184
-1147
-1113
-1069
-1056
-962
-830
-763
-731
-742
-707
-626
-490
-380
-414
-445
-443
-412
-420
-522
-601
-653
-671
-752
-850
-849
-827
-766
-769
-699
-256
564
1554
2341
2917
3303
3538
3675
3514
3150
2718
2332
1930
1381
909
634
614
665
563
365
80
-86
-133
-236
-393
-515
-412
-279
-196
-20
254
657
1016
1228
1187
973
857
740
539
258
20
-94
-169
-167
-152
-108
-6
87
115
-30
-196
-298
-350
-363
-413
-420
-354
-186
-6
93
202
284
366
372
243
80
-23
94
297
403
417
392
392
371
399
393
261
174
86
-78
-268
-340
-258
-174
-94
-84
-154
-190
-152
-69
-106
-209
-245
-260
-293
-345
-333
-288
-251
-223
-302
-459
-576
-577
-561
-646
-710
-720
-723
-719
-683
-633
-614
-551
-516
-614
-784
-910
-941
-984
-1045
-1089
-1134
-1140
-1091
-1025
-1053
-1103
-1036
-973
-972
-977
-934
-876
-793
-643
-574
-566
-496
-401
-396
-518
-636
-725
-750
-678
-596
-510
-424
-313
-248
-303
-368
-408
-419
-451
-425
-156
383
1160
1910
2486
2912
3178
3323
3247
2970
2566
2146
1790
1369
951
640
529
567
555
498
347
154
18
-116
-291
-490
-523
-428
-331
-167
40
322
628
884
1014
947
825
684
526
327
126
57
47
63
85
98
121
142
176
97
-94
-267
-392
-442
-469
-449
-370
-244
-72
50
119
146
208
346
443
439
356
300
266
212
186
158
132
146
188
181
129
143
179
150
48
-78
-181
-274
-303
-270
-252
-248
-211
-180
-233
-287
-281
-276
-307
-348
-397
-473
-528
-525
-495
-477
-452
-407
-412
-468
-501
-518
-569
-643
-688
-737
-793
-790
-746
-719
-725
-708
-697
-741
-796
-850
-906
-959
-972
-968
-990
-966
-856
-720
-654
-636
-615
-637
-676
-715
-782
-843
-838
-751
-668
-606
-540
-448
-345
-335
-413
-517
-617
-685
-713
-716
-711
-635
-464
-316
-247
-138
238
843
1453
2011
2441
2659
2728
2749
2638
2372
2168
2055
1847
1501
1174
977
836
742
694
547
286
80
-30
-209
-403
-422
-332
-245
-148
-25
96
236
449
636
673
611
557
495
368
245
205
220
268
332
350
292
219
193
156
34
-118
-231
-315
-403
-445
-411
-340
-217
-68
4
-8
-6
47
77
90
176
340
519
655
726
711
642
636
647
537
346
202
87
-83
-229
-330
-433
-477
-465
-497
-596
-642
-598
-559
-550
-534
-471
-394
-335
-282
-269
-290
-281
-241
-290
-429
-537
-600
-628
-612
-581
-584
-612
-634
-682
-771
-860
-899
-888
-907
-958
-1016
-1067
-1079
-1046
-985
-928
-861
-772
-695
-667
-675
-645
-607
-629
-685
-745
-781
-792
-770
-739
-723
-689
-642
-588
-583
-606
-559
-501
-496
-500
-438
-380
-359
-264
-164
-134
-101
-36
-49
-122
24
429
920
1432
1938
2302
2429
2471
2454
2272
2050
1931
1819
1566
1308
1173
1052
942
904
856
662
418
254
39
-235
-396
-419
-426
-401
-254
-110
-8
162
358
449
436
444
444
376
324
332
367
400
492
588
575
531
491
404
238
70
-61
-219
-350
-410
-427
-402
-282
-69
100
202
268
264
209
174
161
118
122
216
304
380
476
545
548
518
436
256
51
-128
-298
-451
-569
-623
-638
-635
-600
-557
-534
-519
-480
-477
-526
-550
-552
-556
-549
-497
-432
-389
-352
-348
-403
-491
-562
-622
-698
-753
-781
-814
-860
-906
-942
-981
-1013
-1021
-1012
-1012
-1016
-989
-954
-942
-911
-843
-766
-681
-556
-441
-396
-394
-415
-483
-555
-546
-472
-406
-348
-306
-351
-475
-573
-627
-690
-705
-623
-542
-496
-384
-214
-101
4
163
254
230
215
201
108
80
297
658
1025
1458
1897
2132
2179
2187
2111
1896
1728
1664
1517
1299
1178
1115
991
909
917
847
659
487
313
26
-254
-376
-444
-518
-471
-330
-240
-163
-14
97
112
156
240
257
242
287
344
356
424
559
636
639
637
583
416
238
135
56
-18
-24
20
17
-7
13
22
-21
-26
36
51
9
22
72
82
127
248
325
316
320
320
222
85
-5
-99
-222
-302
-347
-442
-550
-588
-597
-633
-653
-639
-653
-708
-744
-758
-777
-763
-695
-638
-641
-659
-664
-683
-713
-713
-688
-676
-661
-637
-642
-676
-685
-664
-661
-680
-694
-719
-768
-805
-805
-793
-785
-752
-700
-651
-595
-516
-444
-413
-382
-336
-309
-306
-292
-260
-240
-210
-164
-147
-142
-97
-33
-12
-19
-29
-60
-93
-88
-64
-32
42
148
231
273
287
286
282
267
233
168
93
75
149
305
505
745
999
1208
1344
1396
1372
1313
1266
1233
1191
1156
1153
1162
1151
1113
1059
980
879
759
605
412
207
20
-147
-273
-333
-323
-250
-146
-44
20
32
23
7
-10
-15
13
65
110
154
194
230
274
344
409
410
364
306
222
115
40
0
-50
-63
-7
18
-15
-30
-37
-118
-225
-277
-338
-420
-429
-393
-412
-437
-388
-353
-372
-353
-315
-348
-423
-475
-547
-648
-697
-680
-646
-611
-537
-454
-434
-461
-488
-513
-561
-590
-584
-591
-601
-567
-512
-479
-434
-343
-251
-191
-148
-120
-129
-163
-184
-194
-206
-187
-130
-76
-46
-21
0
2
-11
-24
-24
-19
0
36
70
103
151
208
245
266
284
276
241
198
159
115
84
61
33
9
-11
-30
-40
-32
-1
44
91
123
136
138
122
80
34
8
-5
-15
-18
-17
-37
-41
-10
15
18
35
67
74
89
129
159
169
186
214
222
229
260
285
278
275
282
262
213
181
153
111
79
61
45
41
68
103
133
165
200
230
249
263
280
295
299
284
242
194
152
119
89
68
42
12
1
-1
-10
-23
-24
-28
-38
-49
-64
-86
-106
-110
-101
-108
-121
-126
-135
-149
-160
-163
-174
-180
-168
-164
-178
-200
-220
-245
-286
-326
-361
-387
-392
-376
-354
-337
-308
-277
-262
-261
-258
-258
-265
-272
-276
-267
-227
-170
-115
-68
-28
11
46
71
78
72
67
68
68
67
73
90
104
116
116
96
78
64
45
19
7
3
0
17
52
82
109
138
150
138
122
114
96
76
68
62
54
51
63
71
83
105
128
139
140
148
151
148
136
109
72
38
16
-3
-33
-72
-107
-132
-149
-157
-156
-151
-144
-139
-137
-129
-106
-74
-45
-22
1
26
58
92
116
132
141
133
98
52
12
-26
-60
-97
-142
-178
-175
-135
-88
-40
5
43
66
83
102
120
139
155
152
131
105
96
96
90
98
110
109
95
79
68
53
52
62
60
48
46
56
51
38
23
-4
-43
-68
-83
-109
-132
-134
-126
-117
-99
-75
-65
-75
-91
-120
-152
-176
-188
-199
-201
-188
-168
-144
-129
-132
-156
-181
-200
-227
-249
-257
-255
-238
-196
-143
-97
-47
15
61
84
113
139
151
160
176
186
194
216
243
247
230
209
187
159
133
114
83
50
34
32
37
57
96
123
126
112
86
52
26
8
-8
-22
-24
-11
2
21
49
75
91
106
112
116
129
140
131
102
65
33
12
-1
-12
-32
-56
-89
-127
-170
-205
-220
-223
-218
-208
-193
-167
-131
-93
-64
-41
-13
23
54
73
73
55
29
-5
-44
-84
-117
-141
-165
-190
-209
-219
-209
-188
-154
-121
-85
-42
-2
33
68
103
138
165
183
182
163
139
117
96
77
66
58
53
57
65
75
84
96
102
103
102
94
84
71
51
25
3
-8
-12
-9
-9
-24
-37
-45
-47
-45
-43
-39
-43
-51
-60
-75
-87
-85
-74
-69
-70
-71
-90
-116
-139
-166
-192
-205
-195
-175
-142
-105
-74
-49
-26
7
36
55
84
114
139
160
185
209
224
244
252
234
198
162
131
95
66
50
38
28
20
21
20
22
36
45
33
16
4
-8
-19
-21
-20
-20
-17
-18
-17
-8
10
31
44
47
45
49
59
56
42
23
7
-15
-48
-78
-105
-122
-130
-139
-167
-208
-231
-233
-228
-222
-202
-172
-141
-98
-53
-14
31
82
123
135
136
137
130
115
81
32
-23
-71
-110
-138
-150
-154
-152
-140
-128
-114
-89
-45
-3
30
67
95
106
125
159
179
187
193
187
160
133
114
82
45
31
27
14
6
11
10
8
21
36
36
41
56
53
32
10
-12
-40
-51
-48
-50
-51
-35
-7
8
19
37
44
40
38
23
-8
-30
-31
-27
-27
-25
-23
-38
-59
-81
-116
-155
-180
-188
-191
-185
-161
-128
-99
-64
-21
11
36
62
78
75
75
90
107
129
155
166
147
118
95
70
51
39
26
3
-15
-11
-2
9
36
63
73
80
87
76
46
20
-2
-22
-36
-34
-29
-21
6
40
61
68
76
78
70
61
55
41
29
26
19
0
-14
-17
-24
-34
-49
-74
-109
-137
-147
-150
-144
-119
-90
-66
-42
-14
12
41
76
101
102
92
86
75
57
37
8
-39
-90
-128
-163
-193
-197
-181
-165
-153
-132
-108
-81
-35
15
49
69
90
109
112
110
115
110
96
81
60
28
1
-3
-5
-11
-6
6
22
31
37
41
43
52
67
76
67
55
48
32
2
-33
-59
-84
-99
-95
-84
-74
-55
-25
-10
-14
-14
-14
-23
-29
-24
-19
-20
-4
19
30
32
35
29
-2
-34
-63
-100
-130
-141
-135
-125
-106
-70
-39
-11
21
46
60
70
86
99
103
100
90
79
72
68
66
66
63
60
60
57
46
37
35
31
24
20
19
13
5
3
-8
-22
-25
-22
-26
-38
-38
-33
-27
-2
26
44
52
58
57
44
34
29
22
21
24
29
37
44
53
50
32
3
-29
-55
-74
-83
-77
-58
-31
-7
18
38
53
73
92
97
91
83
71
47
17
-14
-49
-86
-116
-139
-161
-169
-158
-135
-111
-85
-54
-26
-5
18
38
53
65
75
78
67
54
49
43
41
43
43
41
34
36
42
42
44
50
51
52
58
64
64
58
54
42
21
-1
-25
-54
-88
-119
-144
-165
-166
-148
-123
-105
-92
-83
-76
-67
-48
-33
-15
6
29
45
53
55
53
51
39
15
-23
-63
-101
-136
-160
-171
-171
-153
-122
-89
-59
-25
8
31
49
67
80
87
100
114
115
114
113
103
85
74
68
56
46
43
38
30
32
39
43
44
48
46
34
25
24
23
19
20
16
6
-4
-2
4
7
18
28
30
26
24
27
27
29
32
26
16
12
11
4
-5
-16
-28
-41
-44
-39
-29
-10
20
49
71
90
107
119
122
122
115
103
95
84
67
40
14
-14
-43
-71
-97
-113
-125
-128
-122
-112
-95
-70
-38
-8
10
15
13
8
-1
-10
-22
-34
-43
-53
-59
-63
-56
-39
-15
1
7
3
-7
-17
-20
-16
-10
-6
-7
-13
-28
-41
-48
-53
-66
-84
-106
-135
-153
-160
-153
-139
-118
-91
-71
-55
-40
-22
-1
29
61
93
125
151
169
178
174
166
149
126
95
52
8
-27
-54
-71
-74
-69
-62
-53
-39
-29
-18
3
29
47
55
59
63
69
82
94
93
81
68
53
37
21
14
12
6
5
0
-5
-8
-3
5
7
4
-1
-6
-10
-15
-19
-26
-33
-39
-40
-47
-54
-54
-54
-56
-61
-59
-53
-45
-31
-21
-17
-18
-19
-24
-37
-44
-45
-45
-41
-30
-14
-1
20
44
62
79
102
119
124
124
125
124
124
130
137
138
132
123
98
59
25
-3
-31
-54
-67
-77
-86
-87
-82
-74
-65
-52
-40
-41
-48
-57
-64
-67
-63
-60
-64
-65
-58
-48
-34
-16
8
27
40
46
44
37
35
39
37
30
22
12
-1
-14
-30
-50
-69
-84
-101
-123
-135
-141
-138
-128
-107
-83
-59
-37
-15
2
18
42
70
100
128
149
161
156
146
131
108
78
42
1
-40
-72
-89
-95
-93
-84
-67
-50
-32
-12
10
28
42
55
59
57
57
58
58
57
50
42
29
17
6
-8
-21
-30
-36
-42
-45
-50
-47
-36
-17
6
25
40
51
53
46
38
27
21
17
10
-3
-19
-26
-31
-30
-27
-26
-27
-27
-25
-25
-29
-24
-21
-20
-22
-28
-31
-34
-29
-22
-18
-14
-3
13
28
47
70
86
97
108
114
118
127
140
152
156
152
141
121
94
68
39
6
-21
-40
-55
-68
-70
-69
-66
-59
-53
-46
-42
-41
-45
-55
-71
-84
-87
-84
-72
-57
-41
-29
-19
-9
2
16
29
36
34
21
2
-18
-36
-49
-59
-70
-83
-103
-122
-134
-142
-141
-137
-130
-125
-120
-108
-89
-64
-34
1
34
63
90
114
134
154
175
182
178
170
156
138
115
92
60
23
-11
-40
-64
-74
-71
-58
-45
-31
-16
-3
15
37
60
74
80
85
81
71
63
56
46
29
13
-8
-29
-45
-54
-61
-66
-64
-63
-66
-71
-69
-64
-58
-46
-34
-24
-16
-4
2
2
-2
-8
-17
-29
-34
-32
-30
-19
-6
4
9
12
14
8
1
-7
-18
-31
-43
-47
-49
-47
-36
-22
-12
-3
7
17
25
39
55
68
86
104
118
128
140
154
158
158
153
140
120
95
71
42
17
0
-9
-15
-17
-15
-15
-16
-16
-17
-20
-25
-28
-38
-52
-65
-75
-77
-72
-58
-43
-31
-18
-5
5
15
27
34
36
31
24
10
-3
-14
-25
-38
-52
-67
-85
-99
-109
-113
-116
-119
-119
-118
-116
-108
-96
-81
-61
-38
-12
13
37
59
80
97
111
116
115
109
95
81
63
44
23
4
-11
-26
-39
-46
-52
-50
-42
-32
-18
-6
9
28
42
55
64
68
67
58
45
25
6
-8
-21
-32
-41
-48
-48
-51
-53
-54
-51
-46
-44
-40
-39
-38
-34
-28
-22
-21
-18
-16
-21
-24
-28
-27
-25
-18
-9
-4
2
11
17
22
28
32
30
21
11
-5
-22
-34
-36
-36
-34
-22
-6
9
25
45
63
78
93
107
114
119
130
139
145
151
158
158
152
145
128
103
77
53
28
4
-14
-27
-38
-43
-41
-39
-35
-29
-21
-22
-25
-30
-36
-44
-50
-49
-50
-49
-42
-34
-29
-18
-4
10
19
27
30
23
12
0
-14
-29
-42
-55
-72
-90
-105
-116
-127
-136
-141
-145
-145
-144
-136
-129
-113
-89
-65
-36
-9
23
53
79
101
114
119
116
107
92
74
57
44
33
25
20
15
11
10
6
1
-4
-7
-7
-2
10
27
48
68
85
94
95
88
77
61
43
23
4
-12
-20
-25
-31
-35
-45
-54
-66
-77
-85
-92
-95
-94
-93
-87
-77
-62
-47
-35
-26
-21
-17
-16
-11
-7
-1
10
18
29
37
46
49
52
52
47
36
22
8
-9
-26
-41
-51
-57
-60
-54
-44
-32
-16
0
18
33
51
71
84
94
102
105
109
111
113
114
111
110
102
91
78
65
53
40
28
13
1
-10
-19
-24
-29
-29
-28
-30
-33
-38
-39
-41
-38
-30
-23
-12
2
16
32
46
61
73
80
82
78
70
58
45
30
11
-8
-28
-48
-68
-88
-102
-117
-129
-137
-142
-142
-138
-130
-118
-106
-88
-68
-51
-31
-15
1
15
24
30
30
28
22
14
5
-2
-11
-19
-28
-34
-41
-48
-48
-52
-51
-47
-42
-34
-21
-5
16
35
55
71
83
90
92
92
87
80
70
56
41
26
13
2
-8
-16
-25
-35
-45
-55
-67
-76
-82
-87
-87
-81
-74
-62
-46
-27
-9
7
22
34
42
45
48
48
47
49
50
54
55
56
53
48
39
25
10
-9
-24
-41
-51
-56
-55
-47
-38
-23
-10
8
24
40
53
63
75
82
90
95
101
109
114
120
123
122
120
111
99
80
58
35
13
-10
-27
-42
-53
-58
-60
-64
-64
-65
-62
-60
-57
-49
-44
-34
-20
-7
9
24
38
48
52
54
49
41
32
21
12
-1
-12
-23
-35
-48
-60
-75
-92
-105
-119
-129
-134
-135
-128
-120
-110
-94
-79
-61
-43
-27
-13
-4
4
8
12
17
20
25
26
24
22
15
10
3
-3
-10
-16
-20
-23
-21
-15
-4
10
25
42
54
67
79
88
94
97
97
92
87
80
72
64
55
45
35
23
13
1
-11
-18
-26
-35
-43
-52
-60
-67
-75
-77
-78
-76
-70
-63
-52
-42
-30
-17
-6
5
15
24
29
35
37
39
38
38
35
30
25
15
7
-2
-10
-17
-19
-21
-22
-20
-19
-16
-17
-14
-12
-11
-7
-2
4
12
25
41
56
71
85
94
98
96
89
77
61
47
32
19
8
-2
-9
-15
-17
-18
-20
-20
-19
-21
-25
-25
-24
-18
-10
-2
8
18
29
40
51
59
67
72
71
67
59
47
33
20
6
-7
-22
-35
-49
-64
-77
-89
-97
-104
-106
-105
-100
-94
-84
-72
-59
-44
-31
-20
-12
-5
-1
3
4
5
4
2
0
-4
-9
-17
-22
-30
-37
-43
-46
-44
-42
-35
-24
-11
5
22
40
56
70
78
84
87
83
78
71
64
57
50
43
37
32
24
17
8
0
-5
-12
-14
-18
-24
-27
-31
-32
-37
-42
-44
-50
-50
-47
-50
-47
-37
-33
-25
-17
-10
2
4
5
15
14
10
9
-1
-4
-3
3
7
-2
-2
-4
-13
-15
-19
-30
-35
-35
-35
-31
-26
-18
-5
4
14
24
31
34
31
39
52
67
83
86
92
90
75
64
58
50
35
17
0
-17
-38
-9
40
4
-20
9
-23
-83
-70
-72
-93
-48
-32
-17
40
50
99
161
120
287
572
421
240
292
59
-211
-200
-295
-390
-216
-56
28
141
181
142
49
-7
-21
-144
-211
-171
-214
-224
-133
-95
-58
15
10
-18
-28
-72
-108
-133
-162
-156
-120
-86
-69
-60
-55
-51
-44
-29
-26
-47
-45
-33
-37
-26
1
28
57
93
111
108
101
88
74
66
73
87
100
111
106
95
73
51
51
43
42
61
61
40
37
20
-24
-40
-34
-32
-29
-25
-31
-51
-68
-80
-87
-75
-64
-55
-35
-38
-51
-35
-33
-42
-13
5
4
20
9
-31
-43
-45
-44
-17
4
10
21
28
14
1
1
5
15
36
41
36
35
27
19
29
46
61
87
109
113
104
81
61
62
77
74
62
56
40
18
1
-18
-29
-21
-5
-7
-11
-3
-20
-48
-43
-18
-4
24
53
47
43
45
39
29
19
17
13
4
-1
-3
-18
-46
-47
-30
-36
-44
-30
-39
-67
-60
-44
-56
-56
-28
-10
-10
3
29
34
21
20
21
11
1
-6
-4
-2
-3
8
23
21
18
4
-24
-25
-24
-34
-19
11
31
45
53
52
39
23
16
3
-10
2
11
0
1
-11
-39
-55
-61
-67
-88
-118
-125
-127
-144
-140
-129
-133
-114
-83
-77
-82
-75
-64
-68
-59
-29
-13
-1
33
56
59
70
86
90
78
77
79
60
49
57
51
40
50
52
40
33
27
18
-7
-19
-14
-17
-6
7
-13
-20
-5
-23
-35
-33
-35
-26
-12
-13
2
14
-1
12
33
27
36
50
48
61
75
68
65
76
71
65
58
51
43
30
24
15
2
1
3
-7
4
18
11
9
17
23
21
26
29
30
45
46
32
40
44
24
22
19
0
2
-1
-16
-9
-3
-10
-6
-3
-9
-13
-20
-29
-23
-20
-23
-12
3
5
12
26
9
-3
5
-7
-33
-42
-53
-72
-69
-67
-75
-81
-74
-62
-55
-53
-54
-62
-66
-67
-79
-82
-74
-63
-38
-9
2
11
28
19
7
10
5
3
18
26
26
38
43
31
21
16
13
2
-7
-15
-21
-19
-19
-9
-3
-6
6
16
1
-13
-15
-22
-17
5
26
46
57
66
73
66
47
24
14
14
15
16
20
21
17
17
10
-2
-5
-2
1
1
7
22
20
12
27
23
0
6
6
-6
-1
1
-2
6
6
8
10
-4
-3
-7
-26
-17
-10
-22
-10
5
2
11
13
7
10
-3
-17
-23
-31
-37
-34
-31
-23
-9
4
26
35
34
44
53
48
44
45
44
41
31
27
23
15
21
25
11
7
13
1
-14
-16
-26
-31
-23
-13
-2
1
-8
-11
-7
-22
-36
-31
-36
-34
-20
-10
4
18
10
2
4
-12
-21
-25
-37
-40
-26
-14
-8
-5
3
13
4
-1
10
-2
-17
-15
-10
-10
-8
1
13
17
18
21
19
23
17
6
9
2
-8
-16
-31
-37
-37
-47
-46
-33
-43
-49
-42
-45
-49
-44
-31
-18
-7
19
27
18
32
38
19
23
25
10
21
32
21
14
16
7
1
7
7
3
6
12
13
11
5
-5
-8
-4
-2
4
9
14
24
26
22
22
19
15
13
8
5
14
22
24
27
31
31
29
27
27
28
27
28
29
19
6
1
-9
-15
-10
-12
-9
9
12
0
0
4
-5
-3
6
6
4
12
19
11
15
22
14
14
21
11
4
4
-8
-14
-13
-15
-18
-23
-27
-30
-38
-43
-39
-35
-31
-26
-18
-14
-22
-24
-22
-35
-35
-12
-12
-27
-11
-11
-32
-32
-27
-33
-34
-20
-15
-22
-18
-12
-25
-28
-11
-9
-8
3
-1
-12
-6
-2
-8
5
22
26
38
46
38
34
35
22
12
15
25
20
8
10
7
-12
-16
-15
-35
-49
-47
-41
-37
-25
-12
-4
4
14
24
19
14
25
26
22
31
37
33
29
30
36
32
21
16
7
-6
-12
-17
-26
-27
-24
-22
-24
-27
-23
-23
-27
-22
-7
-1
5
18
21
17
18
22
20
19
26
35
38
44
53
47
34
29
31
27
29
35
29
23
23
10
-13
-27
-38
-44
-42
-41
-40
-28
-31
-34
-29
-28
-24
-15
-1
10
14
23
28
20
17
22
17
14
29
29
22
26
20
5
-3
-7
-13
-17
-14
-12
-6
4
12
25
39
46
54
68
68
69
68
57
55
54
49
49
48
45
53
50
37
36
25
7
-1
-8
-22
-30
-27
-29
-27
-27
-25
-22
-31
-33
-34
-41
-42
-44
-49
-45
-43
-45
-37
-39
-45
-46
-48
-56
-66
-72
-79
-83
-79
-75
-80
-79
-70
-67
-63
-51
-41
-32
-18
-10
-4
4
4
6
16
24
23
34
43
38
38
44
36
28
31
30
26
21
15
10
7
7
11
14
13
18
20
7
6
14
12
10
26
34
27
28
29
19
15
19
22
25
35
48
47
36
40
42
28
24
27
17
10
9
-7
-14
-14
-25
-27
-20
-25
-29
-19
-23
-33
-31
-30
-33
-30
-20
-19
-19
-11
-1
-1
-3
3
-3
-10
-6
-9
-15
-18
-19
-26
-33
-36
-32
-28
-31
-19
-4
-3
5
18
21
21
36
44
46
59
65
60
53
52
52
45
44
43
36
35
40
30
13
7
-7
-27
-27
-29
-40
-38
-29
-22
-15
-7
-2
-2
-3
-1
0
-2
-4
-7
-15
-23
-29
-32
-37
-44
-43
-40
-44
-45
-44
-53
-58
-57
-61
-65
-61
-59
-57
-43
-28
-18
-2
19
21
21
28
24
14
17
21
17
18
21
16
14
13
13
15
14
20
21
17
18
18
17
17
26
36
36
34
28
21
13
12
12
9
14
19
18
17
17
16
15
18
27
33
36
37
33
30
27
19
16
16
7
1
-5
-19
-30
-36
-46
-48
-45
-52
-49
-41
-48
-51
-43
-42
-39
-29
-24
-24
-17
-9
-8
-4
5
9
11
9
10
11
5
-3
-7
-11
-22
-25
-25
-33
-32
-19
-9
2
14
28
28
28
35
36
34
45
54
57
61
67
62
54
51
44
41
40
39
34
26
20
10
5
0
-5
-6
-3
-1
1
6
5
6
9
4
0
0
-7
-16
-22
-23
-30
-34
-33
-39
-49
-50
-56
-64
-64
-68
-72
-69
-67
-67
-63
-60
-51
-38
-26
-12
1
9
16
13
11
18
13
15
30
38
39
44
46
35
30
27
20
11
11
14
7
9
18
17
15
24
33
35
39
41
36
27
26
24
19
21
26
27
30
30
27
25
25
23
23
23
19
17
17
13
7
1
-7
-14
-19
-27
-34
-33
-34
-38
-36
-31
-28
-28
-30
-33
-36
-39
-34
-20
-5
6
18
23
17
13
5
-9
-19
-20
-22
-29
-25
-22
-32
-37
-37
-39
-39
-25
-15
-11
-5
-5
-13
-18
-17
-17
-16
-9
-1
7
18
30
42
42
38
35
25
11
5
-2
-11
-14
-19
-25
-35
-40
-41
-40
-37
-35
-39
-44
-42
-41
-31
-14
-3
6
12
12
6
4
-4
-14
-17
-20
-24
-25
-17
-14
-19
-19
-18
-24
-27
-23
-29
-38
-40
-45
-51
-50
-45
-40
-35
-24
-12
-10
-8
-10
-21
-28
-27
-16
-5
6
15
16
16
19
9
-10
-5
38
126
295
513
666
720
682
532
336
195
100
34
9
-11
-43
-45
-9
39
72
55
-17
-116
-196
-213
-184
-147
-97
-67
-76
-69
-35
-31
-23
-9
-52
-118
-174
-223
-263
-286
-300
-320
-358
-392
-401
-409
-399
-353
-324
-311
-280
-256
-226
-157
-91
-46
0
28
41
74
119
165
199
213
218
210
192
196
205
190
180
165
127
107
119
123
131
146
146
136
138
146
154
159
164
169
154
149
159
148
133
125
90
46
22
-2
-25
-34
-52
-75
-101
-128
-140
-146
-157
-154
-151
-168
-164
-145
-138
-112
-73
-60
-52
-41
-46
-54
-43
-29
-16
4
17
24
23
22
31
33
33
43
44
39
52
72
78
91
100
89
87
96
101
108
117
115
100
93
87
73
63
58
43
26
24
15
-3
-13
-27
-45
-52
-57
-64
-66
-74
-87
-90
-94
-97
-85
-86
-84
-68
-80
-82
-61
-89
-114
-88
-107
-117
-60
-27
0
53
66
54
52
18
-9
-8
-28
-31
-5
-6
2
34
43
50
68
65
49
37
23
9
10
15
11
14
21
18
23
40
48
52
59
49
33
25
6
-7
-6
-12
-7
12
21
28
40
34
19
9
-8
-27
-36
-45
-48
-43
-38
-29
-15
-2
11
28
37
35
36
38
27
27
31
21
20
27
27
34
43
30
13
-4
-31
-45
-48
-51
-50
-42
-39
-27
-13
-10
0
1
-2
4
11
15
22
21
10
6
4
2
11
9
2
-4
-19
-22
-19
-19
-14
-11
-20
-23
-24
-33
-32
-36
-49
-52
-55
-62
-56
-51
-54
-49
-44
-45
-32
-17
-10
3
6
7
13
18
22
25
22
12
9
10
16
28
36
38
31
24
18
17
28
40
44
43
40
34
31
37
38
38
42
43
53
66
77
85
80
68
50
33
18
12
5
-2
-8
-20
-24
-27
-26
-24
-22
-23
-30
-33
-43
-55
-62
-68
-72
-69
-59
-52
-44
-37
-38
-39
-44
-49
-53
-56
-55
-51
-42
-32
-27
-23
-24
-30
-35
-36
-30
-22
-9
1
10
13
16
20
19
21
20
16
7
1
-1
2
11
20
28
34
33
34
41
43
48
51
47
40
38
34
34
43
39
34
27
16
10
10
11
9
0
-9
-14
-15
-10
-2
-1
-4
-8
-10
-7
-1
6
8
12
14
17
19
16
6
-8
-22
-29
-29
-23
-16
-16
-14
-19
-22
-21
-23
-24
-30
-38
-40
-33
-21
-1
17
23
23
24
19
18
26
21
6
-8
-21
-31
-22
-6
3
8
6
-4
-11
-9
-7
-5
-4
-5
0
7
21
35
37
27
14
-1
-10
2
16
27
39
38
32
26
26
27
24
17
1
-18
-37
-46
-42
-31
-18
-6
-3
-2
-4
-8
-7
-6
-7
-7
-1
6
17
25
27
21
15
13
17
28
38
40
31
16
1
-10
-8
0
7
10
6
-3
-16
-25
-25
-23
-13
-2
2
0
-5
-11
-16
-9
1
10
11
11
5
6
14
17
16
5
-10
-21
-22
-10
10
24
28
24
15
2
-6
-13
-25
-29
-32
-29
-20
-11
-7
-6
-6
-8
-6
-4
-3
1
6
7
13
12
1
-6
-14
-21
-20
-20
-28
-37
-50
-57
-62
-59
-57
-58
-51
-42
-28
-14
-3
0
-4
-6
-4
1
7
11
12
8
11
14
18
20
20
16
9
9
7
8
9
9
12
14
20
30
38
48
56
60
60
59
58
52
55
52
43
40
33
31
34
38
36
29
15
-6
-16
-24
-25
-26
-37
-45
-53
-58
-51
-37
-24
-16
-9
-7
-7
0
1
2
3
1
1
4
13
20
24
28
19
7
-2
-14
-22
-22
-22
-20
-11
-6
0
3
1
-3
-12
-22
-29
-32
-35
-34
-29
-25
-16
-7
-3
-3
-4
-8
-10
-8
-7
-6
-8
-15
-17
-18
-13
-5
-2
2
2
3
6
13
17
18
18
13
11
12
16
22
30
33
33
34
37
44
48
53
51
44
37
37
40
46
54
54
47
35
25
14
9
5
-2
-9
-15
-17
-15
-12
-10
-16
-27
-36
-44
-45
-43
-41
-43
-43
-40
-40
-31
-27
-24
-28
-35
-39
-43
-46
-48
-51
-58
-63
-61
-59
-48
-34
-28
-18
-12
-7
0
6
10
14
20
24
35
40
41
41
35
29
26
22
23
23
16
11
7
-1
-2
2
5
13
20
23
25
29
26
22
20
13
8
6
4
3
2
0
-2
-5
-9
-13
-20
-28
-31
-30
-27
-17
-10
-9
-12
-15
-17
-16
-9
-7
-11
-18
-24
-30
-29
-23
-22
-19
-22
-24
-23
-24
-20
-20
-24
-25
-29
-28
-23
-12
-2
8
22
32
37
43
46
44
41
38
31
24
20
18
17
20
22
20
19
15
12
13
15
18
22
21
18
15
15
18
26
29
27
25
15
9
8
5
6
5
2
-2
-6
-8
-10
-10
-8
-10
-10
-11
-9
-6
-9
-7
-7
-14
-14
-12
-11
-1
7
12
15
12
8
2
-1
-6
-9
-13
-17
-18
-21
-20
-22
-25
-26
-28
-26
-21
-14
-4
-1
5
10
13
19
23
25
25
24
22
18
14
7
-4
-11
-20
-24
-22
-21
-16
-17
-21
-25
-29
-29
-24
-20
-17
-15
-15
-18
-13
-8
-3
3
4
4
1
1
2
4
9
12
13
14
15
19
16
14
10
3
-3
-6
-7
-11
-12
-18
-24
-31
-38
-43
-48
-51
-54
-52
-45
-36
-22
-11
0
7
11
16
19
25
31
36
39
45
49
50
52
50
46
41
32
27
22
19
15
11
7
-2
-5
-9
-8
-4
3
14
24
33
42
48
52
56
56
54
52
48
42
38
36
31
29
24
18
10
-1
-10
-18
-26
-28
-31
-32
-31
-29
-29
-24
-24
-29
-31
-36
-38
-36
-28
-25
-21
-23
-30
-39
-49
-54
-59
-60
-64
-61
-57
-50
-40
-34
-29
-28
-29
-32
-32
-30
-25
-18
-13
-9
-5
2
7
11
16
20
21
24
28
32
36
39
41
40
38
34
31
27
24
20
16
13
9
8
4
0
-1
-4
-1
0
1
4
7
13
20
29
35
35
36
34
33
39
42
46
42
33
21
8
0
-9
-16
-24
-32
-36
-41
-37
-35
-35
-33
-37
-37
-36
-32
-28
-21
-13
-9
-3
2
4
6
2
-1
-4
-7
-7
-7
-8
-8
-11
-14
-17
-21
-26
-31
-35
-40
-42
-41
-40
-35
-31
-25
-16
-5
8
16
21
22
21
18
18
18
19
18
19
19
19
17
13
7
0
-6
-12
-11
-9
-3
1
3
6
8
12
17
24
26
29
28
25
23
21
20
20
22
21
26
30
33
36
35
33
31
28
22
21
18
10
2
-8
-14
-16
-17
-19
-23
-28
-35
-36
-35
-34
-35
-38
-44
-50
-47
-39
-28
-15
-9
-4
0
0
2
5
2
-1
-6
-10
-13
-13
-12
-11
-11
-12
-12
-11
-8
-6
-8
-12
-14
-15
-14
-9
-2
3
9
12
15
18
20
22
21
18
13
8
4
-1
-3
-3
-5
-8
-12
-14
-16
-20
-21
-25
-29
-31
-33
-31
-26
-19
-14
-10
-6
-3
3
6
6
7
8
9
11
14
18
22
25
25
26
24
26
28
30
32
34
33
31
31
26
27
25
22
22
20
23
22
20
19
14
13
12
9
9
9
10
9
8
6
2
0
-3
-7
-8
-10
-9
-7
-5
-4
-2
-4
-8
-14
-19
-23
-25
-26
-27
-28
-26
-25
-21
-16
-15
-11
-10
-12
-12
-12
-12
-8
-5
-2
1
5
8
9
13
13
12
10
5
4
3
0
-1
-3
-5
-5
-3
-1
2
4
1
0
-3
-3
0
1
2
1
1
-1
-2
-3
-8
-10
-14
-15
-14
-12
-10
-8
-9
-8
-3
-2
1
1
1
2
5
7
11
11
11
9
9
10
13
17
18
17
13
10
7
4
3
0
-3
-5
-5
-4
-1
2
6
6
4
3
2
0
-2
-3
-3
-1
3
4
8
8
9
8
5
5
3
0
-2
-6
-8
-9
-11
-11
-14
-16
-17
-16
-15
-11
-7
-6
-4
-2
0
2
6
8
10
10
12
13
14
15
12
8
0
-7
-12
-18
-20
-22
-25
-27
-28
-29
-29
-26
-27
-24
-20
-16
-10
-7
-2
1
5
5
4
4
4
3
3
1
2
3
4
7
8
9
8
6
4
3
3
3
4
6
8
12
16
20
24
25
25
25
24
22
21
18
16
17
14
15
12
10
9
4
1
-3
-7
-12
-16
-19
-21
-25
-27
-27
-29
-27
-26
-23
-21
-18
-18
-16
-13
-10
-6
-5
-2
-3
0
3
4
6
8
8
7
7
5
4
0
-2
-6
-10
-10
-13
-13
-14
-15
-15
-17
-17
-18
-18
-17
-17
-16
-13
-11
-9
-7
-6
-3
-5
-6
-7
-7
-7
-4
-1
-2
1
1
3
5
8
9
9
7
3
0
-2
-3
-2
-2
-3
-3
-3
1
3
6
7
5
5
2
0
1
2
4
3
0
-3
-5
-3
-5
-5
-9
-12
-14
-15
-11
-10
-7
-7
-9
-11
-11
-8
-5
-1
2
3
6
9
13
16
18
20
19
20
24
25
27
29
29
29
26
29
32
32
35
34
33
33
33
34
34
35
36
35
37
38
39
42
42
40
38
35
34
31
29
26
21
15
8
1
-5
-10
-15
-23
-29
-35
-39
-43
-47
-49
-53
-54
-55
-55
-53
-53
-52
-52
-51
-49
-47
-44
-40
-37
-34
-31
-31
-29
-28
-28
-25
-26
-26
-25
-23
-23
-22
-23
-27
-28
-30
-29
-27
-24
-21
-20
-17
-16
-12
-9
-6
-2
0
3
5
9
11
13
12
12
9
8
8
7
8
9
8
8
9
11
12
14
15
17
20
20
22
25
25
26
25
27
29
29
31
32
31
31
28
26
24
22
20
17
15
14
11
11
8
6
5
3
1
-1
-2
-3
-3
-2
-3
-4
-5
-6
-7
-8
-11
-14
-16
-19
-21
-23
-23
-22
-22
-22
-21
-23
-22
-23
-25
-25
-26
-25
-23
-21
-17
-14
-9
-6
-2
0
1
5
7
11
13
16
20
22
24
25
26
26
28
27
27
30
30
32
31
33
33
31
29
25
24
21
21
21
21
21
22
22
21
19
17
16
13
10
8
7
6
4
3
2
1
-1
-1
-4
-6
-6
-9
-8
-10
-11
-10
-12
-13
-13
-13
-14
-12
-13
-14
-13
-15
-13
-12
-10
-9
-8
-5
-5
-3
-2
-3
-1
-1
0
0
2
3
3
3
2
1
3
1
0
1
0
0
-1
0
0
0
0
-1
-2
1
1
1
2
1
3
2
1
1
-1
0
0
-1
-2
-3
-2
-4
-7
-8
-12
-13
-14
-15
-14
-13
-11
-10
-8
-8
-5
-5
-5
-4
-4
-3
-2
-1
1
1
1
0
-1
-3
-7
-10
-14
-18
-20
-22
-25
-26
-27
-29
-30
-30
-30
-27
-26
-22
-20
-15
-12
-7
-3
1
7
9
12
14
16
18
19
20
20
19
18
18
17
15
14
13
11
9
6
3
2
1
0
2
3
6
8
10
11
14
16
17
18
17
19
20
23
23
23
22
21
18
16
14
10
6
2
0
-4
-6
-7
-7
-9
-11
-11
-14
-13
-12
-11
-9
-10
-8
-7
-6
-4
-3
-2
0
2
4
5
8
9
9
7
6
6
4
5
5
4
5
4
2
1
-2
-3
-5
-7
-8
-10
-7
-9
-9
-8
-7
-5
-5
-1
0
1
3
7
9
12
14
15
17
16
17
16
14
13
10
9
7
5
4
3
2
1
0
-1
-2
-3
-7
-7
-8
-9
-9
-8
-9
-8
-7
-8
-6
-7
-7
-9
-12
-13
-15
-15
-14
-15
-15
-14
-13
-11
-10
-9
-7
-5
-3
-3
-2
0
2
3
3
4
2
4
5
6
8
9
10
9
11
10
10
12
9
10
10
10
11
11
14
14
15
16
17
17
18
16
15
13
13
12
11
10
10
8
7
6
3
2
-3
-5
-7
-10
-11
-14
-15
-17
-17
-19
-17
-18
-17
-17
-17
-15
-14
-13
-12
-8
-9
-6
-6
-4
-2
-2
-2
-4
-3
-6
-7
-9
-9
-12
-15
-16
-19
-20
-22
-23
-24
-24
-23
-22
-20
-19
-17
-15
-14
-11
-9
-9
-5
-5
-2
1
1
