SAMPLES:	15596
BITSPERSAMPLE:	16
CHANNELS:	1
SAMPLERATE:	16000
NORMALIZED:	FALSE
-7
-8
-10
-11
-13
-15
-18
-22
-24
-27
-28
-30
-31
-32
-33
-34
-33
-32
-32
-29
-27
-22
-20
-17
-15
-13
-10
-8
-7
-5
-4
-2
-2
0
-1
0
-1
-1
-2
-2
-1
-1
-1
-1
1
2
3
4
7
7
8
8
10
10
8
8
7
4
3
0
-3
-4
-5
-7
-7
-7
-7
-6
-3
0
2
6
8
11
13
16
18
18
18
17
14
11
7
3
-2
-5
-8
-11
-12
-13
-15
-14
-14
-11
-7
-6
-5
-3
0
1
0
-1
-1
-2
-3
-3
-4
-3
-3
-1
-1
1
4
7
11
13
17
19
22
23
25
25
23
23
20
17
14
10
6
2
-2
-8
-13
-16
-20
-22
-25
-27
-28
-30
-28
-28
-26
-25
-21
-18
-14
-12
-9
-5
-1
1
4
6
7
10
11
11
12
12
12
12
12
11
11
12
12
12
12
12
12
13
12
12
13
13
13
14
13
13
13
13
13
14
15
17
19
20
22
24
25
27
27
28
28
26
25
23
21
18
14
10
5
-1
-5
-10
-16
-20
-26
-28
-32
-34
-35
-37
-37
-37
-35
-35
-32
-29
-25
-21
-18
-14
-11
-8
-3
-1
2
4
5
7
8
7
7
6
4
2
0
-2
-4
-6
-7
-10
-9
-11
-10
-9
-10
-8
-8
-6
-5
-4
-3
-1
-2
0
3
4
6
6
7
10
12
13
17
17
21
21
24
23
24
23
20
20
16
14
10
7
3
0
-4
-7
-10
-13
-14
-15
-16
-16
-13
-13
-11
-10
-7
-4
-1
2
5
8
10
13
14
18
20
23
24
26
28
30
31
33
33
32
32
30
31
28
27
24
22
18
14
12
8
5
1
0
-6
-6
-10
-10
-13
-13
-13
-14
-12
-13
-13
-14
-12
-13
-11
-13
-12
-13
-13
-14
-14
-15
-17
-17
-21
-20
-24
-25
-26
-27
-29
-30
-30
-31
-30
-29
-28
-28
-25
-25
-23
-23
-22
-21
-20
-18
-17
-14
-12
-10
-8
-5
-3
0
1
5
8
12
14
17
23
24
27
28
31
30
30
29
27
25
22
21
17
16
11
10
9
9
8
7
8
8
9
9
10
9
9
9
9
7
6
5
4
2
0
0
-2
-2
-2
-3
-3
-3
-4
-4
-5
-5
-6
-8
-10
-12
-15
-18
-21
-23
-28
-30
-32
-33
-32
-34
-32
-31
-28
-26
-21
-16
-11
-6
-1
3
8
13
17
19
21
23
21
22
20
19
17
15
12
9
7
3
1
-3
-5
-9
-9
-10
-11
-9
-11
-8
-8
-7
-7
-5
-6
-4
-4
-3
-3
-2
-1
-2
-1
-2
-2
-3
-3
-4
-3
-4
-4
-5
-6
-7
-9
-10
-14
-15
-19
-21
-24
-28
-30
-31
-33
-32
-30
-30
-28
-26
-19
-16
-9
-2
3
10
16
22
27
32
35
40
41
42
40
40
38
36
34
31
29
25
24
21
19
17
16
14
13
12
12
12
11
12
10
10
9
9
8
9
8
8
8
7
8
8
11
11
13
13
14
15
14
13
11
8
5
3
-2
-6
-10
-14
-20
-24
-28
-31
-35
-36
-38
-38
-36
-36
-32
-30
-25
-22
-17
-12
-7
-3
1
7
10
14
17
20
22
23
24
24
23
23
22
20
19
19
16
12
11
9
9
7
7
5
6
7
6
6
6
7
8
10
10
12
14
15
16
17
18
18
19
20
21
21
22
20
20
18
15
12
8
5
0
-3
-8
-12
-16
-21
-24
-27
-29
-30
-30
-30
-30
-29
-26
-24
-20
-18
-14
-11
-8
-4
-2
0
3
5
8
9
10
12
14
16
16
17
16
16
17
15
16
13
11
9
4
2
-1
-4
-6
-10
-11
-13
-12
-11
-10
-10
-7
-3
-1
3
6
8
12
14
15
16
14
13
12
10
7
4
1
-2
-5
-8
-10
-13
-16
-19
-21
-21
-21
-23
-25
-28
-28
-30
-29
-30
-32
-31
-32
-32
-32
-32
-30
-28
-27
-24
-22
-18
-14
-11
-7
-3
1
4
9
12
15
17
18
19
18
17
15
12
8
4
1
-4
-7
-11
-14
-15
-16
-16
-15
-13
-10
-5
-1
3
7
11
14
17
18
21
21
20
18
15
14
9
6
4
2
1
2
2
3
5
9
11
15
17
20
23
23
23
20
18
13
7
2
-7
-13
-20
-27
-32
-33
-37
-37
-36
-34
-29
-23
-16
-10
-2
2
8
12
15
16
17
15
13
10
6
1
-5
-8
-14
-15
-17
-19
-16
-15
-11
-7
-3
1
6
8
12
14
15
15
13
12
8
5
1
-1
-4
-6
-8
-7
-6
-4
0
3
9
14
18
20
25
27
28
27
27
23
19
16
11
8
2
-2
-6
-9
-11
-12
-13
-13
-11
-10
-8
-6
-3
-1
3
4
7
7
7
7
5
8
4
5
2
2
0
-1
-2
-2
-2
-3
-2
-1
2
1
5
5
9
10
13
15
15
19
18
20
19
19
17
17
15
13
12
11
10
9
8
6
6
4
5
3
3
1
0
-3
-5
-7
-11
-11
-14
-14
-17
-16
-16
-13
-12
-9
-6
-4
1
4
9
9
13
12
14
13
11
7
4
3
-3
-5
-8
-9
-12
-10
-11
-7
-6
-2
2
4
7
8
13
12
14
11
13
8
7
4
1
-1
-3
-2
-4
-1
-1
3
5
8
10
12
13
13
13
9
9
4
0
-5
-8
-13
-17
-20
-23
-24
-26
-23
-24
-20
-18
-13
-12
-8
-7
-7
-6
-5
-5
-7
-7
-9
-8
-11
-11
-12
-10
-10
-9
-7
-7
-2
-2
1
1
2
2
1
2
0
0
-2
-1
-1
0
0
1
0
4
5
6
8
9
11
10
11
10
10
9
7
5
5
3
2
2
1
3
3
5
5
7
7
9
8
8
8
6
4
1
-1
-5
-7
-12
-13
-18
-20
-23
-23
-23
-25
-23
-24
-21
-21
-19
-21
-20
-19
-18
-19
-19
-20
-21
-20
-21
-19
-19
-17
-17
-13
-10
-5
-2
2
7
10
16
18
23
24
29
29
30
29
28
29
27
24
20
20
16
15
12
12
9
9
9
10
10
10
12
12
15
13
15
13
13
12
11
7
4
1
-4
-5
-10
-12
-17
-18
-21
-23
-25
-25
-26
-25
-24
-22
-20
-21
-17
-18
-15
-15
-14
-14
-13
-14
-16
-15
-18
-16
-17
-15
-16
-13
-12
-9
-5
-3
1
4
7
9
14
15
20
20
23
24
24
25
24
24
22
23
21
21
19
18
17
16
15
14
15
16
17
18
19
20
23
23
25
25
25
27
27
26
23
23
21
19
17
14
13
11
7
6
5
5
4
4
4
6
7
7
9
8
9
9
8
6
4
3
0
-3
-8
-11
-14
-17
-19
-22
-24
-25
-25
-25
-24
-23
-22
-20
-18
-17
-14
-12
-10
-10
-11
-10
-9
-10
-11
-11
-11
-10
-11
-10
-10
-8
-8
-6
-4
-2
0
1
4
5
7
7
8
9
9
7
5
4
1
-1
-3
-5
-8
-8
-8
-9
-8
-9
-7
-5
-3
0
2
4
8
10
14
13
15
14
14
13
11
9
6
4
-1
-4
-7
-9
-12
-12
-11
-9
-8
-5
-4
-2
1
1
4
4
5
5
4
3
0
-3
-5
-8
-11
-13
-14
-13
-13
-10
-8
-5
0
3
8
11
15
18
20
20
21
20
18
16
13
9
4
1
-2
-4
-7
-7
-6
-5
-3
1
4
8
11
15
17
19
21
20
20
18
17
14
10
5
1
-2
-7
-10
-12
-12
-14
-13
-11
-8
-7
-4
-1
2
6
9
12
12
13
12
13
9
6
3
-1
-5
-12
-14
-18
-19
-22
-21
-21
-18
-13
-9
-5
1
7
11
16
19
22
23
22
18
15
9
3
-3
-9
-14
-18
-22
-24
-24
-23
-21
-19
-13
-9
-5
1
6
8
11
11
10
8
4
0
-5
-9
-15
-20
-23
-25
-25
-26
-22
-18
-12
-7
-1
5
10
16
19
23
23
25
21
19
14
9
5
-1
-5
-9
-11
-12
-12
-11
-8
-4
0
4
9
12
17
20
22
23
21
20
17
11
7
2
-2
-7
-11
-14
-17
-18
-19
-19
-17
-14
-11
-7
-4
1
4
7
7
10
11
13
14
13
11
9
9
8
8
7
7
8
8
8
9
10
11
12
11
12
12
12
10
9
9
8
8
6
5
5
4
4
3
3
1
0
0
-3
-4
-4
-8
-11
-15
-17
-20
-22
-24
-26
-27
-28
-28
-28
-27
-26
-22
-20
-17
-14
-13
-10
-9
-8
-6
-5
-5
-4
-3
-2
-2
0
2
5
7
9
13
18
21
25
27
28
31
30
29
29
25
23
20
14
11
7
2
-2
-4
-5
-4
-5
-3
0
4
7
10
14
17
21
24
25
24
24
22
19
17
13
9
7
2
0
-3
-5
-8
-9
-10
-11
-11
-10
-9
-8
-7
-6
-4
-2
0
2
4
6
7
10
12
15
17
18
20
20
21
20
18
16
13
10
5
1
-6
-12
-19
-24
-30
-36
-40
-43
-46
-48
-48
-48
-47
-46
-45
-44
-41
-42
-39
-39
-38
-37
-40
-40
-40
-40
-39
-37
-34
-30
-25
-19
-13
-5
2
10
16
20
25
27
29
27
22
16
9
1
-7
-14
-21
-27
-31
-32
-33
-30
-26
-19
-11
0
10
20
29
37
43
47
48
47
46
42
37
29
23
17
10
5
0
-4
-6
-8
-8
-7
-7
-4
-3
-3
-3
-4
-6
-9
-13
-17
-19
-21
-23
-24
-24
-22
-20
-16
-12
-6
0
6
11
15
20
24
27
27
29
28
27
25
23
19
18
15
15
14
12
12
10
11
8
8
9
6
6
4
2
1
-1
-1
-1
-1
0
2
4
6
9
11
15
17
19
19
21
20
20
18
14
12
8
5
1
-1
-5
-6
-10
-11
-14
-16
-17
-19
-19
-22
-21
-21
-22
-22
-22
-21
-19
-17
-15
-12
-9
-5
-1
2
4
6
7
8
8
6
3
2
-1
-4
-6
-8
-10
-13
-12
-14
-13
-11
-9
-7
-5
-2
1
4
6
8
11
11
14
15
18
21
24
26
28
30
32
33
33
34
32
29
25
21
15
9
4
-2
-7
-11
-14
-16
-19
-18
-17
-16
-13
-10
-8
-6
-4
-4
-4
-4
-4
-5
-7
-9
-9
-10
-9
-7
-5
-1
4
11
16
21
26
28
31
31
29
26
19
10
1
-9
-18
-29
-38
-44
-48
-52
-53
-51
-48
-42
-36
-27
-19
-10
-3
3
7
9
9
10
6
2
-1
-6
-8
-10
-12
-12
-9
-7
-3
2
10
16
21
27
30
34
34
33
31
29
25
20
16
9
5
-1
-5
-9
-12
-13
-13
-13
-13
-12
-11
-10
-9
-8
-8
-6
-5
-5
-5
-5
-5
-6
-5
-6
-6
-7
-7
-7
-8
-9
-12
-13
-16
-19
-20
-21
-22
-21
-21
-18
-15
-13
-8
-4
1
5
10
13
18
22
24
27
29
30
32
33
33
32
33
32
34
33
33
31
29
29
27
25
22
18
13
8
1
-5
-12
-20
-26
-32
-36
-42
-44
-46
-46
-44
-42
-39
-34
-29
-22
-17
-9
-4
3
9
12
16
18
19
19
17
14
11
6
2
-2
-6
-10
-14
-16
-19
-21
-22
-23
-21
-20
-19
-18
-16
-15
-12
-10
-10
-10
-9
-10
-9
-9
-10
-9
-9
-9
-8
-7
-5
-4
-2
1
2
3
4
5
6
7
7
5
5
3
3
0
1
-1
-1
-1
-1
0
1
5
7
10
12
15
18
20
22
24
22
24
22
20
22
17
15
12
8
6
3
0
-3
-6
-11
-13
-14
-15
-14
-12
-8
-3
2
9
14
22
30
38
45
52
57
64
70
74
77
79
80
81
79
77
77
76
77
76
75
76
78
79
82
83
86
84
85
84
82
80
76
75
71
69
68
70
72
77
84
91
102
113
126
141
156
172
189
203
217
229
236
243
244
243
235
224
208
189
169
144
118
90
59
30
-2
-32
-64
-97
-129
-160
-190
-219
-245
-270
-292
-313
-333
-350
-363
-375
-384
-389
-394
-397
-397
-394
-392
-387
-382
-376
-370
-362
-355
-348
-339
-331
-322
-314
-304
-293
-281
-266
-250
-234
-217
-201
-182
-164
-145
-125
-104
-84
-65
-45
-26
-6
16
39
62
86
109
133
157
184
212
237
262
285
308
332
358
384
407
429
445
459
472
484
495
507
514
520
519
515
513
509
504
495
480
459
439
417
398
376
354
328
300
272
248
227
205
183
158
131
105
79
55
29
3
-26
-60
-97
-136
-176
-212
-249
-289
-332
-374
-411
-439
-463
-488
-514
-539
-561
-574
-583
-590
-599
-610
-616
-619
-621
-623
-627
-630
-627
-615
-602
-591
-584
-576
-557
-529
-493
-460
-436
-416
-398
-375
-347
-318
-294
-277
-263
-251
-235
-219
-201
-180
-157
-131
-104
-73
-38
4
51
102
151
198
245
291
339
387
432
471
506
534
561
586
612
637
656
669
674
678
684
690
693
690
682
672
662
650
638
621
602
579
551
526
504
487
473
454
429
400
375
356
340
319
291
256
221
185
149
112
75
38
0
-46
-104
-160
-202
-225
-238
-271
-330
-392
-430
-439
-435
-455
-508
-556
-568
-549
-546
-582
-636
-662
-629
-566
-544
-581
-631
-652
-611
-540
-510
-520
-532
-533
-514
-483
-478
-482
-458
-420
-391
-373
-378
-388
-364
-302
-239
-200
-183
-170
-130
-46
55
119
131
106
77
90
153
228
285
306
298
308
364
432
483
511
510
505
529
569
602
627
651
674
699
721
724
699
670
663
668
667
647
617
602
618
657
670
640
587
541
515
503
507
513
510
497
471
442
415
383
346
301
253
223
217
193
147
102
53
24
41
53
0
-92
-182
-241
-237
-222
-270
-360
-421
-412
-381
-414
-537
-679
-722
-639
-520
-475
-571
-745
-821
-728
-594
-542
-597
-726
-795
-713
-622
-635
-692
-715
-659
-543
-486
-549
-643
-649
-552
-428
-363
-386
-445
-471
-442
-378
-307
-280
-307
-330
-332
-338
-317
-269
-240
-225
-197
-178
-144
-53
52
138
228
322
406
493
554
577
612
669
737
808
847
847
859
883
898
909
896
836
772
732
704
683
657
637
616
590
570
544
516
501
486
468
469
476
478
503
551
610
665
680
645
580
499
406
323
261
209
165
131
83
33
18
-7
-86
-191
-288
-343
-333
-316
-350
-379
-351
-321
-348
-427
-546
-663
-639
-490
-423
-501
-671
-804
-706
-480
-417
-527
-738
-926
-854
-681
-715
-843
-905
-879
-740
-650
-733
-866
-957
-933
-762
-649
-687
-769
-820
-742
-570
-485
-531
-638
-689
-577
-431
-438
-546
-664
-706
-620
-524
-520
-555
-552
-457
-246
14
251
421
509
572
646
736
828
902
965
1029
1094
1168
1242
1272
1257
1210
1119
1002
877
744
626
559
546
542
515
459
398
357
337
321
287
252
238
266
331
416
507
572
603
596
563
522
470
435
417
390
357
328
288
242
200
136
46
-52
-147
-211
-256
-296
-327
-348
-349
-328
-318
-333
-357
-369
-356
-329
-312
-285
-221
-130
-32
49
105
166
269
403
537
644
706
742
775
779
735
635
478
301
151
49
-8
-36
-52
-58
-69
-102
-145
-207
-283
-329
-345
-352
-338
-332
-349
-369
-429
-536
-652
-763
-848
-903
-952
-993
-1002
-1010
-1038
-1080
-1125
-1157
-1203
-1257
-1325
-1399
-1413
-1406
-1426
-1479
-1535
-1583
-1603
-1596
-1652
-1764
-1925
-2046
-1964
-1663
-1162
-597
-89
314
648
991
1317
1642
1917
2135
2303
2414
2568
2718
2857
2926
2846
2632
2284
1919
1555
1237
966
710
504
294
138
13
-92
-165
-271
-350
-416
-434
-372
-210
52
322
589
779
918
1042
1111
1168
1164
1110
1034
963
907
829
742
588
384
136
-146
-407
-661
-862
-1004
-1089
-1134
-1163
-1152
-1130
-1075
-1002
-930
-858
-771
-630
-462
-266
-67
102
241
339
414
461
491
489
468
439
385
342
303
253
206
145
56
-53
-155
-239
-284
-287
-246
-155
-54
52
177
321
476
609
699
751
820
945
1115
1282
1391
1426
1358
1208
1031
847
673
492
300
122
-22
-131
-208
-272
-356
-447
-536
-634
-689
-686
-632
-544
-455
-379
-321
-276
-256
-257
-274
-308
-351
-408
-451
-451
-406
-335
-293
-318
-418
-558
-676
-732
-728
-710
-700
-709
-720
-703
-674
-642
-625
-635
-666
-680
-619
-482
-305
-183
-186
-332
-574
-833
-1083
-1308
-1541
-1792
-2049
-2297
-2539
-2840
-3215
-3602
-3794
-3576
-2858
-1686
-309
994
2007
2682
3091
3334
3529
3664
3756
3838
3949
4096
4180
4123
3817
3242
2392
1351
320
-555
-1131
-1411
-1473
-1430
-1359
-1262
-1194
-1121
-1037
-929
-775
-569
-222
287
954
1646
2225
2619
2777
2746
2544
2256
1927
1598
1309
1028
786
565
336
44
-357
-826
-1316
-1715
-1993
-2098
-2011
-1793
-1486
-1176
-865
-587
-332
-100
79
246
397
586
809
1061
1301
1435
1439
1265
994
688
393
153
-62
-232
-396
-517
-593
-639
-636
-646
-667
-708
-718
-643
-472
-183
151
486
751
903
959
932
888
817
738
655
558
488
415
333
205
19
-226
-522
-784
-991
-1092
-1095
-1047
-968
-911
-866
-837
-807
-773
-737
-680
-621
-517
-374
-227
-112
-68
-79
-156
-288
-470
-667
-865
-1076
-1294
-1547
-1797
-2055
-2322
-2597
-2883
-3152
-3430
-3697
-3954
-4171
-4408
-4727
-4948
-4703
-3525
-1348
1376
3853
5393
5838
5457
4872
4542
4604
4880
5017
4926
4693
4534
4354
3880
2910
1404
-262
-1747
-2703
-2976
-2653
-1979
-1363
-945
-762
-649
-475
-274
-13
277
684
1210
1877
2702
3503
4098
4185
3717
2889
1981
1245
684
298
-22
-341
-646
-961
-1199
-1399
-1646
-2021
-2469
-2732
-2681
-2255
-1568
-819
-130
372
676
805
896
1024
1115
1168
1154
1158
1218
1276
1260
1080
743
214
-412
-974
-1374
-1518
-1494
-1419
-1332
-1219
-1051
-876
-681
-480
-297
-102
108
405
826
1329
1791
2090
2234
2207
2032
1784
1503
1253
1040
841
590
309
44
-229
-478
-740
-999
-1220
-1378
-1418
-1305
-1024
-706
-459
-295
-189
-76
90
276
402
497
598
687
776
862
878
754
502
132
-247
-548
-784
-951
-1083
-1185
-1315
-1474
-1629
-1815
-1961
-2075
-2152
-2199
-2240
-2245
-2280
-2302
-2369
-2519
-2679
-2902
-3110
-3319
-3480
-3617
-3894
-4347
-4936
-4906
-3542
-797
2566
5259
6588
6378
5380
4441
4024
4312
4706
4817
4416
3933
3798
3739
3379
2105
277
-1543
-2872
-3336
-3082
-2143
-1148
-400
-63
-65
81
282
548
701
896
1279
1726
2415
3146
3864
4173
3686
2549
1152
183
-309
-437
-439
-544
-643
-828
-980
-1065
-1101
-1231
-1621
-1967
-2007
-1511
-593
369
1144
1565
1654
1390
968
652
492
444
323
153
66
123
211
126
-136
-566
-1073
-1502
-1686
-1465
-906
-240
252
544
762
931
1035
1024
939
844
771
734
763
920
1101
1123
912
513
87
-260
-498
-615
-579
-407
-231
-130
-75
-1
98
135
66
-49
-80
27
264
571
851
1002
924
668
355
131
10
-124
-274
-399
-397
-334
-307
-361
-555
-814
-1157
-1472
-1641
-1622
-1437
-1281
-1153
-1078
-1064
-1085
-1176
-1252
-1335
-1389
-1443
-1536
-1562
-1565
-1576
-1676
-1918
-2253
-2672
-3086
-3489
-3881
-4177
-4481
-4824
-5262
-5581
-5038
-3140
11
3339
5801
6873
6527
5629
4780
4502
4791
5155
5229
4709
4229
3936
3599
2765
1038
-892
-2581
-3464
-3535
-2955
-1837
-905
-209
32
120
402
724
1094
1249
1606
2173
2846
3660
4253
4638
4390
3399
1923
474
-309
-627
-640
-697
-904
-1060
-1229
-1305
-1369
-1407
-1540
-1878
-2027
-1757
-928
173
1051
1546
1648
1512
1164
752
489
351
339
304
221
233
319
326
45
-413
-880
-1276
-1453
-1380
-1007
-435
54
292
301
290
334
382
379
311
299
354
436
573
764
956
1003
851
616
436
400
425
437
465
521
590
572
514
486
448
359
162
-41
-176
-240
-237
-267
-286
-314
-382
-466
-537
-474
-367
-264
-228
-283
-287
-319
-346
-422
-543
-633
-777
-865
-987
-1055
-1081
-1247
-1442
-1649
-1763
-1893
-2045
-2162
-2358
-2472
-2537
-2588
-2566
-2499
-2417
-2520
-2790
-3085
-3513
-4015
-4575
-5062
-5456
-5828
-5260
-3084
585
4498
7257
8395
7636
6144
4718
3833
3851
4315
4871
4559
4038
3701
3160
2178
148
-1957
-3650
-4199
-3620
-2525
-834
524
1552
1889
1790
1847
1877
2076
1997
2209
2825
3549
4277
4443
4247
3468
2153
477
-1163
-2019
-2251
-2067
-1835
-1681
-1446
-1254
-1115
-1084
-1077
-1042
-1101
-1006
-535
422
1662
2534
2777
2438
1823
1103
353
-163
-526
-703
-795
-883
-836
-672
-466
-603
-1046
-1513
-1810
-1762
-1431
-773
62
873
1435
1591
1546
1401
1220
976
716
588
602
739
814
775
602
273
-178
-657
-930
-945
-753
-532
-334
-111
124
357
481
539
544
553
572
572
686
862
1014
1022
888
678
392
131
-151
-406
-592
-712
-815
-940
-988
-1020
-1117
-1339
-1597
-1815
-1918
-1861
-1705
-1463
-1257
-1111
-1095
-1177
-1294
-1394
-1431
-1506
-1555
-1608
-1672
-1710
-1736
-1799
-2009
-2334
-2825
-3454
-4080
-4645
-5151
-5687
-6342
-6454
-4777
-1089
3217
6534
8271
8161
6762
5202
4009
3554
3926
4699
4678
4031
3800
3517
2566
657
-1536
-3324
-4061
-3516
-2569
-1175
333
1489
1950
1850
1906
1894
1873
1664
1610
2185
3016
3800
3914
3506
2751
1629
309
-1009
-1639
-1720
-1583
-1407
-1286
-946
-492
-132
-124
-300
-402
-547
-581
-309
386
1347
2052
2134
1648
990
360
-276
-758
-1025
-1037
-891
-783
-639
-396
-76
10
-204
-463
-606
-484
-230
125
583
1059
1427
1439
1213
945
698
432
59
-191
-244
-115
110
185
168
71
-41
-194
-269
-47
254
573
791
912
1058
1158
1193
1013
836
701
530
434
308
262
203
114
-97
-416
-632
-899
-1098
-1284
-1366
-1335
-1308
-1248
-1250
-1112
-999
-947
-972
-1132
-1225
-1287
-1252
-1238
-1228
-1269
-1499
-1719
-1952
-2103
-2139
-2164
-2245
-2386
-2413
-2373
-2293
-2220
-2327
-2632
-3019
-3452
-3872
-4225
-4522
-4953
-5623
-5477
-3384
592
4820
7753
9003
8312
6676
4997
3659
3056
3326
4095
3883
3221
2895
2418
1401
-396
-2123
-3404
-3491
-2536
-1502
-115
1295
2541
3028
2896
2769
2483
2323
2019
2048
2630
3358
3865
3424
2457
1302
160
-904
-1777
-1973
-1794
-1467
-1181
-972
-554
-31
320
265
33
-19
47
290
752
1382
1976
2087
1662
873
96
-434
-898
-1295
-1582
-1573
-1379
-1229
-1051
-907
-719
-623
-650
-621
-433
-3
392
742
1095
1433
1677
1595
1278
842
459
147
-106
-198
-148
-5
57
-13
-119
-202
-263
-332
-357
-256
42
443
777
999
1146
1163
1003
759
539
451
478
540
572
543
477
340
151
-105
-350
-538
-708
-820
-833
-730
-612
-546
-573
-688
-805
-910
-1030
-1155
-1217
-1180
-1080
-1015
-1005
-1051
-1215
-1543
-1973
-2375
-2667
-2749
-2700
-2638
-2503
-2258
-2005
-1847
-1807
-1982
-2285
-2553
-2774
-3003
-3249
-3561
-4037
-4654
-5231
-4690
-2094
1917
5661
7963
8565
7474
5798
4326
3093
2598
3060
3732
3408
2736
2212
1367
263
-1083
-2209
-2849
-2524
-1674
-966
88
1372
2627
3175
3077
2787
2327
2033
1849
2080
2600
3066
3138
2336
1234
282
-452
-1133
-1655
-1667
-1394
-907
-396
42
503
838
854
435
-31
-168
17
428
897
1329
1522
1285
676
-130
-784
-1201
-1512
-1741
-1791
-1528
-1144
-770
-505
-316
-116
-39
-65
-80
156
595
1065
1440
1596
1607
1397
959
391
-30
-159
-180
-216
-321
-382
-389
-417
-484
-530
-414
-153
147
425
709
1038
1327
1472
1453
1337
1162
913
689
564
525
547
519
340
50
-182
-376
-601
-781
-918
-980
-950
-815
-627
-399
-168
-110
-180
-342
-532
-703
-852
-928
-989
-1006
-997
-992
-1107
-1378
-1646
-1896
-2077
-2116
-2098
-2064
-1948
-1745
-1587
-1485
-1385
-1374
-1368
-1381
-1456
-1557
-1775
-2102
-2517
-2932
-3424
-3839
-4018
-4193
-4475
-4639
-3620
-888
2710
5750
7538
8010
7072
5667
4257
2959
2468
2998
3475
2921
2354
1872
967
-213
-1500
-2576
-3215
-2870
-2162
-1290
180
1918
3394
3873
3749
3293
2676
2205
1987
2331
2842
3333
3224
2264
1107
114
-623
-1357
-1778
-1837
-1718
-1401
-1078
-631
-109
356
482
246
111
255
646
1043
1396
1708
1793
1554
952
199
-460
-943
-1283
-1533
-1533
-1239
-875
-612
-488
-384
-296
-258
-253
-284
-179
42
290
490
635
763
694
425
7
-360
-527
-560
-505
-473
-368
-244
-163
-80
61
313
544
757
873
949
1077
1183
1205
1104
1008
850
678
542
422
354
265
163
-75
-336
-478
-523
-487
-419
-253
-130
-43
39
3
-77
-159
-254
-394
-435
-384
-446
-535
-666
-875
-1045
-1134
-1175
-1200
-1094
-979
-930
-856
-853
-890
-948
-995
-1061
-1140
-1184
-1232
-1240
-1336
-1505
-1647
-1785
-1928
-2029
-2108
-2322
-2579
-2868
-3246
-3511
-3514
-3470
-3462
-3412
-3418
-2782
-712
2246
4793
6487
7169
6476
5299
4230
3139
2392
2488
2730
2103
1376
784
-20
-902
-1628
-2061
-2287
-1752
-824
45
1044
2201
3297
3653
3655
3534
3201
2887
2666
2635
2463
2323
1949
1015
24
-748
-1241
-1712
-1963
-1941
-1788
-1375
-853
-205
445
1022
1358
1295
1084
906
920
1015
1082
1129
1014
664
100
-450
-848
-1081
-1112
-1110
-1199
-1266
-1210
-1101
-967
-662
-244
94
337
460
471
447
472
495
456
438
375
197
-44
-243
-327
-310
-232
-158
-71
45
117
184
329
490
618
756
852
873
951
1084
1058
903
732
485
182
-29
-146
-264
-321
-332
-426
-552
-582
-549
-543
-531
-486
-406
-315
-243
-214
-210
-226
-303
-365
-394
-355
-218
-78
-43
-59
4
-20
-181
-361
-584
-815
-938
-978
-1089
-1241
-1360
-1476
-1565
-1593
-1605
-1617
-1672
-1742
-1726
-1651
-1500
-1333
-1234
-1236
-1344
-1588
-1974
-2283
-2544
-2746
-2691
-2567
-2462
-2266
-2109
-1973
-1137
669
2499
3844
4747
4823
4228
3606
3022
2352
2122
2446
2378
1835
1365
917
326
-217
-431
-572
-472
101
714
1209
1766
2462
2769
2630
2471
2200
1861
1579
1419
1253
1125
1143
948
578
260
66
-95
-295
-370
-387
-346
-204
18
301
552
775
818
674
548
514
568
586
547
430
203
-125
-525
-825
-1001
-1091
-1116
-1146
-1147
-1056
-857
-669
-504
-306
-143
-16
70
150
285
501
684
711
670
610
484
282
100
-25
-134
-195
-221
-247
-233
-94
12
-14
-16
39
90
154
356
601
801
945
903
703
446
250
59
-141
-272
-355
-407
-492
-562
-612
-644
-636
-619
-601
-566
-453
-313
-193
-66
78
180
200
198
193
199
212
236
193
41
-178
-487
-876
-1268
-1522
-1653
-1699
-1661
-1549
-1416
-1373
-1402
-1463
-1497
-1488
-1366
-1198
-1088
-948
-900
-1128
-1568
-1922
-2219
-2467
-2415
-2197
-1936
-1670
-1539
-1804
-2238
-2558
-2724
-2076
-282
1991
3884
5172
5576
4981
4098
3179
2262
1751
1924
2182
2094
2003
1798
1327
665
56
-490
-866
-721
-251
385
1171
2141
2857
2984
2861
2540
2080
1656
1467
1383
1330
1423
1314
928
450
0
-480
-957
-1234
-1358
-1256
-953
-533
-28
459
809
876
748
561
444
458
536
623
646
556
324
-46
-467
-803
-1031
-1191
-1269
-1226
-1090
-873
-553
-247
43
313
463
465
413
436
477
553
651
698
655
488
278
-5
-286
-449
-536
-591
-608
-501
-368
-232
-12
182
311
385
405
322
220
241
285
321
349
355
318
193
48
-98
-214
-290
-345
-377
-456
-480
-440
-438
-455
-444
-416
-456
-443
-391
-367
-274
-131
-59
-71
-53
-121
-310
-488
-711
-967
-1148
-1280
-1482
-1638
-1663
-1665
-1636
-1575
-1493
-1330
-1085
-892
-840
-876
-920
-983
-1140
-1359
-1539
-1765
-2048
-2189
-2265
-2318
-2110
-1747
-1572
-1521
-1351
-1351
-1497
-1205
-256
1116
2586
3941
4672
4613
4250
3749
3017
2318
2150
2138
1856
1690
1617
1356
975
682
246
-300
-409
-219
56
561
1345
2081
2446
2584
2459
2157
1864
1605
1377
1145
1035
925
686
386
99
-111
-347
-611
-836
-922
-826
-643
-362
-28
276
463
487
392
271
287
383
442
446
395
287
75
-190
-382
-421
-356
-301
-282
-351
-449
-447
-405
-349
-191
29
131
152
213
232
228
254
202
85
25
19
-35
-96
-122
-174
-221
-266
-266
-194
-95
43
143
198
222
269
323
309
341
365
380
387
367
354
277
171
-20
-277
-526
-732
-838
-908
-870
-770
-688
-612
-591
-608
-636
-591
-525
-451
-330
-204
-81
-39
-86
-190
-343
-519
-692
-848
-987
-1045
-1027
-1049
-1134
-1244
-1403
-1597
-1748
-1797
-1755
-1618
-1405
-1314
-1479
-1774
-2032
-2195
-2168
-1994
-1821
-1543
-1098
-754
-665
-624
-640
-801
-1007
-1175
-933
50
1500
2755
3574
3950
3797
3359
2732
2074
1766
1890
2048
1926
1766
1639
1519
1347
1055
771
531
445
458
604
1004
1601
2155
2293
2137
1856
1540
1290
1086
1029
1038
994
730
293
-94
-382
-467
-529
-624
-619
-498
-358
-295
-128
106
297
404
363
291
267
395
528
574
655
714
643
389
150
-29
-170
-216
-294
-383
-434
-423
-459
-556
-567
-525
-463
-448
-408
-294
-138
67
232
338
398
437
388
267
192
165
172
161
131
115
116
75
-35
-154
-256
-295
-294
-262
-122
107
316
442
474
373
233
132
-3
-145
-212
-258
-326
-368
-413
-526
-678
-854
-1043
-1172
-1184
-1092
-933
-748
-563
-464
-477
-559
-638
-698
-708
-641
-575
-568
-679
-907
-1170
-1419
-1568
-1561
-1468
-1399
-1300
-1222
-1321
-1485
-1623
-1820
-1990
-1947
-1843
-1761
-1541
-1298
-1241
-1304
-1362
-1438
-1423
-1243
-1125
-1090
-803
-101
797
1771
2766
3444
3610
3465
3090
2510
2152
2254
2393
2357
2358
2276
1896
1416
992
530
152
85
171
268
578
1129
1586
1775
1857
1828
1612
1392
1285
1240
1286
1456
1511
1299
985
644
241
-169
-470
-640
-697
-664
-591
-475
-338
-201
-118
-132
-195
-198
-100
18
177
416
660
798
789
683
486
283
144
31
-73
-131
-139
-210
-341
-492
-648
-765
-811
-768
-659
-450
-216
-31
117
218
305
382
437
419
395
423
398
326
275
263
240
219
181
64
-52
-130
-200
-242
-172
-2
151
259
309
290
205
106
28
-50
-92
-74
-57
-102
-174
-280
-479
-729
-937
-1098
-1211
-1215
-1157
-1085
-990
-871
-820
-867
-904
-920
-957
-1011
-1046
-1065
-1064
-1003
-959
-968
-959
-941
-975
-1098
-1248
-1380
-1494
-1567
-1562
-1447
-1366
-1392
-1471
-1656
-1821
-1822
-1810
-1959
-2026
-1895
-1869
-1856
-1780
-1777
-1522
-599
691
1864
3016
3904
4138
4004
3768
3388
3034
3034
3096
2850
2527
2240
1829
1270
849
547
166
-76
-107
-108
-38
375
932
1256
1510
1749
1826
1773
1808
1921
1969
2028
1981
1673
1195
794
547
313
143
29
-111
-338
-608
-812
-926
-867
-685
-499
-373
-277
-152
-82
-30
79
238
411
546
611
563
474
348
160
-18
-178
-292
-351
-406
-476
-510
-507
-548
-597
-620
-601
-483
-302
-101
120
344
511
598
608
558
535
534
490
440
394
316
198
78
-10
-59
-61
-49
-61
-112
-138
-116
-111
-78
17
59
24
-8
-65
-175
-242
-287
-373
-419
-410
-436
-483
-508
-546
-641
-791
-980
-1182
-1357
-1488
-1537
-1534
-1509
-1460
-1435
-1436
-1411
-1313
-1185
-1057
-907
-772
-673
-611
-581
-647
-825
-1033
-1232
-1361
-1479
-1681
-1902
-2041
-2163
-2251
-2180
-2121
-2098
-1939
-1809
-1902
-1998
-1935
-1771
-1236
-208
974
2091
3049
3665
3833
3703
3452
3220
3087
3034
3058
3032
2892
2699
2412
1967
1460
1002
531
111
-151
-242
-145
123
498
839
1076
1203
1221
1158
1088
1112
1215
1369
1545
1662
1687
1624
1475
1255
1008
751
484
235
15
-168
-298
-382
-437
-487
-551
-623
-698
-765
-787
-749
-672
-552
-399
-253
-132
-20
67
102
102
98
96
104
133
171
191
201
212
201
145
48
-65
-185
-291
-340
-322
-250
-133
-2
91
138
155
145
131
136
185
277
386
482
552
588
588
555
480
367
250
150
76
17
-57
-169
-326
-530
-754
-950
-1100
-1179
-1171
-1091
-985
-875
-774
-711
-666
-620
-583
-588
-611
-617
-637
-685
-764
-876
-1010
-1128
-1208
-1267
-1275
-1227
-1139
-1059
-1009
-949
-912
-913
-945
-991
-1043
-1077
-1084
-1117
-1133
-1153
-1214
-1293
-1395
-1525
-1648
-1716
-1756
-1762
-1705
-1635
-1551
-1414
-1135
-693
-165
412
965
1410
1720
1949
2092
2151
2261
2428
2570
2684
2792
2860
2873
2873
2851
2778
2666
2521
2310
2023
1737
1484
1267
1118
1045
992
931
854
731
558
364
161
-47
-218
-330
-373
-346
-269
-148
-1
158
310
430
517
563
606
639
668
705
731
729
658
526
317
48
-225
-499
-746
-957
-1113
-1220
-1285
-1275
-1224
-1135
-1018
-876
-737
-629
-511
-396
-262
-125
-5
78
108
138
156
152
117
71
-2
-144
-294
-448
-563
-592
-525
-391
-236
-71
28
73
81
76
107
154
216
283
360
415
439
446
389
298
185
52
-93
-225
-291
-312
-286
-252
-245
-267
-306
-329
-362
-408
-450
-476
-481
-470
-427
-383
-368
-393
-462
-574
-691
-763
-791
-777
-707
-608
-510
-409
-323
-276
-255
-244
-233
-210
-171
-137
-147
-211
-335
-517
-743
-982
-1186
-1339
-1393
-1324
-1182
-1005
-820
-659
-582
-576
-613
-665
-659
-572
-402
-177
43
204
268
229
110
-13
-111
-180
-159
-57
105
314
546
743
884
1004
1094
1188
1317
1478
1663
1865
2059
2201
2288
2312
2268
2177
2045
1902
1776
1671
1580
1501
1436
1362
1273
1167
1055
964
911
895
890
885
883
871
818
715
567
381
173
-24
-207
-365
-494
-598
-685
-757
-807
-840
-864
-889
-906
-924
-955
-988
-998
-976
-932
-875
-823
-795
-792
-817
-877
-970
-1061
-1120
-1137
-1122
-1075
-982
-860
-726
-593
-473
-360
-220
-67
40
113
181
241
294
355
410
425
423
381
280
179
124
105
99
131
165
168
176
180
160
148
162
178
196
248
299
344
383
378
326
243
139
15
-111
-232
-342
-425
-486
-531
-566
-598
-620
-640
-663
-699
-735
-758
-742
-674
-606
-565
-558
-601
-702
-836
-990
-1163
-1295
-1357
-1374
-1365
-1330
-1288
-1273
-1260
-1239
-1219
-1183
-1104
-980
-838
-668
-472
-293
-160
-63
4
12
-8
-20
-16
31
154
339
543
756
950
1103
1235
1356
1487
1643
1833
2051
2272
2464
2579
2626
2611
2550
2467
2385
2325
2265
2183
2073
1927
1749
1552
1354
1160
994
876
787
726
689
666
629
555
434
279
126
-10
-112
-192
-266
-343
-438
-547
-669
-787
-887
-974
-1058
-1154
-1237
-1301
-1340
-1334
-1291
-1229
-1150
-1072
-1044
-1055
-1070
-1088
-1094
-1051
-972
-892
-797
-710
-676
-673
-655
-626
-586
-503
-410
-325
-223
-113
-15
89
214
325
423
527
603
648
689
713
695
660
612
525
446
397
355
305
246
175
91
31
4
-10
-17
-17
-6
-4
-2
-6
-39
-77
-114
-154
-196
-220
-243
-283
-324
-392
-488
-587
-682
-774
-842
-859
-853
-835
-808
-788
-796
-838
-893
-951
-995
-1003
-991
-978
-983
-1000
-1042
-1129
-1234
-1311
-1332
-1321
-1267
-1175
-1079
-973
-843
-719
-607
-463
-299
-152
-18
105
200
273
342
417
507
615
731
847
944
1029
1130
1246
1373
1519
1668
1788
1881
1969
2065
2168
2273
2368
2426
2444
2433
2384
2276
2128
1977
1811
1637
1477
1315
1143
975
816
656
518
405
297
194
112
61
26
7
-9
-49
-103
-168
-253
-362
-471
-580
-711
-834
-954
-1082
-1206
-1303
-1383
-1453
-1480
-1480
-1472
-1445
-1388
-1300
-1193
-1057
-920
-801
-692
-591
-494
-415
-336
-276
-252
-253
-276
-304
-325
-307
-255
-174
-64
48
161
263
349
404
439
477
499
517
529
532
523
512
489
432
361
273
172
85
28
-4
-21
-21
-29
-49
-68
-101
-139
-161
-159
-147
-130
-120
-142
-201
-286
-408
-562
-717
-844
-949
-1020
-1054
-1078
-1101
-1114
-1111
-1114
-1111
-1079
-1045
-1004
-929
-831
-743
-652
-579
-558
-563
-595
-650
-718
-772
-791
-801
-808
-816
-832
-854
-840
-778
-696
-562
-397
-234
-76
78
213
333
464
595
727
858
993
1117
1211
1304
1383
1438
1480
1510
1519
1542
1609
1686
1782
1889
1972
2023
2041
2031
1991
1937
1871
1820
1759
1653
1541
1391
1218
1055
888
733
599
491
409
330
230
179
131
13
-50
-75
-117
-136
-165
-239
-361
-513
-685
-858
-964
-908
-843
-898
-933
-993
-1098
-1125
-1124
-1092
-956
-790
-668
-548
-447
-357
-257
-214
-171
-112
-80
-78
-109
-142
-167
-212
-278
-328
-348
-325
-263
-202
-117
-18
71
157
212
245
279
315
374
466
559
612
617
564
484
404
295
166
35
-94
-217
-326
-413
-481
-512
-527
-553
-596
-637
-670
-708
-764
-814
-824
-813
-797
-809
-861
-936
-1038
-1173
-1313
-1435
-1506
-1517
-1512
-1503
-1494
-1501
-1534
-1616
-1710
-1759
-1790
-1803
-1774
-1738
-1707
-1669
-1651
-1640
-1564
-1368
-1072
-731
-352
29
331
574
794
974
1189
1505
1901
2346
2771
3123
3382
3525
3581
3574
3488
3385
3286
3131
2941
2764
2583
2386
2155
1854
1506
1140
791
458
158
-33
-139
-237
-313
-371
-462
-551
-623
-700
-748
-733
-663
-578
-502
-416
-323
-233
-129
-37
6
33
85
168
277
395
487
535
513
413
251
58
-120
-263
-364
-435
-495
-559
-651
-763
-851
-886
-858
-764
-638
-481
-274
-32
219
481
764
1029
1222
1350
1424
1441
1458
1496
1486
1419
1326
1193
1009
798
616
463
300
153
13
-178
-385
-550
-700
-829
-904
-938
-960
-997
-1034
-1064
-1099
-1103
-1078
-1077
-1114
-1174
-1257
-1352
-1457
-1550
-1587
-1582
-1573
-1582
-1639
-1747
-1879
-1981
-2014
-2021
-2029
-2033
-2051
-2093
-2127
-2131
-2151
-2232
-2351
-2442
-2522
-2606
-2629
-2616
-2633
-2680
-2816
-3151
-3435
-3085
-1891
-297
1135
2100
2456
2316
2028
1851
2030
2886
4327
5651
6293
6327
6018
5477
4848
4335
4036
3970
4056
4022
3675
3158
2642
1996
1082
87
-744
-1302
-1536
-1510
-1371
-1221
-1153
-1352
-1832
-2272
-2355
-2056
-1491
-735
28
623
983
1068
965
932
1120
1419
1706
1964
2158
2168
1932
1510
1009
530
116
-263
-586
-796
-878
-932
-1106
-1399
-1702
-1949
-2115
-2125
-1912
-1517
-1046
-618
-348
-242
-168
-47
108
357
740
1166
1514
1723
1782
1743
1702
1692
1656
1584
1535
1502
1433
1344
1248
1101
894
637
349
78
-123
-244
-354
-477
-566
-651
-781
-889
-937
-953
-909
-820
-755
-705
-626
-555
-555
-598
-621
-656
-733
-802
-891
-1038
-1172
-1284
-1455
-1680
-1888
-2093
-2350
-2583
-2689
-2722
-2714
-2629
-2557
-2610
-2717
-2796
-2859
-2858
-2724
-2511
-2352
-2240
-2144
-2145
-2204
-2198
-2179
-2230
-2266
-2280
-2402
-2688
-3006
-2915
-1932
-206
1453
2436
2712
2518
2208
2134
2501
3486
5042
6457
6896
6416
5675
5029
4506
4181
4128
4215
4262
4059
3417
2542
1839
1245
435
-406
-885
-994
-938
-848
-811
-890
-1086
-1412
-1830
-2004
-1582
-723
77
613
941
1047
959
840
854
1111
1596
2016
2070
1864
1641
1394
1029
627
293
27
-220
-522
-882
-1193
-1397
-1632
-2009
-2352
-2452
-2338
-2115
-1833
-1548
-1293
-1082
-956
-829
-515
11
607
1103
1432
1630
1740
1776
1791
1858
1981
2057
1970
1755
1552
1379
1188
966
704
436
218
36
-115
-188
-197
-236
-351
-497
-584
-557
-440
-306
-213
-178
-203
-280
-352
-318
-163
15
110
74
-60
-220
-390
-573
-715
-812
-942
-1124
-1350
-1578
-1742
-1878
-2081
-2316
-2517
-2692
-2844
-2955
-2995
-2940
-2821
-2675
-2571
-2559
-2572
-2562
-2536
-2412
-2163
-1911
-1691
-1517
-1497
-1623
-1756
-1791
-1730
-1685
-1733
-1810
-1961
-2299
-2633
-2413
-1193
666
2104
2540
2258
1749
1499
1850
2747
4099
5658
6512
6117
5151
4453
4171
4134
4229
4367
4355
4001
3318
2428
1594
1131
759
63
-532
-598
-521
-574
-658
-879
-1246
-1558
-1730
-1610
-1021
-101
681
899
705
563
485
454
787
1379
1850
2150
2134
1715
1294
1042
748
424
191
35
-124
-421
-777
-1058
-1397
-1758
-1995
-2190
-2215
-1927
-1677
-1603
-1461
-1299
-1195
-983
-636
-168
376
828
1105
1226
1286
1455
1662
1777
1951
2112
1995
1700
1374
989
680
519
382
261
162
-11
-281
-598
-810
-837
-833
-805
-612
-415
-315
-171
-28
46
178
311
343
394
517
625
641
550
411
211
-67
-304
-465
-629
-773
-976
-1332
-1692
-1955
-2177
-2323
-2378
-2403
-2427
-2489
-2616
-2776
-2918
-2935
-2773
-2523
-2254
-2004
-1857
-1812
-1804
-1788
-1744
-1640
-1458
-1239
-1132
-1182
-1268
-1391
-1584
-1720
-1799
-1975
-2238
-2563
-3011
-3201
-2379
-573
1101
1829
1777
1303
791
900
1823
3225
4858
6055
5930
4878
4095
3858
3860
4083
4469
4675
4409
3722
2874
2094
1533
1087
427
-246
-409
-283
-345
-478
-653
-1063
-1532
-1801
-1704
-1061
-94
635
856
693
450
326
350
701
1404
1991
2156
1976
1542
1071
771
501
224
97
14
-196
-499
-803
-1062
-1365
-1776
-2087
-2143
-2007
-1701
-1376
-1190
-1030
-901
-895
-747
-314
197
655
957
1048
1097
1161
1215
1375
1591
1713
1710
1491
1112
852
689
500
413
358
202
45
-133
-387
-539
-568
-595
-557
-430
-289
-140
-44
-4
66
161
299
519
710
839
924
837
619
460
350
249
196
88
-135
-428
-814
-1233
-1545
-1746
-1867
-1939
-2034
-2136
-2220
-2331
-2441
-2517
-2578
-2539
-2338
-2066
-1779
-1527
-1473
-1623
-1787
-1822
-1657
-1299
-958
-859
-976
-1229
-1557
-1749
-1678
-1565
-1573
-1646
-1844
-2161
-2343
-2431
-2591
-2649
-2609
-2476
-1681
-185
1056
1588
1608
1237
999
1421
2290
3488
4900
5659
5309
4475
3784
3474
3549
3734
3911
4001
3701
3050
2365
1751
1252
742
67
-374
-333
-206
-144
-89
-262
-637
-998
-1257
-1100
-410
337
803
975
853
643
559
638
992
1494
1730
1628
1318
890
567
404
251
140
46
-212
-555
-857
-1123
-1333
-1552
-1808
-1939
-1886
-1729
-1459
-1179
-1024
-947
-897
-817
-551
-106
351
737
968
1026
1027
1029
1059
1173
1279
1242
1114
950
759
621
522
370
183
-32
-284
-474
-524
-474
-381
-306
-294
-281
-233
-155
-4
217
420
569
671
735
814
904
944
928
875
774
654
522
360
165
-73
-372
-691
-970
-1202
-1374
-1520
-1675
-1845
-2025
-2215
-2355
-2417
-2414
-2356
-2284
-2226
-2147
-2019
-1860
-1675
-1488
-1321
-1156
-988
-856
-746
-627
-567
-601
-685
-789
-893
-958
-1018
-1137
-1324
-1573
-1826
-1969
-1996
-1995
-2015
-2081
-2219
-2330
-2162
-1542
-588
297
798
946
993
1142
1478
2030
2764
3458
3797
3729
3545
3482
3498
3457
3341
3205
3030
2754
2418
2146
1960
1690
1219
707
371
218
183
246
353
375
203
-126
-385
-379
-143
161
451
714
869
849
721
620
609
629
607
553
530
526
446
256
5
-255
-512
-744
-884
-896
-823
-759
-788
-915
-1072
-1192
-1237
-1162
-957
-721
-558
-475
-444
-440
-432
-396
-317
-205
-99
-35
-9
-12
-38
-79
-125
-151
-137
-126
-136
-131
-93
-64
-61
-52
-14
27
64
123
216
342
477
558
563
537
487
407
335
303
319
368
404
389
313
172
5
-120
-195
-245
-269
-269
-273
-310
-379
-488
-607
-703
-762
-779
-733
-648
-569
-527
-526
-525
-498
-484
-496
-494
-473
-452
-411
-371
-370
-388
-434
-543
-667
-737
-791
-860
-913
-960
-1028
-1105
-1177
-1229
-1237
-1220
-1223
-1240
-1237
-1202
-1152
-1103
-1057
-1001
-932
-861
-789
-706
-627
-572
-542
-519
-478
-412
-328
-241
-176
-133
-91
-51
-17
48
143
240
354
507
668
826
999
1153
1257
1337
1425
1530
1680
1871
2056
2194
2274
2299
2280
2260
2274
2320
2367
2394
2377
2291
2163
2013
1822
1608
1413
1237
1086
965
840
699
537
339
140
-21
-131
-179
-181
-199
-244
-316
-439
-570
-657
-722
-770
-795
-835
-909
-997
-1099
-1213
-1299
-1352
-1398
-1423
-1417
-1380
-1323
-1264
-1220
-1183
-1146
-1092
-990
-844
-677
-516
-401
-338
-277
-200
-115
-3
124
221
274
285
276
289
341
413
487
541
567
574
576
581
593
589
575
571
553
523
503
456
374
299
211
113
71
68
60
45
1
-91
-184
-258
-310
-333
-359
-400
-459
-548
-639
-706
-790
-887
-958
-1038
-1151
-1257
-1352
-1446
-1513
-1547
-1578
-1608
-1622
-1643
-1679
-1706
-1697
-1662
-1601
-1507
-1404
-1328
-1278
-1249
-1217
-1171
-1113
-1064
-1035
-1033
-1031
-1000
-929
-822
-688
-556
-471
-395
-290
-146
38
273
531
767
970
1159
1355
1549
1734
1898
2037
2172
2319
2454
2567
2674
2735
2721
2677
2624
2564
2507
2463
2402
2317
2185
2006
1820
1660
1515
1367
1195
1005
835
677
536
438
368
279
189
100
-4
-77
-86
-85
-113
-164
-245
-350
-454
-552
-670
-796
-911
-1029
-1154
-1253
-1319
-1389
-1482
-1576
-1663
-1702
-1665
-1575
-1467
-1354
-1258
-1180
-1083
-944
-756
-540
-323
-138
-4
91
178
271
368
468
550
592
606
613
609
593
571
527
454
377
330
312
317
328
308
254
184
106
25
-25
-43
-34
-13
-13
-28
-35
-57
-94
-105
-100
-96
-80
-84
-131
-192
-273
-385
-493
-564
-614
-670
-745
-846
-972
-1112
-1247
-1352
-1415
-1438
-1460
-1516
-1585
-1636
-1663
-1681
-1681
-1636
-1551
-1460
-1361
-1265
-1204
-1168
-1143
-1140
-1129
-1074
-1004
-938
-873
-838
-861
-925
-977
-954
-829
-621
-393
-229
-162
-123
-51
85
310
594
866
1093
1281
1449
1625
1813
1992
2145
2277
2390
2476
2524
2568
2623
2642
2616
2571
2501
2396
2289
2173
2038
1902
1763
1606
1468
1377
1289
1163
1021
875
723
593
510
449
383
311
219
99
-20
-119
-215
-315
-409
-514
-639
-746
-830
-920
-1013
-1094
-1176
-1263
-1325
-1345
-1332
-1294
-1258
-1223
-1178
-1138
-1111
-1068
-998
-920
-835
-733
-630
-525
-407
-318
-270
-210
-123
-46
43
146
199
208
223
220
198
207
242
272
303
312
292
281
276
271
298
342
369
383
382
377
388
391
364
329
288
229
175
127
73
25
-36
-127
-228
-347
-501
-658
-789
-890
-969
-1042
-1115
-1196
-1288
-1380
-1464
-1539
-1587
-1587
-1565
-1546
-1520
-1491
-1472
-1443
-1400
-1345
-1278
-1198
-1126
-1082
-1051
-1008
-973
-953
-920
-882
-864
-851
-832
-831
-836
-832
-824
-806
-765
-688
-565
-417
-261
-117
-13
83
230
409
604
819
997
1105
1220
1393
1597
1803
1965
2036
2044
2051
2101
2195
2306
2395
2407
2330
2224
2121
2005
1898
1822
1726
1588
1444
1304
1169
1060
971
868
753
648
566
510
494
488
435
338
247
160
72
14
-26
-83
-177
-302
-438
-556
-650
-734
-816
-891
-949
-1002
-1065
-1115
-1130
-1121
-1090
-1034
-977
-934
-893
-851
-815
-784
-752
-703
-636
-550
-455
-379
-321
-275
-238
-203
-153
-95
-47
-12
21
79
151
216
269
296
283
264
265
281
320
381
425
438
434
405
354
330
334
340
337
317
273
223
183
137
64
-19
-93
-184
-297
-405
-515
-635
-739
-835
-959
-1088
-1211
-1325
-1398
-1439
-1488
-1534
-1567
-1599
-1613
-1605
-1575
-1520
-1466
-1434
-1386
-1317
-1258
-1207
-1164
-1134
-1106
-1077
-1044
-999
-962
-949
-937
-932
-923
-882
-840
-810
-779
-769
-746
-642
-474
-257
-22
126
214
307
415
590
753
762
887
1316
1686
1774
1699
1633
1769
1997
1994
1925
2080
2310
2401
2323
2164
2114
2167
2125
1975
1865
1838
1827
1710
1512
1374
1301
1240
1183
1077
921
803
706
585
496
435
340
219
109
15
-51
-114
-218
-362
-517
-634
-704
-767
-830
-882
-960
-1054
-1113
-1149
-1176
-1155
-1090
-1024
-964
-897
-834
-802
-795
-771
-727
-668
-590
-532
-510
-488
-473
-466
-437
-395
-350
-303
-290
-283
-244
-191
-120
-29
40
101
171
228
295
374
438
492
542
578
605
612
595
596
603
583
553
498
409
333
286
231
152
49
-66
-174
-270
-364
-461
-563
-673
-793
-915
-1023
-1123
-1231
-1332
-1409
-1464
-1505
-1538
-1574
-1599
-1613
-1625
-1614
-1582
-1547
-1502
-1441
-1372
-1297
-1232
-1176
-1115
-1063
-1028
-996
-983
-989
-990
-997
-1007
-994
-971
-963
-964
-970
-980
-967
-881
-710
-492
-284
-133
-59
-8
108
296
488
646
797
996
1249
1501
1716
1899
2057
2172
2212
2221
2292
2401
2459
2469
2470
2472
2483
2465
2387
2283
2163
1998
1826
1698
1624
1597
1557
1461
1325
1156
965
815
711
607
489
347
196
78
0
-69
-149
-277
-469
-662
-811
-911
-974
-1039
-1113
-1171
-1239
-1300
-1286
-1226
-1188
-1182
-1186
-1173
-1118
-1038
-944
-823
-695
-594
-541
-520
-474
-411
-378
-340
-274
-217
-173
-105
-25
51
115
150
158
174
214
284
393
521
614
657
691
727
733
729
728
713
674
610
545
510
465
360
215
56
-113
-282
-451
-603
-720
-826
-948
-1071
-1171
-1263
-1375
-1490
-1577
-1645
-1699
-1716
-1708
-1714
-1731
-1748
-1764
-1759
-1713
-1634
-1539
-1460
-1444
-1501
-1581
-1647
-1695
-1686
-1581
-1442
-1342
-1278
-1240
-1255
-1311
-1352
-1349
-1286
-1153
-985
-854
-769
-699
-625
-459
-80
432
887
1240
1525
1687
1747
1838
1984
2101
2164
2208
2260
2357
2476
2487
2345
2145
1938
1738
1660
1753
1868
1881
1840
1811
1776
1726
1685
1647
1602
1552
1487
1406
1352
1315
1216
1057
882
681
426
179
-12
-181
-368
-546
-670
-757
-844
-932
-1016
-1091
-1164
-1226
-1233
-1133
-970
-821
-690
-571
-488
-449
-449
-455
-430
-391
-338
-235
-122
-66
-69
-113
-184
-247
-273
-248
-170
-81
-14
38
79
135
195
235
278
339
399
463
561
662
725
744
724
683
646
618
604
611
614
592
540
456
334
183
17
-141
-285
-423
-545
-633
-678
-707
-768
-868
-989
-1140
-1302
-1430
-1510
-1544
-1542
-1544
-1556
-1555
-1576
-1665
-1787
-1868
-1871
-1820
-1783
-1792
-1770
-1706
-1662
-1625
-1583
-1563
-1603
-1728
-1887
-1961
-1894
-1709
-1478
-1265
-1100
-1035
-1144
-1359
-1575
-1722
-1699
-1520
-1258
-969
-771
-664
-423
99
754
1368
1904
2280
2431
2402
2319
2356
2529
2629
2500
2299
2193
2114
1960
1746
1557
1381
1188
1102
1229
1462
1638
1720
1755
1778
1823
1871
1899
1955
1995
1955
1881
1813
1705
1495
1206
887
547
211
-69
-280
-446
-568
-683
-813
-913
-989
-1038
-1049
-1038
-977
-874
-741
-573
-453
-418
-401
-421
-493
-521
-505
-495
-456
-411
-409
-410
-433
-486
-538
-590
-569
-468
-348
-182
-83
-95
82
383
421
385
452
377
405
693
809
753
730
619
498
446
363
335
354
294
261
270
260
323
370
339
331
271
149
88
49
-7
-16
-42
-163
-304
-461
-627
-754
-870
-979
-1094
-1227
-1337
-1400
-1425
-1426
-1443
-1530
-1634
-1691
-1729
-1727
-1671
-1576
-1481
-1453
-1485
-1525
-1546
-1575
-1615
-1618
-1586
-1525
-1409
-1281
-1217
-1204
-1257
-1445
-1614
-1646
-1646
-1634
-1556
-1480
-1521
-1618
-1697
-1776
-1798
-1696
-1544
-1452
-1272
-781
-32
813
1614
2263
2656
2752
2632
2413
2268
2245
2229
2117
1933
1831
1739
1539
1322
1122
892
691
685
893
1239
1678
2060
2321
2480
2549
2517
2405
2317
2248
2179
2136
2089
1979
1716
1303
821
342
-78
-413
-601
-653
-622
-559
-515
-494
-517
-551
-571
-592
-550
-435
-311
-233
-189
-196
-291
-421
-578
-753
-885
-962
-993
-973
-888
-776
-677
-590
-515
-443
-381
-284
-136
4
136
260
350
405
438
435
401
366
318
270
244
257
321
398
455
459
417
375
337
304
304
348
403
444
463
437
392
320
206
100
-5
-123
-238
-355
-491
-623
-712
-806
-909
-968
-1015
-1084
-1154
-1188
-1206
-1189
-1129
-1112
-1151
-1225
-1321
-1431
-1512
-1493
-1436
-1410
-1372
-1357
-1436
-1516
-1527
-1575
-1592
-1470
-1382
-1364
-1303
-1273
-1343
-1416
-1461
-1533
-1576
-1558
-1558
-1584
-1578
-1530
-1546
-1634
-1706
-1779
-1859
-1898
-1851
-1760
-1616
-1194
-334
766
1754
2553
3053
3080
2829
2493
2147
1977
1989
1879
1686
1721
1792
1637
1401
1143
793
498
494
785
1287
1895
2380
2697
2940
3098
3066
2845
2618
2401
2133
1920
1836
1719
1441
1090
662
174
-237
-582
-882
-1018
-931
-776
-605
-364
-151
-77
-115
-155
-195
-261
-297
-316
-338
-353
-393
-506
-672
-839
-1029
-1218
-1346
-1372
-1271
-1098
-877
-627
-406
-248
-126
-1
111
217
320
391
448
518
547
513
488
439
308
199
172
154
145
196
247
273
338
420
471
483
476
449
387
317
266
223
154
90
43
-43
-147
-255
-389
-544
-670
-725
-733
-705
-671
-665
-702
-769
-850
-985
-1112
-1202
-1280
-1322
-1306
-1255
-1251
-1300
-1406
-1548
-1635
-1666
-1654
-1619
-1574
-1503
-1460
-1425
-1393
-1342
-1292
-1275
-1200
-1118
-1089
-1087
-1111
-1222
-1412
-1529
-1619
-1695
-1680
-1676
-1699
-1667
-1598
-1667
-1788
-1766
-1747
-1760
-1688
-1447
-904
-6
1001
1828
2568
3116
3194
2951
2591
2216
1920
1706
1480
1383
1546
1701
1725
1662
1484
1221
953
857
1039
1419
1844
2286
2714
3023
3221
3204
2945
2631
2291
1889
1549
1348
1155
917
686
447
193
-113
-432
-684
-839
-847
-760
-647
-465
-221
-57
18
91
56
-104
-287
-473
-615
-669
-693
-745
-775
-797
-868
-968
-1061
-1104
-1082
-1026
-906
-686
-428
-201
15
201
297
323
305
238
189
207
220
216
267
300
266
250
247
205
187
200
198
240
334
413
487
585
632
607
557
474
360
258
165
70
1
-46
-116
-178
-236
-383
-606
-808
-998
-1163
-1204
-1184
-1167
-1077
-998
-1009
-997
-974
-1018
-1041
-1035
-1062
-1072
-1064
-1103
-1145
-1200
-1318
-1431
-1490
-1502
-1481
-1439
-1376
-1307
-1315
-1375
-1326
-1210
-1121
-1031
-988
-1057
-1180
-1317
-1485
-1546
-1471
-1433
-1456
-1484
-1540
-1657
-1767
-1826
-1846
-1800
-1765
-1711
-1584
-1487
-1317
-738
281
1321
2243
3046
3446
3407
3124
2672
2181
1888
1644
1266
1121
1332
1527
1543
1497
1384
1122
873
802
962
1332
1793
2243
2664
3117
3411
3349
3068
2717
2269
1740
1286
948
703
536
361
217
117
-59
-365
-671
-812
-842
-822
-724
-527
-285
-59
138
233
213
82
-193
-526
-757
-857
-962
-1039
-994
-914
-877
-859
-848
-882
-909
-898
-855
-712
-469
-220
5
238
449
561
560
504
425
333
262
245
295
402
508
551
558
542
470
375
299
261
266
292
336
409
493
525
493
444
376
293
204
99
-15
-145
-313
-504
-646
-744
-852
-928
-983
-1065
-1169
-1266
-1324
-1324
-1292
-1282
-1250
-1190
-1156
-1146
-1185
-1267
-1350
-1433
-1528
-1588
-1585
-1597
-1614
-1581
-1512
-1418
-1337
-1297
-1319
-1372
-1444
-1551
-1634
-1661
-1651
-1594
-1442
-1206
-1018
-945
-986
-1135
-1350
-1559
-1697
-1762
-1673
-1459
-1258
-1055
-817
-679
-717
-693
-394
191
985
1822
2608
3217
3480
3400
3101
2703
2280
1829
1326
1003
1015
1133
1249
1394
1480
1428
1312
1244
1279
1428
1606
1821
2120
2476
2803
2947
2910
2776
2486
2013
1477
987
550
217
-13
-157
-194
-229
-319
-419
-470
-487
-539
-600
-586
-470
-292
-73
151
287
301
164
-90
-362
-627
-879
-1097
-1212
-1189
-1101
-1011
-902
-759
-666
-607
-537
-470
-349
-197
-65
112
346
525
618
668
647
581
497
382
316
318
307
297
347
431
489
509
474
406
325
211
118
92
120
168
213
244
242
220
124
-39
-181
-327
-504
-646
-708
-745
-772
-792
-844
-914
-1009
-1134
-1252
-1336
-1386
-1422
-1464
-1482
-1457
-1438
-1444
-1418
-1394
-1416
-1439
-1449
-1471
-1512
-1529
-1508
-1467
-1389
-1282
-1183
-1108
-1025
-993
-1032
-1047
-1057
-1132
-1194
-1193
-1202
-1205
-1143
-1106
-1120
-1108
-1122
-1182
-1204
-1208
-1293
-1398
-1401
-1323
-1211
-1090
-1004
-876
-445
381
1326
2193
2995
3522
3535
3240
2875
2420
1981
1627
1223
943
1023
1208
1275
1361
1439
1328
1102
967
1013
1221
1520
1874
2259
2661
3004
3128
2998
2731
2345
1785
1183
705
365
147
18
-28
-25
-55
-146
-277
-397
-470
-518
-558
-514
-313
-52
199
375
414
313
72
-262
-583
-839
-1052
-1198
-1227
-1164
-1019
-849
-714
-615
-563
-551
-537
-469
-352
-200
2
222
433
594
652
614
537
439
312
227
197
167
172
238
316
417
541
570
479
375
254
102
8
-7
10
67
150
176
153
130
33
-169
-392
-588
-765
-876
-888
-848
-789
-734
-733
-794
-889
-1019
-1192
-1357
-1473
-1551
-1547
-1451
-1327
-1213
-1117
-1080
-1102
-1158
-1265
-1384
-1459
-1515
-1516
-1437
-1345
-1259
-1141
-1052
-1043
-1057
-1097
-1184
-1272
-1306
-1296
-1268
-1196
-1058
-955
-939
-910
-905
-1033
-1130
-1134
-1240
-1383
-1374
-1324
-1315
-1188
-984
-904
-870
-606
-50
669
1501
2356
2957
3200
3238
3074
2682
2304
2005
1577
1140
976
1027
1127
1282
1424
1437
1361
1311
1311
1375
1535
1763
1995
2268
2591
2835
2924
2870
2647
2247
1754
1216
699
323
94
-70
-161
-173
-195
-266
-313
-337
-397
-492
-543
-534
-445
-239
-17
113
152
99
-84
-336
-586
-831
-1033
-1137
-1146
-1054
-894
-735
-605
-499
-415
-344
-280
-230
-165
-89
2
129
259
344
394
405
355
301
269
199
169
229
284
314
393
481
504
516
500
412
305
214
109
27
38
92
114
140
172
138
47
-28
-135
-288
-386
-450
-527
-560
-539
-573
-654
-729
-835
-976
-1104
-1230
-1358
-1448
-1487
-1508
-1506
-1486
-1459
-1412
-1353
-1293
-1240
-1212
-1238
-1268
-1270
-1307
-1374
-1429
-1468
-1470
-1373
-1220
-1129
-1083
-1020
-1021
-1109
-1135
-1126
-1210
-1229
-1113
-1079
-1068
-893
-784
-919
-1056
-1150
-1329
-1423
-1350
-1322
-1317
-1158
-1013
-949
-572
232
1091
1867
2653
3250
3480
3470
3245
2814
2394
2024
1556
1139
1039
1161
1263
1323
1365
1320
1178
1056
1052
1194
1471
1791
2090
2432
2807
3032
3009
2819
2489
2016
1464
927
478
164
-18
-151
-242
-238
-217
-295
-422
-486
-526
-575
-550
-417
-227
-12
181
269
258
194
17
-284
-569
-765
-919
-1024
-1015
-924
-816
-721
-642
-594
-557
-488
-414
-348
-243
-111
2
138
321
463
512
493
402
295
236
196
180
243
350
429
492
557
612
633
573
439
286
141
25
-29
-21
26
100
162
190
193
161
77
-49
-169
-245
-294
-331
-360
-420
-541
-673
-801
-960
-1112
-1231
-1345
-1436
-1469
-1475
-1467
-1409
-1328
-1257
-1189
-1136
-1129
-1162
-1211
-1275
-1339
-1353
-1336
-1339
-1327
-1286
-1281
-1295
-1267
-1226
-1227
-1263
-1327
-1406
-1442
-1398
-1289
-1165
-1069
-1003
-1016
-1132
-1217
-1221
-1273
-1345
-1275
-1138
-1050
-923
-750
-671
-721
-803
-703
-187
685
1630
2507
3241
3699
3804
3568
3125
2693
2270
1720
1209
1021
1121
1304
1461
1585
1650
1581
1369
1166
1136
1285
1518
1755
2031
2393
2707
2810
2730
2529
2175
1646
1030
485
129
-82
-228
-288
-250
-194
-195
-247
-311
-359
-409
-465
-472
-349
-117
106
251
339
343
206
-47
-354
-644
-863
-1016
-1100
-1059
-919
-765
-628
-522
-451
-388
-375
-420
-424
-341
-219
-46
173
380
543
636
619
540
469
380
278
228
248
289
339
412
499
557
529
431
310
179
67
17
21
77
188
273
288
313
332
243
79
-73
-236
-408
-528
-591
-643
-695
-737
-803
-884
-934
-969
-1049
-1133
-1166
-1199
-1227
-1195
-1139
-1108
-1094
-1117
-1215
-1355
-1482
-1558
-1590
-1606
-1573
-1503
-1444
-1376
-1282
-1233
-1220
-1170
-1176
-1298
-1372
-1357
-1420
-1514
-1460
-1342
-1299
-1212
-1056
-995
-1000
-982
-1076
-1276
-1356
-1346
-1408
-1411
-1205
-968
-900
-802
-301
630
1659
2546
3251
3670
3788
3702
3375
2893
2549
2296
1812
1299
1186
1327
1377
1341
1311
1226
1113
1076
1088
1193
1478
1830
2063
2281
2618
2878
2876
2683
2389
2000
1528
1014
534
221
68
-62
-192
-260
-288
-345
-428
-499
-516
-476
-431
-386
-257
-18
196
250
198
118
-32
-278
-532
-736
-893
-990
-1024
-990
-880
-715
-603
-579
-549
-466
-401
-371
-309
-199
-36
164
331
453
562
608
552
487
461
437
425
427
435
489
589
622
582
549
507
399
260
191
192
232
307
384
425
468
480
359
176
51
-63
-207
-312
-370
-427
-481
-552
-671
-789
-894
-1030
-1180
-1273
-1292
-1295
-1337
-1372
-1343
-1299
-1294
-1283
-1266
-1306
-1389
-1473
-1549
-1570
-1487
-1370
-1303
-1242
-1162
-1119
-1122
-1155
-1246
-1377
-1492
-1578
-1640
-1688
-1682
-1532
-1319
-1214
-1134
-982
-945
-1035
-1076
-1158
-1319
-1339
-1277
-1279
-1148
-843
-643
-578
-471
-227
293
1125
2049
2892
3579
3982
4058
3849
3421
2955
2544
2084
1606
1325
1272
1299
1327
1335
1307
1243
1154
1040
974
1080
1357
1677
1993
2330
2619
2752
2705
2493
2161
1749
1235
678
218
-74
-223
-287
-324
-335
-319
-348
-432
-486
-483
-459
-406
-306
-141
80
273
350
320
216
37
-214
-476
-677
-807
-878
-881
-830
-755
-664
-588
-557
-535
-482
-417
-349
-250
-112
61
242
382
476
552
600
605
594
589
564
516
479
474
505
559
594
579
526
451
354
239
152
138
173
212
271
345
376
360
318
235
135
44
-66
-185
-264
-330
-430
-571
-739
-900
-1041
-1182
-1295
-1341
-1369
-1400
-1392
-1352
-1307
-1250
-1205
-1175
-1133
-1123
-1184
-1260
-1294
-1308
-1326
-1329
-1288
-1212
-1183
-1284
-1496
-1699
-1819
-1881
-1869
-1747
-1581
-1435
-1291
-1169
-1063
-898
-747
-760
-850
-910
-1032
-1201
-1250
-1192
-1130
-1025
-892
-856
-891
-902
-922
-793
-143
947
1998
2892
3680
4134
4207
4093
3753
3209
2751
2348
1837
1481
1476
1555
1514
1411
1258
1031
790
600
497
564
893
1391
1857
2277
2700
2938
2845
2563
2212
1764
1262
799
405
145
74
73
7
-100
-194
-349
-586
-762
-794
-745
-639
-442
-178
116
407
586
572
428
228
-41
-340
-537
-598
-614
-616
-565
-517
-513
-501
-510
-587
-636
-613
-592
-508
-252
65
320
560
756
826
830
801
692
577
545
517
460
455
490
498
493
460
370
240
89
-51
-110
-64
60
238
415
520
567
552
439
285
153
-1
-186
-312
-374
-438
-501
-558
-679
-851
-1007
-1172
-1364
-1477
-1478
-1443
-1386
-1286
-1198
-1146
-1083
-1024
-1017
-1066
-1153
-1272
-1378
-1410
-1372
-1326
-1308
-1303
-1340
-1453
-1521
-1450
-1370
-1383
-1408
-1452
-1572
-1614
-1519
-1433
-1291
-981
-798
-895
-977
-1007
-1181
-1321
-1271
-1263
-1287
-1137
-1008
-1049
-1021
-851
-566
77
1136
2236
3189
3994
4440
4439
4164
3722
3223
2818
2432
1987
1684
1594
1552
1482
1352
1108
843
635
428
309
460
828
1252
1684
2103
2447
2648
2661
2481
2188
1853
1479
1053
635
360
227
120
19
-51
-162
-360
-585
-780
-888
-824
-630
-440
-233
35
260
373
428
413
285
94
-106
-303
-419
-402
-345
-315
-298
-312
-401
-528
-628
-684
-669
-573
-448
-312
-122
94
273
410
493
496
467
453
446
491
599
675
690
680
599
461
362
274
159
98
92
75
97
185
269
354
464
517
481
411
291
118
-27
-122
-210
-283
-336
-423
-544
-676
-836
-1004
-1124
-1188
-1200
-1139
-1029
-921
-826
-776
-812
-899
-986
-1067
-1147
-1206
-1249
-1283
-1316
-1346
-1357
-1349
-1349
-1396
-1507
-1650
-1741
-1725
-1631
-1503
-1367
-1264
-1230
-1252
-1305
-1380
-1461
-1545
-1640
-1732
-1739
-1618
-1432
-1230
-1021
-828
-689
-602
-540
-495
-475
-412
-69
722
1797
2898
3818
4364
4486
4284
3802
3208
2845
2678
2372
1977
1781
1741
1728
1714
1564
1233
881
519
107
-61
242
746
1175
1555
1886
2073
2128
2083
1900
1680
1503
1265
944
717
665
634
552
434
257
6
-296
-621
-923
-1074
-1010
-838
-641
-414
-173
-19
7
-38
-110
-164
-197
-245
-296
-264
-135
-12
61
87
34
-127
-376
-616
-739
-706
-593
-474
-350
-227
-101
37
173
284
375
433
414
371
408
521
650
773
846
824
748
644
485
334
287
295
304
345
398
420
429
414
350
278
223
134
21
-58
-107
-161
-222
-290
-383
-481
-578
-687
-774
-787
-749
-727
-724
-732
-763
-799
-835
-863
-871
-885
-938
-1032
-1120
-1173
-1181
-1166
-1154
-1144
-1167
-1231
-1303
-1359
-1412
-1447
-1423
-1352
-1243
-1108
-1008
-974
-996
-1079
-1208
-1289
-1271
-1203
-1105
-979
-876
-833
-868
-994
-1170
-1295
-1324
-1286
-1166
-967
-782
-682
-627
-441
78
949
1962
2872
3555
3918
3930
3680
3352
3158
3115
3034
2777
2464
2265
2150
2030
1843
1576
1223
743
196
-211
-252
37
425
732
901
980
976
910
852
894
1008
1054
997
910
883
942
1026
1035
937
777
538
202
-129
-350
-463
-541
-606
-649
-657
-619
-592
-624
-656
-635
-611
-626
-631
-583
-477
-333
-198
-75
32
64
-31
-206
-362
-413
-350
-247
-159
-80
-20
-2
-1
13
34
40
-5
-119
-240
-281
-239
-141
-11
99
129
95
39
-27
-57
-3
84
134
177
239
303
357
377
367
337
225
7
-247
-454
-568
-603
-648
-681
-648
-681
-796
-825
-776
-728
-600
-476
-483
-456
-376
-372
-297
-119
-104
-233
-320
-407
-461
-396
-355
-361
-316
-360
-563
-736
-757
-667
-570
-525
-439
-296
-261
-311
-264
-128
-18
25
5
20
112
135
105
182
291
287
198
108
85
116
118
150
305
447
455
432
447
504
586
643
672
683
605
440
332
346
408
453
448
384
301
220
152
131
175
207
186
159
164
205
266
334
384
408
410
372
321
307
325
342
361
386
407
442
490
538
597
641
634
598
559
513
477
470
468
454
424
376
313
259
218
193
203
238
254
252
259
251
226
201
180
156
117
60
18
13
20
15
-7
-40
-81
-139
-206
-235
-232
-243
-276
-332
-392
-430
-466
-503
-494
-462
-464
-485
-513
-550
-560
-537
-509
-460
-401
-360
-311
-260
-255
-282
-319
-361
-401
-447
-509
-555
-569
-578
-581
-573
-554
-526
-504
-486
-435
-340
-230
-127
-49
3
42
72
104
148
186
203
207
209
211
211
192
155
114
49
-16
-35
-24
2
45
93
151
206
222
213
221
230
225
230
236
242
245
223
197
208
219
172
101
60
55
47
28
43
107
177
211
244
289
303
291
275
257
239
209
139
81
105
111
70
85
98
32
2
33
51
64
30
-47
-19
87
121
124
156
142
68
2
2
85
147
103
96
153
133
102
86
59
145
265
228
160
188
164
78
90
130
116
69
-44
-102
-37
20
97
196
180
129
132
132
133
117
25
-9
-15
-124
-129
7
36
57
180
157
68
83
12
3
153
98
19
125
81
-39
-5
13
-31
-54
-132
-177
-130
-217
-273
-159
-159
-176
-144
-187
-102
-22
-184
-229
-154
-270
-348
-325
-359
-302
-260
-324
-298
-320
-431
-341
-208
-228
-196
-185
-243
-90
104
88
72
46
-13
42
133
210
210
101
61
20
-88
-44
57
-43
-121
-37
-102
-242
-188
-94
-53
6
53
97
151
158
140
193
231
199
143
85
104
172
191
189
175
84
-67
-139
-94
-28
11
-13
-1
95
141
164
253
301
236
156
110
87
133
162
92
8
-71
-150
-107
51
148
158
101
-2
8
93
98
105
96
5
-40
12
92
187
244
182
91
60
40
52
117
174
225
249
243
233
213
193
153
121
156
151
30
-98
-145
-111
-30
7
-8
-19
-51
-97
-84
-6
39
-8
-96
-156
-169
-117
-26
7
-21
1
37
40
85
137
143
157
139
64
-9
-93
-166
-171
-123
-74
-63
-96
-155
-199
-226
-240
-225
-187
-163
-169
-178
-183
-183
-121
9
88
57
-18
-102
-187
-223
-175
-113
-145
-287
-437
-528
-516
-407
-337
-339
-321
-329
-375
-357
-275
-184
-87
-24
-41
-97
-126
-95
18
147
218
233
162
34
-35
-16
39
84
97
90
99
141
222
302
320
275
203
137
108
154
237
287
307
301
251
220
229
233
229
226
219
202
216
274
338
402
448
460
466
475
469
434
381
324
249
170
100
22
-42
-83
-102
-97
-77
-57
-48
-51
-68
-62
-9
59
110
129
91
-4
-85
-97
-76
-78
-110
-174
-280
-365
-367
-301
-216
-139
-126
-207
-297
-315
-252
-145
-39
35
31
-78
-179
-183
-143
-108
-117
-202
-299
-338
-351
-293
-159
-98
-140
-198
-251
-285
-284
-268
-191
-67
1
23
15
-17
6
78
148
223
224
101
-16
-44
-37
7
79
100
44
-47
-118
-122
-60
14
59
62
50
28
16
91
208
246
225
197
150
129
132
133
144
124
65
47
71
98
134
133
91
55
13
-12
61
149
166
167
119
14
-38
-31
-5
44
63
49
43
20
7
42
79
71
42
8
3
35
66
91
150
187
149
124
114
34
-56
-62
-42
-23
-4
-56
-137
-157
-151
-131
-64
-1
20
-11
-35
35
108
129
215
267
177
146
176
139
140
216
200
55
-101
-199
-278
-394
-472
-408
-275
-204
-185
-145
-123
-208
-251
-78
106
107
65
32
-41
-62
-6
59
121
95
-66
-222
-244
-200
-190
-158
-49
2
-88
-166
-133
-45
24
56
79
80
18
-36
-2
57
94
92
31
-5
44
64
51
110
177
153
79
34
48
77
75
89
159
220
218
180
153
126
87
41
9
29
64
40
0
-10
-22
-45
-48
-37
-33
-28
-25
2
72
117
93
63
63
48
26
39
53
30
-12
-58
-88
-91
-100
-106
-75
-77
-140
-174
-157
-117
-73
-35
4
31
20
13
36
27
-22
-49
-51
-48
-41
-51
-78
-83
-75
-87
-103
-84
-76
-106
-112
-83
-52
-5
50
93
135
153
142
146
143
120
97
61
22
8
-4
-18
-9
-15
-41
-47
-52
-61
-47
-41
-29
1
23
61
116
153
194
234
225
184
132
79
59
69
59
19
-37
-77
-96
-125
-161
-173
-154
-115
-75
-36
8
37
38
43
56
56
50
28
4
-4
-21
-26
10
22
-4
-25
-59
-83
-61
-27
-6
5
-6
0
23
28
33
48
51
30
-1
-19
-25
-52
-73
-59
-46
-24
3
1
27
67
41
26
44
25
13
35
50
98
163
169
165
168
121
57
0
-38
-3
26
-44
-122
-109
-77
-88
-90
-55
-39
-61
-63
-22
30
74
74
29
32
84
113
144
147
65
-26
-80
-158
-179
-89
-34
-75
-177
-274
-270
-222
-225
-183
-113
-138
-141
-63
-16
47
85
-9
-40
40
34
-16
-31
-30
-12
-50
-116
-82
-12
26
55
-16
-127
-85
-7
-4
34
82
79
77
105
189
256
205
131
109
97
89
93
121
148
79
-36
-13
108
158
113
24
-59
-65
-8
36
83
131
92
-4
-2
45
24
14
16
-54
-122
-150
-172
-130
-79
-124
-177
-158
-116
-29
90
112
58
43
26
14
93
175
142
36
-50
-88
-59
18
52
47
-14
-142
-158
-60
-8
33
56
-18
-75
-75
-59
64
212
196
143
138
53
-21
22
43
16
3
-33
-73
-52
-35
-53
6
67
-2
-28
32
-23
-100
-63
16
119
205
229
250
191
17
-38
41
50
33
27
-48
-111
-117
-98
-60
-61
-62
5
14
-55
-99
-93
-14
93
85
10
31
95
100
77
42
-27
-123
-200
-218
-188
-134
-119
-161
-146
-77
-106
-178
-171
-145
-141
-86
28
108
115
79
16
-61
-110
-151
-155
-74
-21
-64
-113
-137
-171
-169
-134
-99
-80
-92
-81
-12
65
145
215
276
339
287
148
107
143
135
90
54
72
128
131
83
54
32
3
15
56
77
43
-9
-6
47
148
310
416
354
165
-48
-166
-127
8
97
74
2
-68
-116
-114
-71
-20
18
32
7
-31
0
97
178
218
209
120
-11
-81
-51
-14
-41
-71
-95
-160
-193
-131
-44
-16
-59
-162
-255
-263
-185
-64
44
64
9
-46
-46
8
54
48
13
-33
-77
-89
-45
18
48
53
35
-39
-128
-154
-114
-59
-14
-4
-42
-54
-9
46
112
178
162
75
5
-40
-40
30
73
37
-21
-93
-158
-166
-126
-54
10
5
-36
-52
-26
39
105
130
127
110
108
156
191
155
84
-15
-116
-127
-83
-85
-92
-90
-117
-108
-34
27
44
18
-57
-103
-57
38
131
184
157
83
29
12
24
35
-11
-102
-174
-198
-157
-43
69
79
18
-31
-39
19
121
167
107
15
-32
-35
-2
62
113
96
12
-91
-141
-110
-37
20
18
-52
-116
-96
-13
71
127
131
83
36
32
60
101
154
181
135
58
6
-35
-45
-29
-55
-87
-71
-48
-21
16
6
-32
-31
11
70
94
59
36
49
65
89
97
62
37
29
2
-18
-36
-62
-78
-88
-102
-99
-93
-93
-77
-50
-47
-55
-34
-11
-8
-5
1
5
13
5
-14
-18
-16
-29
-53
-73
-79
-91
-103
-72
-33
-53
-68
-35
-25
-14
22
14
-7
10
33
70
125
129
92
71
42
10
1
-30
-63
-74
-111
-141
-90
8
77
89
40
-39
-74
-25
72
159
171
84
-31
-74
-31
30
57
26
-58
-158
-214
-193
-110
-7
63
67
24
-2
8
63
140
174
155
100
22
-29
-18
30
84
107
64
-6
-53
-74
-63
-25
24
67
65
8
-30
4
48
64
73
61
21
-10
-16
0
35
49
23
-18
-56
-74
-48
-8
0
-36
-88
-119
-99
-28
73
159
174
134
99
85
74
75
81
78
56
22
-2
-12
-25
-56
-84
-93
-103
-109
-77
-32
-10
19
63
97
110
87
38
15
18
13
21
41
50
36
1
-18
2
26
44
49
20
-22
-55
-85
-79
-33
3
15
14
2
-2
1
-5
-22
-39
-61
-87
-118
-130
-115
-106
-96
-77
-77
-96
-104
-100
-85
-39
13
45
76
94
83
71
71
75
94
110
102
81
46
-10
-40
-27
-11
-4
-15
-62
-115
-132
-91
-14
48
69
71
63
50
49
82
128
140
100
43
7
-12
-11
6
6
-31
-76
-121
-149
-143
-138
-150
-148
-124
-96
-64
-12
37
48
31
18
20
28
47
57
39
12
-11
-22
-4
13
1
-24
-50
-75
-82
-60
-22
9
21
25
41
59
72
88
93
76
68
62
37
17
11
-5
-18
-13
-11
-20
-26
-42
-60
-50
-26
4
41
61
56
55
71
95
123
132
100
41
-11
-34
-35
-30
-30
-39
-56
-66
-52
-19
10
20
29
36
24
8
7
17
27
22
-9
-47
-60
-51
-44
-39
-37
-60
-104
-123
-103
-56
-8
27
45
44
38
44
59
70
71
52
18
-12
-36
-52
-50
-40
-28
-26
-58
-102
-121
-123
-102
-53
-30
-33
-15
11
28
36
31
15
-7
-28
-31
-6
28
60
78
75
64
58
49
41
30
6
-16
-31
-38
-28
-14
-5
0
2
9
24
38
46
59
71
79
80
74
70
59
30
-7
-42
-71
-74
-53
-33
-21
-12
-17
-30
-24
0
22
42
47
25
-1
-1
16
40
76
95
85
67
49
33
40
54
47
30
7
-19
-24
-11
-3
4
12
14
23
36
47
67
83
80
58
33
16
6
-1
4
16
3
-29
-50
-52
-51
-42
-23
-9
-1
14
33
49
63
54
11
-26
-52
-95
-135
-151
-152
-147
-128
-99
-79
-68
-54
-35
-28
-27
-19
-17
-19
-13
-5
9
36
57
65
75
73
57
48
45
44
44
46
58
68
79
86
76
47
10
-24
-47
-47
-35
-17
7
35
59
71
61
39
10
-24
-49
-62
-67
-54
-23
4
11
7
-15
-54
-75
-73
-77
-75
-54
-30
-2
38
77
106
114
92
48
8
-17
-28
-26
-18
-14
-28
-51
-65
-68
-74
-83
-91
-94
-96
-86
-50
0
47
71
58
12
-49
-99
-126
-130
-125
-121
-114
-99
-64
-14
33
77
110
109
86
55
26
23
47
78
96
103
94
58
18
-10
-31
-48
-48
-25
18
69
110
133
151
151
127
97
70
49
34
16
0
-17
-41
-64
-83
-101
-129
-148
-149
-135
-104
-69
-40
-12
11
23
31
37
37
31
21
14
1
-11
-14
-3
10
8
-4
-27
-56
-83
-108
-128
-137
-137
-139
-124
-82
-34
18
73
103
98
78
54
36
32
40
55
63
53
33
12
-5
-14
-21
-42
-81
-123
-147
-125
-65
8
82
139
160
141
105
73
58
56
49
36
24
3
-27
-46
-47
-52
-67
-86
-103
-108
-89
-50
-6
42
86
107
103
95
76
50
32
26
23
31
39
41
56
65
53
30
5
-14
-18
-5
38
98
146
167
149
99
35
-33
-93
-141
-159
-155
-130
-88
-35
17
52
65
67
63
50
25
-4
-29
-48
-58
-61
-57
-48
-50
-77
-116
-144
-147
-124
-77
-18
35
68
90
110
118
118
106
79
50
30
20
21
37
51
57
49
39
42
55
66
83
110
124
124
115
102
86
76
81
95
103
89
54
11
-41
-95
-134
-146
-129
-93
-61
-37
-19
-6
-1
-2
-16
-44
-71
-89
-93
-84
-71
-68
-89
-133
-179
-209
-212
-182
-132
-69
8
78
127
155
160
121
50
-21
-76
-105
-102
-71
-22
39
86
102
100
92
76
51
30
19
12
16
44
83
107
101
69
19
-37
-85
-105
-87
-49
-10
28
66
99
120
117
89
46
-16
-86
-134
-154
-154
-127
-81
-33
19
67
100
111
104
82
45
10
-8
-12
-12
-3
8
10
6
-14
-54
-88
-101
-98
-69
-23
12
21
10
-8
-26
-42
-62
-84
-107
-140
-154
-135
-90
-44
-6
23
40
53
68
88
113
124
97
48
6
-23
-28
-9
17
23
-1
-38
-55
-44
-18
12
27
31
34
37
50
78
107
112
80
31
-2
-17
-24
-16
0
-4
-23
-30
-30
-29
-43
-81
-129
-159
-154
-111
-47
11
38
22
-15
-44
-55
-52
-39
-28
-26
-40
-52
-41
-8
26
41
39
21
-16
-64
-100
-110
-109
-109
-97
-57
6
73
127
164
178
157
113
75
57
45
22
-5
-21
-28
-25
-11
11
25
22
19
24
34
41
47
52
48
38
32
37
51
64
60
39
5
-20
-23
-8
17
28
15
-11
-20
3
53
114
161
172
143
93
40
-2
-29
-58
-94
-112
-97
-48
19
73
91
66
11
-36
-46
-25
2
15
2
-35
-76
-89
-76
-57
-57
-90
-135
-173
-186
-164
-115
-54
-9
7
4
-1
6
17
22
9
-28
-78
-119
-133
-119
-88
-58
-38
-25
-9
12
51
99
137
152
140
114
87
58
35
8
-21
-50
-68
-67
-39
12
66
104
120
117
106
90
79
85
98
113
118
104
73
46
30
20
12
-11
-45
-68
-57
-5
65
126
153
138
96
45
-1
-41
-77
-110
-127
-116
-73
-9
49
79
76
53
24
8
7
6
-6
-33
-69
-96
-103
-92
-82
-88
-103
-123
-125
-95
-34
41
102
135
142
138
135
134
129
106
57
-3
-55
-79
-68
-32
-1
7
-9
-34
-44
-30
5
40
63
63
49
33
28
36
41
30
-7
-62
-114
-138
-128
-92
-53
-27
-7
23
62
91
101
79
23
-52
-106
-121
-107
-77
-55
-53
-63
-78
-88
-84
-71
-67
-74
-77
-66
-44
-21
3
24
32
16
-17
-49
-76
-101
-110
-94
-58
-19
17
52
74
67
34
-15
-68
-117
-152
-160
-136
-88
-29
33
82
102
87
52
16
-18
-43
-52
-42
-25
-6
16
35
48
52
41
22
2
-16
-23
-14
3
26
52
76
99
112
117
108
86
60
42
33
38
58
82
102
108
102
87
66
28
-13
-47
-64
-53
-17
29
62
74
64
44
17
-15
-42
-67
-86
-83
-54
-5
46
76
79
62
34
2
-19
-29
-48
-76
-103
-113
-105
-87
-65
-48
-45
-51
-50
-30
5
41
69
83
76
60
40
23
6
-8
-20
-28
-33
-38
-39
-45
-51
-56
-50
-30
1
32
61
82
85
69
45
17
-10
-25
-25
-8
19
38
45
38
21
5
-4
5
24
37
34
17
-4
-31
-49
-61
-72
-86
-100
-107
-105
-85
-60
-46
-48
-62
-76
-84
-82
-68
-46
-30
-28
-32
-36
-34
-32
-33
-39
-46
-44
-32
-10
11
19
10
-7
-15
-7
16
45
64
70
68
66
64
60
48
27
4
-6
4
27
52
66
59
37
17
15
34
70
111
139
149
139
116
84
50
9
-35
-76
-102
-103
-78
-33
20
69
109
140
157
160
146
110
64
21
-7
-23
-37
-54
-74
-88
-86
-73
-55
-40
-33
-32
-14
24
71
118
148
151
126
83
36
-9
-52
-82
-98
-102
-92
-72
-47
-21
1
9
7
2
1
8
15
19
17
11
9
12
14
11
-2
-23
-49
-71
-89
-104
-109
-97
-74
-40
-5
16
15
-9
-44
-80
-106
-116
-107
-84
-53
-16
17
36
32
12
-15
-40
-55
-57
-45
-27
-5
18
37
49
46
27
3
-25
-46
-57
-50
-22
19
58
88
98
82
54
26
6
-12
-26
-31
-26
-13
-2
4
1
-10
-21
-26
-27
-28
-22
-4
30
74
115
137
138
118
81
35
-19
-80
-138
-180
-195
-177
-135
-84
-33
10
38
54
55
39
16
-2
-6
10
39
69
91
95
78
42
-6
-54
-83
-82
-50
-6
37
69
93
113
129
134
112
63
7
-28
-29
4
51
85
95
75
39
1
-29
-60
-91
-120
-140
-140
-115
-66
-12
24
27
-3
-51
-90
-105
-90
-60
-29
-4
17
39
62
77
78
62
30
-15
-56
-85
-104
-108
-99
-76
-49
-23
2
24
40
42
33
12
-11
-28
-28
-12
3
9
-1
-19
-38
-54
-67
-80
-95
-104
-98
-64
-16
30
61
72
68
61
58
63
63
57
47
35
28
32
43
48
37
14
-7
-17
-11
2
18
29
33
31
31
26
11
-15
-46
-69
-73
-57
-25
12
41
52
50
44
33
24
15
0
-16
-27
-17
12
52
87
100
89
59
26
2
-11
-25
-35
-37
-28
-10
12
27
21
-3
-36
-59
-72
-79
-80
-78
-65
-40
-2
44
78
86
67
33
6
-10
-12
-11
-13
-19
-26
-19
-5
15
28
25
11
-10
-26
-29
-18
4
34
63
86
96
92
78
58
41
24
6
-11
-23
-23
-9
14
36
40
26
-2
-26
-37
-31
-16
-3
8
18
28
46
67
79
75
54
21
-7
-24
-27
-20
-13
-11
-21
-36
-50
-63
-72
-77
-75
-63
-39
-3
30
52
55
41
21
3
-11
-28
-52
-86
-121
-138
-130
-99
-59
-23
-1
5
4
-3
-11
-19
-28
-34
-30
-19
1
28
52
70
78
76
65
49
36
31
31
30
24
12
0
-7
-3
7
15
13
1
-12
-15
-3
15
27
24
4
-24
-51
-69
-80
-89
-96
-97
-87
-66
-35
-1
27
37
31
11
-15
-31
-35
-25
-5
16
37
55
72
83
79
59
21
-21
-49
-51
-31
-1
26
39
43
43
39
31
20
9
6
17
37
62
81
86
82
73
66
66
70
78
86
87
80
65
50
41
40
45
45
36
20
4
-5
-3
3
6
8
11
20
32
40
36
12
-26
-74
-121
-151
-157
-135
-94
-54
-28
-23
-30
-35
-33
-26
-24
-34
-50
-57
-50
-33
-23
-35
-67
-105
-130
-128
-105
-74
-46
-24
-4
18
40
55
59
52
36
20
4
-8
-14
-13
-5
1
-2
-14
-28
-37
-40
-40
-40
-44
-43
-35
-13
14
36
42
34
22
12
9
12
15
16
15
15
20
29
37
38
28
6
-21
-47
-60
-59
-47
-30
-13
-1
17
35
53
64
63
48
31
23
23
31
35
31
10
-14
-35
-44
-44
-42
-40
-41
-40
-29
-9
12
27
28
21
11
2
-1
-7
-16
-31
-44
-48
-40
-25
-12
-10
-16
-29
-40
-43
-36
-20
1
26
53
78
95
102
100
90
78
67
58
54
54
55
58
63
66
65
62
55
45
33
24
13
2
-14
-29
-41
-45
-41
-33
-22
-22
-26
-33
-39
-39
-37
-34
-34
-35
-36
-36
-36
-38
-43
-47
-50
-47
-40
-33
-25
-16
-2
15
29
32
24
10
-8
-25
-41
-54
-67
-76
-74
-57
-33
-4
16
24
20
9
-4
-10
-4
8
21
32
37
39
39
40
40
32
20
5
-8
-10
-5
7
15
16
9
3
2
7
16
20
21
20
21
26
32
38
39
34
25
11
-6
-23
-42
-58
-68
-70
-64
-52
-31
-8
13
26
29
21
6
-12
-24
-26
-16
1
19
33
37
31
15
-5
-27
-42
-47
-43
-33
-18
-2
11
21
25
24
17
10
4
3
2
2
0
-1
-1
-1
-3
-7
-12
-18
-22
-24
-26
-25
-23
-19
-6
10
30
44
54
55
51
46
43
43
46
53
61
68
73
70
64
53
39
21
3
-12
-22
-23
-18
-10
-4
-1
-1
-2
1
-1
-2
-9
-18
-26
-35
-40
-47
-52
-55
-55
-50
-44
-44
-47
-53
-53
-51
-42
-30
-20
-9
-3
0
-4
-15
-30
-44
-53
-55
-47
-30
-12
4
14
19
18
11
2
-10
-19
-22
-19
-8
8
24
39
49
55
57
54
47
34
20
2
-12
-22
-27
-27
-22
-17
-9
-1
2
1
-3
-8
-13
-15
-13
-10
-5
1
6
9
11
8
-3
-17
-32
-44
-49
-48
-38
-28
-18
-14
-12
-10
-10
-8
-11
-14
-19
-19
-11
2
20
34
44
49
50
46
40
34
31
32
36
42
47
49
50
53
58
62
62
58
50
41
40
43
48
52
51
47
43
41
40
35
26
13
3
-3
-1
6
10
13
9
-2
-11
-19
-22
-24
-24
-24
-26
-25
-24
-21
-19
-23
-31
-41
-48
-49
-49
-48
-50
-55
-59
-60
-54
-45
-36
-30
-28
-25
-18
-12
-6
-4
-7
-10
-11
-9
-5
1
0
-4
-10
-12
-11
-4
7
17
27
31
33
31
30
26
20
14
9
5
3
6
10
10
8
2
-8
-17
-25
-30
-24
-15
-2
10
16
16
13
5
0
-7
-13
-21
-28
-30
-30
-26
-22
-19
-20
-27
-32
-35
-35
-29
-23
-16
-12
-8
-7
-7
-7
-10
-14
-19
-19
-14
-8
2
8
17
25
33
44
50
55
55
53
54
54
54
53
50
48
43
42
42
43
46
45
43
39
33
29
28
32
37
44
47
46
43
39
35
28
21
11
-3
-13
-21
-22
-19
-14
-9
-10
-10
-12
-12
-11
-7
-2
-2
-2
-5
-6
-6
-6
-10
-17
-26
-35
-38
-36
-32
-28
-24
-23
-19
-17
-14
-10
-6
-4
-4
0
4
7
9
11
15
17
18
18
14
10
2
-6
-13
-21
-27
-33
-34
-34
-32
-28
-23
-17
-16
-13
-15
-15
-16
-18
-24
-33
-43
