SAMPLES:	12515
BITSPERSAMPLE:	16
CHANNELS:	1
SAMPLERATE:	16000
NORMALIZED:	FALSE
-14
-16
-21
-22
-22
-21
-21
-24
-27
-28
-22
-17
-17
-17
-14
-7
-1
1
0
0
3
9
11
8
6
7
9
14
11
7
6
7
9
8
3
-3
-2
1
2
1
-2
0
5
10
9
6
4
6
10
12
8
6
8
14
19
19
19
19
26
30
31
28
24
26
29
31
28
26
28
31
36
37
34
31
30
30
26
20
11
5
1
-2
-9
-17
-22
-25
-24
-25
-29
-32
-33
-33
-34
-35
-37
-36
-34
-29
-25
-22
-17
-11
-3
4
9
12
16
19
22
19
17
15
15
14
13
11
8
6
5
1
-5
-11
-17
-22
-27
-33
-37
-41
-43
-42
-41
-38
-34
-30
-24
-18
-14
-11
-7
-2
1
5
9
14
19
26
31
35
41
46
50
53
55
53
53
53
52
51
47
47
49
52
54
56
56
56
56
52
46
38
29
20
11
1
-9
-18
-27
-33
-40
-47
-56
-62
-69
-76
-84
-90
-95
-98
-98
-97
-92
-87
-79
-70
-63
-53
-45
-36
-28
-23
-15
-12
-7
-2
1
5
7
9
11
13
15
14
13
12
10
7
5
4
4
5
7
10
13
19
25
32
37
41
47
52
56
60
60
60
64
65
66
64
63
61
61
59
55
48
41
36
30
24
13
3
-5
-9
-12
-18
-24
-29
-28
-29
-30
-34
-39
-41
-41
-43
-49
-56
-60
-58
-57
-59
-63
-67
-66
-64
-64
-68
-75
-76
-74
-70
-69
-70
-68
-63
-54
-48
-47
-45
-40
-32
-23
-18
-17
-15
-8
3
9
10
11
15
23
30
30
29
28
32
39
41
38
36
39
47
55
57
57
60
67
76
80
78
75
74
77
78
74
66
61
60
58
52
41
29
23
20
14
4
-8
-16
-19
-20
-24
-32
-38
-39
-34
-29
-27
-29
-26
-18
-9
-4
-5
-8
-5
0
3
-1
-7
-10
-8
-5
-9
-17
-26
-27
-27
-28
-34
-41
-43
-41
-36
-34
-35
-36
-32
-24
-19
-20
-22
-23
-18
-12
-10
-15
-19
-18
-15
-14
-17
-23
-26
-24
-21
-21
-24
-27
-26
-22
-17
-16
-17
-12
-6
5
14
18
22
27
34
41
40
38
36
37
41
40
40
37
37
40
42
43
38
33
32
31
29
25
19
14
13
12
9
2
-4
-7
-9
-9
-15
-21
-27
-29
-28
-31
-36
-40
-43
-40
-35
-32
-32
-29
-24
-19
-17
-18
-18
-15
-9
-6
-4
-5
-3
0
4
5
2
-2
-6
-9
-13
-19
-27
-32
-33
-30
-29
-27
-26
-21
-15
-8
-4
-2
2
7
16
23
28
32
37
45
53
60
63
66
68
71
72
68
62
56
50
45
41
34
26
22
20
19
16
12
7
6
6
6
4
2
2
5
10
14
15
15
17
20
22
20
13
9
4
2
-3
-11
-17
-23
-25
-28
-33
-40
-49
-52
-54
-58
-64
-69
-69
-66
-60
-57
-56
-50
-41
-30
-23
-20
-16
-10
-3
5
8
8
10
15
20
22
19
16
18
21
23
21
17
17
21
24
25
23
20
24
28
32
35
35
38
44
51
55
56
56
58
62
62
56
50
44
41
40
34
24
16
11
9
7
1
-8
-11
-13
-12
-15
-23
-29
-31
-31
-33
-39
-45
-49
-48
-47
-48
-53
-56
-53
-50
-50
-51
-54
-53
-48
-44
-43
-45
-43
-36
-26
-19
-17
-13
-6
4
15
20
21
24
30
35
35
29
21
17
15
10
2
-8
-17
-20
-22
-26
-33
-39
-40
-37
-33
-34
-34
-32
-24
-17
-11
-8
-4
7
18
29
35
38
44
52
59
60
54
49
47
46
41
33
24
19
19
17
13
6
2
3
6
5
2
-2
1
6
8
7
7
10
16
21
20
16
13
12
10
3
-7
-16
-19
-20
-21
-24
-27
-26
-23
-22
-26
-33
-38
-40
-43
-46
-50
-52
-48
-38
-31
-24
-15
-6
5
10
8
1
-5
-9
-15
-24
-32
-38
-36
-32
-29
-26
-24
-17
-9
-5
-5
-9
-9
-5
-2
0
-2
0
9
20
31
37
42
49
58
64
63
59
57
58
60
57
50
45
45
46
47
42
36
33
35
39
37
32
33
38
47
51
50
49
50
53
53
43
32
22
18
16
8
-3
-9
-11
-11
-13
-21
-32
-39
-45
-50
-60
-72
-80
-80
-75
-72
-70
-66
-56
-43
-34
-32
-33
-33
-32
-32
-33
-37
-39
-39
-33
-26
-25
-25
-23
-17
-14
-16
-21
-26
-26
-22
-18
-16
-12
-1
16
30
40
47
53
61
69
67
62
56
56
58
58
57
52
55
60
63
60
51
41
35
28
15
-1
-14
-21
-22
-23
-30
-36
-36
-32
-29
-31
-39
-45
-46
-45
-45
-49
-56
-54
-47
-41
-39
-42
-41
-37
-29
-24
-24
-24
-20
-11
-1
5
4
4
7
12
11
2
-9
-15
-17
-16
-18
-25
-26
-20
-7
1
1
-3
-3
3
5
-1
-15
-24
-24
-15
-10
-12
-12
-1
16
31
35
30
27
29
34
29
13
-1
-5
2
7
4
-4
-2
10
21
24
17
10
14
23
27
22
16
15
24
34
34
27
21
25
32
31
21
8
3
7
9
4
-6
-11
-8
-2
-4
-15
-27
-32
-30
-28
-34
-42
-42
-34
-20
-13
-14
-16
-12
-2
2
-5
-19
-29
-27
-25
-28
-38
-44
-37
-26
-18
-23
-32
-34
-26
-21
-26
-37
-41
-31
-16
-5
-2
3
16
36
50
51
43
42
49
57
54
40
34
38
49
53
45
36
35
42
45
35
18
7
8
11
9
-2
-9
-2
13
23
22
16
16
27
36
33
23
14
16
29
34
25
16
14
21
25
17
0
-14
-14
-10
-14
-27
-39
-41
-30
-26
-34
-46
-53
-49
-44
-48
-63
-73
-71
-59
-51
-52
-59
-55
-43
-31
-31
-44
-55
-54
-47
-47
-54
-63
-57
-40
-21
-12
-11
-5
10
27
32
28
20
22
34
45
47
44
50
68
88
95
93
89
90
97
97
83
66
56
55
57
54
43
38
42
52
54
45
33
28
31
31
25
12
6
9
19
22
16
10
12
18
20
11
-4
-15
-18
-14
-16
-27
-36
-33
-23
-16
-18
-27
-31
-30
-27
-31
-42
-52
-51
-41
-34
-34
-39
-37
-26
-15
-14
-21
-31
-31
-26
-25
-35
-47
-48
-41
-32
-29
-33
-34
-27
-17
-11
-16
-19
-17
-7
2
3
3
4
13
26
32
30
29
33
40
45
41
33
29
33
38
37
30
26
27
31
34
30
24
23
28
31
31
27
25
27
33
36
34
32
32
37
42
40
34
31
31
33
29
19
9
1
-3
-10
-22
-33
-41
-47
-51
-57
-64
-68
-69
-70
-71
-76
-80
-81
-79
-79
-81
-81
-78
-68
-61
-55
-49
-40
-29
-20
-15
-13
-11
-9
-7
-6
-10
-12
-10
-5
0
0
1
4
11
15
17
14
14
15
17
18
16
14
15
23
28
32
32
34
41
46
48
47
42
43
46
46
43
38
36
39
44
43
39
36
36
39
40
36
31
27
27
30
26
20
13
11
13
11
3
-5
-9
-9
-7
-11
-16
-20
-20
-16
-17
-23
-32
-35
-33
-30
-35
-42
-44
-40
-35
-32
-33
-36
-34
-26
-20
-20
-25
-26
-24
-19
-16
-20
-23
-19
-9
0
1
-3
-1
5
13
14
8
1
1
6
9
4
-2
0
7
17
21
18
18
24
33
38
33
26
27
33
39
37
31
28
33
42
44
39
33
33
39
39
33
22
14
12
13
7
-4
-14
-15
-10
-11
-17
-27
-28
-24
-19
-21
-30
-36
-34
-31
-32
-40
-49
-52
-46
-41
-45
-52
-51
-44
-34
-30
-33
-36
-33
-26
-21
-27
-35
-36
-30
-22
-23
-26
-27
-19
-7
0
-3
-7
-6
1
6
-2
-10
-15
-11
-2
0
-4
-6
1
15
25
24
21
24
33
42
42
33
30
39
52
59
59
56
60
73
81
78
66
58
60
66
61
46
31
27
30
31
21
4
-3
-1
5
1
-13
-23
-24
-15
-11
-17
-28
-31
-22
-14
-16
-29
-39
-34
-22
-16
-21
-31
-31
-20
-11
-12
-25
-34
-34
-26
-25
-37
-50
-50
-37
-21
-16
-18
-15
-1
15
21
12
-1
-2
7
12
5
-6
-10
-1
13
17
10
4
7
17
17
7
-10
-20
-17
-13
-13
-20
-23
-12
5
16
18
16
21
33
40
40
28
22
27
34
36
30
24
28
38
44
41
30
24
26
30
27
16
9
9
13
16
12
5
6
13
21
20
15
12
17
27
27
22
14
11
14
14
6
-6
-16
-18
-16
-21
-30
-39
-44
-40
-40
-49
-59
-67
-67
-66
-70
-78
-84
-81
-69
-59
-55
-49
-40
-24
-8
-4
-3
-3
-1
9
12
8
11
13
25
39
41
42
45
46
55
59
51
43
38
41
51
53
42
44
56
67
70
58
50
61
57
43
39
25
30
38
26
21
22
15
4
5
-6
-8
-4
-28
-27
-19
-23
-12
-20
-29
-2
3
3
4
-13
-12
-7
-14
-26
-34
-44
-34
-30
-52
-63
-63
-61
-70
-81
-90
-87
-79
-83
-79
-74
-80
-92
-72
-50
-48
-50
-64
-53
-21
-25
-28
-12
-12
19
50
40
43
50
53
77
71
30
38
53
60
65
34
34
62
70
69
69
57
57
87
68
43
54
33
31
37
18
40
36
9
13
25
29
16
3
-4
34
40
-14
-8
4
0
14
-28
-35
-5
-23
-17
-19
-30
-26
-38
-50
-30
-12
-40
-53
-44
-32
-24
-46
-76
-42
-17
-41
-45
-56
-29
-21
-42
-42
-53
-18
0
-4
15
6
4
21
26
56
31
-2
46
47
36
16
11
12
19
38
26
64
41
35
61
19
30
4
-14
55
49
32
31
19
67
46
6
4
8
41
47
18
15
30
2
16
4
-43
-17
0
7
24
-25
-53
5
-30
-51
-15
-27
-9
-38
-39
37
-2
-53
-47
-75
-55
-33
-46
-69
-57
-39
-30
2
-44
-40
5
-39
-18
0
-70
29
48
-49
21
16
-15
-13
-50
-44
25
-9
-28
78
65
58
61
-2
4
48
-7
7
23
-56
-2
-25
-47
-25
-39
-15
17
59
-1
-9
30
-4
22
10
0
66
55
55
59
42
32
3
13
20
60
14
26
101
-13
-5
4
-69
-27
-44
-54
-36
-68
-61
-64
-109
-123
-72
1
0
5
48
69
48
54
19
-53
17
62
54
98
33
-3
48
-6
-16
-9
-13
27
68
88
13
-12
19
22
-30
-46
-43
-50
-13
-29
-74
-38
-39
-41
-17
-57
-87
-83
-81
-76
-89
-66
-4
42
32
-44
-43
-49
-31
-44
-18
51
31
74
15
10
19
-37
-36
-22
1
-31
-17
80
76
102
39
-20
-1
-58
52
16
-54
82
23
69
59
2
94
-24
-104
-23
40
53
85
-33
-150
-106
-106
-95
-60
-45
117
173
-72
-115
-27
-90
50
94
2
111
70
17
43
-9
-37
16
-16
18
102
44
-56
-27
-11
-12
-37
-74
-12
52
96
14
44
-33
-42
-7
-103
17
47
26
126
107
79
101
-67
-137
-92
-176
-107
96
110
142
81
-49
-4
-18
-82
-28
25
-7
14
2
-18
121
229
135
106
19
-44
78
39
-50
-98
-141
-106
-96
-58
24
-27
13
54
63
132
49
-20
-43
-93
6
64
-18
148
216
63
-54
-149
-107
-118
-165
-65
-42
-66
19
41
41
113
-19
-134
-78
-90
34
55
-43
54
117
166
238
180
82
27
-100
-244
-210
-166
-117
-141
-172
-127
-107
55
68
39
144
34
-103
-34
4
42
79
13
24
78
72
75
141
163
135
168
129
-2
-24
-22
-39
32
25
26
83
91
38
-24
-44
-102
-87
-18
40
74
44
56
101
99
61
4
-30
25
5
-117
-103
-135
-104
85
77
43
164
158
27
43
34
-77
-140
-170
-156
-19
34
44
71
56
54
-8
-78
-172
-122
-67
-74
-15
39
50
-42
-137
-176
-162
-54
-60
-104
-86
-92
-37
-32
-62
-111
-35
-35
-41
141
74
-7
-2
-79
-56
32
86
43
-27
-60
-57
37
89
64
102
152
178
237
171
-6
-121
-193
-189
-202
-139
60
175
179
137
105
60
-22
-142
-197
-116
-103
-68
39
134
229
246
201
36
-14
39
14
17
-41
-70
-17
-10
-6
133
106
-61
-40
-70
-85
-56
-117
-160
-202
-194
-79
2
46
145
134
83
-7
-94
-36
-73
-103
-28
76
167
164
111
80
70
61
68
20
-72
-55
11
-8
5
-25
-23
83
113
124
126
108
61
-48
-117
-145
-161
-103
-51
-39
-10
24
46
33
-47
-55
-55
-71
-48
30
47
2
21
-19
1
44
38
55
65
73
107
90
83
20
-72
-48
-50
-102
-86
-37
-19
-43
-104
-105
-120
-141
-77
-16
33
75
25
65
48
2
59
61
107
191
214
197
171
90
38
34
-30
-25
-6
-53
-49
-49
-64
-14
21
5
17
-35
-99
-110
-101
-99
-58
-18
-7
54
103
110
78
5
-37
-29
-40
-3
18
0
25
46
40
33
12
-27
-46
-64
-116
-149
-161
-164
-161
-140
-97
-108
-84
-50
-82
-129
-127
-125
-115
-126
-166
-116
-73
-11
60
64
89
109
102
108
120
133
150
134
126
144
114
104
73
30
40
39
25
12
-23
-43
-38
-62
-109
-130
-118
-93
-52
-22
-8
37
79
107
112
100
96
85
113
124
106
99
78
86
111
90
58
31
6
25
14
-28
-34
-26
-14
9
23
-15
-52
-67
-106
-107
-98
-89
-47
-41
-36
-36
-44
2
0
-17
0
2
13
29
29
39
38
12
22
21
10
8
-40
-83
-78
-85
-84
-63
-74
-71
-39
-19
-4
1
28
89
143
141
130
122
100
94
72
39
-15
-47
-68
-84
-98
-120
-118
-108
-123
-99
-75
-81
-74
-58
-59
-62
-36
-47
-43
-46
-50
-35
-29
-3
2
5
10
6
9
29
42
48
62
65
81
97
108
117
122
134
120
94
70
72
51
60
110
106
102
110
113
103
111
95
73
50
34
44
34
37
66
66
55
85
94
86
110
114
81
67
73
55
83
98
73
84
49
48
62
27
26
18
-12
-36
-46
-78
-120
-143
-162
-145
-173
-189
-166
-179
-145
-94
-67
-43
-19
-12
-1
10
-19
-55
-105
-149
-172
-205
-217
-208
-214
-218
-206
-211
-218
-198
-177
-175
-176
-172
-166
-134
-104
-99
-84
-94
-126
-118
-133
-165
-168
-187
-206
-236
-268
-258
-236
-236
-223
-195
-181
-151
-73
-17
1
66
117
144
187
221
241
248
250
245
230
213
244
239
236
262
244
244
234
255
276
272
280
269
268
250
260
256
232
265
286
281
279
287
293
315
348
339
324
322
335
347
326
323
306
270
259
249
227
190
179
158
125
125
90
47
20
-25
-55
-73
-118
-155
-204
-274
-295
-312
-343
-355
-352
-354
-360
-361
-370
-355
-329
-329
-323
-333
-349
-360
-407
-469
-546
-638
-720
-798
-871
-923
-966
-997
-1019
-1028
-1010
-998
-999
-1016
-1047
-1080
-1135
-1188
-1221
-1256
-1252
-1240
-1224
-1174
-1122
-1059
-1008
-1011
-1031
-1056
-1100
-1104
-1084
-1079
-1033
-943
-876
-772
-537
-111
515
1194
1806
2373
2944
3446
3781
3908
3858
3655
3294
2800
2281
1806
1408
1040
632
299
104
-2
-23
8
-7
-69
-139
-175
-180
-156
-65
42
115
217
401
612
821
1008
1073
1044
991
919
793
636
473
286
88
-72
-173
-225
-165
-39
37
65
115
185
234
263
276
265
241
192
151
152
188
219
198
135
68
27
-21
-70
-146
-237
-310
-385
-440
-448
-437
-449
-483
-538
-607
-670
-751
-880
-1045
-1240
-1421
-1521
-1567
-1584
-1552
-1505
-1428
-1301
-1188
-1109
-1055
-1070
-1085
-1132
-1241
-1307
-1353
-1440
-1510
-1563
-1655
-1692
-1707
-1751
-1738
-1739
-1797
-1849
-1924
-1995
-1982
-1991
-2002
-1904
-1872
-1819
-1501
-879
88
1237
2265
3181
4108
4923
5542
5879
5834
5489
4854
3969
3037
2161
1377
673
-25
-645
-1003
-1101
-1015
-832
-731
-701
-675
-666
-576
-426
-293
-139
-11
132
390
729
1134
1562
1806
1867
1907
1862
1760
1551
1162
715
247
-196
-565
-858
-1008
-1027
-1057
-1095
-1024
-875
-668
-465
-388
-356
-282
-188
-68
48
166
302
392
459
557
658
727
728
608
414
238
66
-89
-223
-338
-423
-490
-475
-418
-331
-215
-140
-93
-58
-5
62
138
220
317
441
580
719
833
872
829
761
617
399
192
-47
-300
-530
-748
-883
-911
-892
-842
-746
-688
-572
-394
-325
-287
-282
-339
-383
-448
-565
-668
-766
-881
-996
-1118
-1209
-1230
-1254
-1299
-1335
-1379
-1402
-1407
-1439
-1502
-1563
-1626
-1723
-1828
-1881
-1879
-1872
-1877
-1861
-1826
-1790
-1747
-1708
-1703
-1752
-1835
-1975
-2129
-2284
-2466
-2534
-2200
-1290
-44
1170
2350
3561
4747
5779
6449
6703
6572
6027
5104
3956
2818
1871
994
53
-721
-1202
-1406
-1228
-879
-641
-496
-379
-268
-86
101
188
229
233
288
451
675
1067
1531
1791
1851
1833
1774
1704
1532
1069
405
-224
-738
-1161
-1468
-1606
-1622
-1577
-1477
-1243
-897
-491
-123
45
84
143
225
269
289
267
228
212
217
296
401
509
552
437
258
137
49
-49
-162
-307
-446
-493
-428
-292
-137
-18
49
102
151
190
208
184
129
17
-119
-185
-139
-50
64
203
332
451
580
671
635
528
362
101
-163
-375
-538
-617
-662
-698
-640
-502
-327
-142
-38
9
44
-35
-172
-296
-511
-744
-934
-1135
-1264
-1286
-1302
-1304
-1275
-1267
-1244
-1210
-1202
-1213
-1289
-1400
-1452
-1466
-1481
-1471
-1473
-1518
-1573
-1607
-1628
-1618
-1549
-1512
-1536
-1572
-1591
-1585
-1568
-1586
-1695
-1820
-1952
-2126
-2311
-2373
-1964
-974
258
1417
2602
3802
4981
6038
6574
6673
6427
5717
4669
3527
2431
1434
527
-410
-1094
-1375
-1348
-965
-506
-202
10
231
418
622
745
645
518
405
367
421
589
877
1180
1371
1378
1381
1367
1312
1076
528
-125
-693
-1105
-1455
-1709
-1852
-1855
-1733
-1534
-1195
-774
-333
-23
89
139
238
319
318
283
193
135
151
191
271
371
439
406
285
127
26
-76
-211
-344
-502
-578
-512
-361
-218
-89
-3
63
172
254
255
190
112
56
-7
-80
-89
-20
63
142
195
288
472
646
687
595
450
261
91
-100
-298
-471
-640
-738
-756
-656
-483
-334
-270
-235
-185
-181
-165
-196
-328
-470
-592
-701
-746
-746
-774
-800
-856
-912
-924
-917
-887
-867
-925
-1057
-1160
-1233
-1235
-1222
-1300
-1379
-1424
-1456
-1462
-1440
-1454
-1493
-1525
-1551
-1531
-1515
-1550
-1601
-1741
-1923
-2058
-2233
-2475
-2743
-2765
-2151
-931
411
1608
2851
4107
5319
6247
6617
6576
6054
5052
3729
2409
1255
264
-645
-1582
-2112
-2168
-1824
-1170
-602
-225
50
347
649
991
1141
1025
911
848
904
1069
1339
1637
1849
1843
1718
1587
1392
1085
443
-421
-1230
-1782
-2123
-2341
-2391
-2307
-1985
-1553
-1020
-377
282
835
1063
1076
1065
1130
1091
891
617
300
148
116
111
126
124
52
-80
-222
-352
-427
-541
-702
-818
-850
-751
-494
-212
24
227
368
529
700
784
725
588
424
259
149
79
73
71
55
40
99
251
403
470
390
259
128
55
-30
-157
-251
-330
-366
-377
-295
-143
16
78
27
7
-31
-69
-157
-337
-579
-796
-950
-1065
-1096
-1135
-1157
-1164
-1161
-1143
-1129
-1132
-1190
-1294
-1418
-1450
-1414
-1350
-1299
-1316
-1334
-1325
-1289
-1272
-1314
-1411
-1499
-1544
-1581
-1627
-1653
-1673
-1717
-1784
-1804
-1728
-1681
-1707
-1884
-2116
-2289
-2159
-1380
-170
1047
2045
3108
4242
5341
6140
6284
6033
5335
4241
2966
1791
749
-218
-1084
-1970
-2334
-2137
-1603
-921
-353
62
394
838
1232
1629
1752
1561
1374
1298
1421
1569
1736
1772
1737
1560
1291
1088
803
400
-343
-1131
-1729
-2019
-2048
-2042
-1943
-1719
-1225
-669
-54
584
1058
1329
1326
1206
1083
1020
824
474
97
-191
-258
-238
-213
-233
-256
-328
-400
-439
-481
-490
-559
-619
-609
-469
-227
59
333
500
628
706
793
830
735
526
256
62
-47
-109
-170
-193
-160
-112
-59
17
118
209
244
196
140
144
172
125
28
-68
-140
-158
-185
-210
-218
-229
-307
-417
-509
-558
-538
-587
-673
-730
-758
-771
-759
-774
-872
-973
-1085
-1150
-1188
-1230
-1285
-1353
-1353
-1315
-1245
-1196
-1145
-1127
-1146
-1185
-1241
-1256
-1305
-1387
-1473
-1516
-1496
-1404
-1302
-1225
-1120
-1059
-1027
-1006
-1033
-1142
-1366
-1709
-2035
-2239
-2423
-2585
-2489
-1777
-500
878
2114
3348
4547
5553
6203
6298
5994
5279
4161
2839
1590
538
-318
-990
-1596
-1755
-1497
-1028
-366
272
759
1019
1219
1395
1608
1656
1471
1330
1257
1345
1498
1650
1741
1742
1567
1220
868
487
61
-602
-1332
-1802
-1923
-1824
-1675
-1426
-1038
-457
82
542
972
1253
1311
1134
884
640
446
163
-203
-515
-719
-768
-762
-741
-747
-767
-814
-862
-894
-908
-913
-947
-887
-734
-471
-132
223
553
812
984
1044
1102
1058
876
613
303
62
-124
-263
-397
-458
-464
-440
-351
-248
-99
53
163
211
244
324
386
339
215
114
41
-35
-146
-265
-366
-454
-516
-530
-514
-487
-422
-420
-462
-472
-508
-586
-675
-794
-961
-1105
-1235
-1326
-1357
-1368
-1352
-1287
-1196
-1088
-985
-941
-884
-862
-900
-943
-974
-978
-999
-1012
-1012
-958
-894
-887
-879
-864
-803
-767
-827
-948
-1142
-1354
-1563
-1825
-2112
-2393
-2638
-2880
-2903
-2305
-1104
335
1571
2759
4011
5156
6068
6413
6265
5603
4525
3223
1963
949
-14
-805
-1532
-1903
-1727
-1242
-575
19
494
738
984
1280
1546
1643
1395
1148
1075
1206
1336
1423
1478
1487
1407
1165
951
702
399
-139
-816
-1343
-1574
-1551
-1547
-1497
-1386
-1039
-568
-149
237
490
608
502
367
246
145
11
-235
-477
-651
-652
-565
-432
-370
-380
-414
-460
-448
-424
-385
-419
-403
-299
-96
165
413
658
778
830
795
767
729
580
317
-5
-194
-278
-275
-282
-295
-231
-97
73
225
411
531
556
488
385
346
320
226
58
-57
-150
-211
-244
-325
-394
-456
-529
-584
-580
-546
-527
-527
-569
-573
-531
-532
-549
-602
-717
-846
-949
-971
-971
-1008
-1062
-1047
-928
-800
-710
-705
-769
-855
-984
-1118
-1229
-1332
-1423
-1504
-1493
-1376
-1176
-951
-823
-746
-700
-691
-739
-833
-957
-1209
-1518
-1821
-2078
-2251
-2400
-2486
-2542
-2592
-2328
-1406
-36
1227
2268
3262
4210
5101
5694
5786
5434
4640
3619
2579
1643
833
163
-450
-1096
-1367
-1185
-745
-224
162
384
485
678
1008
1321
1404
1250
1163
1226
1376
1539
1651
1674
1548
1297
1005
714
446
74
-492
-1089
-1473
-1567
-1537
-1502
-1451
-1256
-872
-469
-107
218
477
594
571
522
499
479
398
230
27
-115
-131
-72
-59
-124
-218
-272
-286
-280
-264
-323
-416
-427
-339
-218
-68
114
246
347
402
463
571
625
572
439
343
291
280
265
212
196
193
215
252
274
271
227
120
-35
-141
-221
-326
-455
-591
-657
-647
-615
-599
-602
-583
-527
-465
-424
-368
-318
-276
-217
-178
-160
-152
-168
-239
-375
-575
-764
-912
-1069
-1216
-1331
-1406
-1393
-1293
-1186
-1092
-1000
-928
-875
-844
-834
-844
-878
-946
-1033
-1094
-1084
-1011
-929
-852
-816
-812
-812
-851
-923
-1021
-1187
-1407
-1603
-1760
-1917
-2013
-2040
-2091
-2164
-2228
-1962
-1141
24
1166
2136
3118
4071
4994
5633
5786
5583
4982
4118
3083
2143
1291
475
-274
-994
-1298
-1215
-865
-455
-121
103
231
497
806
1076
1094
950
855
901
1093
1269
1467
1565
1573
1435
1253
1098
862
492
-179
-866
-1339
-1512
-1535
-1567
-1522
-1350
-951
-522
-66
383
693
831
807
770
741
707
531
270
18
-107
-73
-26
-16
-81
-159
-278
-378
-482
-624
-791
-987
-1043
-989
-843
-622
-335
0
319
616
857
1086
1196
1125
930
691
486
302
86
-143
-245
-250
-221
-182
-129
-77
-74
-152
-305
-397
-454
-539
-651
-730
-701
-592
-462
-345
-201
-45
90
194
274
301
276
214
102
-47
-235
-418
-626
-813
-976
-1145
-1267
-1345
-1358
-1353
-1347
-1327
-1240
-1088
-988
-921
-854
-776
-706
-693
-730
-754
-775
-840
-941
-1054
-1143
-1158
-1152
-1213
-1252
-1233
-1228
-1234
-1239
-1243
-1285
-1378
-1500
-1642
-1762
-1874
-1967
-2068
-2112
-1691
-695
570
1726
2778
3865
4904
5831
6308
6295
5833
4998
3970
2799
1693
645
-228
-1051
-1693
-1843
-1635
-1138
-629
-195
41
255
600
916
1098
988
869
855
1015
1245
1456
1645
1695
1683
1518
1339
1116
790
245
-485
-1047
-1371
-1421
-1465
-1489
-1402
-1128
-665
-246
180
498
703
729
645
601
519
418
216
17
-109
-107
28
132
158
52
-108
-288
-464
-622
-836
-1075
-1249
-1232
-1070
-815
-456
-56
307
599
889
1150
1321
1340
1166
915
676
485
289
81
-117
-270
-346
-382
-367
-333
-335
-409
-502
-547
-532
-468
-409
-357
-279
-142
13
169
297
350
339
293
219
102
-28
-207
-400
-571
-735
-870
-944
-980
-1029
-1065
-1116
-1124
-1067
-988
-902
-838
-776
-706
-623
-606
-608
-624
-731
-883
-1050
-1199
-1320
-1392
-1417
-1404
-1370
-1298
-1123
-966
-859
-765
-765
-819
-849
-862
-988
-1228
-1527
-1835
-2090
-2351
-2529
-2630
-2451
-1599
-236
1149
2326
3532
4735
5788
6453
6540
6199
5379
4285
3065
1823
697
-214
-1006
-1773
-2060
-1896
-1475
-977
-548
-226
-10
293
625
905
885
776
833
1014
1299
1563
1850
1995
2046
1935
1699
1434
1050
543
-236
-940
-1383
-1557
-1608
-1666
-1583
-1332
-858
-419
-9
367
608
712
657
590
538
490
338
165
35
-15
63
135
120
17
-73
-208
-359
-506
-661
-775
-860
-819
-671
-431
-129
219
544
774
1006
1211
1316
1267
1089
842
615
423
214
16
-137
-218
-258
-256
-237
-167
-97
-143
-222
-275
-268
-256
-288
-360
-387
-289
-194
-134
-86
-82
-89
-90
-103
-151
-221
-308
-422
-526
-624
-706
-770
-870
-980
-1072
-1150
-1176
-1158
-1155
-1181
-1170
-1107
-1012
-916
-881
-869
-839
-864
-917
-979
-1079
-1160
-1254
-1346
-1391
-1363
-1312
-1257
-1157
-1037
-853
-748
-746
-791
-885
-985
-1171
-1453
-1763
-2057
-2394
-2639
-2696
-2347
-1313
38
1261
2371
3599
4826
5921
6485
6356
5916
5094
4023
2852
1712
667
-182
-914
-1571
-1659
-1381
-941
-486
-157
76
283
623
907
1031
855
701
775
988
1295
1520
1738
1868
1944
1902
1812
1626
1231
680
-99
-667
-954
-1143
-1368
-1564
-1513
-1224
-742
-369
-22
282
448
539
541
534
482
376
162
-23
-81
-20
91
89
29
-39
-81
-152
-259
-412
-624
-795
-874
-786
-628
-428
-161
111
399
681
952
1119
1138
1037
864
721
576
433
259
75
-16
-52
-90
-159
-184
-182
-210
-289
-410
-470
-506
-551
-611
-608
-510
-354
-182
-78
18
70
65
30
-30
-126
-286
-436
-586
-673
-701
-741
-790
-852
-886
-927
-979
-1043
-1122
-1209
-1293
-1322
-1304
-1268
-1230
-1197
-1150
-1107
-1072
-995
-927
-934
-970
-996
-1036
-1058
-1045
-1055
-1086
-1132
-1095
-959
-909
-1024
-1123
-1204
-1460
-1778
-2070
-2342
-2704
-2915
-2366
-1107
259
1412
2639
3917
5173
6258
6724
6607
5951
4963
3811
2584
1414
461
-359
-1302
-1751
-1544
-1115
-638
-183
126
258
482
777
1051
998
691
578
679
940
1268
1620
1811
1914
1952
1861
1730
1462
1030
260
-597
-1158
-1371
-1460
-1636
-1686
-1491
-1002
-451
53
526
822
914
818
719
643
509
222
-136
-396
-462
-309
-179
-148
-159
-147
-120
-114
-134
-221
-367
-570
-628
-496
-307
-92
151
392
611
833
1022
1150
1096
869
635
458
348
249
107
-22
-33
41
111
158
173
145
48
-145
-300
-373
-479
-619
-767
-819
-719
-517
-326
-188
-73
2
96
127
54
-49
-190
-383
-575
-730
-859
-914
-957
-999
-990
-977
-992
-1014
-1071
-1206
-1325
-1434
-1506
-1559
-1643
-1679
-1653
-1563
-1473
-1358
-1234
-1092
-930
-880
-841
-802
-753
-727
-735
-708
-737
-776
-829
-883
-965
-1079
-1281
-1588
-1900
-2229
-2470
-2693
-2590
-1753
-378
912
2019
3347
4628
5805
6559
6672
6376
5628
4591
3352
2190
1117
258
-509
-1270
-1421
-1132
-727
-330
10
146
173
321
503
612
435
272
330
625
1068
1529
1934
2149
2294
2221
2006
1691
1244
587
-331
-1101
-1544
-1682
-1768
-1816
-1694
-1340
-815
-341
91
437
672
702
586
475
408
320
122
-49
-110
21
209
318
288
209
162
44
-95
-278
-447
-627
-705
-617
-434
-157
107
423
673
823
924
970
943
757
509
268
155
152
147
133
147
269
370
377
338
300
221
69
-128
-287
-339
-394
-448
-473
-437
-319
-196
-161
-208
-232
-311
-399
-509
-654
-718
-775
-792
-763
-699
-649
-638
-669
-739
-770
-862
-1012
-1135
-1273
-1411
-1529
-1621
-1662
-1701
-1724
-1675
-1583
-1497
-1409
-1276
-1166
-1080
-1033
-1008
-915
-816
-751
-724
-693
-622
-547
-580
-752
-945
-1104
-1340
-1639
-1924
-2223
-2456
-2563
-2167
-1084
324
1603
2697
3907
5043
6021
6525
6417
5906
4989
3917
2757
1752
916
185
-543
-1116
-1102
-821
-496
-271
-128
-102
-152
-77
154
387
369
448
704
1149
1731
2247
2548
2574
2486
2151
1721
1157
506
-214
-1114
-1791
-2055
-1936
-1788
-1625
-1358
-965
-449
-39
305
495
538
444
324
297
367
474
457
431
469
658
815
795
621
338
41
-311
-573
-771
-922
-1039
-1028
-791
-460
-44
323
617
784
833
801
699
590
405
201
-2
-47
94
278
427
534
654
695
671
575
454
314
97
-142
-352
-403
-337
-251
-230
-246
-220
-197
-227
-352
-525
-725
-920
-1060
-1105
-1047
-940
-838
-739
-589
-422
-288
-245
-297
-433
-629
-800
-933
-1060
-1220
-1375
-1496
-1584
-1634
-1672
-1704
-1740
-1765
-1742
-1661
-1538
-1404
-1301
-1221
-1129
-955
-702
-474
-299
-197
-159
-141
-127
-224
-451
-693
-1026
-1424
-1735
-1958
-2136
-2301
-2218
-1497
-195
1169
2293
3335
4276
5045
5544
5560
5197
4518
3602
2592
1718
1180
857
509
33
-212
-129
38
127
72
-78
-353
-599
-599
-306
36
344
681
1088
1652
2220
2602
2629
2393
1953
1392
801
236
-184
-668
-1154
-1452
-1386
-1065
-788
-613
-553
-450
-384
-320
-233
-191
-182
-213
-143
54
419
792
1019
1075
1022
963
804
538
187
-193
-611
-957
-1111
-1091
-922
-734
-508
-274
-34
212
438
545
464
332
161
59
82
166
233
277
367
512
713
839
864
776
622
468
349
286
204
106
-19
-102
-133
-101
-60
-107
-200
-339
-468
-559
-575
-572
-566
-546
-544
-454
-322
-193
-146
-196
-302
-421
-493
-611
-741
-912
-1092
-1200
-1247
-1242
-1230
-1202
-1242
-1288
-1289
-1313
-1389
-1504
-1548
-1534
-1463
-1358
-1232
-1064
-867
-660
-494
-312
-161
-78
-58
-151
-269
-368
-492
-706
-958
-1228
-1507
-1710
-1844
-1855
-1818
-1802
-1747
-1432
-558
702
1851
2692
3456
4124
4591
4860
4733
4321
3771
3018
2160
1577
1335
1106
750
319
50
-78
-199
-297
-410
-541
-679
-733
-580
-61
647
1179
1506
1759
2039
2247
2280
2074
1637
1092
556
114
-164
-221
-290
-484
-653
-684
-612
-568
-606
-755
-905
-986
-958
-790
-489
-79
266
525
788
1072
1277
1307
1117
725
297
-99
-444
-663
-727
-749
-753
-638
-403
-141
81
214
184
78
8
-25
-62
-42
49
98
174
330
551
777
952
986
867
772
700
638
578
513
414
262
142
88
78
11
-124
-297
-458
-533
-532
-543
-584
-586
-608
-615
-552
-425
-328
-321
-351
-383
-335
-278
-258
-316
-472
-651
-831
-970
-1091
-1186
-1289
-1403
-1466
-1494
-1459
-1407
-1387
-1392
-1371
-1319
-1229
-1053
-889
-827
-800
-785
-818
-788
-659
-558
-538
-483
-398
-408
-480
-533
-621
-886
-1208
-1458
-1673
-1781
-1765
-1736
-1709
-1577
-1312
-730
300
1477
2419
3080
3586
3952
4158
4181
4072
3797
3362
2847
2332
2025
1942
1826
1383
780
258
-170
-463
-653
-759
-856
-881
-778
-499
50
724
1280
1543
1639
1684
1682
1641
1543
1373
1095
791
536
398
381
366
160
-245
-617
-875
-1061
-1182
-1203
-1186
-1139
-971
-700
-309
174
600
805
848
853
827
793
742
652
490
295
150
98
169
243
172
-20
-179
-272
-347
-368
-384
-419
-422
-374
-279
-77
211
439
588
718
859
977
1060
1122
1107
984
776
529
275
95
-9
-149
-322
-443
-491
-530
-564
-572
-605
-726
-873
-967
-1028
-1045
-1013
-968
-931
-840
-710
-604
-489
-357
-284
-354
-478
-584
-679
-801
-976
-1161
-1324
-1405
-1415
-1410
-1478
-1579
-1664
-1757
-1775
-1703
-1570
-1423
-1252
-1090
-925
-729
-545
-383
-348
-384
-432
-525
-609
-552
-443
-527
-696
-858
-1043
-1252
-1438
-1531
-1583
-1591
-1459
-866
239
1457
2427
3134
3705
4073
4188
4048
3776
3551
3359
3032
2605
2433
2545
2531
2136
1629
1186
592
-80
-600
-939
-1104
-1034
-883
-730
-346
245
712
894
1017
1192
1196
1039
992
1104
1212
1283
1275
1146
1028
945
699
256
-166
-488
-827
-1147
-1236
-1112
-947
-826
-718
-570
-384
-221
-132
-53
87
280
458
574
726
930
1051
1005
877
765
635
453
267
158
120
110
83
14
-45
-62
-136
-299
-444
-496
-477
-400
-253
-24
275
548
718
847
951
959
839
657
478
285
121
24
-46
-138
-227
-326
-504
-678
-832
-1067
-1349
-1524
-1557
-1560
-1520
-1427
-1330
-1246
-1105
-918
-827
-776
-692
-616
-571
-517
-481
-562
-700
-869
-1058
-1252
-1425
-1595
-1779
-1877
-1888
-1843
-1754
-1603
-1464
-1354
-1229
-1131
-1033
-902
-758
-695
-606
-390
-223
-148
-33
26
-192
-443
-609
-848
-1044
-1130
-1244
-1206
-507
649
1576
2122
2618
3073
3172
3135
3195
3190
3112
3141
3107
2982
3174
3468
3284
2609
1997
1542
998
531
322
178
-91
-257
-296
-311
-217
-130
-283
-687
-881
-717
-486
-246
160
617
891
1105
1283
1363
1375
1209
835
439
238
247
289
249
218
178
-46
-344
-573
-785
-983
-1162
-1332
-1309
-993
-572
-201
90
325
511
580
563
604
674
660
622
637
716
883
1048
1078
975
793
570
297
10
-193
-311
-450
-590
-597
-516
-387
-237
-171
-175
-131
-15
99
223
359
478
541
544
580
595
522
369
146
-101
-295
-430
-598
-748
-908
-1110
-1294
-1429
-1494
-1506
-1491
-1487
-1459
-1385
-1276
-1178
-1135
-1072
-1012
-1027
-1067
-1074
-1068
-1063
-1045
-1061
-1072
-1026
-978
-1030
-1169
-1266
-1337
-1466
-1580
-1549
-1441
-1331
-1172
-1012
-897
-782
-636
-548
-525
-452
-371
-373
-400
-334
-246
-265
-374
-435
-187
386
1018
1469
1768
2101
2405
2540
2572
2729
2947
2992
2867
2725
2813
3027
3037
2777
2469
2271
2037
1761
1553
1509
1461
1199
872
614
463
304
10
-403
-755
-911
-989
-989
-861
-623
-421
-364
-364
-305
-151
-44
-50
-105
-75
70
229
404
608
795
839
747
623
529
450
282
59
-121
-200
-223
-226
-188
-137
-77
-70
-127
-155
-117
-87
-146
-220
-241
-204
-135
-51
76
218
329
404
437
459
492
488
399
289
243
208
159
128
155
213
251
275
283
290
305
307
262
210
197
165
91
18
-18
-61
-153
-256
-336
-416
-523
-632
-741
-839
-915
-1001
-1086
-1128
-1120
-1096
-1081
-1061
-1015
-955
-914
-870
-851
-879
-919
-956
-1011
-1077
-1122
-1154
-1177
-1198
-1193
-1178
-1180
-1148
-1116
-1159
-1230
-1259
-1289
-1305
-1277
-1243
-1169
-1059
-971
-889
-759
-626
-544
-489
-450
-436
-495
-491
-219
178
340
327
583
1058
1294
1225
1242
1494
1801
1989
1971
2054
2430
2692
2625
2591
2709
2748
2675
2570
2610
2762
2724
2579
2579
2558
2401
2194
1815
1389
1143
863
466
170
-9
-155
-286
-498
-723
-843
-969
-1153
-1326
-1417
-1398
-1356
-1353
-1256
-1020
-826
-707
-560
-363
-199
-121
-91
-38
41
89
87
64
81
142
191
221
282
375
450
488
463
419
397
306
162
73
24
-10
23
59
96
179
205
192
256
311
303
306
287
273
332
353
343
395
429
422
440
435
424
460
426
340
324
327
273
199
79
-75
-193
-354
-571
-722
-809
-917
-1023
-1095
-1128
-1143
-1222
-1334
-1418
-1501
-1572
-1606
-1652
-1674
-1634
-1602
-1579
-1524
-1482
-1474
-1482
-1495
-1503
-1513
-1497
-1418
-1346
-1263
-1123
-1042
-1026
-944
-855
-879
-956
-1036
-1097
-1160
-1241
-1274
-1248
-1244
-1233
-998
-469
52
208
221
619
1233
1484
1368
1383
1768
2301
2575
2518
2613
3045
3328
3219
3097
3178
3235
3084
2875
2884
2990
2875
2635
2510
2440
2315
2079
1718
1499
1466
1285
930
692
584
436
199
-139
-462
-675
-849
-1060
-1263
-1359
-1366
-1389
-1469
-1485
-1403
-1379
-1436
-1439
-1323
-1180
-1038
-872
-671
-417
-174
-17
85
215
308
288
227
219
232
213
218
261
315
370
399
405
437
496
510
501
514
544
565
552
529
518
519
505
487
502
538
560
558
563
565
556
510
412
300
187
68
23
62
91
116
144
143
147
108
-24
-175
-312
-478
-624
-743
-854
-904
-942
-1034
-1128
-1202
-1286
-1373
-1437
-1492
-1537
-1556
-1569
-1601
-1627
-1618
-1645
-1717
-1775
-1813
-1827
-1812
-1788
-1749
-1663
-1563
-1483
-1409
-1325
-1207
-1105
-1029
-926
-818
-770
-755
-710
-703
-751
-777
-831
-970
-955
-596
-225
-204
-316
-30
617
969
834
811
1252
1898
2353
2423
2540
3119
3595
3537
3477
3653
3730
3623
3426
3347
3426
3282
2940
2786
2681
2427
2096
1653
1316
1279
1140
751
513
462
384
257
37
-233
-422
-604
-875
-1124
-1252
-1291
-1331
-1426
-1487
-1427
-1389
-1468
-1486
-1387
-1339
-1326
-1257
-1143
-946
-701
-567
-483
-307
-84
111
255
375
483
543
556
554
523
493
484
439
390
399
446
519
580
601
625
641
614
583
547
496
482
490
487
522
630
730
756
747
716
658
578
461
314
208
129
55
24
-16
-73
-101
-153
-238
-294
-361
-452
-516
-596
-661
-688
-762
-849
-912
-1014
-1160
-1296
-1419
-1511
-1582
-1670
-1691
-1636
-1611
-1653
-1708
-1726
-1709
-1709
-1763
-1796
-1755
-1663
-1580
-1528
-1439
-1302
-1214
-1203
-1145
-1031
-968
-973
-986
-927
-832
-814
-847
-817
-742
-722
-789
-740
-311
154
150
9
326
892
1101
919
863
1250
1805
2100
2109
2245
2741
3119
3041
2988
3257
3470
3390
3254
3345
3526
3401
3096
2950
2813
2570
2225
1713
1355
1324
1144
724
485
394
251
47
-212
-421
-527
-667
-873
-995
-990
-954
-1010
-1148
-1199
-1162
-1228
-1386
-1424
-1332
-1265
-1219
-1160
-1067
-885
-715
-695
-716
-645
-529
-423
-295
-98
136
328
471
599
688
729
718
658
605
620
663
638
598
648
715
692
631
597
597
622
604
559
572
612
605
548
514
536
549
467
370
356
359
319
261
216
165
107
10
-143
-254
-302
-376
-472
-520
-532
-546
-581
-630
-659
-726
-861
-1022
-1159
-1238
-1297
-1402
-1502
-1502
-1470
-1495
-1569
-1647
-1692
-1732
-1816
-1924
-1969
-1936
-1893
-1882
-1835
-1715
-1612
-1578
-1529
-1392
-1269
-1231
-1182
-1081
-1000
-937
-897
-916
-901
-835
-884
-992
-807
-263
146
30
-153
262
967
1154
858
815
1330
2028
2335
2205
2347
2969
3280
3054
2971
3209
3382
3316
3160
3261
3515
3413
3113
3003
2916
2752
2463
1938
1582
1573
1359
906
599
345
90
-125
-433
-730
-821
-863
-982
-1057
-1019
-898
-842
-966
-1064
-992
-978
-1109
-1134
-1018
-892
-761
-717
-749
-650
-523
-595
-701
-696
-619
-501
-398
-299
-120
54
137
203
260
318
372
387
430
560
714
786
809
797
743
663
541
434
385
428
506
584
663
739
803
776
693
626
570
507
470
451
424
398
351
251
135
65
-4
-117
-255
-341
-400
-510
-632
-761
-903
-1027
-1116
-1178
-1197
-1183
-1193
-1247
-1324
-1414
-1501
-1555
-1586
-1572
-1549
-1532
-1526
-1528
-1521
-1552
-1607
-1702
-1786
-1800
-1793
-1783
-1764
-1715
-1652
-1583
-1477
-1385
-1342
-1232
-1137
-1102
-1072
-1111
-1176
-1210
-1226
-1232
-1213
-1356
-902
575
1465
1254
968
831
677
968
1852
2944
3764
3769
3577
3932
4423
4729
4612
3826
3286
3605
3872
3735
3641
3283
2303
1265
326
-217
62
330
35
-427
-807
-1241
-1375
-1283
-1399
-1445
-1502
-1490
-1034
-376
124
376
186
-146
84
486
725
1291
1836
1816
1631
1337
950
904
947
650
161
-203
-400
-415
-565
-914
-1187
-1626
-1990
-1934
-1655
-1268
-818
-627
-731
-636
-405
-153
305
758
1079
1351
1529
1713
2002
2171
2080
1857
1580
1420
1501
1458
1189
902
477
-34
-380
-560
-633
-609
-693
-947
-1133
-1202
-1205
-1133
-1097
-1089
-1047
-1040
-946
-720
-592
-658
-798
-889
-900
-752
-610
-643
-781
-999
-1220
-1407
-1539
-1611
-1691
-1839
-1992
-2032
-2049
-2070
-2056
-2238
-2524
-2565
-2423
-2271
-2058
-1784
-1701
-1835
-1965
-1962
-1829
-1655
-1351
-1061
-946
-818
-649
-698
-1047
-1366
-1570
-1185
378
2325
3292
3086
2587
2118
1916
2351
3263
4326
5013
5071
4495
3847
3788
3835
3260
2284
1919
2109
2271
2505
2394
1588
368
-726
-1358
-1285
-312
619
646
42
-529
-863
-1093
-867
-315
69
358
647
914
1124
1348
1294
669
124
191
644
1106
1380
1303
664
-225
-901
-1179
-1002
-591
-311
-505
-892
-952
-934
-1026
-1006
-883
-808
-648
-232
232
578
720
540
272
248
638
1252
1649
1793
1758
1459
1058
881
940
958
953
885
611
370
241
61
-265
-590
-707
-719
-667
-486
-288
-338
-644
-912
-1070
-1025
-661
-313
-237
-270
-351
-535
-699
-668
-565
-556
-583
-594
-586
-651
-770
-973
-1368
-1707
-1773
-1701
-1657
-1656
-1813
-2206
-2532
-2616
-2582
-2437
-2182
-2006
-2032
-2108
-2058
-1894
-1686
-1457
-1276
-1296
-1342
-1134
-850
-720
-631
-581
-759
-947
-893
-714
-680
-869
-1026
-1243
-1273
-269
1450
2416
2241
1830
1426
1273
1985
3113
4018
4579
4688
4094
3232
3221
3769
3719
3107
2800
2762
2432
2296
2245
1575
688
115
-248
-351
300
1066
800
-154
-911
-1257
-1306
-850
-25
439
471
446
243
-58
115
566
565
364
524
770
866
885
702
243
-290
-581
-556
-351
-13
196
-195
-948
-1360
-1368
-1213
-822
-378
-248
-266
-276
-250
-59
260
539
637
703
931
1281
1520
1511
1375
1147
936
939
1052
1111
1046
744
246
-224
-463
-482
-444
-481
-604
-734
-889
-975
-928
-906
-895
-849
-809
-722
-520
-309
-274
-409
-596
-714
-707
-627
-549
-582
-741
-950
-1194
-1382
-1409
-1396
-1506
-1703
-1889
-2005
-2027
-2002
-2026
-2097
-2164
-2197
-2157
-2090
-2007
-1915
-1817
-1723
-1626
-1456
-1304
-1157
-1031
-974
-947
-929
-823
-760
-762
-800
-911
-1043
-1152
-1093
-1080
-841
179
1430
1998
1793
1556
1481
1623
2253
3031
3710
4159
4208
3663
2908
2866
3226
3207
2895
2776
2676
2283
2049
1800
1266
866
661
360
123
471
918
702
107
-300
-419
-384
-12
493
655
647
632
354
-27
110
550
636
534
512
381
97
-94
-226
-401
-474
-491
-616
-823
-846
-753
-939
-1252
-1306
-1152
-969
-675
-384
-274
-148
-65
-119
-43
335
845
1172
1271
1300
1357
1368
1368
1454
1489
1438
1370
1193
949
821
680
392
71
-211
-421
-577
-725
-883
-999
-1124
-1272
-1316
-1293
-1186
-1045
-1103
-1307
-1445
-1427
-1286
-1081
-912
-873
-911
-996
-1099
-1136
-1134
-1144
-1224
-1355
-1434
-1479
-1559
-1683
-1868
-2127
-2346
-2408
-2378
-2279
-2114
-2071
-2256
-2506
-2513
-2153
-1637
-1205
-1033
-1132
-1260
-1138
-805
-472
-110
115
-39
-366
-610
-699
-727
-586
98
1228
2120
2209
1772
1233
919
1262
1995
2769
3525
3919
3551
2697
2244
2403
2716
2835
2795
2704
2400
2057
1829
1486
1180
1149
1057
749
743
1024
1033
731
389
183
202
462
779
927
883
698
365
-82
-195
211
562
588
406
20
-470
-776
-831
-789
-612
-463
-606
-945
-1252
-1330
-1238
-1130
-992
-811
-634
-496
-409
-429
-430
-309
-239
-134
185
606
899
984
885
731
772
978
1229
1473
1610
1591
1346
1000
817
835
849
745
535
231
-18
-152
-306
-452
-510
-593
-739
-879
-944
-925
-962
-1116
-1267
-1304
-1260
-1177
-1131
-1209
-1354
-1551
-1801
-1941
-1850
-1670
-1596
-1719
-1990
-2251
-2419
-2497
-2517
-2446
-2299
-2213
-2269
-2386
-2412
-2340
-2253
-2131
-1915
-1640
-1422
-1338
-1368
-1380
-1229
-959
-687
-418
-183
-69
-105
-231
-331
-312
-251
-204
148
1036
1988
2261
1862
1368
1150
1415
2125
2948
3526
3694
3287
2363
1701
1922
2650
3094
3084
2861
2377
1775
1451
1427
1514
1688
1739
1331
792
683
807
766
660
679
674
567
522
478
324
188
111
-89
-263
-25
335
313
18
-275
-582
-856
-846
-608
-378
-265
-398
-811
-1258
-1350
-1085
-835
-669
-503
-482
-693
-902
-887
-695
-367
-21
127
138
156
193
225
287
483
744
940
1060
1143
1164
1067
952
878
867
984
1098
1076
905
693
512
361
270
266
294
207
-15
-276
-497
-652
-747
-826
-923
-1020
-1149
-1331
-1560
-1780
-1934
-2038
-2109
-2152
-2176
-2241
-2377
-2549
-2697
-2752
-2719
-2658
-2622
-2566
-2505
-2516
-2546
-2539
-2493
-2373
-2185
-2017
-1872
-1715
-1589
-1455
-1266
-1082
-881
-655
-475
-307
-118
-8
-13
-67
-113
-73
7
115
511
1251
1866
1957
1755
1535
1445
1706
2289
2942
3402
3472
3030
2332
2026
2326
2840
3122
3135
2952
2401
1754
1508
1617
1843
2021
1901
1382
864
673
621
638
786
936
850
523
243
134
124
174
202
110
32
86
96
-32
-152
-222
-391
-601
-634
-502
-400
-479
-744
-1118
-1431
-1516
-1438
-1314
-1119
-934
-943
-1115
-1211
-1108
-871
-550
-216
10
107
153
164
201
400
737
990
1104
1211
1270
1241
1195
1170
1166
1150
1129
1046
874
722
607
475
349
281
219
81
-81
-215
-361
-507
-620
-735
-864
-957
-1018
-1134
-1279
-1361
-1426
-1514
-1565
-1581
-1634
-1783
-1974
-2138
-2273
-2321
-2304
-2325
-2393
-2450
-2524
-2654
-2725
-2668
-2552
-2439
-2328
-2264
-2274
-2260
-2156
-1984
-1772
-1480
-1186
-1024
-913
-739
-529
-345
-193
-52
47
129
237
305
394
682
1194
1672
1864
1893
1878
1845
1960
2322
2830
3222
3311
3044
2575
2316
2438
2717
2916
2976
2830
2346
1781
1526
1553
1670
1760
1689
1398
1068
894
843
858
975
1118
1045
767
534
408
329
335
417
400
287
166
-25
-206
-269
-291
-396
-542
-565
-536
-636
-836
-1007
-1126
-1219
-1236
-1200
-1181
-1109
-1010
-1031
-1082
-1035
-962
-889
-769
-589
-412
-298
-216
-165
-115
-27
102
247
367
527
637
571
515
578
691
801
880
882
774
648
561
524
569
632
602
444
256
143
64
-21
-81
-148
-311
-548
-767
-925
-1012
-1077
-1204
-1411
-1599
-1726
-1872
-1998
-2019
-1967
-1931
-1945
-1966
-2008
-2072
-2091
-2069
-2011
-1886
-1747
-1681
-1695
-1682
-1627
-1611
-1601
-1546
-1456
-1379
-1323
-1248
-1155
-1019
-844
-728
-671
-590
-482
-391
-260
-64
66
100
169
384
740
1131
1462
1669
1731
1716
1756
1913
2155
2419
2555
2459
2254
2138
2149
2239
2354
2404
2321
2127
1950
1899
1930
1957
1943
1841
1646
1470
1382
1331
1335
1366
1280
1033
741
529
436
460
539
567
464
243
-13
-238
-358
-338
-273
-247
-241
-283
-434
-593
-654
-674
-678
-655
-633
-653
-699
-729
-775
-822
-827
-819
-828
-809
-723
-634
-587
-568
-594
-650
-651
-570
-422
-228
-64
7
-13
-39
19
113
224
347
408
370
275
229
250
335
435
428
334
215
98
11
-13
21
28
-55
-200
-361
-518
-654
-790
-925
-1033
-1099
-1145
-1247
-1373
-1458
-1526
-1590
-1636
-1636
-1628
-1641
-1653
-1698
-1743
-1740
-1725
-1710
-1692
-1651
-1590
-1559
-1541
-1511
-1456
-1394
-1320
-1178
-1017
-878
-750
-704
-735
-746
-705
-605
-432
-218
-26
131
285
439
627
824
967
1094
1251
1461
1741
1983
2115
2174
2191
2231
2337
2504
2659
2767
2797
2680
2534
2469
2446
2475
2501
2460
2338
2129
1896
1711
1615
1586
1567
1493
1317
1127
976
820
717
688
635
521
371
207
61
-45
-106
-148
-216
-323
-460
-615
-782
-925
-1009
-1079
-1128
-1146
-1166
-1165
-1150
-1154
-1169
-1158
-1082
-971
-865
-770
-699
-631
-566
-497
-432
-405
-358
-261
-141
-26
36
37
-2
-18
10
48
104
170
174
75
-58
-136
-136
-61
38
73
22
-57
-115
-144
-145
-125
-120
-167
-234
-302
-410
-540
-673
-801
-886
-922
-962
-1047
-1155
-1276
-1416
-1529
-1573
-1560
-1539
-1557
-1587
-1620
-1661
-1672
-1652
-1619
-1577
-1513
-1424
-1346
-1277
-1214
-1183
-1168
-1134
-1047
-953
-886
-836
-826
-851
-855
-791
-660
-449
-159
134
344
444
500
587
787
1139
1542
1886
2145
2315
2397
2457
2594
2792
2983
3106
3107
3020
2906
2821
2798
2807
2828
2808
2681
2483
2274
2087
1929
1819
1735
1609
1456
1337
1270
1223
1136
961
731
545
423
331
250
139
-44
-283
-523
-710
-818
-863
-887
-931
-1036
-1189
-1336
-1428
-1426
-1341
-1255
-1214
-1200
-1186
-1156
-1103
-1024
-916
-793
-697
-628
-563
-489
-388
-270
-180
-139
-119
-79
-22
38
108
161
174
147
114
104
109
136
123
34
-54
-112
-151
-177
-185
-191
-228
-295
-394
-509
-592
-641
-668
-703
-764
-847
-970
-1093
-1161
-1194
-1216
-1240
-1289
-1363
-1454
-1551
-1623
-1633
-1586
-1545
-1512
-1500
-1530
-1551
-1534
-1507
-1463
-1404
-1333
-1235
-1101
-968
-893
-868
-842
-785
-707
-604
-471
-355
-317
-264
-133
41
257
464
606
717
840
968
1098
1272
1466
1629
1801
1996
2208
2403
2522
2598
2648
2692
2757
2826
2891
2944
2976
2962
2916
2858
2767
2668
2594
2518
2404
2249
2079
1940
1827
1686
1501
1288
1074
872
687
517
325
94
-158
-388
-562
-707
-840
-965
-1092
-1199
-1292
-1377
-1431
-1426
-1377
-1325
-1291
-1295
-1322
-1322
-1272
-1190
-1105
-1033
-967
-911
-865
-802
-714
-618
-523
-450
-389
-317
-215
-99
-3
70
119
151
179
229
303
362
369
312
215
108
8
-87
-172
-232
-284
-360
-458
-554
-645
-750
-872
-994
-1088
-1152
-1202
-1230
-1251
-1289
-1337
-1379
-1407
-1421
-1414
-1407
-1408
-1426
-1462
-1504
-1541
-1566
-1573
-1569
-1544
-1499
-1470
-1467
-1464
-1455
-1435
-1396
-1316
-1197
-1063
-944
-878
-835
-783
-701
-543
-269
105
456
679
763
795
897
1095
1335
1560
1745
1902
2037
2166
2311
2453
2561
2654
2758
2839
2875
2888
2904
2928
2918
2866
2805
2762
2726
2676
2614
2516
2390
2262
2126
1996
1890
1798
1681
1520
1329
1124
916
737
586
423
244
72
-88
-247
-398
-531
-647
-761
-876
-1010
-1147
-1261
-1374
-1492
-1579
-1622
-1662
-1720
-1767
-1788
-1782
-1735
-1661
-1574
-1483
-1380
-1255
-1120
-982
-844
-727
-616
-487
-365
-255
-132
6
124
200
273
348
408
463
514
562
591
582
534
460
388
314
223
129
31
-74
-200
-331
-446
-561
-678
-779
-867
-953
-1046
-1154
-1261
-1360
-1454
-1538
-1584
-1587
-1590
-1614
-1656
-1714
-1758
-1766
-1730
-1677
-1643
-1611
-1575
-1542
-1511
-1485
-1447
-1376
-1270
-1156
-1069
-994
-932
-871
-786
-673
-540
-413
-301
-151
68
319
528
665
775
911
1082
1281
1493
1708
1900
2071
2259
2451
2619
2744
2825
2900
2972
3030
3056
3059
3073
3085
3057
2993
2917
2843
2744
2632
2521
2384
2213
2029
1859
1702
1552
1400
1232
1049
866
685
527
408
303
164
-11
-186
-339
-477
-594
-697
-815
-935
-1037
-1138
-1246
-1351
-1434
-1491
-1522
-1546
-1592
-1639
-1654
-1649
-1627
-1578
-1495
-1397
-1297
-1177
-1054
-961
-893
-818
-722
-609
-485
-378
-292
-196
-101
-45
-35
-26
-7
31
102
182
234
249
250
232
199
180
178
173
145
81
-23
-142
-235
-301
-375
-475
-595
-732
-867
-978
-1080
-1189
-1298
-1391
-1457
-1505
-1551
-1605
-1651
-1676
-1686
-1683
-1662
-1635
-1626
-1618
-1576
-1507
-1435
-1374
-1326
-1288
-1233
-1155
-1078
-988
-870
-749
-648
-572
-511
-462
-373
-177
108
402
618
743
818
909
1083
1325
1577
1821
2026
2174
2291
2419
2558
2677
2779
2860
2903
2933
2968
3012
3050
3038
2963
2851
2737
2644
2547
2430
2317
2206
2072
1897
1705
1536
1400
1290
1166
998
808
613
420
235
47
-120
-251
-331
-381
-454
-576
-745
-939
-1108
-1211
-1241
-1239
-1248
-1281
-1331
-1380
-1411
-1424
-1410
-1380
-1348
-1316
-1289
-1262
-1231
-1195
-1137
-1061
-973
-891
-817
-744
-688
-651
-617
-567
-495
-418
-351
-298
-260
-240
-233
-229
-223
-202
-161
-118
-101
-117
-165
-221
-256
-279
-307
-343
-391
-457
-540
-631
-714
-788
-849
-905
-954
-1011
-1082
-1165
-1257
-1339
-1384
-1391
-1381
-1365
-1376
-1408
-1419
-1396
-1359
-1327
-1292
-1241
-1178
-1111
-1057
-1011
-959
-900
-826
-744
-658
-570
-502
-452
-406
-361
-267
-74
183
418
573
670
757
882
1061
1269
1476
1660
1820
1976
2142
2314
2457
2544
2601
2651
2692
2725
2764
2810
2844
2845
2814
2752
2669
2585
2508
2448
2377
2275
2132
1962
1803
1652
1501
1344
1155
921
672
455
285
133
-29
-202
-383
-575
-758
-892
-971
-1028
-1100
-1202
-1302
-1354
-1368
-1382
-1391
-1383
-1359
-1333
-1308
-1273
-1239
-1217
-1194
-1162
-1130
-1098
-1041
-975
-930
-898
-869
-839
-797
-734
-657
-582
-510
-446
-403
-375
-338
-298
-276
-254
-223
-212
-233
-253
-260
-289
-341
-402
-471
-549
-618
-680
-755
-839
-900
-928
-921
-910
-938
-1014
-1098
-1145
-1160
-1177
-1195
-1204
-1220
-1237
-1243
-1239
-1240
-1240
-1229
-1217
-1208
-1199
-1190
-1176
-1151
-1122
-1089
-1047
-983
-915
-869
-846
-839
-825
-785
-697
-569
-415
-216
19
240
399
491
585
737
951
1192
1408
1579
1717
1843
1984
2138
2286
2391
2457
2513
2567
2610
2652
2695
2729
2736
2715
2674
2608
2520
2437
2388
2363
2313
2214
2097
2008
1950
1876
1756
1610
1429
1208
986
797
641
474
281
74
-132
-323
-491
-635
-763
-895
-1056
-1246
-1415
-1515
-1569
-1606
-1633
-1660
-1698
-1722
-1701
-1655
-1617
-1572
-1506
-1431
-1366
-1301
-1232
-1161
-1083
-989
-894
-794
-682
-572
-488
-421
-360
-304
-240
-153
-75
-51
-58
-65
-84
-122
-152
-164
-171
-183
-198
-230
-288
-364
-457
-559
-647
-703
-752
-802
-842
-896
-977
-1060
-1117
-1154
-1186
-1209
-1238
-1294
-1373
-1438
-1454
-1433
-1403
-1393
-1394
-1371
-1332
-1315
-1316
-1298
-1258
-1202
-1120
-1022
-943
-907
-894
-870
-807
-709
-603
-514
-438
-366
-280
-144
55
275
447
562
660
771
910
1094
1293
1460
1588
1718
1868
2033
2195
2332
2442
2536
2607
2649
2675
2708
2737
2720
2674
2631
2579
2503
2418
2331
2217
2061
1897
1766
1683
1624
1548
1433
1291
1133
962
790
652
548
436
301
165
41
-66
-163
-268
-405
-571
-731
-870
-975
-1056
-1127
-1214
-1314
-1418
-1506
-1562
-1578
-1571
-1566
-1555
-1532
-1508
-1486
-1442
-1371
-1285
-1195
-1100
-1001
-898
-790
-684
-587
-491
-404
-340
-291
-241
-198
-174
-161
-156
-166
-193
-228
-269
-304
-331
-360
-400
-452
-505
-557
-598
-633
-662
-683
-700
-711
-723
-733
-746
-778
-839
-914
-975
-1007
-1010
-1008
-1028
-1076
-1145
-1217
-1262
-1259
-1225
-1190
-1158
-1134
-1122
-1119
-1101
-1048
-961
-869
-797
-747
-697
-631
-560
-508
-470
-418
-326
-160
71
303
456
526
575
667
829
1031
1228
1403
1559
1708
1847
1971
2080
2158
2208
2268
2346
2426
2497
2566
2611
2609
2571
2519
2466
2418
2360
2282
2178
2058
1930
1796
1687
1615
1542
1432
1296
1145
978
813
673
542
394
238
85
-47
-137
-195
-254
-343
-457
-585
-709
-809
-879
-937
-993
-1040
-1087
-1158
-1243
-1294
-1293
-1266
-1239
-1221
-1211
-1196
-1163
-1110
-1046
-987
-945
-919
-872
-782
-670
-581
-530
-504
-495
-492
-461
-394
-312
-243
-216
-232
-270
-291
-281
-256
-239
-246
-280
-328
-378
-433
-502
-582
-656
-716
-760
-785
-807
-836
-880
-931
-983
-1034
-1086
-1124
-1136
-1130
-1127
-1136
-1141
-1127
-1091
-1051
-1021
-1005
-990
-966
-933
-893
-839
-796
-776
-763
-750
-738
-716
-676
-622
-575
-541
-506
-460
-366
-196
22
234
390
498
596
739
945
1163
1355
1531
1696
1853
2000
2147
2290
2396
2470
2518
2551
2596
2648
2693
2718
2712
2677
2594
2483
2386
2293
2198
2101
1991
1857
1694
1541
1420
1324
1238
1122
960
786
628
495
368
234
91
-74
-225
-332
-415
-505
-609
-712
-813
-908
-983
-1051
-1105
-1133
-1154
-1178
-1204
-1229
-1241
-1232
-1180
-1108
-1058
-1025
-985
-927
-853
-781
-720
-687
-667
-630
-583
-524
-470
-440
-432
-425
-408
-395
-387
-362
-352
-374
-413
-430
-406
-358
-320
-315
-351
-397
-431
-450
-459
-475
-522
-600
-679
-730
-769
-806
-841
-884
-937
-1004
-1073
-1132
-1175
-1202
-1219
-1225
-1212
-1197
-1174
-1136
-1082
-1017
-953
-890
-821
-759
-696
-636
-581
-530
-491
-465
-443
-421
-388
-349
-294
-226
-173
-133
-86
-18
86
224
382
526
623
692
761
882
1057
1261
1449
1600
1720
1820
1910
2017
2125
2212
2273
2315
2351
2385
2413
2440
2448
2443
2414
2350
2261
2165
2082
2012
1944
1850
1707
1534
1379
1257
1156
1045
913
757
598
451
321
193
70
-53
-164
-260
-349
-452
-562
-657
-729
-800
-868
-929
-971
-993
-1005
-1026
-1061
-1099
-1124
-1130
-1115
-1082
-1042
-999
-951
-904
-866
-829
-775
-709
-648
-596
-563
-543
-522
-486
-442
-401
-367
-335
-312
-291
-279
-281
-303
-320
-338
-366
-413
-457
-502
-541
-577
-611
-663
-719
-762
-778
-789
-801
-828
-867
-906
-927
-942
-960
-972
-972
-965
-950
-929
-922
-927
-928
-897
-861
-832
-816
-810
-808
-782
-735
-673
-614
-549
-495
-456
-418
-367
-312
-250
-186
-120
-62
9
90
161
212
265
340
452
595
742
844
894
924
966
1043
1156
1280
1388
1478
1562
1648
1731
1818
1898
1965
2023
2076
2121
2157
2184
2202
2200
2176
2133
2081
2028
1984
1928
1852
1750
1630
1494
1354
1216
1080
946
807
657
507
366
238
126
34
-46
-129
-228
-339
-449
-549
-627
-685
-736
-786
-835
-889
-929
-942
-930
-916
-913
-921
-941
-962
-968
-954
-937
-922
-908
-890
-858
-805
-748
-704
-661
-609
-550
-492
-430
-371
-330
-303
-285
-276
-263
-231
-191
-173
-188
-233
-300
-366
-412
-442
-465
-486
-519
-580
-657
-717
-747
-754
-742
-733
-754
-797
-832
-852
-864
-874
-878
-881
-864
-830
-811
-818
-831
-836
-845
-852
-839
-809
-766
-716
-677
-667
-663
-632
-567
-475
-367
-273
-204
-135
-52
34
114
196
282
357
430
506
571
627
680
726
759
799
854
911
964
1018
1059
1096
1148
1219
1287
1338
1383
1424
1459
1505
1556
1600
1638
1672
1692
1694
1688
1678
1656
1630
1607
1579
1543
1498
1444
1364
1271
1180
1088
997
911
819
716
604
496
396
312
255
213
161
86
-11
-130
-252
-352
-429
-494
-550
-595
-634
-669
-699
-733
-769
-803
-827
-846
-853
-852
-852
-863
-879
-886
-878
-855
-822
-785
-748
-717
-697
-690
-689
-680
-653
-612
-561
-516
-484
-471
-464
-451
-424
-397
-381
-377
-382
-385
-382
-374
-374
-380
-388
-404
-430
-459
-480
-483
-477
-472
-476
-491
-517
-545
-573
-596
-612
-630
-658
-682
-688
-678
-656
-628
-599
-579
-568
-549
-519
-479
-435
-404
-383
-357
-314
-257
-193
-131
-83
-50
-19
22
74
138
207
269
316
352
386
420
461
505
553
604
655
696
726
762
810
864
918
966
1007
1042
1072
1101
1126
1139
1142
1142
1146
1161
1177
1189
1194
1198
1194
1180
1158
1135
1113
1101
1099
1103
1096
1064
1011
947
882
820
763
711
660
609
556
503
456
407
347
267
183
104
38
-18
-69
-123
-184
-249
-306
-357
-406
-461
-522
-583
-633
-670
-702
-732
-756
-778
-801
-831
-862
-892
-914
-927
-930
-932
-940
-954
-968
-964
-936
-893
-849
-818
-799
-786
-773
-750
-715
-671
-632
-593
-557
-520
-479
-435
-401
-378
-358
-337
-301
-248
-191
-152
-139
-141
-150
-148
-127
-95
-73
-66
-75
-87
-102
-110
-108
-93
-78
-69
-65
-68
-79
-96
-109
-109
-95
-80
-76
-84
-86
-83
-67
-37
0
32
55
76
92
101
106
112
125
150
183
214
243
268
288
300
310
320
331
349
383
424
460
482
493
499
504
514
530
552
569
573
573
584
606
634
659
678
690
696
696
691
685
683
692
714
730
730
706
674
649
642
639
634
618
594
567
539
512
491
472
455
440
413
369
314
263
215
164
103
39
-25
-82
-133
-198
-280
-360
-433
-493
-544
-601
-664
-725
-785
-826
-856
-882
-895
-902
-907
-899
-907
-934
-955
-961
-952
-917
-877
-840
-789
-744
-700
-665
-650
-630
-606
-583
-542
-496
-453
-404
-358
-303
-243
-207
-182
-139
-98
-52
0
37
67
89
114
139
153
170
203
237
274
289
287
297
310
318
312
287
268
250
236
222
192
154
135
141
151
140
120
105
81
52
39
20
10
12
-13
-26
-17
-10
-4
-13
-20
-1
-1
0
25
35
30
39
61
76
96
118
125
137
160
170
177
190
196
196
202
222
231
236
258
280
279
269
257
257
266
260
262
254
227
237
257
394
877
1300
1337
1304
1165
813
478
270
228
318
350
454
685
708
594
458
62
-383
-545
-605
-555
-290
-27
61
-41
-285
-498
-647
-794
-821
-716
-618
-480
-291
-255
-331
-377
-518
-727
-804
-743
-608
-413
-256
-195
-180
-257
-409
-508
-537
-490
-338
-205
-125
-6
73
22
-48
-118
-206
-200
-151
-100
57
230
277
250
157
20
-36
-47
-72
-41
47
108
127
108
61
18
-33
-100
-120
-68
-26
-15
-12
-38
-77
-112
-203
-295
-291
-258
-230
-193
-175
-164
-152
-191
-259
-272
-246
-211
-152
-109
-97
-68
-53
-71
-73
-53
-11
64
145
228
322
357
333
314
304
284
266
251
244
267
302
325
334
338
320
293
261
215
201
216
232
239
235
227
234
215
179
170
177
183
183
184
206
231
207
147
72
2
-44
-70
-77
-64
-31
-2
-12
-59
-111
-150
-166
-167
-162
-124
-81
-55
-34
-48
-107
-163
-189
-176
-121
-56
-7
34
46
6
-58
-124
-167
-163
-117
-51
30
81
69
32
-14
-65
-103
-98
-34
41
92
129
148
118
64
28
-8
-34
-16
19
36
50
64
63
37
7
-4
-16
-45
-44
-12
1
14
42
51
47
36
3
-29
-67
-120
-149
-130
-105
-95
-97
-110
-126
-138
-141
-140
-152
-159
-140
-114
-91
-59
-32
-40
-52
-46
-48
-57
-37
-14
-6
-4
-9
-8
-16
-31
-52
-95
-136
-128
-97
-82
-78
-83
-80
-55
-35
-28
-35
-41
2
68
120
178
219
218
177
112
71
77
90
110
143
161
168
172
146
108
72
30
12
21
40
62
43
-17
-59
-85
-107
-113
-107
-98
-87
-82
-74
-50
-35
-46
-59
-79
-112
-127
-110
-80
-71
-84
-97
-111
-120
-109
-90
-90
-105
-103
-77
-56
-34
10
32
13
12
42
64
81
113
157
182
168
143
146
151
151
166
173
160
158
174
172
154
144
126
96
76
76
92
98
84
77
77
49
24
23
15
11
21
16
-6
-19
-21
-20
-29
-40
-28
3
24
38
41
13
-15
-26
-38
-35
-6
25
50
63
63
54
38
25
2
-40
-63
-60
-66
-69
-57
-70
-112
-148
-170
-177
-172
-160
-162
-185
-199
-200
-215
-228
-199
-142
-105
-84
-54
-26
-16
-19
-24
-33
-24
10
31
41
58
68
68
65
66
74
80
88
103
110
97
71
41
4
-31
-41
-16
26
60
89
97
72
31
8
24
59
76
83
81
53
7
-33
-65
-92
-95
-87
-95
-87
-59
-58
-77
-100
-139
-170
-175
-174
-154
-134
-133
-122
-120
-131
-101
-68
-73
-56
-10
6
15
34
38
48
84
137
200
233
240
259
244
205
211
234
233
228
214
189
165
146
153
160
133
98
56
-1
-31
-49
-77
-89
-90
-83
-65
-44
-22
-9
-4
22
58
71
69
78
87
67
32
24
36
52
80
97
95
85
52
22
6
-17
-21
-15
-27
-23
-7
-16
-11
1
-12
-29
-45
-61
-61
-71
-82
-66
-78
-113
-96
-64
-64
-72
-79
-61
-12
24
57
82
69
38
9
-30
-47
-19
-9
-26
-19
4
5
-23
-68
-99
-125
-162
-158
-106
-63
-38
-24
-66
-135
-171
-177
-166
-157
-140
-91
-46
-42
-63
-106
-160
-185
-173
-133
-51
41
88
101
106
93
61
32
29
46
54
52
56
45
11
-19
-64
-122
-128
-82
-23
31
54
46
24
-4
0
35
73
136
221
278
315
334
312
272
234
201
205
236
276
317
301
221
128
32
-36
-44
-32
-35
-55
-88
-117
-142
-172
-197
-211
-213
-182
-132
-96
-74
-63
-65
-93
-128
-140
-139
-113
-64
-34
-9
23
36
37
37
27
15
-1
12
82
142
154
166
150
87
47
7
-58
-96
-96
-72
-31
-5
14
20
-34
-92
-101
-110
-95
-20
48
75
85
72
37
6
-15
-13
6
38
92
146
154
115
60
3
-34
-39
-23
8
58
91
91
76
44
-3
-33
-41
-37
-8
42
88
122
125
92
43
-14
-54
-57
-44
-24
2
7
-7
-16
-42
-81
-109
-130
-138
-125
-104
-88
-86
-91
-94
-110
-127
-128
-137
-144
-126
-102
-72
-38
-15
-10
-34
-59
-46
-28
-16
32
74
85
103
115
113
118
111
99
97
93
95
98
80
71
77
64
50
51
45
41
48
64
77
77
79
83
76
70
67
55
34
10
-12
-30
-47
-56
-63
-85
-116
-143
-161
-158
-137
-119
-96
-66
-52
-45
-30
-15
-9
-6
6
15
12
13
36
65
69
54
49
48
34
37
58
53
34
29
3
-30
-39
-34
-9
27
56
88
108
87
68
61
27
4
29
56
77
107
110
99
95
77
52
39
27
29
44
46
33
26
-6
-55
-75
-69
-51
-8
28
30
23
11
-22
-46
-62
-89
-106
-99
-87
-62
-38
-37
-52
-78
-110
-124
-125
-131
-121
-102
-99
-95
-77
-75
-88
-87
-85
-97
-100
-80
-67
-88
-112
-107
-93
-81
-62
-42
-37
-37
-33
-35
-45
-46
-36
-37
-38
-11
35
61
70
77
72
53
46
58
83
120
153
163
163
165
164
159
147
132
134
152
159
163
169
163
136
96
59
41
33
17
3
-2
2
15
31
24
5
-12
-46
-82
-84
-66
-57
-50
-40
-35
-27
-26
-31
-28
-19
0
26
31
33
35
0
-56
-103
-137
-149
-136
-118
-98
-77
-63
-56
-61
-75
-75
-71
-68
-46
-21
-4
-2
-15
-26
-22
-14
4
31
53
68
81
84
77
73
63
35
7
-6
-1
2
-4
-14
-23
-50
-82
-95
-109
-122
-118
-113
-117
-94
-55
-26
-6
8
26
39
34
36
46
36
20
10
-10
-21
-12
-3
-2
9
29
43
55
77
97
106
104
91
78
71
60
52
41
24
22
32
35
47
62
55
37
26
13
9
6
-15
-38
-48
-57
-60
-55
-53
-50
-43
-41
-34
-20
-18
-29
-43
-58
-59
-33
4
36
62
71
65
69
82
94
107
101
81
65
47
29
18
2
-17
-21
-22
-24
-13
1
2
-7
-28
-53
-68
-69
-61
-51
-39
-19
10
30
39
44
19
-28
-51
-58
-63
-54
-32
-10
5
12
15
14
6
2
5
-3
-8
12
26
26
33
44
49
63
86
102
107
99
82
67
44
17
-5
-33
-71
-98
-118
-135
-138
-132
-122
-106
-82
-64
-50
-44
-48
-58
-74
-88
-87
-82
-79
-63
-50
-48
-41
-33
-34
-26
-4
23
47
62
75
81
78
79
91
98
98
98
90
82
93
110
121
128
131
126
119
113
111
109
98
79
62
50
51
61
68
73
71
62
60
58
49
40
27
0
-27
-46
-60
-78
-103
-123
-136
-144
-145
-136
-132
-140
-144
-143
-143
-129
-105
-89
-90
-87
-76
-72
-69
-65
-62
-61
-54
-34
-10
2
-2
-8
-18
-27
-17
7
30
58
78
84
87
93
88
72
60
56
63
80
95
108
114
106
97
96
99
106
110
101
92
89
72
44
23
9
3
10
17
25
31
20
-4
-28
-52
-65
-64
-68
-68
-69
-75
-79
-81
-86
-89
-89
-88
-80
-73
-85
-104
-127
-145
-147
-133
-117
-105
-99
-98
-111
-133
-144
-144
-140
-129
-121
-118
-111
-93
-69
-49
-28
-1
31
59
77
87
84
71
65
61
56
57
65
78
90
108
121
129
140
152
158
158
154
149
153
154
152
146
130
113
99
82
61
47
37
32
27
11
-16
-49
-85
-109
-109
-95
-74
-55
-52
-69
-101
-137
-165
-179
-168
-144
-112
-83
-56
-37
-30
-41
-61
-75
-78
-61
-30
-7
2
-3
-24
-52
-73
-83
-80
-65
-45
-16
9
16
6
-14
-47
-73
-84
-80
-49
6
64
112
139
139
131
115
90
78
82
92
104
116
119
119
108
94
87
80
75
81
90
97
105
99
75
43
16
2
-7
-12
-8
3
11
15
11
0
-15
-35
-57
-77
-87
-82
-69
-52
-35
-24
-27
-43
-65
-89
-108
-121
-128
-132
-130
-124
-120
-119
-113
-101
-85
-70
-59
-46
-37
-41
-46
-50
-49
-38
-19
4
31
60
89
111
122
126
127
118
103
98
96
96
99
105
109
114
119
124
119
106
94
84
75
70
66
54
43
36
34
33
31
28
17
0
-17
-29
-40
-49
-57
-66
-71
-71
-62
-48
-36
-27
-23
-22
-18
-16
-21
-31
-46
-61
-64
-57
-47
-37
-33
-37
-42
-47
-51
-45
-33
-20
-11
-2
6
11
13
9
8
12
21
36
53
61
61
51
34
18
11
11
21
38
57
76
87
91
90
84
78
74
69
61
51
39
19
2
-7
-9
-6
