SAMPLES:	12195
BITSPERSAMPLE:	16
CHANNELS:	1
SAMPLERATE:	16000
NORMALIZED:	FALSE
-14
-13
-14
-12
-10
-10
-7
-5
-5
-5
-5
-3
-3
-2
0
0
0
0
0
-1
-2
-2
-2
-1
-1
-2
-3
-4
-5
-5
-5
-5
-5
-5
-6
-4
-3
-2
-1
-1
1
2
4
6
7
7
7
8
7
7
8
8
8
7
7
4
5
4
3
3
3
3
2
1
0
-2
-3
-3
-3
-3
-2
-2
-2
-2
-3
-4
-3
-1
1
3
5
6
7
7
8
10
11
14
17
18
20
20
20
20
19
19
20
20
20
20
17
16
13
10
9
7
5
4
2
-1
-4
-8
-10
-12
-12
-12
-12
-11
-11
-12
-13
-13
-12
-10
-7
-7
-5
-4
-4
-4
-3
-2
1
4
6
7
9
10
10
10
9
9
10
10
10
10
9
6
3
1
-2
-4
-4
-6
-7
-9
-13
-15
-18
-20
-22
-26
-24
-25
-25
-26
-29
-31
-31
-29
-28
-27
-24
-21
-20
-21
-21
-22
-21
-18
-15
-12
-9
-5
-2
0
2
5
9
14
17
19
20
21
21
20
18
18
19
23
25
26
26
26
25
25
23
20
19
18
16
13
8
5
2
0
-3
-4
-2
1
2
-1
-5
-9
-11
-12
-13
-15
-16
-16
-18
-21
-23
-25
-24
-21
-21
-19
-19
-19
-19
-22
-25
-26
-27
-25
-24
-24
-25
-23
-22
-23
-23
-22
-19
-16
-12
-11
-11
-12
-11
-10
-9
-6
-1
3
6
8
8
10
12
14
16
18
20
22
22
20
18
17
19
22
23
24
26
27
26
24
20
18
19
20
20
21
21
20
19
19
17
17
18
20
22
21
20
17
14
11
9
9
9
12
14
12
9
6
4
3
3
2
3
5
2
-1
-8
-13
-15
-15
-14
-12
-10
-9
-10
-13
-17
-19
-18
-14
-8
-7
-6
-8
-10
-14
-17
-16
-11
-4
1
5
5
4
4
3
3
5
10
16
19
18
12
7
3
3
6
10
16
22
22
18
14
9
7
8
11
13
14
13
10
2
-7
-14
-15
-11
-4
1
1
-2
-7
-13
-18
-20
-15
-8
-3
-4
-9
-15
-22
-26
-28
-25
-19
-12
-7
-8
-12
-18
-21
-18
-14
-7
2
6
5
0
-7
-15
-17
-13
-6
2
7
8
7
4
0
1
5
13
21
25
25
21
13
5
-1
-2
1
8
14
16
16
13
11
8
8
12
18
22
22
15
4
-8
-17
-23
-23
-18
-12
-6
-5
-7
-12
-15
-13
-9
-4
0
-2
-7
-17
-29
-40
-44
-41
-33
-22
-13
-6
-5
-6
-6
-4
4
13
21
22
15
4
-8
-16
-18
-14
-5
6
15
22
23
19
16
16
20
28
36
38
31
15
-3
-16
-22
-20
-10
1
12
18
17
12
5
0
1
8
17
22
18
6
-14
-32
-41
-37
-24
-9
4
11
12
7
2
-1
2
11
23
32
33
21
1
-20
-35
-38
-30
-15
-2
4
2
-6
-12
-13
-9
3
16
27
31
25
11
-8
-23
-27
-21
-7
7
13
10
1
-8
-12
-10
1
13
22
25
19
7
-9
-24
-32
-29
-18
-4
4
3
-4
-12
-15
-10
1
12
21
25
20
14
2
-9
-17
-16
-9
1
12
12
7
-2
-8
-5
8
19
28
29
24
15
7
2
-5
-7
-4
0
4
3
-5
-16
-26
-29
-25
-13
-3
2
-1
-10
-13
-10
-3
4
8
7
8
8
9
7
2
-5
-6
-1
7
11
9
1
-6
-8
-4
2
6
2
-9
-20
-24
-21
-16
-15
-21
-26
-29
-24
-18
-17
-24
-29
-29
-18
-3
6
3
-12
-29
-39
-35
-21
-6
3
6
5
6
12
16
22
28
40
52
62
63
50
25
1
-11
-10
0
11
15
13
10
12
14
14
12
6
4
6
12
14
2
-23
-52
-71
-71
-57
-34
-17
-8
-8
-10
-11
-9
-2
7
18
25
24
14
-7
-31
-47
-45
-20
18
55
76
77
65
48
36
33
37
43
53
58
58
51
35
15
-2
-8
3
27
54
68
65
47
18
-9
-28
-33
-27
-15
-3
6
3
-9
-25
-38
-44
-37
-22
-10
-10
-32
-67
-100
-114
-106
-73
-33
-4
5
-8
-32
-52
-56
-41
-12
20
41
41
22
-13
-51
-78
-79
-55
-9
38
69
74
57
30
6
-1
9
36
66
88
89
69
30
-12
-41
-45
-20
23
59
68
48
10
-25
-33
-13
24
58
72
64
38
11
-13
-33
-49
-61
-64
-53
-41
-40
-58
-91
-123
-134
-108
-50
10
44
34
-3
-35
-47
-34
-16
-8
-21
-48
-73
-78
-59
-30
-6
3
6
17
41
70
93
101
90
73
60
58
67
80
85
81
74
69
67
63
58
52
46
44
46
57
69
70
52
15
-32
-74
-103
-108
-83
-39
7
33
32
12
-13
-29
-33
-31
-30
-41
-68
-105
-138
-154
-150
-127
-91
-49
-1
40
68
77
70
54
35
20
8
-2
-18
-38
-58
-67
-61
-40
-12
20
54
83
104
115
115
104
80
50
24
6
-11
-31
-61
-95
-122
-134
-128
-98
-47
12
64
95
104
91
67
35
4
-19
-29
-33
-44
-61
-88
-123
-152
-164
-145
-90
-17
56
107
125
111
79
48
39
57
86
106
98
53
-16
-91
-151
-175
-155
-98
-24
47
99
120
109
72
31
8
19
54
93
112
88
22
-69
-150
-189
-176
-126
-63
-12
19
30
27
18
13
18
30
48
66
72
50
-7
-82
-143
-161
-123
-48
33
84
90
56
12
-9
6
51
99
133
138
113
63
4
-49
-83
-89
-73
-37
0
26
32
23
13
18
41
74
104
118
110
83
42
-1
-37
-61
-71
-66
-49
-27
-13
-12
-25
-42
-48
-40
-17
12
37
46
41
25
7
-5
-6
-1
10
24
30
21
-5
-41
-71
-84
-71
-36
6
36
42
29
9
-4
-4
4
13
19
19
19
17
9
-4
-27
-52
-68
-67
-50
-26
-13
-16
-36
-62
-78
-76
-59
-31
-3
10
8
-9
-41
-73
-91
-90
-67
-28
8
31
33
21
6
2
12
33
53
64
68
61
57
56
56
54
53
52
58
72
83
87
87
82
83
97
116
133
138
123
87
49
16
-14
-35
-47
-51
-40
-13
14
30
27
3
-32
-53
-53
-37
-13
-1
-15
-43
-72
-95
-102
-101
-101
-100
-95
-90
-73
-47
-25
-6
7
10
7
0
-17
-35
-48
-60
-64
-56
-47
-36
-17
5
35
74
107
116
102
65
14
-25
-41
-39
-23
-5
-6
-12
-14
-12
3
28
46
56
70
80
86
88
69
32
-6
-36
-51
-42
-27
-25
-35
-53
-71
-69
-48
-20
11
37
51
52
44
19
-14
-43
-62
-61
-41
-20
-12
-21
-47
-76
-90
-88
-67
-35
-4
18
33
37
30
23
16
18
28
40
47
41
17
-17
-47
-59
-46
-10
24
46
54
49
49
66
91
110
111
86
43
6
-13
-22
-24
-29
-45
-57
-55
-41
-18
3
5
-7
-14
-13
-6
7
7
-7
-21
-31
-41
-42
-46
-61
-76
-85
-89
-81
-70
-72
-81
-86
-87
-78
-54
-36
-26
-14
-7
-6
1
1
-10
-15
-11
-3
17
36
35
26
14
-9
-21
-20
-17
-5
21
49
75
103
112
107
110
115
132
169
201
205
193
160
103
58
28
4
9
36
61
87
108
97
77
65
56
64
95
116
119
112
86
42
6
-29
-67
-86
-86
-82
-62
-43
-48
-66
-88
-114
-122
-96
-60
-29
-5
-14
-56
-103
-151
-188
-190
-169
-138
-99
-67
-52
-50
-58
-77
-90
-91
-83
-62
-34
-23
-29
-61
-113
-152
-164
-146
-96
-34
18
52
62
46
27
16
6
3
18
33
41
42
20
-19
-46
-59
-55
-16
47
103
144
163
155
134
121
115
121
147
178
189
184
167
140
124
127
150
194
243
274
277
257
228
201
184
193
208
220
242
240
206
177
148
122
127
139
147
166
167
141
105
53
5
-15
-17
-9
-4
-11
-25
-58
-104
-131
-145
-149
-140
-141
-146
-151
-174
-214
-256
-301
-325
-339
-344
-325
-318
-337
-361
-415
-469
-472
-490
-495
-441
-422
-433
-422
-465
-509
-510
-564
-597
-550
-531
-507
-475
-513
-546
-551
-584
-585
-553
-530
-486
-453
-444
-402
-335
-272
-204
-137
-54
62
195
327
449
542
593
606
613
634
669
722
758
769
784
783
753
729
708
698
734
800
881
976
1042
1061
1056
1023
980
959
944
901
834
738
615
484
363
262
193
141
105
76
49
17
-22
-68
-120
-156
-165
-165
-178
-219
-295
-375
-451
-532
-584
-599
-620
-657
-691
-720
-733
-723
-720
-739
-750
-734
-721
-710
-668
-618
-603
-609
-678
-751
-596
-426
-525
-577
-515
-598
-672
-744
-854
-706
-551
-667
-734
-760
-783
-677
-731
-902
-863
-782
-819
-932
-972
-816
-809
-1034
-1040
-738
-286
223
588
804
964
1004
967
915
915
1044
1089
896
697
610
518
433
389
373
451
608
752
963
1224
1374
1434
1468
1461
1500
1607
1633
1542
1405
1189
891
636
455
292
177
102
23
-15
-19
-28
-36
-58
-73
-57
-40
-1
30
-13
-89
-196
-341
-450
-531
-617
-677
-738
-803
-821
-808
-776
-736
-689
-611
-506
-386
-254
-145
-63
17
98
202
339
451
512
499
398
324
295
241
275
396
399
356
367
321
313
416
479
504
538
521
501
495
437
351
233
60
-92
-169
-195
-225
-296
-406
-558
-718
-796
-774
-712
-659
-639
-685
-776
-853
-925
-983
-1002
-999
-988
-967
-939
-924
-929
-932
-938
-956
-975
-968
-950
-924
-889
-886
-910
-939
-994
-1035
-1022
-981
-932
-895
-903
-966
-1020
-1034
-958
-612
25
667
1186
1631
1871
1895
1868
1763
1593
1508
1437
1247
1045
884
676
427
213
112
132
265
526
820
1060
1247
1306
1276
1293
1317
1321
1351
1303
1136
933
641
290
11
-235
-435
-515
-521
-484
-419
-366
-318
-289
-294
-234
-121
-33
71
155
110
19
-70
-227
-384
-470
-545
-591
-591
-576
-577
-636
-622
-540
-509
-363
-168
-88
54
179
167
211
256
203
220
251
221
247
254
192
165
143
107
98
93
122
199
236
253
303
314
355
454
440
376
331
177
31
-27
-93
-104
-55
-27
-42
-83
-58
-147
-276
-86
-50
-216
-60
-42
-147
-16
-180
-469
-420
-447
-511
-360
-374
-434
-297
-361
-567
-544
-494
-490
-413
-431
-494
-472
-511
-564
-547
-573
-583
-566
-663
-738
-709
-728
-787
-833
-886
-905
-886
-886
-865
-821
-862
-963
-1073
-1216
-1324
-1367
-1416
-1403
-1350
-1377
-1359
-1134
-628
137
919
1456
1661
1641
1526
1368
1231
1194
1152
976
758
547
362
286
253
175
126
239
533
933
1337
1663
1848
1886
1849
1800
1801
1861
1887
1754
1498
1164
745
394
125
-110
-227
-274
-303
-271
-199
-133
-115
-140
-157
-158
-117
-18
54
43
-59
-231
-448
-664
-815
-932
-1008
-1012
-974
-931
-886
-852
-820
-753
-651
-521
-384
-238
-78
38
115
161
149
147
160
179
246
196
223
461
388
319
451
301
307
512
407
443
702
732
775
849
658
568
657
513
394
447
312
141
27
-176
-257
-240
-276
-222
-188
-246
-202
-189
-281
-266
-246
-361
-436
-476
-566
-623
-677
-786
-862
-900
-943
-888
-777
-746
-740
-734
-760
-739
-658
-622
-604
-602
-664
-723
-778
-803
-777
-781
-832
-889
-916
-866
-747
-671
-655
-702
-757
-726
-673
-574
-444
-450
-641
-894
-1133
-1266
-1168
-1019
-970
-984
-999
-812
-279
491
1243
1752
1901
1841
1718
1587
1500
1439
1378
1234
972
670
486
395
319
282
250
357
667
1033
1350
1630
1801
1824
1778
1689
1674
1728
1710
1577
1314
946
558
201
-112
-287
-355
-390
-372
-350
-301
-209
-167
-178
-163
-134
-122
-93
-81
-116
-220
-382
-576
-777
-914
-998
-1046
-1057
-1008
-923
-879
-849
-769
-659
-533
-384
-260
-137
-26
34
82
87
72
79
84
79
85
123
165
198
238
275
296
323
387
497
635
751
847
876
799
726
659
558
506
468
351
207
89
-43
-117
-112
-96
-67
-51
-49
-37
-34
-25
-8
-55
-157
-263
-406
-537
-638
-741
-820
-891
-962
-994
-988
-960
-871
-768
-712
-685
-691
-701
-691
-669
-670
-740
-850
-946
-1009
-1032
-976
-877
-800
-748
-752
-826
-903
-896
-811
-689
-541
-451
-460
-529
-652
-821
-950
-1005
-1047
-1032
-992
-971
-944
-927
-841
-511
96
841
1534
1948
2046
1972
1810
1594
1370
1233
1139
977
794
610
412
258
163
108
148
354
719
1137
1503
1776
1901
1863
1748
1662
1631
1597
1533
1415
1191
853
457
100
-185
-384
-461
-438
-372
-257
-107
-23
-15
-19
-40
-69
-35
28
27
-36
-162
-357
-590
-832
-1019
-1116
-1138
-1081
-982
-889
-810
-755
-750
-749
-650
-476
-315
-172
-58
-2
19
19
12
15
30
79
142
192
258
359
472
565
638
705
763
812
873
916
901
857
766
620
481
394
341
303
264
229
193
149
149
173
175
187
177
121
76
24
-53
-147
-296
-454
-596
-789
-955
-1024
-1086
-1128
-1091
-1074
-1088
-1059
-1047
-1036
-986
-931
-878
-827
-780
-749
-731
-759
-856
-982
-1075
-1107
-1103
-1074
-1013
-945
-883
-825
-772
-678
-561
-496
-420
-400
-460
-484
-562
-643
-653
-779
-973
-1009
-960
-832
-573
-582
-746
-411
161
643
1329
1868
2057
2187
1953
1614
1466
1209
1165
1095
649
538
575
251
139
179
89
274
556
809
1251
1591
1687
1729
1650
1502
1517
1506
1382
1298
1155
883
556
231
-54
-254
-415
-497
-401
-275
-149
61
176
125
117
121
41
41
118
114
-5
-154
-347
-620
-843
-989
-1118
-1162
-1064
-943
-876
-794
-730
-700
-622
-517
-412
-284
-161
-76
-51
-48
-29
-51
-77
-47
-19
33
125
215
347
509
589
621
698
734
783
902
928
899
904
811
660
568
488
424
378
321
286
254
232
264
283
285
302
262
189
153
110
54
-10
-149
-338
-506
-672
-800
-850
-902
-947
-956
-999
-1037
-1017
-1032
-1060
-1055
-1052
-1026
-961
-928
-927
-928
-968
-1056
-1142
-1208
-1221
-1185
-1178
-1179
-1109
-1025
-995
-1013
-1049
-1023
-943
-793
-658
-613
-553
-532
-637
-751
-883
-1048
-1087
-1007
-896
-754
-723
-791
-565
137
980
1652
2122
2301
2247
2104
1886
1675
1606
1604
1429
1064
771
640
487
337
277
251
366
667
983
1310
1661
1835
1789
1692
1622
1620
1642
1568
1404
1164
832
459
97
-198
-353
-448
-520
-474
-383
-282
-127
-50
-84
-80
-54
-65
-20
42
26
-76
-244
-434
-650
-860
-989
-1062
-1087
-1025
-949
-894
-807
-735
-674
-569
-460
-347
-197
-71
-14
38
87
79
35
-2
-14
-17
31
150
275
342
421
534
590
657
789
877
903
912
874
806
744
680
612
529
447
383
310
245
198
145
89
80
113
158
197
205
195
162
85
-35
-194
-353
-487
-606
-692
-736
-779
-840
-900
-937
-966
-966
-913
-864
-794
-731
-756
-811
-887
-961
-969
-954
-942
-951
-1034
-1150
-1234
-1294
-1245
-1110
-1059
-1041
-990
-938
-865
-756
-685
-703
-718
-684
-678
-718
-720
-719
-829
-989
-1021
-953
-860
-692
-611
-629
-445
49
810
1693
2373
2615
2481
2156
1831
1614
1485
1445
1368
1145
867
614
416
280
197
118
132
354
737
1209
1630
1870
1908
1776
1562
1417
1377
1392
1373
1197
895
505
92
-248
-491
-650
-704
-629
-526
-395
-191
-71
-72
-111
-164
-205
-186
-103
-13
-12
-106
-252
-520
-795
-940
-1055
-1104
-1003
-882
-801
-690
-606
-562
-501
-413
-316
-209
-54
99
228
328
350
310
243
188
170
223
318
408
526
645
705
706
710
712
696
718
736
733
774
818
788
745
674
523
366
235
160
164
229
281
297
293
233
111
-32
-121
-161
-183
-187
-226
-317
-459
-634
-812
-972
-1060
-1062
-1028
-979
-909
-860
-860
-915
-992
-1063
-1090
-1053
-1008
-947
-874
-880
-973
-1065
-1105
-1135
-1160
-1162
-1118
-1033
-951
-930
-944
-919
-918
-935
-908
-861
-757
-589
-511
-513
-501
-560
-722
-886
-952
-859
-690
-548
-471
-528
-556
-272
218
795
1472
2003
2228
2211
2054
1889
1764
1640
1571
1511
1350
1211
1119
937
731
590
429
328
458
759
1106
1419
1616
1651
1554
1406
1281
1211
1182
1156
1065
885
629
347
102
-160
-405
-512
-516
-482
-378
-263
-213
-202
-245
-311
-368
-390
-331
-259
-231
-223
-266
-387
-518
-630
-730
-798
-826
-787
-721
-656
-592
-546
-543
-545
-478
-389
-293
-145
38
180
280
364
409
422
431
474
508
549
653
726
758
813
810
742
721
696
658
688
704
677
668
636
547
470
392
310
272
264
293
300
262
234
188
85
6
-40
-131
-216
-310
-432
-540
-652
-760
-840
-931
-1028
-1095
-1149
-1149
-1119
-1092
-1023
-961
-918
-867
-846
-896
-944
-981
-1049
-1078
-1082
-1060
-996
-939
-940
-965
-1008
-1083
-1117
-1085
-968
-773
-602
-517
-476
-459
-544
-711
-809
-739
-597
-533
-621
-702
-595
-569
-709
-766
-775
-842
-756
-325
466
1496
2344
2712
2594
2255
2037
1868
1642
1612
1751
1625
1328
1087
762
446
235
-49
-309
-209
196
724
1214
1512
1653
1582
1336
1131
1101
1193
1330
1353
1163
906
598
218
-157
-444
-596
-609
-566
-522
-373
-225
-202
-244
-323
-389
-356
-233
-106
21
116
129
11
-179
-301
-415
-536
-603
-634
-637
-569
-507
-529
-521
-484
-466
-444
-372
-225
-32
170
328
411
448
513
512
448
468
505
565
703
803
814
838
824
731
688
664
648
673
694
711
710
639
523
389
237
180
159
120
173
228
219
212
143
2
-70
-134
-244
-318
-423
-529
-613
-750
-875
-965
-1097
-1207
-1274
-1355
-1320
-1181
-1068
-952
-873
-868
-898
-973
-1076
-1102
-1082
-1079
-1093
-1212
-1325
-1304
-1247
-1196
-1116
-1104
-1115
-1016
-944
-868
-622
-399
-387
-468
-594
-759
-794
-697
-588
-523
-537
-590
-700
-799
-786
-787
-875
-861
-631
-63
934
1959
2648
2954
2853
2531
2226
1979
1905
1989
1948
1772
1514
1140
855
614
220
-136
-298
-261
73
573
1030
1415
1550
1422
1267
1132
1128
1332
1466
1426
1323
1082
751
418
27
-290
-486
-677
-789
-751
-650
-510
-406
-441
-515
-558
-539
-413
-253
-93
84
164
118
60
-37
-178
-287
-403
-512
-544
-527
-507
-504
-520
-524
-538
-567
-526
-417
-253
-21
190
341
493
615
654
650
633
641
700
754
813
883
886
850
810
693
586
594
579
511
502
501
454
382
307
243
176
165
220
233
269
385
397
297
192
52
-80
-152
-227
-315
-421
-568
-708
-880
-1063
-1150
-1215
-1297
-1318
-1305
-1240
-1098
-1005
-955
-897
-910
-956
-999
-1081
-1109
-1083
-1108
-1123
-1102
-1070
-1006
-993
-1050
-1121
-1204
-1197
-1061
-887
-701
-559
-544
-596
-679
-728
-653
-582
-575
-536
-531
-576
-572
-566
-595
-632
-709
-735
-529
63
999
1888
2442
2701
2668
2409
2174
2014
1950
2025
2046
1912
1652
1344
1098
822
406
21
-198
-248
-43
325
681
984
1139
1098
966
875
915
1086
1213
1235
1194
1054
870
669
419
167
-55
-291
-506
-658
-709
-633
-558
-539
-546
-584
-632
-632
-577
-477
-329
-183
-80
-22
40
111
116
67
-9
-125
-216
-252
-289
-291
-245
-242
-265
-314
-378
-346
-219
-76
90
250
369
491
622
752
850
894
929
934
892
902
949
957
956
899
726
552
423
314
271
272
248
196
124
64
45
40
53
69
43
-1
-43
-95
-122
-132
-181
-271
-412
-580
-706
-810
-922
-1005
-1081
-1173
-1230
-1265
-1304
-1305
-1275
-1244
-1224
-1209
-1179
-1145
-1115
-1069
-1056
-1090
-1105
-1105
-1101
-1068
-1033
-999
-938
-907
-912
-892
-855
-788
-701
-664
-638
-562
-497
-450
-362
-288
-267
-278
-348
-470
-532
-458
-347
-289
-245
-195
-95
215
683
1184
1730
2150
2313
2323
2217
2080
2081
2117
2088
2053
1956
1808
1660
1456
1240
1029
743
478
280
117
129
251
325
418
493
466
443
424
379
401
418
406
440
460
475
536
545
494
404
224
27
-131
-287
-365
-362
-400
-466
-547
-674
-768
-785
-781
-752
-677
-579
-469
-364
-268
-172
-90
-35
3
29
63
122
166
185
179
156
140
143
162
196
238
260
270
307
356
389
434
494
537
589
662
721
770
801
775
707
639
582
543
516
501
492
457
401
341
263
187
132
64
-14
-80
-130
-165
-217
-299
-378
-443
-513
-582
-671
-763
-806
-839
-885
-920
-962
-1006
-1029
-1044
-1040
-995
-952
-919
-886
-875
-880
-893
-919
-950
-984
-1024
-1055
-1077
-1083
-1070
-1066
-1050
-1002
-938
-851
-748
-661
-588
-536
-503
-446
-389
-356
-320
-281
-248
-209
-150
-92
-75
-95
-104
-140
-212
-226
-171
-57
181
507
803
1035
1210
1309
1356
1377
1426
1523
1633
1741
1849
1917
1939
1963
1953
1870
1738
1588
1423
1244
1059
899
778
647
500
347
173
11
-86
-154
-236
-296
-326
-335
-317
-271
-196
-111
-48
4
60
86
100
136
133
76
20
-20
-73
-130
-152
-159
-175
-176
-172
-213
-264
-299
-352
-399
-405
-393
-362
-306
-274
-252
-219
-196
-169
-128
-90
-45
20
84
136
193
256
311
361
409
445
481
523
548
566
583
570
521
477
435
380
336
317
294
245
195
136
77
45
32
2
-23
-29
-52
-89
-115
-141
-161
-165
-195
-257
-323
-385
-437
-475
-506
-540
-570
-601
-640
-665
-668
-660
-651
-636
-622
-602
-579
-578
-589
-599
-608
-606
-603
-608
-603
-602
-618
-600
-564
-537
-485
-430
-394
-345
-296
-258
-205
-163
-121
-58
-10
39
104
172
249
335
389
403
397
381
370
362
374
406
409
370
306
228
152
101
49
7
2
14
33
58
89
132
184
218
241
273
307
360
423
472
503
527
539
547
562
572
575
565
537
479
420
387
382
413
447
468
483
471
415
345
292
248
216
195
181
152
109
80
42
-2
-14
-9
-9
9
43
62
89
114
122
130
140
147
157
162
145
126
106
72
37
7
-10
-26
-40
-57
-82
-123
-162
-191
-216
-222
-212
-200
-167
-115
-79
-55
-43
-47
-45
-28
-30
-33
-23
-18
-24
-37
-39
-14
-1
-4
-3
-17
-23
3
23
44
94
131
140
122
75
36
10
-23
-42
-61
-97
-118
-135
-181
-226
-275
-324
-341
-327
-309
-287
-276
-275
-276
-294
-314
-327
-349
-356
-345
-348
-340
-312
-293
-269
-236
-236
-254
-261
-267
-264
-234
-193
-148
-101
-58
-14
36
88
132
148
144
131
114
109
131
172
210
239
233
198
153
106
70
70
88
111
143
160
161
163
161
155
158
168
186
211
221
221
218
198
155
101
54
15
-14
-33
-48
-81
-118
-148
-178
-184
-141
-70
9
75
118
132
114
90
99
109
121
155
186
208
234
249
247
246
249
268
280
287
322
370
399
428
444
432
421
416
399
391
390
388
386
377
367
377
391
369
327
279
236
206
185
152
124
111
107
98
74
58
46
10
-34
-71
-112
-152
-183
-236
-302
-353
-400
-433
-445
-435
-424
-409
-408
-414
-415
-402
-371
-335
-306
-285
-283
-293
-311
-330
-351
-359
-368
-367
-362
-368
-375
-386
-411
-440
-451
-451
-426
-387
-340
-296
-249
-206
-180
-174
-166
-149
-124
-89
-34
25
92
147
176
184
182
180
187
208
228
255
283
309
335
361
379
388
386
377
360
327
294
276
267
267
274
266
242
201
145
85
33
-7
-26
-49
-77
-94
-108
-130
-135
-122
-111
-83
-51
-38
-24
-7
-1
-1
-7
-16
-27
-51
-76
-89
-117
-138
-143
-147
-135
-101
-70
-26
23
65
92
88
71
68
67
80
110
131
147
157
147
132
124
119
130
152
175
208
249
282
309
321
321
318
316
319
321
312
302
295
270
248
236
216
187
158
132
113
99
77
61
65
92
124
142
147
152
157
148
121
91
63
26
-30
-97
-169
-230
-281
-330
-368
-392
-403
-399
-397
-405
-409
-402
-388
-361
-321
-274
-226
-181
-145
-116
-102
-99
-97
-108
-130
-136
-141
-159
-171
-185
-211
-224
-224
-211
-194
-186
-177
-170
-181
-195
-194
-201
-203
-188
-176
-171
-142
-101
-66
-22
23
62
91
104
117
130
141
172
212
245
279
311
332
355
368
365
352
321
294
290
283
286
301
291
254
204
144
90
59
36
10
-20
-45
-59
-71
-82
-80
-80
-81
-76
-62
-39
-5
11
6
-16
-62
-113
-155
-197
-219
-225
-231
-237
-235
-222
-191
-161
-131
-91
-61
-31
3
28
36
54
73
83
94
107
114
119
115
105
90
84
87
100
123
157
187
209
230
246
261
280
298
303
295
273
252
240
239
235
217
183
141
93
51
18
0
5
21
36
58
74
78
80
74
59
61
71
62
48
25
-7
-45
-90
-155
-212
-253
-286
-294
-279
-259
-245
-252
-277
-298
-298
-281
-241
-195
-152
-120
-114
-114
-105
-96
-90
-76
-65
-60
-50
-51
-64
-68
-65
-59
-53
-42
-34
-29
-38
-42
-51
-68
-73
-71
-71
-60
-43
-32
-20
-5
11
28
43
57
67
66
62
62
63
64
67
74
82
81
92
122
150
168
179
168
150
147
145
142
142
137
117
78
29
-11
-46
-80
-99
-113
-128
-130
-132
-139
-135
-131
-128
-116
-97
-64
-24
-1
12
11
-14
-44
-77
-110
-130
-144
-160
-166
-157
-141
-107
-66
-34
-2
27
45
58
67
75
83
93
111
129
134
135
126
109
96
91
88
96
111
125
139
157
182
210
227
238
249
249
236
210
171
142
116
86
65
46
34
26
0
-39
-61
-70
-57
-18
20
58
92
105
104
98
85
78
71
52
36
16
-16
-49
-89
-138
-181
-218
-242
-249
-249
-241
-236
-248
-250
-236
-223
-201
-175
-169
-167
-159
-157
-144
-130
-113
-92
-76
-72
-69
-73
-77
-64
-49
-22
18
58
92
111
111
103
93
80
70
66
66
80
95
102
103
96
83
83
94
101
110
115
114
97
75
58
39
27
30
38
47
62
69
59
46
27
11
4
12
32
49
51
35
0
-42
-74
-93
-96
-89
-80
-72
-67
-66
-68
-75
-95
-110
-116
-115
-92
-65
-45
-36
-43
-70
-102
-128
-147
-151
-147
-139
-121
-96
-62
-21
17
43
64
84
108
131
158
181
190
194
193
187
172
161
142
117
92
72
55
45
48
44
38
36
37
47
70
92
99
97
81
59
43
33
27
26
17
7
-2
-18
-39
-68
-104
-125
-132
-120
-84
-38
0
33
47
37
29
16
12
20
33
42
42
26
0
-39
-87
-115
-119
-113
-94
-75
-65
-59
-52
-49
-41
-33
-26
-23
-32
-32
-31
-33
-34
-34
-44
-49
-51
-49
-39
-32
-26
-17
-11
-2
14
32
49
65
62
48
27
3
-7
-16
-27
-29
-20
-12
-1
11
18
29
36
35
28
14
0
-11
-22
-29
-18
-3
5
5
-1
-6
-9
-20
-33
-43
-51
-49
-49
-53
-55
-63
-80
-99
-107
-101
-83
-69
-58
-45
-31
-9
12
29
40
47
53
59
69
89
108
110
94
68
36
7
-15
-36
-52
-62
-68
-62
-50
-25
6
32
51
70
89
109
141
169
194
219
238
252
263
269
271
266
252
234
215
196
180
159
129
97
74
52
38
26
10
-12
-47
-87
-128
-164
-182
-182
-179
-175
-168
-173
-185
-198
-216
-229
-230
-216
-180
-128
-72
-17
20
34
33
29
23
25
38
40
28
-1
-37
-73
-109
-130
-138
-137
-134
-130
-131
-135
-133
-130
-121
-104
-77
-49
-23
-6
7
20
32
40
42
44
42
43
50
55
58
60
62
55
58
65
73
84
90
89
75
60
51
46
41
38
34
28
31
36
40
50
60
58
47
29
4
-11
-23
-28
-29
-26
-18
-17
-19
-22
-24
-30
-40
-53
-66
-68
-68
-65
-63
-63
-59
-58
-64
-66
-68
-71
-74
-81
-91
-88
-77
-68
-51
-34
-20
-4
12
31
50
64
76
80
77
76
74
72
68
69
69
76
90
99
110
114
110
112
119
131
144
154
156
157
152
152
160
168
176
182
178
170
164
154
139
115
83
54
33
23
25
35
40
43
39
24
10
-5
-20
-36
-51
-64
-74
-86
-106
-134
-173
-214
-246
-265
-257
-227
-188
-152
-128
-116
-103
-90
-76
-57
-40
-23
-10
-10
-19
-28
-42
-55
-62
-72
-72
-67
-71
-79
-94
-110
-117
-118
-111
-91
-71
-58
-43
-35
-27
-12
-1
0
4
-1
-5
-2
6
23
43
60
73
90
101
113
121
120
115
102
85
66
47
35
27
22
19
23
22
22
21
12
3
-2
-4
-1
7
15
23
21
13
2
-7
-16
-15
-17
-24
-27
-35
-50
-64
-82
-99
-109
-110
-104
-89
-69
-55
-48
-51
-59
-61
-60
-46
-27
-8
8
17
23
29
31
33
32
29
25
26
28
33
38
37
32
30
30
44
64
81
93
92
85
78
77
78
85
96
111
135
164
194
219
221
208
183
156
134
123
110
92
69
44
20
5
-4
-7
-10
-17
-25
-31
-35
-35
-38
-49
-64
-76
-84
-85
-85
-92
-106
-125
-139
-141
-134
-121
-107
-100
-98
-95
-89
-80
-67
-60
-60
-67
-77
-82
-79
-75
-69
-70
-70
-70
-66
-61
-55
-51
-49
-46
-42
-31
-10
9
26
33
36
35
33
29
24
16
9
-1
-10
-16
-15
-11
-9
-6
3
14
29
45
61
79
97
115
123
127
119
109
98
88
88
92
94
87
65
41
15
-3
-16
-21
-22
-20
-19
-19
-20
-19
-20
-21
-23
-23
-22
-21
-25
-38
-59
-85
-109
-124
-129
-125
-117
-108
-100
-94
-86
-77
-65
-48
-26
-4
16
31
38
37
27
13
3
2
11
24
39
50
55
55
51
43
43
47
56
65
74
84
93
97
99
99
101
104
108
112
115
117
115
109
107
108
112
112
102
82
57
37
20
9
5
6
9
13
13
11
5
-6
-24
-46
-68
-83
-90
-93
-96
-97
-107
-118
-135
-149
-163
-169
-166
-155
-141
-122
-104
-88
-73
-61
-50
-38
-29
-22
-18
-15
-13
-15
-23
-33
-45
-54
-62
-65
-59
-50
-36
-20
-6
8
24
39
52
61
66
65
57
46
32
22
20
20
22
20
18
12
11
9
13
20
29
39
47
56
66
72
75
70
67
61
57
56
50
43
33
19
4
-8
-15
-17
-17
-15
-14
-9
-3
1
3
3
1
0
-1
-1
-5
-14
-27
-49
-70
-86
-98
-103
-103
-100
-96
-87
-78
-67
-53
-39
-22
2
29
62
93
117
129
131
123
110
97
83
75
67
61
57
53
49
43
37
33
30
34
39
44
48
49
46
41
37
37
42
49
54
57
55
50
42
31
21
12
4
1
-1
-1
0
0
-2
-4
-7
-5
0
3
6
4
-4
-13
-24
-37
-49
-59
-70
-79
-89
-96
-102
-110
-117
-128
-134
-138
-132
-123
-112
-103
-100
-97
-97
-92
-78
-66
-56
-48
-47
-50
-53
-56
-55
-54
-53
-48
-38
-20
3
23
39
48
52
57
65
72
79
87
89
89
89
87
82
74
58
39
24
13
7
7
5
4
1
1
4
9
17
28
34
43
56
67
80
90
89
82
71
59
55
56
54
48
35
12
-12
-28
-38
-41
-40
-43
-43
-44
-45
-42
-44
-50
-65
-81
-94
-96
-92
-80
-72
-69
-71
-75
-78
-74
-64
-55
-44
-31
-13
6
24
36
44
49
52
62
76
88
98
101
99
93
89
89
91
91
91
89
85
80
76
70
62
53
42
34
28
24
22
18
12
11
15
27
44
56
56
47
33
21
23
35
49
61
57
41
22
1
-11
-14
-15
-10
-4
-12
-33
-68
-118
-144
-152
-135
-92
-59
-39
-40
-69
-106
-128
-137
-120
-86
-52
-19
1
0
-10
-30
-52
-61
-65
-62
-47
-33
-20
-8
-2
2
4
2
8
16
22
33
42
46
52
53
51
42
28
14
5
-1
0
1
0
-3
-6
-10
-11
-8
-6
-3
-6
-9
-12
-17
-20
-22
-20
-11
0
11
21
28
30
34
35
34
35
32
26
22
21
23
29
31
28
21
7
-8
-19
-27
-28
-21
-14
-7
-8
-15
-22
-30
-35
-33
-30
-32
-36
-41
-41
-42
-43
-42
-41
-41
-31
-7
22
51
75
90
97
93
88
89
86
82
85
86
84
79
69
55
34
18
17
29
45
66
86
95
93
83
66
49
29
19
20
20
19
16
4
-16
-40
-59
-68
-76
-78
-71
-63
-60
-55
-53
-53
-54
-54
-48
-42
-40
-35
-31
-36
-43
-53
-64
-77
-89
-88
-75
-63
-48
-35
-31
-35
-37
-36
-31
-23
-15
-4
-2
-10
-22
-37
-55
-68
-70
-60
-52
-44
-36
-33
-32
-25
-9
10
31
48
65
80
87
94
99
95
91
92
92
95
97
89
76
61
45
38
34
33
31
26
16
6
-1
-1
2
0
2
6
14
27
41
49
46
32
15
1
-9
-14
-15
-18
-24
-36
-51
-65
-78
-89
-91
-83
-69
-50
-31
-18
-14
-20
-30
-36
-37
-31
-21
-12
-9
-7
-7
-9
-15
-28
-40
-53
-59
-53
-42
-26
-11
-1
5
7
5
9
16
25
34
43
57
70
80
85
82
70
57
48
45
50
58
65
68
65
59
56
52
49
51
52
53
52
47
45
42
34
22
8
-11
-27
-40
-54
-64
-70
-70
-66
-64
-61
-57
-51
-43
-29
-11
4
17
23
20
12
2
-5
-9
-12
-13
-14
-16
-18
-19
-22
-26
-33
-36
-29
-14
6
27
38
39
28
12
-9
-24
-32
-29
-22
-18
-20
-27
-39
-48
-55
-60
-54
-36
-12
15
37
55
64
69
71
75
80
87
89
86
78
61
40
13
-14
-36
-51
-59
-61
-59
-57
-61
-70
-84
-101
-108
-102
-86
-67
-52
-43
-38
-37
-46
-55
-54
-43
-35
-34
-43
-55
-64
-75
-82
-85
-81
-75
-73
-76
-77
-71
-63
-56
-53
-42
-24
0
26
53
73
84
85
74
65
70
91
119
136
138
129
118
110
112
134
172
214
240
243
233
230
245
271
294
307
308
294
272
250
240
250
271
284
283
277
269
268
274
283
297
311
318
315
304
293
282
271
254
227
193
157
125
103
89
77
57
26
-15
-53
-70
-63
-42
-28
-34
-60
-94
-119
-129
-113
-85
-71
-87
-136
-191
-232
-246
-239
-223
-215
-237
-287
-347
-394
-412
-404
-386
-376
-384
-414
-463
-522
-578
-621
-650
-671
-699
-739
-785
-838
-899
-956
-991
-989
-959
-929
-929
-956
-978
-973
-943
-890
-803
-691
-582
-510
-477
-445
-365
-221
-35
178
401
596
729
795
854
992
1230
1516
1761
1910
1971
1971
1939
1931
2001
2139
2263
2279
2158
1965
1791
1672
1596
1528
1444
1326
1142
896
644
449
320
216
95
-40
-154
-234
-300
-365
-419
-446
-454
-455
-435
-365
-252
-146
-96
-97
-93
-45
40
130
206
254
252
188
84
1
-20
4
4
-69
-200
-351
-508
-665
-802
-889
-933
-985
-1092
-1247
-1402
-1515
-1579
-1612
-1618
-1607
-1608
-1649
-1713
-1749
-1722
-1641
-1548
-1468
-1398
-1331
-1282
-1252
-1215
-1134
-1021
-928
-896
-916
-950
-978
-1015
-1065
-1088
-1061
-1023
-1048
-1163
-1288
-1273
-1004
-530
-42
262
315
217
152
300
745
1418
2110
2563
2638
2420
2187
2209
2557
3066
3474
3599
3414
3035
2642
2393
2351
2431
2440
2232
1817
1327
902
596
368
154
-77
-334
-613
-881
-1082
-1202
-1289
-1408
-1544
-1624
-1584
-1432
-1256
-1134
-1075
-1039
-988
-871
-644
-310
34
264
329
293
292
423
659
916
1118
1208
1157
1003
859
829
934
1087
1155
1064
857
639
475
386
373
397
386
298
137
-43
-173
-222
-221
-229
-261
-303
-345
-386
-413
-414
-401
-385
-371
-361
-344
-309
-283
-296
-340
-380
-401
-406
-404
-410
-446
-528
-646
-774
-869
-898
-883
-890
-963
-1111
-1293
-1448
-1521
-1503
-1443
-1405
-1443
-1551
-1690
-1792
-1802
-1710
-1545
-1377
-1279
-1295
-1393
-1484
-1478
-1363
-1213
-1122
-1120
-1164
-1231
-1316
-1328
-1069
-458
245
626
523
200
86
391
1013
1731
2375
2778
2775
2414
2075
2185
2788
3492
3850
3737
3352
2938
2626
2475
2523
2687
2708
2377
1773
1196
851
684
508
242
-49
-307
-567
-854
-1095
-1204
-1245
-1344
-1503
-1575
-1456
-1238
-1097
-1100
-1125
-1034
-827
-583
-323
-33
216
311
264
247
426
766
1073
1200
1169
1086
1002
934
929
1032
1168
1174
973
660
411
304
287
281
262
203
62
-173
-395
-474
-389
-264
-225
-278
-353
-402
-425
-417
-343
-198
-51
9
-25
-63
-45
11
50
73
115
175
192
127
8
-106
-187
-262
-355
-440
-498
-577
-737
-961
-1161
-1271
-1302
-1317
-1367
-1450
-1545
-1655
-1774
-1842
-1800
-1696
-1629
-1636
-1672
-1671
-1615
-1530
-1447
-1358
-1251
-1168
-1140
-1126
-1076
-1019
-1000
-993
-938
-852
-808
-860
-968
-1046
-1079
-1096
-1008
-631
-14
447
425
62
-181
9
588
1294
1915
2333
2415
2114
1713
1718
2322
3150
3644
3589
3183
2748
2478
2411
2525
2746
2848
2565
1928
1300
987
941
902
710
399
74
-231
-538
-800
-906
-891
-938
-1115
-1261
-1238
-1116
-1052
-1100
-1150
-1059
-833
-596
-412
-236
-85
-37
-60
18
310
702
976
1019
908
817
845
950
1082
1230
1321
1236
980
727
640
711
802
780
643
494
396
307
210
154
161
163
103
24
-13
7
21
-29
-119
-149
-79
16
61
61
44
-4
-66
-79
-9
100
155
84
-74
-197
-226
-210
-218
-258
-321
-436
-597
-745
-820
-835
-868
-975
-1125
-1233
-1263
-1259
-1281
-1331
-1386
-1434
-1466
-1467
-1429
-1390
-1393
-1435
-1460
-1435
-1381
-1323
-1277
-1264
-1293
-1321
-1301
-1227
-1140
-1101
-1144
-1236
-1303
-1323
-1308
-1284
-1295
-1338
-1269
-937
-449
-116
-115
-303
-400
-213
277
910
1477
1801
1800
1572
1434
1691
2296
2898
3186
3111
2818
2523
2401
2490
2696
2840
2748
2376
1896
1545
1393
1330
1222
1019
736
423
126
-118
-279
-380
-493
-666
-828
-890
-872
-874
-946
-1028
-1032
-923
-767
-631
-531
-457
-418
-399
-328
-150
95
288
342
285
234
274
388
510
587
604
542
421
307
282
339
392
373
291
199
116
42
-18
-39
-28
-38
-112
-222
-293
-303
-305
-331
-356
-357
-346
-346
-375
-422
-457
-467
-469
-467
-451
-449
-498
-582
-643
-662
-668
-693
-757
-862
-980
-1080
-1154
-1198
-1217
-1260
-1372
-1534
-1672
-1735
-1729
-1707
-1712
-1750
-1804
-1855
-1892
-1878
-1797
-1683
-1610
-1600
-1607
-1566
-1476
-1389
-1315
-1216
-1097
-1020
-1011
-1009
-948
-818
-680
-609
-615
-633
-625
-609
-580
-526
-462
-352
-111
248
564
696
681
682
859
1266
1798
2297
2658
2828
2806
2738
2879
3311
3844
4217
4296
4146
3953
3873
3927
4054
4169
4165
3939
3542
3160
2931
2832
2750
2573
2267
1898
1546
1246
1011
860
737
555
308
73
-101
-215
-288
-362
-430
-448
-420
-404
-406
-389
-364
-352
-340
-293
-208
-105
-31
-36
-91
-109
-73
-39
-27
-25
-63
-149
-243
-308
-338
-350
-391
-512
-677
-799
-861
-910
-967
-1042
-1158
-1301
-1420
-1484
-1507
-1517
-1558
-1660
-1784
-1856
-1861
-1840
-1817
-1808
-1843
-1908
-1958
-1967
-1939
-1892
-1857
-1871
-1925
-1981
-2019
-2043
-2060
-2075
-2099
-2134
-2183
-2252
-2329
-2388
-2422
-2445
-2466
-2476
-2483
-2509
-2558
-2612
-2642
-2638
-2610
-2578
-2554
-2549
-2562
-2561
-2517
-2431
-2345
-2290
-2260
-2225
-2161
-2066
-1948
-1826
-1725
-1670
-1636
-1569
-1449
-1319
-1227
-1165
-1096
-1013
-923
-785
-515
-122
244
424
442
499
759
1203
1678
2067
2356
2554
2673
2774
2981
3347
3755
4011
4038
3941
3878
3921
4015
4079
4075
3985
3787
3514
3274
3142
3067
2930
2672
2349
2056
1830
1642
1457
1282
1123
956
780
641
571
533
465
360
278
274
341
409
437
446
455
463
491
578
723
864
935
933
918
962
1062
1153
1198
1211
1210
1183
1144
1141
1175
1196
1161
1069
970
909
865
795
720
678
641
539
378
241
162
103
9
-123
-245
-329
-419
-556
-699
-787
-846
-940
-1069
-1190
-1285
-1385
-1520
-1672
-1790
-1863
-1947
-2079
-2214
-2308
-2387
-2496
-2614
-2684
-2688
-2680
-2725
-2812
-2871
-2864
-2824
-2793
-2754
-2688
-2625
-2602
-2596
-2540
-2410
-2262
-2175
-2149
-2107
-2005
-1886
-1799
-1744
-1683
-1603
-1520
-1440
-1350
-1257
-1213
-1244
-1299
-1302
-1236
-1163
-1144
-1175
-1214
-1246
-1285
-1284
-1135
-792
-408
-207
-249
-351
-288
10
448
894
1274
1533
1615
1568
1597
1884
2366
2779
2924
2844
2711
2645
2661
2726
2808
2830
2690
2373
2032
1830
1755
1653
1430
1133
855
612
366
120
-78
-217
-355
-534
-700
-785
-819
-883
-987
-1050
-1005
-882
-764
-693
-640
-571
-486
-388
-239
-19
215
377
443
483
576
733
906
1045
1147
1209
1221
1199
1195
1251
1334
1363
1307
1213
1136
1078
1025
988
988
996
931
769
593
509
533
577
575
527
451
343
209
109
111
192
237
158
-7
-151
-223
-241
-232
-205
-190
-239
-375
-528
-600
-564
-500
-493
-552
-634
-719
-808
-873
-880
-839
-809
-837
-911
-973
-986
-959
-925
-893
-867
-867
-898
-935
-945
-919
-879
-856
-858
-882
-916
-945
-963
-968
-969
-979
-1001
-1017
-1015
-1017
-1047
-1103
-1144
-1152
-1133
-1103
-1062
-967
-767
-505
-304
-230
-219
-138
106
495
911
1232
1414
1490
1533
1642
1897
2260
2572
2696
2638
2513
2458
2504
2587
2618
2557
2400
2158
1899
1703
1583
1462
1274
1016
736
477
249
36
-166
-338
-498
-664
-824
-951
-1048
-1134
-1206
-1240
-1230
-1183
-1136
-1121
-1123
-1101
-1020
-883
-712
-554
-454
-410
-384
-324
-207
-36
146
267
296
257
215
232
332
465
546
535
449
349
291
288
315
326
309
262
198
138
87
39
-15
-65
-92
-100
-104
-140
-225
-341
-439
-487
-479
-433
-403
-435
-529
-634
-686
-658
-577
-503
-483
-521
-586
-635
-630
-552
-445
-376
-382
-448
-511
-519
-475
-412
-372
-372
-408
-460
-501
-520
-517
-510
-521
-556
-602
-649
-695
-726
-737
-747
-772
-813
-859
-901
-921
-930
-945
-962
-976
-1005
-1063
-1114
-1121
-1092
-1048
-1019
-1026
-1068
-1112
-1127
-1050
-813
-474
-214
-155
-228
-249
-62
330
771
1103
1267
1298
1278
1337
1589
1991
2343
2478
2394
2234
2158
2231
2374
2466
2440
2272
1994
1708
1524
1444
1370
1208
949
643
357
109
-110
-295
-431
-544
-682
-842
-981
-1089
-1187
-1280
-1334
-1306
-1208
-1112
-1087
-1122
-1136
-1073
-935
-746
-551
-410
-352
-347
-322
-212
-7
232
411
493
503
491
502
578
718
850
914
889
809
731
703
711
717
717
710
660
531
363
230
165
149
145
106
21
-84
-211
-341
-405
-364
-285
-257
-300
-386
-470
-500
-461
-385
-302
-239
-237
-292
-326
-285
-207
-136
-92
-91
-124
-161
-189
-212
-221
-212
-223
-273
-333
-389
-457
-522
-554
-571
-602
-661
-750
-835
-862
-844
-855
-903
-945
-966
-994
-1027
-1039
-1032
-1011
-1002
-1024
-1056
-1042
-1003
-1005
-1038
-1042
-1000
-953
-956
-1000
-1002
-842
-550
-294
-196
-193
-161
-37
198
518
869
1177
1354
1370
1354
1497
1827
2173
2373
2416
2370
2303
2271
2292
2352
2386
2311
2075
1773
1564
1464
1359
1168
906
621
356
131
-62
-210
-337
-500
-737
-968
-1078
-1092
-1115
-1199
-1297
-1345
-1327
-1274
-1220
-1140
-1029
-939
-898
-836
-686
-490
-335
-237
-139
5
179
328
422
499
586
658
703
751
831
897
900
837
760
717
708
691
640
582
518
412
250
100
28
22
13
-64
-197
-326
-424
-490
-510
-475
-424
-432
-531
-648
-694
-658
-575
-498
-431
-385
-384
-436
-481
-447
-344
-241
-205
-227
-259
-284
-308
-319
-299
-256
-233
-279
-372
-446
-475
-491
-514
-535
-549
-575
-646
-747
-809
-811
-787
-781
-805
-816
-831
-885
-959
-989
-947
-872
-832
-860
-916
-962
-1005
-1032
-1012
-930
-827
-801
-875
-945
-898
-683
-367
-104
24
48
57
144
389
765
1154
1431
1513
1473
1474
1621
1914
2229
2418
2437
2326
2173
2102
2151
2238
2263
2159
1930
1668
1459
1310
1208
1100
932
704
431
171
-23
-168
-297
-425
-562
-703
-830
-956
-1074
-1139
-1150
-1129
-1096
-1078
-1073
-1065
-1045
-990
-876
-706
-516
-364
-285
-241
-175
-61
104
291
441
532
559
546
558
625
731
825
859
828
755
664
584
559
578
592
543
399
225
100
26
-27
-85
-161
-241
-328
-428
-504
-526
-519
-536
-596
-660
-673
-630
-584
-553
-533
-516
-491
-463
-422
-344
-257
-209
-198
-189
-161
-114
-81
-76
-76
-81
-102
-138
-172
-187
-195
-231
-295
-360
-417
-469
-521
-576
-618
-656
-722
-804
-870
-910
-939
-978
-1036
-1086
-1114
-1132
-1162
-1197
-1219
-1226
-1247
-1283
-1297
-1268
-1219
-1194
-1210
-1180
-996
-693
-422
-292
-284
-262
-106
202
587
945
1180
1255
1219
1221
1413
1763
2095
2253
2211
2063
1951
1943
2006
2087
2098
1964
1698
1402
1211
1137
1084
955
728
445
178
-31
-190
-305
-395
-525
-711
-895
-1023
-1092
-1126
-1167
-1198
-1203
-1180
-1147
-1111
-1062
-983
-887
-780
-641
-469
-317
-202
-125
-44
88
265
436
566
648
686
711
750
827
934
1014
1035
989
901
817
768
739
716
691
629
523
395
282
213
180
159
115
29
-87
-188
-248
-265
-246
-235
-259
-303
-345
-369
-364
-336
-301
-272
-264
-267
-272
-266
-238
-205
-181
-171
-158
-150
-148
-148
-154
-157
-160
-166
-178
-189
-198
-226
-280
-340
-368
-375
-378
-386
-412
-463
-530
-603
-658
-666
-651
-664
-720
-805
-884
-946
-993
-1021
-1032
-1043
-1068
-1107
-1153
-1181
-1176
-1170
-1178
-1202
-1213
-1157
-981
-729
-529
-452
-451
-404
-224
81
431
737
943
1031
1058
1134
1362
1713
2017
2137
2089
1986
1922
1956
2054
2138
2139
1993
1722
1447
1291
1235
1185
1051
814
530
246
3
-169
-282
-385
-523
-718
-927
-1071
-1145
-1193
-1224
-1241
-1244
-1225
-1188
-1148
-1095
-1030
-959
-859
-708
-519
-343
-213
-118
-13
127
284
445
579
667
701
702
709
767
863
923
913
846
747
645
575
546
535
508
406
242
85
-12
-49
-61
-86
-139
-223
-325
-405
-418
-378
-320
-288
-305
-348
-373
-368
-336
-268
-191
-137
-116
-117
-110
-70
-3
65
111
138
148
139
113
108
136
173
173
126
50
-24
-85
-147
-207
-242
-254
-288
-362
-437
-499
-539
-553
-552
-554
-580
-646
-740
-809
-812
-767
-731
-744
-788
-849
-906
-931
-918
-901
-893
-902
-948
-1005
-1029
-1017
-987
-956
-941
-913
-808
-626
-442
-332
-287
-221
-84
129
397
655
850
956
983
1011
1150
1399
1635
1756
1757
1700
1645
1631
1671
1741
1772
1698
1509
1283
1138
1084
1032
923
759
555
341
163
44
-26
-89
-201
-359
-498
-575
-609
-630
-632
-605
-585
-595
-596
-553
-464
-362
-294
-261
-211
-134
-75
-45
-14
36
96
141
163
168
164
145
107
69
70
97
90
25
-57
-111
-127
-123
-120
-118
-106
-110
-145
-175
-146
-73
-13
6
11
33
66
95
118
152
203
237
223
191
181
190
200
208
213
196
149
77
18
-3
-1
-14
-52
-102
-150
-210
-281
-332
-338
-318
-312
-347
-408
-451
-457
-448
-429
-409
-397
-403
-434
-468
-475
-458
-437
-429
-437
-450
-472
-526
-589
-621
-604
-577
-589
-654
-737
-796
-824
-829
-825
-819
-829
-869
-918
-930
-884
-814
-758
-717
-656
-535
-369
-203
-70
46
179
348
554
772
970
1116
1202
1251
1311
1417
1550
1663
1705
1665
1565
1452
1379
1363
1354
1279
1107
879
674
538
451
366
259
128
-34
-207
-344
-400
-380
-354
-376
-439
-486
-483
-434
-358
-267
-167
-97
-66
-49
-5
76
164
229
264
293
306
283
241
212
204
193
149
78
4
-71
-156
-242
-306
-334
-355
-399
-457
-495
-508
-513
-515
-492
-439
-386
-365
-363
-341
-277
-193
-121
-51
25
85
105
101
114
159
210
231
220
203
191
170
139
122
122
117
85
47
12
-17
-45
-80
-106
-113
-107
-112
-125
-131
-133
-128
-114
-78
-33
0
10
2
1
20
46
53
37
9
-27
-68
-101
-126
-157
-203
-273
-355
-423
-469
-505
-543
-580
-619
-669
-724
-749
-725
-671
-631
-632
-659
-658
-612
-544
-473
-406
-357
-331
-320
-291
-223
-130
-53
-8
27
82
149
205
254
317
389
446
482
512
546
571
568
553
572
621
652
631
581
537
507
474
447
437
438
413
351
280
240
231
225
214
223
238
243
235
233
256
295
323
340
366
408
438
444
431
419
412
409
411
420
417
368
282
190
132
105
72
11
-70
-153
-238
-323
-391
-438
-472
-521
-583
-641
-666
-669
-668
-672
-672
-669
-665
-657
-629
-580
-531
-508
-501
-484
-439
-383
-337
-309
-287
-259
-225
-180
-126
-68
-19
9
25
47
94
156
217
263
289
307
325
353
391
437
465
472
460
447
444
451
452
435
402
356
312
282
253
215
153
76
3
-58
-116
-172
-228
-287
-352
-416
-461
-473
-468
-475
-503
-521
-511
-479
-438
-393
-342
-287
-252
-244
-229
-171
-75
11
48
50
51
67
97
131
169
199
198
155
98
71
81
85
60
14
-26
-55
-77
-102
-119
-132
-150
-184
-210
-212
-201
-199
-208
-214
-211
-210
-211
-200
-170
-129
-96
-82
-59
-20
21
58
102
159
212
247
272
310
372
435
478
505
535
579
618
641
658
675
684
686
682
677
675
671
651
623
590
557
516
477
444
405
351
287
222
161
104
46
-19
-84
-152
-225
-299
-361
-409
-459
-527
-602
-669
-718
-750
-773
-794
-810
-818
-827
-834
-819
-782
-734
-681
-633
-593
-560
-527
-485
-423
-350
-273
-211
-166
-130
-93
-54
1
71
136
185
211
223
231
239
250
259
267
266
248
212
177
152
128
104
80
57
31
6
-14
-18
-5
8
5
-4
6
35
71
101
132
161
189
219
257
307
357
386
384
380
395
422
442
445
435
419
395
365
339
321
309
282
234
177
127
90
58
26
-15
-58
-101
-140
-175
-200
-217
-227
-236
-245
-256
-267
-275
-267
-250
-228
-200
-172
-150
-134
-116
-93
-58
-14
27
55
78
96
109
124
150
178
200
211
214
218
226
231
234
229
218
197
172
151
138
122
92
46
-8
-60
-105
-142
-173
-204
-249
-309
-377
-432
-468
-491
-514
-538
-565
-593
-618
-635
-642
-636
-626
-620
-616
-607
-587
-558
-524
-487
-450
-411
-371
-322
-268
-211
-158
-109
-61
-8
51
113
177
229
267
297
331
375
421
454
471
480
490
497
497
498
502
502
488
461
438
422
411
393
370
347
329
312
292
275
264
254
246
244
243
243
238
229
216
211
217
227
235
227
202
171
150
151
163
170
156
120
75
43
28
26
22
6
-27
-70
-114
-145
-163
-168
-179
-208
-254
-298
-326
-336
-342
-358
-384
-411
-429
-439
-445
-446
-451
-461
-471
-472
-460
-438
-412
-390
-373
-360
-344
-319
-279
-229
-179
-137
-103
-73
-44
-11
30
77
125
166
195
217
235
249
268
293
321
344
347
337
321
308
302
301
298
289
270
242
208
174
150
135
123
103
65
15
-35
-64
-79
-94
-111
-132
-152
-179
-212
-239
-247
-234
-222
-224
-234
-235
-223
-207
-196
-185
-157
-114
-71
-41
-19
3
27
53
88
136
188
228
242
241
244
261
290
321
347
355
340
303
275
274
286
288
264
225
190
160
138
125
119
111
88
54
27
17
13
7
-2
-5
-1
-1
-13
-20
-13
2
13
18
25
37
45
41
37
45
59
65
53
39
32
30
26
13
-4
-22
-44
-68
-92
-109
-127
-157
-192
-221
-239
-256
-282
-313
-338
-356
-374
-391
-401
-405
-408
-415
-422
-420
-408
-391
-374
-357
-333
-305
-278
-250
-210
-154
-98
-47
-9
23
63
114
178
247
303
338
354
365
386
425
469
499
501
480
453
440
440
443
435
413
379
342
307
282
262
240
209
165
118
78
43
12
-19
-53
-89
-130
-174
-213
-236
-249
-260
-276
-298
-315
-321
-316
-306
-293
-284
-276
-262
-243
-218
-192
-170
-153
-136
-117
-95
-72
-52
-41
-30
-17
1
16
24
24
32
45
62
75
80
83
85
88
95
104
111
111
96
81
76
85
89
82
67
51
45
42
39
42
51
56
52
44
47
60
77
89
97
106
108
103
93
93
107
123
125
109
87
70
62
61
68
73
71
55
35
22
23
29
30
21
7
-5
-15
-22
-30
-41
-56
-79
-104
-123
-136
-142
-151
-166
-189
-211
-226
-230
-229
-225
-225
-226
-229
-228
-223
-209
-191
-171
-151
-133
-115
-93
-71
-48
-21
8
40
71
98
124
149
172
195
212
229
240
253
261
265
261
251
233
218
203
193
184
165
137
103
68
39
20
10
-5
-28
-59
-90
-114
-130
-139
-147
-152
-159
-167
-177
-185
-186
-181
-170
-153
-135
-121
-115
-109
-99
-83
-65
-52
-42
-36
-31
-28
-23
-17
-11
-12
-14
-11
1
14
19
14
10
13
23
33
41
48
49
41
33
37
49
62
62
55
47
49
56
68
78
91
98
96
92
93
104
121
134
139
137
129
121
112
107
105
103
97
88
76
63
48
38
31
29
25
17
7
-4
-12
-12
-7
-4
-6
-19
-34
-43
-45
-40
-36
-43
-62
-87
-107
-114
-111
-105
-109
-128
-153
-174
-177
-165
-148
-139
-144
-156
-161
-154
-133
-106
-80
-64
-60
-62
-58
-40
-8
21
39
46
49
51
54
67
86
108
122
121
113
111
116
127
140
146
144
132
116
102
99
102
103
93
73
50
32
16
7
2
-2
-10
-22
-39
-54
-60
-61
-58
-55
-52
-50
-53
-61
-65
-63
-54
-41
-33
-31
-32
-36
-36
-29
-13
7
20
25
21
16
21
35
51
64
65
58
46
32
27
31
37
36
22
-3
-25
-36
-40
-39
-44
-53
-66
-85
-103
-108
-102
-92
-89
-97
-104
-106
-98
-82
-65
-52
-45
-39
-31
-15
6
27
42
51
59
71
87
102
108
105
99
97
101
108
111
104
87
66
51
50
61
68
60
37
9
-9
-9
3
12
5
-16
-42
-63
-69
-63
-52
-52
-64
-83
-99
-104
-96
-82
-70
-64
-69
-71
-65
-51
-32
-13
2
10
16
18
24
33
44
57
61
59
53
50
53
59
66
72
70
62
54
50
56
65
71
68
61
51
41
39
38
40
39
29
14
0
-9
-14
-17
-23
-29
-38
-48
-59
-65
-67
-67
-68
-72
-77
-82
-89
-94
-96
-93
-91
-92
-95
-95
-92
-87
-82
-75
-64
-53
-44
-37
-28
-16
1
16
28
36
44
51
61
71
78
84
83
77
73
72
72
70
63
51
39
30
27
25
20
15
8
-1
-5
-3
4
12
17
13
10
9
14
21
31
40
43
41
40
39
44
48
53
55
53
51
44
40
37
34
30
22
14
9
3
-7
-21
-36
-44
-44
-42
-42
-52
-66
-78
-82
-77
-65
-53
-48
-53
-61
-66
-59
-44
-28
-18
-14
-15
-18
-18
-16
-6
9
23
33
36
33
27
28
37
53
70
79
75
61
49
46
56
70
79
73
58
42
34
35
44
55
59
54
42
28
25
33
43
47
45
34
21
5
-10
-16
-15
-15
-27
-50
-77
-96
-108
-112
-112
-112
-120
-139
-159
-168
-163
-150
-143
-143
-146
-150
-149
-140
-123
-102
-85
-81
-79
-71
-52
-27
-3
17
32
42
48
57
75
100
120
127
124
116
110
109
113
117
116
103
82
61
52
51
48
41
29
19
11
7
7
11
15
16
13
17
30
45
55
57
58
62
69
77
84
90
90
79
67
57
53
54
51
42
29
12
-5
-20
-26
-25
-23
-30
-46
-63
-76
-81
-81
-81
-85
-91
-102
-113
-117
-116
-115
-114
-113
-111
-107
-101
-93
-83
-72
-60
-48
-34
-17
-3
6
15
27
40
50
56
61
66
71
73
72
72
73
75
75
77
79
81
79
74
73
78
87
92
91
86
80
74
71
74
77
76
66
48
29
16
9
6
-1
-14
-34
-57
-79
-94
-99
-100
-108
-123
-143
-162
-176
-183
-184
-181
-181
-188
-199
-207
-209
-203
-191
-177
-162
-147
-133
-118
-99
-74
-43
-13
14
43
71
99
125
144
163
182
199
213
224
229
227
219
206
200
196
190
179
160
138
118
103
94
91
83
72
54
36
27
28
29
25
16
5
-6
-14
-17
-16
-15
-21
-34
-46
-52
-50
-47
-44
-45
-49
-56
-65
-68
-63
-51
-44
-44
-53
-63
-71
-73
-68
-59
-50
-51
-58
-68
-76
-75
-64
-50
-38
-33
-34
-41
-43
-40
-28
-11
3
11
10
3
-1
2
17
34
47
49
46
40
40
47
58
71
81
83
79
77
80
91
101
107
110
108
108
109
112
117
119
115
107
98
92
91
86
78
66
51
36
19
8
0
-8
-21
-38
-57
-72
-83
-90
-93
-96
-103
-115
-130
-141
-145
-144
-140
-139
-143
-150
-158
-164
-166
-162
-154
-147
-143
-138
-136
-133
-127
-116
-97
-73
-50
-33
-21
-11
4
25
52
80
106
121
127
129
134
145
161
172
177
171
160
146
133
124
118
114
107
94
75
56
39
28
21
17
15
9
-2
-17
-31
-39
-40
-39
-41
-46
-55
-66
-77
-85
-85
-82
-78
-78
-83
-87
-87
-85
-78
-66
-59
-53
-50
-47
-40
-30
-20
-12
-5
-2
0
3
9
15
18
18
16
15
16
15
16
16
15
13
9
8
6
7
5
2
2
1
5
5
4
6
8
15
21
31
40
48
54
61
72
86
102
115
123
128
131
135
141
149
156
152
141
125
112
101
90
78
62
42
18
-10
-34
-52
-67
-81
-102
-125
-143
-157
-167
-174
-177
-182
-189
-196
-200
-198
-191
-184
-179
-175
-168
-162
-150
-136
-121
-106
-92
-80
-67
-51
-32
-15
1
15
28
40
53
67
82
94
104
110
115
119
124
130
136
142
146
144
140
138
137
140
143
146
144
140
133
126
121
119
118
116
108
97
83
68
54
44
40
33
22
5
-15
-35
-49
-58
-63
-70
-80
-95
-113
-127
-134
-134
-131
-130
-132
-139
-146
-150
-145
-133
-120
-110
-105
-105
-102
-93
-81
-65
-50
-40
-31
-25
-19
-8
4
16
25
31
34
38
42
45
49
51
53
55
54
51
48
46
47
48
53
57
58
54
51
53
61
73
84
91
92
93
93
96
103
111
118
118
113
103
93
86
81
79
74
63
46
25
6
-5
-13
-18
-25
-37
-54
-74
-90
-97
-98
-97
-100
-110
-124
-137
-143
-142
-134
-128
-127
-132
-140
-142
-138
-125
-111
-99
-93
-91
-88
-82
-71
-53
-36
-22
-14
-8
-3
4
15
28
41
52
59
62
64
69
75
84
91
98
101
102
101
99
101
104
106
106
103
97
90
84
77
72
67
60
52
44
33
24
12
1
-10
-18
-25
-33
-42
-53
-64
-74
-81
-83
-85
-84
-87
-93
-98
-101
-99
-91
-83
-78
-73
-74
-74
-70
-63
-52
-40
-30
-26
-26
-27
-25
-19
-11
-2
3
6
5
3
4
9
17
26
32
35
35
34
37
43
53
64
70
74
77
80
84
91
99
107
113
116
117
117
116
115
117
119
117
113
107
97
90
81
74
67
59
50
39
25
13
2
-8
-16
-24
-33
-44
-56
-68
-78
-85
-91
-98
-106
-117
-128
-137
-145
-150
-153
-158
-163
-168
-172
-174
-174
-173
-171
-167
-162
-158
-151
-140
-128
-116
-102
-90
-77
-63
-48
-31
-13
3
18
31
44
58
75
91
104
118
126
131
135
141
149
158
163
164
159
152
147
143
140
138
135
125
109
93
81
73
67
61
53
40
24
8
-4
-10
-12
-12
-19
-28
-38
-49
-54
-55
-49
-46
-48
-54
-61
-65
-65
-59
-52
-46
-44
-47
-51
-53
-48
-40
-32
-26
-26
-29
-34
-35
-32
-24
-16
-13
-17
-23
-28
-30
-28
-24
-20
-19
-23
-29
-34
-33
-31
-25
-20
-17
-14
-15
-12
-6
3
13
24
34
40
48
56
63
73
85
97
105
110
111
111
113
116
120
122
120
115
106
95
87
81
78
73
65
53
37
24
12
5
0
-4
-11
-24
-38
-51
-60
-64
-63
-63
-68
-77
-86
-93
-95
-91
-85
-79
-78
-75
-78
-77
-71
-61
-49
-38
-29
-25
-23
-19
-14
-3
8
18
23
23
20
20
22
27
33
37
37
33
28
24
25
25
29
30
29
29
25
23
22
23
27
30
31
30
27
26
23
25
26
28
29
25
23
19
16
15
15
13
10
7
2
-5
-10
-15
-21
-25
-30
-33
-39
-45
-52
-58
-62
-67
-68
-69
-69
-73
-78
-81
-84
-82
-80
-76
-75
-76
-77
-78
-78
-73
-68
-63
-59
-60
-59
-59
-53
-46
-38
-32
-27
-23
-19
-11
-1
9
18
27
36
45
55
65
77
88
98
105
114
121
129
138
142
148
149
150
149
148
146
144
139
130
122
111
102
90
79
68
55
41
25
10
-5
-19
-32
-44
-59
-71
-86
-99
-108
-119
-126
-133
-138
-145
-149
-150
-148
-145
-142
-137
-132
-127
-119
-107
-96
-82
-71
-60
-49
-38
-24
-10
5
17
28
36
43
51
58
67
73
77
77
76
73
71
70
67
65
61
54
44
36
28
24
20
16
10
2
-5
-13
-14
-15
-12
-10
-11
-11
-12
-8
-3
4
11
19
22
25
28
34
40
48
53
56
57
54
54
53
54
55
52
45
36
28
20
13
7
2
-7
-16
-29
-41
-49
-57
-62
-66
-69
-75
-82
-89
-92
-92
-88
-81
-78
-77
-77
-74
-69
-57
-45
-33
-24
-18
-12
-5
6
20
33
44
53
57
62
68
76
85
92
94
93
91
90
91
92
93
90
87
80
74
70
65
59
54
47
37
30
21
13
5
-4
-13
-23
-33
-42
-52
-61
-68
-76
-83
-89
-95
-97
-100
-103
-103
-102
-100
-97
-93
-89
-83
-74
-65
-55
-46
-36
-28
-21
-12
-2
7
16
23
28
32
36
39
43
45
46
44
41
38
34
31
29
24
20
15
9
4
-2
-4
-6
-6
-7
-8
-9
-10
-8
-4
1
7
13
17
22
25
31
38
45
53
58
62
63
66
66
68
71
70
67
63
56
50
44
38
33
23
13
1
-10
-19
-28
-36
-46
-57
-66
-76
-86
-92
-95
-101
-105
-109
-112
-115
-114
-111
-105
-100
-96
-92
-87
-80
-71
-59
-47
-36
-26
-17
-7
3
17
31
46
57
67
75
83
91
101
111
119
125
128
127
127
129
131
133
133
130
123
116
108
101
97
92
84
76
63
50
39
30
22
16
7
-4
-14
-25
-35
-42
-47
-51
-55
-60
-65
-71
-72
-73
-71
-67
-64
-63
-59
-56
-51
-45
-40
-34
-29
-24
-21
-18
-14
-10
-7
-4
-3
-3
-3
-3
-3
-5
-6
-8
-10
-12
-15
-16
-18
-19
-21
-24
-27
-28
-27
-27
-26
-26
-27
-27
-27
-26
-24
-21
-18
-16
-15
-15
-15
-11
-8
-3
-1
1
1
0
2
4
8
11
13
14
14
13
14
14
17
20
20
21
19
18
18
18
19
18
16
14
10
8
6
4
1
-3
-7
-12
-15
-19
-24
-27
-31
-34
-39
-42
-45
-47
-47
-47
-47
-48
-45
-44
-41
-37
-32
-25
-18
-10
-3
4
12
21
29
36
43
50
57
63
69
73
79
82
84
85
85
82
83
80
77
75
69
64
60
54
48
44
39
32
24
16
10
6
1
-2
-8
-12
-16
-21
-23
-25
-25
-26
-27
-27
-28
-28
-27
-24
-21
-19
-17
-16
-15
-13
-12
-9
-6
-3
0
2
3
4
4
7
10
11
13
14
13
13
13
12
14
14
14
12
9
4
1
-1
-2
-2
-3
-8
-12
-17
-21
-20
-18
-18
-16
-18
-18
-19
-16
-12
-5
1
5
8
8
11
14
19
24
29
32
32
30
30
28
30
31
29
27
22
15
9
4
1
-3
-8
-14
-22
-32
-39
-46
-50
-54
-59
-65
-72
-79
-84
-86
-86
-84
-84
-82
-81
-77
-73
-65
-57
-47
-37
-28
-18
-10
1
12
24
36
47
56
63
70
75
80
85
88
90
89
87
84
81
77
73
67
62
54
46
37
29
23
15
7
1
-8
-16
-22
-28
-32
-37
-41
-44
-47
-50
-53
-51
-52
-49
-48
-48
-45
-42
-37
-30
-25
-20
-17
-12
-7
-3
3
9
14
17
19
19
21
22
24
25
25
25
23
21
19
17
14
12
12
8
5
1
-3
-7
-10
-13
-14
-17
-20
-23
-27
-29
-31
-31
-31
-30
-29
-32
-32
-30
-27
-24
-19
-16
-11
-7
-5
0
4
9
15
19
23
25
28
30
33
37
38
39
39
37
36
35
34
35
35
32
30
27
23
19
17
14
11
8
3
-1
-4
-6
-10
-13
-14
-16
-20
-23
-26
-28
-27
-28
-26
-25
-24
-23
-23
-22
-20
-17
-14
-11
-9
-8
-5
-5
-4
-2
0
3
6
6
7
7
9
11
12
14
16
15
15
15
15
15
15
17
16
15
15
12
9
9
9
8
7
5
3
2
2
3
4
4
5
5
3
5
5
6
8
10
11
13
13
13
15
17
18
21
23
23
25
26
27
27
29
31
31
32
33
32
30
29
26
24
22
19
16
12
7
2
-3
-8
-13
-17
-23
-28
-34
-40
-45
-49
-52
-56
-59
-64
-66
-69
-71
-71
-70
-70
-70
-69
-70
-67
-65
-62
-58
-53
-49
-45
-40
-35
-28
-21
-14
-8
-2
4
9
13
19
24
29
32
35
36
38
39
39
41
40
39
37
33
31
27
24
21
17
13
9
5
1
-2
-3
-5
-7
-8
-10
-11
-10
-9
-6
-4
-3
0
2
5
9
15
18
23
27
29
33
35
37
41
42
43
43
42
41
40
39
36
33
30
26
22
17
12
8
3
-2
-8
-12
-17
-21
-25
-28
-30
-32
-33
-35
-37
-36
-37
-36
-33
-30
-27
-24
-19
-13
-8
-3
4
11
19
24
31
36
40
46
52
58
61
64
66
69
70
71
71
