SAMPLES:	13203
BITSPERSAMPLE:	16
CHANNELS:	1
SAMPLERATE:	16000
NORMALIZED:	FALSE
0
-2
-2
0
1
1
2
2
2
1
-1
-1
-1
0
1
2
2
2
2
1
0
-1
-1
0
0
2
1
2
1
-1
-1
-2
-2
-1
-1
-1
0
1
0
-1
-2
-2
-2
-3
-2
-3
-3
-1
-1
-2
-2
-1
-2
-1
-1
-1
-1
-1
-2
-2
-2
-2
-1
-2
-4
-1
-3
-4
-4
-4
-4
-3
-3
-4
-3
-4
-3
-4
-5
-4
-4
-4
-4
-4
-4
-3
-2
-1
-2
-2
0
-1
-2
-2
-1
-2
-2
-1
-2
-2
-1
-1
1
1
1
1
1
2
2
2
2
3
3
3
3
3
4
5
4
4
3
4
5
6
5
4
5
5
5
7
7
7
7
9
8
8
9
9
10
11
10
11
11
11
10
10
11
11
9
10
10
9
12
10
10
10
9
8
8
9
9
9
8
8
7
7
6
6
6
6
6
6
7
8
7
6
6
5
4
4
4
4
5
3
4
4
3
3
3
3
2
3
3
3
3
2
2
2
1
1
2
2
2
2
1
1
-1
-2
-4
-3
-3
-3
-2
-3
-3
-3
-5
-5
-6
-6
-7
-7
-8
-8
-8
-9
-9
-9
-8
-8
-8
-8
-8
-7
-7
-8
-9
-10
-10
-11
-10
-10
-11
-11
-9
-10
-10
-11
-11
-11
-12
-12
-12
-11
-12
-12
-12
-12
-11
-11
-11
-9
-8
-9
-10
-9
-8
-7
-7
-8
-6
-6
-4
-4
-3
-3
-3
-3
-2
-3
-3
-3
-3
-2
-3
-2
-2
-2
-1
1
0
1
2
2
2
2
2
1
2
2
3
3
4
5
6
6
4
4
3
4
4
3
4
4
5
6
5
7
5
6
6
7
8
8
7
8
8
8
8
7
7
7
7
6
7
6
5
5
4
4
3
3
3
3
3
3
2
0
0
0
-1
-1
-1
-1
-2
-1
-2
-2
-2
-2
-4
-4
-5
-5
-5
-4
-4
-4
-3
-5
-5
-5
-5
-4
-4
-4
-3
-3
-2
-1
-1
-1
0
1
0
2
2
3
3
3
3
3
4
4
4
5
4
4
5
4
4
3
2
2
3
3
2
3
3
3
3
4
4
4
5
4
5
5
5
4
4
4
4
4
4
3
3
3
4
3
3
3
3
3
2
3
3
3
2
3
4
4
5
4
4
5
5
5
6
6
6
6
6
6
6
6
6
5
5
6
7
6
5
4
4
4
3
2
2
2
2
3
2
1
2
0
-1
-1
-2
-2
-2
-3
-4
-4
-5
-7
-8
-9
-9
-9
-8
-10
-8
-8
-10
-9
-10
-10
-9
-8
-7
-4
-5
-4
-4
-3
-3
-2
-1
0
1
2
2
3
4
2
4
5
5
5
6
5
6
8
7
7
7
7
6
6
6
6
6
6
5
5
4
4
4
5
5
4
4
3
2
1
0
-1
-1
-1
-2
-2
-3
-4
-3
-4
-3
-3
-3
-4
-5
-4
-3
-3
-2
-2
-2
-2
-3
-1
-2
-1
-1
-1
0
0
0
0
1
1
1
1
1
1
1
1
1
1
1
0
0
0
0
-1
-1
-1
-2
-2
-2
-3
-3
-2
-4
-5
-5
-4
-6
-7
-7
-7
-8
-7
-6
-6
-6
-6
-6
-7
-6
-4
-4
-4
-3
-2
-2
-2
-2
-3
-1
0
0
0
0
0
1
1
1
-1
0
1
1
1
0
1
0
-1
-1
-1
-2
-2
-2
-3
-3
-3
-4
-5
-5
-5
-5
-7
-7
-8
-8
-8
-9
-9
-11
-11
-11
-12
-10
-10
-9
-8
-8
-7
-7
-7
-7
-6
-7
-7
-6
-5
-4
-2
-2
-2
-1
0
0
1
2
2
3
3
3
4
5
6
6
7
7
8
7
7
7
7
7
8
8
8
9
8
9
8
8
7
6
6
6
5
4
4
2
2
3
2
0
1
-1
-2
-2
-2
-2
-1
-2
-1
0
0
0
-2
-1
1
-1
0
1
1
2
3
3
4
3
3
4
4
5
6
6
7
8
7
7
6
7
7
8
8
8
7
6
7
6
7
7
7
6
6
6
6
5
3
2
1
0
0
-2
-1
-2
-4
-3
-4
-3
-4
-7
-5
-5
-6
-5
-6
-7
-7
-7
-7
-8
-5
-5
-4
-2
-3
-3
-3
-3
-3
-2
-2
-1
0
1
2
3
4
5
6
7
5
5
6
5
6
6
6
6
6
7
7
8
9
9
8
8
8
8
6
6
6
5
6
5
5
4
5
4
4
5
3
3
2
1
1
-1
-3
-3
-3
-4
-4
-2
-1
-1
-3
-3
-3
-4
-3
-3
-4
-3
-4
-4
-3
-3
-3
-1
-1
0
0
1
2
2
3
3
4
4
3
3
3
3
3
2
2
2
3
2
2
1
1
-1
-1
-2
-3
-3
-4
-6
-6
-8
-8
-8
-10
-10
-10
-10
-12
-11
-12
-13
-12
-12
-13
-13
-13
-13
-13
-13
-14
-11
-11
-10
-9
-9
-7
-7
-5
-4
-4
-2
-2
0
1
1
2
3
4
4
5
5
6
7
8
7
6
6
7
7
7
8
6
7
7
6
5
4
4
4
3
4
4
3
2
1
1
0
0
1
1
-1
-1
-2
-3
-2
-3
-3
-3
-3
-3
-3
-3
-4
-5
-5
-6
-5
-5
-6
-5
-5
-4
-3
-3
-2
-4
-2
-2
-4
-2
-2
-3
-1
-2
-1
-1
0
0
0
2
2
2
4
4
4
5
6
6
7
8
6
7
8
8
8
10
8
6
6
5
4
3
2
0
0
0
-2
-1
-2
-4
-5
-6
-7
-8
-9
-11
-12
-12
-11
-12
-10
-10
-10
-9
-9
-9
-8
-8
-8
-9
-6
-6
-6
-3
-2
-1
1
2
2
4
5
5
6
7
6
8
9
9
10
10
9
9
10
10
9
9
10
9
8
6
4
4
3
2
1
0
-1
-2
-3
-4
-6
-5
-5
-9
-7
-9
-9
-8
-7
-9
-8
-8
-8
-7
-6
-6
-5
-4
-5
-3
-3
0
-1
1
3
2
4
5
6
6
9
9
10
12
11
11
12
13
12
14
15
14
14
15
15
14
14
12
10
8
6
4
3
1
-1
-2
-4
-6
-8
-8
-10
-10
-10
-12
-13
-12
-13
-13
-12
-12
-11
-10
-11
-9
-7
-6
-6
-5
-4
-3
-2
-2
-1
-1
-1
0
0
2
4
5
5
6
8
8
7
9
10
10
11
12
13
14
14
14
14
13
13
12
11
9
7
6
5
3
2
1
1
-1
-3
-4
-4
-6
-7
-8
-8
-8
-9
-10
-9
-8
-7
-6
-6
-7
-8
-7
-8
-8
-8
-9
-10
-10
-11
-9
-10
-10
-10
-9
-7
-8
-6
-6
-6
-5
-5
-3
-3
-1
0
2
3
5
6
7
8
9
9
8
9
9
8
7
9
6
7
7
7
8
7
7
7
7
8
6
6
5
3
3
1
1
0
0
-1
-3
-3
-5
-7
-8
-9
-11
-12
-15
-15
-15
-16
-16
-16
-15
-15
-13
-14
-12
-10
-9
-7
-7
-4
-3
-1
1
2
4
6
8
10
11
13
12
12
14
14
15
14
15
15
15
15
15
15
16
15
14
14
13
13
12
11
9
7
7
5
3
2
1
0
-2
-4
-5
-7
-8
-10
-11
-13
-14
-14
-14
-15
-14
-14
-14
-13
-13
-10
-10
-8
-7
-6
-4
-3
-2
-2
1
2
3
4
5
5
6
7
7
8
8
8
8
7
6
6
6
6
5
5
3
3
3
4
3
2
2
2
2
1
1
-1
-2
-2
-3
-3
-4
-4
-6
-5
-5
-6
-6
-7
-8
-9
-11
-11
-11
-10
-10
-10
-9
-11
-12
-11
-11
-9
-7
-4
-2
1
1
2
2
2
1
3
5
8
12
10
6
1
-5
-6
-4
0
2
4
6
8
10
10
9
10
12
23
41
59
71
75
72
66
67
75
85
94
99
100
100
97
90
76
56
38
27
27
33
36
26
4
-22
-44
-57
-62
-62
-63
-63
-61
-60
-60
-68
-86
-102
-110
-104
-87
-67
-57
-60
-73
-89
-97
-99
-95
-89
-79
-66
-51
-41
-38
-46
-60
-68
-62
-44
-17
5
18
21
16
11
6
6
9
16
28
44
55
57
49
32
13
2
3
13
27
37
41
39
31
20
12
6
6
15
29
44
55
56
47
35
24
19
21
28
39
47
49
47
36
23
9
-1
-2
3
11
16
17
10
-1
-13
-23
-30
-32
-30
-24
-18
-16
-21
-31
-45
-56
-61
-59
-52
-46
-44
-47
-52
-55
-58
-62
-64
-61
-52
-40
-27
-19
-19
-22
-24
-21
-11
3
13
21
26
30
36
41
44
45
45
48
57
66
72
72
67
64
66
74
84
92
95
95
97
102
110
119
124
129
135
144
152
159
158
153
149
150
156
162
166
159
147
133
120
111
102
91
79
67
55
43
29
6
-20
-42
-60
-68
-72
-79
-92
-110
-129
-149
-161
-170
-179
-184
-188
-189
-188
-190
-197
-207
-217
-220
-213
-198
-182
-170
-164
-163
-161
-158
-152
-143
-132
-116
-97
-78
-64
-54
-53
-55
-55
-48
-35
-18
-2
6
10
12
9
8
7
8
15
25
37
47
53
52
47
42
40
44
54
63
74
82
84
83
82
79
79
82
86
94
102
107
107
104
99
95
92
92
95
100
102
102
99
91
83
76
70
65
62
55
47
40
31
21
9
-4
-18
-27
-32
-38
-43
-51
-62
-70
-75
-77
-76
-75
-76
-75
-74
-69
-63
-57
-53
-48
-41
-32
-22
-15
-9
-7
-4
4
12
23
31
32
34
32
35
39
43
46
47
50
51
55
55
53
48
42
41
43
48
52
50
45
35
26
21
17
14
10
5
1
-4
-9
-18
-29
-41
-51
-56
-55
-53
-52
-58
-67
-78
-84
-86
-85
-84
-84
-80
-77
-75
-75
-80
-87
-94
-94
-89
-78
-68
-64
-65
-68
-70
-69
-61
-54
-48
-39
-28
-16
-3
4
6
6
11
21
37
54
65
73
74
76
78
80
80
80
80
82
84
89
89
82
75
65
61
60
63
65
62
59
55
54
53
49
45
41
40
43
48
52
53
48
41
37
36
38
39
42
42
41
42
41
38
32
24
17
14
15
18
20
18
13
5
-1
-7
-14
-19
-23
-25
-25
-24
-25
-28
-36
-44
-49
-53
-52
-49
-47
-44
-46
-49
-53
-57
-60
-62
-61
-59
-54
-50
-49
-51
-53
-58
-59
-59
-53
-45
-38
-32
-31
-31
-31
-32
-31
-26
-20
-15
-9
-4
-2
-1
-3
-6
-7
-4
0
8
14
15
15
12
10
12
15
21
25
32
36
41
45
47
47
48
50
54
61
67
68
65
62
57
53
52
51
50
49
47
44
39
32
22
14
8
4
4
5
3
-1
-10
-18
-25
-31
-32
-33
-33
-36
-40
-46
-52
-59
-66
-72
-75
-74
-70
-64
-63
-66
-72
-76
-77
-74
-64
-56
-49
-42
-35
-29
-24
-22
-18
-15
-6
6
17
28
34
35
35
35
38
43
49
55
61
67
69
71
71
66
66
67
73
79
84
86
87
85
82
80
79
77
77
78
79
77
72
66
57
48
40
35
28
21
14
4
-5
-14
-24
-34
-44
-53
-60
-64
-69
-76
-81
-87
-91
-95
-99
-100
-104
-103
-104
-104
-102
-102
-101
-100
-98
-95
-89
-85
-79
-74
-68
-59
-50
-41
-33
-26
-17
-8
4
16
26
36
44
51
59
66
72
74
77
77
79
81
84
81
76
70
63
59
54
50
46
40
35
30
26
23
17
12
7
6
7
6
6
4
-1
-5
-8
-10
-8
-10
-11
-10
-10
-9
-9
-10
-13
-14
-13
-10
-4
4
7
12
15
18
23
30
36
40
46
52
60
65
66
64
60
57
54
50
45
41
34
27
17
7
-5
-19
-32
-44
-53
-61
-69
-78
-87
-98
-110
-119
-127
-131
-133
-135
-136
-135
-135
-136
-136
-136
-134
-130
-124
-116
-108
-100
-91
-81
-73
-63
-52
-39
-25
-11
4
18
33
47
59
70
82
93
104
115
125
134
138
143
145
147
147
146
144
139
134
127
120
111
101
90
77
66
56
46
36
26
14
3
-8
-17
-25
-32
-39
-45
-50
-53
-55
-57
-59
-63
-64
-63
-60
-56
-51
-48
-44
-41
-37
-33
-29
-24
-20
-14
-8
0
7
11
13
14
14
17
21
25
29
30
30
28
26
24
21
17
13
13
12
13
11
6
0
-6
-9
-9
-6
-3
1
4
5
5
5
4
4
7
12
19
26
31
33
32
29
26
24
25
25
26
29
29
26
22
15
8
1
-3
-6
-7
-5
-7
-12
-18
-23
-30
-36
-41
-43
-40
-38
-37
-38
-42
-47
-52
-56
-57
-56
-55
-53
-50
-51
-53
-54
-56
-57
-55
-51
-46
-40
-36
-32
-29
-29
-27
-25
-21
-13
-6
2
8
12
17
18
19
22
25
29
34
37
39
37
34
33
29
27
26
26
26
24
22
17
12
6
1
-2
-4
-4
-6
-6
-8
-12
-17
-20
-22
-22
-23
-21
-20
-19
-18
-18
-17
-16
-14
-10
-4
0
4
9
12
16
20
26
32
40
46
52
57
59
61
62
63
64
64
65
65
65
61
56
50
44
37
31
27
20
15
8
-1
-10
-20
-28
-33
-39
-42
-44
-48
-54
-59
-66
-71
-74
-77
-78
-78
-76
-76
-77
-77
-79
-80
-79
-74
-67
-61
-56
-51
-47
-42
-37
-31
-24
-16
-8
4
13
22
28
31
34
38
45
53
60
66
70
71
72
71
71
70
69
68
69
71
70
66
62
55
48
45
43
42
41
39
35
29
24
17
10
4
-1
-5
-6
-9
-12
-19
-26
-34
-40
-45
-49
-49
-52
-53
-56
-59
-61
-64
-67
-69
-70
-67
-63
-59
-56
-53
-53
-52
-49
-49
-44
-38
-33
-27
-21
-17
-12
-7
-3
1
7
14
23
31
37
44
47
52
54
57
59
61
64
67
69
71
70
66
61
54
47
40
35
30
23
17
7
-1
-10
-21
-30
-37
-44
-50
-54
-59
-63
-68
-73
-78
-81
-84
-83
-80
-76
-73
-70
-67
-66
-63
-60
-57
-50
-43
-35
-27
-18
-12
-7
-2
3
8
15
24
31
39
45
50
53
56
57
60
62
66
70
73
74
73
72
68
64
61
58
56
54
54
50
46
42
37
31
26
20
16
13
10
7
3
-2
-7
-13
-15
-17
-19
-21
-23
-23
-25
-24
-26
-29
-30
-32
-32
-30
-28
-24
-20
-18
-14
-11
-7
-4
0
3
7
14
19
27
31
36
39
41
44
48
52
56
59
61
62
62
62
60
58
54
50
48
46
43
41
36
28
22
14
8
2
-4
-8
-13
-17
-23
-29
-36
-41
-48
-51
-55
-56
-56
-59
-61
-63
-65
-65
-64
-63
-60
-57
-52
-48
-44
-39
-36
-32
-27
-21
-14
-8
-2
3
8
12
17
22
26
29
32
35
37
37
37
37
34
33
32
31
30
28
25
22
21
16
12
10
6
3
0
-4
-6
-11
-15
-18
-22
-24
-26
-29
-32
-34
-38
-41
-43
-45
-47
-46
-47
-47
-46
-48
-49
-48
-48
-47
-46
-42
-38
-37
-37
-37
-37
-34
-33
-32
-25
-22
-17
-12
-10
-10
-9
-5
-4
-1
4
8
9
13
14
16
18
17
23
27
33
43
46
43
44
37
36
33
33
32
31
35
32
27
16
8
0
-7
-6
-3
-9
-1
7
-2
-11
-17
-26
-30
-33
-29
-14
-2
-3
-12
-16
-37
-58
-60
-65
-54
-30
-12
4
-6
-36
-63
-85
-90
-84
-63
-25
5
15
20
-1
-36
-68
-75
-67
-40
2
53
66
49
21
-21
-55
-82
-74
-35
2
53
70
42
0
-64
-115
-134
-108
-50
10
63
93
79
5
-75
-121
-131
-107
-56
191
598
693
314
-119
-281
-331
-437
-458
-50
525
678
357
-21
-193
-311
-376
-351
-217
119
328
448
771
730
367
62
-221
-281
-276
-256
270
830
947
778
279
-86
-205
-508
-478
-7
443
703
630
441
206
-212
-575
-617
-394
-99
145
331
454
337
-51
-383
-456
-347
-177
24
241
367
264
-57
-329
-492
-508
-397
-265
-27
154
178
11
-257
-355
-390
-412
-267
-41
1
-130
-216
-256
-192
-107
-144
-108
-22
-68
-229
-309
-171
16
108
66
-47
-156
-177
-179
-235
-166
-84
-94
-145
-164
-112
-110
-126
-150
-177
-189
-260
-206
12
214
254
129
66
8
-84
-52
74
229
312
308
308
234
121
97
106
142
193
161
164
163
84
69
79
119
166
177
242
267
185
121
137
196
241
287
345
362
306
163
77
126
189
241
293
336
365
284
184
196
247
297
311
291
267
223
185
169
215
273
278
286
312
288
211
138
99
121
162
155
114
97
101
82
-1
-92
-97
-84
-104
-114
-141
-176
-233
-339
-387
-398
-382
-325
-329
-355
-411
-533
-610
-627
-611
-524
-444
-441
-490
-552
-598
-651
-666
-626
-574
-555
-619
-725
-829
-884
-869
-880
-910
-928
-982
-1030
-1015
-934
-813
-699
-639
-635
-615
-591
-583
-496
-334
-181
-9
273
760
1389
1937
2346
2531
2429
2107
1674
1402
1404
1554
1724
1805
1772
1640
1368
994
643
336
15
-333
-594
-682
-634
-489
-336
-240
-172
-179
-220
-163
-30
105
182
208
256
389
590
837
1062
1144
1054
801
504
320
259
327
482
591
578
465
330
233
144
18
-103
-209
-283
-314
-305
-158
64
245
370
392
341
222
16
-196
-360
-462
-476
-381
-261
-185
-221
-397
-626
-867
-1084
-1247
-1344
-1367
-1348
-1307
-1249
-1152
-1036
-936
-838
-760
-691
-666
-696
-728
-745
-692
-592
-461
-332
-304
-364
-490
-636
-774
-925
-1063
-1157
-1246
-1352
-1388
-1351
-1264
-1176
-1157
-1151
-1188
-1324
-1479
-1531
-1266
-530
612
1847
2856
3441
3451
2891
2036
1363
1209
1573
2132
2595
2882
2856
2476
1869
1245
822
504
104
-327
-632
-766
-865
-1005
-1010
-792
-519
-267
-50
130
201
-9
-333
-441
-193
336
920
1436
1747
1704
1350
894
595
509
471
339
144
-52
-180
-220
-183
-35
109
117
-63
-350
-570
-698
-718
-575
-243
240
717
1070
1260
1238
996
622
289
136
174
283
381
406
326
164
-45
-210
-299
-372
-557
-840
-1075
-1240
-1269
-1145
-866
-447
-122
4
14
-102
-275
-407
-484
-380
-95
123
296
450
384
155
-33
-106
-105
-106
-75
30
-43
-418
-749
-895
-943
-905
-835
-716
-674
-837
-1062
-1209
-1265
-1295
-1265
-1103
-923
-841
-821
-876
-1008
-1069
-1004
-862
-676
-528
-454
-500
-631
-714
-692
-549
-362
-208
-137
-194
-321
-397
-286
45
561
1120
1590
1925
1999
1819
1537
1327
1344
1533
1763
1969
2121
2153
1996
1716
1439
1245
1072
845
630
427
166
-116
-337
-447
-371
-184
-20
119
143
10
-201
-430
-504
-351
-64
252
499
627
607
489
392
364
402
452
442
349
206
42
-105
-154
-85
44
124
98
-6
-148
-303
-474
-602
-581
-411
-191
-9
132
229
245
172
107
145
228
275
278
288
294
262
274
380
524
582
475
280
-1
-295
-396
-375
-329
-182
-61
-67
-145
-302
-459
-524
-559
-540
-405
-326
-457
-618
-645
-657
-614
-414
-209
-68
-89
-342
-557
-636
-750
-771
-610
-462
-391
-406
-485
-485
-474
-548
-555
-481
-446
-495
-566
-564
-567
-607
-561
-464
-401
-389
-469
-541
-574
-660
-653
-503
-407
-374
-395
-529
-698
-869
-986
-958
-900
-901
-880
-763
-505
-72
483
1060
1568
1872
1907
1733
1505
1389
1484
1733
2040
2348
2565
2578
2366
2022
1662
1316
975
650
364
152
-61
-299
-460
-489
-405
-302
-239
-226
-308
-481
-707
-827
-670
-312
102
490
769
921
929
806
700
659
630
612
575
533
523
503
468
434
379
293
172
10
-153
-319
-494
-565
-491
-310
-5
335
604
782
793
646
437
210
27
-7
88
232
382
470
465
335
63
-295
-631
-878
-1054
-1176
-1220
-1155
-1020
-888
-764
-666
-584
-527
-561
-650
-755
-880
-959
-914
-742
-458
-144
73
182
132
-74
-319
-573
-726
-715
-667
-635
-615
-620
-683
-784
-840
-839
-816
-834
-949
-1108
-1237
-1317
-1274
-1092
-859
-625
-504
-536
-674
-909
-1140
-1258
-1240
-1081
-818
-559
-391
-329
-384
-528
-723
-911
-891
-459
427
1571
2652
3428
3753
3492
2695
1840
1445
1667
2225
2700
2987
3067
2849
2320
1639
1111
773
353
-219
-698
-925
-1022
-1158
-1278
-1179
-856
-481
-180
7
72
-107
-467
-694
-510
159
986
1630
1981
1961
1657
1255
881
688
665
598
402
175
13
-9
58
74
24
-84
-314
-629
-936
-1147
-1163
-1007
-723
-294
204
621
818
729
483
263
177
311
605
903
1035
888
551
135
-225
-411
-491
-543
-656
-878
-1133
-1347
-1456
-1406
-1191
-911
-662
-461
-355
-328
-346
-391
-336
-153
23
177
293
260
142
-38
-244
-297
-250
-195
-165
-245
-423
-653
-890
-1092
-1220
-1259
-1287
-1356
-1426
-1482
-1490
-1422
-1318
-1196
-1077
-1035
-1076
-1136
-1188
-1225
-1236
-1200
-1144
-1079
-1020
-972
-874
-766
-758
-847
-959
-1031
-1046
-1001
-923
-883
-864
-679
19
1358
2899
4131
4759
4600
3712
2450
1500
1464
2271
3268
3870
3974
3688
3058
2141
1176
433
-96
-592
-1056
-1240
-1091
-903
-882
-938
-828
-475
-76
201
260
50
-324
-566
-341
458
1586
2508
2827
2493
1710
889
326
57
10
33
-28
-215
-440
-565
-524
-438
-512
-746
-1020
-1259
-1429
-1518
-1445
-1127
-609
-33
479
847
968
781
313
-239
-549
-485
-90
507
1046
1333
1289
906
334
-237
-682
-954
-1076
-1114
-1092
-983
-782
-503
-208
21
103
13
-135
-218
-202
-61
168
381
557
669
658
561
367
51
-320
-679
-924
-968
-846
-661
-529
-528
-674
-895
-1118
-1292
-1387
-1435
-1467
-1472
-1393
-1218
-975
-735
-602
-597
-711
-950
-1247
-1521
-1693
-1704
-1602
-1477
-1318
-1126
-1020
-1057
-1240
-1487
-1657
-1749
-1725
-1558
-1305
-1023
-806
-657
-562
-554
-502
-108
838
2208
3576
4538
4905
4630
3779
2774
2218
2401
3085
3694
3851
3562
2996
2265
1451
727
209
-168
-574
-1016
-1299
-1361
-1313
-1269
-1175
-854
-327
188
465
394
101
-157
-151
248
1000
1849
2377
2301
1715
998
492
287
212
96
-83
-387
-784
-1050
-1040
-783
-488
-430
-624
-923
-1234
-1480
-1577
-1430
-1004
-418
147
575
810
826
617
269
-59
-218
-132
119
383
569
657
655
587
458
264
20
-318
-782
-1250
-1547
-1556
-1285
-845
-361
26
205
171
38
-52
-35
59
157
230
302
385
450
476
482
430
290
64
-222
-459
-612
-728
-807
-868
-881
-826
-793
-834
-933
-1079
-1246
-1365
-1389
-1304
-1158
-1029
-937
-905
-931
-958
-977
-1021
-1150
-1383
-1608
-1689
-1618
-1430
-1150
-892
-768
-799
-926
-1039
-1092
-1127
-1179
-1215
-1197
-1115
-957
-723
-492
-406
-470
-395
216
1435
2873
4038
4641
4607
4003
3133
2520
2489
2908
3276
3218
2814
2315
1864
1453
1040
610
131
-446
-1087
-1605
-1866
-1915
-1841
-1646
-1236
-590
93
535
591
397
235
303
633
1130
1643
1964
1939
1634
1320
1216
1280
1266
1008
563
8
-566
-1012
-1225
-1163
-921
-711
-652
-742
-965
-1226
-1405
-1416
-1174
-740
-292
39
213
295
360
404
410
366
279
205
183
215
333
499
607
592
405
97
-281
-720
-1159
-1492
-1612
-1495
-1189
-795
-441
-184
-31
57
156
296
446
516
475
371
297
340
477
627
752
784
657
406
72
-280
-574
-817
-1012
-1117
-1137
-1100
-1045
-1006
-999
-1005
-1018
-1059
-1114
-1179
-1257
-1302
-1305
-1273
-1162
-1005
-869
-784
-772
-817
-863
-902
-937
-944
-924
-935
-1004
-1091
-1139
-1106
-998
-873
-763
-692
-725
-854
-1004
-1112
-1143
-1122
-1117
-1108
-904
-299
751
2029
3159
3884
4115
3874
3331
2828
2612
2652
2733
2622
2323
2032
1863
1751
1601
1365
1025
576
1
-640
-1197
-1577
-1758
-1725
-1480
-1043
-496
7
356
555
701
860
1003
1095
1153
1213
1250
1206
1149
1175
1253
1298
1233
1028
705
257
-267
-727
-1031
-1176
-1241
-1339
-1482
-1611
-1663
-1625
-1552
-1449
-1297
-1127
-955
-796
-625
-386
-155
-1
93
175
305
472
609
727
853
932
943
874
733
563
335
30
-312
-667
-970
-1154
-1193
-1079
-853
-590
-322
-80
102
221
290
328
340
327
353
445
575
710
809
864
873
796
639
444
199
-121
-475
-807
-1047
-1172
-1230
-1246
-1246
-1284
-1368
-1462
-1528
-1538
-1525
-1536
-1542
-1512
-1431
-1264
-1020
-744
-495
-325
-219
-138
-76
-73
-125
-212
-324
-427
-507
-568
-617
-673
-742
-804
-845
-874
-908
-951
-1021
-1108
-1173
-1202
-1203
-1203
-1229
-1208
-965
-404
417
1328
2115
2654
2947
3040
3060
3124
3209
3205
3065
2826
2577
2402
2290
2213
2180
2117
1921
1570
1118
648
218
-177
-554
-866
-1087
-1258
-1363
-1379
-1300
-1089
-803
-508
-237
-54
15
18
9
-3
-9
-1
21
74
154
226
279
300
258
174
105
53
-2
-74
-188
-327
-470
-625
-738
-754
-688
-568
-434
-333
-260
-194
-140
-68
40
150
245
312
336
316
272
253
297
386
452
444
353
183
-44
-279
-472
-590
-643
-662
-670
-660
-614
-530
-393
-229
-86
15
54
39
10
-27
-69
-77
-48
-9
22
38
50
61
42
-30
-136
-258
-385
-492
-557
-588
-621
-689
-791
-892
-946
-945
-894
-790
-668
-546
-452
-406
-389
-386
-408
-449
-497
-532
-538
-523
-492
-443
-400
-381
-384
-393
-372
-328
-279
-245
-231
-226
-226
-214
-191
-171
-163
-164
-184
-221
-262
-303
-341
-378
-420
-443
-415
-318
-140
86
294
435
507
536
569
639
767
944
1131
1289
1395
1439
1433
1401
1377
1399
1478
1594
1708
1795
1839
1811
1700
1527
1331
1142
942
698
431
190
8
-109
-188
-252
-314
-391
-480
-569
-658
-757
-862
-948
-987
-972
-921
-866
-817
-763
-689
-590
-459
-309
-173
-86
-61
-86
-124
-155
-167
-145
-101
-56
-11
37
82
119
137
153
185
217
222
182
98
14
-25
-6
50
117
168
176
138
64
-32
-119
-202
-293
-387
-478
-558
-611
-650
-682
-698
-703
-693
-646
-579
-503
-431
-380
-352
-333
-295
-217
-96
27
131
231
322
394
441
458
438
367
246
104
-6
-75
-123
-159
-197
-239
-272
-307
-359
-434
-545
-681
-800
-871
-862
-780
-673
-568
-479
-415
-374
-351
-317
-258
-196
-143
-120
-123
-138
-161
-187
-194
-179
-148
-108
-96
-117
-151
-194
-238
-276
-314
-340
-358
-387
-402
-376
-304
-195
-82
14
85
136
168
195
232
285
354
433
503
557
602
642
694
769
855
952
1039
1070
1042
992
954
941
955
974
980
963
913
860
837
830
825
826
832
835
821
787
739
667
552
407
276
177
90
-9
-128
-247
-352
-440
-509
-547
-555
-568
-607
-670
-725
-742
-720
-667
-577
-453
-313
-182
-80
-3
56
91
93
73
45
24
-2
-50
-114
-177
-247
-332
-412
-467
-493
-507
-534
-576
-629
-686
-733
-743
-704
-625
-527
-443
-379
-328
-287
-259
-230
-196
-167
-152
-165
-194
-210
-212
-192
-147
-85
-13
51
87
86
65
47
46
61
94
154
229
293
321
320
315
316
306
271
219
164
100
31
-19
-37
-43
-77
-170
-306
-447
-566
-636
-649
-626
-597
-575
-557
-537
-525
-529
-547
-566
-581
-579
-537
-473
-420
-401
-394
-381
-355
-318
-273
-216
-170
-161
-186
-224
-254
-274
-286
-277
-231
-150
-63
4
55
96
133
184
252
343
454
573
709
861
1007
1140
1256
1341
1397
1410
1378
1323
1256
1180
1112
1067
1052
1058
1058
1045
1035
1015
967
884
775
648
502
354
230
140
77
33
19
46
93
138
173
180
141
48
-69
-163
-218
-250
-278
-307
-342
-384
-429
-462
-490
-550
-669
-828
-983
-1095
-1150
-1147
-1104
-1050
-1004
-967
-920
-861
-808
-770
-746
-734
-726
-695
-620
-509
-388
-286
-206
-128
-66
-37
-47
-91
-146
-200
-239
-241
-201
-146
-94
-55
-33
-18
-3
19
52
86
102
104
107
108
105
111
129
153
168
165
147
125
101
82
90
124
162
191
200
202
203
174
109
25
-64
-140
-179
-171
-129
-81
-65
-93
-153
-237
-336
-434
-524
-611
-690
-752
-782
-783
-794
-836
-885
-913
-908
-874
-820
-750
-668
-597
-540
-473
-383
-291
-208
-145
-97
-43
32
141
306
509
705
870
987
1053
1080
1077
1065
1062
1063
1060
1066
1093
1134
1177
1220
1266
1314
1351
1366
1364
1344
1296
1234
1184
1142
1095
1027
929
804
666
526
412
328
263
210
158
97
20
-82
-205
-331
-447
-540
-596
-610
-600
-587
-578
-569
-561
-549
-539
-528
-519
-530
-561
-586
-593
-593
-606
-640
-680
-720
-760
-799
-821
-827
-825
-835
-852
-854
-836
-808
-785
-758
-715
-662
-608
-552
-494
-427
-359
-297
-228
-147
-61
17
68
94
107
115
122
126
119
95
53
-5
-72
-135
-181
-197
-170
-109
-28
59
134
181
198
194
190
199
216
230
249
273
306
339
360
357
329
256
143
11
-114
-212
-292
-362
-428
-486
-535
-589
-658
-739
-823
-898
-955
-984
-974
-918
-831
-735
-633
-523
-402
-277
-167
-76
1
68
133
212
305
399
476
519
539
553
571
597
636
690
755
815
845
845
814
756
683
624
617
676
787
920
1055
1175
1265
1312
1318
1288
1220
1121
999
883
788
707
630
555
480
401
310
215
131
57
-18
-101
-185
-258
-318
-368
-401
-417
-420
-421
-423
-421
-403
-367
-329
-305
-308
-334
-364
-390
-404
-398
-375
-350
-347
-374
-421
-466
-499
-530
-563
-596
-625
-655
-689
-720
-739
-738
-725
-695
-635
-549
-466
-422
-422
-454
-495
-532
-562
-575
-569
-559
-550
-539
-509
-459
-406
-365
-334
-310
-297
-298
-303
-294
-267
-231
-182
-115
-37
36
94
137
179
219
244
249
229
192
145
106
76
53
40
36
40
43
29
-7
-56
-116
-189
-262
-319
-351
-367
-388
-411
-428
-443
-459
-476
-484
-471
-427
-346
-241
-134
-39
42
119
193
257
310
362
413
468
534
617
726
838
925
977
1008
1035
1067
1093
1101
1084
1043
981
898
802
700
608
541
493
458
431
408
373
321
257
197
157
137
124
105
68
16
-29
-52
-48
-21
20
65
99
112
97
69
33
-12
-75
-151
-219
-251
-238
-192
-133
-72
-20
11
12
-8
-30
-52
-80
-119
-157
-176
-173
-165
-167
-177
-178
-164
-143
-133
-143
-183
-259
-367
-479
-565
-612
-641
-668
-693
-702
-685
-653
-619
-596
-595
-621
-662
-701
-718
-712
-696
-668
-613
-531
-440
-363
-312
-284
-278
-297
-328
-346
-341
-330
-321
-318
-302
-278
-269
-284
-321
-362
-401
-428
-442
-427
-383
-325
-270
-226
-199
-182
-181
-197
-233
-271
-292
-286
-265
-244
-223
-201
-197
-229
-299
-387
-481
-578
-645
-632
-504
-286
-39
186
383
559
723
877
1028
1171
1293
1384
1452
1536
1657
1801
1936
2035
2094
2110
2085
2020
1906
1735
1506
1226
923
624
342
82
-154
-359
-519
-626
-686
-713
-726
-741
-773
-822
-869
-894
-883
-845
-784
-697
-578
-433
-277
-125
14
135
211
233
215
182
147
101
52
23
39
88
151
209
252
276
269
233
187
150
121
100
91
100
124
155
182
203
221
232
229
209
162
77
-52
-215
-390
-538
-638
-688
-694
-679
-656
-631
-611
-611
-625
-647
-676
-706
-728
-735
-715
-674
-621
-551
-462
-366
-287
-245
-253
-303
-390
-505
-621
-718
-788
-826
-830
-802
-762
-741
-764
-824
-894
-957
-1003
-1035
-1057
-1067
-1058
-1036
-1003
-964
-929
-904
-891
-890
-888
-865
-822
-756
-676
-605
-546
-515
-533
-597
-660
-622
-391
41
566
1059
1477
1827
2131
2384
2567
2693
2775
2803
2781
2775
2853
3010
3161
3199
3101
2915
2686
2412
2064
1617
1075
494
-60
-522
-861
-1115
-1322
-1502
-1652
-1756
-1794
-1769
-1700
-1625
-1575
-1535
-1437
-1231
-932
-602
-297
-15
285
609
915
1168
1353
1469
1506
1450
1330
1202
1093
977
830
666
527
443
373
263
96
-105
-319
-526
-718
-871
-955
-962
-908
-809
-676
-521
-370
-250
-179
-154
-154
-164
-166
-155
-139
-116
-84
-56
-52
-76
-128
-191
-258
-351
-474
-608
-721
-782
-779
-728
-646
-566
-524
-532
-565
-600
-607
-577
-539
-518
-520
-549
-593
-639
-680
-730
-799
-882
-960
-1012
-1048
-1085
-1141
-1225
-1322
-1405
-1473
-1521
-1545
-1574
-1607
-1597
-1504
-1342
-1154
-1003
-920
-875
-822
-732
-596
-446
-346
-344
-366
-200
300
1050
1801
2349
2651
2803
2904
2974
3013
3044
3030
2914
2749
2677
2776
2955
3015
2827
2428
1965
1548
1179
796
360
-129
-618
-978
-1109
-1053
-937
-865
-861
-865
-807
-677
-515
-369
-280
-263
-248
-112
206
620
980
1199
1312
1397
1483
1528
1470
1304
1067
798
559
429
417
440
378
178
-87
-282
-357
-378
-431
-550
-695
-801
-834
-786
-676
-541
-428
-350
-270
-157
-30
50
52
-18
-118
-188
-206
-208
-252
-374
-573
-769
-885
-953
-1047
-1189
-1331
-1416
-1424
-1386
-1343
-1299
-1261
-1250
-1266
-1257
-1173
-1051
-964
-905
-797
-600
-341
-107
1
-11
-94
-221
-367
-482
-570
-670
-778
-855
-868
-830
-806
-859
-988
-1153
-1308
-1426
-1487
-1474
-1407
-1331
-1234
-1083
-887
-670
-469
-332
-244
-162
-133
-198
-282
-218
163
886
1745
2477
2948
3156
3163
3036
2849
2686
2565
2418
2229
2089
2099
2273
2462
2453
2195
1783
1284
764
289
-137
-513
-813
-1003
-1022
-829
-529
-292
-196
-224
-314
-400
-450
-429
-332
-201
-46
183
521
944
1328
1497
1419
1205
935
672
474
334
234
178
153
176
297
458
518
405
167
-66
-187
-175
-66
93
249
386
513
628
749
847
813
628
409
227
115
106
141
145
113
16
-172
-395
-625
-920
-1306
-1714
-2017
-2146
-2128
-2022
-1874
-1721
-1572
-1452
-1420
-1448
-1465
-1512
-1618
-1671
-1595
-1416
-1167
-924
-757
-624
-500
-450
-515
-659
-846
-1072
-1292
-1413
-1381
-1248
-1099
-995
-968
-965
-911
-882
-945
-1013
-1028
-993
-871
-645
-384
-132
79
190
236
319
455
560
579
548
486
350
181
160
455
1083
1858
2460
2712
2736
2646
2433
2182
2026
1996
2025
2059
2098
2231
2479
2658
2583
2244
1782
1312
830
379
75
-76
-167
-224
-216
-140
-11
43
-109
-377
-588
-709
-761
-715
-562
-344
-117
72
243
422
565
604
482
261
86
14
10
87
245
369
402
381
332
300
277
152
-79
-232
-159
104
460
811
1084
1212
1152
974
792
666
592
496
350
279
379
530
616
630
509
224
-153
-544
-891
-1152
-1346
-1523
-1633
-1613
-1497
-1385
-1369
-1428
-1527
-1666
-1785
-1818
-1788
-1732
-1643
-1551
-1464
-1310
-1137
-1060
-1095
-1193
-1314
-1400
-1414
-1385
-1348
-1317
-1300
-1294
-1296
-1283
-1253
-1277
-1343
-1349
-1268
-1160
-1041
-919
-833
-728
-585
-451
-315
-154
-16
54
123
258
422
547
609
616
505
290
180
404
1038
1894
2595
2892
2902
2821
2661
2452
2340
2360
2403
2367
2301
2356
2584
2789
2690
2248
1675
1154
698
304
68
-6
-44
-103
-114
-23
127
200
53
-235
-447
-511
-461
-299
-11
326
581
707
774
844
878
789
566
298
113
54
75
166
325
455
423
230
-1
-171
-286
-410
-523
-536
-403
-139
192
514
768
884
785
523
281
170
162
200
253
301
329
350
358
320
185
-93
-495
-907
-1191
-1325
-1384
-1417
-1432
-1454
-1504
-1564
-1596
-1604
-1601
-1604
-1609
-1572
-1449
-1264
-1108
-1033
-1016
-1019
-1004
-954
-883
-832
-826
-852
-907
-991
-1074
-1102
-1100
-1137
-1204
-1253
-1269
-1253
-1171
-1059
-986
-947
-934
-960
-975
-910
-786
-668
-533
-355
-182
-45
90
222
284
290
290
245
133
1
-66
101
698
1620
2452
2904
2957
2706
2328
2026
1923
2010
2205
2385
2478
2565
2760
2985
2977
2616
2036
1398
830
455
297
266
280
280
222
176
190
152
-41
-342
-616
-747
-692
-468
-130
240
517
639
664
672
687
660
551
413
329
329
430
617
806
916
878
655
346
106
-50
-150
-172
-125
-36
117
330
529
647
626
444
160
-94
-196
-134
15
178
299
309
225
126
8
-158
-373
-670
-1009
-1245
-1326
-1320
-1286
-1285
-1364
-1506
-1678
-1835
-1896
-1873
-1857
-1870
-1869
-1811
-1680
-1524
-1418
-1374
-1382
-1402
-1368
-1260
-1096
-908
-802
-824
-849
-818
-799
-750
-642
-591
-597
-568
-539
-530
-483
-433
-468
-549
-581
-543
-493
-452
-384
-319
-305
-271
-185
-118
-53
27
9
-70
-53
-17
-104
-167
29
553
1311
2039
2483
2585
2424
2131
1871
1805
2015
2406
2703
2785
2810
2877
2926
2892
2687
2245
1677
1156
762
563
564
625
610
469
224
-23
-231
-435
-632
-803
-962
-1028
-909
-662
-357
-45
124
92
-13
-82
-104
-60
37
139
249
374
526
725
922
1031
1005
853
641
484
426
437
524
643
715
748
781
777
701
548
303
5
-247
-403
-440
-363
-274
-286
-383
-496
-606
-712
-833
-1007
-1204
-1364
-1473
-1523
-1473
-1356
-1276
-1288
-1373
-1471
-1511
-1488
-1442
-1401
-1377
-1360
-1330
-1297
-1274
-1227
-1181
-1194
-1216
-1181
-1098
-997
-896
-850
-856
-866
-894
-942
-967
-949
-924
-911
-912
-897
-823
-734
-700
-701
-726
-783
-834
-855
-847
-776
-650
-555
-475
-333
-168
-41
55
122
140
89
-16
-46
199
736
1389
1989
2415
2614
2586
2379
2170
2170
2371
2577
2727
2871
3003
3100
3119
3049
2953
2793
2432
1922
1473
1193
1050
967
880
803
693
426
44
-286
-506
-664
-808
-966
-1070
-1028
-913
-815
-724
-648
-630
-668
-757
-832
-788
-644
-475
-272
-34
221
464
610
642
660
698
680
636
655
762
937
1088
1147
1174
1185
1094
878
585
261
-2
-189
-353
-434
-419
-448
-574
-729
-890
-1048
-1194
-1399
-1650
-1825
-1899
-1881
-1766
-1593
-1423
-1321
-1349
-1450
-1477
-1410
-1312
-1193
-1104
-1060
-1004
-953
-935
-895
-841
-851
-898
-925
-933
-894
-813
-755
-725
-698
-702
-759
-836
-914
-970
-986
-980
-954
-899
-831
-777
-760
-780
-786
-755
-738
-748
-729
-673
-618
-544
-420
-268
-123
-8
43
24
-23
-83
-121
-10
326
807
1322
1784
2084
2169
2088
1960
1921
2022
2202
2423
2691
2942
3104
3163
3109
2990
2852
2616
2273
1951
1700
1488
1330
1230
1165
1115
980
684
304
-79
-426
-674
-806
-836
-743
-613
-587
-627
-658
-707
-755
-781
-832
-877
-842
-751
-594
-310
64
422
677
761
717
645
569
507
519
604
732
874
961
986
1017
1021
900
646
318
-25
-318
-538
-672
-694
-655
-679
-802
-976
-1168
-1360
-1558
-1775
-1966
-2076
-2114
-2094
-1987
-1814
-1663
-1606
-1628
-1674
-1694
-1660
-1570
-1444
-1308
-1162
-1031
-946
-890
-832
-784
-761
-737
-700
-651
-581
-493
-433
-397
-359
-350
-417
-530
-620
-688
-752
-786
-775
-726
-651
-585
-585
-631
-663
-697
-751
-782
-760
-710
-648
-570
-471
-347
-221
-119
-56
-37
-44
-47
3
198
583
1060
1518
1900
2128
2150
2035
1904
1863
1964
2159
2369
2606
2839
2958
2912
2749
2558
2375
2147
1872
1645
1495
1344
1171
1021
929
869
727
432
76
-236
-503
-706
-774
-696
-533
-384
-344
-400
-478
-550
-612
-647
-643
-596
-507
-391
-231
5
284
547
714
728
642
565
522
507
576
737
923
1064
1105
1064
998
904
723
460
199
-4
-163
-303
-411
-478
-567
-737
-965
-1204
-1415
-1588
-1744
-1895
-1987
-2000
-1966
-1899
-1829
-1781
-1768
-1790
-1828
-1833
-1765
-1633
-1468
-1311
-1200
-1120
-1053
-1012
-1001
-996
-962
-900
-831
-770
-694
-603
-512
-430
-391
-418
-466
-516
-586
-647
-644
-600
-553
-512
-491
-483
-477
-475
-487
-497
-485
-447
-409
-383
-319
-201
-83
18
134
237
295
303
257
187
176
299
585
1002
1444
1822
2068
2125
2005
1821
1691
1700
1861
2070
2277
2532
2769
2832
2697
2478
2270
2068
1823
1567
1410
1356
1290
1171
1060
1017
995
842
516
165
-110
-359
-565
-635
-562
-416
-317
-350
-464
-566
-654
-754
-846
-886
-838
-713
-561
-378
-140
100
292
406
424
393
390
401
409
469
600
758
895
967
956
885
744
516
248
15
-141
-220
-266
-311
-353
-426
-571
-777
-996
-1196
-1358
-1493
-1618
-1691
-1686
-1650
-1625
-1611
-1601
-1603
-1629
-1671
-1697
-1660
-1562
-1441
-1329
-1235
-1162
-1116
-1100
-1090
-1051
-988
-926
-861
-797
-744
-688
-621
-578
-571
-575
-594
-638
-698
-744
-747
-689
-589
-490
-406
-336
-311
-364
-465
-537
-517
-424
-313
-193
-61
60
160
231
267
287
301
264
167
95
158
413
825
1276
1661
1945
2085
2029
1824
1636
1623
1790
2002
2196
2449
2750
2919
2840
2611
2381
2194
1977
1691
1464
1402
1386
1269
1116
1056
1052
945
658
291
-16
-268
-514
-694
-724
-620
-489
-452
-516
-586
-639
-730
-827
-857
-816
-708
-561
-419
-264
-84
72
165
203
197
192
217
241
276
369
499
620
712
732
670
556
391
175
-25
-158
-222
-230
-227
-253
-305
-406
-578
-781
-973
-1140
-1258
-1339
-1412
-1437
-1407
-1377
-1368
-1363
-1378
-1414
-1463
-1521
-1534
-1475
-1386
-1297
-1204
-1135
-1102
-1084
-1078
-1067
-1015
-955
-919
-873
-812
-744
-670
-613
-598
-602
-616
-636
-629
-599
-567
-513
-449
-401
-351
-301
-274
-261
-255
-271
-269
-214
-135
-52
27
95
175
260
284
258
235
188
103
37
51
215
556
949
1268
1514
1677
1692
1579
1452
1433
1562
1770
1998
2264
2560
2798
2877
2765
2560
2387
2232
2039
1872
1801
1757
1672
1553
1424
1307
1173
932
579
229
-45
-269
-457
-557
-549
-495
-485
-539
-621
-712
-809
-904
-972
-960
-844
-662
-473
-276
-69
94
196
260
292
295
310
347
386
438
520
620
709
749
708
596
436
237
24
-169
-304
-354
-370
-419
-484
-562
-700
-895
-1086
-1239
-1336
-1369
-1381
-1375
-1332
-1289
-1289
-1314
-1352
-1393
-1422
-1450
-1456
-1408
-1331
-1252
-1160
-1090
-1066
-1058
-1053
-1059
-1041
-984
-916
-841
-783
-754
-712
-647
-601
-574
-556
-543
-515
-485
-483
-455
-388
-347
-327
-278
-204
-130
-87
-109
-151
-166
-175
-181
-137
-44
65
154
191
197
189
127
11
-82
-92
3
225
554
934
1298
1547
1655
1686
1668
1607
1573
1649
1845
2119
2396
2636
2835
2937
2850
2606
2349
2154
1989
1797
1621
1533
1500
1410
1246
1086
946
761
479
138
-153
-350
-500
-623
-655
-587
-508
-486
-514
-549
-597
-670
-742
-768
-718
-584
-385
-166
34
200
307
349
349
324
296
312
382
463
541
642
741
781
728
612
459
267
68
-96
-202
-254
-285
-340
-431
-533
-664
-854
-1064
-1236
-1371
-1481
-1548
-1558
-1536
-1506
-1481
-1474
-1486
-1505
-1531
-1566
-1571
-1512
-1414
-1306
-1188
-1073
-991
-950
-926
-896
-842
-761
-685
-637
-598
-537
-477
-447
-432
-408
-391
-402
-427
-454
-454
-398
-327
-280
-237
-172
-113
-102
-159
-254
-330
-360
-352
-301
-205
-74
56
115
84
29
-12
-71
-145
-191
-191
-114
82
379
727
1070
1336
1496
1564
1540
1450
1407
1508
1752
2042
2313
2604
2925
3125
3067
2829
2579
2373
2176
1972
1830
1836
1905
1845
1635
1420
1240
999
646
252
-61
-259
-403
-525
-592
-597
-585
-609
-690
-796
-890
-983
-1078
-1121
-1073
-920
-667
-378
-143
14
121
172
166
134
105
117
186
300
456
639
791
851
804
662
467
263
75
-68
-146
-184
-207
-218
-238
-304
-440
-632
-850
-1044
-1194
-1294
-1335
-1333
-1324
-1323
-1329
-1339
-1358
-1385
-1431
-1477
-1495
-1477
-1419
-1330
-1239
-1171
-1116
-1061
-996
-911
-824
-747
-678
-628
-585
-506
-394
-303
-260
-255
-266
-266
-260
-251
-208
-127
-67
-54
-61
-61
-66
-133
-266
-372
-371
-317
-284
-253
-196
-143
-135
-200
-281
-289
-261
-274
-305
-287
-212
-117
-45
2
94
255
449
670
895
1081
1239
1366
1434
1483
1594
1773
1988
2190
2330
2442
2580
2666
2617
2479
2331
2200
2070
1916
1788
1749
1731
1624
1436
1225
1013
791
532
254
30
-120
-249
-362
-447
-515
-575
-630
-701
-785
-853
-895
-897
-861
-817
-749
-623
-469
-346
-268
-210
-152
-97
-68
-50
16
134
249
335
394
440
457
413
306
185
83
-24
-128
-212
-269
-308
-353
-428
-538
-667
-813
-970
-1114
-1235
-1336
-1415
-1479
-1525
-1549
-1556
-1558
-1548
-1536
-1531
-1512
-1471
-1421
-1354
-1261
-1159
-1050
-922
-791
-671
-560
-466
-391
-321
-256
-199
-139
-78
-24
32
99
159
196
197
159
109
56
-6
-49
-52
-40
-49
-78
-114
-153
-199
-272
-353
-383
-360
-342
-342
-335
-320
-318
-350
-400
-416
-376
-328
-290
-236
-147
-4
205
445
674
888
1065
1200
1309
1381
1443
1582
1802
2009
2164
2311
2479
2646
2704
2592
2423
2306
2194
2040
1894
1821
1820
1796
1647
1411
1191
963
669
341
49
-159
-270
-345
-422
-476
-531
-628
-743
-864
-989
-1077
-1094
-1054
-964
-840
-715
-573
-419
-318
-287
-281
-256
-194
-110
-39
47
187
331
423
462
463
437
384
261
79
-76
-161
-211
-253
-299
-359
-438
-560
-732
-922
-1109
-1283
-1423
-1526
-1606
-1655
-1666
-1660
-1646
-1637
-1656
-1679
-1660
-1623
-1581
-1500
-1364
-1195
-1033
-905
-795
-680
-577
-495
-407
-317
-229
-136
-52
26
126
222
277
313
331
300
232
157
79
12
-25
-38
-22
20
49
50
22
-60
-170
-263
-355
-437
-456
-420
-351
-260
-207
-201
-190
-186
-233
-289
-282
-208
-100
0
107
288
517
698
830
968
1109
1229
1304
1337
1421
1593
1761
1881
2011
2158
2267
2306
2268
2185
2110
2030
1920
1811
1726
1663
1601
1488
1315
1123
917
677
432
207
1
-163
-281
-395
-504
-589
-671
-768
-859
-937
-991
-998
-962
-902
-832
-758
-667
-561
-472
-415
-355
-273
-188
-109
-34
45
141
237
287
293
295
283
226
135
42
-32
-87
-137
-210
-306
-419
-540
-661
-789
-926
-1061
-1185
-1305
-1409
-1484
-1530
-1539
-1518
-1513
-1537
-1560
-1556
-1524
-1481
-1445
-1406
-1321
-1190
-1065
-965
-862
-738
-614
-539
-513
-459
-353
-258
-201
-146
-64
34
107
126
120
120
99
52
22
24
36
45
46
42
22
-30
-110
-180
-236
-292
-324
-309
-264
-212
-176
-175
-198
-234
-277
-307
-311
-295
-243
-138
-17
91
201
338
507
671
788
882
998
1117
1191
1253
1364
1536
1717
1853
1952
2064
2169
2203
2165
2101
2039
1977
1904
1822
1771
1742
1672
1538
1366
1177
977
768
549
327
124
-58
-214
-344
-471
-596
-707
-805
-896
-964
-999
-1004
-984
-966
-954
-901
-803
-703
-621
-541
-450
-353
-266
-188
-96
14
111
183
245
302
338
335
288
220
157
86
1
-74
-141
-224
-328
-441
-564
-694
-836
-987
-1124
-1225
-1303
-1361
-1399
-1426
-1451
-1472
-1491
-1503
-1485
-1454
-1420
-1367
-1299
-1227
-1140
-1044
-956
-868
-779
-695
-599
-489
-388
-306
-235
-177
-132
-110
-107
-90
-59
-40
-39
-20
11
35
43
44
36
15
-22
-85
-160
-235
-295
-314
-307
-304
-299
-275
-254
-268
-311
-346
-354
-357
-370
-375
-326
-243
-152
-56
56
191
347
499
616
715
825
951
1067
1160
1258
1407
1584
1726
1833
1954
2088
2178
2187
2138
2082
2034
1966
1882
1815
1771
1712
1618
1493
1336
1146
926
692
463
240
26
-141
-251
-345
-461
-586
-688
-758
-823
-894
-947
-956
-951
-954
-943
-883
-786
-676
-566
-453
-347
-267
-200
-119
-34
27
76
140
227
304
336
327
313
290
226
107
-23
-114
-173
-243
-336
-429
-500
-567
-672
-817
-954
-1054
-1135
-1219
-1309
-1376
-1403
-1403
-1387
-1358
-1327
-1297
-1261
-1229
-1211
-1203
-1171
-1093
-984
-881
-799
-702
-563
-434
-359
-322
-288
-249
-216
-210
-204
-164
-105
-36
33
72
72
57
45
20
-47
-123
-134
-77
-28
-49
-105
-116
-103
-143
-220
-260
-223
-160
-143
-159
-146
-101
-72
-72
-71
-42
21
107
186
251
325
429
554
678
776
870
998
1117
1178
1239
1357
1513
1645
1722
1790
1891
1960
1936
1886
1879
1870
1794
1678
1594
1567
1523
1399
1250
1142
1025
828
592
386
224
66
-115
-276
-363
-426
-521
-609
-669
-725
-791
-854
-885
-866
-825
-783
-704
-582
-479
-420
-370
-301
-214
-138
-87
-18
87
181
234
262
283
285
256
182
98
36
-21
-89
-159
-233
-321
-414
-520
-627
-733
-835
-930
-1004
-1065
-1118
-1149
-1165
-1175
-1181
-1186
-1207
-1237
-1262
-1267
-1243
-1202
-1162
-1104
-1022
-954
-906
-860
-791
-703
-626
-578
-525
-456
-396
-350
-302
-248
-195
-135
-63
7
62
79
91
123
132
100
77
104
155
168
127
94
106
110
67
20
17
50
83
90
89
101
112
110
105
105
111
139
196
262
311
339
373
442
511
540
558
613
720
841
936
1011
1111
1229
1314
1343
1352
1379
1427
1465
1471
1473
1486
1502
1507
1482
1418
1342
1264
1178
1074
946
811
697
601
476
321
167
38
-66
-168
-288
-386
-442
-480
-520
-552
-573
-571
-552
-551
-562
-558
-538
-499
-441
-386
-322
-228
-131
-53
19
68
86
85
48
-6
-37
-56
-72
-69
-73
-105
-155
-227
-327
-426
-538
-658
-747
-813
-877
-914
-933
-964
-1004
-1059
-1135
-1189
-1220
-1256
-1273
-1264
-1244
-1202
-1147
-1108
-1058
-981
-919
-880
-849
-824
-774
-694
-623
-541
-425
-316
-227
-137
-76
-44
-18
4
40
96
132
170
255
326
340
322
295
275
257
203
140
124
131
137
156
181
189
187
175
156
136
104
83
108
149
158
161
198
261
318
340
345
389
455
498
528
572
618
662
702
743
812
891
954
1015
1075
1110
1123
1129
1139
1156
1160
1135
1110
1107
1107
1080
1021
956
905
859
780
672
580
504
419
313
207
137
102
58
-5
-60
-107
-150
-204
-261
-305
-330
-344
-345
-326
-300
-282
-257
-221
-188
-168
-154
-130
-91
-63
-60
-56
-38
-26
-35
-63
-94
-110
-130
-166
-201
-231
-264
-301
-333
-365
-406
-472
-562
-646
-725
-821
-926
-1001
-1031
-1049
-1079
-1112
-1105
-1057
-1032
-1058
-1083
-1065
-1022
-993
-982
-942
-851
-756
-684
-601
-504
-407
-328
-268
-210
-153
-103
-54
8
65
96
117
152
182
196
195
179
157
129
95
75
67
56
64
99
124
116
89
65
60
50
18
13
62
133
181
213
249
294
331
338
339
365
407
450
510
584
653
716
763
792
814
819
805
805
820
832
851
879
908
932
933
902
857
810
760
721
708
700
684
678
672
665
654
621
576
534
488
438
407
396
397
412
411
382
340
295
251
203
144
75
22
-3
-22
-47
-64
-70
-77
-95
-139
-192
-230
-255
-270
-277
-281
-275
-256
-240
-239
-253
-273
-286
-302
-334
-377
-409
-418
-417
-429
-453
-475
-500
-543
-605
-675
-741
-791
-830
-863
-877
-871
-867
-864
-857
-860
-872
-880
-888
-881
-856
-830
-787
-702
-608
-535
-478
-432
-382
-330
-299
-279
-218
-137
-82
-39
4
43
79
79
32
-3
-2
3
14
30
29
48
80
82
62
47
37
34
23
-16
-27
34
110
147
164
182
216
259
274
275
318
375
408
444
491
535
579
609
625
645
650
636
647
689
719
729
742
772
802
793
728
658
621
596
561
532
516
526
554
566
559
551
543
524
490
442
408
412
441
463
464
459
459
463
458
434
401
366
330
294
266
245
238
243
243
217
166
115
71
24
-37
-100
-137
-151
-161
-177
-189
-188
-196
-229
-276
-317
-351
-379
-403
-425
-442
-458
-479
-506
-543
-594
-640
-667
-692
-729
-757
-774
-784
-799
-816
-821
-801
-783
-775
-753
-724
-718
-721
-707
-682
-654
-629
-592
-522
-443
-394
-357
-307
-264
-239
-216
-188
-161
-136
-114
-93
-74
-83
-97
-74
-39
-40
-54
-44
-15
-4
-31
-61
-53
-38
-54
-67
-41
-1
20
35
62
98
114
111
132
188
238
265
309
380
436
452
452
474
514
539
547
577
630
665
679
694
714
711
665
602
559
534
506
477
475
497
507
492
472
464
461
448
428
416
426
453
493
540
582
607
613
604
581
556
538
533
533
534
534
529
518
497
469
443
405
350
298
261
238
216
193
181
187
188
171
151
135
113
75
25
-20
-55
-84
-107
-118
-134
-180
-250
-323
-398
-483
-577
-656
-702
-737
-783
-833
-871
-901
-939
-990
-1039
-1067
-1071
-1069
-1057
-1026
-983
-933
-881
-835
-802
-773
-742
-707
-667
-634
-599
-549
-489
-438
-396
-361
-329
-306
-313
-348
-378
-387
-387
-382
-367
-335
-294
-260
-242
-228
-210
-194
-182
-172
-156
-128
-85
-30
33
98
159
215
264
299
324
355
395
434
466
495
528
567
602
634
671
706
730
750
764
773
775
770
766
757
735
707
695
698
695
679
663
654
644
619
586
566
560
544
523
513
512
512
508
500
495
482
454
423
404
384
363
353
353
350
335
307
280
259
231
195
164
143
123
100
82
65
55
40
16
-3
-23
-48
-73
-93
-119
-149
-175
-194
-205
-219
-249
-295
-345
-405
-484
-563
-633
-686
-723
-762
-801
-831
-854
-883
-917
-951
-980
-993
-990
-977
-960
-940
-917
-879
-837
-808
-792
-777
-754
-730
-714
-703
-671
-625
-589
-569
-558
-545
-530
-522
-529
-540
-548
-557
-548
-514
-465
-414
-361
-301
-237
-183
-149
-119
-81
-48
-26
6
61
139
227
306
372
425
457
477
509
540
561
592
642
707
774
827
880
942
991
1004
1007
1016
1028
1036
1040
1049
1064
1075
1069
1062
1051
1022
982
946
910
866
811
754
710
673
620
569
537
502
450
391
342
307
266
204
144
105
68
25
-8
-23
-28
-41
-67
-85
-88
-92
-104
-107
-110
-126
-146
-155
-145
-123
-112
-111
-102
-94
-111
-145
-181
-214
-247
-292
-339
-367
-384
-407
-438
-477
-524
-580
-645
-712
-765
-804
-834
-858
-872
-875
-872
-874
-888
-903
-907
-913
-924
-937
-937
-910
-868
-827
-786
-736
-688
-659
-651
-654
-651
-641
-633
-615
-575
-521
-463
-401
-339
-284
-246
-230
-215
-188
-152
-110
-49
30
118
199
262
311
352
381
398
420
444
470
507
561
620
674
710
734
758
772
770
770
785
802
816
823
837
856
877
896
922
947
955
955
958
964
957
940
925
924
919
889
851
824
796
753
698
648
608
561
508
459
418
371
310
249
193
132
67
7
-37
-74
-116
-165
-205
-236
-270
-300
-326
-345
-359
-371
-385
-399
-415
-425
-437
-455
-480
-499
-505
-504
-509
-518
-517
-512
-516
-531
-540
-539
-534
-537
-543
-545
-541
-536
-531
-529
-536
-546
-558
-576
-602
-626
-633
-623
-614
-613
-609
-598
-597
-620
-654
-680
-707
-741
-769
-774
-751
-720
-691
-655
-609
-570
-548
-524
-492
-456
-418
-371
-305
-229
-152
-71
17
100
166
219
276
335
384
425
475
539
603
654
697
737
766
779
777
772
765
759
756
756
759
768
778
782
780
764
745
724
706
696
697
701
703
703
707
712
707
699
684
673
659
641
625
617
609
592
570
544
511
467
421
379
339
293
245
210
185
159
130
102
74
35
-15
-66
-115
-162
-210
-254
-286
-315
-354
-397
-437
-475
-518
-563
-603
-636
-667
-696
-721
-738
-755
-776
-791
-797
-800
-797
-781
-754
-724
-701
-685
-669
-649
-634
-621
-606
-586
-563
-538
-502
-467
-432
-404
-385
-373
-372
-385
-401
-411
-417
-415
-401
-382
-358
-331
-311
-300
-302
-313
-327
-335
-333
-326
-306
-263
-209
-153
-105
-74
-46
-20
3
24
55
99
149
206
265
325
388
446
492
538
574
600
628
666
706
745
776
803
830
852
860
858
856
849
837
820
798
779
763
742
715
683
637
589
543
496
450
406
371
345
325
306
287
273
263
246
229
212
197
192
189
188
189
191
192
193
187
171
150
133
118
102
84
65
48
35
17
-4
-27
-54
-82
-123
-176
-230
-276
-321
-368
-418
-464
-500
-528
-555
-575
-592
-614
-648
-687
-726
-755
-783
-807
-820
-820
-816
-813
-803
-784
-760
-741
-730
-717
-694
-666
-642
-617
-587
-556
-520
-488
-455
-420
-391
-369
-352
-339
-330
-316
-294
-266
-228
-188
-144
-99
-62
-33
-14
-1
7
16
30
47
67
93
127
168
204
232
258
281
297
308
324
346
379
412
441
475
509
540
566
593
622
650
677
700
722
746
766
789
803
804
796
782
766
744
713
677
646
617
579
530
484
443
402
354
301
248
201
158
118
81
48
23
2
-21
-42
-59
-73
-84
-92
-96
-98
-95
-92
-85
-75
-67
-62
-58
-50
-44
-42
-45
-51
-61
-75
-96
-115
-130
-147
-160
-172
-181
-193
-212
-237
-265
-299
-340
-381
-417
-446
-471
-489
-501
-510
-517
-527
-540
-553
-572
-591
-600
-602
-596
-589
-572
-547
-521
-495
-475
-455
-438
-429
-424
-415
-401
-383
-362
-334
-297
-257
-218
-181
-147
-121
-107
-101
-98
-93
-81
-61
-30
6
46
87
125
154
172
181
186
190
197
208
225
249
278
308
334
352
363
372
384
394
400
407
422
439
446
449
454
465
478
487
497
511
528
541
547
548
542
535
528
524
520
514
509
500
487
465
435
398
362
325
287
250
214
186
158
125
89
50
13
-23
-56
-84
-108
-124
-138
-149
-155
-163
-166
-161
-150
-136
-126
-115
-100
-86
-81
-85
-84
-76
-71
-70
-74
-71
-71
-79
-92
-106
-119
-134
-148
-163
-175
-191
-213
-232
-250
-278
-311
-336
-355
-373
-389
-402
-405
-401
-399
-397
-388
-378
-371
-367
-359
-356
-359
-363
-358
-344
-332
-321
-304
-283
-269
-266
-262
-253
-238
-223
-207
-181
-150
-124
-107
-91
-80
-71
-62
-46
-19
15
50
88
127
160
185
204
222
240
256
271
288
311
330
344
356
365
373
381
385
390
395
399
401
400
397
390
385
382
376
371
366
362
357
348
335
323
312
301
293
286
277
269
262
253
245
232
215
194
171
145
120
94
71
50
30
10
-12
-34
-53
-72
-97
-125
-151
-170
-187
-199
-207
-209
-206
-203
-202
-199
-192
-183
-172
-158
-146
-136
-130
-127
-124
-122
-120
-109
-90
-67
-44
-25
-13
-12
-21
-39
-60
-79
-98
-110
-112
-111
-112
-117
-128
-142
-161
-184
-205
-222
-235
-246
-255
-264
-273
-280
-288
-292
-294
-292
-285
-275
-266
-263
-262
-262
-264
-267
-262
-250
-230
-210
-191
-172
-152
-140
-135
-128
-115
-101
-82
-60
-32
1
34
65
98
133
166
198
229
260
287
307
323
340
358
376
394
419
449
475
494
502
496
477
449
415
381
352
330
316
307
296
284
269
250
225
194
162
135
115
98
82
71
65
59
52
48
49
54
56
52
45
36
18
-5
-28
-46
-61
-74
-81
-86
-89
-100
-119
-138
-159
-185
-210
-229
-239
-245
-253
-259
-258
-252
-247
-239
-228
-212
-201
-190
-184
-180
-177
-174
-167
-154
-136
-112
-81
-49
-23
-10
-6
-11
-19
-33
-46
-54
-55
-52
-50
-46
-46
-48
-57
-69
-86
-106
-127
-145
-159
-171
-180
-183
-179
-170
-157
-141
-122
-104
-88
-77
-68
-65
-62
-55
-47
-33
-18
2
23
43
59
72
81
88
89
88
85
84
81
82
90
100
114
130
151
173
197
215
230
242
250
257
262
269
279
293
305
313
321
324
322
314
299
279
255
230
203
179
156
134
116
97
79
63
46
30
16
3
-12
-25
-38
-49
-57
-64
-69
-70
-69
-68
-65
-61
-58
-60
-64
-73
-81
-92
-101
-109
-116
-121
-127
-130
-133
-135
-136
-137
-136
-136
-139
-144
-149
-155
-162
-170
-172
-171
-164
-153
-142
-129
-118
-113
-111
-114
-121
-125
-123
-115
-102
-83
-60
-36
-9
11
22
25
23
16
4
-11
-23
-28
-31
-30
-28
-23
-18
-19
-24
-36
-51
-68
-88
-106
-120
-128
-128
-119
-107
-91
-71
-51
-30
-13
1
16
28
39
51
64
80
99
118
134
146
155
157
154
147
140
134
128
127
133
142
153
165
174
178
177
169
159
146
134
123
114
110
106
106
107
110
111
110
105
97
87
70
51
30
9
-12
-29
-46
-60
-71
-76
-82
-86
-90
-91
-92
-91
-91
-89
-85
-79
-75
-74
-75
-76
-78
-80
-82
-80
-75
-70
-63
-58
-53
-54
-59
-67
-76
-86
-95
-98
-98
-99
-98
-98
-101
-104
-107
-112
-115
-110
-105
-98
-87
-74
-62
-52
-44
-38
-34
-33
-36
-41
-42
-44
-48
-50
-48
-44
-37
-28
-20
-13
-10
-11
-15
-23
-31
-38
-43
-46
-47
-45
-42
-38
-37
-36
-37
-37
-38
-39
-38
-34
-30
-24
-16
-5
7
17
29
45
63
81
98
116
136
153
168
181
193
204
210
213
215
216
215
212
208
205
199
194
186
175
163
147
130
111
94
78
62
46
34
25
15
5
-4
-12
-17
-23
-26
-26
-25
-23
-23
-21
-21
-22
-24
-26
-25
-24
-22
-18
-12
-7
-3
-2
-1
-2
-4
-8
-12
-14
-16
-15
-16
-16
-16
-19
-22
-25
-30
-37
-45
-53
-62
-70
-76
-80
-80
-78
-76
-73
-70
-71
-74
-80
-84
-89
-93
-96
-99
-99
-101
-103
-105
-109
-112
-113
-112
-108
-103
-98
-93
-91
-92
-93
-94
-91
-86
-77
-65
-49
-34
-19
-9
-2
1
1
3
2
6
9
17
29
41
53
60
66
68
66
59
47
35
25
17
15
18
28
44
61
82
99
115
127
135
141
147
153
161
174
188
203
218
229
234
233
226
216
201
186
167
150
134
119
104
89
73
55
34
8
-20
-49
-79
-107
-127
-143
-151
-152
-148
-139
-126
-114
-104
-91
-83
-75
-66
-61
-53
-47
-43
-35
-27
-18
-7
7
19
29
39
47
52
54
53
51
50
48
45
42
39
33
24
12
-1
-14
-28
-40
-50
-58
-65
-71
-76
-82
-85
-87
-89
-92
-93
-98
-104
-112
-120
-129
-133
-135
-134
-127
-117
-104
-90
-78
-68
-62
-60
-61
-62
-66
-69
-68
-67
-62
-50
-39
-23
-5
11
26
38
48
56
62
68
74
81
85
88
89
88
85
79
69
57
44
32
21
10
1
-7
-13
-15
-17
-15
-12
-7
-3
-1
1
5
8
13
19
32
48
67
88
109
128
143
157
167
173
177
177
174
169
159
146
131
114
98
83
72
60
51
41
28
13
-6
-28
-50
-69
-82
-89
-95
-97
-97
-99
-103
-109
-114
-120
-122
-121
-116
-108
-99
-88
-80
-73
-68
-65
-62
-59
-57
-56
-57
-60
-60
-58
-55
-51
-46
-44
-40
-40
-44
-47
-51
-56
-61
-64
-64
-63
-60
-58
-56
-53
-51
-47
-42
-40
-38
-38
-39
-40
-44
-46
-45
-41
-36
-32
-25
-21
-18
-18
-21
-23
-20
-15
-9
0
8
13
15
15
13
12
11
12
16
24
32
39
46
51
55
58
63
68
75
80
83
84
84
80
77
76
76
80
85
89
95
97
97
96
93
91
92
95
101
107
114
119
122
123
124
125
125
127
129
131
133
133
132
128
123
117
111
104
98
92
86
78
68
59
47
34
17
-1
-19
-40
-60
-79
-95
-110
-123
-134
-143
-149
-154
-158
-161
-163
-163
-161
-157
-151
-144
-137
-132
-125
-120
-115
-109
-102
-94
-86
-76
-67
-57
-46
-38
-29
-20
-14
-10
-11
-15
-25
-38
-51
-65
-73
-74
-70
-60
-46
-34
-25
-18
-17
-21
-26
-34
-39
-39
-38
-34
-27
-24
-22
-21
-23
-25
-26
-24
-19
-11
-1
12
25
35
43
47
49
47
45
43
41
43
44
46
49
54
56
56
56
54
52
51
48
47
45
43
39
36
32
24
19
14
10
8
7
8
10
12
15
19
22
23
24
22
19
16
13
12
15
23
34
48
66
79
90
100
105
108
113
117
123
132
140
147
149
145
133
118
99
78
61
45
30
17
4
-12
-29
-50
-74
-100
-122
-144
-161
-174
-183
-190
-195
-200
-206
-210
-214
-215
-213
-210
-203
-193
-180
-168
-153
-138
-127
-115
-106
-99
-92
-83
-75
-64
-51
-36
-21
-8
5
15
23
27
30
32
35
39
44
51
57
63
67
70
69
67
65
62
61
61
63
67
71
77
82
85
87
86
82
79
73
68
64
60
59
57
57
55
56
58
57
57
55
53
51
49
46
42
40
40
40
42
46
49
54
58
61
62
64
64
63
64
62
61
59
56
52
47
40
33
26
22
18
15
11
7
3
-1
-9
-15
-19
-22
-21
-19
-16
-13
-10
-10
-10
-10
-14
-15
-12
-9
-2
4
10
14
17
16
13
10
5
0
-4
-10
-16
-22
-32
-41
-52
-62
-73
-83
-91
-101
-109
-117
-126
-133
-140
-146
-150
-154
-155
-154
-151
-148
-142
-137
-132
-126
-122
-119
-115
-108
-100
-88
-73
-59
-41
-27
-15
-5
4
10
14
21
29
38
48
58
66
75
81
83
83
83
84
86
87
91
94
97
97
97
94
87
82
77
75
74
76
77
83
89
94
100
103
107
110
112
114
116
117
118
119
119
117
114
108
102
95
88
79
71
65
59
52
46
41
33
25
17
6
-6
-20
-34
-50
-63
-75
-86
-93
-94
-95
-96
-95
-96
-97
-98
-102
-106
-108
-109
-108
-105
-102
-96
-94
-89
-88
-85
-82
-80
-74
-68
-60
-52
-42
-34
-25
-19
-17
-16
-14
-14
-15
-17
-17
-18
-19
-20
-20
-22
-23
-25
-24
-24
-25
-25
-25
-26
-29
-33
-40
-45
-48
-51
-50
-50
-48
-45
-42
-40
-40
-37
-38
-38
-35
-35
-34
-34
-34
-34
-35
-35
-37
-35
-32
-26
-19
-12
-5
1
7
12
18
24
31
40
50
60
67
72
77
79
83
84
88
93
98
104
109
112
113
112
110
106
103
100
98
99
99
97
94
92
89
84
79
73
69
67
65
64
62
59
54
47
40
29
19
9
0
-7
-15
-23
-31
-40
-47
-55
-65
-72
-78
-81
-85
-88
-89
-91
-94
-95
-96
-95
-95
-92
-85
-80
-72
-64
-58
-52
-45
-39
-35
-31
-27
-23
-17
-11
-7
-5
-2
-3
-4
-6
-8
-9
-7
-4
-3
-1
-2
-1
-1
-3
-6
-10
-10
-11
-10
-10
-10
-10
-8
-11
-11
-10
-11
-7
-5
-1
-1
0
-1
-4
-8
-11
-16
-18
-17
-13
-8
-5
-2
-1
0
0
-2
-1
1
5
12
20
29
36
41
45
45
43
42
44
48
55
62
68
77
81
85
85
82
78
75
72
72
71
69
67
65
64
61
59
59
58
58
60
61
64
62
62
60
58
56
51
49
46
43
41
38
36
32
28
22
15
10
7
3
-2
-4
-8
-16
-24
-33
-45
-57
-66
-74
-79
-82
-84
-87
-93
-99
-107
-113
-119
-123
-124
-124
-125
-123
-122
-120
-117
-117
-115
-113
-110
-103
-94
-81
-70
-62
-58
-55
-51
-42
-32
-18
-6
1
4
2
0
3
7
13
20
21
18
15
14
17
21
22
18
9
-4
-13
-15
-5
14
33
41
29
5
-20
-33
-26
-1
28
49
51
30
-1
-21
-23
-1
32
61
70
58
33
11
7
22
51
76
88
76
50
23
9
17
42
68
81
74
51
24
8
9
25
45
57
52
35
12
-3
-2
12
33
43
40
24
2
-13
-15
-4
12
28
34
27
14
1
-5
-1
6
11
13
8
-1
-10
-14
-11
-3
3
3
-3
-14
-28
-37
-41
-39
-36
-33
-33
-38
-43
-50
-53
-52
-52
-49
-47
-49
-52
-57
-56
-50
-41
-31
-24
-19
-20
-23
-26
-26
-18
-9
1
8
9
4
-3
-7
-9
-8
-6
-8
-12
-21
-30
-33
-34
-28
-23
-20
-23
-32
-38
-41
-38
-29
-18
-9
-7
-11
-16
-21
-17
-11
-1
9
15
18
18
18
21
27
35
43
51
54
56
57
56
60
65
70
76
78
80
82
84
87
89
92
95
96
95
92
87
82
81
77
75
72
68
61
50
39
27
16
8
2
-2
-7
-14
-23
-35
-45
-51
-55
-56
-58
-62
-66
-73
-77
-79
-75
-70
-64
-57
-53
-51
-47
-41
-30
-19
-8
-1
4
8
11
17
24
34
44
51
54
53
50
46
45
43
43
42
39
33
24
15
5
-1
-5
-8
-13
-20
-29
-38
-48
-54
-56
-55
-54
-51
-52
-54
-56
-57
-57
-55
-50
-49
-48
-48
-50
-49
-48
-41
-37
-33
-33
-37
-39
-40
-38
-35
-30
-27
-29
-31
-34
-35
-33
-27
-18
-11
-10
-12
-16
-15
-11
-2
8
16
21
22
22
22
27
34
40
45
47
45
45
47
53
59
66
68
65
57
49
47
48
54
58
57
49
38
28
20
18
18
20
18
13
4
-3
-8
-10
-10
-8
-11
-17
-25
-31
-33
-32
-28
-27
-27
-31
-36
-42
-44
-42
-37
-31
-26
-23
-24
-26
-29
-29
-29
-27
-23
-21
-19
-17
-17
-16
-14
-11
-8
-3
1
3
4
4
5
6
8
9
9
7
6
2
1
2
6
10
13
11
5
-4
-14
-18
-18
-13
-9
-6
-10
-16
-26
-32
-35
-34
-31
-27
-25
-27
-29
-31
-31
-28
-24
-21
-20
-20
-20
-19
-17
-14
-11
-8
-6
-7
-3
0
2
7
11
15
18
19
20
20
19
19
18
18
18
20
21
20
19
19
18
17
17
17
17
17
16
15
14
13
14
13
17
16
16
18
21
27
30
34
35
34
34
34
34
39
43
48
50
49
48
43
39
39
37
37
36
33
31
26
23
19
16
12
6
-1
-6
-11
-15
-16
-18
-21
-25
-31
-38
-41
-41
-39
-36
-35
-35
-35
-36
-36
-34
-30
-24
-20
-15
-13
-8
-3
1
9
15
19
23
25
26
28
31
35
38
39
38
36
35
32
31
32
31
29
27
21
14
8
2
-2
-5
-8
-11
-14
-18
-21
-25
-27
-29
-31
-33
-35
-36
-35
-34
-32
-29
-27
-26
-25
-25
-26
-25
-22
-20
-16
-11
-7
-1
2
3
3
2
1
0
2
5
8
13
13
13
11
7
6
6
8
11
12
13
12
10
8
8
8
8
10
10
12
15
18
23
25
28
28
27
25
26
29
34
39
44
45
44
43
40
37
37
36
35
34
32
29
26
21
17
11
3
-6
-13
-20
-26
-30
-35
-40
-46
-53
-59
-65
-70
-75
-77
-77
-78
-78
-77
-76
-74
-72
-71
-69
-65
-59
-52
-43
-36
-29
-28
-26
-24
-23
-18
-13
-6
-2
1
1
-2
-5
-6
-8
-8
-8
-10
-14
-18
-22
-26
-28
-29
-31
-32
-36
-38
-39
-39
-36
-33
-28
-24
-21
-18
-18
-15
-11
-5
2
8
14
19
22
25
26
28
30
32
37
40
43
45
44
44
42
41
39
37
35
33
32
30
28
28
28
27
26
24
20
18
17
17
19
19
19
17
16
13
11
10
8
9
8
6
5
4
4
5
5
6
4
3
3
2
5
7
9
9
10
9
8
7
9
12
16
18
19
18
16
13
12
11
11
11
9
7
1
-3
-8
-13
-15
-20
-25
-31
-38
-42
-45
-47
-48
-49
-51
-54
-59
-61
-61
-56
-49
-42
-36
-31
-31
-28
-27
-21
-10
-1
8
16
21
21
25
28
33
38
42
44
43
42
40
40
40
39
38
35
27
19
14
11
9
8
6
2
-5
-10
-15
-17
-16
-14
-10
-8
-8
-8
-8
-6
0
6
10
15
19
22
26
31
36
40
45
48
49
49
50
52
55
55
56
56
51
47
44
41
38
35
33
31
25
20
15
9
5
1
-1
-4
-5
-10
-12
-15
-19
-19
-20
-21
-21
-22
-25
-25
-24
-26
-24
-22
-22
-22
-24
-26
-27
-27
-26
-23
-22
-21
-22
-24
-25
-25
-23
-21
-19
-18
-20
-22
-24
-25
-24
-22
-21
-19
-19
-22
-24
-27
-26
-25
-21
-19
-18
-18
-20
-22
-23
-21
-17
-15
-12
-11
-13
-14
-14
-15
-13
-11
-8
-5
-6
-6
-7
-8
-6
-4
-3
-3
-5
-9
-12
-14
-14
-11
-8
-7
-9
-14
-17
-19
-20
-17
-13
-11
-9
-10
