SAMPLES:	14067
BITSPERSAMPLE:	16
CHANNELS:	1
SAMPLERATE:	16000
NORMALIZED:	FALSE
13
15
15
15
14
15
16
16
17
17
17
17
16
18
18
17
18
18
18
18
19
17
18
18
18
18
17
17
17
16
15
14
14
13
13
13
13
13
12
11
10
9
9
7
7
6
5
5
3
3
3
1
1
-1
-1
-1
-3
-3
-4
-5
-5
-6
-6
-6
-6
-6
-6
-6
-5
-5
-5
-5
-5
-4
-4
-3
-3
-3
-3
-3
-3
-2
-2
-2
-3
-1
-1
0
1
0
0
0
1
1
1
1
1
1
2
2
2
1
1
1
1
2
1
1
1
2
2
2
2
3
2
2
2
1
0
0
0
-1
0
0
-1
-2
-2
-2
-2
-2
-2
-2
-2
-2
-2
-3
-3
-3
-3
-3
-4
-4
-4
-5
-5
-5
-5
-6
-6
-6
-6
-6
-6
-7
-8
-8
-9
-8
-7
-9
-9
-9
-9
-9
-10
-12
-12
-11
-10
-10
-11
-11
-11
-11
-11
-10
-10
-9
-10
-10
-9
-9
-8
-8
-7
-7
-5
-6
-6
-5
-4
-4
-4
-3
-1
1
1
2
2
3
2
4
5
5
6
6
6
7
7
8
8
8
8
8
9
9
9
9
7
9
8
8
8
8
8
7
8
6
6
7
5
5
4
4
5
4
4
3
3
2
2
2
3
3
2
3
2
2
2
2
2
1
1
0
0
0
-1
-1
-1
-1
-2
-3
-3
-4
-4
-4
-5
-6
-7
-6
-7
-7
-6
-6
-7
-7
-6
-8
-7
-7
-5
-6
-6
-6
-5
-5
-6
-4
-6
-6
-4
-4
-4
-4
-4
-3
-4
-4
-2
-2
-2
-1
-1
0
1
0
2
2
2
3
2
4
4
4
3
2
3
2
2
2
2
2
1
2
2
1
0
0
0
0
1
0
0
0
0
-1
0
1
1
0
1
0
1
1
2
2
1
3
3
3
4
4
4
4
4
6
6
6
6
5
7
7
7
8
7
7
7
8
7
8
8
9
9
9
10
9
9
8
8
8
8
8
5
6
5
5
4
2
1
0
1
1
0
-1
-1
-1
-3
-3
-3
-4
-4
-4
-5
-5
-5
-5
-5
-7
-7
-7
-7
-8
-7
-7
-7
-7
-6
-6
-5
-5
-5
-3
-2
-3
-1
-1
0
0
-1
0
1
1
1
3
3
4
4
5
5
5
6
5
5
5
5
6
6
6
6
7
7
8
7
8
7
8
7
6
6
7
6
5
6
6
7
6
5
5
5
4
3
3
3
3
3
2
3
3
2
2
2
2
1
1
1
1
1
0
0
0
-1
-1
-1
-2
-1
-2
-1
-1
-1
-1
-1
-1
0
-1
0
1
0
2
1
2
2
2
2
2
2
2
2
1
2
1
1
1
0
0
0
1
1
1
-1
0
1
0
0
0
0
-1
-1
-1
-2
-4
-3
-5
-4
-5
-6
-7
-7
-8
-9
-9
-9
-9
-10
-10
-11
-11
-11
-11
-11
-11
-11
-11
-12
-11
-11
-12
-11
-12
-12
-12
-10
-11
-11
-11
-11
-11
-11
-11
-12
-11
-11
-11
-11
-12
-10
-11
-11
-12
-11
-11
-11
-9
-8
-8
-7
-8
-7
-5
-5
-5
-4
-3
-3
-3
-3
-2
-1
0
-1
0
1
2
1
2
3
4
4
4
3
3
3
4
5
4
5
6
6
6
7
7
7
8
9
8
8
9
9
8
9
8
7
7
7
6
6
6
5
5
5
5
5
3
5
4
3
4
3
5
4
4
4
5
5
5
5
6
5
5
5
4
4
4
3
3
3
4
2
1
0
-1
0
0
-1
-2
-2
-2
-3
-2
-3
-3
-3
-3
-2
-3
-2
-2
-2
-1
-2
-2
-1
-2
-2
-1
-1
-1
-1
-2
-4
-3
-3
-4
-3
-5
-5
-5
-5
-5
-6
-6
-6
-6
-6
-7
-7
-7
-6
-6
-5
-5
-5
-4
-4
-2
-2
-2
-1
0
-1
0
0
1
1
1
2
2
2
3
4
4
5
5
6
6
7
7
8
9
9
9
10
11
11
13
13
15
15
16
16
17
19
19
20
20
20
21
21
20
21
20
19
20
19
20
18
18
16
15
15
13
13
13
12
11
10
10
9
8
9
9
8
8
6
5
4
3
1
0
0
-2
-3
-4
-5
-6
-7
-9
-10
-11
-12
-12
-14
-14
-16
-16
-16
-17
-18
-18
-17
-17
-16
-17
-17
-16
-16
-16
-14
-14
-14
-14
-13
-13
-13
-13
-11
-11
-12
-11
-13
-13
-13
-14
-14
-14
-13
-14
-14
-12
-13
-12
-11
-11
-10
-9
-7
-6
-6
-6
-7
-7
-7
-7
-8
-8
-8
-9
-8
-9
-9
-8
-10
-11
-10
-9
-8
-8
-7
-7
-8
-12
-13
-16
-17
-17
-18
-14
-7
-4
-4
-2
-2
-4
-5
-4
-6
-8
-8
-10
-12
-11
-10
-17
-20
-19
-22
-21
-16
-13
-16
-13
-10
-13
-10
-6
-10
-14
-13
-15
-17
-13
-11
-13
-12
-12
-19
-24
-25
-26
-27
-23
-22
-25
-32
-39
-45
-45
-39
-37
-37
-35
-34
-33
-30
-25
-19
-18
-17
-12
-5
6
14
14
17
23
25
20
23
30
32
37
40
43
43
36
28
36
56
64
63
62
52
46
54
61
66
76
79
86
154
265
350
405
433
398
336
302
274
244
237
201
126
104
133
127
104
74
-32
-172
-257
-307
-336
-311
-299
-353
-379
-347
-344
-345
-308
-321
-386
-400
-369
-327
-234
-133
-106
-96
-56
-45
-56
-19
6
-37
-70
-61
-45
4
98
171
217
277
305
293
292
294
254
194
164
152
140
146
164
165
143
118
79
33
12
-1
-26
-34
-1
30
39
65
89
55
10
-21
-69
-107
-106
-113
-130
-116
-102
-126
-135
-127
-156
-201
-220
-231
-248
-230
-201
-201
-190
-178
-196
-212
-202
-195
-203
-192
-169
-146
-114
-73
-37
-13
3
15
15
31
71
101
126
160
190
196
196
206
196
173
162
139
112
113
118
102
108
125
113
108
117
108
96
90
74
55
62
73
61
64
77
63
50
52
48
28
15
0
-26
-20
6
8
14
32
11
-35
-52
-71
-113
-124
-140
-175
-164
-136
-139
-122
-87
-99
-123
-109
-107
-111
-71
-51
-46
-4
24
16
45
90
71
74
103
75
88
130
122
139
196
206
169
184
206
168
154
184
147
104
137
133
62
125
163
37
49
84
-33
-50
0
-68
-117
-54
-86
-184
-83
-49
-185
-150
-78
-174
-174
-40
-103
-190
-46
-110
-244
-71
-83
-218
-95
-85
-194
-79
-23
-116
-25
-24
-129
-39
-57
-62
25
-54
-48
-8
-63
-35
-26
-49
-12
-47
-59
53
11
36
128
11
74
131
-8
103
149
14
145
134
24
150
89
23
129
43
95
138
4
146
166
49
187
110
31
96
-35
39
80
-15
184
94
-59
134
11
-147
15
10
-125
-40
49
-94
-86
66
-106
-128
50
-68
-227
-15
0
-241
3
138
-197
-74
107
-171
-216
68
-101
-274
49
-81
-212
33
-55
-139
-29
-24
-61
-58
28
14
-106
12
98
-61
82
95
-41
50
20
-9
80
58
10
19
84
-32
6
188
-1
-50
160
-20
-99
146
-7
-128
97
-3
-177
121
56
-257
121
86
-323
177
135
-232
132
220
-243
78
274
-237
60
281
-207
12
259
-104
-71
240
-3
-202
313
-29
-129
269
27
-118
220
12
-123
105
0
-113
85
51
-55
51
15
-18
-127
35
-67
-128
29
-31
-142
66
-92
-102
-36
-72
-66
-40
-53
-28
11
11
40
61
-16
6
-44
-19
29
-50
116
2
12
55
29
22
-47
96
29
-172
85
54
-32
55
42
-55
-43
43
-79
68
75
-66
80
80
-134
-37
109
-139
-159
212
-40
-104
205
-21
-39
67
-37
75
46
-34
71
33
41
122
56
-16
85
-2
-99
152
30
-45
203
8
-120
90
51
-144
-45
36
-175
-64
145
-86
-45
50
-122
-105
8
-35
-23
-64
-26
12
-58
-20
73
-7
-48
-23
3
30
-75
93
66
-162
111
140
-131
114
53
-124
-94
116
36
-159
274
7
-299
241
-7
-170
251
40
-165
71
55
-153
83
148
-108
110
-4
-118
61
-68
11
-42
-101
50
-112
-109
167
-132
-146
105
-112
-251
127
8
-243
62
34
-161
24
45
-51
75
-110
-19
67
-99
55
167
-79
-8
139
-7
-71
183
-39
-93
105
-108
35
90
-41
115
-56
-59
30
-67
21
8
-70
-48
58
-158
-55
98
-97
-72
152
-36
36
90
-61
84
0
-53
157
-5
-164
351
-159
-110
417
-256
18
285
-353
115
164
-295
200
104
-309
173
3
-335
248
-46
-191
188
65
-78
58
80
-49
73
-1
-138
261
-121
-60
379
-284
-15
230
-193
-24
159
-48
-125
183
-70
-166
257
-141
-87
224
-113
-143
187
34
-159
40
81
-90
-124
230
-107
-111
180
-82
-60
117
6
4
74
-33
52
89
-74
95
77
-162
33
73
-97
150
148
-86
-54
245
-194
-79
193
-334
50
185
-238
155
119
-148
-77
31
-65
-106
76
125
-73
-9
157
-160
68
154
-294
237
-94
-281
427
-252
-55
359
-299
-114
388
-300
-161
451
-278
-263
421
-294
-239
349
-113
-140
349
-87
-201
334
-184
-169
417
-209
9
236
-144
-64
181
-135
-112
207
-197
37
5
-112
58
-8
25
86
-136
9
146
-147
-11
141
-17
48
42
-190
162
-20
-166
255
-91
-214
97
-64
-136
103
-30
-93
16
47
-52
-46
97
-25
-79
22
106
-78
-93
166
-20
-192
166
-41
-19
-77
85
3
-210
125
6
-86
143
63
24
93
-137
88
50
-54
117
108
-130
85
122
-91
139
54
13
19
-97
-102
30
-75
70
85
-123
183
-141
-66
175
-250
-101
128
-148
-72
31
-16
-34
-43
15
-112
-97
-43
-61
1
-15
36
24
109
52
26
87
-120
-72
34
-89
54
242
-272
283
233
-402
338
62
-376
319
89
-305
380
35
-361
388
13
-277
337
-79
-200
307
-172
-71
173
-50
-49
174
-74
-151
82
84
-139
14
133
-182
-34
10
-20
17
-105
238
-33
-329
266
-155
-223
181
-152
-90
20
-57
106
-82
-112
174
-220
-80
137
-142
-30
-20
156
-81
-35
247
-187
-76
254
-141
-124
289
-190
-67
343
-225
-22
416
-251
-52
362
-228
-71
333
-106
-68
288
-32
-182
242
57
-106
113
-15
-70
55
-15
-32
101
-55
-25
128
-74
-33
114
-74
45
101
3
7
66
31
-80
35
-60
2
-13
-26
117
-125
-127
167
-107
-141
130
58
-298
105
268
-390
110
123
-306
81
-159
-39
113
-252
153
-24
-102
157
-174
70
68
-323
206
94
-164
234
118
-186
143
68
-42
95
-16
118
51
-144
98
67
-169
258
63
-255
172
-44
-251
102
-44
-277
110
26
-190
52
195
-100
-118
237
-186
-261
330
-177
-211
456
-51
-219
333
-102
-178
65
-108
-16
-54
51
30
-37
-51
35
-70
106
-10
-47
-78
-87
-152
55
28
-219
289
-47
-74
149
-67
-116
142
-140
20
218
-179
12
118
0
43
70
-45
-24
-2
142
-92
-72
303
-192
107
160
-172
225
16
-124
229
-96
-57
173
-202
77
143
-72
90
-3
13
-15
-47
129
-23
18
62
-89
119
-109
-24
203
-166
121
74
-146
-1
-26
-152
-73
6
-46
-66
149
-76
-128
227
-256
-56
219
-336
25
250
-175
94
94
71
-66
0
53
-170
43
128
-140
98
179
-236
62
108
-201
158
6
94
69
-143
257
-89
-105
390
-215
-14
362
-308
70
158
-332
152
44
-204
124
-1
-108
40
-114
-150
84
-62
-146
124
93
-197
82
6
-58
10
-35
72
-59
-87
248
-135
-80
237
-150
54
93
-7
33
38
-78
-1
153
-310
210
129
-390
292
15
-341
181
-50
-292
115
-88
-33
-39
-95
84
53
-189
6
-11
2
7
-80
272
-179
3
365
-294
12
211
-226
76
162
-124
134
114
-144
176
-45
-228
216
-123
-23
171
-332
144
53
-232
185
-3
-79
93
-13
-54
-61
134
18
-195
290
63
-295
408
11
-244
310
-73
-141
141
58
-32
19
86
-51
-116
112
-17
16
12
-21
65
-109
-14
3
-101
20
11
-29
82
-7
0
26
54
-40
-23
14
-27
2
-68
74
-36
-106
185
-175
0
49
-185
208
-19
-95
135
-50
-196
21
93
-254
155
127
-413
238
48
-207
159
7
-42
-53
-13
-10
2
56
92
-27
26
166
-96
-12
303
-132
37
294
-248
-23
179
-35
38
171
13
9
37
94
53
-61
61
-31
63
-23
-15
180
-147
-48
350
-171
-36
206
-296
4
125
-274
72
242
-255
25
128
-324
153
42
-224
131
-58
-185
48
21
-225
126
66
-266
108
-40
-141
42
-41
-17
-125
28
63
-90
-10
48
-102
-53
61
-53
19
54
-21
19
37
28
31
-50
-52
-42
-12
70
-27
57
108
-118
127
9
-160
176
-28
-161
132
49
-196
209
88
-204
235
37
-211
106
105
-242
66
112
-180
90
15
-55
50
-41
24
-8
15
-12
-68
-11
-105
-18
-53
6
18
7
12
-6
31
-19
16
-59
-76
12
-99
-27
84
-65
19
122
-30
-19
92
-57
-26
81
-6
-14
62
87
-14
32
49
-48
17
12
-20
34
37
53
-20
-62
3
-83
-33
23
38
72
-32
18
2
-11
27
3
-92
-16
99
-29
40
8
-107
15
-22
-54
49
26
-2
26
-55
-82
-7
-36
-14
-3
-65
36
82
5
47
86
-42
-43
-7
-55
-13
5
-18
10
39
27
43
-1
26
2
5
32
-11
5
-6
-23
36
55
16
36
-9
-35
-29
-23
-20
-69
2
-23
-33
46
65
60
60
79
24
19
-4
-38
-34
-22
-11
36
62
72
67
29
-8
-7
-68
-58
-44
-68
-44
-29
5
9
30
7
-22
-48
-37
-35
-20
-26
-14
4
-37
-19
-15
-36
3
4
-25
41
11
-28
39
13
3
43
55
35
56
88
21
22
56
21
6
50
23
0
36
36
8
23
15
11
-4
-4
18
-31
-13
-34
-34
-29
-46
-27
-37
-29
-16
-21
-28
-11
-10
-52
-36
-23
-42
-27
-11
-27
-14
-4
-34
-20
0
-24
-11
0
-18
-13
-1
-19
-18
-14
7
24
-11
20
6
-22
-8
-17
-26
-14
33
6
15
52
25
37
55
15
7
10
-19
-21
26
-11
-1
9
13
11
22
19
-11
29
3
-5
9
3
-6
0
-39
-12
-28
-58
-12
8
-18
-4
29
-15
8
38
-22
5
19
-5
3
14
29
-12
17
39
-2
14
22
-3
31
10
6
14
12
15
15
-6
-14
13
-34
-14
7
-14
-5
1
-24
1
53
10
-6
36
18
-26
9
-11
-25
-4
6
0
15
35
20
38
35
26
29
26
11
20
-1
8
10
-6
8
36
2
1
1
-19
-7
-4
-12
-28
3
11
-8
-6
-5
-17
-7
-9
-38
-23
-5
-27
-29
-20
-33
-21
-32
-23
-36
-9
-23
-25
-3
-21
-35
-30
-30
-22
1
-2
-10
-5
12
-20
-10
-2
-27
-4
-5
-19
12
-5
5
31
-3
-10
17
-31
-15
13
-21
-27
10
-4
-37
12
-26
-33
-3
-25
-19
-1
-26
-30
-23
-28
-23
2
3
9
26
5
-17
-7
14
-20
-4
17
-35
34
25
-11
46
32
2
15
9
-25
0
14
9
30
26
15
23
16
6
16
-2
2
0
-11
-6
-3
16
7
21
1
-4
23
17
8
38
24
9
35
5
21
17
20
27
27
4
-1
16
-3
-19
-7
-9
-23
9
5
-37
-13
-27
-46
-6
-26
-29
5
-8
-26
20
8
-21
24
11
8
-2
3
-2
4
31
17
24
33
24
24
23
3
14
8
29
36
14
31
37
26
37
14
-6
19
-16
-9
5
-3
19
8
9
9
-20
-12
-28
-20
-32
-25
-17
-41
-16
-10
-17
-10
12
-11
-4
-12
-19
-11
-7
-11
9
0
-3
15
9
24
22
18
19
22
23
14
38
28
9
24
5
9
17
9
26
22
19
14
1
7
4
5
5
5
11
26
7
8
6
-17
-7
-10
2
8
0
5
5
1
18
14
-6
23
-16
-14
1
-2
-3
-19
7
1
-24
-12
0
-17
-14
-5
-27
-20
-20
-19
-21
-27
-13
-26
-28
-34
-35
-20
-28
-10
-12
-17
-16
-13
-18
-20
12
-25
-3
2
-25
-19
-20
-2
0
-1
10
6
21
3
-9
1
-39
-32
19
-10
19
18
-6
-4
-4
4
-12
-17
-8
10
-8
25
23
6
25
14
-19
-10
14
3
-1
23
-3
-3
8
1
2
-23
-16
-3
-17
4
0
-7
-4
-7
-24
3
7
-4
-5
6
10
-26
12
6
3
0
15
7
3
28
-7
13
10
3
9
2
-1
-3
16
-9
11
10
-11
5
-9
-15
19
-4
2
18
-3
8
4
13
-4
8
18
5
0
13
-4
1
20
-2
13
14
-4
21
11
-13
11
-9
-30
-6
-25
-23
-6
4
0
10
2
-6
-8
-23
-15
-4
-20
-12
9
-18
-8
28
-7
-5
21
-8
2
15
11
9
10
24
17
33
23
16
25
3
14
16
0
28
20
19
27
-3
14
-2
-5
4
-21
-2
2
-13
-3
1
-20
-21
-19
-28
-20
-21
-34
-25
-16
-27
-17
-30
-24
-39
-24
-44
-31
-4
-20
-13
-7
-4
-17
11
7
2
-1
-9
10
-3
16
13
7
10
9
8
11
7
-4
16
3
8
31
11
-7
31
7
-3
22
8
12
25
17
13
29
4
17
26
5
16
23
15
26
21
15
3
0
6
6
3
1
28
1
-11
0
-8
-16
-29
-14
-7
-29
-18
4
-33
-28
-6
-28
-22
-20
-26
-12
-23
-19
2
-5
-6
8
2
-17
5
-3
-11
3
-4
-11
-3
9
0
12
18
6
9
6
-9
-4
2
-6
5
13
9
4
19
18
-7
8
1
-1
1
-13
0
-7
11
25
6
25
-6
4
-8
-31
3
-14
-11
11
-9
6
20
-6
16
-2
-14
0
-14
-16
-2
4
7
-1
20
7
-3
9
6
-2
-14
0
-3
-9
14
12
1
26
9
11
9
-7
2
3
5
4
17
20
8
36
14
10
22
4
9
12
7
12
22
12
19
15
14
18
6
10
11
-5
-5
10
2
-5
12
5
-8
4
-1
-16
-12
-16
-14
-6
1
11
5
-2
2
-2
3
-8
-5
-9
9
-1
-21
22
-7
-20
18
-4
-12
-3
-5
-18
-8
-19
-15
-10
-23
3
-2
-21
-11
-14
-24
-15
-24
-10
-10
-18
0
-5
-5
10
-25
3
1
-27
4
-5
-7
1
-6
0
-2
-9
5
0
-28
-14
-5
-24
-13
-5
-31
-18
-5
-25
-7
-12
-20
-14
-10
-26
-18
1
-6
-11
-12
-9
-3
-16
-15
15
-7
-22
16
-5
-17
3
-9
-11
-10
4
8
-10
-2
5
-1
-13
-1
5
-12
-3
17
-9
-6
15
-16
0
8
14
14
24
26
9
20
2
20
28
17
36
9
27
33
12
26
24
18
19
39
20
37
38
20
33
20
35
32
29
38
37
34
15
21
13
3
1
6
9
16
6
4
2
-13
-10
-22
-5
-1
-23
5
12
-3
6
3
-21
-12
-10
-9
6
11
26
9
24
8
1
12
-6
3
4
3
17
19
24
20
12
13
15
3
4
23
-6
8
6
-11
-6
-1
2
-23
-14
-17
-29
-19
-24
-19
7
-8
-22
0
-27
-23
4
-14
-7
6
-3
-19
-16
-18
-32
-20
-16
-40
-26
-12
-39
-4
-4
-27
-1
-21
-28
-21
-34
-36
-21
-26
-44
-25
-21
-39
-25
-30
-16
-2
-6
4
1
-12
3
-16
-27
1
-13
-15
-10
-21
-9
26
24
5
-2
-23
-36
-57
-73
-53
-60
-41
-2
-6
8
12
-27
-14
-28
-52
-25
-17
-15
30
47
64
95
112
106
118
122
141
172
161
152
115
152
154
259
731
943
906
865
492
84
-310
-668
-741
-728
-584
-256
-36
132
168
-44
-324
-631
-845
-845
-670
-348
41
300
362
287
85
-162
-368
-453
-383
-170
76
244
368
353
234
80
-100
-162
-132
-74
37
169
251
281
252
122
23
-45
-112
-97
-46
-3
95
144
104
60
1
-80
-142
-179
-161
-92
-23
29
64
75
60
-16
-116
-207
-249
-207
-113
23
198
303
290
278
220
164
142
109
134
246
351
587
957
1117
1087
904
447
-1
-387
-688
-684
-680
-615
-452
-443
-440
-448
-587
-740
-773
-748
-643
-377
-77
189
384
420
365
229
31
-60
-53
92
337
561
666
616
490
254
-31
-187
-182
-121
-81
19
44
24
31
-75
-147
-263
-401
-397
-422
-358
-107
6
38
76
-4
-102
-193
-253
-182
-107
0
175
230
223
210
155
75
-1
19
57
91
57
20
-16
-45
-25
-102
-200
-309
-308
-279
-380
283
694
204
179
-272
-616
-447
-483
6
219
4
182
-25
-276
-5
-9
-116
93
213
271
556
569
444
489
134
-204
-131
-240
-35
328
233
394
298
-78
-162
-432
-384
-66
-2
210
198
65
48
-267
-248
-136
-148
64
101
105
215
128
93
101
-33
15
27
4
26
12
126
91
10
60
11
-11
-22
11
78
122
126
-41
-100
-147
-251
-113
-26
-85
30
-33
-247
-129
-178
-194
84
-68
-159
66
-106
6
249
-70
83
236
-124
53
181
-90
72
155
-20
152
78
-36
212
-81
-137
90
-152
40
60
-183
-8
-69
-143
-41
-152
-99
15
-99
-56
-1
-30
36
-56
-122
62
18
-85
-37
-48
96
205
121
75
23
16
55
7
77
191
124
58
-41
-132
-19
-4
-102
-162
-163
-116
-137
-68
20
67
53
-150
-146
-25
-99
31
117
6
168
184
85
135
28
150
225
23
47
-66
-81
25
-73
-79
-120
-157
-257
1
374
139
57
-57
-362
-322
-352
-91
202
-77
-67
94
-34
71
205
4
-88
-74
-131
-5
309
551
514
304
118
-98
-158
-2
108
226
240
104
24
-35
-65
-63
-90
-156
-236
-277
-264
-148
33
33
-45
-129
-293
-221
-53
-21
146
271
91
-30
26
24
18
44
-2
-64
-53
-46
-81
-23
62
24
-57
-162
-201
-100
-45
-18
69
34
-24
14
-23
-50
41
77
-2
-39
-11
6
65
60
-14
-17
-96
-222
-201
-77
24
51
19
-74
-139
-124
-114
-79
15
14
-23
61
109
110
161
105
-5
-14
45
111
117
171
200
73
-19
-12
-4
43
98
103
102
53
61
107
9
-54
-42
-93
-113
-72
-29
-22
-9
20
-33
-67
-27
-26
-47
-39
-2
36
42
-1
-3
-6
-64
-132
-145
-77
-34
14
72
-1
-29
25
-50
-74
-60
-88
-53
-73
-115
-50
-61
-127
-134
-219
-275
-256
-300
-298
-232
-198
-151
-119
-113
-103
-86
-92
-94
-38
29
63
61
61
67
49
16
-54
-104
-104
-98
-72
-35
8
46
92
110
117
131
122
116
138
218
292
326
351
339
309
304
288
286
308
287
296
319
332
364
379
382
389
371
351
333
345
365
380
429
453
430
387
324
264
253
278
292
328
347
302
275
242
184
142
119
83
25
10
-28
-77
-57
-72
-133
-190
-245
-315
-379
-411
-411
-386
-389
-422
-458
-503
-563
-614
-650
-699
-701
-688
-701
-729
-774
-832
-936
-1053
-1158
-1250
-1290
-1303
-1332
-1369
-1417
-1437
-1457
-1511
-1576
-1626
-1642
-1564
-1428
-1295
-1150
-952
-656
-169
572
1299
1841
2285
2560
2672
2761
2810
2825
2876
2998
3029
2790
2450
2103
1647
1131
758
485
227
62
-100
-263
-337
-291
-191
-173
-128
-13
71
181
371
605
791
952
1043
1004
964
955
942
881
789
728
660
553
389
226
86
-39
-98
-155
-206
-218
-244
-285
-309
-284
-255
-192
-133
-82
12
59
132
193
244
324
368
424
437
397
318
216
86
-111
-241
-419
-607
-718
-885
-987
-1072
-1155
-1215
-1282
-1304
-1311
-1309
-1334
-1320
-1304
-1326
-1298
-1308
-1335
-1372
-1465
-1555
-1653
-1738
-1832
-1946
-2057
-2139
-2215
-2306
-2360
-2499
-2644
-2698
-2781
-2864
-2916
-2881
-2499
-1451
192
1785
2972
3805
4222
4262
4169
4077
4034
4259
4566
4486
3974
3292
2616
1765
860
165
-496
-1121
-1507
-1694
-1751
-1462
-922
-588
-483
-431
-269
-85
108
583
1104
1544
1976
2193
2087
1881
1751
1511
1153
837
574
278
-78
-325
-470
-574
-656
-806
-1029
-1238
-1270
-1221
-1093
-835
-513
-122
116
220
295
380
510
579
605
569
558
577
513
482
448
412
312
36
-212
-332
-405
-462
-409
-314
-252
-147
-67
-48
17
200
374
429
463
541
618
663
760
817
752
658
489
211
-74
-195
-221
-297
-295
-274
-358
-455
-520
-493
-406
-300
-179
-152
-201
-213
-201
-241
-257
-214
-266
-384
-458
-536
-558
-538
-610
-768
-1015
-1302
-1526
-1668
-1736
-1745
-1749
-1820
-1951
-2106
-2218
-2256
-2273
-2195
-2114
-2065
-2001
-2075
-2205
-2320
-2453
-2623
-2771
-2350
-1027
771
2427
3764
4551
4628
4468
4145
3728
3582
3675
3612
3092
2489
2104
1725
1134
468
-194
-1059
-1705
-1927
-1915
-1453
-555
289
676
854
1008
1100
1177
1317
1613
1748
1693
1691
1581
1457
1495
1407
910
272
-313
-853
-1208
-1300
-1081
-809
-638
-478
-449
-464
-299
-102
-34
61
184
254
375
583
829
974
920
682
296
-86
-352
-513
-594
-574
-550
-618
-632
-563
-435
-233
-67
3
58
129
212
400
656
912
1104
1147
1031
795
601
438
246
131
8
-105
-155
-162
-101
-33
25
-20
-141
-282
-370
-353
-304
-127
82
204
296
376
421
440
479
434
365
289
182
134
53
5
-31
-177
-337
-469
-579
-742
-869
-991
-1187
-1329
-1429
-1442
-1405
-1396
-1362
-1396
-1469
-1512
-1590
-1671
-1710
-1731
-1750
-1716
-1650
-1603
-1585
-1648
-1829
-2137
-2527
-2911
-3171
-3312
-3364
-2931
-1635
275
2142
3637
4543
4716
4596
4338
3986
3748
3630
3473
2968
2394
2032
1725
1296
708
3
-988
-1838
-2131
-1978
-1432
-632
111
514
805
1099
1268
1390
1502
1625
1517
1229
1103
1167
1352
1484
1377
951
370
-146
-557
-829
-902
-780
-637
-590
-522
-308
3
334
537
479
283
90
-19
28
198
364
476
463
284
90
-81
-207
-248
-292
-395
-467
-375
-164
115
362
465
436
313
169
20
-46
8
108
189
146
87
125
169
176
93
-56
-191
-256
-195
-57
140
361
504
547
529
468
412
382
307
204
86
-43
-74
-34
-11
3
22
-14
-64
-82
-94
-26
42
75
123
138
184
306
398
372
276
91
-207
-491
-757
-976
-1112
-1206
-1233
-1227
-1219
-1144
-1027
-998
-1044
-1141
-1344
-1508
-1565
-1658
-1689
-1648
-1651
-1636
-1658
-1719
-1758
-1881
-2079
-2260
-2520
-2784
-2866
-2878
-2862
-2892
-2764
-1798
-6
1968
3678
4870
5225
5130
5070
4725
4307
4002
3532
2810
1958
1384
1145
880
466
46
-797
-1866
-2130
-1887
-1486
-698
142
691
1139
1686
2183
2523
2682
2765
2451
1618
1108
1058
988
964
966
596
-34
-531
-952
-1339
-1567
-1539
-1478
-1573
-1493
-1048
-504
13
522
706
546
390
354
369
440
620
701
593
443
341
250
126
23
-200
-579
-911
-1025
-894
-662
-393
-192
-164
-196
-192
-172
-92
68
178
216
260
364
591
854
989
953
796
530
282
168
85
30
-11
-146
-283
-379
-442
-379
-283
-289
-318
-340
-329
-130
174
423
622
756
817
850
851
844
847
740
548
382
189
94
163
184
127
35
-206
-522
-790
-1015
-1169
-1305
-1411
-1417
-1345
-1201
-899
-562
-407
-351
-414
-656
-897
-1043
-1136
-1173
-1187
-1229
-1272
-1382
-1506
-1589
-1810
-2062
-2216
-2383
-2506
-2485
-2478
-2555
-2612
-2689
-2873
-2999
-2402
-716
1451
3409
4892
5579
5487
5315
5095
4531
3888
3227
2367
1364
672
526
562
418
117
-522
-1605
-2241
-1993
-1461
-817
36
756
1190
1726
2371
2815
3012
3016
2657
1797
958
687
740
700
594
291
-356
-929
-1201
-1386
-1552
-1546
-1443
-1462
-1456
-1111
-468
123
551
776
662
438
438
571
632
669
671
544
354
243
179
82
-53
-281
-627
-991
-1125
-996
-784
-550
-376
-269
-165
-38
108
202
253
291
267
228
309
503
730
894
896
752
553
396
270
168
120
49
-16
-16
6
58
157
207
175
66
-89
-157
-64
115
295
480
593
664
740
741
712
643
475
221
-18
-179
-216
-82
49
87
44
-112
-286
-442
-585
-688
-786
-889
-968
-982
-907
-770
-620
-561
-623
-720
-824
-880
-918
-959
-959
-1004
-1083
-1094
-1068
-1042
-994
-1054
-1251
-1497
-1764
-1963
-2016
-1981
-2002
-2043
-2125
-2234
-2303
-2519
-2822
-3159
-3220
-2225
-238
1868
3683
5015
5379
5271
5204
4754
4100
3506
2774
1842
980
585
686
719
448
126
-703
-1718
-1826
-1436
-1151
-550
255
667
1106
1892
2604
3028
3170
3048
2385
1318
657
512
263
-16
-80
-425
-857
-860
-778
-869
-908
-866
-985
-1157
-1028
-476
148
592
958
1040
774
599
624
498
267
99
-134
-385
-506
-443
-293
-242
-339
-534
-822
-1028
-908
-635
-428
-269
-96
61
162
325
539
609
509
417
282
101
171
426
597
688
723
632
514
468
459
417
279
168
138
66
55
273
425
374
357
255
87
115
203
218
251
281
291
330
365
426
454
324
142
-3
-143
-166
36
221
279
291
184
10
-138
-330
-570
-791
-1026
-1199
-1240
-1223
-1105
-955
-894
-888
-919
-994
-1032
-1033
-1089
-1136
-1193
-1292
-1320
-1341
-1401
-1401
-1435
-1580
-1673
-1738
-1869
-1972
-2070
-2221
-2307
-2294
-2294
-2297
-2345
-2556
-2860
-2752
-1628
324
2225
3634
4559
4760
4711
4832
4634
4155
3679
2934
1836
1001
758
865
936
693
204
-605
-1294
-1195
-703
-315
162
629
769
1089
1805
2456
2874
2995
2662
1826
895
363
249
179
18
-177
-497
-688
-568
-405
-445
-601
-825
-1160
-1366
-1200
-643
42
522
675
604
443
349
370
326
154
-61
-218
-322
-351
-191
-4
-41
-299
-614
-947
-1171
-1102
-868
-726
-647
-464
-295
-156
93
349
429
406
433
409
400
588
883
1022
958
888
779
593
503
501
355
166
126
79
31
131
268
286
216
124
52
2
15
163
272
275
368
532
608
682
791
749
561
377
227
81
12
50
87
40
-56
-123
-260
-479
-621
-757
-979
-1116
-1104
-1085
-1006
-794
-598
-490
-437
-470
-586
-762
-944
-1085
-1301
-1551
-1679
-1747
-1792
-1758
-1725
-1788
-1860
-1881
-1920
-2004
-2055
-2031
-1954
-1808
-1630
-1479
-1455
-1602
-1829
-2149
-2561
-2565
-1554
224
2152
3804
4802
5137
5237
5206
4842
4169
3280
2341
1399
597
394
641
686
444
35
-704
-1341
-1336
-1004
-666
-238
242
670
1207
1948
2701
3068
2910
2491
1767
838
299
231
150
-1
-78
-297
-506
-453
-380
-509
-750
-975
-1171
-1253
-1044
-469
153
562
823
845
660
558
521
323
26
-268
-536
-659
-611
-435
-271
-248
-345
-530
-764
-874
-777
-653
-536
-364
-170
88
417
698
861
896
753
582
490
421
492
651
701
660
614
506
403
371
260
71
-150
-330
-380
-327
-191
6
158
194
214
208
173
219
317
404
447
527
645
745
854
898
778
523
253
-38
-303
-432
-484
-495
-464
-442
-483
-567
-695
-832
-941
-1090
-1173
-1126
-1045
-901
-674
-504
-407
-361
-474
-680
-865
-1034
-1140
-1198
-1258
-1275
-1314
-1451
-1538
-1601
-1750
-1895
-2037
-2172
-2182
-2079
-1883
-1582
-1338
-1193
-1114
-1223
-1374
-1519
-1794
-2117
-2364
-2134
-924
967
2738
4166
5006
5061
4915
4655
4038
3379
2753
1928
1035
455
411
739
810
600
320
-355
-955
-879
-573
-268
360
948
1179
1574
2171
2567
2609
2348
1832
997
107
-333
-359
-394
-344
-213
-363
-565
-542
-590
-833
-1021
-1141
-1251
-1194
-828
-218
340
695
859
772
501
314
204
2
-222
-405
-539
-615
-584
-399
-202
-167
-259
-400
-608
-709
-589
-436
-318
-166
27
228
428
626
794
808
641
459
285
142
190
365
465
501
561
556
509
511
472
336
160
8
-38
34
166
346
487
438
333
248
98
33
113
165
197
312
455
616
734
710
592
339
-14
-272
-430
-543
-513
-407
-388
-382
-375
-449
-587
-772
-966
-1147
-1303
-1352
-1245
-1068
-872
-676
-598
-671
-806
-958
-1169
-1372
-1508
-1603
-1645
-1606
-1478
-1315
-1151
-1052
-1027
-1048
-1085
-1109
-1132
-1119
-1096
-1043
-1008
-1037
-1139
-1320
-1485
-1719
-2041
-2373
-2619
-2695
-2215
-749
1114
2696
3970
4792
4996
5048
5000
4452
3735
3009
2169
1334
747
669
823
622
174
-186
-789
-1287
-1146
-968
-863
-363
202
531
1068
1796
2287
2408
2187
1777
1174
529
271
244
53
-42
-50
-391
-699
-654
-689
-905
-1047
-1167
-1281
-1171
-768
-224
218
523
737
709
565
594
576
305
57
-185
-514
-634
-500
-334
-181
-105
-226
-389
-495
-480
-283
-104
32
243
394
482
701
848
813
787
603
304
162
113
136
275
328
271
283
240
213
272
184
30
-65
-203
-263
-113
46
183
310
295
242
218
176
172
200
168
139
167
212
315
401
358
252
124
-48
-200
-306
-437
-558
-652
-729
-738
-706
-681
-691
-741
-828
-941
-1053
-1152
-1164
-1129
-1124
-1095
-1026
-961
-924
-962
-1125
-1334
-1538
-1673
-1670
-1592
-1455
-1263
-1101
-963
-767
-657
-692
-722
-851
-1039
-1082
-1048
-987
-824
-741
-833
-942
-1103
-1249
-1343
-1619
-1996
-2193
-1993
-968
779
2349
3556
4476
4670
4477
4365
3951
3294
2768
2058
1165
600
474
653
743
504
178
-317
-938
-1070
-842
-693
-221
465
754
1030
1649
2148
2322
2266
1901
1250
529
18
-204
-363
-460
-427
-610
-947
-963
-850
-910
-928
-895
-985
-977
-693
-245
281
756
1046
1088
897
678
534
287
-40
-274
-506
-709
-660
-442
-260
-122
-35
-102
-254
-334
-310
-247
-167
3
208
367
545
760
870
830
715
523
276
92
58
69
70
149
226
160
70
71
47
-5
-2
26
65
133
255
428
571
656
734
717
574
480
394
196
29
-51
-163
-252
-278
-323
-421
-574
-770
-962
-1145
-1264
-1234
-1155
-1078
-908
-720
-631
-569
-535
-643
-782
-916
-1097
-1227
-1280
-1295
-1283
-1258
-1280
-1258
-1248
-1321
-1303
-1253
-1254
-1207
-1127
-1142
-1085
-863
-666
-521
-549
-684
-843
-1062
-1245
-1314
-1342
-1434
-1523
-1804
-2060
-1983
-1886
-1988
-2121
-1599
-180
1614
3160
4305
4925
5017
5019
4596
3860
3414
2978
2156
1196
534
319
508
439
69
-311
-879
-1204
-1166
-1119
-818
-42
502
757
1248
1711
2120
2382
2257
1888
1402
807
328
77
-160
-135
-86
-413
-724
-805
-836
-892
-878
-937
-962
-844
-618
-216
194
598
862
761
394
113
-39
-184
-184
-193
-256
-256
-187
-74
51
141
79
-102
-352
-467
-351
-176
57
310
431
444
473
428
325
285
192
70
40
114
272
485
648
714
685
491
247
41
-133
-207
-169
-121
-50
116
240
267
255
201
78
-78
-219
-330
-337
-266
-179
-108
-76
-83
-108
-188
-357
-504
-661
-839
-946
-980
-957
-856
-723
-657
-651
-746
-879
-989
-1129
-1210
-1212
-1234
-1252
-1194
-1114
-989
-869
-903
-950
-1018
-1130
-1095
-972
-860
-692
-569
-615
-638
-669
-756
-797
-911
-1025
-1029
-1037
-1029
-962
-1094
-1302
-1289
-1337
-1498
-1607
-1790
-2060
-2184
-2262
-2143
-1014
947
2710
3895
4578
4646
4482
4368
3888
3255
2823
2411
1804
1090
704
806
829
389
-88
-687
-1384
-1482
-1208
-913
-206
751
1226
1392
1703
2027
2223
2124
1766
1247
661
268
110
-34
-128
-12
-133
-606
-966
-1165
-1317
-1331
-1205
-1054
-793
-475
-172
158
481
791
854
580
222
-21
-164
-210
-183
-149
-56
-8
-47
-104
-154
-171
-217
-304
-349
-232
10
311
628
845
973
979
821
576
387
303
274
321
360
444
592
610
522
396
146
-113
-270
-488
-567
-368
-185
0
234
323
368
416
315
198
93
-93
-208
-293
-428
-432
-411
-497
-537
-642
-871
-1041
-1172
-1311
-1350
-1287
-1183
-1047
-918
-807
-749
-764
-789
-870
-1033
-1146
-1192
-1232
-1208
-1106
-1046
-1032
-1027
-1102
-1201
-1222
-1228
-1238
-1185
-1086
-927
-701
-467
-250
-118
-98
-157
-385
-640
-616
-673
-850
-782
-810
-982
-986
-1108
-1450
-1572
-1639
-1892
-2040
-2254
-2257
-1335
257
1946
3382
4325
4637
4590
4410
3944
3372
2910
2614
2287
1795
1441
1226
826
254
-141
-540
-1067
-1263
-1313
-1388
-921
60
870
1375
1751
1866
1748
1594
1464
1293
1079
891
661
385
290
340
198
-129
-481
-872
-1242
-1457
-1505
-1417
-1079
-597
-230
69
344
454
393
342
304
210
162
182
146
59
120
198
69
-80
-203
-439
-645
-629
-503
-340
-49
274
486
605
750
854
780
703
665
570
514
538
582
572
521
424
250
16
-176
-287
-442
-508
-406
-289
-127
52
132
135
59
-107
-277
-465
-668
-738
-724
-679
-496
-296
-235
-238
-278
-376
-475
-570
-689
-837
-982
-1065
-1056
-1052
-1074
-1092
-1198
-1348
-1427
-1447
-1451
-1352
-1213
-1090
-924
-785
-676
-638
-723
-869
-988
-1091
-1149
-1077
-1014
-941
-817
-751
-752
-774
-724
-712
-827
-957
-1023
-1094
-1160
-1128
-1150
-1235
-1251
-1140
-1090
-1227
-1331
-1570
-1907
-1434
75
1590
2806
3885
4282
4228
4250
4033
3439
2893
2632
2360
1920
1641
1664
1288
472
10
-379
-864
-915
-820
-1042
-969
-275
374
794
1192
1504
1515
1332
1345
1432
1346
1226
1110
742
436
555
563
211
-159
-550
-1076
-1408
-1424
-1325
-1119
-888
-708
-557
-325
15
253
258
180
168
114
93
143
145
142
102
-28
-222
-374
-494
-616
-706
-666
-411
-86
183
374
507
611
724
838
914
971
989
956
894
855
843
782
610
332
47
-213
-427
-574
-674
-713
-650
-505
-358
-181
-22
31
20
-49
-117
-126
-102
-145
-211
-259
-321
-316
-296
-328
-380
-453
-596
-765
-860
-921
-939
-943
-947
-900
-819
-737
-703
-776
-980
-1185
-1345
-1475
-1512
-1457
-1352
-1240
-1121
-1037
-1001
-1014
-1082
-1158
-1264
-1279
-1154
-1028
-975
-915
-815
-873
-991
-997
-971
-914
-807
-756
-858
-824
-555
-384
-455
-680
-888
-1159
-1506
-1749
-1904
-1830
-1075
334
1644
2599
3378
3722
3642
3473
3271
2999
2840
2927
2960
2752
2578
2507
2045
1136
319
-373
-933
-1022
-843
-751
-549
-118
272
517
699
843
824
638
592
742
911
1153
1410
1345
1059
889
711
422
130
-180
-570
-954
-1150
-1145
-1021
-831
-625
-560
-632
-634
-580
-543
-451
-270
-90
122
402
643
736
621
391
99
-198
-378
-427
-395
-332
-219
-116
-4
145
269
345
312
299
345
439
631
837
999
1053
995
847
652
418
162
-47
-304
-502
-463
-322
-180
-57
-44
-140
-233
-311
-419
-465
-385
-326
-304
-216
-114
-36
-49
-198
-402
-552
-630
-635
-601
-623
-657
-760
-918
-960
-940
-912
-871
-875
-925
-942
-985
-1094
-1196
-1348
-1455
-1429
-1387
-1351
-1296
-1254
-1258
-1253
-1224
-1199
-1143
-1112
-1137
-1122
-992
-835
-754
-751
-769
-731
-664
-602
-533
-487
-525
-602
-695
-753
-775
-902
-1050
-1204
-1411
-1626
-1657
-1210
-230
1001
1909
2469
2900
3208
3370
3239
3029
2954
3048
3090
3008
3058
3116
2968
2345
1377
533
5
-303
-595
-730
-717
-641
-546
-532
-416
-128
127
151
72
123
353
653
848
998
1153
1247
1270
1168
999
864
672
321
-85
-366
-482
-528
-603
-720
-827
-943
-1071
-1160
-1169
-1033
-830
-630
-427
-172
144
386
459
401
312
205
125
103
102
169
257
297
286
280
319
334
290
220
186
196
265
358
435
543
604
539
396
237
93
-29
-146
-255
-278
-243
-202
-161
-162
-187
-229
-286
-330
-316
-259
-215
-206
-247
-298
-347
-430
-539
-668
-779
-849
-897
-901
-868
-828
-808
-823
-844
-840
-795
-711
-652
-680
-758
-850
-941
-980
-977
-970
-939
-918
-950
-960
-960
-955
-880
-826
-817
-756
-686
-622
-492
-418
-390
-265
-214
-246
-169
-55
-39
10
168
166
56
113
172
182
303
331
250
279
228
177
251
120
13
200
315
345
450
410
284
299
286
218
261
411
666
862
849
811
874
935
923
904
921
930
900
849
788
779
842
819
726
677
614
550
487
412
346
279
205
185
293
446
528
521
493
451
343
207
142
161
162
70
-68
-148
-159
-173
-182
-216
-254
-249
-255
-250
-184
-80
-27
-81
-184
-230
-249
-288
-309
-338
-338
-310
-315
-290
-200
-56
71
127
157
184
195
212
239
239
252
271
232
159
116
95
52
-29
-144
-256
-334
-372
-353
-310
-242
98
680
1037
1035
743
342
315
638
818
764
498
30
-258
-236
-123
-21
-150
-588
-1033
-1217
-1110
-877
-749
-775
-917
-1091
-1059
-828
-545
-299
-310
-463
-419
-234
-35
127
103
-13
-99
-233
-322
-325
-346
-430
-639
-832
-817
-706
-619
-616
-742
-855
-867
-838
-745
-618
-540
-516
-506
-436
-288
-130
-60
-168
-346
-443
-517
-535
-428
-396
-440
-436
-496
-498
-347
-271
-259
-258
-331
-319
-190
-67
109
247
230
195
230
374
569
642
619
603
647
750
827
839
838
820
736
675
744
923
1089
1141
1089
1078
1215
1409
1563
1621
1571
1466
1310
1175
1179
1222
1144
908
573
318
182
92
44
-73
-248
-390
-518
-558
-462
-392
-423
-493
-607
-647
-561
-443
-299
-152
-35
26
65
185
366
485
540
564
563
618
677
676
681
643
550
444
273
126
76
-44
-236
-380
-536
-660
-678
-728
-793
-777
-772
-781
-758
-739
-705
-672
-610
-472
-364
-319
-267
-263
-311
-330
-334
-338
-361
-467
-628
-737
-776
-761
-708
-705
-714
-705
-726
-706
-653
-572
-504
-583
-636
-563
-458
-269
-203
-288
-317
-486
-629
-567
-593
-644
-720
-830
-804
-803
-745
-599
-593
-535
-534
-617
-411
-230
-188
-58
-48
35
322
401
240
90
65
133
219
263
175
111
231
372
492
612
682
729
720
756
958
1250
1572
1765
1766
1794
1913
2061
2166
2136
2039
1899
1678
1486
1389
1324
1194
935
595
253
-16
-172
-312
-499
-629
-722
-831
-849
-771
-668
-558
-513
-553
-571
-526
-479
-421
-338
-262
-200
-153
-139
-134
-76
-19
-24
-31
-9
37
92
124
136
159
177
169
155
155
180
182
144
126
135
161
179
125
60
59
77
120
187
227
265
272
177
129
179
182
149
101
-21
-115
-137
-175
-211
-261
-355
-432
-505
-570
-581
-580
-613
-658
-628
-566
-529
-444
-383
-367
-296
-269
-275
-198
-169
-162
-172
-315
-451
-581
-771
-862
-937
-1081
-1106
-1058
-1085
-1113
-1115
-1073
-1001
-990
-981
-954
-911
-722
-535
-582
-602
-481
-419
-328
-309
-466
-524
-541
-645
-698
-751
-761
-627
-567
-622
-653
-620
-386
-48
165
297
390
476
697
959
1130
1267
1313
1312
1386
1490
1642
1813
1856
1807
1745
1672
1676
1771
1837
1825
1714
1564
1480
1419
1329
1241
1121
933
722
485
300
247
191
52
-141
-369
-561
-670
-729
-752
-771
-807
-854
-895
-868
-767
-638
-513
-436
-409
-400
-373
-317
-229
-138
-76
-19
37
71
92
121
146
158
168
183
191
223
302
358
402
471
456
373
290
161
50
33
53
84
77
-19
-100
-138
-172
-156
-103
-50
-17
-8
18
118
286
420
456
425
377
334
318
306
260
174
34
-142
-296
-380
-409
-488
-619
-757
-896
-987
-1019
-985
-900
-825
-776
-720
-656
-583
-486
-382
-332
-336
-379
-479
-554
-539
-539
-649
-838
-1015
-1085
-1034
-983
-1026
-1104
-1155
-1160
-1086
-989
-940
-956
-963
-918
-885
-817
-709
-682
-667
-590
-570
-547
-494
-516
-565
-609
-557
-370
-193
-53
59
198
450
732
993
1263
1483
1632
1718
1794
2010
2280
2412
2405
2349
2331
2301
2231
2179
2073
1873
1622
1293
1029
974
947
815
638
453
276
110
-23
-87
-137
-229
-360
-484
-527
-501
-488
-534
-609
-665
-720
-795
-822
-772
-735
-730
-704
-694
-660
-527
-392
-324
-251
-176
-128
-70
7
100
190
255
286
294
308
322
315
272
221
191
153
98
91
153
224
255
237
235
247
257
279
246
179
151
131
128
148
176
188
144
92
68
26
-6
0
-11
-54
-78
-45
12
62
108
90
30
-26
-109
-176
-247
-351
-434
-516
-586
-611
-624
-666
-756
-828
-889
-982
-983
-954
-1012
-992
-869
-735
-576
-502
-527
-533
-544
-568
-562
-561
-584
-638
-808
-993
-964
-880
-894
-894
-1014
-1165
-1095
-1031
-942
-737
-702
-740
-718
-717
-608
-468
-440
-460
-539
-599
-531
-314
51
327
383
394
492
692
946
1132
1175
1198
1319
1459
1680
2052
2337
2435
2360
2151
2054
2096
2128
2112
1955
1719
1505
1283
1154
1114
1005
765
367
-12
-175
-202
-177
-176
-279
-435
-565
-636
-596
-443
-313
-358
-523
-630
-633
-568
-478
-429
-432
-469
-521
-550
-516
-421
-355
-360
-361
-305
-200
-67
59
161
232
271
292
319
395
471
476
439
411
400
408
410
348
244
152
66
5
1
-1
-46
-89
-112
-107
-51
11
48
44
-5
-50
-73
-56
6
40
17
-26
-66
-86
-113
-162
-211
-284
-368
-389
-368
-285
-153
-87
-81
-132
-221
-281
-314
-323
-343
-431
-522
-570
-589
-557
-569
-659
-750
-829
-899
-952
-949
-910
-890
-860
-815
-753
-653
-586
-526
-453
-513
-621
-648
-649
-627
-609
-695
-836
-870
-808
-816
-872
-896
-897
-829
-755
-730
-667
-569
-465
-392
-336
-128
142
286
349
353
461
759
996
1133
1245
1305
1370
1434
1474
1586
1755
1841
1779
1680
1665
1712
1761
1761
1705
1600
1418
1227
1128
1113
1127
1038
811
568
337
139
17
-52
-81
-152
-312
-461
-531
-533
-529
-566
-617
-650
-660
-658
-631
-512
-346
-261
-250
-255
-234
-158
-102
-93
-72
-40
-25
-14
23
106
223
294
292
263
247
249
245
263
320
376
392
349
287
268
264
204
95
-18
-90
-123
-158
-183
-163
-135
-173
-243
-271
-262
-235
-203
-213
-209
-148
-121
-124
-92
-55
-29
-57
-165
-256
-296
-337
-359
-360
-364
-339
-294
-275
-276
-265
-249
-244
-248
-303
-398
-460
-504
-527
-535
-601
-710
-802
-870
-917
-1000
-1086
-1093
-1048
-964
-901
-887
-803
-700
-634
-536
-527
-566
-494
-519
-627
-547
-433
-458
-554
-725
-841
-757
-668
-725
-806
-831
-808
-750
-706
-606
-330
-3
165
194
285
578
911
1088
1180
1228
1275
1417
1530
1627
1869
2068
2061
1937
1790
1773
1869
1866
1778
1666
1512
1364
1237
1157
1147
1107
952
717
508
402
355
286
177
15
-178
-356
-503
-598
-624
-616
-650
-721
-771
-801
-780
-689
-599
-519
-445
-398
-343
-244
-96
67
182
251
282
272
260
239
203
180
152
121
95
71
84
100
113
145
116
35
-3
-6
58
187
236
229
232
192
139
94
39
9
-38
-124
-175
-181
-148
-78
-47
-57
-58
-95
-164
-196
-195
-173
-144
-154
-159
-134
-127
-132
-153
-213
-306
-444
-588
-652
-643
-610
-557
-519
-557
-595
-572
-572
-561
-515
-519
-535
-556
-598
-608
-607
-548
-530
-728
-866
-864
-927
-937
-925
-959
-878
-827
-839
-794
-778
-710
-651
-738
-744
-672
-619
-487
-418
-458
-489
-558
-613
-597
-598
-565
-428
-273
-187
-128
7
240
488
641
699
778
912
1082
1253
1446
1747
2000
2034
1979
1952
2004
2118
2122
2029
1944
1815
1667
1549
1490
1519
1494
1289
984
715
545
417
279
166
53
-76
-211
-340
-370
-311
-319
-431
-587
-717
-767
-789
-802
-750
-674
-640
-642
-653
-618
-533
-481
-473
-439
-363
-278
-204
-109
29
156
245
301
346
395
393
336
298
310
378
426
363
272
215
153
101
61
23
-7
-72
-132
-110
-45
64
170
146
50
-20
-95
-140
-129
-128
-139
-165
-213
-224
-171
-108
-86
-93
-125
-158
-155
-149
-127
-55
-16
-35
-84
-160
-213
-254
-345
-440
-517
-570
-600
-652
-700
-719
-732
-734
-742
-775
-827
-864
-852
-840
-804
-724
-682
-633
-613
-736
-829
-826
-828
-818
-867
-960
-960
-949
-982
-1015
-1020
-943
-851
-844
-899
-942
-899
-783
-664
-518
-294
-66
17
35
155
348
617
837
833
841
970
1050
1165
1366
1572
1778
1850
1757
1710
1807
1949
2011
2001
1988
1943
1852
1731
1648
1680
1681
1498
1210
935
734
593
460
346
248
129
-43
-246
-374
-414
-452
-512
-607
-711
-771
-789
-764
-687
-589
-526
-521
-535
-526
-499
-466
-430
-381
-324
-292
-271
-238
-177
-81
-7
36
80
109
118
119
139
210
292
363
410
381
332
319
301
312
330
260
127
-7
-120
-174
-172
-153
-140
-165
-231
-263
-228
-142
-25
54
40
0
-25
-47
-18
39
52
31
-23
-114
-189
-216
-202
-186
-211
-265
-312
-327
-326
-338
-345
-348
-369
-406
-490
-566
-563
-559
-552
-536
-611
-681
-705
-786
-830
-806
-802
-781
-809
-874
-850
-834
-813
-719
-744
-823
-761
-766
-845
-825
-875
-923
-771
-717
-796
-789
-842
-865
-754
-783
-837
-762
-644
-374
-140
-97
52
256
424
678
820
881
1046
1148
1223
1391
1584
1823
1981
1924
1823
1762
1751
1829
1869
1795
1701
1606
1498
1442
1452
1459
1405
1259
1026
803
685
654
635
573
441
256
84
-49
-155
-222
-280
-411
-575
-710
-802
-808
-754
-709
-695
-716
-751
-751
-719
-642
-543
-464
-373
-282
-217
-142
-62
10
76
106
102
92
90
98
111
145
208
246
225
173
137
150
191
196
168
155
147
125
107
116
157
160
74
-46
-134
-175
-200
-248
-278
-276
-290
-310
-299
-261
-214
-183
-184
-186
-151
-119
-124
-113
-81
-81
-99
-140
-200
-232
-250
-263
-287
-348
-404
-444
-453
-394
-384
-423
-430
-492
-571
-591
-584
-528
-523
-621
-696
-774
-798
-709
-727
-831
-879
-932
-910
-838
-867
-880
-863
-889
-854
-806
-800
-717
-648
-726
-794
-697
-531
-449
-484
-522
-433
-252
-109
-60
-40
100
322
445
510
633
798
973
1065
1085
1206
1405
1554
1618
1628
1674
1763
1808
1791
1733
1700
1677
1573
1439
1345
1278
1229
1101
918
815
716
576
472
370
287
242
139
23
1
3
-62
-154
-234
-309
-353
-370
-417
-453
-448
-481
-550
-578
-549
-510
-482
-455
-425
-387
-342
-301
-250
-177
-101
-43
-20
0
60
121
158
156
135
125
119
134
157
137
86
22
-36
-72
-91
-85
-90
-132
-157
-164
-152
-92
-62
-90
-108
-105
-112
-122
-130
-146
-175
-221
-288
-328
-308
-286
-310
-376
-412
-380
-332
-296
-246
-174
-131
-154
-157
-158
-203
-179
-143
-161
-160
-249
-339
-324
-400
-457
-408
-467
-567
-664
-771
-689
-548
-545
-583
-590
-542
-531
-656
-729
-691
-633
-561
-608
-708
-639
-528
-479
-503
-694
-797
-679
-671
-689
-576
-601
-633
-507
-482
-451
-226
-17
125
220
228
276
409
538
622
661
735
879
1004
1094
1222
1459
1723
1823
1775
1752
1783
1797
1785
1793
1823
1829
1726
1468
1197
1025
815
519
256
41
-142
-290
-436
-563
-634
-714
-826
-878
-834
-738
-576
-377
-198
-29
113
229
358
485
560
609
675
740
772
775
735
659
564
406
220
73
-29
-54
-54
-141
-254
-354
-492
-585
-605
-616
-582
-498
-440
-397
-342
-275
-183
-106
-69
-45
-34
-34
-5
30
37
32
-5
-87
-169
-216
-238
-279
-351
-420
-486
-538
-528
-512
-573
-652
-698
-758
-814
-787
-740
-743
-749
-765
-795
-777
-722
-674
-652
-644
-598
-499
-426
-421
-432
-427
-472
-563
-588
-549
-501
-445
-469
-590
-696
-812
-996
-1128
-1132
-1089
-1073
-1117
-1188
-1184
-1106
-1079
-1121
-1186
-1237
-1274
-1355
-1324
-884
-106
661
1167
1361
1378
1373
1441
1661
2084
2686
3178
3213
2977
2866
2863
2757
2471
2101
1765
1445
1175
1051
1018
912
568
-22
-623
-994
-1089
-1018
-902
-806
-815
-913
-918
-806
-648
-444
-261
-119
86
379
715
1041
1258
1294
1185
1029
948
985
1056
1059
954
724
411
143
-32
-192
-343
-444
-535
-621
-649
-618
-551
-499
-494
-476
-399
-281
-87
167
405
585
637
548
454
415
385
376
389
371
323
253
131
-29
-162
-264
-362
-428
-460
-475
-475
-504
-572
-617
-645
-668
-657
-659
-679
-648
-621
-631
-599
-559
-566
-592
-646
-716
-742
-752
-764
-727
-666
-621
-629
-741
-897
-1024
-1110
-1127
-1048
-906
-781
-769
-882
-1034
-1127
-1100
-992
-931
-945
-918
-824
-774
-807
-868
-978
-1110
-1146
-1115
-1104
-1080
-1077
-1226
-1503
-1776
-1987
-2079
-1799
-870
502
1591
1947
1829
1677
1722
2039
2525
3127
3838
4286
4147
3711
3342
3027
2623
2083
1590
1314
1163
1026
828
445
-74
-592
-1126
-1574
-1665
-1415
-1061
-714
-474
-413
-424
-442
-460
-351
-44
410
874
1182
1338
1376
1240
1023
864
741
647
627
616
544
428
235
-65
-385
-657
-853
-915
-847
-717
-592
-531
-498
-478
-500
-487
-380
-227
-34
206
427
586
697
767
802
819
825
809
770
729
664
582
506
434
323
115
-154
-363
-493
-585
-609
-601
-617
-629
-646
-682
-655
-535
-398
-269
-158
-92
-58
-67
-123
-166
-193
-249
-311
-372
-456
-525
-590
-717
-871
-1013
-1137
-1219
-1251
-1208
-1084
-983
-964
-991
-1070
-1164
-1209
-1242
-1224
-1095
-965
-916
-899
-892
-918
-982
-1054
-1042
-995
-1053
-1158
-1220
-1287
-1386
-1485
-1625
-1812
-1930
-1991
-2117
-2204
-1988
-1325
-240
953
1750
1997
1937
1877
2045
2471
3098
3871
4489
4593
4221
3643
3070
2635
2278
1905
1616
1431
1175
772
295
-187
-609
-967
-1289
-1493
-1493
-1308
-1013
-719
-536
-451
-418
-426
-369
-131
276
746
1157
1383
1414
1350
1220
1060
976
944
884
805
668
452
219
-49
-376
-674
-915
-1100
-1186
-1195
-1165
-1119
-1081
-1027
-967
-907
-796
-609
-348
-38
265
555
808
967
1057
1093
1081
1093
1133
1135
1110
1069
966
778
509
199
-93
-307
-420
-469
-489
-489
-521
-618
-706
-719
-657
-532
-394
-252
-83
58
145
183
146
109
125
124
111
106
66
-21
-168
-378
-601
-777
-890
-964
-1011
-1027
-1035
-1058
-1103
-1179
-1253
-1310
-1374
-1407
-1384
-1321
-1223
-1127
-1079
-1068
-1106
-1204
-1258
-1162
-978
-841
-800
-877
-1067
-1269
-1380
-1407
-1417
-1451
-1518
-1620
-1773
-1995
-2255
-2421
-2213
-1369
-72
1087
1721
1844
1684
1603
1816
2295
2996
3824
4481
4671
4366
3807
3232
2707
2282
2019
1870
1735
1531
1156
585
-36
-578
-1049
-1427
-1622
-1614
-1449
-1159
-846
-673
-663
-701
-709
-603
-281
231
814
1322
1624
1673
1520
1297
1135
1046
1011
1046
1050
918
654
271
-190
-625
-964
-1196
-1338
-1411
-1419
-1397
-1381
-1377
-1387
-1376
-1274
-1079
-812
-446
-10
404
729
922
979
975
983
1046
1183
1357
1515
1575
1468
1212
892
576
298
93
-31
-105
-164
-244
-368
-509
-641
-744
-777
-727
-625
-492
-346
-214
-102
0
65
67
23
-34
-51
6
87
135
138
43
-158
-403
-649
-809
-862
-882
-876
-858
-878
-917
-981
-1061
-1101
-1130
-1184
-1229
-1246
-1219
-1161
-1133
-1130
-1111
-1091
-1107
-1198
-1367
-1520
-1576
-1503
-1328
-1178
-1163
-1262
-1440
-1647
-1799
-1905
-1974
-1912
-1795
-1809
-1935
-1880
-1237
13
1262
1931
2036
1886
1801
1978
2409
3116
4039
4747
4834
4351
3593
2879
2381
2097
2005
1976
1798
1410
831
124
-521
-981
-1264
-1384
-1401
-1361
-1242
-1055
-860
-727
-691
-658
-546
-357
-26
470
981
1363
1546
1509
1307
1051
875
866
984
1117
1134
935
562
104
-383
-782
-993
-1065
-1092
-1121
-1176
-1271
-1376
-1459
-1501
-1474
-1344
-1095
-767
-406
-37
279
481
604
706
809
950
1152
1373
1545
1605
1535
1356
1122
889
691
522
374
250
121
-33
-175
-305
-453
-582
-675
-751
-770
-691
-544
-385
-254
-156
-103
-101
-119
-131
-101
3
130
223
262
212
65
-124
-326
-483
-545
-566
-592
-617
-676
-784
-909
-1047
-1171
-1256
-1322
-1363
-1389
-1423
-1459
-1502
-1550
-1568
-1571
-1573
-1548
-1499
-1445
-1396
-1348
-1281
-1217
-1214
-1227
-1219
-1232
-1258
-1290
-1361
-1423
-1450
-1523
-1658
-1712
-1406
-560
542
1375
1670
1532
1338
1430
1820
2385
3094
3781
4173
4160
3819
3320
2855
2536
2398
2357
2243
1996
1633
1133
567
44
-433
-830
-1088
-1224
-1255
-1187
-1084
-1015
-1011
-1042
-1034
-950
-757
-404
48
475
828
1046
1072
999
948
956
1051
1210
1330
1313
1120
789
396
23
-252
-426
-555
-673
-791
-954
-1178
-1421
-1606
-1658
-1577
-1408
-1188
-945
-690
-436
-240
-108
18
158
340
600
873
1109
1292
1368
1317
1181
1012
868
780
728
693
650
551
378
160
-78
-311
-488
-588
-622
-588
-517
-466
-429
-407
-427
-445
-417
-360
-256
-107
43
177
262
273
230
142
28
-52
-85
-88
-80
-116
-206
-337
-527
-755
-954
-1076
-1129
-1162
-1222
-1327
-1468
-1608
-1721
-1824
-1893
-1883
-1810
-1701
-1589
-1533
-1536
-1564
-1589
-1573
-1496
-1370
-1240
-1172
-1184
-1186
-1143
-1132
-1202
-1318
-1341
-1003
-182
790
1453
1620
1377
1053
1036
1425
2067
2777
3325
3557
3503
3244
2869
2482
2168
2047
2138
2229
2137
1853
1400
862
391
27
-263
-462
-567
-612
-599
-559
-583
-714
-883
-1000
-1013
-895
-654
-341
-48
162
287
331
295
243
281
441
691
943
1078
1042
890
689
483
322
229
169
118
56
-53
-226
-460
-728
-957
-1087
-1133
-1096
-989
-875
-779
-703
-666
-658
-623
-543
-390
-162
88
315
478
546
544
511
493
544
641
724
757
732
654
533
394
279
199
132
79
37
-4
-37
-93
-188
-284
-361
-420
-432
-402
-365
-330
-299
-279
-254
-223
-207
-194
-192
-187
-140
-75
-47
-64
-115
-197
-281
-366
-461
-559
-654
-750
-840
-936
-1051
-1174
-1321
-1471
-1556
-1569
-1547
-1510
-1476
-1468
-1453
-1395
-1291
-1173
-1089
-1046
-1036
-1057
-1077
-1053
-965
-833
-717
-686
-727
-694
-447
-10
453
797
955
963
953
1051
1329
1758
2200
2505
2617
2568
2441
2294
2133
2007
1979
2018
2035
1963
1765
1452
1091
751
481
294
149
13
-119
-240
-356
-470
-593
-714
-789
-782
-691
-536
-367
-243
-164
-102
-46
24
113
203
322
477
616
693
671
554
403
280
210
201
219
197
100
-64
-276
-493
-660
-756
-793
-786
-748
-704
-673
-661
-683
-714
-709
-660
-576
-475
-361
-231
-107
-28
7
14
-3
5
75
182
284
357
378
341
278
214
142
81
40
11
-1
-15
-69
-163
-284
-398
-456
-468
-450
-397
-326
-262
-203
-156
-128
-105
-93
-71
10
119
191
217
210
200
207
179
95
7
-48
-75
-90
-132
-209
-328
-472
-572
-599
-601
-595
-578
-585
-616
-640
-644
-622
-575
-512
-447
-390
-348
-322
-305
-264
-165
-40
47
78
69
45
46
84
129
156
160
147
144
152
159
168
162
130
87
35
-18
-43
-39
-21
8
34
40
42
40
37
59
101
132
145
142
147
173
217
279
355
431
488
516
524
531
552
589
631
670
699
703
685
674
675
674
676
668
639
589
524
469
438
396
327
243
148
44
-68
-194
-312
-390
-441
-488
-533
-578
-614
-622
-603
-563
-512
-471
-430
-379
-332
-287
-244
-208
-175
-142
-122
-113
-106
-114
-134
-150
-172
-207
-243
-284
-336
-383
-413
-417
-407
-404
-394
-383
-390
-400
-386
-336
-248
-148
-53
47
142
217
271
312
352
396
433
474
529
573
592
594
571
519
444
358
282
228
179
130
76
-5
-109
-213
-311
-389
-427
-427
-408
-388
-376
-366
-344
-303
-246
-186
-128
-65
2
58
110
166
203
212
206
188
155
112
58
0
-42
-67
-86
-110
-146
-194
-245
-285
-306
-306
-304
-291
-264
-245
-237
-230
-215
-188
-149
-109
-66
-14
45
100
130
137
138
133
118
118
143
175
211
237
234
201
157
123
118
136
162
189
207
225
252
283
306
326
343
359
364
353
343
337
332
322
298
250
174
72
-34
-126
-195
-237
-268
-304
-335
-369
-407
-433
-439
-437
-429
-405
-364
-324
-291
-249
-204
-169
-140
-112
-95
-83
-62
-30
4
34
32
-10
-66
-111
-140
-147
-131
-100
-75
-91
-155
-241
-321
-358
-331
-261
-176
-86
-10
47
99
137
163
204
272
354
441
523
593
641
663
650
604
536
460
391
335
285
245
205
151
76
-18
-119
-199
-239
-247
-240
-224
-202
-179
-153
-121
-90
-76
-76
-68
-42
-1
49
102
156
198
209
185
140
101
85
92
119
152
163
136
77
7
-52
-99
-131
-143
-145
-147
-162
-188
-217
-247
-275
-288
-279
-251
-208
-170
-141
-110
-90
-98
-127
-145
-129
-91
-41
9
40
43
28
6
-6
7
34
56
70
81
90
101
116
135
153
165
178
189
183
170
163
153
137
118
84
30
-30
-87
-138
-176
-195
-201
-206
-222
-239
-252
-251
-225
-188
-161
-126
-78
-33
4
42
73
83
66
27
-8
-27
-29
-24
-29
-45
-75
-127
-194
-254
-292
-309
-298
-266
-229
-204
-204
-226
-253
-250
-196
-100
6
103
187
253
312
358
377
380
389
414
453
498
531
536
511
464
404
340
285
243
209
175
154
136
101
50
-7
-63
-103
-113
-104
-90
-73
-54
-41
-34
-30
-21
-8
12
44
73
87
101
122
142
158
163
146
104
58
15
-18
-38
-50
-64
-90
-126
-179
-240
-288
-306
-292
-274
-272
-288
-315
-336
-346
-351
-351
-331
-298
-261
-227
-197
-169
-133
-98
-78
-62
-32
20
79
129
170
207
223
212
187
167
165
184
200
198
185
172
160
155
164
182
193
184
163
138
113
85
56
26
3
-5
-13
-32
-63
-99
-135
-166
-184
-187
-183
-174
-158
-139
-118
-101
-89
-77
-68
-52
-25
2
29
53
59
36
-12
-72
-116
-128
-110
-74
-48
-49
-81
-133
-179
-198
-192
-175
-158
-144
-131
-124
-123
-118
-101
-65
-11
34
65
93
123
152
176
193
206
224
249
270
284
293
291
276
254
233
212
194
183
187
198
197
183
165
146
138
145
153
156
157
152
146
141
130
109
83
59
40
18
-4
-21
-21
-16
-16
-31
-55
-69
-69
-65
-67
-75
-81
-82
-83
-87
-90
-87
-81
-82
-104
-143
-187
-218
-230
-224
-213
-206
-206
-216
-230
-237
-226
-199
-160
-122
-94
-76
-60
-41
-12
21
47
69
86
89
78
59
49
54
62
61
61
70
86
97
101
110
130
152
164
164
157
155
161
170
182
194
201
204
195
165
120
73
34
6
-15
-29
-42
-62
-93
-133
-174
-210
-233
-241
-230
-203
-170
-147
-148
-167
-196
-233
-267
-281
-269
-230
-169
-111
-75
-66
-79
-102
-114
-101
-59
3
66
115
134
109
66
40
38
63
101
128
134
117
80
36
-5
-35
-46
-38
-14
14
25
14
-2
-7
2
25
62
107
153
192
213
218
216
217
226
243
264
280
281
265
239
203
163
125
88
53
24
2
-14
-31
-47
-62
-74
-84
-90
-94
-92
-79
-65
-50
-38
-32
-34
-43
-51
-57
-60
-65
-73
-84
-96
-109
-120
-127
-130
-129
-129
-132
-137
-138
-122
-90
-47
-4
28
43
41
36
37
52
75
98
109
110
102
89
74
56
36
15
-5
-23
-46
-70
-85
-81
-58
-27
-3
3
-4
-19
-27
-20
7
49
97
136
157
157
141
113
85
70
69
77
86
89
78
49
3
-54
-113
-157
-176
-171
-153
-137
-133
-150
-186
-227
-259
-266
-238
-187
-131
-78
-32
-9
-13
-30
-33
-11
30
76
113
140
153
144
108
53
0
-32
-37
-22
-2
12
10
-12
-57
-112
-158
-169
-145
-94
-40
0
21
32
36
41
53
75
106
140
165
176
185
191
198
203
210
220
228
217
194
166
141
116
92
64
37
21
11
2
-5
-12
-21
-33
-47
-53
-44
-22
7
31
45
52
47
28
11
11
28
44
51
40
16
-10
-39
-61
-71
-67
-65
-71
-84
-96
-101
-97
-78
-49
-20
3
17
19
20
20
25
30
36
42
42
38
26
8
-17
-43
-64
-76
-79
-76
-69
-65
-59
-52
-49
-54
-67
-84
-95
-88
-65
-34
0
29
56
70
68
53
36
28
35
49
61
65
60
47
26
-2
-37
-77
-106
-110
-87
-55
-36
-40
-61
-94
-132
-164
-180
-167
-131
-83
-39
-16
-20
-36
-45
-35
-2
44
92
133
157
156
137
109
79
60
58
71
88
88
64
21
-32
-93
-149
-181
-179
-146
-103
-73
-64
-66
-73
-72
-53
-16
33
84
132
165
182
185
184
184
191
204
214
214
196
165
126
86
45
6
-25
-36
-41
-47
-57
-73
-91
-107
-115
-110
-92
-62
-34
-12
6
16
23
31
47
73
100
117
124
111
81
43
10
-12
-19
-15
-10
-11
-23
-38
-53
-58
-50
-39
-24
-10
2
10
20
40
63
80
82
77
74
78
89
107
123
131
121
98
70
45
23
3
-10
-17
-20
-28
-41
-57
-74
-93
-107
-115
-111
-95
-70
-44
-25
-24
-38
-58
-69
-57
-25
13
38
44
28
-11
-58
-101
-127
-128
-110
-90
-80
-84
-103
-140
-184
-220
-235
-221
-182
-129
-76
-39
-23
-23
-29
-30
-9
34
94
155
199
218
212
188
154
125
112
113
121
123
108
69
9
-56
-110
-145
-153
-137
-110
-83
-67
-67
-79
-87
-83
-65
-33
5
40
68
86
101
111
118
125
128
130
134
143
155
162
157
138
111
79
48
18
-9
-30
-45
-61
-78
-94
-105
-108
-101
-87
-71
-56
-37
-14
13
37
53
62
65
68
71
74
77
75
64
50
36
23
13
3
-9
-14
-20
-24
-29
-31
-27
-21
-11
-1
10
21
37
61
89
112
129
141
149
151
144
135
127
121
115
101
81
59
35
9
-19
-50
-82
-108
-126
-138
-143
-147
-147
-147
-149
-149
-145
-137
-121
-102
-76
-47
-19
3
7
-1
-17
-30
-35
-29
-20
-11
-4
-3
-12
-34
-64
-93
-117
-125
-119
-103
-91
-88
-96
-102
-102
-91
-71
-44
-9
28
64
92
113
124
130
131
133
138
146
157
166
166
151
117
66
12
-28
-44
-38
-24
-18
-25
-43
-67
-89
-99
-91
-63
-27
6
23
24
15
9
9
15
22
30
33
31
26
17
8
-1
-13
-33
-54
-66
-67
-58
-45
-36
-36
-41
-49
-51
-44
-27
-6
14
28
39
46
51
54
57
62
62
62
59
51
44
32
17
2
-13
-22
-23
-16
-5
8
20
26
27
22
15
18
31
54
79
96
103
100
88
75
69
73
87
100
108
105
95
84
74
65
60
52
44
35
29
25
15
-1
-25
-48
-68
-76
-77
-75
-74
-78
-88
-106
-123
-132
-125
-106
-80
-59
-51
-53
-60
-71
-79
-78
-66
-46
-25
-10
-6
-15
-31
-51
-67
-73
-66
-47
-23
-5
3
1
-8
-15
-18
-11
3
23
48
70
88
91
80
59
35
16
10
18
37
51
49
32
5
-22
-41
-47
-41
-25
-5
11
19
17
14
11
10
12
15
16
16
16
9
4
-2
-6
-11
-14
-14
-13
-12
-13
-19
-29
-40
-48
-53
-54
-52
-53
-56
-60
-65
-68
-69
-68
-57
-43
-29
-18
-10
-4
4
23
45
67
83
90
92
90
92
96
100
103
101
94
83
68
55
49
44
43
41
35
27
20
14
12
14
17
19
15
12
13
25
38
48
54
58
62
66
72
78
84
88
88
82
71
58
51
44
37
26
9
-12
-33
-52
-66
-73
-75
-75
-80
-89
-100
-106
-106
-101
-95
-93
-95
-101
-112
-118
-119
-111
-100
-94
-94
-102
-113
-118
-114
-102
-84
-64
-47
-37
-32
-29
-22
-8
8
28
48
69
92
113
128
139
139
128
109
90
79
77
80
76
60
34
-2
-39
-68
-80
-75
-58
-40
-24
-19
-22
-23
-17
3
33
67
94
109
113
107
97
84
77
72
69
62
48
28
3
-24
-52
-83
-116
-143
-161
-168
-167
-160
-155
-154
-160
-167
-169
-161
-139
-105
-61
-15
22
52
71
81
91
104
126
150
170
180
174
154
125
96
72
54
42
31
16
-7
-33
-58
-75
-83
-82
-75
-62
-45
-28
-12
0
13
25
41
59
83
107
126
138
142
136
128
121
117
117
118
117
110
95
73
48
27
13
7
1
-9
-21
-35
-45
-54
-64
-70
-75
-75
-72
-65
-54
-43
-38
-42
-54
-70
-79
-81
-76
-68
-64
-68
-82
-104
-125
-138
-142
-136
-124
-110
-93
-78
-62
-48
-38
-26
-10
11
36
62
87
104
110
103
87
65
46
37
37
41
43
35
19
-2
-23
-37
-40
-28
-9
12
25
30
25
16
8
7
17
33
53
68
74
70
57
42
30
24
24
26
27
22
14
-1
-24
-49
-75
-96
-110
-118
-119
-121
-124
-130
-142
-153
-159
-156
-139
-113
-79
-46
-18
2
20
39
61
86
114
142
163
178
182
178
168
154
136
117
98
80
63
46
28
9
-9
-24
-35
-37
-35
-28
-20
-12
-3
8
19
30
44
59
75
89
99
102
101
100
100
104
110
119
128
129
124
110
93
75
62
55
48
39
23
0
-26
-51
-71
-86
-98
-107
-114
-121
-128
-131
-131
-129
-128
-128
-128
-125
-117
-105
-92
-81
-77
-77
-79
-79
-77
-70
-58
-50
-42
-38
-35
-32
-26
-17
-7
5
15
21
25
26
25
24
22
19
13
6
3
1
0
-2
-7
-13
-18
-21
-20
-14
-2
11
25
34
36
37
37
39
45
57
69
80
86
86
80
70
59
50
44
42
42
41
36
25
9
-10
-28
-43
-55
-65
-72
-79
-86
-95
-106
-116
-123
-122
-118
-108
-94
-82
-68
-56
-45
-29
-8
15
39
61
76
84
88
88
87
88
85
83
77
65
49
32
13
-3
-16
-24
-29
-35
-41
-47
-51
-52
-48
-43
-31
-19
-4
13
30
47
64
82
102
122
141
158
171
177
180
178
173
168
160
150
135
117
95
70
43
18
-6
-25
-41
-55
-65
-72
-80
-90
-98
-107
-111
-109
-103
-93
-83
-71
-64
-61
-62
-65
-68
-68
-64
-61
-60
-61
-68
-77
-84
-91
-92
-87
-83
-77
-76
-76
-74
-71
-66
-59
-49
-38
-26
-16
-7
1
9
16
24
31
39
48
56
62
66
67
69
73
77
81
82
79
70
61
51
44
41
41
42
44
43
37
32
28
29
31
36
41
45
46
42
32
20
10
-2
-12
-20
-27
-36
-48
-64
-81
-95
-106
-112
-112
-106
-95
-83
-73
-66
-56
-44
-33
-26
-13
3
20
34
42
43
43
42
42
41
43
47
45
40
33
29
22
17
10
4
1
4
5
5
4
3
5
11
25
38
51
65
77
92
109
126
142
158
168
165
154
142
134
128
115
102
89
73
52
26
0
-24
-39
-52
-67
-75
-74
-71
-78
-90
-100
-110
-111
-106
-97
-83
-66
-50
-41
-37
-29
-22
-23
-24
-21
-14
-7
3
7
-1
-15
-28
-44
-57
-60
-60
-61
-63
-63
-65
-70
-68
-58
-43
-28
-12
-4
0
8
17
26
38
58
78
86
90
90
90
99
105
100
95
95
85
62
41
29
20
10
-3
-26
-45
-53
-59
-73
-84
-83
-85
-93
-92
-81
-74
-73
-67
-65
-67
-65
-62
-59
-51
-39
-40
-44
-46
-53
-62
-64
-57
-40
-20
-20
-36
-46
-56
-71
-77
-75
-74
-77
-91
-96
-79
-70
-66
-45
-37
-50
-36
-27
-13
111
252
221
105
64
70
69
92
135
142
109
79
58
80
362
847
1011
791
709
725
512
374
459
398
317
400
216
-229
-404
-383
-513
-696
-720
-617
-502
-379
-187
-78
-204
-336
-338
-353
-270
-2
171
201
265
273
211
253
293
216
126
22
-70
-16
69
59
51
-2
-182
-339
-411
-446
-406
-352
-358
-348
-320
-332
-303
-231
-195
-154
-135
-171
-131
18
132
195
264
289
265
253
239
237
275
281
218
148
110
97
96
77
35
-14
-88
-168
-201
-184
-146
-122
-123
-126
-103
-79
-74
-60
-38
-35
-49
-43
-4
58
113
129
107
86
69
47
29
28
52
73
52
25
31
25
-9
-31
-39
-57
-64
-53
-52
-52
-31
-22
-46
-64
-43
-17
-15
-5
27
46
46
52
50
47
59
53
29
23
20
12
28
35
24
37
34
-1
-2
22
19
2
-14
-17
-2
-4
-12
5
8
0
15
23
16
34
42
22
30
57
78
115
144
138
130
118
89
79
77
48
32
37
36
47
46
16
-6
-24
-56
-64
-46
-34
-15
-8
-33
-61
-73
-71
-43
-13
-1
9
9
-15
-37
-46
-52
-40
-15
-16
-36
-35
-30
-32
-34
-32
-24
-6
5
6
7
5
14
39
47
36
34
22
-8
-21
-8
4
21
45
44
26
20
4
-34
-59
-67
-83
-96
-92
-85
-80
-58
-37
-42
-55
-44
-33
-32
-9
29
42
45
43
24
12
33
64
77
84
93
88
68
56
50
39
30
27
23
21
19
20
23
18
13
18
28
35
57
77
53
16
-4
-40
-83
-98
-102
-97
-64
-38
-30
-16
-21
-54
-65
-57
-61
-57
-41
-34
-28
-17
-15
-22
-25
-18
-10
-14
-11
15
34
33
30
20
-3
-19
-18
-7
10
28
43
60
66
56
54
61
66
68
64
50
42
39
41
40
26
11
0
-25
-53
-63
-72
-87
-84
-76
-77
-77
-82
-85
-76
-74
-65
-32
-6
10
36
45
43
62
69
48
35
30
18
8
2
-8
-17
-27
-42
-55
-73
-89
-85
-74
-58
-19
11
15
20
17
-7
-22
-26
-33
-29
-19
-13
8
29
31
30
30
27
39
66
77
79
81
60
17
-18
-47
-74
-85
-87
-91
-96
-95
-92
-90
-85
-69
-50
-37
-8
34
63
84
105
106
94
91
102
110
110
104
84
61
46
33
17
11
22
34
33
21
16
18
13
5
4
4
-1
-2
-1
-2
-4
-12
-29
-40
-39
-32
-31
-34
-29
-13
1
6
10
22
36
45
50
50
46
40
30
16
-6
-24
-35
-56
-69
-59
-55
-58
-45
-32
-23
5
31
39
53
67
67
64
64
64
65
57
40
28
9
-14
-27
-40
-55
-58
-55
-53
-49
-45
-41
-30
-25
-29
-19
-5
-2
4
12
4
-1
6
18
33
44
46
43
32
21
26
29
21
18
16
0
-17
-27
-31
-24
-15
-6
8
25
37
40
26
4
-7
-4
2
2
2
14
20
10
1
0
2
3
3
5
21
45
47
31
7
-25
-53
-78
-97
-89
-57
-37
-35
-32
-30
-36
-45
-50
-45
-25
2
24
37
44
45
30
9
7
14
17
30
39
32
24
30
37
38
35
31
22
8
0
-3
-15
-24
-17
-25
-50
-57
-44
-34
-23
-15
-7
7
6
-5
5
23
22
22
14
-7
-6
7
-3
-22
-33
-43
-49
-57
-68
-73
-80
-88
-83
-85
-91
-79
-61
-51
-30
-5
10
44
74
79
84
94
84
73
78
76
63
48
19
-14
-34
-45
-46
-38
-31
-25
-28
-34
-28
-16
-9
-1
4
8
22
28
24
30
34
26
32
42
43
51
69
74
69
64
61
61
58
55
59
64
65
65
51
33
30
22
-2
-13
-3
3
3
-1
-7
-8
-15
-37
-50
-47
-40
-34
-26
-25
-25
-23
-29
-39
-36
-18
-6
-5
-8
-7
-17
-32
-26
-15
-16
-18
-18
-24
-32
-35
-42
-45
-33
-20
-13
-10
-4
-4
-11
-10
-3
2
13
24
17
13
15
0
-18
-12
1
2
2
2
-1
-6
-12
-17
-18
-20
-25
-27
-32
-30
-19
-14
-12
-7
-3
4
11
12
16
28
24
18
35
44
32
35
38
17
0
-2
-11
-16
-6
-6
-25
-40
-42
-45
-47
-46
-36
-28
-33
-39
-37
-27
-14
-6
1
6
9
11
10
9
10
18
20
16
15
16
14
10
7
2
-2
-5
-1
4
13
16
16
18
25
15
-2
0
7
5
6
15
17
16
17
2
-13
-4
13
18
19
26
28
23
12
2
7
21
32
36
35
36
36
24
14
13
13
9
7
3
3
8
5
-9
-20
-19
-18
-19
-17
-7
-5
-10
-15
-25
-35
-34
-31
-30
-24
-15
-7
1
2
-4
-12
-19
-25
-23
-14
-3
7
8
4
1
5
20
36
36
35
36
33
31
26
13
1
0
-6
-16
-17
-16
-15
-4
1
-11
-19
-19
-19
-14
-1
9
12
12
15
15
10
11
20
12
4
4
0
-6
-3
-7
-17
-19
-17
-14
-12
-13
-18
-18
-22
-28
-26
-30
-30
-23
-24
-25
-17
-12
-15
-8
-1
-3
-2
2
1
2
4
0
-9
-13
-12
-15
-18
-11
-2
-3
-4
1
4
9
22
26
26
33
39
36
30
34
41
40
41
52
54
50
54
55
48
52
62
58
58
66
60
44
34
21
-1
-17
-22
-29
-39
-39
-27
-23
-32
-35
-40
-41
-25
-9
-8
3
