SAMPLES:	16254
BITSPERSAMPLE:	16
CHANNELS:	1
SAMPLERATE:	16000
NORMALIZED:	FALSE
-4
-4
-5
-4
-6
-5
-4
-7
-6
-7
-7
-7
-7
-8
-7
-6
-6
-6
-6
-6
-6
-7
-7
-7
-7
-7
-7
-7
-8
-8
-8
-9
-8
-7
-8
-7
-7
-6
-7
-8
-6
-6
-6
-6
-6
-6
-6
-5
-5
-6
-4
-6
-4
-4
-4
-4
-4
-3
-3
-3
-3
-2
-2
-2
-2
0
-1
1
1
-1
1
2
1
2
2
2
1
2
2
2
4
4
4
4
4
4
5
5
5
6
6
7
6
6
5
4
5
5
5
6
6
6
6
6
5
6
7
6
6
5
5
5
5
5
5
5
6
6
5
5
5
6
5
7
5
4
4
4
4
4
5
5
4
3
4
4
3
3
3
3
3
2
2
2
1
0
0
-1
-1
-1
-1
-1
-2
-3
-2
-1
-2
-2
-2
-3
-3
-4
-4
-4
-4
-3
-3
-3
-3
-3
-3
-3
-1
-2
-1
-1
0
0
0
-1
-1
0
0
1
1
1
1
1
0
0
0
0
0
0
0
1
1
-1
0
0
0
0
0
1
1
1
1
0
0
0
0
0
0
0
0
0
1
2
1
2
1
0
1
1
0
-1
0
0
1
1
0
0
0
0
0
0
1
0
0
0
0
0
-1
-1
-1
-3
-3
-3
-3
-1
-2
-1
-3
-2
-2
-2
-2
-2
-2
-2
-2
-2
-2
-2
-2
-2
-1
-1
1
1
1
2
2
2
2
3
4
5
6
6
6
6
7
7
7
7
8
7
7
7
8
8
7
7
7
7
8
6
6
6
6
7
6
6
5
5
4
5
5
5
5
5
4
4
4
3
2
3
2
2
2
3
2
1
2
2
1
-1
1
0
0
-1
-1
-1
-2
-2
-3
-4
-4
-4
-5
-5
-5
-6
-6
-7
-8
-8
-9
-9
-9
-9
-10
-10
-10
-9
-10
-10
-11
-11
-10
-10
-10
-10
-10
-9
-9
-9
-9
-7
-7
-7
-7
-5
-6
-6
-5
-5
-5
-4
-5
-5
-4
-3
-2
-4
-3
-3
-3
-2
-2
-1
-1
-2
-2
-2
-2
-2
-1
-2
-1
-1
-1
0
2
2
2
3
4
4
4
5
6
6
7
8
8
8
10
10
10
10
10
10
11
12
12
11
12
11
11
11
10
10
10
9
9
8
7
6
6
6
5
5
5
5
4
4
3
3
3
2
3
4
3
4
3
3
3
5
5
5
5
5
6
6
6
6
6
5
6
5
5
6
5
6
6
6
7
6
5
5
4
4
5
3
2
2
1
1
2
1
1
1
-1
-1
-1
0
-2
-1
-1
-2
-3
-3
-3
-4
-4
-5
-5
-5
-6
-6
-7
-6
-6
-6
-7
-6
-7
-7
-7
-8
-7
-6
-7
-7
-7
-7
-7
-6
-6
-6
-5
-5
-4
-3
-4
-2
-3
-2
-2
-2
-1
-1
-1
-1
-1
1
1
1
1
1
1
0
1
2
2
2
2
3
3
3
3
3
2
3
4
2
1
2
1
1
1
0
-1
0
-1
0
2
0
-1
0
0
-1
0
0
0
-1
0
0
-1
0
0
0
1
1
0
1
2
2
2
3
3
3
4
5
4
5
4
4
3
3
4
3
3
3
3
3
4
3
3
2
3
2
2
2
2
2
1
1
1
1
0
0
-1
-1
-1
-2
-3
-2
-3
-3
-3
-4
-4
-4
-4
-4
-4
-5
-6
-6
-6
-6
-6
-7
-6
-6
-8
-7
-8
-8
-8
-8
-7
-7
-8
-7
-7
-8
-7
-6
-7
-6
-7
-6
-6
-7
-6
-5
-4
-5
-4
-3
-3
-5
-3
-3
-3
-2
-1
0
0
0
1
1
1
3
2
3
3
3
2
3
3
4
4
4
5
4
4
5
4
5
6
5
6
5
7
6
4
5
5
4
5
5
4
5
4
5
5
5
5
5
4
4
4
3
4
4
4
3
4
4
4
4
4
4
3
3
2
4
4
3
3
3
3
4
1
2
2
1
2
1
2
2
2
1
0
1
1
0
1
1
1
0
2
1
0
0
1
-1
0
1
0
0
0
0
-1
-2
-2
-1
-3
-2
-3
-3
-5
-5
-5
-5
-6
-7
-4
-5
-5
-5
-6
-6
-6
-7
-7
-7
-7
-7
-8
-9
-8
-8
-8
-7
-8
-7
-9
-8
-9
-9
-8
-9
-8
-7
-6
-6
-6
-6
-5
-5
-4
-4
-2
-2
-2
-1
-1
-1
-1
0
0
0
1
2
2
2
2
2
3
3
3
2
3
3
4
4
4
4
5
5
5
6
6
6
5
5
6
6
7
5
5
7
6
6
6
5
6
6
5
6
5
4
4
4
4
3
3
2
1
1
0
0
0
0
-1
-1
-1
-1
-2
-1
-2
-2
-1
-1
0
-1
0
0
0
1
2
2
3
3
3
3
3
5
5
5
5
7
6
6
8
7
8
8
9
8
7
8
7
6
7
6
8
7
6
7
6
5
5
5
5
4
3
3
2
2
1
2
2
1
1
-1
-1
-1
-2
-3
-3
-2
-2
-2
-2
-1
-2
-4
-3
-3
-3
-3
-2
-3
-3
-3
-3
-3
-3
-2
-3
-3
-2
-4
-3
-2
-2
-2
-3
-2
-1
-2
-2
-2
-1
-1
-1
0
-1
0
0
0
0
-1
0
0
0
-1
1
1
1
1
1
1
1
1
1
0
1
0
0
1
0
0
1
1
0
0
-1
0
-1
0
-1
-2
-2
-2
-2
-3
-1
-2
-3
-2
-2
-3
-3
-4
-3
-3
-4
-4
-5
-5
-4
-5
-5
-5
-4
-5
-4
-5
-5
-4
-4
-4
-4
-4
-4
-5
-3
-4
-3
-2
-3
-2
-2
0
0
1
2
2
2
3
4
3
5
6
6
7
7
8
8
8
10
9
9
9
10
8
9
10
9
9
9
8
8
8
7
7
6
6
4
3
2
2
1
1
0
0
-2
-2
-3
-4
-4
-5
-5
-5
-6
-7
-5
-6
-6
-5
-7
-6
-6
-6
-6
-6
-6
-5
-5
-5
-4
-3
-4
-2
-2
-1
-2
-1
-1
0
1
2
1
3
2
2
3
4
3
4
4
5
5
5
6
5
5
5
4
4
5
4
3
3
2
1
0
-1
0
-1
-1
-2
-4
-4
-4
-5
-6
-6
-6
-6
-7
-8
-7
-9
-9
-8
-10
-9
-10
-9
-10
-10
-9
-9
-9
-8
-8
-9
-8
-8
-8
-7
-6
-6
-6
-5
-4
-3
-3
-2
-2
-1
0
1
2
2
4
4
5
5
5
6
6
7
7
7
7
9
8
9
9
9
9
9
10
9
9
9
9
8
8
8
7
7
5
6
5
5
4
4
4
3
4
2
2
2
2
0
2
1
-1
-1
-2
-2
-3
-2
-2
-3
-2
-2
-3
-3
-2
-3
-4
-3
-3
-2
-2
-2
-2
-1
-1
-1
-1
-1
-1
-1
-1
0
-1
-1
0
1
1
1
2
2
2
2
1
2
1
0
1
1
1
1
1
1
1
2
2
1
1
1
1
0
1
-1
0
1
0
1
1
1
0
0
0
0
0
0
0
1
0
-1
-1
-1
-1
0
-1
-1
-1
0
0
0
0
0
1
1
1
2
2
2
2
2
2
2
2
1
3
3
2
2
2
2
2
2
2
3
3
2
3
2
4
3
2
2
3
3
3
2
3
3
3
3
3
3
2
1
1
3
2
2
2
2
1
1
1
1
1
1
1
1
1
1
1
1
1
1
1
1
2
1
2
1
1
1
0
0
2
1
1
1
1
2
2
2
2
1
1
0
1
1
2
1
2
2
0
0
0
-1
-1
0
0
0
0
-1
-1
-1
-1
-2
-1
-1
-2
-1
-1
-1
-1
-2
-1
-1
-1
-1
-1
-1
0
0
0
0
1
1
0
0
0
2
1
2
2
2
2
2
1
1
1
1
2
1
1
2
2
2
2
2
0
0
0
0
0
0
0
0
0
0
0
0
-2
-1
-1
0
0
-1
-1
-1
-1
-2
-3
-3
-2
-3
-3
-3
-3
-3
-2
-3
-3
-3
-4
-3
-3
-3
-3
-3
-4
-4
-3
-3
-3
-4
-3
-3
-3
-3
-2
-1
-1
-2
-1
0
0
0
1
1
0
2
2
3
4
4
4
5
5
4
5
6
6
5
6
6
5
5
6
6
7
6
7
6
6
5
5
5
4
5
5
5
4
2
3
3
3
2
1
0
0
1
0
-1
-1
-1
-2
-3
-3
-2
-2
-3
-3
-3
-3
-4
-3
-4
-5
-5
-5
-3
-4
-3
-2
-3
-2
-1
0
-1
-2
0
1
1
3
5
5
5
5
6
6
7
8
8
8
9
9
10
10
10
11
11
11
11
11
11
10
10
10
10
9
9
9
7
7
7
5
5
4
3
3
1
0
-1
-3
-4
-6
-7
-8
-10
-10
-11
-12
-13
-14
-14
-16
-16
-17
-18
-18
-18
-18
-18
-18
-19
-19
-20
-21
-20
-17
-16
-16
-16
-15
-12
-12
-11
-11
-11
-11
-8
-3
0
-1
-3
-4
-4
-2
0
3
3
3
3
4
7
8
8
5
2
3
4
8
11
11
10
7
4
6
9
10
8
7
5
8
11
12
10
5
1
-1
2
6
8
7
4
2
2
4
5
4
1
-2
-1
3
10
12
9
4
-1
-2
2
7
10
10
7
6
9
12
14
12
7
4
4
10
17
20
17
10
5
4
8
13
12
9
7
6
9
13
14
9
3
0
0
6
14
16
13
8
5
5
9
12
12
8
6
6
12
18
20
16
9
2
2
8
14
14
7
0
-3
-3
0
0
-5
-12
-18
-18
-11
-5
-7
-17
-26
-29
-27
-22
-16
-18
-25
-28
-27
-20
-14
-14
-20
-26
-25
-17
-5
3
2
-7
-15
-16
-7
4
9
6
-1
-5
-1
8
11
6
-6
-16
-17
-9
1
5
-4
-20
-32
-34
-26
-16
-14
-21
-30
-32
-25
-13
-6
-8
-17
-22
-14
6
31
48
49
39
35
42
61
81
92
94
94
100
115
137
148
145
134
127
134
155
179
192
190
181
171
173
185
197
202
199
194
196
204
216
221
212
193
177
171
177
185
185
172
150
128
110
100
87
69
42
16
-7
-23
-35
-55
-83
-120
-155
-183
-202
-213
-228
-251
-278
-305
-325
-339
-351
-366
-384
-403
-418
-424
-425
-427
-435
-449
-462
-471
-471
-466
-460
-459
-462
-464
-461
-451
-439
-427
-417
-407
-394
-374
-347
-318
-292
-268
-244
-214
-175
-131
-84
-41
-1
38
81
130
181
233
280
323
365
410
456
499
537
566
591
616
642
669
691
704
709
706
700
695
690
680
666
646
622
598
575
545
514
476
435
398
363
331
300
265
226
184
143
105
69
36
3
-29
-60
-90
-117
-144
-171
-198
-226
-251
-274
-290
-303
-311
-319
-328
-341
-355
-365
-369
-366
-360
-353
-347
-338
-328
-313
-297
-285
-279
-273
-262
-243
-213
-185
-162
-156
-155
-157
-154
-142
-134
-132
-137
-144
-149
-147
-148
-164
-190
-225
-256
-275
-281
-289
-306
-334
-370
-402
-426
-442
-461
-487
-517
-542
-554
-557
-556
-563
-579
-597
-607
-602
-583
-559
-540
-523
-500
-464
-413
-354
-299
-249
-201
-148
-80
2
89
173
252
325
401
480
556
625
685
737
786
841
899
952
993
1015
1022
1022
1020
1021
1021
1014
1002
985
962
936
905
867
820
767
713
663
620
579
533
480
418
351
284
220
160
101
42
-18
-76
-130
-178
-225
-271
-320
-365
-405
-437
-458
-475
-488
-500
-509
-511
-508
-497
-483
-468
-453
-436
-414
-385
-350
-312
-275
-240
-205
-170
-132
-93
-56
-23
8
40
73
110
143
171
190
203
212
219
227
231
231
226
217
205
193
175
152
122
88
51
18
-14
-46
-78
-112
-150
-189
-229
-268
-307
-345
-379
-410
-437
-462
-486
-508
-529
-549
-565
-579
-590
-596
-598
-593
-586
-579
-571
-563
-554
-541
-524
-507
-490
-475
-461
-445
-426
-407
-386
-368
-354
-338
-318
-296
-270
-244
-220
-195
-164
-122
-71
-15
41
95
145
200
262
332
404
474
542
608
678
747
812
869
913
945
973
1002
1032
1059
1076
1078
1067
1049
1026
1002
974
937
892
844
798
757
717
670
613
548
480
415
359
306
253
195
133
73
16
-36
-88
-142
-203
-264
-318
-363
-399
-430
-462
-497
-530
-558
-575
-587
-595
-604
-612
-612
-602
-583
-558
-533
-513
-493
-468
-437
-400
-360
-322
-284
-246
-206
-159
-112
-70
-35
-3
25
58
91
125
151
173
190
203
215
225
229
225
217
207
198
190
180
164
141
114
85
57
30
1
-32
-65
-97
-130
-162
-194
-230
-269
-306
-340
-370
-396
-419
-445
-470
-493
-514
-528
-541
-551
-559
-562
-557
-549
-538
-526
-515
-502
-486
-465
-439
-411
-385
-356
-329
-301
-271
-242
-214
-188
-160
-128
-94
-58
-23
9
38
68
102
139
179
219
259
299
342
386
430
472
510
546
583
620
658
694
724
746
763
778
789
797
800
796
786
772
755
737
714
687
653
616
578
542
506
467
423
376
330
284
240
199
156
109
61
13
-32
-75
-117
-159
-202
-243
-283
-317
-348
-377
-406
-436
-462
-482
-495
-503
-507
-510
-511
-509
-503
-490
-475
-457
-438
-420
-395
-368
-336
-304
-275
-248
-221
-192
-161
-127
-96
-65
-38
-12
14
38
62
83
100
114
129
142
155
166
172
173
172
167
161
155
147
137
125
113
99
83
64
41
17
-7
-31
-53
-75
-94
-115
-137
-160
-182
-206
-229
-250
-268
-283
-295
-304
-314
-322
-328
-333
-335
-334
-332
-326
-315
-302
-285
-266
-247
-229
-207
-185
-161
-133
-104
-74
-45
-14
17
47
76
103
128
152
177
200
225
247
266
282
296
309
320
330
338
343
348
352
354
354
352
348
343
337
330
321
309
299
283
269
254
237
218
199
179
159
139
119
98
74
52
31
12
-6
-21
-37
-51
-66
-78
-88
-97
-106
-114
-120
-125
-127
-128
-127
-126
-130
-131
-131
-129
-127
-125
-125
-123
-120
-116
-110
-106
-102
-100
-98
-91
-82
-73
-64
-59
-53
-47
-39
-32
-24
-18
-15
-12
-8
-1
6
9
8
6
5
4
5
7
5
1
-5
-7
-9
-11
-15
-21
-28
-33
-36
-37
-39
-43
-49
-55
-60
-63
-65
-68
-70
-74
-79
-79
-78
-76
-76
-79
-79
-79
-76
-72
-69
-66
-63
-63
-57
-51
-46
-43
-41
-38
-36
-32
-27
-21
-16
-13
-11
-5
-1
4
7
11
16
21
28
37
45
50
52
54
60
65
69
73
79
81
83
84
86
86
81
77
75
74
72
69
67
62
55
50
46
42
39
31
25
20
16
13
9
5
-1
-9
-14
-16
-17
-21
-28
-35
-41
-46
-48
-48
-51
-56
-65
-67
-65
-64
-64
-66
-66
-67
-66
-61
-49
-40
-36
-35
-30
-19
-11
-1
8
14
18
23
37
62
71
57
49
49
51
50
56
71
79
63
46
47
56
47
27
25
30
28
25
38
51
47
27
8
14
27
34
46
48
48
39
36
46
50
36
14
12
11
-10
-34
-46
-50
-48
-73
-98
-105
-130
-169
-186
-181
-154
-135
-147
-149
-147
-156
-157
-153
-156
-111
-84
-59
-20
-11
-17
-17
-14
-1
0
-1
67
112
107
82
61
57
64
67
113
159
122
97
83
83
55
33
61
5
9
31
37
72
83
16
-37
78
-81
-64
113
131
158
37
60
207
358
267
280
352
210
212
199
346
397
321
305
142
16
-140
-187
-156
-69
-140
-110
186
119
-21
-189
-393
-499
-527
-455
-175
112
118
76
-10
-88
-132
-161
-132
-27
135
257
418
514
404
103
-69
-36
5
200
299
317
308
107
-113
-146
-155
-350
-412
-390
-339
-297
-353
-281
-257
-409
-536
-432
-256
-219
-172
-145
-193
-284
-216
-23
79
91
-38
-135
-128
-82
-27
35
7
-61
-29
-9
31
37
-52
-210
-293
-222
-99
72
110
25
-66
-95
-54
30
153
189
226
224
214
328
413
383
326
319
325
361
414
461
493
455
368
337
364
387
370
349
347
341
394
402
376
391
388
378
371
379
342
331
314
291
330
341
334
268
242
230
197
178
103
67
63
50
17
45
45
-53
-121
-228
-279
-259
-241
-218
-217
-242
-298
-330
-373
-414
-450
-491
-498
-473
-386
-309
-320
-357
-444
-583
-665
-688
-673
-631
-616
-612
-562
-532
-541
-530
-535
-548
-528
-521
-505
-447
-386
-385
-453
-536
-614
-669
-701
-763
-834
-901
-991
-1059
-1026
-921
-841
-774
-737
-727
-711
-704
-677
-626
-498
-143
520
1390
2179
2692
2830
2596
2194
1837
1722
1857
2102
2270
2297
2313
2211
1910
1369
617
-116
-685
-902
-758
-343
16
7
-251
-651
-919
-993
-896
-695
-492
-220
4
297
619
872
1011
925
773
620
600
653
733
852
850
792
650
481
301
89
-131
-401
-587
-654
-586
-411
-198
-26
12
-74
-243
-336
-217
19
314
625
849
966
971
902
820
716
529
301
148
79
103
127
74
-81
-355
-660
-936
-1094
-1127
-1094
-1047
-988
-927
-873
-795
-773
-787
-811
-855
-843
-745
-577
-390
-243
-199
-249
-356
-493
-593
-656
-679
-706
-788
-874
-940
-926
-822
-733
-680
-672
-752
-907
-1026
-1046
-966
-807
-673
-507
-348
-278
-323
-481
-666
-866
-1002
-1040
-980
-886
-844
-889
-1006
-1109
-1235
-1329
-1233
-794
32
1062
1994
2621
2876
2766
2488
2266
2313
2594
2905
3102
3161
3220
3209
2990
2458
1725
956
277
-100
-187
-27
86
-82
-446
-823
-1015
-1074
-1051
-1030
-1004
-929
-820
-545
-106
395
754
874
852
774
746
743
766
847
925
963
935
882
812
659
378
-27
-414
-687
-835
-855
-797
-685
-656
-738
-865
-936
-837
-673
-479
-266
-34
190
388
609
791
937
954
861
783
737
790
843
875
826
679
476
225
23
-141
-263
-402
-526
-574
-565
-500
-452
-436
-407
-398
-417
-418
-355
-253
-154
-78
-41
-16
-13
-36
-62
-129
-233
-373
-491
-523
-511
-445
-390
-363
-386
-463
-567
-653
-678
-732
-754
-700
-570
-402
-327
-339
-409
-539
-647
-641
-578
-512
-400
-250
-113
-104
-243
-346
-394
-444
-448
-401
-323
-260
-228
-192
-158
-171
-192
-167
-155
-147
-142
-139
-114
-131
-186
-234
-255
-230
-170
-153
-197
-263
-338
-335
-225
22
402
815
1156
1377
1466
1426
1334
1269
1300
1416
1542
1661
1748
1799
1765
1576
1281
937
625
408
305
301
334
323
232
128
20
-61
-93
-159
-229
-281
-305
-262
-160
-14
118
205
209
169
128
82
77
86
118
161
179
180
156
133
72
-43
-172
-284
-351
-384
-367
-312
-259
-233
-262
-289
-297
-294
-266
-236
-198
-143
-44
83
209
309
324
295
242
179
168
205
259
301
329
325
302
288
270
297
338
343
321
286
250
201
166
126
75
50
14
-12
-28
-65
-132
-208
-276
-345
-375
-415
-443
-432
-459
-523
-587
-596
-551
-502
-497
-520
-513
-482
-433
-383
-351
-347
-309
-195
-146
-201
-217
-140
-23
49
-2
-109
-183
-230
-233
-207
-234
-247
-174
-100
-59
-49
-107
-228
-363
-449
-443
-354
-264
-208
-190
-208
-232
-256
-314
-430
-537
-606
-620
-571
-497
-447
-475
-539
-592
-587
-578
-591
-595
-618
-568
-425
-178
153
579
1076
1500
1785
1866
1825
1730
1648
1684
1802
1935
1966
1940
1882
1728
1462
1073
671
312
49
-96
-150
-145
-208
-324
-450
-556
-599
-609
-584
-555
-477
-342
-193
34
272
489
620
640
612
563
564
550
563
580
542
477
351
235
121
30
-86
-265
-409
-536
-585
-584
-548
-493
-458
-425
-402
-319
-207
-78
68
200
339
463
583
680
733
770
748
668
581
496
437
388
328
245
149
34
-98
-165
-193
-188
-182
-214
-229
-237
-188
-119
-65
-37
-66
-112
-151
-141
-120
-95
-101
-149
-187
-254
-306
-342
-384
-404
-420
-439
-459
-496
-558
-640
-746
-831
-845
-801
-683
-505
-350
-232
-181
-216
-278
-338
-378
-393
-428
-462
-461
-436
-408
-386
-368
-364
-388
-433
-487
-558
-629
-651
-657
-669
-693
-749
-765
-796
-853
-911
-1003
-1112
-1195
-1161
-1054
-956
-973
-1094
-1091
-795
-48
986
1971
2660
2883
2775
2458
2183
2109
2223
2435
2575
2703
2745
2657
2312
1669
951
243
-245
-493
-514
-385
-295
-293
-437
-561
-612
-582
-485
-424
-322
-205
-14
287
678
1100
1322
1322
1111
848
683
613
630
626
591
460
255
62
-122
-274
-504
-788
-1037
-1164
-1137
-1009
-772
-529
-341
-242
-224
-186
-91
71
241
422
625
834
1054
1204
1244
1171
985
734
512
411
416
459
450
335
162
-44
-258
-419
-470
-411
-293
-153
-21
91
164
168
142
123
128
153
207
301
375
373
240
-9
-281
-492
-614
-675
-711
-791
-916
-1053
-1163
-1198
-1182
-1171
-1191
-1216
-1198
-1124
-1025
-929
-836
-749
-669
-603
-543
-475
-410
-353
-295
-233
-161
-115
-152
-257
-374
-450
-470
-458
-430
-401
-418
-488
-562
-606
-599
-598
-637
-701
-765
-811
-854
-869
-836
-738
-658
-656
-704
-815
-938
-1063
-1121
-1077
-964
-686
-89
938
2153
3169
3677
3623
3228
2703
2326
2212
2338
2586
2762
2851
2787
2496
1870
952
41
-641
-950
-969
-776
-479
-255
-143
-196
-276
-312
-286
-183
-84
83
323
650
1031
1366
1597
1572
1282
815
387
176
121
137
99
7
-118
-314
-522
-730
-908
-1069
-1234
-1298
-1208
-967
-683
-437
-251
-164
-128
-140
-87
101
343
597
769
904
1001
1042
1021
869
663
419
221
120
118
198
232
229
161
76
19
-81
-180
-280
-309
-238
-85
154
385
577
619
504
325
143
36
-36
-34
-4
-1
-41
-182
-340
-537
-778
-1039
-1273
-1394
-1414
-1291
-1110
-919
-766
-715
-705
-742
-752
-736
-695
-615
-538
-400
-247
-103
-30
-70
-215
-468
-670
-767
-717
-581
-478
-404
-398
-414
-455
-488
-505
-530
-502
-450
-350
-245
-168
-114
-108
-85
-92
-115
-140
-145
-83
-35
-45
-141
-265
-384
-484
-532
-594
-692
-822
-917
-942
-981
-1025
-902
-380
594
1748
2698
3175
3116
2699
2199
1902
1913
2127
2373
2498
2506
2319
1888
1213
405
-278
-736
-909
-881
-694
-394
-156
-45
-117
-243
-341
-382
-318
-195
54
357
681
984
1177
1221
997
602
199
-33
-45
16
91
103
52
-73
-254
-425
-603
-739
-853
-933
-925
-792
-493
-160
63
166
205
173
54
14
159
368
513
587
692
784
762
620
407
181
-56
-203
-189
-45
164
357
485
483
394
267
127
17
-34
48
231
426
563
629
612
463
236
25
-91
-89
-41
19
64
59
-54
-287
-561
-844
-1091
-1292
-1415
-1419
-1338
-1198
-1062
-951
-875
-845
-815
-781
-678
-496
-298
-142
-70
-2
49
58
-12
-176
-339
-499
-588
-595
-543
-459
-457
-535
-674
-763
-750
-696
-572
-429
-264
-186
-281
-445
-596
-625
-614
-581
-485
-393
-314
-341
-412
-463
-542
-648
-807
-895
-905
-912
-937
-1027
-1058
-1083
-1128
-965
-391
724
1979
2941
3378
3262
2885
2351
1978
1885
2043
2354
2493
2510
2296
1867
1185
286
-402
-817
-886
-802
-621
-282
-2
217
205
135
103
53
81
79
265
605
980
1270
1280
1152
803
353
-46
-301
-269
-208
-172
-227
-299
-309
-428
-569
-761
-875
-889
-872
-673
-361
49
331
394
346
199
107
30
59
215
404
595
666
706
682
554
335
29
-172
-262
-249
-178
-92
73
243
381
397
290
135
-63
-185
-184
1
303
555
719
740
681
522
294
101
-31
-60
-79
-102
-126
-143
-166
-285
-473
-712
-932
-1087
-1181
-1170
-1074
-919
-786
-718
-687
-687
-687
-701
-690
-628
-546
-486
-470
-432
-377
-338
-348
-418
-504
-589
-663
-708
-682
-594
-506
-480
-545
-642
-689
-656
-546
-383
-222
-88
6
87
170
225
193
38
-148
-276
-311
-309
-318
-339
-375
-439
-600
-823
-1030
-1138
-1127
-1077
-1048
-1053
-1055
-1086
-1133
-1143
-1111
-1049
-906
-424
548
1834
2978
3618
3732
3430
2928
2420
2115
2103
2262
2392
2311
2046
1607
987
262
-397
-783
-922
-883
-706
-401
-46
181
241
173
119
151
226
334
474
732
1026
1200
1178
952
618
213
-158
-401
-484
-461
-471
-513
-566
-590
-631
-739
-832
-846
-757
-637
-472
-229
57
293
376
347
268
215
191
191
262
390
532
586
563
500
393
237
34
-92
-92
50
261
466
638
687
599
383
171
67
53
74
90
140
185
181
92
-73
-257
-426
-546
-607
-598
-544
-511
-557
-657
-765
-877
-1019
-1184
-1297
-1331
-1265
-1120
-925
-726
-575
-478
-478
-519
-535
-485
-370
-247
-108
-7
36
3
-100
-211
-320
-374
-420
-464
-492
-524
-561
-622
-609
-500
-339
-168
-47
40
52
27
0
-17
25
78
115
55
-85
-203
-259
-232
-217
-243
-347
-520
-694
-852
-953
-1049
-1131
-1189
-1214
-1150
-1049
-932
-875
-871
-907
-965
-957
-825
-520
-84
537
1386
2333
3102
3457
3391
2986
2458
2011
1766
1706
1733
1746
1580
1238
766
223
-334
-796
-945
-823
-534
-173
224
579
747
780
677
539
472
505
602
662
765
834
744
482
123
-191
-468
-613
-617
-562
-498
-480
-455
-460
-436
-374
-361
-355
-322
-195
-30
147
349
470
481
365
200
37
-73
-78
-67
-47
-19
32
57
-2
-52
-41
65
209
304
307
218
141
101
112
164
241
326
360
365
338
277
184
86
19
-34
-89
-174
-264
-334
-398
-465
-574
-675
-741
-767
-806
-904
-1022
-1137
-1199
-1218
-1158
-1011
-826
-626
-477
-367
-303
-282
-279
-297
-271
-231
-213
-247
-305
-322
-350
-355
-347
-347
-381
-456
-489
-520
-519
-444
-298
-133
-41
32
103
218
351
398
348
205
36
-180
-395
-516
-576
-617
-677
-703
-727
-800
-901
-1004
-1031
-939
-759
-601
-515
-485
-522
-634
-744
-762
-722
-662
-623
-598
-587
-570
-513
-435
-287
-96
155
575
1278
2171
2853
3121
2973
2557
2070
1677
1505
1449
1474
1486
1343
1034
626
261
-93
-343
-386
-285
-106
103
400
652
775
760
597
401
287
345
430
482
568
625
553
288
-34
-329
-527
-590
-587
-549
-499
-398
-292
-208
-125
-98
-156
-287
-363
-337
-226
-32
171
316
322
198
14
-134
-155
-102
-32
35
111
211
290
356
387
398
434
482
558
620
638
581
440
290
129
-8
-116
-181
-197
-223
-228
-258
-320
-406
-517
-580
-604
-551
-500
-505
-550
-653
-747
-828
-842
-828
-835
-834
-873
-923
-990
-1003
-942
-837
-664
-500
-358
-277
-253
-303
-426
-490
-508
-506
-530
-545
-541
-564
-547
-533
-531
-582
-609
-549
-440
-232
16
309
533
589
443
115
-156
-305
-291
-191
-52
77
34
-126
-412
-712
-947
-1046
-945
-801
-656
-632
-674
-714
-749
-737
-755
-722
-682
-645
-590
-560
-484
-407
-302
-253
-280
-275
-215
-7
254
494
741
1176
1917
2642
3053
3058
2740
2219
1672
1334
1214
1267
1419
1472
1267
833
357
-97
-448
-508
-312
-66
149
401
619
652
557
408
235
134
188
343
463
604
741
679
370
-37
-348
-540
-565
-448
-333
-255
-202
-170
-234
-338
-404
-477
-521
-477
-335
-191
-36
135
211
175
49
-113
-260
-225
38
328
535
629
604
437
276
238
253
340
477
546
410
184
12
-177
-344
-414
-395
-396
-363
-219
-138
-173
-259
-347
-485
-599
-555
-463
-396
-351
-347
-487
-741
-918
-1000
-1001
-918
-794
-745
-791
-818
-847
-892
-875
-753
-613
-515
-403
-312
-305
-334
-344
-350
-344
-274
-182
-126
-56
-8
-74
-171
-149
-81
-121
-171
-117
-46
-26
-22
-49
-121
-81
105
215
152
57
-33
-250
-504
-624
-642
-613
-531
-490
-650
-882
-973
-963
-924
-790
-548
-384
-310
-227
-206
-320
-469
-511
-518
-519
-442
-345
-299
-289
-259
-262
-271
-172
22
358
937
1716
2370
2661
2657
2433
2077
1745
1571
1556
1627
1710
1604
1231
751
302
-92
-391
-444
-283
-65
170
378
490
462
372
259
126
121
276
465
569
597
554
330
-8
-319
-507
-566
-540
-457
-424
-408
-388
-410
-475
-533
-494
-416
-326
-197
-51
79
150
196
192
148
122
117
148
194
269
323
325
302
253
215
215
285
345
327
274
220
167
76
-31
-144
-223
-224
-195
-160
-96
15
73
31
-30
-71
-80
-72
-39
-28
-79
-158
-293
-483
-685
-835
-944
-1015
-996
-938
-883
-849
-817
-805
-815
-791
-750
-677
-553
-366
-169
-58
-38
-101
-212
-337
-392
-303
-169
-84
-81
-109
-161
-216
-236
-296
-406
-486
-476
-440
-395
-238
-60
-8
-82
-179
-277
-350
-260
-96
5
32
10
-133
-384
-502
-437
-307
-258
-309
-431
-629
-768
-813
-773
-681
-569
-497
-583
-695
-732
-677
-595
-524
-407
-279
-113
48
190
300
325
342
454
894
1643
2400
2836
2806
2431
1840
1310
1014
964
1139
1357
1351
970
467
56
-262
-418
-363
-164
31
285
582
740
761
732
639
410
263
347
503
625
704
651
342
-60
-373
-590
-657
-548
-383
-339
-378
-413
-457
-480
-425
-297
-197
-107
-1
85
154
234
313
307
245
190
167
205
288
400
485
507
439
306
174
64
28
54
116
205
264
232
83
-95
-246
-345
-363
-305
-171
3
157
207
116
-51
-223
-342
-396
-375
-295
-240
-269
-407
-617
-835
-979
-1026
-1014
-944
-829
-728
-671
-630
-582
-537
-486
-408
-298
-158
-29
47
14
-124
-287
-408
-462
-477
-391
-235
-122
-73
-51
-41
-108
-205
-311
-437
-441
-246
26
172
259
310
167
-67
-187
-199
-256
-229
-88
-88
-177
-254
-415
-729
-897
-800
-723
-618
-434
-342
-472
-604
-596
-646
-629
-442
-247
-210
-216
-151
-216
-282
-215
-108
-49
51
273
361
342
311
248
292
671
1391
1969
2233
2256
2020
1605
1207
1033
1010
1187
1457
1446
1121
711
390
62
-159
-155
-69
92
304
474
460
386
334
166
15
9
134
275
424
518
383
160
-59
-272
-423
-389
-206
-96
-33
-34
-127
-226
-266
-255
-287
-260
-175
-104
-18
74
144
91
-7
-88
-162
-142
-14
194
369
492
537
429
296
222
228
269
349
451
474
463
391
224
-11
-212
-295
-332
-287
-160
-17
68
54
-37
-252
-452
-522
-499
-414
-290
-157
-171
-307
-482
-669
-776
-757
-618
-486
-367
-272
-270
-311
-357
-368
-384
-384
-353
-326
-272
-233
-225
-276
-374
-468
-533
-513
-464
-408
-341
-289
-245
-194
-108
-84
-107
-109
-137
-191
-163
16
162
213
253
236
158
105
57
-151
-388
-415
-372
-440
-558
-631
-745
-887
-913
-874
-839
-763
-644
-611
-672
-663
-593
-557
-522
-390
-215
-113
-45
-12
-22
5
132
278
334
409
684
1202
1785
2169
2230
1963
1529
1175
1041
1126
1390
1768
1962
1707
1111
486
54
-126
-51
152
336
480
540
435
158
-70
-127
-118
-75
76
310
485
574
536
279
-49
-243
-293
-283
-150
104
269
270
143
-65
-301
-397
-270
-68
91
182
181
28
-172
-256
-261
-223
-83
122
200
145
109
109
161
314
492
522
428
362
307
230
202
286
386
420
390
259
48
-125
-171
-193
-232
-201
-126
-103
-131
-158
-226
-316
-359
-370
-372
-327
-205
-88
-67
-142
-279
-452
-622
-693
-651
-553
-428
-319
-313
-435
-574
-675
-736
-706
-570
-413
-303
-239
-266
-399
-540
-579
-514
-408
-296
-195
-89
44
166
193
104
-22
-133
-225
-269
-235
-133
9
112
61
-123
-289
-369
-371
-285
-169
-134
-183
-284
-450
-612
-650
-566
-477
-436
-442
-480
-510
-479
-406
-362
-355
-366
-391
-429
-416
-330
-236
-150
-62
12
36
57
172
480
1022
1618
1993
2019
1803
1547
1393
1405
1550
1774
1978
2011
1749
1230
702
370
254
245
278
315
299
237
107
-111
-334
-411
-339
-240
-110
76
248
336
333
233
66
-14
76
241
369
457
496
409
235
75
-29
-53
27
143
150
46
-81
-226
-390
-485
-459
-384
-301
-221
-197
-218
-169
9
219
383
514
587
585
571
606
657
698
739
705
534
314
165
78
25
24
9
-101
-271
-426
-558
-641
-609
-496
-390
-324
-299
-322
-378
-385
-332
-272
-225
-182
-162
-201
-273
-343
-418
-489
-528
-549
-591
-642
-668
-694
-731
-740
-694
-638
-591
-538
-507
-510
-503
-459
-419
-371
-256
-102
23
108
171
161
83
31
40
81
154
259
310
243
96
-100
-299
-395
-342
-252
-252
-335
-458
-593
-696
-714
-635
-503
-373
-301
-335
-444
-513
-472
-363
-251
-134
-37
-17
-65
-110
-134
-143
-85
29
108
131
156
198
317
656
1165
1547
1667
1621
1472
1281
1232
1381
1594
1820
1996
1899
1473
987
661
487
480
624
738
692
534
286
-90
-434
-533
-415
-226
-33
96
68
-78
-218
-325
-367
-260
-11
238
380
418
369
248
122
67
95
181
316
439
433
270
57
-108
-202
-190
-92
-17
-16
-66
-170
-321
-411
-347
-174
30
205
307
308
250
207
186
192
265
399
495
489
412
278
114
-13
-75
-113
-141
-147
-173
-258
-377
-477
-525
-523
-489
-458
-464
-514
-587
-644
-677
-656
-565
-440
-339
-300
-326
-414
-510
-569
-567
-504
-416
-342
-320
-357
-428
-490
-503
-465
-377
-276
-204
-170
-175
-200
-222
-211
-169
-103
-20
31
28
-15
-66
-90
-53
61
203
306
328
260
144
29
-15
31
131
234
288
250
105
-68
-186
-218
-162
-49
53
66
-27
-178
-311
-355
-297
-163
-24
42
30
-41
-134
-191
-145
-5
151
274
329
302
222
166
179
242
348
479
575
603
590
567
548
553
594
638
672
700
712
696
664
641
620
612
613
611
607
604
603
578
540
505
483
465
423
351
263
188
143
114
84
51
27
-15
-92
-181
-248
-258
-213
-142
-80
-34
-2
0
-28
-72
-93
-73
-33
-2
-3
-30
-83
-156
-224
-276
-293
-273
-230
-203
-209
-236
-266
-279
-275
-250
-211
-163
-112
-91
-120
-185
-238
-257
-258
-249
-245
-236
-218
-198
-192
-202
-204
-208
-228
-276
-334
-368
-357
-310
-253
-195
-162
-188
-260
-338
-390
-399
-353
-286
-237
-199
-156
-130
-123
-90
-38
2
46
113
168
188
196
192
164
156
185
202
188
184
176
127
55
-1
-36
-34
29
115
169
189
178
125
59
21
25
61
124
189
218
199
145
81
31
18
36
63
73
57
17
-27
-53
-55
-46
-27
-1
32
54
67
74
75
75
81
99
132
182
239
271
263
228
192
163
145
138
126
102
70
40
1
-48
-82
-86
-78
-65
-43
-21
-8
15
44
63
82
114
140
141
142
151
163
182
208
225
224
212
183
136
93
75
73
67
56
33
-2
-33
-51
-44
-7
57
113
122
94
57
30
20
17
7
-15
-35
-54
-81
-115
-142
-155
-166
-179
-188
-186
-168
-131
-89
-67
-60
-44
-15
8
32
65
89
95
84
59
19
-13
-16
-15
-28
-54
-81
-116
-153
-165
-151
-129
-110
-100
-114
-142
-159
-166
-167
-153
-125
-93
-77
-72
-77
-83
-77
-56
-20
18
49
68
79
88
95
103
109
107
94
68
34
1
-14
-3
17
27
28
24
8
-12
-24
-29
-22
6
41
56
59
48
18
-12
-19
0
24
44
57
52
30
12
2
-1
6
25
45
61
75
77
59
26
-2
-27
-42
-52
-58
-62
-68
-70
-71
-70
-62
-48
-33
-27
-28
-30
-31
-33
-31
-20
-6
5
10
7
11
31
54
69
79
88
93
96
98
94
90
87
75
54
32
13
-5
-17
-18
-12
0
12
18
15
14
18
23
30
31
19
-8
-31
-38
-30
-4
30
53
60
56
39
19
14
17
6
-15
-36
-60
-87
-105
-120
-127
-117
-100
-88
-80
-57
-22
9
38
66
90
110
138
177
210
238
247
219
162
104
65
34
8
-23
-75
-146
-209
-244
-260
-255
-231
-200
-175
-155
-137
-126
-109
-65
-6
36
63
86
94
88
82
69
48
40
49
56
58
73
87
74
43
17
-5
-17
-9
4
2
-7
-11
-28
-55
-66
-59
-47
-34
-18
-17
-32
-38
-38
-35
-26
-3
17
18
12
-1
-15
-26
-19
0
19
37
46
35
10
-6
2
29
68
107
131
129
106
79
47
22
13
21
30
36
34
13
-25
-60
-83
-98
-111
-114
-110
-100
-87
-87
-108
-140
-160
-158
-139
-100
-40
21
61
65
43
19
18
40
75
105
115
107
88
65
52
61
79
89
88
83
81
92
116
138
140
118
82
45
17
8
19
32
30
15
-14
-51
-83
-94
-87
-78
-72
-69
-72
-76
-72
-64
-64
-72
-77
-77
-75
-60
-40
-24
-10
5
9
-1
2
23
48
69
76
68
59
58
62
61
69
86
91
66
15
-44
-95
-120
-116
-96
-70
-42
-26
-37
-60
-77
-84
-74
-45
0
49
95
118
110
86
62
48
40
40
39
44
53
50
32
3
-28
-52
-63
-54
-37
-11
12
15
-18
-66
-97
-111
-102
-80
-62
-65
-81
-99
-125
-143
-127
-85
-38
-1
21
17
3
5
19
37
62
93
113
118
114
94
64
40
34
32
31
40
57
70
68
52
21
-8
-12
2
16
22
25
18
2
-16
-31
-37
-33
-21
-10
-7
-7
-2
1
-3
-8
-4
8
25
43
53
50
40
33
19
3
1
4
2
-3
-4
1
11
33
57
63
54
45
34
27
39
56
62
52
35
6
-21
-28
-25
-29
-38
-51
-68
-80
-73
-62
-52
-38
-27
-34
-49
-54
-51
-46
-42
-54
-88
-119
-136
-141
-133
-104
-67
-45
-38
-41
-49
-44
-18
15
43
67
81
79
68
61
62
67
69
63
43
18
-1
-13
-21
-25
-32
-43
-53
-52
-37
-7
29
56
67
64
53
51
66
94
130
154
160
139
98
55
24
9
7
6
0
-14
-36
-58
-72
-81
-84
-84
-81
-82
-86
-92
-107
-121
-126
-122
-114
-99
-82
-77
-84
-92
-95
-86
-55
-2
50
92
129
142
134
120
115
122
142
172
190
186
168
137
93
49
23
16
19
29
37
32
19
2
-21
-50
-75
-85
-82
-73
-63
-58
-60
-62
-60
-55
-46
-31
-14
-7
-15
-29
-37
-36
-23
-7
-3
-9
-20
-28
-33
-29
-17
-5
2
1
-1
-5
0
10
22
34
46
57
61
59
55
51
48
48
40
29
19
10
-3
-22
-45
-65
-69
-59
-44
-25
0
21
32
30
17
-1
-9
0
13
16
12
-6
-40
-74
-94
-100
-95
-74
-54
-49
-56
-62
-68
-70
-56
-34
-15
2
22
32
31
35
44
49
52
58
57
51
48
47
36
24
20
21
22
29
41
48
49
48
43
36
38
50
60
66
72
68
52
31
13
-2
-6
5
21
25
21
9
-14
-36
-48
-48
-48
-43
-40
-39
-40
-40
-44
-55
-64
-74
-93
-114
-121
-112
-87
-52
-22
-10
-4
-1
0
2
17
46
71
86
88
77
56
37
18
-2
-13
-9
0
5
10
16
16
18
22
20
14
11
12
10
5
4
3
-7
-21
-35
-48
-53
-42
-30
-26
-29
-30
-31
-38
-43
-49
-55
-53
-41
-34
-27
-9
18
42
57
63
62
55
52
49
39
33
38
48
54
61
66
63
49
28
4
-12
-8
14
37
49
48
37
20
-2
-18
-25
-14
15
48
69
72
65
49
27
5
-14
-24
-28
-31
-46
-68
-89
-105
-113
-118
-124
-126
-122
-110
-95
-78
-58
-36
-16
2
16
25
33
43
57
75
96
115
121
106
75
38
8
-9
-12
-4
7
12
9
-3
-15
-22
-20
-7
14
38
62
75
73
60
45
32
23
18
12
-1
-24
-57
-93
-121
-124
-111
-98
-92
-99
-116
-129
-128
-113
-95
-69
-45
-39
-48
-53
-48
-37
-15
8
17
28
59
91
98
90
86
86
86
92
99
94
76
55
37
24
19
22
13
-9
-32
-42
-35
-14
8
17
9
-11
-25
-25
-9
13
26
22
8
-5
-10
-7
-1
-1
-6
-12
-15
-13
-5
6
11
7
0
1
10
31
58
76
77
65
51
39
35
45
57
58
45
24
-4
-29
-38
-32
-20
-12
-14
-33
-59
-80
-87
-78
-51
-20
0
4
0
-6
-2
17
44
66
78
80
74
60
50
42
26
6
-16
-41
-66
-82
-87
-88
-85
-80
-79
-78
-75
-67
-53
-35
-12
12
29
41
50
55
53
47
39
32
26
20
15
7
-4
-16
-33
-45
-50
-52
-50
-50
-50
-48
-42
-28
-10
6
19
28
32
31
31
34
38
42
44
41
33
23
13
1
-10
-16
-17
-15
-8
4
11
12
2
-13
-26
-31
-27
-20
-14
-17
-29
-49
-67
-68
-50
-18
17
41
46
28
0
-13
0
35
68
80
68
44
22
10
14
28
35
27
4
-22
-38
-36
-20
-8
-6
-18
-33
-45
-50
-50
-50
-52
-58
-65
-66
-59
-47
-35
-32
-34
-37
-32
-20
-3
19
41
61
71
68
59
45
31
20
14
10
10
8
3
-7
-18
-22
-20
-16
-15
-15
-16
-8
11
39
65
80
81
70
56
45
49
65
85
98
99
85
67
53
45
38
26
11
-2
-12
-20
-22
-19
-24
-37
-57
-80
-93
-90
-77
-61
-45
-36
-31
-31
-30
-22
-14
-4
8
22
33
38
37
29
18
10
5
-2
-10
-22
-35
-41
-34
-22
-6
9
20
26
27
29
35
40
45
49
50
54
59
67
61
38
4
-24
-42
-54
-58
-54
-49
-50
-67
-96
-119
-128
-122
-102
-73
-39
-10
0
-2
-10
-11
-3
12
26
32
32
28
24
10
-12
-28
-29
-24
-23
-32
-50
-74
-95
-105
-101
-84
-56
-27
-11
-4
3
12
24
34
43
50
51
54
62
70
73
70
61
42
16
-9
-26
-37
-47
-59
-74
-86
-93
-88
-74
-59
-47
-42
-35
-20
9
42
68
86
98
105
103
90
82
77
68
45
23
7
-8
-18
-22
-31
-44
-40
-20
-16
-31
-43
-44
-45
-22
26
61
106
271
497
505
273
147
269
374
267
128
145
185
95
0
22
25
-94
-225
-276
-303
-331
-325
-278
-269
-338
-403
-370
-282
-232
-234
-248
-221
-145
-95
-33
216
590
744
532
231
138
215
217
108
43
49
9
-51
-51
-8
6
-40
-116
-147
-129
-97
-53
-31
-66
-100
-72
-28
5
34
53
47
27
-13
-59
-63
-8
25
-2
-62
-96
-77
-50
-67
-85
-61
-56
-77
-68
-45
-33
-4
13
4
-28
-21
40
63
102
540
1156
1073
239
-291
-16
426
409
134
43
-28
-373
-655
-478
-187
-204
-493
-736
-731
-508
-276
-137
-152
-342
-496
-409
-195
-28
88
127
43
-110
-166
-38
187
283
178
-2
-80
-10
145
229
172
64
10
4
22
93
172
209
178
66
-42
28
197
245
127
-16
-44
69
131
63
34
83
58
-23
-62
-41
15
24
-9
-38
-107
-20
581
1180
939
153
-134
237
568
387
93
140
189
-110
-310
-94
138
48
-262
-486
-452
-282
-163
-69
-118
-331
-428
-246
-41
-18
-75
-68
-43
-110
-200
-137
65
169
54
-105
-115
-31
61
86
16
-46
-21
5
33
80
61
29
69
15
-104
-134
-72
26
83
-39
-187
-141
-9
60
30
-67
-66
87
76
-86
-116
-3
-13
-118
-196
-166
-81
-44
-38
21
29
-71
-63
42
59
-19
3
53
65
-1
-59
10
120
48
-79
-71
-31
5
88
90
-56
-133
-111
-21
16
-43
-84
-11
-22
-141
-128
10
89
56
-48
-102
2
96
76
65
134
131
54
-11
26
139
212
149
50
21
15
3
39
61
-17
-107
-145
-105
-20
25
14
58
37
-73
-104
-38
10
253
620
680
401
191
304
500
440
196
216
322
158
-62
-7
88
53
-107
-281
-359
-315
-246
-168
-154
-343
-479
-396
-249
-230
-196
-120
-58
-91
-149
-131
9
117
108
56
2
-13
44
117
51
-13
6
37
31
35
-22
-80
-46
-29
-106
-135
-95
-37
7
-75
-214
-221
-110
-33
-12
-71
-97
11
69
1
8
47
10
-6
29
-4
-30
39
127
120
25
-26
41
111
150
283
396
302
114
124
269
301
195
211
317
229
-25
-81
105
151
-109
-336
-279
-179
-209
-249
-208
-224
-300
-338
-263
-157
-120
-111
-39
2
-47
-49
76
223
239
172
150
220
263
260
256
248
203
185
201
171
88
63
100
69
-39
-113
-95
-64
-67
-84
-61
-43
-65
-76
-52
-56
-79
-70
-29
-14
-40
-34
40
78
-2
-84
-67
-19
-22
-45
-32
18
41
-11
-90
-106
-60
-7
3
-47
-104
-102
-58
-49
-75
-94
-93
-110
-158
-185
-167
-153
-134
-90
-97
-166
-183
-121
-64
-31
-32
-57
-61
-42
-2
61
113
114
92
57
50
96
131
129
137
124
80
84
121
126
120
135
138
128
111
113
139
146
124
121
134
136
150
150
140
146
164
170
188
220
264
300
284
233
222
258
280
267
229
223
247
256
256
260
229
179
170
172
158
136
120
121
123
81
43
46
47
26
4
-10
-6
19
40
50
6
-92
-142
-97
-53
-40
-29
-39
-88
-139
-145
-108
-96
-134
-163
-181
-201
-207
-200
-215
-234
-247
-258
-257
-260
-281
-302
-318
-341
-362
-391
-414
-408
-409
-450
-479
-482
-499
-534
-547
-516
-473
-488
-536
-538
-542
-595
-613
-579
-574
-605
-634
-636
-614
-578
-549
-519
-499
-473
-416
-369
-338
-262
-163
-96
-38
44
144
251
358
460
602
743
823
879
976
1089
1184
1269
1353
1418
1435
1421
1438
1464
1450
1422
1394
1342
1277
1210
1116
1023
933
830
731
655
553
437
327
211
99
28
-6
-35
-85
-159
-214
-243
-267
-284
-284
-305
-322
-323
-307
-280
-249
-239
-239
-232
-219
-197
-190
-213
-247
-274
-291
-284
-293
-350
-431
-496
-542
-587
-652
-705
-727
-757
-808
-852
-905
-956
-964
-973
-986
-964
-944
-949
-938
-933
-941
-904
-847
-823
-799
-772
-748
-700
-664
-686
-711
-721
-740
-745
-742
-779
-841
-888
-923
-945
-972
-1017
-1063
-1104
-1154
-1110
-855
-457
-79
210
347
326
328
482
733
1045
1423
1787
2064
2210
2233
2254
2339
2414
2466
2494
2462
2400
2343
2221
2041
1854
1650
1468
1289
1014
685
416
189
-15
-182
-325
-457
-589
-753
-919
-1068
-1157
-1115
-997
-916
-866
-811
-761
-697
-634
-572
-474
-320
-134
21
63
118
261
319
338
460
479
417
536
613
486
489
638
620
540
541
501
416
403
422
393
343
363
403
327
219
182
134
90
137
123
35
40
52
-40
-83
-80
-162
-241
-242
-270
-330
-337
-330
-378
-445
-483
-510
-552
-596
-627
-668
-717
-740
-737
-744
-756
-755
-748
-744
-761
-808
-842
-838
-835
-843
-827
-795
-768
-751
-775
-810
-809
-805
-824
-817
-788
-775
-745
-696
-679
-701
-728
-761
-803
-863
-932
-1009
-1096
-1187
-1261
-1333
-1432
-1525
-1467
-1087
-443
143
458
584
614
583
586
724
1067
1657
2337
2819
3018
3067
3071
3036
2935
2814
2750
2769
2850
2889
2739
2417
2088
1771
1372
905
481
182
12
-146
-373
-618
-800
-932
-1082
-1284
-1482
-1566
-1501
-1355
-1221
-1107
-944
-735
-593
-546
-497
-367
-187
0
154
286
429
570
650
634
569
544
578
604
564
470
409
402
379
270
110
-20
-129
-243
-366
-481
-547
-527
-495
-514
-565
-585
-567
-548
-535
-512
-451
-319
-170
-88
-35
34
151
246
294
324
401
523
678
779
784
787
787
748
628
481
424
410
367
272
190
84
-7
-64
-188
-333
-451
-501
-577
-652
-745
-812
-837
-848
-848
-894
-904
-887
-858
-872
-846
-817
-781
-740
-749
-798
-809
-761
-697
-611
-567
-522
-486
-515
-565
-618
-684
-714
-671
-652
-671
-637
-688
-712
-759
-904
-1089
-973
-1075
-1261
-1145
-1226
-1408
-1392
-1544
-1769
-1673
-1475
-807
202
676
884
1112
1100
1005
1001
1109
1584
2327
2912
3341
3519
3462
3406
3316
3026
2712
2516
2427
2447
2313
1981
1710
1544
1210
707
157
-289
-624
-890
-1087
-1295
-1398
-1358
-1280
-1335
-1485
-1620
-1629
-1499
-1376
-1240
-971
-586
-211
17
115
219
410
538
610
665
664
764
929
968
898
862
820
763
637
388
152
67
35
-24
-148
-256
-305
-356
-480
-656
-768
-768
-688
-639
-622
-591
-495
-359
-284
-260
-216
-101
81
227
267
311
446
607
711
734
704
707
744
735
649
605
623
657
638
506
329
236
216
148
17
-142
-267
-319
-354
-436
-522
-548
-561
-592
-640
-714
-694
-596
-515
-486
-507
-533
-487
-450
-494
-490
-439
-360
-276
-293
-383
-445
-467
-473
-477
-478
-434
-380
-389
-446
-564
-691
-704
-678
-692
-691
-640
-582
-545
-584
-713
-784
-799
-827
-859
-949
-1023
-1026
-1058
-1211
-1371
-1463
-1517
-1544
-1643
-1792
-1963
-1997
-1632
-808
164
850
1183
1312
1336
1269
1199
1433
2115
3029
3687
3878
3825
3715
3581
3386
3207
3063
2928
2781
2558
2218
1749
1321
1019
700
268
-251
-676
-930
-1115
-1393
-1756
-1979
-2038
-2050
-2105
-2066
-1845
-1531
-1220
-1075
-1043
-961
-783
-523
-218
123
470
843
1132
1219
1172
1061
1060
1147
1171
1093
991
979
1000
942
772
585
435
230
-37
-341
-525
-542
-486
-448
-559
-720
-828
-849
-825
-780
-689
-590
-460
-370
-359
-325
-205
13
273
496
601
627
677
707
715
712
763
893
1016
1051
955
841
801
772
704
558
398
249
172
92
-31
-81
-105
-137
-207
-333
-456
-479
-416
-386
-376
-435
-510
-476
-402
-320
-248
-220
-268
-311
-356
-475
-500
-403
-308
-283
-342
-476
-586
-596
-621
-663
-643
-656
-715
-793
-885
-952
-935
-868
-827
-818
-893
-951
-933
-884
-825
-821
-838
-852
-850
-868
-936
-983
-989
-969
-989
-1012
-1052
-1111
-1144
-1229
-1379
-1535
-1589
-1307
-520
485
1162
1298
1111
1003
1147
1314
1429
1679
2201
2828
3155
3083
2885
2792
2783
2732
2528
2244
2086
2005
1934
1835
1551
1096
647
269
-80
-338
-577
-751
-720
-641
-733
-1000
-1289
-1414
-1304
-1157
-1104
-1031
-873
-635
-369
-184
-98
-4
90
148
167
218
294
467
670
813
863
777
658
542
527
550
494
403
325
279
259
245
126
-1
-35
-106
-181
-271
-375
-386
-319
-265
-272
-240
-265
-295
-205
-172
-128
-114
-121
-82
-23
22
-18
-18
-26
36
152
171
167
178
251
274
267
202
108
108
133
170
125
141
93
124
175
136
13
-14
79
109
55
24
-5
-10
30
-36
-171
-35
-101
-226
-97
-205
-506
-75
-401
-380
-138
-632
-386
-347
-522
-403
-466
-705
-342
-323
-537
-314
-525
-470
-421
-543
-581
-545
-512
-522
-447
-579
-585
-487
-513
-388
-396
-453
-499
-416
-407
-407
-272
-424
-378
-309
-324
-247
-287
-366
-381
-350
-399
-501
-579
-712
-684
-535
-283
3
121
82
-112
-80
131
386
559
602
626
743
1030
1274
1607
1935
2014
2010
1811
1639
1707
1886
2019
2160
2117
1859
1622
1364
1253
1271
1182
878
571
285
125
102
51
-31
-81
-261
-547
-762
-951
-961
-838
-821
-877
-942
-1013
-994
-875
-758
-649
-609
-694
-741
-703
-599
-451
-292
-123
40
141
152
158
215
308
357
353
337
326
414
524
555
573
560
480
419
362
316
307
279
224
201
155
108
15
-117
-194
-216
-221
-224
-174
-122
-70
-55
-89
-125
-93
-63
-25
25
26
63
114
152
185
229
239
238
255
255
256
265
215
151
144
130
91
52
7
-50
-60
-94
-175
-169
-177
-214
-219
-211
-249
-246
-263
-318
-295
-265
-314
-331
-362
-426
-415
-438
-482
-474
-508
-633
-713
-816
-886
-827
-816
-828
-812
-866
-901
-947
-1020
-1028
-982
-941
-883
-851
-836
-828
-838
-848
-856
-851
-853
-887
-930
-963
-861
-543
-84
347
488
351
254
388
764
1131
1277
1245
1292
1432
1646
1925
2180
2404
2451
2330
2091
1905
1879
1941
2028
1983
1738
1427
1149
1031
1037
964
668
285
-11
-195
-246
-283
-383
-433
-482
-609
-758
-866
-862
-770
-750
-813
-878
-894
-783
-634
-493
-423
-409
-414
-418
-335
-235
-161
-112
-91
26
125
196
258
317
395
442
423
351
350
339
350
346
307
332
342
356
306
221
103
-31
-98
-122
-111
-115
-154
-265
-351
-402
-428
-446
-453
-457
-424
-346
-278
-220
-164
-76
75
220
299
323
351
417
554
640
623
579
577
673
733
706
605
506
421
360
303
186
152
85
-37
-146
-288
-382
-447
-495
-580
-637
-732
-818
-835
-831
-767
-736
-724
-723
-712
-688
-702
-653
-578
-496
-446
-434
-428
-394
-367
-357
-332
-321
-302
-320
-361
-379
-386
-389
-408
-411
-445
-489
-532
-620
-678
-720
-813
-879
-936
-1018
-1045
-1093
-1178
-1226
-1275
-1330
-1376
-1301
-960
-406
95
245
198
294
687
1139
1290
1171
1077
1344
1788
2192
2504
2722
2824
2764
2612
2449
2453
2489
2369
2111
1785
1482
1348
1373
1386
1256
848
245
-232
-448
-507
-572
-764
-1030
-1205
-1235
-1241
-1191
-1138
-1138
-1188
-1361
-1456
-1370
-1086
-785
-589
-504
-455
-355
-210
-40
146
250
216
194
222
374
596
727
781
816
788
710
589
445
376
350
269
172
121
81
51
-54
-205
-306
-338
-381
-475
-570
-657
-680
-682
-649
-558
-507
-499
-514
-542
-450
-294
-190
-102
-40
16
104
205
311
425
463
449
425
454
503
574
600
558
525
471
450
421
407
337
205
59
-85
-126
-116
-113
-158
-258
-383
-469
-535
-556
-534
-514
-531
-570
-592
-557
-483
-418
-406
-445
-481
-510
-478
-427
-372
-320
-335
-325
-322
-314
-269
-256
-276
-333
-422
-482
-492
-439
-383
-331
-321
-364
-404
-472
-540
-608
-677
-739
-735
-728
-750
-770
-819
-891
-928
-962
-1007
-1070
-1148
-1184
-967
-523
-33
205
202
211
441
898
1152
1113
975
1046
1353
1763
2043
2224
2404
2432
2322
2148
2043
2096
2118
1946
1597
1282
1127
1070
1119
967
691
278
-177
-412
-524
-560
-687
-924
-1112
-1140
-1181
-973
-1076
-1033
-921
-1097
-958
-1031
-897
-570
-453
-342
-254
-187
-9
107
218
224
327
294
269
380
351
461
422
378
451
445
426
279
127
53
-5
-20
-143
-170
-164
-205
-203
-290
-303
-266
-309
-358
-394
-401
-327
-251
-241
-189
-145
-120
-52
12
85
199
219
180
228
294
376
445
398
367
368
335
307
311
303
287
178
55
-28
-37
-28
-112
-203
-300
-345
-382
-409
-432
-416
-382
-403
-438
-455
-435
-384
-373
-333
-310
-274
-210
-207
-130
-76
-75
-109
-191
-227
-189
-178
-157
-165
-214
-243
-359
-469
-521
-572
-612
-668
-739
-755
-771
-809
-820
-810
-777
-779
-792
-800
-779
-798
-839
-882
-884
-856
-882
-924
-959
-925
-837
-838
-905
-1003
-1024
-765
-344
103
391
466
555
824
1200
1422
1435
1321
1361
1634
1890
2081
2253
2402
2485
2401
2203
2062
2043
2007
1753
1368
1025
854
824
789
624
344
19
-286
-497
-634
-765
-939
-1125
-1257
-1254
-1156
-1052
-965
-885
-807
-747
-697
-624
-477
-286
-146
-47
71
225
425
558
608
628
614
598
581
564
531
495
452
381
342
287
163
23
-149
-289
-357
-431
-476
-521
-565
-570
-588
-600
-598
-597
-604
-613
-616
-597
-526
-458
-401
-353
-325
-270
-197
-88
51
160
214
209
224
301
426
470
432
397
361
416
478
455
396
305
250
178
129
93
160
404
466
301
-11
-212
-159
-111
-145
-251
-316
-289
-325
-411
-422
-399
-345
-323
-355
-331
-278
-152
-62
-12
-76
-261
-331
-288
-170
-163
-312
-459
-511
-455
-485
-617
-734
-800
-869
-992
-1172
-1237
-1149
-1048
-1041
-1117
-1117
-1017
-903
-897
-975
-995
-945
-864
-849
-884
-846
-748
-671
-626
-623
-623
-597
-602
-609
-632
-587
-339
213
963
1513
1730
1792
1977
2271
2394
2213
1958
1987
2217
2352
2307
2251
2325
2341
2082
1556
1061
781
522
174
-236
-514
-578
-627
-741
-871
-923
-924
-990
-1160
-1262
-1231
-1125
-912
-665
-398
-85
133
311
549
789
930
955
879
808
816
835
862
870
858
742
497
251
44
-85
-260
-502
-736
-885
-875
-861
-826
-793
-799
-806
-828
-807
-701
-531
-390
-295
-203
-51
152
330
497
590
628
609
518
441
418
383
304
241
184
160
121
3
-83
-134
-199
-276
-379
-401
-337
-234
-146
-57
60
130
186
193
207
267
304
312
288
306
339
346
298
205
130
4
-137
-285
-371
-396
-440
-500
-573
-584
-550
-503
-465
-435
-428
-459
-473
-452
-402
-335
-310
-299
-267
-249
-227
-244
-324
-403
-500
-606
-668
-686
-666
-622
-602
-643
-684
-700
-719
-741
-816
-860
-865
-877
-876
-884
-895
-876
-853
-846
-862
-918
-985
-1021
-1012
-987
-928
-848
-772
-693
-621
-339
329
1176
1892
2220
2338
2538
2718
2790
2644
2423
2423
2405
2243
2037
1941
1984
1863
1456
829
297
-63
-368
-604
-873
-1029
-1085
-1129
-1018
-842
-636
-487
-462
-455
-406
-280
-70
210
475
653
781
880
1018
1179
1176
1006
730
429
181
-8
-101
-150
-220
-346
-526
-661
-728
-768
-799
-869
-892
-862
-760
-523
-216
86
279
366
402
466
548
591
606
593
546
510
483
475
502
447
305
72
-174
-359
-519
-621
-699
-723
-680
-616
-509
-386
-185
41
184
226
201
212
322
533
720
847
892
839
768
668
510
339
122
-116
-297
-461
-550
-510
-419
-356
-393
-520
-617
-647
-649
-641
-615
-552
-423
-287
-153
38
195
259
173
-10
-167
-258
-296
-374
-495
-612
-697
-721
-722
-701
-672
-724
-880
-1083
-1223
-1230
-1111
-956
-796
-611
-451
-319
-223
-174
-166
-246
-406
-546
-641
-695
-695
-700
-767
-962
-1213
-1410
-1517
-1615
-1790
-1936
-1988
-1955
-1759
-1125
188
1813
3024
3512
3581
3706
3848
3711
3252
2779
2566
2395
2122
1921
1941
2053
1821
1054
45
-789
-1232
-1372
-1429
-1506
-1479
-1199
-720
-191
233
532
736
764
585
339
335
654
1027
1184
1127
1040
1023
986
789
402
-80
-542
-938
-1202
-1275
-1141
-871
-656
-575
-598
-616
-490
-339
-255
-238
-162
97
436
774
1046
1265
1356
1226
933
569
312
169
-11
-250
-459
-551
-517
-431
-399
-433
-521
-649
-767
-823
-713
-408
-62
175
313
414
555
711
763
686
541
395
311
292
313
386
416
335
165
-67
-246
-343
-385
-407
-476
-479
-362
-146
89
248
326
329
325
280
233
214
228
229
171
121
94
116
93
-3
-175
-414
-582
-657
-656
-636
-626
-628
-660
-695
-752
-762
-726
-669
-613
-615
-575
-470
-314
-200
-135
-166
-292
-379
-476
-542
-579
-602
-622
-677
-685
-629
-566
-625
-705
-764
-853
-960
-1104
-1108
-959
-784
-726
-793
-758
-630
-537
-575
-681
-757
-780
-747
-668
-353
351
1412
2431
3003
3203
3243
3245
3010
2519
1924
1460
1260
1094
946
892
985
1022
765
257
-320
-691
-833
-833
-823
-791
-547
-147
292
623
886
1046
993
780
449
210
156
247
292
259
223
242
328
298
166
-86
-388
-594
-736
-749
-600
-266
56
245
354
379
443
452
377
227
78
75
155
283
391
498
550
456
234
-44
-265
-427
-549
-688
-744
-610
-379
-94
152
279
267
182
103
31
4
29
92
139
198
291
385
472
486
396
230
101
20
-55
-100
-91
-14
82
208
307
363
381
342
253
89
-36
-64
-41
-21
-15
-11
-33
-32
-63
-179
-327
-448
-524
-595
-643
-611
-510
-407
-337
-292
-283
-258
-222
-262
-343
-414
-473
-495
-476
-450
-429
-447
-448
-450
-522
-609
-641
-625
-689
-782
-830
-815
-728
-599
-495
-472
-478
-511
-547
-557
-542
-517
-550
-605
-633
-675
-667
-625
-701
-862
-997
-1100
-1160
-1137
-980
-778
-717
-745
-539
223
1434
2631
3350
3557
3557
3495
3320
2932
2402
1853
1372
968
641
510
602
746
610
107
-450
-712
-654
-488
-417
-465
-383
-51
395
822
1163
1380
1345
1058
651
324
232
275
255
61
-158
-187
-24
102
53
-110
-341
-538
-656
-644
-510
-286
-58
24
19
65
222
377
393
267
74
-50
-54
50
165
225
239
158
-42
-246
-335
-364
-413
-500
-581
-550
-354
-80
115
207
245
249
250
250
269
283
274
238
198
213
295
419
442
354
251
136
48
17
40
112
194
281
343
340
323
291
192
18
-157
-293
-370
-372
-335
-308
-305
-295
-306
-359
-426
-482
-547
-618
-641
-575
-446
-308
-172
-112
-118
-108
-102
-95
-136
-197
-256
-342
-391
-406
-369
-297
-236
-227
-307
-429
-557
-661
-776
-866
-896
-860
-720
-516
-279
-119
-89
-186
-371
-548
-658
-642
-575
-501
-455
-434
-411
-436
-456
-514
-681
-946
-1172
-1289
-1383
-1362
-1210
-1049
-934
-689
-33
1034
2235
3131
3530
3564
3476
3375
3077
2531
1926
1470
1111
810
657
633
665
575
255
-256
-675
-774
-675
-566
-546
-458
-144
332
811
1148
1303
1244
1057
776
443
198
83
49
-63
-228
-310
-236
-103
-96
-247
-499
-715
-794
-746
-650
-510
-278
-35
151
301
457
580
562
434
241
70
34
138
251
272
268
256
199
98
-22
-175
-386
-612
-762
-788
-666
-416
-166
-40
9
91
166
191
209
203
149
114
158
263
379
481
517
438
295
166
88
12
-67
-82
-80
-70
20
152
218
219
170
31
-113
-187
-218
-211
-186
-177
-163
-144
-124
-104
-136
-247
-368
-439
-504
-523
-443
-351
-260
-185
-148
-107
-62
-43
-78
-155
-245
-303
-326
-360
-365
-324
-329
-388
-418
-422
-411
-392
-395
-483
-623
-696
-687
-656
-630
-564
-502
-516
-536
-570
-683
-811
-848
-803
-719
-620
-573
-592
-612
-599
-586
-685
-894
-1025
-1029
-1028
-1032
-1014
-983
-866
-536
129
1149
2235
3042
3503
3633
3486
3239
2887
2298
1622
1080
670
380
286
367
464
428
243
-14
-278
-449
-456
-444
-536
-489
-151
266
669
1062
1270
1216
1057
823
468
124
-95
-232
-356
-436
-355
-152
-11
35
-14
-200
-384
-442
-466
-502
-423
-251
-72
160
398
531
563
477
284
95
-13
-75
-84
-54
-39
4
74
106
39
-114
-294
-462
-643
-794
-758
-602
-454
-248
12
171
311
533
588
433
291
191
79
67
174
237
257
319
413
402
248
137
66
-91
-221
-154
-63
-42
101
236
183
127
123
-46
-308
-454
-547
-609
-585
-493
-398
-361
-347
-278
-262
-374
-420
-422
-504
-497
-349
-263
-204
-39
46
4
-1
-10
-69
-147
-263
-403
-479
-497
-450
-364
-390
-480
-525
-591
-690
-731
-779
-850
-820
-775
-793
-755
-680
-662
-645
-645
-732
-788
-792
-813
-782
-698
-634
-554
-431
-364
-383
-471
-579
-609
-659
-805
-914
-907
-846
-575
138
1131
2133
2943
3404
3490
3365
3147
2730
2100
1436
938
601
355
290
392
484
486
435
237
-98
-319
-365
-453
-615
-591
-327
40
448
833
1063
1111
1080
910
528
100
-172
-310
-425
-458
-340
-151
-16
72
110
14
-106
-162
-248
-404
-459
-344
-163
60
259
352
342
281
187
50
-100
-209
-220
-209
-211
-130
-14
54
83
16
-210
-408
-470
-515
-550
-521
-400
-186
92
306
411
474
492
483
391
210
88
67
41
5
0
-35
-47
-5
-64
-228
-342
-356
-316
-243
-172
-95
21
104
107
56
-18
-71
-103
-206
-350
-393
-368
-337
-297
-281
-301
-299
-291
-346
-407
-420
-381
-294
-211
-144
-66
21
93
138
116
15
-81
-185
-323
-430
-470
-492
-513
-537
-600
-685
-737
-771
-853
-991
-1087
-1055
-945
-840
-744
-672
-639
-616
-641
-743
-856
-912
-944
-996
-1085
-1146
-1122
-1095
-1139
-1215
-1294
-1365
-1353
-1147
-572
483
1774
2899
3643
3969
4023
3968
3648
2928
2093
1395
828
413
164
55
122
258
228
-13
-331
-544
-557
-550
-628
-525
-118
380
872
1306
1531
1603
1597
1341
829
312
-82
-358
-537
-656
-656
-503
-344
-271
-267
-354
-475
-526
-598
-715
-697
-524
-259
88
401
602
747
812
736
592
419
204
19
-124
-269
-350
-314
-249
-233
-281
-395
-514
-598
-661
-682
-639
-558
-421
-230
-54
92
231
355
437
486
505
480
460
474
474
449
406
333
228
84
-115
-333
-503
-616
-692
-712
-677
-588
-417
-205
-30
94
159
166
152
123
74
39
18
-22
-46
-35
-22
-10
-14
-103
-252
-383
-488
-567
-615
-645
-614
-497
-340
-163
8
106
117
64
-72
-256
-415
-560
-695
-774
-807
-813
-780
-716
-665
-657
-702
-781
-853
-907
-909
-867
-840
-776
-623
-457
-351
-311
-380
-574
-786
-955
-1074
-1106
-1050
-973
-917
-870
-787
-704
-656
-415
221
1088
1919
2569
2930
3014
2990
2839
2420
1840
1317
923
598
315
161
170
197
141
22
-188
-368
-306
-137
-93
-29
234
584
912
1190
1376
1486
1525
1403
1076
601
130
-189
-431
-690
-804
-717
-601
-512
-420
-397
-400
-355
-373
-466
-511
-443
-268
-47
113
239
381
440
415
375
287
168
90
13
-96
-144
-130
-132
-159
-229
-333
-417
-472
-502
-483
-459
-425
-302
-130
23
188
343
403
402
373
280
185
141
111
86
94
123
153
186
174
101
-30
-193
-352
-513
-654
-716
-668
-551
-380
-172
21
202
360
442
439
415
411
390
348
292
221
156
115
72
-37
-198
-356
-504
-659
-803
-896
-922
-869
-752
-607
-456
-289
-128
-28
-15
-59
-135
-254
-411
-588
-772
-920
-999
-1035
-1063
-1080
-1091
-1107
-1115
-1112
-1086
-1017
-916
-801
-695
-606
-533
-495
-528
-627
-757
-911
-1061
-1174
-1265
-1313
-1230
-848
11
1248
2411
3165
3530
3612
3461
3079
2413
1535
734
200
-127
-330
-353
-133
188
349
298
161
27
-26
30
38
-5
193
674
1154
1515
1813
2006
2022
1803
1306
634
9
-417
-670
-859
-954
-819
-553
-384
-312
-263
-276
-335
-417
-571
-717
-674
-435
-130
140
329
461
535
486
323
124
-101
-329
-480
-564
-577
-454
-240
-76
-8
-3
-33
-80
-149
-217
-250
-241
-174
-24
140
260
377
471
426
250
53
-128
-268
-326
-330
-304
-203
-35
116
198
213
175
89
-42
-162
-204
-191
-155
-115
-109
-135
-115
-62
-67
-114
-157
-186
-165
-88
4
112
257
403
510
552
519
459
385
247
61
-127
-321
-474
-539
-566
-566
-502
-422
-389
-394
-431
-478
-491
-477
-444
-378
-303
-228
-147
-116
-159
-221
-315
-476
-647
-801
-947
-1021
-1009
-1000
-996
-952
-906
-861
-777
-693
-671
-707
-786
-887
-969
-1034
-1090
-1146
-1213
-1249
-1180
-882
-156
978
2085
2808
3199
3331
3186
2834
2282
1494
706
158
-249
-588
-686
-477
-174
-8
-27
-127
-192
-132
64
228
299
520
969
1376
1659
1948
2150
2101
1817
1293
602
24
-308
-531
-722
-802
-723
-544
-389
-287
-177
-113
-164
-278
-397
-449
-320
-62
139
239
280
263
223
158
24
-148
-337
-568
-754
-807
-755
-623
-440
-311
-260
-206
-145
-115
-104
-104
-92
-31
78
221
386
528
618
651
564
376
191
21
-151
-291
-390
-431
-377
-277
-194
-107
-35
-14
-36
-80
-136
-144
-99
-42
50
182
314
421
468
429
328
172
-35
-217
-328
-380
-329
-186
-44
62
142
163
139
107
36
-58
-145
-218
-247
-210
-138
-47
50
90
81
68
26
-45
-105
-174
-259
-297
-287
-255
-193
-134
-118
-138
-193
-271
-320
-328
-320
-300
-275
-244
-182
-99
-42
-17
-32
-105
-197
-276
-352
-417
-444
-466
-509
-550
-581
-622
-699
-827
-979
-1109
-1203
-1275
-1321
-1333
-1308
-1260
-1223
-1102
-663
164
1096
1803
2211
2386
2364
2156
1733
1132
529
89
-200
-413
-489
-312
46
315
374
343
340
386
464
484
417
445
674
942
1133
1320
1518
1603
1462
1103
661
278
-14
-238
-408
-484
-390
-149
68
186
282
338
270
81
-152
-319
-342
-266
-188
-131
-83
-26
44
43
-70
-199
-301
-430
-551
-562
-467
-316
-158
-67
-55
-66
-64
-75
-136
-218
-242
-214
-189
-136
-20
88
137
142
69
-67
-177
-256
-365
-469
-506
-482
-399
-254
-66
125
280
376
424
437
439
453
450
410
383
379
368
358
348
302
243
195
103
-29
-132
-202
-248
-236
-179
-106
-5
88
128
130
129
131
106
33
-35
-40
-19
5
44
56
31
21
-20
-146
-265
-329
-396
-448
-451
-420
-346
-213
-71
41
114
135
113
40
-72
-131
-113
-85
-39
47
131
223
332
372
329
275
194
57
-75
-178
-239
-245
-248
-271
-274
-254
-232
-196
-179
-188
-178
-178
-219
-240
-227
-224
-216
-222
-282
-328
-338
-386
-469
-551
-645
-729
-774
-810
-830
-807
-760
-693
-607
-543
-480
-371
-185
159
651
1104
1416
1634
1731
1670
1504
1244
893
558
290
58
-99
-103
21
153
200
189
210
256
298
335
332
306
377
524
619
704
843
937
903
787
626
451
318
208
66
-90
-186
-199
-199
-224
-221
-196
-228
-325
-424
-494
-509
-441
-364
-339
-298
-211
-147
-137
-158
-218
-316
-427
-528
-586
-573
-505
-433
-374
-303
-190
-72
7
55
88
98
99
107
116
145
204
256
266
281
319
343
338
312
268
219
179
139
98
82
102
138
166
199
254
322
367
370
339
282
230
213
211
203
191
150
54
-59
-145
-207
-256
-300
-364
-437
-487
-503
-490
-459
-415
-378
-360
-355
-323
-258
-210
-196
-198
-211
-207
-158
-103
-85
-82
-83
-99
-124
-144
-171
-211
-268
-326
-357
-343
-274
-163
-59
23
115
201
245
250
212
122
6
-107
-230
-343
-407
-430
-440
-435
-404
-350
-295
-265
-256
-282
-326
-338
-301
-199
39
411
778
1037
1201
1269
1220
1071
836
540
241
19
-113
-180
-160
-37
113
185
201
230
254
264
280
284
272
316
428
528
606
698
770
745
616
434
243
77
-27
-78
-103
-84
6
122
201
252
279
230
102
-54
-214
-350
-419
-428
-412
-368
-294
-227
-198
-210
-257
-326
-399
-458
-501
-517
-500
-456
-411
-378
-339
-291
-256
-227
-196
-174
-140
-78
-17
42
131
227
290
331
344
311
251
174
79
-12
-85
-140
-176
-195
-181
-124
-56
-14
21
56
79
115
158
173
175
184
175
151
126
93
57
29
2
-23
-29
-37
-50
-59
-72
-88
-78
-54
-33
-6
16
30
47
47
12
-43
-98
-138
-151
-166
-196
-206
-186
-156
-118
-85
-67
-46
-20
-13
-11
4
23
39
54
58
67
86
90
69
44
26
15
10
-4
-29
-45
-49
-45
-30
-2
49
123
187
224
241
232
208
186
152
105
81
92
108
119
121
92
46
6
-39
-97
-136
-137
-105
-54
7
70
119
153
168
162
125
85
63
43
12
-4
-15
-35
-50
-56
-68
-82
-89
-88
-76
-53
-17
32
92
156
230
310
370
406
429
429
402
374
334
264
176
93
24
-34
-82
-115
-138
-160
-168
-153
-135
-124
-113
-125
-172
-215
-230
-243
-263
-267
-250
-216
-148
-62
7
45
65
76
66
20
-39
-100
-164
-215
-244
-264
-274
-246
-203
-179
-173
-180
-206
-242
-283
-330
-366
-372
-345
-292
-231
-182
-133
-76
-19
25
44
38
24
9
-6
-10
2
28
73
118
132
123
120
105
71
31
-8
-37
-37
-9
32
78
132
189
217
208
183
164
136
100
68
43
41
72
123
168
207
245
269
275
273
276
272
251
226
218
231
263
302
318
309
295
277
240
188
130
80
53
47
57
84
124
170
207
213
201
186
161
121
70
15
-25
-35
-33
-36
-32
-13
7
25
35
32
15
-9
-43
-89
-136
-168
-188
-219
-264
-315
-376
-435
-467
-472
-459
-419
-359
-301
-252
-205
-173
-179
-220
-279
-341
-401
-443
-467
-482
-475
-442
-399
-357
-309
-270
-267
-292
-320
-350
-372
-374
-365
-354
-333
-296
-254
-215
-158
-73
33
167
326
471
568
633
664
643
582
495
379
253
159
108
89
112
173
244
308
369
425
468
492
501
482
435
398
386
381
379
373
331
249
144
28
-100
-206
-272
-297
-279
-219
-131
-35
61
143
189
187
147
92
28
-37
-83
-116
-129
-109
-71
-40
-24
-19
-35
-65
-108
-161
-211
-240
-238
-207
-160
-118
-85
-57
-34
-13
6
15
23
41
72
121
174
222
250
257
241
213
182
142
102
76
64
64
80
107
137
165
178
162
124
78
41
8
-23
-53
-81
-113
-152
-191
-227
-262
-300
-341
-383
-406
-399
-364
-313
-264
-214
-155
-91
-35
6
24
28
25
19
8
-10
-35
-65
-96
-127
-151
-170
-196
-227
-237
-216
-158
-68
31
116
178
217
240
260
276
281
278
268
258
259
266
267
258
232
188
136
80
23
-24
-56
-76
-74
-48
-10
38
90
124
136
136
129
121
113
104
101
94
74
47
17
-20
-49
-65
-91
-129
-153
-159
-160
-147
-123
-92
-56
-18
10
18
10
-4
-17
-42
-71
-88
-96
-108
-118
-127
-139
-137
-123
-119
-119
-108
-89
-66
-43
-23
-2
25
49
70
94
120
149
168
159
140
114
72
27
-18
-70
-106
-107
-100
-97
-85
-71
-64
-54
-37
-21
-15
-18
-22
-26
-33
-23
4
26
47
74
83
61
37
17
-4
-17
-17
-10
3
27
57
80
88
88
80
57
32
21
23
30
39
40
31
29
42
55
59
53
36
7
-25
-57
-93
-124
-143
-153
-154
-134
-93
-48
-1
44
79
100
117
129
136
144
160
170
162
136
100
56
4
-44
-84
-115
-127
-111
-82
-46
2
48
72
75
61
33
-1
-26
-37
-32
-4
34
68
83
79
68
43
1
-52
-109
-155
-169
-148
-107
-58
-5
38
62
67
57
35
3
-43
-98
-138
-149
-129
-95
-60
-30
-3
15
18
1
-34
-65
-81
-92
-107
-119
-130
-138
-134
-123
-111
-95
-73
-51
-24
15
63
114
148
154
135
111
94
81
67
44
16
-3
-14
-10
-2
10
24
34
29
17
12
19
44
72
88
94
104
117
127
127
117
99
72
39
-4
-42
-72
-90
-104
-116
-115
-95
-64
-32
-8
9
28
51
73
83
87
83
71
55
39
28
23
21
22
19
15
15
10
-8
-34
-55
-71
-83
-86
-83
-83
-83
-82
-86
-92
-90
-82
-68
-53
-34
-15
-3
5
14
23
29
28
19
-4
-33
-50
-61
-74
-85
-97
-105
-102
-81
-54
-25
1
22
36
46
58
72
88
102
107
100
87
78
72
59
46
35
24
22
34
52
68
82
87
78
62
47
31
8
-17
-34
-40
-37
-17
15
42
57
66
58
39
20
2
-20
-37
-45
-53
-66
-81
-91
-87
-68
-40
-10
17
50
89
116
121
106
80
43
-4
-58
-114
-161
-194
-219
-242
-258
-259
-238
-195
-143
-88
-28
32
83
120
150
171
182
186
178
156
129
107
88
66
36
4
-29
-53
-67
-76
-84
-82
-68
-45
-17
17
52
80
87
74
46
19
3
-8
-18
-30
-36
-35
-31
-31
-32
-34
-35
-34
-32
-24
-10
3
10
11
5
1
-1
-5
-11
-13
-10
1
19
41
62
80
97
108
111
105
92
77
64
53
41
26
5
-10
-18
-19
-17
-14
-14
-18
-25
-35
-39
-37
-28
-21
-20
-18
-5
15
32
37
30
20
6
-14
-37
-59
-76
-91
-113
-134
-146
-142
-128
-112
-93
-68
-37
-8
11
20
26
27
24
17
11
15
27
35
35
35
37
40
40
32
20
17
26
45
71
103
140
170
187
188
177
159
131
91
44
5
-20
-30
-34
-38
-38
-33
-25
-21
-24
-27
-27
-25
-27
-33
-39
-39
-34
-31
-30
-29
-25
-25
-32
-48
-68
-85
-97
-116
-141
-164
-184
-194
-199
-200
-191
-161
-121
-77
-31
16
65
111
144
157
155
149
140
126
106
81
60
44
34
31
30
24
14
-7
-41
-74
-95
-99
-88
-60
-22
25
83
138
180
201
196
174
141
102
65
32
3
-19
-35
-45
-52
-54
-59
-69
-84
-98
-106
-104
-92
-72
-45
-19
5
24
36
40
39
33
25
22
20
18
17
20
24
21
7
-16
-41
-63
-81
-92
-98
-95
-78
-54
-23
13
52
89
115
123
118
108
98
83
60
32
0
-29
-52
-68
-79
-84
-85
-83
-79
-69
-49
-23
1
24
39
47
48
51
50
42
31
9
-17
-36
-48
-56
-54
-37
-8
32
72
108
140
160
161
143
107
60
14
-27
-63
-83
-85
-76
-64
-54
-51
-51
-50
-57
-63
-63
-49
-24
7
34
56
74
80
71
52
25
0
-16
-28
-34
-28
-12
5
16
22
18
12
0
-24
-53
-75
-86
-87
-84
-81
-78
-79
-78
-77
-78
-79
-76
-70
-56
-41
-22
-5
3
5
0
-8
-19
-32
-53
-81
-106
-124
-132
-130
-119
-104
-83
-55
-23
11
39
54
58
52
44
42
44
47
49
49
51
56
64
69
73
74
70
68
71
80
95
113
127
136
142
143
141
134
120
106
91
80
69
68
73
82
92
95
87
73
56
36
11
-17
-48
-76
-96
-104
-98
-89
-79
-68
-56
-42
-27
-10
1
6
5
-6
-21
-39
-60
-82
-101
-114
-121
-117
-106
-96
-91
-88
-85
-82
-85
-88
-88
-83
-67
-44
-14
15
47
73
83
77
61
36
10
-13
-30
-32
-22
1
34
70
103
129
139
133
113
86
59
31
12
3
2
8
19
31
39
45
43
30
13
-4
-17
-25
-25
-12
8
27
39
42
35
23
9
-7
-23
-31
-33
-28
-17
-2
10
16
13
3
-7
-17
-27
-37
-50
-59
-58
-48
-36
-26
-25
-31
-39
-44
-49
-49
-42
-29
-10
11
33
49
58
56
42
21
-4
-23
-35
-42
-44
-37
-24
-10
3
11
9
2
-9
-25
-43
-56
-61
-61
-55
-43
-32
-19
-6
6
16
25
32
39
44
49
54
62
67
72
73
69
64
55
43
31
15
-1
-15
-28
-38
-44
-48
-47
-42
-35
-22
-7
12
30
48
58
63
61
56
50
46
46
46
47
45
36
27
16
2
-12
-28
-43
-54
-59
-61
-65
-71
-75
-83
-91
-93
-92
-87
-75
-61
-45
-25
-5
9
19
24
24
21
13
2
-10
-22
-35
-44
-51
-57
-61
-61
-61
-58
-47
-33
-15
5
26
49
69
85
95
102
105
103
103
99
95
91
84
74
64
54
43
32
19
8
1
1
10
21
37
55
72
83
89
88
80
68
53
40
26
11
-7
-26
-48
-69
-90
-108
-116
-118
-112
-100
-90
-80
-70
-63
-61
-61
-62
-64
-60
-52
-42
-27
-9
8
20
26
30
30
25
16
3
-10
-21
-30
-40
-50
-61
-70
-79
-87
-87
-81
-73
-63
-54
-44
-33
-23
-16
-11
-8
-1
9
21
34
50
62
68
67
60
53
45
38
36
37
41
48
56
60
59
55
49
39
27
19
14
16
20
25
33
37
43
46
46
46
46
49
53
58
64
74
81
88
91
84
73
57
37
15
-5
-23
-37
-49
-59
-66
-71
-72
-71
-69
-67
-61
-50
-38
-25
-11
1
10
12
9
-4
-22
-42
-60
-72
-80
-79
-71
-59
-46
-33
-26
-28
-36
-49
-63
-74
-79
-76
-63
-44
-19
12
42
71
91
99
93
78
56
31
7
-14
-25
-27
-21
-9
2
12
18
19
14
8
4
5
16
32
54
80
104
117
120
111
92
67
37
9
-15
-29
-35
-34
-31
-27
-28
-33
-42
-51
-56
-57
-47
-29
-4
24
49
67
74
70
52
30
6
-17
-32
-37
-31
-19
-4
8
14
9
-5
-26
-50
-71
-87
-96
-98
-91
-80
-63
-44
-26
-9
4
14
25
35
46
57
64
67
66
60
48
36
22
9
-1
-6
-1
10
25
39
52
59
59
53
41
27
14
-1
-13
-23
-29
-28
-26
-22
-19
-18
-21
-30
-41
-49
-54
-52
-42
-29
-14
1
11
16
15
12
7
1
-4
-10
-11
-12
-11
-10
-13
-17
-24
-35
-44
-51
-54
-53
-47
-38
-30
-17
-4
5
10
8
1
-9
-17
-20
-20
-14
-5
3
12
22
32
40
44
44
44
46
51
56
64
69
70
67
59
48
33
16
-2
-20
-39
-50
-59
-63
-62
-58
-50
-40
-29
-18
-8
-3
3
7
10
15
19
20
19
16
15
15
14
15
15
17
20
24
27
31
34
34
33
31
27
26
22
15
10
4
-2
-7
-13
-20
-28
-36
-42
-47
-48
-47
-41
-32
-20
-10
-1
4
3
-2
-14
-27
-41
-52
-60
-64
-65
-62
-56
-47
-38
-30
-21
-13
-4
3
10
16
22
25
26
23
18
15
13
12
15
18
23
31
37
45
51
56
56
52
45
37
32
27
25
25
26
28
29
31
29
23
12
0
-13
-26
-34
-37
-35
-27
-19
-11
-2
1
2
-1
-6
-9
-10
-11
-8
-3
0
1
-2
-9
-18
-26
-37
-43
-47
-46
-39
-30
-20
-13
-9
-11
-17
-28
-42
-54
-63
-67
-67
-59
-45
-29
-11
2
12
17
22
25
28
33
39
47
55
61
66
70
67
60
48
35
22
13
5
2
1
3
7
10
15
18
20
19
18
16
15
19
22
25
28
29
29
25
19
11
5
-3
-11
-18
-24
-29
-32
-34
-35
-35
-33
-27
-24
-17
-11
-7
-3
-5
-9
-16
-26
-34
-42
-46
-47
-41
-30
-14
4
20
32
37
35
28
16
3
-10
-19
-25
-23
-16
-6
5
15
21
26
27
24
21
17
15
15
19
22
25
27
26
22
13
4
-9
-20
-28
-33
-32
-24
-13
-1
12
24
34
41
44
40
33
24
14
4
-6
-15
-25
-34
-43
-51
-60
-67
-71
-73
-71
-66
-55
-41
-26
-11
1
9
14
14
10
4
-3
-10
-14
-15
-17
-14
-11
-8
-5
-3
-1
0
-1
-4
-7
-8
-7
-5
-1
4
9
16
22
26
30
35
37
40
39
37
35
31
28
23
18
14
9
5
2
0
0
0
0
0
1
7
12
17
23
27
28
27
22
17
10
1
-7
-15
-19
-22
-21
-19
-17
-15
-14
-13
-14
-13
-11
-9
-6
1
8
16
25
32
36
35
30
20
9
-4
-15
-26
-34
-41
-43
-43
-40
-35
-32
-29
-25
-23
-18
-13
-7
-1
3
8
11
13
12
10
5
0
-5
-9
-12
-13
-13
-12
-10
-8
-4
0
6
12
17
24
29
33
34
33
31
25
17
10
4
0
0
2
5
11
16
18
20
15
11
4
-5
-11
-13
-15
-14
-11
-7
-2
1
3
1
-2
-7
-12
-19
-22
-22
-21
-17
-16
-15
-16
-19
-27
-36
-47
-56
-63
-67
-65
-59
-48
-36
-24
-12
-3
5
12
17
22
25
31
34
38
40
38
34
25
17
7
-3
-9
-11
-9
-2
8
15
21
24
22
15
4
-7
-17
-25
-26
-22
-14
-2
11
20
26
26
20
10
-5
-20
-33
-41
-45
-42
-33
-21
-8
4
12
17
17
14
13
10
9
10
15
23
31
39
45
48
46
40
30
19
9
1
-3
-2
3
10
21
31
39
44
45
42
35
27
16
5
-6
-17
-27
-35
-43
-47
-49
-49
-45
-39
-32
-22
-13
-3
4
9
11
10
8
4
-3
-9
-16
-23
-29
-35
-40
-43
-43
-41
-35
-28
-17
-6
5
11
15
15
8
-2
-14
-26
-35
-40
-42
-37
-29
-18
-7
2
9
12
13
11
9
9
10
13
19
26
32
36
37
34
28
22
17
14
16
22
33
45
57
67
72
71
62
49
32
15
-1
-12
-20
-23
-21
-16
-10
-4
0
5
8
12
15
19
23
26
28
28
22
13
1
-16
-31
-44
-54
-59
-59
-54
-47
-39
-31
-27
-27
-31
-37
-45
-51
-54
-53
-49
-42
-36
-29
-24
-21
-21
-21
-21
-20
-17
-9
1
11
22
28
30
26
19
12
3
-4
-7
-3
4
17
31
45
56
63
65
61
54
46
38
31
27
26
26
28
28
27
23
16
8
-1
-8
-12
-11
-7
2
14
25
33
39
40
35
29
19
9
0
-5
-8
-7
-4
-3
-1
-3
-8
-13
-20
-27
-32
-38
-40
-41
-41
-39
-39
-38
-37
-37
-35
-32
-28
-22
-15
-8
-1
3
5
5
1
-2
-8
-14
-17
-18
-17
-15
-13
-11
-11
-11
-12
-15
-16
-19
-20
-18
-14
-8
-2
6
13
19
25
27
28
30
30
30
30
30
32
32
30
27
21
15
7
-2
-9
-15
-18
-16
-13
-6
1
7
13
15
16
14
9
4
-2
-6
-10
-13
-14
-15
-16
-18
-21
-24
-28
-29
-27
-26
-21
-14
-8
-1
3
4
0
-5
-13
-22
-31
-36
-37
-34
-28
-23
-17
-12
-10
-13
-19
-26
-35
-41
-44
-45
-42
-37
-31
-23
-18
-16
-14
-14
-13
-10
-4
4
15
28
41
52
59
62
61
56
49
43
38
36
38
45
52
61
68
71
73
72
66
60
55
49
45
43
41
38
35
32
27
20
14
8
4
0
1
1
2
3
0
-3
-9
-15
-23
-29
-34
-36
-37
-36
-34
-33
-33
-34
-37
-41
-45
-48
-50
-49
-47
-42
-38
-35
-34
-36
-38
-41
-43
-42
-36
-29
-19
-9
1
10
15
14
7
-3
-15
-25
-32
-33
-31
-23
-14
-2
9
16
21
23
25
27
28
32
38
46
54
61
63
63
56
45
30
16
5
-2
-4
-1
9
21
33
42
47
46
42
31
19
6
-4
-11
-15
-12
-10
-7
-4
-3
-6
-12
-19
-28
-33
-39
-40
-38
-32
-23
-15
-7
-2
2
2
-1
-3
-5
-7
-8
-7
-6
-5
-6
-8
-13
-21
-31
-41
-50
-58
-62
-64
-59
-52
-40
-26
-11
4
18
28
36
39
40
38
34
30
24
21
16
12
11
9
9
12
13
15
19
22
26
29
33
36
40
43
44
45
42
40
36
30
26
21
15
11
8
7
4
3
3
1
-1
-3
-6
-10
-12
-13
-14
-14
-12
-9
-6
-5
-2
-1
-1
-3
-5
-7
-12
-17
-21
-27
-31
-37
-43
-47
-51
-54
-54
-53
-50
-45
-39
-32
-24
-16
-10
-5
0
0
0
-1
-3
-6
-10
-12
-15
-17
-18
-17
-15
-13
-8
-4
1
8
14
20
27
34
37
41
44
45
45
44
44
42
40
37
35
33
32
31
30
32
33
35
37
36
35
34
30
27
21
16
12
7
4
1
0
-2
-4
-7
-10
-13
-18
-21
-22
-22
-21
-19
-15
-10
-8
-5
-4
-3
-5
-8
-10
-12
-14
-14
-15
-15
-15
-18
-19
-22
-23
-25
-26
-27
-27
-25
-23
-17
-14
-11
-8
-6
-5
-3
-3
-2
-2
-1
1
3
5
8
12
15
17
19
19
20
19
16
15
11
6
2
-2
-5
-7
-9
-9
-9
-9
-6
-3
-1
2
8
12
17
23
27
29
29
27
24
19
12
6
1
-4
-7
-7
-7
-6
-5
-4
-4
-5
-7
-8
-8
-7
-3
-1
2
5
8
7
6
2
-3
-9
-14
-19
-21
-23
-24
-22
-21
-19
-17
-18
-19
-19
-20
-20
-19
-14
-10
-5
1
6
9
11
10
7
5
0
-2
-6
-7
-7
-4
0
2
7
11
14
16
18
17
16
16
14
12
10
8
7
6
5
3
3
3
4
3
2
2
2
1
1
0
1
3
3
4
5
6
6
6
4
1
-1
-2
-4
-5
-3
-2
1
3
5
4
3
0
-5
-9
-12
-16
-16
-16
-14
-10
-6
0
3
5
8
9
7
5
2
0
-2
-3
-6
-9
-12
-17
-22
-26
-30
-34
-34
-34
-32
-29
-24
-19
-13
-8
-5
-1
2
4
6
8
10
14
18
21
24
27
29
29
28
26
23
22
19
17
17
17
18
19
20
21
22
23
25
27
28
30
31
32
31
28
25
19
11
4
-3
-10
-15
-19
-21
-24
-26
-27
-28
-30
-33
-36
-37
-38
-39
-37
-36
-32
-28
-25
-23
-21
-19
-18
-16
-15
-14
-10
-6
-4
-1
1
1
0
-1
-5
-9
-12
-15
-15
-14
-13
-9
-5
-2
3
6
7
9
10
10
11
10
10
10
9
7
4
0
-5
-10
-14
-17
-19
-18
-15
-13
-9
-5
0
3
6
10
11
15
16
20
21
23
24
24
23
21
18
15
11
9
7
7
8
10
12
13
