SAMPLES:	15531
BITSPERSAMPLE:	16
CHANNELS:	1
SAMPLERATE:	16000
NORMALIZED:	FALSE
9
9
8
7
5
2
0
-2
-5
-7
-10
-14
-15
-19
-21
-22
-25
-25
-28
-28
-28
-28
-27
-27
-27
-26
-24
-23
-22
-19
-18
-16
-14
-11
-11
-8
-6
-6
-5
-3
-2
-1
0
2
1
3
4
4
4
4
3
3
4
2
0
-1
-1
-2
-2
1
2
3
6
6
7
10
12
14
16
19
21
23
24
24
24
23
24
23
23
21
21
20
17
15
11
8
6
2
0
-3
-6
-9
-13
-18
-21
-23
-27
-28
-31
-33
-34
-34
-36
-35
-35
-34
-31
-29
-27
-24
-22
-19
-15
-14
-10
-6
-3
2
4
7
8
11
14
17
20
22
25
28
30
32
33
34
36
37
39
40
41
40
39
38
36
33
31
30
27
24
20
18
13
8
4
0
-3
-7
-11
-15
-18
-20
-24
-28
-31
-34
-37
-37
-38
-40
-40
-40
-40
-39
-36
-34
-31
-29
-27
-24
-22
-19
-14
-13
-13
-9
-10
-6
-6
-8
-7
-5
-2
-3
-3
-4
-1
3
3
3
4
5
7
8
7
8
9
10
9
8
7
8
9
9
7
7
10
12
11
9
6
7
9
9
6
2
1
1
0
-5
-11
-13
-14
-15
-18
-20
-22
-21
-21
-24
-23
-22
-21
-20
-21
-23
-15
-10
-8
-10
-11
-9
2
7
4
5
6
12
19
20
18
17
20
25
28
25
23
22
21
22
21
17
17
15
11
8
8
8
8
5
2
3
5
6
7
5
4
8
11
12
12
10
11
15
15
12
11
10
11
10
8
5
4
3
1
-1
-4
-6
-6
-10
-11
-14
-14
-13
-15
-15
-15
-14
-11
-10
-10
-9
-7
-3
-1
1
1
3
4
4
4
3
2
1
0
-2
-4
-5
-8
-11
-14
-17
-18
-18
-19
-22
-22
-23
-23
-21
-20
-19
-18
-15
-11
-8
-6
-2
1
4
7
11
12
13
15
16
18
18
18
17
16
15
14
11
9
7
5
4
1
-1
-2
-3
-4
-5
-5
-6
-6
-7
-6
-5
-4
-3
-1
-1
-1
1
1
4
3
4
4
4
5
2
3
2
2
3
2
1
1
2
2
0
-1
0
0
0
1
1
3
5
6
7
6
5
5
4
5
3
1
0
-1
0
-4
-5
-8
-10
-10
-11
-12
-13
-13
-12
-13
-13
-12
-10
-7
-6
-2
1
6
8
11
13
15
19
22
23
23
24
25
26
25
23
21
20
18
17
14
10
9
7
4
1
0
-1
-1
-2
-4
-3
-2
0
0
0
0
1
2
3
3
1
0
1
2
-1
-3
-5
-8
-9
-12
-14
-17
-20
-24
-25
-28
-29
-30
-32
-34
-33
-32
-30
-29
-27
-25
-20
-15
-12
-8
-4
1
4
9
13
15
17
19
20
22
23
22
23
23
23
21
20
18
17
15
14
14
12
11
11
10
9
9
9
9
10
7
9
9
9
10
10
12
12
11
11
10
11
11
10
10
8
6
5
4
2
0
-1
-3
-6
-8
-9
-11
-13
-13
-13
-13
-13
-13
-11
-11
-10
-9
-8
-7
-7
-4
-4
-2
0
0
0
-1
0
0
0
0
-1
-1
-1
-1
-3
-4
-3
-3
-2
-1
-1
-1
1
2
5
7
9
11
12
14
15
18
19
21
21
21
21
22
22
19
18
15
14
10
6
3
-1
-5
-9
-14
-19
-22
-23
-28
-30
-33
-35
-35
-35
-36
-35
-33
-30
-27
-25
-21
-17
-14
-10
-7
-3
0
3
6
10
13
14
17
18
20
21
23
24
25
26
26
27
27
28
28
28
29
28
29
29
29
29
27
26
25
25
24
23
21
19
18
17
15
12
11
8
6
2
-2
-6
-7
-9
-14
-15
-19
-21
-22
-25
-26
-27
-28
-29
-28
-28
-27
-26
-25
-22
-22
-20
-19
-15
-15
-15
-13
-11
-9
-9
-8
-8
-8
-8
-7
-8
-9
-8
-7
-7
-7
-8
-7
-6
-5
-6
-4
-4
-3
-1
-1
0
2
4
6
7
8
9
12
12
12
12
13
14
13
12
10
8
5
3
1
-2
-3
-7
-8
-11
-13
-16
-17
-19
-20
-20
-23
-22
-23
-24
-24
-22
-20
-21
-19
-19
-17
-16
-15
-14
-13
-11
-11
-9
-8
-6
-6
-4
-2
-1
0
0
2
1
3
5
6
6
8
8
10
12
13
15
15
17
17
17
17
18
18
18
20
21
20
18
19
18
18
16
17
16
16
16
15
13
11
10
9
8
7
8
6
5
5
3
4
2
1
-1
-2
-3
-4
-5
-9
-10
-12
-13
-17
-18
-20
-21
-22
-25
-25
-27
-27
-28
-28
-29
-27
-25
-23
-22
-20
-18
-18
-13
-11
-8
-5
-2
0
2
3
4
6
7
10
10
11
10
10
10
11
10
8
7
5
4
1
1
-1
-2
-3
-3
-3
-6
-5
-8
-7
-8
-9
-8
-7
-7
-6
-4
-3
-1
0
0
1
3
5
5
7
7
9
9
11
12
13
15
16
18
18
20
21
22
22
23
24
24
24
25
25
24
25
24
24
22
23
22
22
22
22
24
22
24
23
25
24
23
21
20
20
19
19
17
17
17
15
12
11
9
7
6
4
4
2
0
-3
-7
-9
-9
-9
-10
-12
-12
-13
-13
-11
-13
-12
-12
-12
-11
-11
-11
-11
-11
-10
-11
-11
-12
-13
-14
-15
-16
-16
-17
-19
-19
-21
-22
-22
-22
-22
-20
-19
-18
-16
-14
-12
-10
-8
-6
-5
-2
1
3
6
7
10
10
12
12
13
12
11
11
10
11
10
9
9
7
6
6
5
4
4
3
4
4
4
5
5
7
7
8
8
9
9
9
9
7
6
7
6
2
1
-2
-4
-5
-7
-9
-11
-13
-16
-17
-19
-20
-22
-22
-21
-22
-22
-21
-19
-17
-15
-12
-11
-8
-6
-4
0
1
4
5
8
9
9
11
10
11
11
11
11
10
9
7
7
6
6
5
4
3
1
-1
-1
-2
-3
-6
-5
-6
-6
-7
-9
-9
-9
-10
-11
-13
-14
-13
-12
-14
-16
-18
-18
-19
-20
-20
-23
-22
-23
-23
-25
-25
-25
-24
-24
-26
-26
-25
-23
-24
-25
-24
-23
-21
-20
-20
-18
-14
-11
-9
-8
-7
-3
0
1
3
4
7
10
11
11
12
14
16
17
16
15
18
20
21
20
21
21
23
23
22
24
27
28
27
29
29
30
31
31
31
30
31
32
32
30
30
29
28
27
25
22
21
21
18
16
14
13
12
9
5
2
0
-1
-3
-5
-8
-9
-11
-12
-14
-15
-16
-17
-17
-20
-20
-20
-20
-19
-19
-19
-19
-17
-17
-17
-16
-15
-12
-10
-9
-9
-7
-5
-6
-4
-3
-1
1
2
2
3
4
6
7
8
9
12
12
14
14
14
16
18
19
19
21
21
22
21
19
19
19
18
16
14
12
9
8
3
1
-3
-4
-7
-10
-15
-18
-19
-21
-22
-25
-25
-26
-24
-26
-24
-25
-23
-21
-20
-19
-16
-13
-12
-10
-8
-6
-4
-2
-2
-1
-1
0
1
1
1
1
2
1
1
1
2
3
3
6
8
10
11
14
15
18
21
23
24
25
27
28
30
32
33
33
33
32
31
28
27
24
21
18
14
11
8
5
1
-4
-7
-10
-14
-17
-20
-22
-23
-24
-27
-26
-27
-26
-25
-25
-24
-24
-22
-20
-18
-18
-16
-16
-15
-14
-13
-11
-13
-11
-11
-12
-11
-11
-12
-12
-11
-11
-11
-10
-10
-9
-9
-8
-6
-4
-3
-1
0
1
4
7
10
11
15
16
19
19
21
21
23
24
23
23
23
24
22
21
19
15
14
11
9
6
4
1
-2
-5
-8
-10
-13
-16
-18
-20
-20
-20
-21
-21
-20
-20
-19
-18
-18
-16
-15
-14
-14
-13
-13
-12
-12
-12
-11
-12
-10
-11
-11
-12
-12
-12
-13
-13
-13
-13
-12
-11
-11
-11
-10
-9
-7
-6
-4
-3
0
2
3
7
8
10
13
14
15
17
19
19
19
19
19
18
17
16
16
15
11
11
8
8
7
5
3
0
-1
-3
-4
-6
-6
-6
-6
-7
-8
-7
-9
-8
-6
-7
-7
-7
-7
-7
-5
-8
-8
-7
-7
-6
-8
-8
-8
-7
-8
-7
-6
-7
-7
-7
-7
-6
-6
-4
-3
-3
-3
-1
-1
-1
-1
-1
-2
-2
-2
-3
-4
-4
-4
-6
-7
-9
-9
-10
-11
-12
-12
-13
-14
-15
-14
-13
-11
-11
-9
-7
-5
-3
-1
2
3
7
9
12
14
17
20
21
23
26
27
28
30
30
31
31
31
32
31
29
29
28
27
25
25
23
24
22
21
19
18
17
15
14
13
11
9
7
6
5
3
1
0
-3
-5
-6
-8
-10
-10
-11
-12
-12
-15
-15
-14
-14
-13
-13
-12
-10
-8
-6
-4
-1
1
4
6
8
10
12
15
18
20
21
21
22
22
22
21
21
21
19
17
15
13
10
8
5
2
0
-1
-3
-4
-8
-9
-10
-10
-10
-12
-11
-11
-10
-11
-11
-10
-9
-8
-7
-7
-7
-5
-4
-4
-3
-3
-1
0
1
1
1
2
1
0
0
1
2
2
2
3
2
1
2
1
0
1
1
1
1
-1
-2
-1
-4
-3
-4
-5
-6
-7
-7
-8
-9
-10
-10
-10
-11
-12
-12
-12
-13
-12
-11
-10
-11
-11
-9
-10
-10
-9
-9
-7
-6
-5
-5
-5
-5
-4
-5
-3
-3
-3
-1
-1
1
3
4
6
9
11
12
15
18
20
21
22
25
26
29
30
32
33
33
32
32
33
32
32
31
32
28
26
24
23
21
17
15
13
10
8
5
1
-1
-4
-7
-9
-12
-16
-18
-21
-24
-25
-28
-30
-32
-34
-36
-38
-39
-41
-42
-43
-45
-44
-44
-45
-43
-43
-43
-41
-39
-38
-35
-31
-30
-26
-25
-23
-19
-17
-14
-12
-9
-7
-5
-3
-1
0
2
4
4
5
5
5
6
5
5
5
6
7
9
9
9
9
10
10
10
11
12
13
14
14
15
15
16
16
16
16
17
16
16
15
13
14
13
12
11
9
8
7
6
5
3
3
2
2
0
-1
-3
-4
-5
-6
-7
-9
-10
-12
-13
-12
-14
-14
-14
-14
-14
-13
-13
-13
-13
-15
-14
-13
-11
-10
-11
-12
-12
-11
-11
-10
-12
-13
-12
-12
-13
-13
-13
-15
-15
-15
-15
-15
-15
-14
-13
-12
-12
-10
-9
-8
-5
-5
-3
-2
0
0
2
3
3
5
5
5
4
5
3
3
2
1
1
0
-1
-3
-4
-4
-3
-4
-5
-3
-3
-2
-2
-2
0
2
5
6
9
9
12
14
16
17
19
20
20
20
19
20
19
18
18
17
16
15
15
15
13
12
12
13
14
15
17
17
18
19
22
22
24
26
26
26
27
27
26
27
25
24
22
20
18
15
14
10
7
3
1
-2
-3
-4
-7
-8
-9
-9
-10
-10
-11
-11
-9
-7
-4
-1
1
3
5
6
8
11
12
14
15
15
14
14
14
13
13
11
10
6
3
3
3
2
1
-1
-4
-4
-6
-4
-3
-2
1
3
4
4
6
8
11
12
14
17
19
22
22
22
25
25
25
24
24
22
21
19
19
17
13
10
4
2
-5
-10
-13
-13
-15
-17
-20
-22
-25
-28
-29
-30
-29
-28
-24
-22
-21
-22
-22
-18
-16
-15
-13
-8
-5
-3
-1
2
3
6
4
3
4
3
5
6
8
10
6
4
3
-1
-3
-3
-1
1
0
0
0
-3
-4
-7
-9
-9
-9
-9
-8
-10
-9
-9
-11
-12
-16
-17
-17
-16
-15
-16
-15
-14
-14
-16
-18
-20
-19
-18
-17
-13
-8
-7
-7
-7
-7
-9
-9
-7
-6
-4
-3
0
2
3
1
-1
-2
-4
-3
-4
-1
2
2
4
5
2
0
-2
-3
-2
-2
3
11
15
20
15
11
9
7
5
9
12
19
25
24
23
20
16
10
8
6
9
15
18
20
18
12
7
0
-6
-8
-5
-1
4
6
5
1
-4
-9
-14
-15
-14
-8
-2
3
5
3
-2
-7
-10
-12
-10
-5
0
4
3
0
-4
-9
-13
-16
-14
-12
-11
-10
-11
-13
-16
-20
-24
-27
-26
-23
-19
-15
-14
-13
-14
-15
-15
-14
-12
-10
-6
-3
-1
2
2
2
2
1
2
2
5
7
9
9
9
8
6
5
6
8
10
13
13
14
15
16
18
20
20
22
23
24
28
29
29
27
26
24
21
19
20
19
17
12
7
3
-2
-6
-8
-11
-14
-19
-22
-26
-29
-32
-34
-35
-36
-36
-34
-33
-33
-29
-30
-27
-24
-22
-18
-13
-9
-7
-4
0
3
7
9
12
17
18
21
24
25
28
30
30
30
30
28
30
31
31
30
28
27
25
22
19
18
15
15
13
11
9
8
5
1
1
1
1
1
-2
-2
-4
-6
-7
-7
-6
-5
-4
-5
-6
-6
-7
-8
-8
-7
-7
-4
-2
-2
-3
-4
-4
-3
-1
2
5
7
8
8
6
7
9
11
13
14
16
16
15
13
11
11
10
9
7
7
5
3
-1
-3
-5
-7
-6
-7
-7
-9
-9
-9
-9
-8
-6
-3
0
0
-1
2
5
7
8
10
12
12
11
10
9
10
9
8
6
5
2
-4
-9
-15
-19
-21
-22
-22
-24
-28
-30
-33
-37
-41
-42
-38
-34
-32
-31
-29
-27
-27
-28
-24
-19
-12
-5
-1
2
4
3
3
5
8
12
16
18
20
20
18
16
16
14
15
14
16
17
15
15
15
15
15
14
13
13
13
14
15
17
19
18
19
18
17
15
13
16
18
20
19
20
22
19
15
11
12
14
16
15
12
13
12
7
2
0
-1
-1
-1
1
0
0
-1
-3
-7
-11
-10
-8
-5
-5
-5
-2
0
-1
-6
-8
-5
-1
0
-1
1
5
5
-2
-7
-10
-10
-12
-16
-17
-19
-20
-21
-26
-35
-41
-43
-45
-48
-50
-51
-49
-47
-53
-58
-59
-56
-55
-55
-51
-44
-37
-34
-35
-34
-29
-24
-22
-18
-14
-7
-2
1
1
1
3
6
9
10
12
16
20
20
20
20
23
27
27
27
31
36
40
42
44
47
49
51
52
53
56
60
63
64
64
61
61
58
55
52
51
52
50
46
38
33
30
23
15
9
7
5
1
-3
-7
-13
-18
-24
-29
-29
-31
-30
-29
-31
-33
-33
-32
-33
-33
-34
-31
-30
-28
-28
-27
-25
-25
-27
-28
-26
-26
-27
-27
-26
-25
-25
-27
-30
-31
-33
-34
-34
-35
-35
-33
-34
-33
-35
-37
-36
-36
-35
-33
-29
-23
-21
-21
-22
-20
-18
-17
-15
-10
-3
1
3
4
6
8
10
12
14
18
22
25
29
31
32
36
38
41
41
44
50
56
57
58
62
66
67
67
69
72
74
76
76
77
79
78
76
73
71
67
66
65
61
57
54
53
48
39
32
29
26
20
13
8
6
3
-5
-11
-17
-20
-25
-29
-33
-35
-38
-41
-43
-49
-53
-57
-58
-60
-65
-67
-66
-65
-67
-73
-76
-76
-77
-79
-82
-81
-78
-78
-79
-79
-79
-77
-78
-78
-74
-71
-66
-62
-57
-53
-51
-47
-41
-37
-34
-29
-21
-12
-7
-4
1
10
16
19
23
29
38
42
47
53
58
62
63
68
70
73
76
80
82
84
85
88
91
89
87
90
91
92
91
91
92
92
92
88
90
91
90
90
89
89
87
89
88
87
85
83
85
82
80
77
76
75
72
69
67
68
64
57
54
50
44
37
34
33
29
24
17
13
7
-3
-10
-14
-19
-26
-30
-33
-38
-47
-59
-66
-71
-80
-91
-95
-97
-104
-113
-123
-129
-138
-150
-160
-165
-167
-173
-178
-180
-184
-189
-196
-198
-198
-198
-198
-194
-183
-179
-176
-172
-165
-159
-156
-148
-137
-121
-108
-98
-84
-75
-65
-55
-46
-33
-20
-5
9
24
38
46
54
62
71
78
87
100
112
124
130
139
148
154
157
158
162
172
183
188
191
197
200
198
196
193
194
197
197
195
194
192
186
179
167
158
151
146
141
132
121
113
112
102
85
74
64
53
43
30
23
22
14
3
-14
-29
-25
-24
-40
-58
-67
-63
-59
-73
-90
-94
-94
-97
-116
-137
-139
-137
-145
-165
-190
-195
-198
-206
-215
-238
-252
-256
-262
-262
-271
-277
-260
-255
-264
-273
-273
-265
-262
-278
-291
-269
-249
-263
-266
-250
-236
-223
-222
-223
-211
-205
-195
-169
-167
-183
-185
-162
-132
-139
-148
-119
-102
-87
-108
-118
85
195
-19
-126
-18
178
276
41
-115
54
171
183
118
2
33
132
178
130
23
49
153
203
177
54
59
231
264
182
122
123
276
372
259
224
324
399
423
368
346
429
472
456
449
450
471
485
490
485
445
424
435
437
420
372
333
358
377
319
237
222
252
239
168
107
108
128
87
9
-21
-21
-65
-118
-148
-177
-198
-239
-277
-271
-306
-374
-385
-396
-425
-449
-480
-491
-479
-496
-530
-549
-538
-532
-555
-574
-570
-543
-534
-562
-555
-529
-534
-524
-527
-548
-509
-478
-488
-474
-478
-481
-457
-468
-480
-467
-461
-451
-454
-464
-442
-413
-410
-436
-445
-403
-364
-341
-332
-338
-316
-281
-262
-245
-240
-218
-176
-153
-122
-77
-38
-9
18
71
147
219
275
333
420
503
561
622
680
762
870
932
976
1054
1135
1208
1246
1257
1303
1350
1363
1371
1384
1390
1384
1347
1284
1232
1188
1127
1042
950
881
815
737
650
555
466
370
286
227
161
93
36
-19
-59
-115
-186
-218
-229
-260
-307
-349
-354
-346
-364
-406
-441
-454
-463
-478
-499
-520
-532
-549
-583
-612
-632
-658
-689
-719
-739
-751
-770
-791
-799
-812
-838
-856
-837
-806
-827
-834
-776
-747
-768
-761
-724
-674
-638
-641
-628
-576
-528
-486
-475
-486
-440
-358
-343
-349
-306
-265
-224
-206
-232
-236
-196
-159
-163
-171
-158
-176
-171
-113
-153
-216
-193
-188
-173
-178
-228
-216
-219
-267
-247
-203
-141
-14
57
89
178
288
364
393
418
493
665
829
881
926
1060
1205
1266
1248
1231
1300
1396
1439
1425
1416
1437
1411
1313
1172
1085
1048
937
833
771
685
629
562
438
315
178
252
434
243
9
-3
-27
14
-7
-243
-413
-424
-292
-141
-293
-477
-369
-228
-217
-293
-375
-338
-192
-131
-163
-125
-61
-4
39
-49
-106
42
125
93
84
23
38
104
18
-81
-134
-210
-209
-216
-324
-369
-369
-442
-552
-637
-654
-620
-614
-688
-759
-754
-706
-658
-674
-727
-745
-706
-615
-537
-556
-577
-502
-455
-476
-490
-464
-399
-333
-338
-377
-375
-361
-348
-372
-452
-479
-465
-527
-580
-570
-596
-648
-695
-755
-793
-795
-817
-901
-1006
-1057
-1038
-1044
-1124
-1177
-1164
-1153
-1166
-1151
-1098
-989
-841
-613
-159
380
671
742
829
1005
1268
1543
1779
2058
2340
2505
2606
2756
2908
2880
2586
2272
2246
2363
2335
2190
1996
1680
1264
839
514
389
295
18
-302
-456
-505
-601
-774
-959
-1056
-1094
-1095
-961
-709
-495
-410
-428
-435
-294
-69
106
260
422
533
583
667
784
836
775
659
616
614
612
629
573
411
248
111
13
-12
-17
-67
-201
-335
-353
-343
-354
-349
-363
-394
-387
-331
-265
-223
-207
-211
-229
-175
-29
100
134
70
-30
-85
-98
-85
-35
-16
-69
-140
-209
-250
-247
-276
-367
-444
-484
-489
-446
-456
-539
-629
-728
-796
-796
-776
-737
-705
-775
-858
-881
-922
-964
-964
-953
-987
-1035
-1039
-1013
-929
-911
-1061
-1178
-1147
-1088
-1042
-1009
-1001
-1010
-1068
-1069
-1003
-994
-932
-825
-846
-900
-922
-951
-940
-921
-904
-919
-1012
-1044
-897
-422
446
1208
1379
1229
1176
1419
1893
2269
2513
2778
3028
3157
3272
3491
3621
3424
2864
2399
2410
2635
2670
2434
1996
1408
847
379
110
74
-75
-478
-894
-1076
-1063
-1061
-1220
-1418
-1445
-1377
-1198
-858
-500
-287
-279
-352
-248
133
528
756
866
923
955
982
1051
1107
1075
917
708
577
529
464
271
-23
-313
-476
-571
-654
-671
-738
-908
-1054
-1064
-941
-720
-525
-423
-350
-253
-73
93
215
340
410
435
498
652
794
824
713
554
431
309
265
255
167
27
-178
-462
-671
-746
-830
-932
-1062
-1139
-1056
-982
-974
-992
-1031
-1021
-947
-846
-653
-464
-451
-469
-464
-431
-309
-236
-212
-185
-256
-395
-475
-535
-580
-578
-662
-821
-946
-1039
-1130
-1203
-1274
-1370
-1436
-1418
-1283
-1098
-1018
-1108
-1265
-1320
-1207
-1001
-826
-729
-631
-579
-614
-602
-541
-593
-724
-838
-947
-960
-532
489
1554
1952
1605
1072
997
1594
2318
2620
2722
2947
3165
3215
3273
3425
3355
2818
2190
2078
2424
2726
2601
1961
1157
564
156
-129
-106
-17
-338
-927
-1307
-1283
-1138
-1217
-1449
-1526
-1384
-1103
-746
-440
-227
-159
-283
-285
139
727
1042
1058
970
923
963
1039
1108
1140
1036
773
534
413
370
250
-55
-388
-565
-614
-658
-740
-902
-1091
-1265
-1359
-1222
-919
-681
-609
-610
-562
-418
-220
-65
65
182
301
427
527
673
779
692
491
415
459
501
518
428
268
96
-65
-187
-275
-331
-395
-504
-610
-592
-518
-552
-643
-703
-696
-617
-462
-305
-241
-238
-262
-251
-194
-116
-66
-107
-192
-249
-302
-412
-524
-573
-595
-648
-755
-870
-994
-1154
-1297
-1405
-1422
-1328
-1265
-1304
-1358
-1329
-1296
-1325
-1345
-1309
-1195
-1064
-940
-829
-765
-711
-687
-700
-714
-648
-619
-726
-940
-1322
-1332
-551
696
1617
1543
919
567
885
1632
2250
2445
2532
2823
2941
2995
3239
3405
3185
2497
2123
2500
3022
3053
2550
1809
1055
639
415
333
491
379
-166
-778
-999
-900
-916
-1181
-1403
-1275
-1091
-854
-547
-433
-424
-519
-557
-282
277
709
757
640
540
591
682
746
852
829
617
365
240
201
124
-71
-374
-517
-516
-539
-607
-755
-932
-1077
-1144
-1030
-738
-474
-388
-410
-379
-261
-84
84
234
383
522
655
756
838
876
858
761
669
741
802
735
602
430
278
124
-8
-103
-176
-292
-436
-540
-616
-635
-681
-774
-830
-787
-688
-619
-572
-555
-574
-581
-547
-464
-393
-409
-474
-531
-571
-599
-649
-699
-715
-727
-779
-844
-894
-985
-1104
-1242
-1338
-1345
-1293
-1220
-1199
-1212
-1285
-1352
-1409
-1389
-1214
-1095
-1060
-1017
-922
-888
-883
-878
-924
-881
-854
-825
-798
-850
-1055
-1307
-863
401
1576
1623
917
562
895
1721
2254
2368
2471
2776
3012
3008
3218
3449
3317
2667
2239
2701
3260
3244
2623
1893
1349
1050
895
695
667
416
-148
-671
-845
-701
-871
-1319
-1643
-1506
-1214
-1074
-975
-1043
-1125
-1157
-1017
-613
-151
103
22
-42
100
408
658
706
742
750
745
785
878
882
714
474
310
374
494
480
286
5
-224
-312
-279
-230
-175
-204
-302
-358
-310
-199
-149
-149
-160
-96
28
137
222
191
143
139
192
280
348
377
288
174
101
117
155
111
38
-77
-194
-258
-287
-321
-390
-452
-535
-602
-623
-615
-625
-689
-691
-668
-654
-596
-560
-603
-664
-707
-732
-722
-704
-698
-720
-753
-777
-792
-805
-821
-828
-881
-962
-996
-972
-946
-995
-1022
-1024
-976
-940
-998
-1026
-1021
-958
-896
-820
-774
-777
-722
-726
-723
-692
-693
-702
-714
-703
-782
-863
-1012
-1023
-409
537
1054
732
198
159
678
1233
1394
1500
1747
2049
2180
2222
2445
2633
2464
2093
2226
2813
3114
2878
2378
2052
1900
1787
1710
1730
1701
1340
865
589
564
451
73
-287
-406
-342
-390
-527
-661
-854
-1104
-1269
-1146
-852
-702
-843
-1032
-1012
-884
-784
-741
-647
-518
-457
-383
-227
-64
-63
-160
-172
15
302
475
517
469
394
327
349
496
671
726
617
530
532
518
452
352
294
281
273
258
232
100
-147
-330
-388
-344
-301
-367
-514
-662
-762
-811
-785
-723
-718
-755
-790
-755
-645
-565
-555
-531
-439
-326
-199
-73
25
77
85
95
165
274
326
271
178
107
75
62
-2
-66
-138
-271
-404
-496
-551
-594
-722
-865
-888
-885
-960
-1052
-1069
-1012
-1028
-1150
-1165
-1099
-1082
-1037
-941
-827
-753
-757
-727
-634
-540
-481
-434
-382
-340
-282
-240
-219
-255
-328
-384
-425
-449
-505
-447
-143
237
366
147
-75
-41
216
446
523
600
711
841
957
1121
1302
1350
1241
1159
1391
1783
2000
1991
1902
1857
1826
1820
1859
1943
1945
1762
1604
1577
1591
1470
1190
971
905
878
783
698
587
355
91
-78
-76
-49
-158
-351
-542
-677
-786
-860
-885
-910
-1001
-1132
-1153
-1094
-1073
-1131
-1183
-1122
-1021
-924
-819
-707
-637
-624
-574
-431
-239
-115
-30
101
223
295
335
412
505
518
445
400
453
512
469
350
263
224
123
-28
-124
-161
-231
-362
-482
-549
-624
-736
-830
-862
-829
-790
-783
-756
-666
-589
-532
-437
-327
-238
-158
-63
48
128
168
241
345
415
431
430
417
381
328
286
295
319
278
177
85
17
-72
-162
-222
-274
-344
-436
-492
-522
-553
-619
-717
-756
-751
-739
-745
-738
-725
-735
-751
-751
-687
-639
-660
-669
-629
-553
-514
-514
-510
-504
-522
-554
-522
-477
-466
-446
-380
-270
-247
-315
-334
-262
-136
-43
2
55
158
282
385
511
635
744
821
878
1036
1220
1340
1394
1434
1485
1529
1589
1611
1596
1541
1483
1511
1556
1578
1521
1419
1347
1283
1260
1244
1233
1153
996
850
761
738
664
545
394
236
116
-10
-116
-234
-360
-481
-606
-681
-741
-801
-888
-963
-1001
-1008
-972
-958
-944
-939
-932
-885
-819
-746
-687
-642
-626
-611
-582
-531
-450
-399
-387
-403
-419
-414
-412
-420
-433
-425
-434
-470
-513
-552
-574
-581
-549
-494
-450
-434
-417
-368
-315
-267
-211
-137
-60
1
77
171
256
301
333
382
434
476
509
520
494
503
520
527
551
534
477
424
375
323
298
266
215
176
117
84
86
45
-23
-91
-164
-221
-246
-276
-292
-317
-404
-489
-536
-573
-630
-689
-757
-798
-817
-833
-840
-880
-951
-1021
-1054
-1040
-994
-963
-980
-1004
-1024
-996
-899
-773
-671
-659
-652
-593
-468
-318
-223
-160
-76
63
194
309
412
504
588
626
715
845
946
1018
1047
1050
1056
1093
1146
1197
1243
1267
1294
1325
1355
1372
1376
1403
1428
1426
1418
1423
1401
1352
1324
1286
1245
1205
1130
1048
952
838
730
610
493
400
293
178
103
-6
-179
-308
-375
-417
-464
-536
-622
-703
-744
-759
-768
-782
-829
-885
-914
-869
-777
-715
-722
-782
-826
-844
-820
-760
-731
-733
-744
-755
-766
-756
-756
-771
-741
-716
-684
-636
-619
-600
-575
-544
-502
-440
-379
-317
-249
-200
-147
-96
-35
35
88
145
182
220
251
278
311
334
362
385
412
409
395
402
416
414
376
341
328
347
362
343
304
248
199
148
111
99
87
39
-44
-103
-155
-210
-288
-374
-450
-504
-535
-584
-623
-681
-765
-843
-889
-884
-885
-897
-906
-899
-876
-832
-782
-787
-788
-782
-765
-722
-680
-640
-613
-569
-511
-430
-327
-234
-168
-131
-54
50
141
220
288
363
431
507
573
657
771
869
938
1000
1090
1172
1223
1269
1329
1390
1437
1482
1526
1565
1601
1616
1620
1624
1615
1577
1519
1459
1400
1321
1220
1109
990
878
772
678
587
481
362
245
145
54
-26
-103
-198
-302
-383
-432
-483
-538
-584
-618
-623
-613
-626
-658
-700
-749
-806
-844
-837
-819
-835
-892
-930
-953
-1001
-1045
-1068
-1071
-1063
-1052
-1060
-1064
-1037
-1017
-998
-979
-943
-871
-799
-726
-659
-603
-564
-508
-408
-313
-223
-157
-107
-71
-29
37
95
148
180
213
245
264
294
316
332
333
324
329
365
417
437
419
392
374
362
362
374
371
345
311
289
286
271
216
121
23
-32
-64
-107
-157
-221
-303
-381
-439
-488
-535
-597
-659
-694
-727
-760
-783
-796
-811
-821
-817
-795
-756
-730
-704
-683
-665
-626
-557
-465
-371
-287
-228
-168
-86
-5
79
158
237
309
374
443
519
598
647
701
761
841
929
977
1010
1037
1075
1122
1181
1250
1312
1378
1400
1400
1403
1410
1419
1391
1350
1294
1246
1193
1132
1070
970
867
772
699
646
590
523
433
347
258
171
85
15
-29
-83
-136
-199
-279
-351
-392
-407
-427
-470
-534
-603
-672
-735
-779
-820
-877
-944
-1012
-1072
-1102
-1132
-1170
-1203
-1227
-1241
-1235
-1211
-1200
-1188
-1185
-1160
-1099
-1026
-951
-883
-805
-747
-697
-625
-533
-417
-317
-232
-164
-119
-82
-44
8
47
95
141
179
231
263
269
247
227
226
257
296
298
292
287
298
315
311
305
312
330
339
337
336
344
345
305
254
217
191
176
155
131
103
74
35
-6
-48
-90
-133
-195
-229
-231
-241
-273
-328
-393
-454
-478
-475
-471
-493
-528
-542
-568
-586
-589
-584
-565
-537
-489
-439
-367
-298
-248
-206
-158
-88
-28
48
144
233
294
327
386
465
543
596
636
694
754
814
864
919
963
980
984
986
1030
1083
1097
1070
1035
1013
977
932
883
843
796
743
704
661
617
568
512
447
397
359
313
271
233
210
180
143
113
82
54
29
2
-44
-92
-138
-196
-245
-290
-327
-365
-425
-501
-591
-668
-723
-763
-808
-863
-921
-980
-1018
-1042
-1060
-1074
-1090
-1091
-1084
-1080
-1067
-1039
-1002
-958
-903
-829
-736
-643
-582
-536
-504
-460
-387
-315
-251
-180
-114
-62
-26
10
58
102
112
123
155
196
245
270
275
273
270
273
281
284
292
309
317
340
386
415
410
391
382
384
374
365
362
352
344
332
322
312
291
249
198
159
149
146
99
39
-9
-77
-121
-139
-175
-238
-310
-361
-403
-435
-468
-494
-525
-560
-554
-545
-531
-496
-481
-479
-472
-438
-393
-366
-326
-285
-275
-261
-216
-155
-84
-11
56
132
178
209
255
278
315
376
415
445
497
545
576
610
616
615
635
650
676
702
696
693
677
663
685
690
682
684
684
668
640
622
620
607
580
573
558
532
517
478
421
389
336
280
268
233
186
128
70
-5
-86
-112
-178
-262
-306
-364
-471
-539
-559
-661
-699
-729
-798
-810
-871
-912
-892
-870
-917
-934
-969
-449
484
71
-791
-584
-117
-47
-514
-1018
-792
-396
-585
-620
-346
-317
-255
-314
-390
-259
-360
-528
-478
-382
-365
-335
-289
-271
-254
-254
-134
-39
-89
-46
36
133
201
126
153
257
250
255
301
322
389
409
162
232
494
392
377
302
227
367
300
216
335
224
-35
25
212
279
-42
-318
19
199
-34
-272
-346
-50
-19
-386
-342
-154
-99
-114
-335
-420
-106
-116
-412
-332
-255
-249
-209
-273
-259
-191
-210
-211
-183
-227
-123
-47
-208
-136
-16
-50
-44
6
35
123
272
199
170
363
306
287
437
441
471
458
538
688
570
557
651
426
584
911
529
541
709
496
839
663
276
740
790
283
560
667
39
705
545
-3
743
158
15
876
155
-245
498
171
74
314
-398
-8
339
-454
-251
111
-174
-392
-516
-352
-85
-609
-900
-595
-514
-293
-453
-971
-873
-618
-490
-471
-1026
-793
-398
-976
-804
-496
-854
-699
-540
-725
-586
-342
-714
-751
-428
-710
-442
-159
-610
-449
-267
-549
-279
-378
-375
260
-522
-662
501
-116
-407
156
-95
265
85
-185
688
413
-241
386
425
404
553
180
336
578
298
367
516
340
457
381
283
307
396
476
62
3
520
414
190
96
-64
259
310
-319
-21
505
98
-161
-101
-66
290
217
-433
-134
270
-99
-210
-266
-154
15
-482
-477
-93
-149
-409
-404
-389
-369
-254
-402
-290
-172
-338
-269
-134
-100
-89
39
31
66
228
289
371
384
424
498
597
572
644
812
588
676
686
642
861
771
743
628
711
752
647
778
661
374
585
654
427
551
430
444
518
147
306
531
246
87
197
11
57
217
-116
-113
-179
-362
-61
-248
-380
-392
-567
-390
-465
-668
-457
-419
-1062
-864
-393
-791
-825
-681
-713
-645
-920
-1080
-382
-530
-1231
-664
-628
-644
-606
-1095
-708
-622
-929
-467
-696
-1071
-612
-579
-674
-577
-901
-649
-122
-583
-782
-303
-525
-321
-160
-700
40
210
-540
-74
306
-154
191
210
-196
357
259
36
497
325
42
407
335
285
513
128
160
343
231
473
418
122
324
291
242
408
192
322
432
99
211
498
344
227
190
54
274
419
60
91
268
39
-3
105
9
191
274
9
101
219
226
306
186
172
338
383
382
429
471
503
544
481
553
669
640
574
513
570
703
655
521
482
511
518
477
513
470
384
314
258
281
286
302
307
178
173
309
293
256
286
188
221
466
365
307
376
290
304
369
233
260
256
156
224
61
-4
79
-126
-319
-169
-264
-458
-449
-642
-631
-676
-854
-782
-968
-1036
-981
-1106
-1187
-994
-1044
-1217
-1099
-1155
-1058
-920
-1150
-1241
-980
-868
-939
-844
-962
-991
-775
-881
-810
-663
-726
-714
-699
-778
-686
-588
-789
-688
-556
-653
-584
-730
-802
-523
-577
-614
-407
-449
-534
-516
-496
-360
-256
-403
-420
-288
-197
-123
-151
-206
-147
46
129
147
248
383
601
699
739
1045
1295
1414
1491
1593
1835
2101
2202
2204
2285
2385
2512
2595
2436
2500
2595
2336
2163
2071
1898
1754
1512
1199
999
784
503
247
-24
-231
-399
-642
-868
-989
-1092
-1242
-1298
-1305
-1245
-1178
-1222
-1147
-1008
-908
-714
-572
-378
-129
76
259
369
483
676
867
994
1095
1080
1064
1057
1006
979
953
839
650
554
480
338
209
57
-89
-200
-306
-399
-491
-610
-672
-721
-815
-788
-757
-776
-762
-728
-715
-681
-626
-588
-532
-502
-443
-417
-401
-354
-347
-375
-375
-368
-393
-467
-532
-544
-607
-705
-821
-939
-1014
-1056
-1039
-1106
-1208
-1311
-1499
-1642
-1581
-1454
-1467
-1532
-1542
-1513
-1503
-1420
-1331
-1288
-1243
-1155
-971
-923
-899
-791
-721
-668
-599
-535
-473
-331
-178
-127
-183
-283
-369
-527
-607
-498
-330
-283
-255
84
579
915
880
731
882
1289
1785
2060
2212
2554
2841
2905
2882
2991
3257
3384
3265
3178
3249
3295
3105
2723
2416
2210
2017
1714
1316
990
752
439
-32
-391
-545
-703
-971
-1176
-1212
-1200
-1210
-1326
-1376
-1222
-1004
-807
-707
-611
-380
-156
-72
85
344
579
690
707
759
888
973
998
965
936
919
875
750
564
442
255
35
-117
-197
-250
-385
-559
-683
-769
-862
-893
-882
-856
-800
-729
-687
-697
-668
-610
-571
-532
-390
-253
-227
-240
-252
-217
-189
-232
-279
-260
-308
-361
-357
-474
-594
-675
-840
-945
-1003
-1063
-1130
-1226
-1291
-1340
-1409
-1493
-1557
-1625
-1633
-1465
-1252
-1196
-1246
-1347
-1391
-1318
-1215
-1033
-810
-640
-568
-592
-698
-718
-569
-365
-296
-328
-307
-274
-271
-314
-303
-270
-215
-276
-436
-446
-385
-382
-514
-774
-979
-968
-458
467
1322
1534
1201
909
953
1382
1900
2357
2761
3135
3301
3160
3005
3069
3188
3093
2863
2775
2790
2680
2377
1978
1558
1024
616
338
167
251
319
74
-416
-801
-925
-853
-723
-462
-199
-55
-34
-72
0
206
469
610
682
776
891
939
889
831
719
515
359
267
188
118
8
-269
-575
-733
-808
-697
-482
-325
-342
-463
-553
-527
-360
-126
103
276
414
509
534
559
617
618
533
442
416
402
309
135
-103
-403
-689
-919
-1061
-1079
-1080
-1170
-1322
-1511
-1620
-1615
-1562
-1506
-1346
-1207
-1133
-1037
-950
-862
-797
-781
-836
-849
-812
-737
-701
-730
-766
-858
-1046
-1260
-1384
-1351
-1222
-1167
-1266
-1447
-1618
-1662
-1560
-1380
-1122
-925
-856
-856
-892
-825
-571
-272
-79
63
120
105
130
152
179
150
84
57
21
-9
-26
-165
-459
-801
-1018
-754
176
1356
1988
1883
1504
1321
1498
1923
2442
2962
3373
3559
3446
3138
3007
3083
2902
2432
2072
2015
2122
2064
1752
1283
663
21
-389
-534
-358
29
141
-195
-581
-735
-652
-453
-184
164
472
641
681
667
750
862
836
707
624
700
812
744
559
284
-30
-287
-509
-627
-563
-465
-590
-840
-1031
-1038
-917
-754
-591
-439
-228
-97
32
288
567
732
688
578
589
669
755
797
724
534
291
28
-171
-252
-258
-315
-464
-631
-775
-844
-820
-802
-846
-869
-833
-732
-592
-462
-375
-375
-472
-485
-410
-290
-161
-169
-320
-493
-643
-803
-913
-1008
-1167
-1335
-1527
-1704
-1796
-1844
-1851
-1904
-2031
-2116
-2057
-1870
-1635
-1505
-1502
-1490
-1300
-995
-740
-595
-506
-421
-432
-398
-207
5
66
-18
-164
-264
-236
-147
-35
-32
-57
-106
-244
-353
-420
-361
-308
-399
-422
99
1176
2199
2618
2423
2094
2079
2387
2781
3134
3439
3682
3572
3104
2692
2604
2590
2251
1726
1369
1286
1313
1263
1065
683
220
-178
-424
-356
23
433
508
282
82
48
154
323
565
780
926
930
835
721
596
504
289
-7
-249
-354
-364
-446
-631
-841
-1052
-1301
-1447
-1427
-1269
-1074
-1011
-996
-911
-787
-579
-316
-78
171
435
707
935
984
991
1021
964
907
933
993
986
929
777
499
218
43
-44
-91
-110
-91
-101
-187
-265
-370
-435
-431
-397
-302
-204
-126
-96
-116
-234
-340
-360
-358
-381
-415
-474
-583
-729
-944
-1186
-1394
-1548
-1683
-1802
-1856
-1874
-1916
-1991
-2066
-2092
-2094
-2147
-2171
-2015
-1792
-1551
-1373
-1331
-1279
-1143
-1011
-871
-736
-659
-582
-517
-462
-424
-391
-356
-361
-305
-217
-143
-76
-59
-46
-69
-58
4
-15
-46
7
121
182
179
488
1322
2286
2803
2754
2482
2368
2541
2822
3036
3135
3220
3219
2985
2655
2450
2329
2049
1598
1178
1004
1060
1165
1156
901
456
46
-180
-181
71
398
540
505
371
254
279
385
482
570
580
526
482
410
269
81
-142
-416
-635
-742
-764
-750
-830
-988
-1160
-1276
-1303
-1244
-1078
-891
-740
-624
-515
-319
-69
176
458
730
888
946
976
1040
1095
1148
1173
1094
980
903
838
739
599
420
286
161
88
67
34
34
-9
-67
-147
-230
-223
-185
-166
-165
-165
-165
-150
-177
-265
-355
-453
-559
-637
-663
-726
-852
-1065
-1290
-1482
-1637
-1717
-1746
-1721
-1733
-1810
-1895
-1976
-2083
-2130
-2126
-2093
-1931
-1779
-1668
-1491
-1331
-1200
-1126
-1127
-1118
-1032
-866
-659
-482
-402
-387
-490
-650
-700
-632
-424
-152
-4
-34
-88
-73
-21
63
76
63
141
205
252
282
294
560
1235
2086
2665
2737
2513
2343
2410
2672
2876
2934
2965
2946
2869
2695
2410
2188
1996
1701
1343
1113
1078
1223
1339
1151
748
354
132
157
344
547
671
694
606
470
399
421
516
615
617
512
383
261
177
54
-176
-457
-691
-815
-839
-846
-876
-901
-1016
-1164
-1239
-1228
-1075
-837
-625
-505
-397
-267
-81
161
412
682
817
850
883
888
896
930
928
857
750
685
632
544
443
295
135
-35
-150
-183
-151
-48
0
-37
-168
-291
-303
-234
-157
-57
0
-14
-51
-152
-240
-294
-362
-446
-539
-617
-659
-758
-936
-1168
-1406
-1639
-1798
-1863
-1862
-1799
-1787
-1833
-1915
-1982
-2010
-1981
-1946
-1928
-1845
-1766
-1574
-1261
-1028
-939
-977
-1084
-1100
-946
-709
-462
-331
-333
-434
-533
-584
-578
-517
-419
-348
-347
-331
-254
-120
15
52
-62
-145
-135
-39
131
340
722
1370
2123
2617
2661
2419
2309
2474
2824
3120
3199
3145
3054
2995
2855
2592
2268
1984
1749
1558
1431
1360
1359
1310
1089
718
362
189
286
524
717
778
697
576
499
481
503
562
641
692
628
491
315
115
-76
-271
-450
-641
-742
-755
-801
-910
-1091
-1295
-1397
-1382
-1248
-1049
-901
-790
-690
-591
-434
-226
36
380
712
889
871
766
683
721
839
916
894
803
729
705
650
491
318
164
50
22
76
126
171
187
82
-83
-232
-249
-147
10
137
152
36
-131
-261
-360
-411
-472
-486
-526
-608
-705
-906
-1163
-1371
-1522
-1676
-1781
-1841
-1819
-1818
-1874
-1948
-2043
-2089
-2045
-1904
-1761
-1621
-1520
-1432
-1345
-1226
-1088
-966
-915
-909
-908
-951
-927
-845
-734
-652
-622
-656
-680
-621
-508
-359
-276
-224
-195
-212
-155
0
120
141
127
118
163
269
493
950
1660
2374
2756
2650
2306
2165
2388
2843
3201
3267
3097
2885
2745
2646
2455
2186
1939
1760
1706
1676
1554
1398
1256
1037
742
473
354
446
663
840
824
585
309
201
290
467
604
614
505
359
204
38
-166
-376
-516
-590
-625
-699
-857
-1008
-1118
-1212
-1287
-1312
-1265
-1088
-850
-668
-582
-580
-535
-350
-62
268
617
845
900
875
831
791
838
929
995
994
920
810
686
566
430
282
140
49
21
84
120
83
-11
-157
-241
-231
-182
-91
8
43
30
-36
-152
-252
-309
-348
-357
-397
-503
-656
-808
-963
-1117
-1249
-1381
-1501
-1604
-1710
-1829
-1933
-1994
-1999
-1959
-1899
-1863
-1860
-1862
-1820
-1723
-1580
-1453
-1350
-1227
-1074
-944
-884
-897
-930
-920
-814
-666
-541
-479
-482
-498
-454
-312
-138
9
66
74
69
100
169
278
386
409
386
337
336
364
463
693
1118
1665
2118
2266
2098
1885
1853
2076
2415
2661
2718
2631
2510
2422
2314
2160
1953
1789
1739
1748
1744
1645
1451
1236
1023
794
642
580
557
612
676
627
430
208
118
166
276
343
310
189
38
-112
-225
-305
-345
-392
-444
-480
-552
-676
-827
-900
-886
-827
-776
-730
-684
-653
-615
-532
-406
-230
8
239
408
489
480
423
416
457
541
639
703
738
733
671
552
410
319
302
335
368
346
294
228
152
95
63
26
-11
-7
41
68
53
-8
-130
-279
-381
-444
-510
-546
-588
-677
-794
-896
-1042
-1246
-1429
-1556
-1581
-1547
-1518
-1509
-1560
-1690
-1808
-1840
-1827
-1762
-1665
-1586
-1489
-1384
-1330
-1321
-1284
-1183
-1034
-900
-803
-735
-670
-612
-553
-496
-513
-545
-474
-330
-206
-138
-175
-235
-215
-123
39
201
234
194
173
177
221
226
214
201
217
385
764
1310
1842
2090
1987
1745
1626
1815
2260
2684
2854
2734
2466
2242
2174
2171
2141
2071
1951
1851
1752
1570
1348
1146
966
839
742
652
582
544
550
556
474
326
220
184
273
425
517
484
322
111
-38
-110
-109
-64
-66
-137
-288
-500
-711
-846
-888
-855
-814
-819
-841
-849
-830
-767
-668
-540
-349
-115
119
323
414
357
295
327
470
664
812
898
905
804
677
585
522
507
529
534
498
413
269
83
-77
-139
-118
-75
-65
-100
-177
-270
-356
-414
-441
-444
-417
-386
-424
-541
-689
-823
-900
-927
-929
-950
-1008
-1092
-1196
-1319
-1443
-1570
-1650
-1637
-1578
-1523
-1511
-1555
-1595
-1596
-1552
-1459
-1368
-1293
-1203
-1104
-1027
-965
-918
-878
-822
-705
-601
-556
-507
-481
-423
-316
-256
-224
-183
-160
-129
-71
-35
16
62
51
22
-10
-26
31
134
182
257
509
991
1547
1912
1901
1642
1461
1603
2064
2552
2785
2687
2398
2150
2084
2133
2158
2113
2031
1940
1815
1634
1416
1203
1056
1017
1029
983
840
670
573
571
585
543
464
417
457
558
608
531
341
132
-3
-25
11
13
-60
-221
-430
-632
-793
-892
-913
-879
-816
-778
-807
-898
-971
-946
-806
-600
-382
-176
-21
106
208
254
271
304
379
533
699
797
811
721
579
486
463
480
502
489
438
352
203
37
-51
-75
-66
-15
3
-61
-163
-261
-321
-320
-284
-249
-249
-302
-367
-433
-512
-587
-666
-748
-819
-857
-881
-926
-977
-1047
-1175
-1333
-1464
-1544
-1535
-1467
-1407
-1375
-1411
-1496
-1550
-1544
-1456
-1314
-1175
-1031
-906
-869
-889
-912
-883
-755
-566
-393
-322
-394
-481
-467
-364
-215
-57
52
89
65
39
58
98
152
198
200
169
136
130
158
216
256
285
370
618
1040
1456
1670
1623
1422
1274
1358
1614
1889
2072
2093
1994
1867
1753
1687
1651
1619
1639
1664
1599
1465
1264
1049
940
904
895
890
830
748
692
650
647
622
544
505
529
578
624
617
516
365
244
197
184
152
72
-50
-182
-301
-396
-459
-527
-580
-576
-562
-560
-569
-598
-590
-508
-388
-256
-161
-123
-107
-89
-49
32
154
271
345
383
395
383
370
368
393
435
417
325
189
34
-72
-106
-83
-68
-111
-207
-321
-431
-498
-513
-507
-483
-467
-486
-539
-621
-695
-736
-748
-726
-686
-655
-648
-680
-729
-787
-847
-878
-884
-869
-843
-829
-831
-864
-927
-973
-984
-945
-877
-838
-840
-842
-804
-721
-639
-573
-520
-490
-448
-386
-309
-233
-203
-196
-165
-130
-99
-88
-124
-147
-145
-127
-106
-103
-118
-137
-174
-206
-207
-203
-197
-183
-166
-171
-180
-131
16
302
668
940
1028
978
902
924
1071
1295
1499
1594
1604
1586
1554
1490
1432
1417
1428
1458
1486
1448
1321
1165
1016
940
973
1040
1083
1075
1006
934
850
780
779
812
854
918
946
895
804
686
585
508
459
453
427
333
194
33
-130
-243
-299
-331
-350
-357
-377
-435
-542
-648
-695
-677
-593
-484
-384
-297
-249
-279
-336
-348
-287
-168
-31
99
164
133
68
23
-14
-17
16
39
48
26
-28
-90
-167
-231
-241
-221
-186
-167
-215
-302
-368
-408
-419
-391
-352
-337
-347
-371
-387
-394
-395
-375
-364
-373
-364
-351
-372
-413
-438
-438
-427
-416
-408
-427
-492
-567
-605
-587
-534
-509
-534
-551
-548
-543
-539
-553
-571
-587
-597
-570
-538
-537
-533
-519
-512
-520
-525
-524
-532
-533
-505
-472
-450
-417
-388
-373
-364
-359
-352
-341
-334
-305
-250
-207
-180
-175
-189
-144
0
168
296
378
428
468
526
591
639
680
748
877
1046
1215
1351
1404
1379
1367
1438
1549
1645
1721
1770
1790
1798
1799
1770
1711
1648
1604
1583
1562
1523
1451
1337
1216
1100
989
907
844
753
646
553
467
371
275
196
128
70
34
15
-7
-54
-117
-184
-256
-306
-328
-369
-423
-471
-523
-556
-556
-538
-518
-517
-528
-543
-558
-550
-522
-515
-505
-463
-416
-392
-383
-372
-366
-352
-311
-259
-237
-261
-285
-273
-249
-218
-214
-267
-342
-395
-414
-385
-334
-311
-315
-345
-374
-385
-380
-355
-323
-301
-292
-299
-308
-310
-289
-234
-204
-225
-246
-263
-271
-267
-290
-332
-358
-366
-353
-344
-383
-440
-507
-568
-569
-522
-472
-433
-420
-456
-503
-524
-517
-494
-470
-466
-471
-464
-449
-422
-412
-416
-386
-355
-346
-339
-343
-348
-344
-350
-365
-389
-410
-402
-378
-354
-337
-315
-236
-91
57
165
231
298
389
495
615
729
814
890
1005
1173
1343
1459
1517
1524
1540
1601
1672
1731
1760
1755
1748
1746
1730
1689
1599
1492
1420
1382
1367
1345
1286
1194
1093
1010
956
912
861
802
748
724
722
704
645
550
446
355
276
206
132
47
-43
-134
-224
-323
-438
-552
-626
-645
-616
-573
-558
-603
-689
-762
-791
-764
-701
-641
-599
-565
-528
-484
-451
-423
-397
-387
-369
-342
-327
-330
-358
-391
-403
-404
-403
-402
-421
-446
-454
-457
-458
-459
-457
-461
-461
-447
-429
-416
-408
-387
-339
-279
-225
-188
-175
-175
-165
-154
-147
-133
-128
-142
-163
-182
-206
-250
-310
-353
-380
-405
-420
-423
-428
-426
-426
-435
-460
-489
-497
-490
-486
-481
-473
-467
-445
-404
-362
-337
-333
-343
-358
-362
-340
-299
-271
-269
-285
-325
-369
-393
-399
-401
-390
-370
-349
-337
-316
-250
-146
-30
75
152
222
317
434
537
604
669
786
943
1111
1253
1329
1367
1418
1498
1598
1689
1730
1718
1686
1672
1686
1689
1657
1606
1551
1502
1475
1447
1378
1287
1212
1162
1144
1145
1132
1078
986
896
834
794
760
703
611
500
385
260
129
13
-70
-137
-204
-270
-344
-433
-523
-608
-688
-730
-726
-703
-691
-695
-706
-725
-735
-716
-664
-596
-533
-476
-437
-419
-422
-435
-444
-451
-465
-477
-465
-436
-420
-434
-462
-479
-488
-498
-500
-498
-491
-478
-475
-478
-479
-476
-459
-423
-369
-306
-255
-223
-193
-161
-118
-79
-62
-64
-84
-105
-123
-148
-177
-205
-237
-269
-302
-341
-377
-404
-416
-424
-429
-438
-458
-494
-536
-558
-547
-502
-457
-427
-417
-403
-392
-391
-381
-358
-328
-299
-280
-264
-253
-261
-267
-285
-317
-341
-363
-380
-380
-378
-375
-365
-362
-359
-346
-305
-209
-75
54
155
234
308
408
526
647
759
870
990
1131
1282
1417
1500
1518
1517
1549
1607
1659
1674
1638
1573
1516
1484
1469
1440
1376
1293
1216
1178
1176
1169
1133
1082
1045
1032
1033
1022
977
901
829
780
742
697
623
517
403
307
231
156
69
-29
-136
-253
-367
-473
-575
-665
-734
-790
-831
-841
-822
-786
-757
-746
-737
-719
-677
-606
-535
-474
-429
-408
-391
-357
-312
-274
-252
-249
-248
-241
-221
-186
-167
-176
-197
-219
-235
-247
-264
-283
-295
-296
-285
-276
-266
-254
-246
-243
-245
-243
-230
-204
-180
-169
-178
-208
-243
-276
-300
-312
-321
-336
-344
-345
-349
-365
-397
-441
-481
-507
-513
-508
-509
-513
-513
-506
-489
-471
-450
-439
-432
-415
-381
-352
-333
-326
-335
-342
-344
-339
-322
-304
-291
-282
-290
-303
-310
-315
-311
-291
-262
-237
-222
-211
-189
-154
-116
-81
-46
22
143
292
413
491
539
592
680
780
857
897
930
989
1076
1156
1207
1227
1239
1276
1330
1370
1373
1352
1331
1329
1356
1392
1399
1362
1310
1273
1263
1267
1263
1233
1179
1126
1082
1035
965
872
763
663
597
554
507
434
329
206
90
-4
-74
-138
-209
-279
-345
-412
-466
-509
-548
-572
-576
-568
-556
-541
-517
-500
-498
-506
-504
-488
-462
-425
-395
-374
-353
-338
-328
-308
-282
-248
-220
-209
-216
-243
-272
-274
-248
-211
-182
-183
-209
-240
-258
-260
-255
-248
-237
-233
-243
-256
-276
-296
-302
-296
-282
-269
-260
-256
-265
-280
-302
-330
-356
-368
-362
-355
-356
-367
-396
-430
-453
-463
-469
-476
-476
-474
-472
-469
-470
-473
-469
-458
-448
-440
-434
-428
-424
-424
-423
-414
-401
-387
-375
-374
-365
-333
-290
-256
-252
-261
-257
-227
-182
-152
-152
-168
-178
-170
-151
-133
-124
-117
-80
2
116
226
299
338
367
420
507
603
686
760
845
962
1097
1212
1279
1300
1320
1376
1465
1551
1606
1628
1625
1617
1613
1608
1578
1514
1429
1341
1276
1227
1177
1111
1027
945
876
820
762
694
613
535
466
410
355
292
215
126
39
-28
-80
-130
-187
-255
-324
-389
-443
-493
-542
-583
-608
-616
-611
-602
-594
-591
-593
-587
-567
-529
-472
-411
-357
-315
-288
-268
-247
-215
-181
-152
-130
-114
-105
-101
-104
-116
-133
-154
-164
-161
-159
-178
-222
-274
-310
-316
-304
-296
-298
-309
-322
-329
-341
-361
-381
-385
-364
-331
-306
-299
-311
-339
-370
-399
-423
-434
-437
-439
-444
-448
-450
-456
-476
-501
-515
-509
-486
-458
-443
-438
-434
-427
-416
-406
-403
-410
-419
-412
-381
-348
-326
-326
-343
-355
-352
-331
-301
-274
-253
-239
-230
-228
-233
-245
-255
-247
-213
-159
-109
-72
-45
-6
67
167
263
333
387
449
532
622
698
753
802
877
985
1110
1212
1276
1315
1347
1389
1443
1492
1521
1527
1518
1516
1516
1512
1486
1434
1370
1317
1280
1247
1206
1143
1071
1003
954
912
853
769
672
583
514
461
404
328
236
145
63
-10
-86
-170
-257
-333
-386
-429
-468
-510
-550
-588
-614
-624
-623
-614
-601
-580
-549
-512
-481
-462
-453
-436
-396
-339
-286
-258
-252
-252
-238
-205
-170
-155
-161
-172
-175
-169
-164
-173
-198
-229
-249
-256
-255
-255
-264
-282
-297
-307
-308
-306
-303
-290
-267
-238
-224
-236
-271
-306
-319
-305
-277
-255
-253
-274
-306
-333
-344
-339
-325
-313
-311
-318
-335
-356
-376
-384
-379
-365
-353
-355
-370
-394
-417
-425
-412
-388
-365
-352
-353
-360
-367
-368
-366
-369
-377
-381
-377
-354
-323
-297
-285
-295
-316
-330
-324
-293
-252
-219
-202
-195
-189
-175
-146
-101
-40
29
103
175
248
324
407
494
579
664
746
830
921
1019
1113
1194
1256
1308
1362
1417
1471
1508
1529
1542
1556
1572
1574
1548
1486
1409
1333
1271
1223
1182
1134
1077
1010
940
871
797
718
630
538
453
378
308
234
153
71
-9
-83
-153
-215
-272
-319
-355
-386
-414
-447
-484
-520
-551
-573
-581
-577
-569
-565
-569
-580
-591
-598
-593
-571
-545
-522
-505
-491
-474
-453
-437
-423
-411
-394
-366
-337
-306
-284
-274
-272
-272
-268
-257
-243
-235
-228
-220
-209
-197
-193
-200
-209
-215
-206
-185
-164
-148
-141
-138
-133
-122
-107
-93
-80
-71
-63
-53
-40
-32
-38
-55
-76
-88
-94
-96
-110
-134
-162
-189
-203
-215
-234
-264
-303
-335
-352
-360
-373
-399
-434
-464
-477
-475
-469
-471
-479
-485
-486
-481
-472
-463
-450
-431
-405
-375
-354
-346
-348
-347
-331
-295
-251
-215
-196
-190
-178
-147
-88
-13
64
130
184
242
310
394
484
564
631
690
762
850
952
1051
1133
1199
1254
1312
1371
1423
1462
1486
1501
1514
1527
1529
1512
1477
1433
1391
1354
1311
1253
1178
1091
1009
937
873
806
720
615
498
389
299
223
151
75
-5
-86
-158
-225
-294
-366
-439
-497
-537
-566
-596
-637
-685
-720
-733
-723
-697
-678
-674
-679
-679
-661
-629
-594
-571
-561
-553
-536
-503
-467
-442
-433
-430
-424
-407
-386
-367
-356
-351
-341
-325
-301
-272
-247
-219
-186
-150
-112
-81
-61
-46
-31
-3
30
59
79
91
105
124
143
153
149
131
112
99
90
82
65
37
9
-13
-30
-44
-67
-100
-130
-146
-153
-162
-183
-216
-251
-279
-301
-324
-357
-396
-434
-463
-483
-499
-519
-547
-577
-604
-623
-634
-637
-637
-632
-621
-607
-588
-563
-527
-486
-441
-393
-349
-309
-275
-242
-212
-179
-139
-93
-47
-8
26
53
80
114
159
212
265
309
349
383
420
463
511
570
642
732
831
926
1005
1062
1108
1163
1235
1321
1400
1459
1488
1493
1490
1484
1476
1457
1423
1377
1320
1257
1188
1109
1022
930
838
751
669
589
501
403
302
208
124
48
-22
-87
-151
-206
-255
-303
-354
-407
-455
-492
-519
-541
-565
-598
-634
-667
-691
-703
-707
-712
-726
-744
-759
-766
-768
-761
-749
-728
-698
-667
-638
-616
-592
-563
-517
-459
-400
-348
-305
-269
-235
-196
-158
-121
-93
-67
-41
-17
0
4
-4
-17
-24
-22
-11
1
9
13
14
17
25
37
54
75
99
124
143
155
163
165
169
169
163
150
130
109
84
53
13
-36
-93
-158
-230
-304
-370
-423
-462
-495
-534
-581
-631
-674
-698
-701
-689
-666
-645
-628
-613
-595
-572
-546
-511
-469
-423
-375
-331
-293
-262
-233
-205
-176
-147
-120
-102
-94
-88
-81
-69
-53
-31
-11
8
31
60
97
140
193
255
326
403
478
547
608
669
735
813
897
983
1061
1122
1170
1199
1222
1246
1272
1296
1314
1320
1311
1296
1275
1255
1227
1188
1136
1074
1015
967
926
879
819
745
664
589
522
458
387
309
227
145
65
-15
-97
-183
-267
-344
-409
-469
-530
-595
-664
-724
-774
-810
-841
-868
-891
-908
-914
-916
-911
-907
-897
-878
-847
-800
-748
-699
-659
-625
-591
-549
-503
-458
-419
-389
-361
-334
-305
-278
-257
-239
-229
-211
-188
-158
-129
-106
-86
-71
-48
-21
13
48
81
110
133
157
177
197
214
232
248
258
262
257
247
230
210
187
167
142
113
79
39
3
-32
-59
-86
-116
-150
-191
-232
-269
-301
-328
-356
-387
-422
-455
-485
-504
-521
-535
-545
-555
-561
-562
-558
-550
-542
-539
-539
-540
-532
-509
-477
-439
-407
-380
-356
-329
-295
-249
-194
-133
-73
-24
16
43
70
106
148
198
249
297
340
377
407
433
453
473
499
529
565
599
626
645
658
670
684
700
720
745
775
806
836
864
884
895
904
918
941
969
990
997
986
957
925
895
866
835
793
739
676
605
528
449
366
282
199
117
40
-37
-112
-187
-257
-317
-366
-407
-447
-489
-530
-567
-593
-608
-620
-635
-653
-672
-689
-700
-710
-717
-723
-727
-725
-720
-714
-709
-708
-702
-685
-659
-626
-594
-566
-539
-509
-472
-430
-388
-348
-310
-271
-229
-187
-144
-104
-66
-33
-6
15
32
47
62
78
92
104
110
112
115
120
131
143
151
156
157
158
161
167
173
177
176
172
162
149
137
124
113
100
84
64
40
13
-16
-46
-77
-110
-148
-183
-216
-243
-264
-287
-310
-337
-363
-385
-403
-416
-420
-418
-416
-410
-409
-411
-410
-404
-387
-364
-337
-317
-303
-292
-275
-250
-216
-180
-146
-116
-88
-57
-22
18
60
100
138
176
212
250
292
333
374
414
451
482
511
537
562
590
619
647
670
687
695
698
700
700
697
691
682
671
657
637
612
585
554
524
495
470
446
422
394
359
320
283
248
218
190
160
129
98
69
41
13
-19
-52
-85
-118
-145
-173
-200
-229
-259
-288
-316
-340
-363
-382
-399
-414
-427
-443
-459
-473
-480
-481
-475
-471
-473
-480
-489
-487
-475
-453
-431
-418
-413
-412
-409
-402
-387
-366
-343
-322
-300
-279
-257
-232
-206
-178
-146
-113
-81
-49
-21
6
30
54
73
87
98
111
124
135
143
146
144
139
134
130
130
130
129
124
115
106
100
97
96
95
94
87
76
61
43
26
13
2
-9
-28
-56
-84
-110
-134
-154
-175
-197
-219
-237
-249
-258
-267
-277
-288
-292
-292
-282
-267
-255
-243
-236
-228
-214
-198
-179
-155
-130
-104
-79
-63
-50
-39
-27
-11
9
35
60
80
94
107
120
137
160
186
211
230
251
270
294
318
335
345
353
364
379
395
404
406
402
399
400
398
390
370
343
318
302
298
297
285
254
209
165
136
121
109
97
80
61
37
8
-15
-32
-42
-54
-73
-92
-108
-119
-128
-142
-160
-183
-207
-225
-236
-242
-249
-259
-276
-295
-310
-316
-318
-318
-318
-316
-309
-298
-288
-282
-276
-263
-240
-214
-188
-167
-153
-137
-119
-96
-74
-60
-48
-38
-26
-10
9
23
30
30
29
38
49
62
67
72
81
90
99
110
117
124
126
130
141
151
161
170
173
173
169
163
159
147
134
119
95
73
53
34
10
-19
-45
-68
-95
-114
-122
-129
-138
-151
-161
-171
-187
-200
-202
-197
-183
-180
-189
-191
-196
-199
-193
-188
-175
-170
-174
-181
-187
-177
-159
-154
-153
-151
-144
-130
-116
-95
-74
-57
-28
-3
9
31
58
77
103
144
184
213
230
240
252
267
280
288
297
316
328
325
318
314
308
294
286
289
280
270
257
229
196
172
158
142
124
108
89
71
60
44
21
-1
-13
-29
-51
-68
-79
-85
-98
-130
-152
-156
-156
-159
-190
-233
-247
-236
-229
-228
-235
-249
-246
-235
-236
-230
-212
-208
-213
-205
-171
-134
-135
-143
-117
-85
-21
186
388
312
112
113
273
331
200
75
112
153
73
-6
-25
-54
-99
-121
-96
-5
64
30
-18
-26
-45
-38
-2
20
60
108
135
184
215
164
130
165
188
200
218
225
226
179
98
59
63
48
19
-17
-49
-22
-4
-85
-171
-192
-227
-271
-276
-253
-194
-176
-230
-262
-262
-279
-278
-240
-222
-203
-203
-233
-230
-224
-247
-253
-231
-220
-190
-143
-118
-99
-105
-128
-145
-147
-138
-101
-35
6
20
14
17
30
43
47
67
109
129
139
158
179
187
176
169
187
231
251
245
240
236
230
210
195
159
119
94
85
117
154
148
113
98
94
94
105
109
110
98
89
85
71
51
23
3
-18
-7
32
49
42
32
1
-55
-88
-96
-85
-74
-90
-94
-88
-97
-118
-142
-165
-163
-137
-127
-115
-110
-116
-131
-137
-133
-127
-105
-100
-94
-80
-71
-55
-44
-46
-54
-43
-32
-18
-5
10
26
28
31
28
28
46
75
101
117
143
163
166
167
179
187
191
221
257
267
244
213
187
165
157
147
137
127
111
84
66
63
47
19
-17
-33
-32
-29
-35
-55
-89
-126
-139
-132
-123
-104
-88
-97
-118
-129
-138
-147
-162
-178
-186
-198
-202
-202
-221
-252
-268
-272
-279
-276
-253
-221
-197
-187
-194
-197
-183
-158
-126
-100
-83
-59
-24
3
20
40
66
95
118
136
159
177
172
147
141
145
140
134
135
147
165
186
201
201
191
194
199
188
178
171
161
144
123
108
102
89
74
68
81
94
97
98
96
87
67
45
30
15
-3
-24
-47
-58
-56
-62
-75
-78
-76
-70
-63
-60
-57
-53
-54
-69
-97
-126
-136
-131
-128
-136
-147
-160
-175
-173
-160
-146
-132
-135
-139
-123
-106
-98
-84
-57
-41
-38
-35
-23
-1
19
31
43
50
63
95
123
136
149
154
149
160
172
173
171
165
159
152
140
129
132
127
117
119
129
132
126
122
121
124
116
102
98
87
60
36
20
8
0
-16
-43
-64
-77
-87
-98
-116
-137
-155
-165
-171
-175
-184
-190
-190
-196
-208
-216
-212
-199
-192
-201
-205
-188
-179
-176
-170
-159
-149
-140
-125
-104
-81
-66
-52
-38
-35
-34
-29
-20
-10
11
21
18
23
30
31
27
25
33
56
79
92
103
107
108
105
103
105
117
138
155
159
153
155
171
172
147
116
105
117
132
131
124
112
80
47
38
48
60
65
71
76
79
71
53
38
28
23
31
51
65
66
40
3
-17
-27
-42
-59
-66
-68
-73
-79
-80
-88
-120
-150
-155
-142
-130
-119
-99
-93
-110
-139
-156
-159
-156
-148
-139
-130
-111
-76
-52
-49
-57
-59
-40
-17
3
22
41
61
73
64
42
28
35
51
62
79
103
120
127
124
117
111
102
94
95
106
119
134
139
130
109
86
69
66
85
103
115
114
100
88
64
35
5
-20
-29
-38
-54
-68
-75
-95
-132
-158
-161
-158
-158
-150
-130
-110
-107
-117
-129
-137
-145
-143
-131
-118
-110
-115
-132
-134
-125
-107
-96
-86
-72
-60
-44
-31
-16
-4
3
-2
-14
-20
-16
-10
-8
-5
8
28
45
56
77
94
105
116
138
166
196
222
223
220
208
190
178
176
171
168
167
162
154
137
115
100
87
79
89
100
95
82
67
40
12
-7
-7
-10
-18
-24
-17
-2
-12
-35
-56
-68
-61
-49
-41
-33
-36
-52
-71
-91
-109
-116
-127
-137
-137
-129
-132
-133
-129
-135
-152
-166
-163
-142
-119
-105
-96
-95
-99
-95
-94
-100
-96
-86
-71
-64
-61
-56
-51
-48
-44
-30
-11
8
22
48
82
109
117
118
123
128
135
149
166
175
177
180
181
172
157
147
139
131
125
121
116
103
86
66
37
2
-20
-31
-42
-48
-46
-50
-62
-71
-78
-80
-85
-89
-79
-64
-55
-55
-60
-73
-83
-82
-83
-84
-78
-66
-56
-53
-59
-69
-79
-88
-93
-96
-92
-82
-66
-60
-60
-54
-50
-46
-31
-8
12
28
44
57
57
42
34
40
43
48
57
63
62
56
46
34
31
32
34
36
39
47
51
46
38
35
26
20
30
46
45
43
56
59
39
21
36
62
66
52
42
35
18
1
-10
-24
-38
-43
-40
-42
-43
-43
-40
-35
-26
-15
-6
1
1
0
4
8
10
2
-6
-2
1
-2
-8
-10
-13
-17
-27
-36
-39
-39
-42
-55
-77
-87
-84
-88
-100
-105
-96
-87
-90
-91
-85
-73
-70
-69
-55
-35
-12
7
23
36
46
58
71
84
93
101
110
116
117
113
107
94
76
67
71
74
72
73
76
72
57
45
37
33
29
30
37
36
22
7
0
-8
-22
-35
-37
-25
-18
-24
-29
-29
-35
-48
-60
-68
-73
-79
-86
-90
-93
-99
-103
-103
-107
-105
-97
-89
-78
-67
-57
-39
-26
-31
-37
-34
-38
-45
-43
-30
-16
-12
-16
-20
-19
-21
-22
-20
-20
-13
2
12
12
10
7
4
1
4
21
45
62
76
87
91
92
88
83
90
100
108
114
119
114
99
80
62
50
42
42
48
55
50
37
25
19
9
-6
-13
-7
1
-4
-13
-20
-24
-33
-41
-50
-62
-67
-60
-52
-46
-41
-40
-46
-50
-46
-35
-22
-19
-19
-16
-13
-8
1
8
11
8
2
-4
1
12
19
21
15
8
3
3
3
8
11
12
16
18
21
28
30
25
14
9
14
24
33
40
40
31
29
34
40
38
38
45
52
53
54
55
56
50
44
45
52
56
55
50
43
35
23
11
0
-12
-25
-35
-40
-50
-64
-74
-81
-90
-102
-106
-98
-93
-94
-97
-95
-89
-82
-79
-74
-65
-58
-54
-47
-41
-42
-52
-61
-59
-52
-47
-47
-45
-42
-47
-50
-44
-32
-28
-29
-23
-11
0
3
2
4
8
15
22
27
32
39
45
48
54
63
70
71
70
74
81
86
96
100
94
85
77
72
63
51
42
44
47
42
37
37
38
37
33
30
36
44
48
46
43
36
27
18
14
8
1
-6
-10
-16
-28
-35
-40
-46
-50
-50
-45
-42
-40
-39
-39
-38
-33
-22
-10
-5
-7
-9
-7
-8
-10
-6
6
13
12
10
13
13
5
0
-2
-3
-2
-1
0
-3
-12
-24
-28
-23
-14
-5
1
9
10
11
13
16
19
22
30
39
49
55
59
61
60
57
56
61
67
65
55
49
44
33
17
5
-3
-12
-21
-30
-37
-44
-54
-62
-69
-74
-74
-72
-72
-71
-65
-63
-66
-72
-77
-77
-75
-74
-74
-69
-67
-68
-69
-66
-57
-48
-42
-33
-19
-10
-11
-11
-9
-12
-20
-20
-10
-5
-4
-5
-1
3
3
6
12
18
25
30
39
47
48
38
29
28
29
27
29
39
50
50
42
40
47
48
46
45
50
58
59
56
52
45
38
37
40
45
49
55
59
62
58
50
43
36
31
27
24
19
8
-9
-26
-38
-45
-51
-52
-51
-49
-46
-43
-43
-40
-41
-45
-43
-31
-21
-19
-20
-19
-17
-19
-25
-25
-15
-7
-3
-1
5
11
13
8
5
5
5
2
-2
-5
-9
-13
-20
-30
-38
-39
-31
-21
-17
-13
-5
6
15
18
23
32
44
51
52
52
50
49
43
33
28
27
30
27
26
25
20
15
10
12
11
10
8
8
1
-7
-13
-18
-22
-24
-23
-21
-21
-23
-24
-23
-23
-19
-14
-10
-9
-10
-9
-11
-20
-34
-41
-41
-41
-45
-46
-49
-56
-59
-57
-52
-46
-38
-25
-13
-5
1
4
6
5
6
11
16
19
21
25
26
25
21
21
29
37
41
43
48
50
45
36
31
29
29
29
33
36
39
42
41
35
35
44
49
55
61
67
66
59
49
39
30
23
17
12
5
-3
-12
-23
-37
-47
-54
-53
-53
-51
-48
-49
-54
-59
-64
-66
-65
-58
-53
-49
-45
-43
-40
-40
-39
-36
-29
-25
-17
-11
-5
-4
-7
-9
-12
-13
-13
-11
-8
-5
-5
-5
-6
-3
-1
2
6
13
22
31
38
42
40
38
38
38
37
37
40
41
35
27
24
20
13
8
7
8
9
8
7
5
1
-3
-6
-7
-6
-5
-3
-2
0
0
-4
-8
-6
-2
2
2
4
5
5
3
-1
-6
-11
-16
-22
-29
-35
-38
-41
-46
-48
-50
-50
-49
-46
-39
-32
-26
-21
-16
-11
-8
-4
-4
-1
4
8
11
13
16
17
18
20
21
22
24
24
23
19
17
17
16
14
11
10
11
8
2
3
9
17
22
23
25
29
31
30
31
33
36
38
37
34
34
30
24
15
9
9
10
10
6
2
-1
-5
-11
-14
-14
-9
-5
-2
-1
-2
-5
-10
-13
-15
-14
-13
-12
-14
-19
-22
-25
-30
-37
-39
-35
-32
-28
-26
-26
-26
-26
-27
-24
-19
-9
-1
6
12
18
21
24
27
34
42
49
57
63
65
64
66
63
64
64
63
64
63
58
53
47
38
28
20
16
17
17
12
8
5
2
1
4
6
9
11
11
8
5
1
-1
-3
-8
-10
-9
-6
-7
-9
-13
-15
-15
-13
-11
-10
-6
-7
-12
-18
-25
-28
-33
-38
-40
-40
-38
-41
-43
-42
-40
-41
-38
-30
-22
-15
-13
-10
-9
-10
-13
-15
-15
-17
-18
-18
-18
-20
-23
-26
-25
-22
-19
-13
-8
-4
-2
-1
-1
5
8
8
9
10
11
11
8
7
4
2
3
5
6
5
5
4
5
4
2
2
1
-1
-4
-7
-11
-15
-18
-23
-25
-28
-29
-29
-30
-31
-30
-30
-28
-27
-24
-22
-20
-18
-16
-14
-13
-14
-11
-6
-4
-2
1
5
7
10
13
15
17
18
20
20
21
23
25
24
22
21
21
19
17
16
17
16
13
11
11
11
10
10
10
8
7
8
10
14
14
14
15
16
16
12
10
8
7
4
0
-4
-6
-9
-14
-17
-18
-16
-17
-18
-20
-21
-22
-22
-22
-23
-22
-21
-16
-11
-10
-8
-4
-1
1
4
6
9
11
11
11
10
9
6
3
1
-1
-2
-8
-12
-14
-18
-24
-29
-32
-35
-38
-41
-43
-45
-48
-51
-51
-51
-49
-46
-43
-38
-34
-27
-20
-13
-3
7
18
28
36
45
53
59
63
69
76
82
85
89
92
92
91
91
89
90
88
88
86
82
77
68
60
52
43
35
30
27
23
17
5
-3
-11
-16
-21
-24
-23
-25
-27
-31
-36
-41
-46
-49
-47
-47
-47
-45
-43
-45
-52
-57
-57
-54
-55
-54
-50
-45
-45
-47
-48
-47
-44
-39
-33
-27
-21
-16
-12
-8
-7
-4
0
6
13
21
26
31
36
38
39
41
47
52
57
61
62
62
59
54
51
49
47
45
44
43
37
30
25
19
16
12
8
6
4
-1
-7
-13
-19
-26
-29
-32
-34
-34
-35
-37
-42
-44
-46
-45
-43
-43
-41
-39
-39
-40
-41
-42
-42
-41
-38
-32
-29
-28
-25
-22
-21
-20
-18
-14
-8
-6
-5
-1
2
0
1
2
5
8
13
17
19
21
21
23
23
24
26
31
35
38
37
36
37
36
36
37
40
44
46
47
49
48
45
42
43
43
44
44
45
44
40
34
31
29
26
23
21
22
19
13
8
2
-6
-14
-20
-22
-26
-29
-35
-39
-45
-52
-56
-59
-59
-60
-61
-62
-62
-65
-68
-71
-72
-71
-69
-68
-66
-64
-63
-62
-61
-60
-58
-56
-52
-49
-47
-45
-43
-42
-40
-40
-39
-36
-34
-30
-28
-25
-22
-18
-14
-10
-6
-4
0
6
12
16
21
26
30
32
34
36
40
42
43
44
47
49
47
44
44
44
43
43
43
45
42
40
37
33
29
26
24
19
15
9
2
-4
-13
-19
-25
-28
-31
-32
-33
-34
-34
-35
-36
-34
-31
-28
-24
-20
-15
-13
-10
-8
-6
-1
5
12
19
25
31
35
39
41
41
44
47
50
51
50
50
48
43
39
37
35
33
33
34
36
35
33
32
31
31
32
33
33
33
32
29
27
24
20
18
19
20
18
18
17
13
9
3
-1
-3
-5
-6
-9
-12
-17
-25
-31
-35
-39
-40
-40
-40
-41
-43
-43
-45
-47
-49
-48
-44
-41
-38
-34
-35
-33
-31
-29
-26
-23
-17
-12
-8
-3
0
2
5
8
9
15
19
22
24
26
26
25
24
25
25
25
26
25
25
25
26
27
29
29
31
34
36
39
41
41
43
45
44
45
45
45
44
43
42
39
38
36
35
33
31
27
26
22
19
16
12
7
1
-4
-11
-17
-22
-27
-32
-36
-40
-42
-46
-49
-51
-54
-55
-55
-55
-54
-55
-56
-56
-57
-55
-55
-54
-51
-48
-44
-41
-36
-31
-29
-26
-21
-16
-8
-5
-2
1
1
2
1
1
1
-1
0
-1
-3
-2
-4
-5
-8
-9
-8
-7
-5
-3
-3
-3
-4
-4
-3
-4
-1
1
3
5
5
7
8
9
10
11
12
14
15
15
14
12
10
6
4
2
0
-2
-4
-8
-10
-15
-17
-18
-21
-19
-21
-19
-19
-19
-19
-19
-19
-18
-19
-18
-18
-19
-18
-19
-18
-19
-19
-17
-17
-16
-14
-13
-10
-9
-6
-4
-3
-1
2
4
8
10
13
17
18
20
22
24
26
26
30
34
36
40
42
45
46
46
45
45
45
44
41
40
38
34
29
24
23
20
16
15
12
8
4
-2
-5
-11
-15
-19
-24
-30
-34
-40
-45
-51
-55
-60
-63
-64
-68
-68
-68
-68
-67
-67
-65
-61
-57
-54
-50
-46
-40
-34
-29
-24
-18
-11
-5
2
9
15
21
29
35
41
44
48
52
53
55
56
57
57
55
54
52
47
45
42
40
40
36
35
31
27
23
19
17
15
11
10
9
6
4
3
1
2
2
4
5
8
11
11
13
14
16
17
18
19
19
18
17
16
13
11
8
6
3
3
0
-3
-5
-9
-13
-14
-16
-17
-17
-18
-18
-19
-19
-21
-21
-19
-17
-17
-13
-9
-5
-3
-1
3
6
7
12
14
15
17
15
15
14
13
11
10
9
8
5
4
3
1
1
2
4
5
7
9
11
14
15
18
20
23
25
26
28
29
30
29
28
26
25
23
20
19
16
13
8
4
0
-6
-10
-14
-18
-22
-27
-30
-33
-37
-40
-41
-41
-41
-42
-40
-38
-37
-36
-33
-29
-26
-23
-20
-17
-15
-11
-11
-9
-8
-6
-4
-1
2
5
8
11
14
18
20
23
27
30
32
35
36
37
37
33
33
32
30
27
24
22
18
15
10
9
5
1
-1
-3
-7
-11
-15
-18
-21
-22
-24
-25
-25
-27
-27
-26
-25
-23
-22
-18
-15
-14
-12
-9
-4
-5
-5
-4
-3
-2
-1
-1
2
3
1
-1
-2
-3
-3
-5
-3
-3
-7
-9
-11
-12
-15
-17
-19
-22
-23
-27
-30
-31
-34
-37
-38
-37
-38
-39
-39
-38
-36
-37
-36
-34
-35
-34
-33
-32
-29
-27
-26
-26
-25
-23
-23
-20
-17
-12
-9
-8
-4
-1
2
4
7
10
12
14
16
20
21
22
24
25
27
27
29
30
30
32
32
33
31
29
28
26
25
23
22
19
17
12
8
6
3
-1
-1
-2
-4
-6
-9
-9
-10
-10
-10
-11
-10
-11
-10
-8
-7
-5
-4
-3
-3
-1
-1
0
2
3
5
6
8
9
11
13
15
17
18
19
21
23
23
25
26
26
26
27
26
26
25
25
25
24
25
23
22
19
17
15
14
13
9
5
3
-3
-6
-10
-12
-15
-18
-20
-25
-26
-28
-29
-30
-27
-29
-29
-28
-26
-24
-24
-23
-23
-23
-23
-20
-19
-14
-13
-9
-7
-4
-3
0
3
5
7
7
9
6
7
5
5
2
2
0
1
2
1
1
0
3
2
4
3
7
5
7
6
7
6
5
6
5
8
8
9
8
10
8
10
9
11
10
11
11
13
12
9
11
8
10
9
10
11
13
11
12
11
11
12
11
14
14
14
12
14
12
13
11
11
10
8
7
5
5
3
2
-2
-1
-4
-3
-5
-4
-3
-3
-3
-3
-2
-3
-1
-1
1
-1
0
-3
-1
-4
-3
-4
-4
-3
-4
-3
-4
-3
-4
-4
-6
-6
-7
-7
-7
-8
-9
-8
-9
-7
-6
-6
-4
-4
0
0
1
3
4
4
5
4
4
3
-1
-2
-4
-6
-9
-12
-15
-17
-19
-19
-20
-22
-22
-24
-25
-25
-25
-25
-25
-25
-25
-24
-22
-19
-18
-16
-12
-10
-7
-2
1
5
9
13
17
19
20
20
22
22
21
20
17
15
13
10
7
6
5
4
3
3
0
-2
-3
-4
-5
-7
-8
-9
-12
-13
-15
-18
-19
-20
-21
-21
-20
-19
-17
-14
-10
-7
-5
-2
2
3
6
9
9
12
12
12
11
11
11
10
10
11
11
11
12
13
14
14
14
14
12
10
10
7
5
4
0
-2
-5
-8
-11
-13
-16
-15
-17
-15
-14
-16
-15
-16
-14
-13
-12
-14
-13
-14
-16
-17
-17
-15
-15
-14
-11
-9
-8
-5
-4
1
3
4
7
8
9
10
10
10
10
7
6
3
2
1
0
0
0
-4
-3
-5
-6
-6
-6
-8
-8
-10
-12
-10
-13
-11
-13
-14
-13
-12
-11
-8
-7
-5
-1
4
7
9
13
15
19
19
21
22
21
24
23
23
23
23
23
23
22
23
22
22
22
21
19
17
15
12
11
9
6
3
1
-1
-3
-3
-5
-6
-7
-7
-6
-5
-3
-3
-2
1
3
4
6
7
8
9
12
13
15
17
20
23
26
29
32
33
36
38
40
41
44
45
45
45
45
45
44
45
43
42
41
38
35
33
31
29
26
22
17
13
9
4
-1
-7
-12
-17
-22
-28
-32
-39
-42
-44
-48
-50
-54
-57
-58
-58
-60
-61
-60
-60
-59
-60
-58
-56
-55
-51
-48
-45
-40
-35
-32
-28
-23
-18
-13
-9
-5
0
4
7
8
9
12
14
15
18
20
22
24
22
21
20
22
21
19
16
14
14
12
8
4
3
2
3
0
-4
-5
-5
-5
-8
-9
-10
-10
-10
-12
-13
-13
-12
-12
-16
-15
-14
-13
-13
-15
-12
-10
-10
-10
-9
-8
-4
-2
-3
-3
-3
-1
1
-1
-1
2
4
5
6
6
7
11
9
9
11
11
13
12
10
9
10
10
8
9
9
10
10
8
7
9
11
10
11
10
12
12
12
10
9
10
10
8
7
7
8
8
5
4
3
3
1
0
-2
-3
-3
-6
-10
-13
-15
-17
-19
-23
-25
-28
-27
-30
-32
-33
-33
-33
-35
-36
-36
-36
-35
-34
-35
-34
-32
-32
-32
-30
-28
-24
-22
-20
-19
-16
-11
-8
-5
0
4
8
11
15
19
24
25
28
28
32
36
37
40
41
43
45
46
46
48
48
48
47
45
44
42
39
35
29
27
24
21
16
12
9
5
1
-4
-6
-9
-11
-14
-18
-19
-19
-19
-23
-24
-24
-23
-24
-24
-24
-22
-20
-19
-19
-18
-16
-13
-12
-12
-10
-8
-6
-6
-6
-5
-3
-2
-3
-4
-4
-1
-1
-2
-2
0
3
3
3
2
4
5
5
4
3
4
5
4
2
4
4
5
5
4
5
7
8
8
8
10
11
11
9
9
11
12
12
9
9
12
12
11
10
9
10
10
7
5
5
4
3
-1
-4
-5
-8
-10
-13
-16
-18
-18
-22
-25
-27
-28
-27
-30
-33
-33
-33
-34
-36
-37
-38
-34
-35
-34
-34
-31
-27
-26
-22
-21
-15
-11
-8
-6
-1
6
11
14
17
20
25
30
31
33
36
40
44
43
44
46
46
47
45
46
48
48
47
45
44
43
43
39
36
34
32
31
26
24
23
22
20
17
14
16
15
12
9
7
7
5
0
-3
-6
-8
-11
-15
-19
-20
-23
-25
-30
-34
-36
-37
-40
-43
-46
-46
-47
-50
-50
-51
-51
-50
-51
-52
-49
-45
-43
-42
-41
-36
-30
-26
-26
-23
-18
-12
-8
-6
-2
1
5
6
6
9
13
16
16
16
16
19
19
17
17
19
21
19
18
15
17
19
18
15
13
15
16
16
12
14
15
16
14
12
14
16
17
14
13
13
15
14
9
8
8
8
8
3
1
2
0
-2
-8
-9
-9
-12
-15
-19
-21
-21
-23
-29
-32
-30
-29
-31
-33
-34
-32
-29
-29
-30
-27
-20
-16
-14
-12
-7
-1
5
5
7
12
20
24
25
26
33
39
41
39
40
45
48
46
43
41
43
42
37
32
30
31
28
21
13
11
12
7
0
-6
-6
-6
-10
-17
-19
-16
-15
-19
-26
-28
-23
-21
-25
-29
-28
-21
-18
-21
-24
-21
-12
-11
-15
-15
-10
-2
-2
-7
-7
0
6
3
-1
0
7
11
8
5
7
14
18
14
9
14
21
24
19
18
22
29
28
22
21
28
33
30
26
24
32
36
32
26
29
34
36
29
24
26
31
29
22
17
19
23
18
10
7
10
13
10
2
1
4
5
0
-8
-8
-3
-4
-10
-17
-15
-11
-13
-19
-23
-22
-17
-20
-26
-29
-25
-20
-24
-29
-30
-26
-24
-29
-34
-34
-29
-30
-35
-39
-36
-30
-29
-34
-38
-34
-29
-29
-34
-35
-28
-24
-25
-27
-27
-19
-14
-16
-17
-16
-7
-2
-4
-4
1
9
13
11
11
16
22
24
21
22
26
28
27
24
21
24
27
23
19
19
24
25
23
19
19
22
23
20
17
19
19
18
13
10
11
13
12
6
5
6
7
5
2
2
4
5
3
-1
-1
0
0
-4
-9
-11
-11
-14
-20
-25
-27
-27
-30
-35
-35
-34
-32
-32
-35
-35
-32
-29
-31
-32
-30
-27
-25
-26
-28
-25
-20
-18
-17
-14
-9
-2
1
3
8
15
22
23
25
27
31
35
33
32
31
32
32
29
26
25
27
25
20
19
21
21
19
14
11
12
10
6
1
-3
-4
-7
-12
-18
-19
-18
-20
-24
-27
-25
-22
-23
-26
-25
-22
-20
-21
-25
-24
-23
-22
-26
-30
-28
-26
-25
-27
-27
-25
-22
-20
-20
-19
-14
-9
-8
-9
-7
0
3
4
3
6
11
15
16
17
22
29
31
31
34
39
43
44
43
44
47
49
48
46
45
49
48
47
43
43
46
45
39
36
37
38
35
29
25
25
25
20
15
11
11
10
6
2
1
3
0
-5
-7
-7
-6
-6
-11
-14
-12
-11
-14
-19
-21
-21
-20
-22
-25
-26
-24
-24
-25
-26
-25
-21
-20
-22
-24
-23
-20
-20
-22
-23
-20
-19
-21
-21
-21
-18
-15
-17
-18
-15
-10
-7
-7
-6
-4
0
3
3
3
6
9
10
9
10
14
18
18
18
21
24
26
26
26
26
28
28
26
24
23
23
20
16
12
10
8
5
-1
-3
-6
-8
-12
-17
-20
-21
-23
-27
-30
-32
-33
-35
-37
-40
-39
-38
-38
-39
-40
-38
-37
-35
-36
-34
-31
-27
-25
-23
-21
-17
-13
-11
-9
-6
-2
1
3
4
8
13
15
16
18
22
26
28
30
31
35
39
39
39
39
42
44
43
42
42
43
42
40
38
38
39
38
34
33
31
31
28
22
19
17
15
10
5
1
-2
-5
-10
-14
-17
-19
-20
-25
-27
-28
-28
-27
-30
-31
-30
-29
-30
-33
-34
-32
-31
-32
-33
-33
-32
-29
-28
-29
-28
-25
-22
-21
-22
-20
-18
-15
-15
-15
-14
-12
-11
-15
-16
-15
-13
-13
-13
-15
-12
-10
-10
-11
-9
-4
-2
-2
-2
0
4
6
6
5
6
9
10
10
9
12
15
16
15
17
21
24
24
23
24
27
29
28
27
26
29
30
26
22
20
21
21
16
13
12
12
9
5
4
3
4
3
-2
-4
-4
-4
-6
-11
-12
-11
-13
-15
-18
-17
-15
-14
-15
-16
-13
-10
-8
-8
-7
-3
0
1
0
2
7
11
11
10
11
16
20
19
18
20
23
23
23
21
23
25
23
20
17
20
21
19
16
14
16
18
16
12
10
10
9
6
3
3
4
1
-4
-7
-4
0
0
-3
-4
-2
2
5
6
5
6
7
5
3
3
4
4
-1
-5
-4
0
3
3
-2
-1
4
6
7
9
9
10
8
7
5
7
8
4
-1
-2
2
5
6
5
5
9
13
14
14
15
18
16
14
12
13
16
12
6
2
4
7
7
4
1
2
4
6
6
6
8
6
2
1
-1
2
2
-4
-9
-11
-7
-6
-7
-8
-10
-7
-6
-5
-4
0
1
-2
-4
-5
-3
-3
-7
-11
-14
-13
-11
-11
-12
-12
-13
-12
-14
-15
-13
-14
-16
-18
-20
-21
-21
-24
-28
-31
-31
-29
-28
-28
-28
-28
-28
-27
-25
-24
-25
-25
-24
-24
-23
-21
-22
-22
-23
-23
-22
-19
-17
-14
-10
-10
-8
-6
-3
-1
0
2
2
4
3
1
2
2
4
3
2
6
8
11
13
14
15
17
19
17
17
20
21
20
17
16
14
13
13
10
7
8
9
9
9
8
10
10
8
5
5
5
1
-3
-8
-12
-13
-16
-21
-24
-26
-26
-27
-28
-30
-29
-29
-30
-33
-36
-33
-32
-33
-37
-38
-39
-38
-38
-40
-40
-37
-33
-30
-29
-24
-21
-18
-14
-13
-9
-3
2
2
1
3
5
7
6
6
10
14
17
18
21
24
29
30
31
33
37
40
40
38
37
38
38
36
32
31
32
33
31
29
31
32
31
29
28
27
28
29
23
20
19
18
13
7
2
0
0
-2
-6
-9
-9
-9
-12
-14
-14
-12
-10
-13
-15
-15
-12
-13
-16
-18
-20
-14
-11
