SAMPLES:	17582
BITSPERSAMPLE:	16
CHANNELS:	1
SAMPLERATE:	16000
NORMALIZED:	FALSE
14
25
19
22
21
17
24
21
22
16
18
29
31
35
41
39
47
58
46
46
47
45
50
42
38
50
46
45
50
29
29
40
13
10
8
-16
-2
-5
-21
-4
-14
-21
-6
-18
-28
-18
-31
-28
-22
-27
-14
-12
0
4
3
20
19
11
20
13
5
23
22
15
25
30
29
41
35
25
24
19
16
8
2
-1
0
2
4
-1
-2
3
0
-15
-10
-20
-27
-13
-25
-29
-18
-17
-15
-12
-18
-17
-20
-19
-26
-34
-30
-38
-34
-33
-33
-33
-26
-23
-28
-27
-30
-27
-33
-36
-38
-37
-26
-25
-27
-16
-13
-13
-7
-14
-17
-17
-21
-16
-17
-21
-9
-3
-1
9
10
10
20
15
11
15
16
22
22
27
34
38
44
41
40
36
31
27
16
20
12
13
21
14
21
28
22
12
21
15
2
5
1
-2
6
8
5
8
10
8
-1
-1
-10
-20
-16
-25
-29
-18
-19
-18
-10
-12
-13
-12
-18
-31
-28
-32
-37
-30
-37
-30
-26
-30
-28
-29
-36
-30
-37
-48
-34
-38
-35
-18
-23
-17
-3
-8
0
8
-5
2
9
-2
11
14
8
25
24
17
30
26
20
26
20
17
23
20
23
28
25
28
31
30
27
20
21
16
11
13
9
6
11
3
3
8
0
-3
-6
-10
-15
-10
-17
-18
-21
-27
-18
-27
-32
-30
-35
-36
-38
-41
-40
-44
-46
-49
-44
-41
-45
-39
-36
-32
-25
-26
-24
-19
-17
-18
-14
-8
-10
0
3
2
10
15
12
14
15
14
18
21
19
18
24
25
28
33
29
28
32
28
25
22
14
13
13
5
9
9
7
13
9
7
11
0
-2
-1
-7
-5
2
7
8
18
21
21
22
15
7
6
6
0
7
12
11
18
22
19
24
20
10
12
10
10
20
21
24
32
36
41
44
39
37
37
37
34
32
33
35
32
36
38
32
42
33
28
29
23
19
12
7
2
-2
1
1
-5
-8
-13
-20
-28
-43
-50
-54
-61
-62
-60
-58
-56
-52
-56
-61
-60
-64
-64
-63
-68
-60
-56
-52
-41
-44
-44
-38
-41
-43
-38
-43
-41
-35
-38
-30
-26
-24
-17
-15
-10
1
0
6
11
9
22
26
24
36
44
44
53
58
56
61
62
48
52
51
44
48
46
45
49
50
49
49
47
41
36
29
29
27
20
25
20
19
24
16
14
8
-1
-5
-12
-15
-19
-24
-25
-21
-20
-13
-10
-10
-10
-7
-9
-13
-11
-17
-14
-6
-4
2
11
10
9
14
10
3
2
-3
-4
5
6
11
23
26
29
37
31
31
32
22
22
20
19
24
22
22
23
22
17
12
8
-3
-9
-15
-21
-19
-24
-25
-24
-24
-21
-21
-22
-26
-34
-41
-42
-49
-55
-57
-59
-57
-54
-56
-51
-53
-59
-56
-62
-61
-59
-63
-62
-53
-48
-38
-30
-24
-21
-15
-11
-16
-11
-13
-12
-4
-1
3
15
19
22
31
27
34
37
28
33
37
32
41
39
35
43
39
38
39
32
28
21
13
10
4
-2
-6
-11
-9
-10
-11
-11
-18
-21
-26
-33
-30
-35
-39
-34
-39
-35
-29
-38
-37
-41
-49
-51
-53
-54
-59
-56
-53
-51
-43
-40
-46
-38
-38
-46
-33
-36
-37
-29
-24
-18
-4
-1
-3
3
-2
-1
-2
-3
-4
-4
-1
9
12
14
18
15
16
19
17
16
17
17
19
23
28
24
22
24
22
21
22
16
9
11
7
6
9
5
10
10
13
16
18
22
21
20
21
22
23
24
25
25
31
31
34
36
31
34
31
32
34
35
34
40
38
42
47
42
44
40
40
39
41
35
32
30
23
23
19
14
10
11
7
10
13
6
7
6
0
3
1
-6
4
2
1
10
6
1
6
-2
-10
-7
-15
-20
-15
-17
-20
-13
-17
-18
-18
-20
-24
-28
-28
-31
-31
-30
-30
-30
-27
-27
-24
-23
-22
-20
-22
-21
-18
-14
-11
-8
-5
-2
7
11
9
12
10
7
10
7
2
4
4
2
9
11
7
12
7
0
5
2
-1
3
-1
4
16
13
19
20
13
18
18
14
12
7
2
7
9
10
11
9
10
8
6
5
-1
-10
-16
-23
-26
-26
-31
-29
-32
-30
-26
-30
-34
-38
-47
-47
-47
-48
-45
-43
-33
-23
-16
-5
-1
-3
2
-1
-3
3
-1
0
5
6
15
20
22
20
17
12
11
9
-1
-5
-9
-7
1
2
5
6
8
12
8
7
3
-6
-5
-7
-6
4
4
7
14
10
15
15
2
0
-9
-15
-7
-7
-7
2
4
7
16
11
9
4
-2
-3
-2
2
2
7
13
17
21
24
17
11
7
-5
-8
-11
-20
-21
-20
-18
-13
-15
-17
-23
-28
-34
-40
-47
-49
-51
-50
-42
-33
-26
-18
-13
-12
-7
-4
-5
-8
-5
-4
1
15
20
23
35
36
35
41
33
25
25
14
8
10
5
0
0
-3
-8
-5
-11
-19
-22
-30
-34
-31
-34
-34
-30
-28
-22
-13
-11
-8
1
-1
6
14
13
16
25
21
26
34
27
28
31
22
22
28
20
17
19
15
13
18
13
9
10
5
3
10
9
6
15
16
19
31
28
29
34
27
28
31
24
25
27
25
28
33
29
27
28
21
16
15
5
-4
-3
-12
-14
-5
-9
-12
-4
-13
-17
-12
-24
-32
-33
-39
-42
-36
-38
-37
-31
-33
-32
-31
-37
-45
-47
-54
-59
-58
-62
-61
-58
-58
-54
-50
-54
-56
-57
-65
-66
-62
-65
-62
-53
-46
-33
-23
-18
-10
-3
0
5
2
7
14
21
30
36
48
58
62
68
68
71
72
67
66
67
69
74
79
79
87
89
90
92
88
83
83
81
77
76
75
78
81
82
82
78
81
78
67
63
54
48
45
38
31
28
26
25
20
14
4
-1
-4
-16
-25
-30
-31
-32
-34
-37
-33
-31
-31
-35
-28
-27
-30
-32
-28
-17
-17
-18
-15
-7
-1
-4
-7
-2
1
0
-8
-5
-2
-6
-9
-12
-13
-13
-15
-17
-16
-15
-20
-20
-13
-14
-18
-23
-24
-23
-25
-31
-32
-29
-28
-32
-29
-24
-27
-29
-30
-30
-33
-39
-43
-40
-40
-43
-46
-37
-31
-36
-41
-37
-31
-37
-49
-50
-46
-43
-45
-41
-31
-27
-24
-19
-7
-10
-15
-12
0
4
-3
-3
22
35
22
8
20
47
40
15
8
26
36
25
7
13
23
18
7
6
15
17
9
6
10
7
5
6
3
11
12
8
20
18
10
18
17
15
19
7
6
14
16
23
25
9
4
6
9
11
4
2
10
11
6
4
8
15
6
-7
-5
0
1
-3
-12
-6
-1
-11
-18
-26
-27
-19
-18
-21
-20
-26
-24
-21
-28
-27
-22
-27
-24
-22
-18
-2
-5
-15
-14
-15
-14
-12
-20
-16
-9
-9
-6
-6
-10
-17
-28
-27
-24
-27
-27
-27
-25
-17
-20
-18
-12
-20
-20
-18
-17
-5
0
-4
7
10
11
19
13
11
21
22
27
28
16
14
18
20
23
20
19
23
21
24
27
26
24
12
0
2
4
12
18
15
21
28
23
20
13
6
11
5
1
8
13
24
29
28
34
33
24
22
22
28
34
25
20
18
17
22
19
14
15
16
14
10
0
-3
-9
-25
-34
-35
-28
-17
-17
-15
-3
0
-2
-12
-22
-19
-16
-15
-6
1
9
13
11
16
22
17
16
14
13
17
10
-1
-5
-4
-1
-1
-3
4
16
20
13
2
-2
-6
-17
-24
-20
-6
6
10
16
23
24
16
6
-1
1
2
-9
-13
-2
8
9
2
-5
-1
5
-1
-10
-17
-16
-14
-27
-39
-36
-25
-19
-18
-17
-5
-1
-6
-15
-20
-18
-19
-26
-20
-9
-2
9
8
12
17
8
2
2
-1
2
-2
-8
-7
-8
-11
-8
-12
-11
-10
-16
-16
-20
-26
-29
-35
-37
-30
-28
-19
-13
-7
6
9
8
14
12
16
25
28
39
47
47
55
57
55
59
53
50
51
40
37
40
33
33
27
20
25
21
16
16
10
9
7
-1
6
7
3
5
5
9
12
2
1
5
6
10
8
5
12
13
9
9
3
1
-2
-13
-17
-17
-18
-15
-19
-22
-19
-20
-22
-24
-28
-28
-28
-29
-27
-21
-14
-8
-2
7
15
16
15
13
13
13
7
6
10
13
15
15
19
25
19
7
-2
-10
-15
-21
-30
-32
-30
-29
-28
-29
-27
-29
-32
-35
-39
-44
-46
-46
-43
-40
-40
-33
-23
-19
-14
-12
-9
-4
-10
-17
-17
-20
-18
-15
-12
-6
-2
1
8
8
2
-3
-9
-15
-16
-16
-13
-2
7
12
17
24
31
31
31
32
32
40
43
43
48
49
56
64
60
57
56
53
51
45
30
22
20
15
10
5
3
7
7
0
-8
-13
-10
-13
-23
-29
-30
-23
-12
-11
-16
-16
-12
-7
-9
-24
-31
-27
-18
-22
-32
-31
-16
-8
-20
-28
-18
-2
-11
-24
-21
-5
9
7
-7
5
35
35
26
26
30
27
26
33
18
8
30
26
9
26
9
-6
20
1
-29
-3
-7
-37
-8
1
-21
-2
3
-16
14
11
-22
3
17
-3
-10
5
17
20
15
9
9
23
18
-6
3
12
1
-1
11
14
10
23
20
11
20
29
9
1
8
2
13
30
-26
-53
40
39
-16
-8
-30
-20
39
-13
-79
-26
-5
-11
1
-14
-26
11
34
9
-2
-15
-12
12
13
-8
-8
17
27
20
9
14
13
12
-4
-9
-2
-15
-13
-6
-13
-12
-8
-20
-9
-12
-36
-30
-25
-41
-49
-52
-59
-49
-52
-66
-58
-48
-50
-49
-53
-58
-49
-45
-44
-44
-39
-24
-14
-5
-2
6
23
29
25
28
31
42
47
31
39
50
47
51
46
41
51
52
41
38
32
29
33
28
17
20
23
21
22
19
13
19
26
9
5
19
9
10
14
0
8
23
3
-1
14
1
8
13
-9
-5
6
-5
-10
-14
-29
-24
-11
-23
-30
-19
-16
-16
-13
-16
-18
-19
-18
-13
-12
-10
-11
-12
7
16
0
-1
8
5
2
-5
-15
-15
-8
-15
-19
-9
-10
-19
-8
-4
-15
-12
-18
-31
-20
-16
-26
-18
-13
-17
1
6
-7
-8
-8
-7
-6
-20
-23
-16
-11
-6
-9
-7
4
4
-2
0
-2
-7
-4
-1
-2
2
4
9
20
23
18
16
28
30
22
18
23
27
28
25
21
32
37
31
34
34
28
32
25
15
21
12
7
11
5
5
12
2
-3
-1
-4
1
-3
-15
-9
1
3
1
-4
0
9
4
6
11
11
12
9
8
14
5
-2
-7
-15
-5
-5
-18
-14
-13
-20
-8
-11
-22
-12
-15
-21
-8
-9
-15
-3
-10
-13
5
3
-5
1
1
2
6
-1
-10
-8
-7
-5
-5
-7
-3
1
8
8
3
3
8
2
-1
-1
-2
5
9
5
4
12
12
10
9
7
1
-1
3
-5
-6
-3
-4
4
13
5
8
19
14
19
13
2
14
19
12
14
17
20
31
29
25
19
22
25
18
12
9
8
12
12
8
12
9
8
12
11
5
3
-5
-8
-6
-8
-15
-19
-15
-12
-13
-12
-19
-30
-19
-20
-38
-40
-44
-46
-30
-36
-47
-30
-23
-28
-22
-20
-23
-14
-10
-13
-6
-5
-5
10
16
13
16
18
28
32
15
10
16
12
9
3
-5
0
9
13
11
7
6
12
19
15
1
1
9
12
13
13
14
24
32
26
30
32
24
22
28
17
5
6
4
1
4
-5
-11
1
-6
-22
-20
-29
-39
-35
-51
-60
-48
-57
-56
-42
-52
-54
-37
-44
-49
-42
-55
-51
-40
-54
-50
-32
-38
-29
-16
-27
-17
-9
-23
-20
-14
-28
-22
-14
-19
-14
-9
-5
1
-1
1
6
6
10
3
-4
10
10
-3
3
8
5
16
15
3
11
12
6
6
1
-9
-5
0
1
-7
-5
3
0
4
2
-5
3
9
-2
3
7
0
5
8
7
7
9
11
9
1
8
3
-6
15
6
-17
13
17
-11
16
17
-10
22
26
-3
25
34
9
33
39
19
44
51
30
52
61
47
59
60
49
60
62
52
56
53
48
47
40
40
41
28
24
29
17
15
14
0
0
3
-12
-18
-15
-24
-20
-20
-28
-26
-25
-27
-27
-24
-21
-24
-25
-15
-13
-16
-14
-18
-13
5
-7
-17
-4
-4
-1
2
-18
-21
-2
-12
-25
-17
-29
-27
-10
-26
-35
-19
-31
-34
-21
-35
-36
-25
-34
-31
-20
-32
-28
-19
-23
-12
-9
-20
-8
3
-5
-2
5
1
9
14
1
5
19
11
5
9
5
5
6
-7
-7
1
-9
-13
-11
-16
-12
-7
-16
-12
-6
-11
-6
0
-7
-1
13
11
15
27
27
33
44
41
44
50
48
48
52
46
42
40
39
40
36
27
28
31
23
19
13
4
5
0
-9
-9
-10
-16
-13
-18
-17
-11
-15
-18
-12
-13
-14
-9
-16
-18
-11
-7
-10
-16
-14
-7
-8
-11
-10
-16
-13
-6
-18
-23
-13
-12
-21
-16
-14
-19
-14
-12
-23
-19
-4
-16
-18
-6
-11
-6
8
-3
-4
15
10
6
16
13
12
19
12
11
16
11
10
11
8
13
13
4
13
13
4
14
8
0
13
6
2
19
15
10
25
18
16
28
15
6
15
7
0
0
-10
-10
-6
-12
-16
-19
-21
-22
-33
-42
-42
-45
-48
-49
-47
-38
-32
-29
-25
-19
-14
-13
-19
-20
-17
-18
-17
-17
-13
-6
-3
-5
-2
-2
-8
-9
-17
-27
-23
-25
-31
-27
-25
-22
-14
-12
-15
-9
-5
-7
-6
-3
-1
1
7
10
15
23
26
25
33
37
34
35
36
33
35
34
28
26
26
24
19
17
16
10
12
12
3
2
2
-6
-7
-8
-13
-12
-9
-7
0
7
7
9
15
16
14
8
9
9
6
6
5
8
12
11
3
2
-1
-12
-18
-24
-31
-30
-29
-35
-34
-24
-22
-20
-14
-17
-19
-11
-13
-17
-10
-4
-6
5
13
14
23
30
29
28
27
23
20
21
22
18
17
25
26
23
26
25
20
18
16
6
5
11
9
6
11
11
9
20
23
14
21
26
17
18
21
22
26
33
30
33
44
46
43
43
41
36
37
30
24
24
22
20
15
10
12
9
8
9
0
-5
0
-9
-15
-11
-15
-17
-11
-12
-10
-1
2
4
4
5
4
5
5
5
4
5
8
8
8
10
9
11
11
2
-5
-5
-7
-11
-15
-20
-17
-16
-15
-12
-10
-11
-6
-7
-11
-8
-7
-11
-12
-8
-9
-4
1
2
0
0
1
-8
-18
-19
-27
-36
-37
-43
-50
-43
-41
-48
-42
-39
-48
-44
-37
-48
-47
-38
-43
-41
-28
-31
-26
-7
-7
-8
2
0
-2
2
-5
-11
-8
-8
-7
-5
-6
-2
-1
0
-1
-7
-9
-9
-15
-17
-16
-16
-14
-9
-7
-3
3
4
2
3
6
-1
-5
-1
-4
-7
-3
-5
-6
4
1
-5
4
-1
-6
-2
-11
-15
-11
-16
-15
-12
-12
-5
-3
-6
-4
-8
-10
-7
-15
-16
-11
-17
-16
-8
-9
-1
6
4
10
16
15
17
20
22
24
25
29
32
36
39
39
38
43
37
30
30
21
15
14
2
-5
-4
-12
-15
-15
-25
-28
-30
-39
-42
-46
-53
-53
-57
-59
-51
-51
-47
-36
-35
-32
-22
-24
-19
-8
-8
-5
9
15
18
31
37
41
54
54
52
64
66
62
67
61
55
65
60
52
60
55
53
59
49
44
53
44
38
40
31
34
40
30
35
42
34
39
40
30
31
27
18
13
3
-8
-11
-18
-24
-28
-37
-42
-44
-53
-62
-68
-78
-82
-81
-88
-89
-84
-81
-77
-70
-66
-63
-55
-51
-48
-42
-36
-31
-20
-15
-12
-3
2
3
7
8
8
12
10
9
12
8
10
12
6
8
5
-1
-1
-4
-9
-7
-9
-12
-6
-5
-3
3
4
7
9
10
13
10
11
12
10
8
10
10
11
10
11
13
9
8
6
-1
-3
-8
-16
-16
-18
-26
-21
-19
-23
-15
-12
-14
-6
-4
-6
1
2
2
11
14
19
31
36
41
51
58
62
66
66
68
69
68
69
66
66
64
60
58
53
48
43
35
29
24
16
11
5
-5
-7
-10
-19
-18
-22
-28
-27
-29
-32
-30
-32
-34
-32
-33
-33
-30
-29
-27
-24
-21
-17
-18
-15
-12
-14
-14
-12
-12
-12
-9
-6
-5
3
7
8
13
13
13
14
12
9
11
13
13
14
16
18
20
21
19
17
12
7
1
-2
-7
-13
-12
-15
-19
-15
-18
-25
-24
-26
-33
-32
-32
-36
-34
-32
-31
-30
-29
-26
-26
-30
-27
-26
-31
-31
-31
-34
-32
-31
-32
-31
-28
-30
-31
-31
-30
-29
-30
-25
-23
-21
-16
-14
-9
-6
-5
-2
-1
-2
1
-1
-6
-3
-4
-10
-11
-11
-15
-14
-10
-14
-15
-11
-9
-12
-10
-8
-9
-4
-3
-4
0
3
4
8
9
10
16
15
14
18
16
14
16
14
11
14
13
13
14
15
17
16
17
19
17
17
19
15
17
20
20
19
21
21
20
18
18
17
12
16
15
11
17
18
15
20
20
18
20
18
17
19
16
17
21
17
16
20
12
11
12
0
-3
-7
-16
-17
-23
-27
-25
-27
-29
-25
-29
-26
-24
-26
-27
-23
-21
-18
-11
-7
-4
3
8
9
10
9
6
5
3
-2
0
-2
-8
-4
-7
-13
-9
-16
-19
-17
-21
-20
-18
-19
-12
-6
-4
4
10
14
21
27
29
34
37
40
43
42
43
45
44
42
39
34
31
29
24
20
21
19
18
20
18
20
24
23
25
28
29
34
37
37
40
43
44
44
44
45
43
40
40
34
30
32
27
22
19
12
10
6
0
-1
-4
-8
-5
-5
-9
-5
-7
-5
-7
-11
-12
-15
-17
-18
-23
-26
-22
-26
-31
-30
-37
-41
-43
-50
-57
-59
-63
-63
-64
-65
-61
-59
-57
-55
-53
-49
-46
-44
-41
-39
-34
-30
-26
-20
-13
-8
-3
-1
3
6
6
7
4
6
9
6
8
12
11
12
15
14
15
18
14
14
16
15
15
16
18
18
20
20
19
20
20
18
21
18
17
22
18
17
20
16
16
13
10
8
6
3
0
-3
-7
-10
-14
-19
-22
-24
-29
-29
-30
-33
-30
-28
-29
-24
-17
-19
-12
-6
-8
3
7
6
18
22
21
32
31
30
37
31
27
29
20
16
17
8
3
2
-7
-13
-16
-24
-27
-31
-39
-41
-42
-47
-46
-44
-45
-42
-38
-38
-33
-26
-28
-22
-15
-17
-10
-6
-9
-5
-3
-7
-3
-4
-8
-4
-7
-10
-7
-9
-11
-8
-12
-12
-7
-10
-9
-6
-7
-4
2
2
6
10
10
14
13
11
13
14
10
12
14
11
15
16
13
15
15
12
11
10
6
6
4
1
1
3
-1
3
6
4
6
5
3
4
2
-1
1
-1
0
2
1
2
5
1
-1
0
-4
-6
-6
-13
-14
-13
-17
-14
-14
-14
-11
-12
-12
-9
-10
-10
-9
-10
-7
-3
-3
-1
4
3
5
7
5
6
4
2
4
5
5
4
4
6
5
6
7
4
5
6
6
7
10
8
9
12
10
10
12
6
6
6
4
8
7
5
9
9
9
14
14
15
19
19
22
28
29
32
34
33
37
38
34
33
27
20
19
10
3
1
-6
-9
-8
-12
-12
-12
-16
-14
-11
-11
-5
-2
3
14
21
30
40
41
47
52
49
50
50
42
39
36
29
29
24
16
14
11
5
5
0
-5
-6
-7
-5
-2
-1
4
8
11
18
23
23
24
22
18
20
15
10
8
1
-4
-6
-14
-20
-25
-34
-41
-46
-54
-60
-65
-69
-69
-69
-68
-66
-67
-65
-60
-58
-53
-50
-46
-40
-31
-26
-17
-13
-8
-1
2
7
10
13
14
15
17
19
19
21
20
17
19
19
18
17
17
16
15
13
12
9
7
5
5
5
6
6
6
7
9
9
7
6
1
1
-2
-4
-5
-8
-9
-8
-9
-9
-9
-10
-11
-11
-12
-12
-14
-17
-16
-16
-16
-13
-11
-9
-6
-4
-3
-1
-2
-2
-4
-6
-7
-6
-5
-4
-3
1
2
3
5
3
2
3
3
4
5
5
7
8
5
5
3
-1
-2
-6
-9
-9
-11
-12
-13
-16
-19
-19
-23
-26
-25
-27
-24
-21
-22
-19
-14
-14
-10
-6
-3
1
4
7
10
12
10
9
8
4
4
2
-1
0
-1
-2
0
-3
-6
-6
-11
-12
-9
-9
-8
-3
-3
-1
6
7
11
16
19
24
29
32
35
37
35
31
31
29
24
23
19
19
17
14
9
1
-4
-13
-21
-25
-30
-34
-35
-37
-40
-38
-38
-39
-38
-34
-34
-31
-23
-18
-13
-8
-4
-3
0
4
6
9
17
21
23
27
25
22
24
19
16
18
15
15
20
20
20
20
16
13
10
7
7
8
10
15
16
18
17
16
13
13
11
10
11
11
12
14
14
14
16
13
10
9
7
2
5
5
1
3
2
-3
-2
-2
-5
-5
-7
-9
-12
-15
-15
-17
-14
-12
-13
-13
-12
-13
-16
-14
-16
-17
-16
-15
-14
-9
-2
1
3
5
0
-4
-3
-4
-4
3
7
10
14
16
12
11
11
9
8
8
8
10
15
18
20
22
20
13
10
6
3
2
2
-1
-3
-4
-6
-8
-6
-9
-12
-16
-20
-22
-20
-16
-13
-7
-6
-5
-5
-3
1
5
12
15
14
16
17
19
23
26
24
20
20
19
16
23
24
20
20
19
9
5
7
1
-5
-4
-6
-15
-13
-8
-12
-12
-5
-14
-26
-28
-32
-40
-35
-28
-29
-25
-14
-12
-16
-18
-22
-32
-37
-30
-25
-22
-12
-4
-6
-6
0
-10
-23
-20
-17
-17
1
17
13
10
13
3
-5
1
5
0
7
18
17
21
31
30
24
22
17
6
7
17
21
27
33
25
18
20
23
26
27
20
7
-6
-10
-4
4
9
12
11
5
5
7
2
-5
-12
-22
-27
-21
-12
-5
3
5
-1
-7
-14
-18
-21
-20
-21
-23
-26
-27
-25
-20
-16
-10
-7
-11
-12
-13
-15
-19
-21
-23
-23
-11
0
5
9
10
4
3
5
1
-2
-2
-3
-3
3
7
4
-2
-5
-11
-7
-2
-4
-9
-18
-29
-37
-40
-38
-32
-30
-29
-27
-28
-28
-26
-29
-35
-38
-39
-34
-18
3
20
30
33
19
6
3
7
22
46
59
63
73
82
90
102
98
67
31
-3
-28
-21
12
42
62
73
59
29
7
-22
-55
-70
-66
-51
-9
48
90
114
116
89
46
15
2
9
30
54
61
57
57
62
69
69
49
2
-57
-99
-119
-116
-92
-66
-52
-33
-3
17
28
32
5
-38
-61
-73
-70
-26
25
53
74
76
37
-3
-26
-56
-71
-59
-59
-61
-37
-21
-24
-18
-27
-54
-51
-24
-2
31
64
63
55
63
63
64
83
92
93
109
115
96
76
48
6
-11
-9
-12
2
20
13
3
-3
-25
-42
-33
-24
-16
4
7
-10
-10
-3
-3
14
26
14
6
-1
-23
-41
-51
-72
-84
-75
-70
-63
-51
-50
-54
-45
-46
-57
-46
-40
-38
-10
18
27
39
48
37
40
59
64
77
88
86
90
113
131
128
120
97
75
70
76
82
82
79
76
91
115
139
168
181
179
174
164
159
164
187
208
227
245
248
240
223
211
192
170
156
151
158
180
202
193
160
112
48
19
28
39
41
47
47
32
18
-3
-39
-93
-130
-127
-122
-105
-84
-89
-95
-98
-108
-128
-155
-196
-246
-292
-307
-306
-306
-269
-237
-232
-208
-185
-153
-90
-30
-18
-60
-119
-207
-325
-364
-338
-426
-530
-557
-731
-951
-1026
-1128
-1315
-1435
-1506
-1604
-1613
-1509
-1470
-1506
-1513
-1536
-1515
-1344
-1178
-1083
-952
-804
-581
-170
341
854
1328
1676
1880
1998
2071
2140
2209
2263
2263
2166
2022
1883
1749
1614
1422
1141
820
519
314
272
325
370
399
387
346
354
428
530
638
747
828
895
968
1036
1087
1107
1077
964
794
606
405
232
79
-74
-230
-398
-560
-681
-758
-814
-854
-923
-1002
-1037
-1038
-979
-868
-765
-680
-614
-593
-593
-585
-585
-562
-510
-484
-459
-415
-371
-363
-383
-408
-466
-537
-604
-671
-708
-656
-585
-601
-657
-711
-721
-601
-451
-450
-573
-682
-723
-628
-456
-436
-580
-708
-764
-768
-718
-732
-861
-927
-920
-946
-955
-921
-892
-842
-794
-824
-831
-773
-726
-615
-361
38
532
985
1217
1220
1151
1105
1105
1133
1185
1247
1297
1324
1297
1235
1201
1213
1187
1039
823
634
559
648
831
940
885
747
600
512
516
535
504
448
408
375
390
456
519
555
530
441
324
272
316
402
475
469
374
256
186
168
186
209
174
83
-27
-117
-154
-148
-135
-160
-229
-313
-373
-391
-383
-367
-383
-403
-405
-399
-373
-328
-283
-258
-235
-232
-251
-251
-229
-204
-179
-170
-194
-222
-218
-197
-168
-157
-174
-205
-232
-230
-207
-187
-191
-191
-180
-165
-131
-90
-52
-21
5
18
27
54
90
130
169
190
191
175
155
141
125
98
79
62
34
18
4
-18
-47
-73
-94
-120
-129
-118
-103
-90
-79
-76
-74
-57
-45
-34
-21
-11
0
6
18
26
22
17
-10
-47
-72
-89
-99
-98
-105
-125
-127
-119
-103
-79
-56
-43
-34
-7
19
46
80
110
134
165
203
223
234
238
229
215
199
171
130
99
82
65
56
45
23
8
12
19
18
25
23
21
32
48
64
86
103
104
103
94
85
90
85
68
59
46
29
25
19
-11
-42
-66
-103
-134
-141
-140
-148
-138
-129
-135
-128
-117
-117
-117
-111
-106
-97
-74
-47
-22
-4
-10
-25
-32
-39
-62
-76
-86
-116
-127
-126
-145
-154
-137
-128
-127
-101
-87
-82
-48
-7
24
58
84
94
112
133
142
147
152
164
177
189
196
198
207
211
192
158
117
88
80
78
74
67
49
38
31
6
-11
-20
-16
8
7
-4
15
29
38
52
33
2
-4
-17
-30
-25
-33
-45
-55
-76
-88
-87
-89
-111
-128
-132
-133
-130
-131
-131
-125
-93
-63
-64
-74
-77
-62
-37
-17
-10
-17
-35
-45
-37
-33
-23
-29
-48
-20
18
22
13
-4
10
38
24
14
29
37
56
56
12
5
53
85
77
57
43
32
55
81
59
34
-3
-22
30
62
44
3
-56
-23
49
4
-25
11
-17
-45
-55
-105
-75
3
-8
-50
-62
-95
-51
81
96
74
98
29
-13
34
63
138
147
5
-65
-83
-34
100
-9
-187
-139
-108
-98
-46
-54
-68
-74
-77
-141
-171
-11
38
-66
11
-43
26
889
1425
1012
514
84
-281
60
596
254
-233
-129
-21
33
117
-286
-685
-527
-530
-648
-446
-228
82
342
45
-342
-356
-193
68
181
-123
-356
-117
244
476
472
217
-23
-38
-15
-86
-63
27
31
35
137
209
236
233
72
-127
-156
-178
-242
-162
-53
-60
-94
-180
-282
-204
-129
-196
-195
-148
-108
4
72
-8
20
137
156
121
71
9
7
106
122
55
44
53
53
80
103
61
44
28
-65
-116
-83
-22
66
116
53
-12
1
-13
-44
-12
-35
-43
60
99
95
162
186
160
160
82
12
74
129
105
56
-6
-38
-1
40
-1
-27
-7
-31
-51
-27
-29
-22
36
37
-46
-87
-111
-135
-112
-115
-167
-168
-140
-145
-163
-193
-232
-215
-158
-147
-148
-128
-114
-112
-92
-92
-92
-23
-19
-92
-149
-184
-170
-98
-34
-47
-23
12
26
71
86
73
34
21
-10
-44
-5
10
-22
-83
-156
-258
-301
-258
-226
-192
-205
-226
-173
-70
10
40
45
-12
-46
-35
-45
14
104
100
64
95
104
17
-9
47
67
94
140
148
176
294
317
237
241
236
262
337
351
321
356
462
480
506
525
536
608
662
715
699
728
772
764
761
714
692
659
674
639
569
555
479
466
393
304
304
300
324
335
354
283
227
242
217
219
179
123
52
18
20
-20
29
60
53
47
0
-50
-93
-75
-91
-137
-177
-284
-370
-439
-487
-530
-574
-576
-643
-720
-782
-819
-817
-825
-834
-906
-961
-1003
-1043
-1057
-1079
-1065
-1081
-1080
-1065
-1108
-1135
-1166
-1177
-1188
-1218
-1260
-1329
-1353
-1310
-1204
-1140
-1159
-1222
-1345
-1433
-1465
-1493
-1575
-1649
-1654
-1614
-1283
-582
252
1076
1747
2102
2271
2519
2808
3024
3135
3154
3111
3039
3052
3067
2947
2678
2207
1559
935
540
374
333
277
175
67
-24
0
78
148
176
140
120
176
390
699
942
1059
1079
957
772
700
651
624
582
459
354
278
267
274
227
91
-122
-325
-490
-472
-358
-247
-151
-166
-153
-38
208
451
564
528
279
121
147
282
473
567
572
371
189
99
-26
-80
-207
-408
-648
-734
-675
-617
-464
-487
-643
-832
-971
-925
-847
-692
-638
-664
-664
-676
-634
-618
-586
-655
-769
-879
-1057
-1112
-1139
-1132
-1127
-1232
-1392
-1625
-1800
-1939
-2012
-2021
-2013
-1934
-1903
-1893
-1865
-1797
-1769
-1765
-1704
-1782
-1841
-1729
-1595
-1541
-1522
-1478
-1530
-1407
-923
-224
550
1362
2081
2344
2449
2657
2801
2945
3144
3306
3201
3093
3085
2993
2848
2573
2178
1552
978
694
514
475
462
416
258
114
131
165
269
355
372
297
298
567
824
1080
1269
1238
1116
992
920
800
735
674
463
247
92
36
-33
-82
-149
-386
-586
-727
-787
-738
-621
-482
-424
-371
-302
-189
-65
15
81
86
92
127
178
288
423
507
489
433
348
248
213
185
150
155
159
197
294
416
521
572
540
416
301
223
197
246
304
346
282
198
143
83
50
-24
-123
-258
-318
-305
-306
-298
-348
-423
-558
-698
-807
-921
-966
-1001
-1012
-1000
-972
-905
-842
-777
-791
-831
-873
-933
-914
-852
-764
-727
-783
-904
-1111
-1313
-1518
-1683
-1751
-1772
-1721
-1673
-1670
-1683
-1700
-1795
-2018
-2215
-2368
-2404
-2202
-1868
-1563
-1355
-1174
-1086
-991
-633
-22
771
1625
2331
2778
3077
3399
3679
3784
3738
3590
3349
3093
2929
2820
2669
2415
2011
1486
958
588
403
256
120
17
-69
-98
-16
154
289
386
457
464
511
650
850
1058
1183
1207
1146
1035
917
839
736
557
346
108
-74
-178
-205
-212
-300
-440
-580
-677
-717
-660
-558
-513
-479
-401
-278
-151
10
126
125
105
88
108
166
290
422
468
467
423
380
326
288
227
125
88
56
88
251
484
669
682
558
285
63
52
123
223
339
426
370
309
304
229
148
17
-184
-407
-490
-363
-224
-143
-184
-358
-593
-772
-832
-874
-896
-945
-1016
-1041
-1010
-938
-918
-977
-1140
-1322
-1411
-1465
-1488
-1503
-1602
-1775
-1915
-1970
-1956
-1862
-1745
-1738
-1846
-1950
-1998
-2019
-2035
-2013
-2030
-2095
-2118
-2110
-2044
-1960
-1864
-1762
-1503
-787
282
1449
2348
2866
3089
3117
3264
3450
3633
3784
3808
3694
3415
3203
2985
2706
2259
1565
907
324
91
171
317
482
526
501
383
372
476
542
661
724
804
917
1096
1302
1382
1371
1154
847
553
344
295
237
184
73
-84
-190
-257
-307
-382
-458
-571
-652
-637
-505
-303
-164
-35
10
-21
2
57
92
102
129
74
15
38
102
191
222
229
168
102
79
63
107
116
157
201
225
276
280
339
440
545
611
647
606
448
410
385
315
300
299
228
102
73
-28
-144
-150
-163
-200
-242
-191
-168
-166
-155
-213
-303
-444
-522
-612
-713
-752
-805
-843
-911
-956
-1004
-1074
-1129
-1193
-1230
-1303
-1342
-1365
-1477
-1622
-1797
-1961
-2070
-2121
-2206
-2341
-2377
-2306
-2160
-1934
-1770
-1837
-2034
-2203
-2326
-2282
-2028
-1873
-2012
-2050
-1591
-621
705
2053
2919
3123
3143
3243
3326
3505
3794
3910
3702
3448
3255
3045
2904
2660
2039
1105
303
-88
-88
226
576
710
592
425
371
393
494
642
731
762
876
1080
1302
1514
1569
1312
834
381
59
-56
19
82
-10
-159
-258
-384
-471
-466
-512
-606
-618
-506
-367
-158
105
210
148
43
-79
-211
-210
-108
-59
-58
-45
-11
12
35
18
-64
-127
-102
-2
106
233
345
418
432
379
329
281
268
245
249
284
290
411
609
766
822
816
661
357
225
170
122
175
284
281
141
79
-52
-209
-261
-271
-252
-221
-55
87
123
103
-28
-240
-521
-664
-699
-690
-606
-590
-638
-775
-921
-1033
-1129
-1181
-1233
-1254
-1347
-1440
-1397
-1361
-1404
-1533
-1749
-2070
-2348
-2376
-2298
-2180
-1990
-1847
-1883
-2001
-2067
-2300
-2619
-2727
-2650
-2416
-2124
-1848
-1475
-660
633
1948
3000
3552
3686
3708
3749
3790
3768
3784
3685
3403
3063
2666
2220
1673
1119
459
-237
-628
-698
-488
-72
377
562
530
552
568
664
855
1031
1184
1377
1584
1624
1585
1463
1162
744
261
-129
-362
-396
-320
-317
-378
-490
-618
-764
-829
-765
-691
-547
-365
-167
71
274
397
380
291
181
107
104
112
218
306
296
283
254
177
69
27
-34
-76
-12
51
138
190
240
281
223
127
68
75
85
192
344
414
498
542
532
477
502
628
713
723
629
490
248
64
61
27
-12
-14
-47
-180
-200
-93
-66
-22
-19
-48
-110
-176
-171
-204
-299
-456
-566
-735
-890
-830
-802
-851
-880
-899
-996
-1085
-1058
-1103
-1136
-1132
-1153
-1196
-1264
-1293
-1393
-1552
-1718
-1900
-2079
-2220
-2153
-1945
-1736
-1645
-1740
-1995
-2429
-2765
-2823
-2805
-2716
-2480
-2324
-2149
-1248
347
1771
2819
3544
3625
3390
3479
3686
3617
3616
3709
3338
2722
2304
1906
1255
558
79
-403
-669
-460
-56
288
603
902
846
692
861
1211
1510
1690
1890
1938
1868
1812
1613
1280
891
581
181
-228
-329
-266
-221
-287
-365
-499
-641
-653
-601
-436
-231
-18
129
166
254
376
414
296
186
131
59
42
41
48
53
17
-106
-262
-337
-372
-364
-334
-294
-219
-157
-143
-152
-116
-48
-32
-64
-69
15
113
223
311
329
360
402
380
352
403
431
380
316
258
220
308
519
673
715
685
538
234
22
17
21
38
123
162
55
-25
-92
-278
-363
-316
-244
-209
-165
-133
-199
-317
-507
-668
-801
-899
-868
-801
-703
-597
-543
-620
-812
-971
-1115
-1220
-1253
-1247
-1228
-1317
-1486
-1749
-2075
-2290
-2447
-2504
-2493
-2408
-2215
-2132
-2197
-2441
-2665
-2917
-3132
-3053
-2912
-2268
-808
1091
2683
3691
4174
3791
3282
3107
3047
3065
3214
3417
3111
2675
2288
1624
712
-212
-772
-1229
-1258
-654
106
818
1350
1614
1348
1037
1121
1312
1571
1912
2288
2393
2276
2062
1569
962
431
-23
-456
-632
-446
-224
-71
23
-54
-320
-547
-611
-547
-321
22
315
472
571
597
480
243
11
-165
-293
-297
-228
-165
-163
-250
-454
-727
-912
-978
-914
-770
-591
-403
-266
-182
-176
-205
-246
-245
-166
-50
130
309
430
459
457
467
454
452
453
488
558
646
692
624
534
478
435
385
350
348
350
375
417
497
635
704
656
514
293
77
-39
-48
-55
24
155
124
-11
-134
-210
-299
-318
-269
-289
-267
-230
-230
-288
-395
-511
-717
-943
-1147
-1229
-1188
-1169
-1123
-1161
-1318
-1474
-1551
-1582
-1683
-1759
-1919
-2137
-2206
-2246
-2289
-2315
-2238
-2156
-2163
-2175
-2332
-2464
-2541
-2632
-2720
-2644
-1863
-446
1192
2557
3408
3672
3386
3181
3094
3020
3061
3130
2996
2579
2313
1971
1299
513
-180
-658
-917
-686
-114
556
1216
1635
1669
1383
1248
1380
1621
1911
2204
2395
2297
2003
1573
1013
429
-73
-450
-678
-632
-420
-250
-185
-228
-355
-516
-588
-482
-196
196
541
732
752
668
496
196
-94
-296
-448
-524
-522
-511
-529
-528
-629
-863
-1024
-1062
-990
-806
-527
-240
-2
179
232
245
279
287
305
354
435
512
613
672
596
550
523
445
382
426
524
552
614
613
520
452
402
334
222
203
196
148
137
160
242
310
383
423
413
410
350
249
137
74
78
82
55
-18
-86
-175
-332
-489
-662
-846
-961
-979
-936
-900
-852
-866
-959
-1020
-1079
-1138
-1202
-1164
-1042
-970
-916
-899
-906
-1018
-1193
-1389
-1651
-1824
-1851
-1811
-1860
-1923
-1930
-2003
-2017
-1961
-2018
-2179
-2273
-2350
-2510
-2564
-2466
-2059
-920
733
2237
3376
4033
3944
3418
3071
2857
2715
2891
3097
2899
2441
2018
1375
423
-366
-829
-1095
-1064
-479
357
1025
1591
1917
1768
1414
1404
1632
1826
2195
2619
2702
2392
1956
1359
590
7
-354
-622
-712
-559
-384
-330
-302
-366
-549
-717
-756
-608
-250
221
610
817
813
581
240
-75
-347
-513
-548
-497
-448
-380
-318
-385
-520
-666
-799
-869
-763
-502
-240
44
268
336
260
141
16
-121
-102
29
168
316
482
580
539
483
406
316
299
376
525
685
830
881
800
651
487
364
264
200
230
311
358
350
333
252
88
-24
-106
-167
-127
-19
20
-48
-129
-282
-483
-635
-724
-736
-726
-654
-588
-573
-568
-583
-595
-667
-700
-692
-676
-609
-565
-546
-622
-743
-890
-1079
-1200
-1299
-1394
-1586
-1833
-2038
-2248
-2377
-2400
-2283
-2150
-2028
-1847
-1835
-1936
-1937
-1852
-1915
-2045
-2068
-2324
-2411
-1634
-210
1241
2521
3531
3729
3476
3375
3191
2921
2953
3259
3080
2559
2229
1790
1131
475
28
-426
-645
-285
226
773
1397
1964
2017
1674
1561
1632
1812
2076
2377
2445
2184
1840
1268
580
13
-364
-681
-956
-933
-774
-628
-527
-499
-558
-664
-623
-443
-89
386
810
1064
1071
910
643
343
27
-226
-341
-418
-478
-496
-498
-588
-719
-860
-1026
-1098
-995
-742
-462
-156
90
164
108
41
53
95
226
388
516
627
706
723
641
596
537
460
426
387
418
503
587
544
464
379
239
198
204
232
249
253
191
51
-27
-86
-82
-69
-80
-66
-64
-47
-36
-8
-46
-148
-240
-350
-396
-365
-295
-311
-432
-593
-767
-888
-966
-992
-959
-877
-808
-823
-871
-958
-1100
-1293
-1481
-1630
-1739
-1712
-1649
-1691
-1792
-1829
-1912
-2081
-1995
-1790
-1773
-1833
-1906
-2192
-2446
-2203
-1970
-2059
-2183
-2323
-2212
-1225
553
2100
3190
3872
3837
3485
3291
3285
3299
3477
3541
3110
2585
2136
1706
1129
536
59
-387
-571
-371
202
853
1435
1789
1653
1391
1339
1516
1777
2131
2423
2357
2050
1573
1010
485
46
-349
-667
-768
-719
-575
-407
-340
-424
-586
-737
-806
-610
-151
341
691
879
871
655
381
124
-122
-291
-375
-453
-553
-606
-642
-757
-891
-1012
-1091
-1056
-875
-593
-294
32
249
329
371
399
445
508
631
698
712
707
641
577
512
497
476
452
473
524
560
521
492
422
307
274
303
328
357
391
327
205
121
62
5
-18
18
95
150
165
160
48
-136
-296
-425
-558
-622
-585
-583
-589
-603
-681
-829
-974
-1042
-1077
-1058
-994
-908
-865
-890
-952
-1082
-1264
-1492
-1746
-1934
-1973
-1922
-1856
-1833
-1865
-1908
-1952
-1951
-1905
-1867
-1901
-1886
-1925
-2123
-2057
-1769
-1744
-1950
-2087
-2391
-2418
-1170
682
2122
3267
4097
4020
3569
3551
3455
3239
3406
3614
3200
2596
2372
2038
1352
619
71
-452
-716
-313
387
1037
1653
2078
1831
1261
1141
1327
1526
1834
2233
2312
2090
1842
1419
810
245
-196
-682
-1012
-902
-591
-380
-303
-334
-574
-846
-898
-773
-480
6
496
713
728
669
481
241
18
-210
-414
-513
-551
-583
-560
-553
-635
-795
-955
-983
-829
-523
-157
201
470
602
630
576
543
574
596
568
543
570
600
589
517
414
342
292
248
235
301
425
508
507
436
368
397
473
483
438
410
340
219
154
74
-53
-128
-168
-240
-276
-239
-300
-441
-533
-624
-718
-764
-745
-717
-653
-589
-648
-788
-923
-948
-884
-759
-625
-621
-773
-997
-1175
-1383
-1618
-1835
-2038
-2100
-1995
-1855
-1820
-1768
-1763
-1938
-2123
-2267
-2338
-2283
-2105
-2054
-2123
-2049
-1951
-1911
-1914
-1880
-1918
-1910
-1287
26
1601
2895
3721
3837
3456
3345
3410
3383
3500
3869
3839
3263
2733
2186
1594
1077
614
72
-323
-202
132
521
985
1478
1636
1346
1163
1242
1496
1864
2251
2379
2203
1988
1561
981
574
335
14
-386
-581
-623
-562
-445
-437
-591
-766
-790
-760
-661
-344
64
294
323
311
226
76
41
33
-98
-221
-246
-353
-539
-537
-486
-601
-725
-730
-680
-545
-210
131
324
450
514
453
318
306
390
425
424
459
511
508
526
525
435
329
272
278
333
482
672
793
765
631
536
461
416
462
502
407
240
100
-96
-268
-327
-394
-511
-567
-557
-566
-557
-536
-542
-519
-486
-464
-419
-349
-298
-293
-362
-522
-640
-687
-735
-786
-877
-1017
-1171
-1303
-1432
-1550
-1643
-1734
-1787
-1857
-1937
-1949
-1950
-1903
-1785
-1773
-1899
-1935
-1954
-2115
-2105
-1971
-2027
-2042
-1887
-1834
-1822
-1598
-1504
-1608
-1325
-508
597
1816
2976
3745
3975
3925
3758
3503
3267
3259
3324
3143
2883
2628
2190
1576
964
374
-190
-445
-299
101
584
1032
1369
1439
1349
1339
1437
1580
1783
2029
2127
2047
1903
1657
1252
744
273
-138
-483
-601
-549
-544
-615
-695
-856
-1088
-1146
-1012
-799
-474
-92
194
310
397
450
372
286
240
152
14
-14
18
-60
-158
-281
-488
-723
-836
-769
-634
-417
-125
103
154
165
243
242
288
484
608
628
709
790
757
726
696
616
580
552
506
490
473
458
467
421
308
242
207
122
43
-17
-118
-233
-324
-358
-379
-398
-368
-341
-333
-288
-194
-138
-98
-33
-33
-87
-156
-256
-389
-532
-693
-867
-957
-968
-960
-973
-1065
-1239
-1410
-1507
-1552
-1563
-1604
-1753
-1899
-1930
-1883
-1746
-1541
-1472
-1583
-1737
-1982
-2321
-2517
-2498
-2460
-2442
-2329
-2154
-2050
-1986
-1894
-1974
-2149
-1848
-900
355
1834
3315
4056
4017
3869
3720
3470
3475
3779
3871
3712
3551
3209
2565
1941
1442
736
-19
-336
-294
-112
320
858
1042
954
906
823
771
1058
1583
1977
2220
2377
2288
1949
1601
1284
856
408
64
-226
-460
-520
-496
-608
-834
-1063
-1253
-1358
-1255
-935
-558
-204
88
249
238
199
246
291
327
366
357
286
214
136
-23
-225
-446
-678
-869
-961
-909
-738
-501
-295
-186
-116
-33
84
243
433
590
710
850
927
915
912
900
814
703
615
519
465
501
521
467
379
276
135
-21
-111
-151
-188
-208
-223
-260
-296
-288
-276
-287
-273
-257
-261
-264
-242
-210
-199
-193
-218
-297
-439
-622
-833
-1042
-1148
-1179
-1196
-1210
-1251
-1374
-1559
-1689
-1779
-1822
-1790
-1753
-1757
-1775
-1753
-1696
-1551
-1417
-1464
-1681
-2030
-2383
-2519
-2425
-2349
-2235
-2019
-1977
-2014
-1884
-1814
-1909
-1719
-1155
-441
634
1935
2876
3359
3678
3771
3559
3446
3604
3802
3907
3982
3936
3601
3203
2842
2272
1545
997
659
351
236
374
521
583
582
480
242
91
188
395
641
952
1278
1462
1526
1544
1458
1306
1130
921
663
418
276
193
109
-28
-247
-540
-846
-1080
-1235
-1272
-1193
-1066
-911
-750
-608
-463
-288
-139
-40
48
108
149
198
241
282
304
290
223
110
-12
-117
-190
-233
-221
-186
-148
-64
31
104
183
256
271
275
320
350
402
509
620
693
727
741
701
612
509
432
387
373
400
376
287
173
42
-107
-243
-323
-396
-454
-517
-610
-691
-756
-792
-820
-821
-811
-804
-778
-765
-752
-758
-761
-775
-818
-856
-911
-961
-1003
-1040
-1086
-1173
-1271
-1379
-1447
-1498
-1535
-1525
-1505
-1479
-1473
-1501
-1590
-1716
-1831
-1940
-1983
-1966
-1901
-1803
-1708
-1592
-1453
-1320
-1256
-1229
-1141
-915
-505
17
572
1090
1525
1887
2149
2305
2432
2622
2829
2975
3092
3181
3249
3342
3440
3466
3380
3235
3028
2719
2361
2034
1756
1504
1301
1100
857
632
444
264
84
-65
-185
-281
-340
-355
-310
-231
-139
-30
45
85
114
105
54
-1
-47
-91
-115
-123
-140
-135
-114
-110
-128
-174
-237
-294
-333
-370
-397
-391
-369
-346
-356
-411
-477
-536
-580
-627
-652
-651
-631
-594
-565
-527
-470
-385
-289
-189
-77
26
119
199
255
300
348
407
455
507
550
553
537
525
516
490
466
457
447
438
415
371
307
232
158
87
36
6
2
-2
-38
-84
-136
-215
-301
-352
-371
-370
-335
-296
-280
-280
-302
-350
-399
-431
-443
-439
-440
-445
-445
-444
-460
-489
-540
-612
-669
-715
-751
-776
-789
-804
-823
-860
-938
-1010
-1054
-1063
-1023
-937
-834
-736
-632
-538
-449
-354
-267
-198
-163
-138
-121
-122
-129
-124
-111
-106
-87
-61
-34
12
60
103
156
222
290
372
459
550
656
742
794
841
889
926
960
988
1023
1069
1107
1145
1183
1215
1247
1300
1345
1391
1459
1514
1550
1572
1569
1527
1468
1402
1329
1250
1150
1043
940
840
735
631
520
397
284
170
64
-28
-104
-162
-225
-290
-365
-447
-522
-575
-613
-651
-682
-725
-777
-831
-879
-913
-933
-931
-913
-876
-824
-758
-693
-639
-574
-516
-475
-432
-372
-305
-242
-172
-108
-77
-67
-59
-63
-59
-20
30
60
95
127
123
110
119
137
162
206
244
280
322
352
366
372
359
330
307
276
242
231
222
215
211
204
170
115
54
-12
-72
-130
-171
-194
-208
-233
-281
-338
-416
-499
-575
-641
-689
-725
-754
-811
-883
-963
-1054
-1142
-1222
-1264
-1277
-1265
-1242
-1209
-1165
-1131
-1087
-1046
-1010
-971
-926
-879
-834
-774
-720
-672
-621
-582
-531
-454
-347
-216
-64
89
230
378
533
690
853
1033
1209
1351
1471
1571
1654
1733
1795
1849
1901
1950
1985
2012
2023
2007
1994
1968
1918
1877
1850
1815
1767
1721
1661
1576
1461
1324
1177
1005
837
695
562
441
346
250
123
-3
-127
-271
-404
-500
-560
-603
-634
-672
-730
-819
-930
-1025
-1104
-1166
-1206
-1224
-1244
-1259
-1255
-1266
-1285
-1269
-1219
-1166
-1100
-1008
-912
-802
-673
-559
-481
-412
-339
-265
-174
-75
11
73
102
117
128
142
176
232
281
314
354
378
383
400
434
466
498
537
560
576
594
612
624
618
599
563
514
466
443
429
404
371
326
267
194
109
16
-72
-143
-217
-273
-315
-375
-452
-532
-638
-761
-848
-919
-993
-1033
-1060
-1126
-1216
-1309
-1425
-1534
-1590
-1607
-1588
-1548
-1516
-1492
-1457
-1409
-1353
-1271
-1170
-1062
-948
-840
-747
-665
-565
-461
-370
-259
-122
30
190
370
544
693
841
974
1095
1217
1356
1500
1621
1728
1833
1932
2003
2057
2110
2130
2143
2159
2162
2145
2131
2117
2062
1980
1907
1846
1768
1682
1603
1501
1393
1294
1169
1013
853
693
508
327
175
54
-43
-134
-225
-336
-467
-601
-725
-833
-899
-919
-931
-936
-957
-1013
-1086
-1160
-1230
-1279
-1305
-1339
-1352
-1326
-1292
-1255
-1214
-1180
-1150
-1099
-1030
-957
-865
-751
-626
-511
-394
-274
-165
-74
13
106
200
286
346
378
392
426
494
561
614
664
700
705
704
713
710
702
707
715
705
697
699
684
648
609
554
461
369
298
228
165
117
73
21
-34
-102
-186
-267
-336
-395
-452
-515
-570
-626
-692
-766
-843
-917
-983
-1036
-1083
-1136
-1199
-1274
-1371
-1486
-1595
-1674
-1711
-1707
-1672
-1640
-1610
-1575
-1529
-1452
-1338
-1197
-1049
-899
-759
-622
-472
-324
-188
-51
89
229
376
538
705
866
1016
1129
1214
1285
1356
1443
1533
1626
1733
1845
1924
1985
2033
2043
2041
2060
2075
2071
2088
2107
2102
2104
2090
2024
1923
1808
1686
1573
1475
1374
1265
1131
977
815
628
430
250
84
-57
-160
-253
-357
-458
-581
-730
-872
-989
-1080
-1142
-1169
-1185
-1203
-1220
-1253
-1313
-1366
-1404
-1431
-1425
-1398
-1357
-1303
-1248
-1187
-1123
-1062
-997
-908
-818
-721
-607
-497
-382
-268
-155
-43
66
177
284
366
428
486
533
569
604
637
680
723
757
773
748
707
678
665
668
683
685
673
654
619
584
534
465
409
350
283
211
152
97
39
-19
-78
-145
-226
-291
-361
-445
-515
-592
-683
-768
-836
-896
-960
-1032
-1099
-1157
-1222
-1272
-1304
-1348
-1383
-1416
-1462
-1510
-1550
-1574
-1601
-1626
-1623
-1585
-1532
-1439
-1312
-1189
-1063
-933
-813
-702
-581
-433
-269
-100
87
281
454
625
785
909
1029
1163
1301
1438
1565
1679
1791
1894
1976
2039
2083
2116
2160
2208
2238
2256
2265
2252
2199
2139
2088
2020
1949
1879
1792
1695
1603
1489
1360
1224
1088
957
811
667
530
373
209
60
-85
-217
-331
-455
-587
-713
-839
-955
-1055
-1145
-1208
-1258
-1299
-1321
-1332
-1329
-1324
-1336
-1348
-1339
-1327
-1316
-1301
-1271
-1236
-1197
-1145
-1086
-1017
-916
-809
-723
-629
-523
-438
-351
-237
-116
9
132
246
353
451
545
624
682
731
787
836
870
900
934
952
927
886
838
799
778
756
728
743
790
800
729
586
508
522
509
490
467
390
390
406
328
278
226
79
-58
-184
-345
-470
-608
-776
-921
-1088
-1288
-1512
-1768
-1985
-2147
-2323
-2477
-2606
-2744
-2878
-3018
-3172
-3300
-3361
-3364
-3378
-3417
-3403
-3254
-2918
-2473
-1997
-1526
-1099
-716
-371
-84
260
774
1365
1938
2438
2841
3227
3649
4008
4245
4372
4423
4442
4423
4368
4346
4372
4382
4302
4024
3588
3124
2673
2236
1819
1445
1127
834
520
190
-151
-443
-660
-896
-1175
-1399
-1534
-1571
-1500
-1407
-1308
-1182
-1091
-1065
-1081
-1086
-975
-766
-561
-382
-238
-117
-2
73
76
45
22
1
-36
-79
-61
31
110
103
16
-134
-288
-391
-472
-545
-535
-464
-448
-491
-523
-530
-495
-414
-334
-268
-158
12
191
350
502
636
742
837
968
1116
1261
1413
1505
1503
1466
1427
1382
1357
1313
1211
1067
863
643
445
237
75
-46
-221
-425
-626
-849
-1039
-1173
-1272
-1333
-1380
-1412
-1458
-1558
-1622
-1637
-1704
-1779
-1830
-1899
-1924
-1889
-1880
-1879
-1859
-1883
-2023
-2242
-2411
-2502
-2559
-2568
-2563
-2596
-2641
-2741
-2942
-3109
-3134
-3163
-3311
-3364
-3008
-2185
-1085
-99
424
547
579
708
1027
1702
2802
4025
4908
5252
5160
4922
4884
5092
5268
5332
5428
5469
5311
4985
4531
3964
3324
2577
1737
1024
676
663
614
227
-413
-1162
-1917
-2398
-2510
-2331
-1855
-1331
-1166
-1340
-1525
-1498
-1261
-908
-495
-66
349
746
988
1039
1119
1264
1279
1173
1106
1171
1325
1417
1280
869
358
-72
-426
-654
-679
-612
-640
-887
-1330
-1724
-1867
-1758
-1511
-1273
-1075
-888
-771
-723
-659
-480
-150
205
466
711
1002
1290
1521
1635
1624
1616
1689
1766
1825
1901
1941
1813
1512
1163
859
692
666
615
464
254
9
-269
-562
-751
-761
-710
-701
-753
-896
-1050
-1080
-1056
-1091
-1086
-978
-876
-825
-810
-838
-887
-931
-1022
-1181
-1310
-1352
-1379
-1521
-1767
-1965
-2140
-2355
-2503
-2583
-2692
-2850
-3086
-3367
-3509
-3478
-3434
-3449
-3522
-3597
-3585
-3490
-3306
-3094
-3030
-2987
-2550
-1523
-169
986
1588
1738
1743
1873
2367
3293
4521
5746
6390
6166
5566
5177
5114
5271
5461
5481
5292
4925
4317
3540
2827
2263
1699
1006
357
8
-106
-245
-604
-1230
-1918
-2330
-2413
-2259
-1792
-1146
-732
-693
-866
-977
-723
-91
596
1113
1473
1705
1754
1672
1635
1715
1819
1821
1669
1416
1207
1067
791
302
-213
-598
-896
-1131
-1266
-1374
-1513
-1694
-1997
-2298
-2295
-1979
-1596
-1309
-1140
-1044
-906
-675
-365
54
560
1023
1309
1393
1437
1565
1706
1794
1834
1814
1789
1733
1561
1309
1085
874
611
354
175
73
5
-128
-350
-589
-736
-754
-730
-677
-566
-480
-463
-492
-540
-538
-416
-243
-145
-104
-73
-97
-178
-292
-419
-515
-598
-706
-865
-1078
-1314
-1612
-1972
-2271
-2453
-2592
-2794
-3049
-3305
-3466
-3448
-3369
-3386
-3474
-3573
-3615
-3606
-3527
-3308
-2988
-2682
-2478
-2437
-2452
-2299
-1758
-803
374
1385
1894
1959
1905
2036
2567
3371
4224
4933
5250
5078
4649
4315
4264
4378
4480
4410
4134
3741
3276
2761
2209
1676
1225
786
411
212
114
-57
-398
-865
-1267
-1437
-1314
-1003
-642
-349
-205
-189
-220
-93
289
719
1058
1296
1433
1530
1593
1605
1582
1561
1533
1415
1198
937
692
439
53
-351
-637
-864
-997
-1110
-1335
-1528
-1641
-1759
-1830
-1754
-1563
-1346
-1136
-967
-828
-640
-402
-114
169
434
725
937
1030
1148
1274
1316
1330
1374
1358
1286
1238
1088
795
554
373
190
34
-53
-130
-282
-448
-549
-627
-628
-537
-465
-442
-376
-249
-113
2
147
278
313
291
289
303
337
365
288
70
-160
-341
-495
-622
-738
-875
-1071
-1349
-1619
-1875
-2125
-2305
-2428
-2553
-2674
-2744
-2783
-2877
-2946
-2943
-2940
-2861
-2666
-2529
-2553
-2617
-2612
-2568
-2432
-2195
-2004
-1922
-1957
-2101
-2109
-1522
-196
1107
1628
1537
1256
1097
1445
2295
3256
4120
4677
4462
3699
3295
3464
3780
3999
3985
3755
3466
3158
2788
2365
1926
1504
1097
730
622
835
841
384
-190
-725
-1018
-768
-259
107
319
309
8
-248
-146
247
749
1106
1214
1243
1235
1194
1201
1155
1042
1015
976
814
721
666
370
-93
-535
-898
-1021
-923
-877
-971
-1172
-1473
-1752
-1857
-1737
-1390
-1015
-856
-851
-856
-828
-648
-311
26
332
596
719
737
768
812
876
937
941
960
1007
953
824
618
325
118
70
50
49
69
-45
-267
-431
-529
-515
-339
-163
-70
-11
4
-3
47
131
227
316
336
316
328
312
239
131
-41
-213
-303
-383
-498
-608
-775
-1035
-1307
-1505
-1628
-1725
-1859
-2063
-2265
-2381
-2432
-2471
-2505
-2487
-2386
-2270
-2238
-2310
-2375
-2348
-2280
-2289
-2365
-2383
-2264
-2045
-1843
-1810
-1963
-2169
-2227
-1809
-761
419
1058
1048
733
550
800
1430
2264
3200
3873
3885
3451
3140
3192
3444
3627
3640
3623
3629
3530
3273
2954
2562
2037
1494
1202
1286
1557
1585
1207
621
60
-293
-283
6
373
656
656
357
77
52
237
481
660
765
845
890
873
813
707
547
365
198
175
336
436
270
-106
-567
-964
-1156
-1134
-1022
-923
-961
-1199
-1496
-1660
-1662
-1546
-1397
-1271
-1159
-1050
-927
-796
-672
-568
-479
-369
-199
75
393
592
620
529
409
401
525
694
821
846
740
547
385
330
346
351
279
185
142
143
174
188
148
84
-4
-79
-57
51
142
180
155
56
-67
-162
-200
-151
-72
-59
-109
-218
-362
-452
-446
-463
-609
-776
-825
-791
-774
-861
-1041
-1168
-1178
-1114
-1052
-1078
-1162
-1219
-1252
-1224
-1096
-1003
-1042
-1125
-1216
-1257
-1173
-1077
-1041
-1013
-1009
-1018
-1001
-978
-923
-838
-755
-671
-620
-583
-467
-264
-63
83
147
182
304
490
638
745
840
909
984
1101
1237
1349
1399
1391
1361
1350
1388
1467
1548
1596
1595
1547
1470
1422
1435
1493
1575
1635
1646
1629
1596
1557
1528
1518
1526
1529
1514
1475
1406
1313
1183
1030
881
748
627
511
395
282
163
10
-167
-328
-461
-577
-647
-678
-714
-766
-832
-924
-1036
-1114
-1131
-1102
-1053
-1004
-1007
-1031
-1050
-1072
-1065
-990
-890
-811
-743
-663
-579
-508
-447
-389
-331
-263
-193
-120
-33
55
109
134
150
180
250
318
362
411
452
474
505
530
547
580
602
603
611
617
616
608
576
545
521
479
440
429
419
400
377
338
283
223
151
63
-32
-117
-191
-272
-378
-502
-616
-716
-810
-878
-934
-1018
-1104
-1175
-1258
-1306
-1292
-1272
-1273
-1293
-1341
-1392
-1412
-1401
-1372
-1338
-1310
-1309
-1339
-1362
-1361
-1361
-1337
-1283
-1223
-1153
-1098
-1086
-1062
-1012
-981
-948
-866
-747
-615
-478
-345
-220
-102
14
138
273
442
653
845
988
1131
1275
1393
1538
1712
1878
2045
2195
2287
2361
2437
2508
2588
2667
2731
2778
2776
2727
2665
2572
2447
2332
2216
2073
1909
1735
1551
1356
1149
944
752
570
378
180
-15
-193
-338
-462
-584
-681
-763
-857
-938
-1000
-1076
-1142
-1172
-1208
-1244
-1263
-1290
-1305
-1306
-1314
-1309
-1285
-1250
-1214
-1181
-1138
-1091
-1043
-988
-929
-856
-757
-658
-580
-508
-458
-415
-334
-235
-123
25
157
260
369
454
524
603
673
734
792
834
876
923
946
944
925
894
867
851
830
812
801
758
650
511
385
292
231
187
116
8
-126
-273
-411
-540
-656
-747
-832
-924
-1005
-1094
-1186
-1260
-1351
-1445
-1482
-1470
-1453
-1445
-1474
-1538
-1600
-1647
-1636
-1585
-1572
-1592
-1621
-1661
-1669
-1649
-1664
-1693
-1682
-1659
-1620
-1531
-1428
-1347
-1271
-1177
-1064
-895
-676
-471
-280
-76
138
368
622
889
1163
1434
1669
1862
2057
2264
2460
2642
2802
2921
3013
3093
3157
3205
3226
3201
3154
3104
3032
2954
2878
2762
2610
2430
2224
2031
1860
1688
1516
1325
1096
841
597
388
211
40
-130
-289
-441
-591
-741
-889
-1023
-1138
-1221
-1271
-1311
-1334
-1352
-1400
-1452
-1480
-1486
-1450
-1391
-1362
-1367
-1378
-1381
-1372
-1338
-1276
-1200
-1133
-1077
-1020
-963
-908
-854
-783
-677
-555
-419
-265
-126
-13
93
179
273
416
584
746
894
1005
1080
1138
1184
1231
1271
1284
1278
1264
1237
1194
1146
1082
998
905
783
647
536
453
353
234
106
-48
-220
-377
-498
-587
-674
-780
-903
-1036
-1153
-1252
-1342
-1417
-1498
-1596
-1679
-1715
-1718
-1725
-1764
-1826
-1894
-1957
-1983
-1960
-1929
-1914
-1904
-1917
-1935
-1923
-1899
-1879
-1843
-1795
-1757
-1698
-1564
-1370
-1183
-1032
-912
-797
-637
-398
-111
162
403
621
839
1090
1390
1693
1956
2184
2374
2533
2709
2913
3088
3201
3252
3270
3294
3327
3342
3316
3230
3106
2966
2810
2674
2561
2429
2270
2099
1904
1690
1483
1275
1076
908
751
578
397
222
49
-127
-292
-452
-604
-725
-816
-892
-981
-1105
-1253
-1389
-1469
-1496
-1517
-1547
-1560
-1562
-1565
-1558
-1545
-1527
-1487
-1442
-1398
-1335
-1259
-1184
-1121
-1082
-1029
-939
-848
-749
-643
-564
-484
-383
-275
-147
13
174
315
442
557
669
790
921
1061
1189
1277
1330
1358
1377
1406
1429
1416
1357
1269
1169
1077
993
908
806
686
554
415
274
136
7
-120
-259
-400
-522
-636
-748
-841
-936
-1043
-1135
-1227
-1322
-1396
-1461
-1534
-1610
-1681
-1742
-1787
-1816
-1830
-1854
-1901
-1950
-1993
-2016
-2000
-1972
-1968
-1977
-1978
-1967
-1914
-1823
-1753
-1724
-1696
-1635
-1524
-1335
-1103
-914
-772
-625
-457
-248
7
265
491
699
910
1129
1368
1631
1888
2098
2265
2426
2580
2722
2869
3012
3112
3176
3219
3234
3224
3190
3129
3035
2917
2789
2652
2517
2395
2269
2104
1903
1709
1527
1340
1160
991
820
653
499
356
209
46
-128
-318
-498
-621
-713
-811
-911
-1025
-1168
-1301
-1402
-1482
-1537
-1571
-1599
-1614
-1619
-1621
-1620
-1617
-1612
-1599
-1565
-1500
-1408
-1313
-1226
-1150
-1069
-980
-877
-760
-624
-485
-372
-275
-171
-57
73
223
386
548
696
811
899
982
1072
1158
1233
1292
1335
1365
1379
1378
1359
1317
1245
1143
1034
931
842
767
685
576
441
290
150
36
-69
-176
-289
-407
-516
-614
-720
-831
-940
-1038
-1121
-1200
-1275
-1341
-1411
-1499
-1584
-1650
-1695
-1732
-1775
-1831
-1888
-1932
-1970
-2011
-2038
-2039
-2031
-2013
-1973
-1928
-1904
-1888
-1855
-1803
-1739
-1662
-1579
-1474
-1311
-1106
-923
-768
-615
-466
-302
-74
173
378
562
765
984
1230
1490
1710
1893
2078
2225
2318
2447
2651
2851
2976
3037
3084
3129
3157
3144
3079
2998
2949
2898
2793
2682
2589
2464
2285
2101
1914
1712
1525
1356
1181
995
812
613
408
237
102
-52
-231
-404
-574
-738
-864
-941
-1024
-1131
-1231
-1311
-1388
-1448
-1489
-1548
-1604
-1625
-1648
-1675
-1676
-1653
-1618
-1568
-1506
-1454
-1413
-1359
-1280
-1198
-1101
-982
-871
-777
-661
-531
-402
-265
-130
-1
129
264
403
538
672
801
914
1013
1096
1163
1228
1286
1325
1346
1356
1363
1368
1333
1267
1203
1130
1043
954
858
754
647
531
410
297
185
52
-104
-264
-414
-551
-672
-781
-894
-1002
-1090
-1166
-1252
-1353
-1456
-1548
-1622
-1676
-1732
-1782
-1805
-1819
-1830
-1824
-1831
-1885
-1965
-2019
-2009
-1936
-1832
-1743
-1700
-1692
-1687
-1679
-1639
-1563
-1500
-1473
-1440
-1351
-1190
-965
-720
-530
-416
-316
-180
7
253
510
714
875
1032
1207
1425
1680
1913
2092
2220
2319
2420
2551
2708
2843
2940
2998
3014
3000
2985
2964
2922
2850
2741
2620
2500
2383
2273
2144
1996
1824
1613
1396
1212
1038
862
684
507
337
184
59
-48
-163
-302
-459
-620
-756
-868
-975
-1076
-1163
-1230
-1276
-1324
-1394
-1475
-1553
-1629
-1690
-1711
-1694
-1659
-1602
-1549
-1534
-1514
-1444
-1373
-1312
-1227
-1147
-1074
-961
-807
-640
-464
-293
-150
-16
158
337
448
537
660
753
803
903
1047
1152
1238
1310
1329
1335
1308
1220
1393
2056
2596
2467
2036
1804
1685
1498
1318
1272
1314
1165
662
132
-87
-182
-483
-902
-1204
-1371
-1459
-1472
-1440
-1477
-1678
-1992
-2285
-2465
-2525
-2511
-2483
-2447
-2398
-2361
-2325
-2284
-2348
-2600
-2919
-3130
-3209
-3120
-2810
-2447
-2287
-2319
-2332
-2240
-2123
-2049
-2057
-2091
-2012
-1763
-1352
-735
24
639
976
1205
1435
1620
1788
2045
2390
2728
2985
3162
3357
3604
3723
3570
3286
3058
2850
2651
2628
2796
2941
2935
2854
2775
2687
2531
2276
2018
1887
1863
1867
1927
2064
2105
1876
1493
1157
864
519
193
-20
-154
-277
-424
-585
-756
-984
-1327
-1708
-1958
-2056
-2090
-2080
-1977
-1813
-1714
-1681
-1623
-1576
-1607
-1669
-1662
-1529
-1269
-967
-709
-495
-340
-302
-384
-444
-390
-286
-188
-67
168
434
586
721
877
892
833
823
877
1030
1238
1411
1589
1759
1797
1714
1611
1528
1412
1262
1195
1189
1196
1185
1108
1000
811
504
205
-42
-247
-387
-434
-420
-409
-498
-671
-840
-1043
-1240
-1370
-1449
-1488
-1521
-1558
-1606
-1682
-1852
-2058
-2225
-2424
-2568
-2617
-2599
-2553
-2529
-2466
-2441
-2499
-2589
-2614
-2540
-2468
-2382
-2243
-2106
-2082
-2012
-1833
-1842
-1864
-1768
-1629
-1414
-1201
-954
-825
-915
-1110
-1221
-896
-60
965
1802
2484
2958
2975
2770
2641
2717
2880
3043
3210
3233
3345
3480
3296
2959
2630
2226
1720
1487
1673
1993
2278
2428
2432
2291
2092
1887
1688
1656
1722
1762
1749
1765
1810
1604
1165
712
310
-67
-362
-466
-480
-470
-545
-789
-1053
-1233
-1362
-1519
-1575
-1446
-1319
-1214
-1063
-910
-842
-857
-914
-996
-1003
-948
-882
-774
-629
-484
-439
-413
-326
-322
-348
-327
-250
-101
92
316
480
622
793
875
908
978
1038
1029
1039
1123
1164
1241
1297
1232
1129
1018
944
813
731
722
706
712
682
668
582
419
356
226
42
-63
-186
-322
-446
-563
-669
-772
-927
-1075
-1173
-1296
-1316
-1258
-1242
-1229
-1318
-1544
-1830
-2085
-2249
-2379
-2436
-2444
-2530
-2578
-2543
-2487
-2443
-2398
-2361
-2392
-2409
-2408
-2353
-2219
-2096
-1957
-1904
-1905
-1901
-1913
-1994
-2068
-1984
-1882
-1866
-1745
-1640
-1725
-1845
-1510
-612
632
1909
2903
3591
3776
3455
3079
2946
3091
3247
3293
3254
3324
3394
3122
2679
2209
1624
1081
928
1245
1753
2324
2665
2763
2827
2770
2601
2368
2218
2227
2229
2292
2417
2431
2120
1566
868
155
-349
-710
-924
-957
-860
-807
-917
-1006
-1074
-1194
-1319
-1367
-1266
-1069
-812
-582
-428
-361
-438
-633
-881
-1038
-1128
-1212
-1214
-1129
-955
-829
-760
-689
-678
-670
-605
-447
-222
69
401
640
830
1006
1102
1061
972
946
891
805
807
859
881
878
893
846
733
669
562
451
482
586
695
783
860
853
754
631
504
378
221
122
93
27
-19
-87
-244
-470
-698
-920
-1114
-1211
-1246
-1270
-1282
-1267
-1257
-1338
-1460
-1591
-1747
-1851
-1894
-1895
-1878
-1902
-2015
-2220
-2399
-2471
-2436
-2286
-2091
-2013
-2003
-1896
-1793
-1849
-1857
-1844
-1938
-1884
-1674
-1578
-1557
-1376
-1320
-1482
-1380
-1200
-1240
-1261
-1237
-1397
-1331
-477
690
1664
2448
2989
3112
2956
2875
2784
2653
2663
2648
2442
2366
2632
2647
2299
1989
1611
1177
979
1113
1401
1761
2170
2445
2608
2744
2774
2583
2323
2189
2075
1930
1884
1867
1699
1396
1046
592
87
-335
-674
-908
-922
-818
-763
-714
-624
-573
-661
-744
-787
-846
-824
-759
-676
-539
-414
-440
-586
-725
-922
-1129
-1270
-1316
-1221
-1069
-934
-781
-585
-446
-345
-201
-120
-31
120
216
350
555
707
790
839
855
803
731
652
574
533
516
553
605
647
701
705
663
636
636
624
643
686
727
779
784
752
718
607
437
270
160
39
-77
-182
-339
-521
-703
-853
-972
-1035
-1052
-1093
-1130
-1161
-1183
-1232
-1285
-1329
-1420
-1514
-1633
-1750
-1870
-2010
-2071
-2065
-2051
-2038
-1997
-1982
-1971
-1893
-1722
-1564
-1603
-1694
-1738
-1871
-1935
-1802
-1684
-1679
-1549
-1354
-1290
-1175
-1038
-1067
-1169
-1120
-1151
-1133
-847
-596
-278
310
974
1467
1889
2309
2517
2628
2661
2615
2540
2471
2408
2223
2153
2235
2196
2024
1866
1771
1589
1529
1630
1757
1907
2042
2224
2391
2544
2613
2520
2417
2265
2056
1797
1565
1346
1047
744
470
214
-79
-294
-436
-646
-760
-813
-880
-908
-867
-798
-761
-682
-589
-553
-571
-577
-610
-749
-857
-954
-1093
-1168
-1168
-1152
-1145
-1101
-1027
-984
-954
-833
-665
-538
-367
-145
15
158
343
444
481
542
552
523
561
631
697
787
853
885
919
906
900
910
903
919
946
987
1030
1041
1005
968
893
755
665
585
452
370
321
203
111
53
-116
-313
-451
-629
-789
-843
-876
-917
-952
-1044
-1150
-1205
-1249
-1306
-1393
-1485
-1547
-1646
-1749
-1757
-1756
-1781
-1789
-1809
-1844
-1844
-1838
-1877
-1869
-1786
-1704
-1587
-1450
-1305
-1237
-1294
-1419
-1511
-1549
-1613
-1566
-1435
-1339
-1195
-1016
-889
-892
-777
-579
-501
-381
-130
188
345
394
485
647
992
1397
1764
2047
2300
2476
2445
2391
2397
2383
2193
1961
1855
1798
1854
1916
1934
1896
1785
1679
1587
1608
1674
1743
1800
1870
1971
1989
1972
1861
1655
1414
1148
938
718
520
318
80
-143
-311
-440
-604
-683
-712
-775
-810
-797
-753
-746
-707
-640
-603
-565
-549
-555
-612
-690
-745
-776
-792
-805
-782
-766
-719
-640
-538
-436
-330
-187
-79
12
139
285
416
509
609
668
698
796
889
935
972
998
968
957
963
938
919
898
877
847
807
795
784
733
653
553
485
387
283
178
80
28
-7
-70
-159
-259
-404
-600
-774
-912
-971
-990
-1015
-1006
-1041
-1079
-1092
-1138
-1250
-1336
-1413
-1542
-1624
-1636
-1645
-1674
-1682
-1708
-1786
-1825
-1838
-1886
-1914
-1843
-1702
-1594
-1420
-1238
-1131
-1112
-1098
-1163
-1354
-1338
-1142
-1037
-1095
-1077
-957
-898
-834
-826
-747
-537
-399
-284
-121
201
453
594
582
476
650
901
1111
1402
1863
2220
2288
2404
2508
2522
2392
2141
1900
1697
1678
1656
1620
1644
1637
1545
1382
1390
1421
1379
1343
1354
1433
1502
1573
1578
1542
1484
1280
1010
730
502
268
63
-112
-268
-318
-368
-454
-528
-542
-537
-597
-622
-563
-465
-400
-328
-225
-170
-141
-150
-193
-249
-313
-376
-456
-484
-459
-447
-432
-395
-340
-256
-178
-124
-43
80
147
243
410
507
584
716
791
777
803
837
769
728
719
651
598
574
554
521
498
443
367
315
274
223
160
136
154
143
102
56
-6
-132
-294
-444
-568
-647
-702
-723
-712
-735
-737
-702
-730
-801
-823
-873
-952
-995
-1032
-1143
-1247
-1367
-1501
-1563
-1571
-1569
-1563
-1526
-1446
-1388
-1321
-1295
-1332
-1390
-1353
-1224
-1150
-1058
-899
-753
-638
-582
-659
-905
-1075
-1237
-1439
-1439
-1186
-848
-539
-353
-307
-210
5
26
54
213
232
46
-84
-100
40
496
972
1231
1551
1932
2096
2065
2109
2176
2102
1892
1679
1609
1668
1745
1729
1606
1495
1363
1159
993
1038
1101
1074
1085
1187
1328
1471
1508
1403
1276
1137
916
716
619
584
491
340
216
139
27
-130
-227
-317
-385
-372
-335
-293
-202
-107
-116
-140
-111
-79
-101
-164
-170
-179
-243
-290
-278
-257
-283
-299
-348
-360
-279
-199
-112
0
146
272
354
436
538
670
713
721
743
696
616
538
457
353
298
277
200
180
213
205
142
110
142
134
145
185
203
214
224
196
93
-1
-131
-349
-552
-689
-797
-864
-858
-839
-842
-812
-793
-801
-809
-778
-774
-801
-833
-873
-945
-1051
-1128
-1211
-1346
-1478
-1538
-1580
-1629
-1579
-1502
-1453
-1371
-1230
-1089
-1002
-894
-837
-904
-999
-1086
-1182
-1249
-1111
-939
-950
-986
-840
-721
-788
-775
-611
-509
-427
-257
-65
121
379
543
438
260
239
303
423
757
1199
1593
1948
2289
2503
2565
2526
2322
2002
1676
1450
1353
1357
1411
1439
1432
1376
1277
1225
1172
1053
886
837
923
1063
1229
1357
1411
1366
1216
1013
803
575
328
112
-46
-120
-83
-28
-21
-51
-109
-231
-378
-443
-455
-463
-407
-290
-154
-30
54
87
46
-21
-107
-207
-304
-367
-351
-300
-235
-155
-20
113
157
195
227
210
210
287
359
428
578
694
715
723
710
598
454
329
137
-1
-28
-26
-21
52
147
166
164
192
188
145
143
152
118
97
60
-40
-174
-318
-493
-679
-826
-932
-995
-1044
-1055
-1018
-951
-847
-752
-675
-668
-717
-808
-939
-1031
-1092
-1098
-1096
-1096
-1080
-1105
-1162
-1277
-1435
-1654
-1831
-1915
-1927
-1721
-1269
-673
-255
-257
-555
-901
-1090
-1303
-1553
-1587
-1322
-947
-687
-445
-192
31
76
-172
-484
-696
-634
-386
-209
-50
194
357
374
650
1088
1307
1504
1822
2060
2192
2369
2413
2302
2246
2098
1777
1484
1388
1376
1268
1105
1016
1012
1008
1073
1166
1176
1211
1262
1248
1259
1338
1328
1213
1118
1014
938
859
688
499
348
156
-55
-191
-260
-269
-275
-338
-296
-143
-34
17
37
29
31
33
10
3
52
53
-39
-127
-139
-137
-167
-200
-226
-198
-145
-141
-91
26
101
124
146
201
268
355
426
439
450
500
515
457
453
453
369
298
252
224
232
227
197
179
173
167
169
123
63
17
-75
-172
-222
-228
-284
-374
-466
-552
-605
-664
-759
-836
-883
-915
-936
-903
-848
-759
-735
-774
-793
-828
-878
-900
-873
-908
-974
-1008
-1097
-1219
-1349
-1481
-1618
-1658
-1612
-1534
-1319
-998
-697
-614
-698
-811
-912
-913
-989
-1090
-1046
-817
-664
-657
-629
-626
-617
-698
-860
-883
-698
-412
-354
-244
20
118
18
24
291
577
953
1327
1629
1993
2306
2451
2359
2321
2253
1889
1459
1196
1168
1135
1122
1144
1145
1141
1109
1162
1161
1173
1232
1192
1212
1360
1577
1639
1550
1450
1302
1093
818
638
490
336
219
88
24
23
19
-58
-175
-182
-131
-93
-65
42
179
244
244
194
140
77
2
-94
-179
-223
-267
-301
-313
-330
-295
-296
-337
-300
-180
-116
-35
84
194
305
404
475
523
563
578
532
471
443
432
375
279
210
151
80
1
-57
-99
-87
-80
-93
-48
22
74
82
74
69
36
-73
-225
-364
-498
-570
-627
-711
-739
-763
-791
-807
-763
-695
-666
-654
-675
-700
-759
-785
-777
-797
-813
-864
-932
-1010
-1062
-1141
-1292
-1404
-1531
-1621
-1576
-1394
-1176
-1086
-1032
-1007
-1034
-1123
-1175
-1213
-1356
-1388
-1375
-1465
-1378
-979
-682
-695
-666
-638
-734
-676
-539
-479
-439
-272
-315
-493
-216
457
988
1344
1800
2223
2514
2798
2885
2774
2632
2430
2030
1581
1481
1574
1510
1296
1216
1206
1105
1105
1134
1112
1173
1224
1176
1245
1554
1797
1786
1664
1552
1456
1195
906
668
455
278
121
-44
-112
-38
-78
-277
-372
-386
-401
-391
-283
-154
-54
79
120
92
103
151
22
-219
-268
-261
-368
-422
-353
-351
-406
-397
-428
-454
-348
-200
-175
-173
55
278
365
451
537
501
446
417
369
369
432
422
329
254
259
236
155
67
-14
-61
-114
-137
-93
-13
28
44
45
47
82
98
52
2
-28
-61
-136
-235
-297
-349
-426
-522
-591
-652
-691
-714
-719
-717
-685
-679
-723
-754
-740
-756
-776
-809
-884
-961
-1022
-1057
-1099
-1146
-1176
-1236
-1365
-1459
-1452
-1352
-1145
-907
-911
-1167
-1347
-1322
-1342
-1433
-1378
-1284
-1262
-1238
-1186
-1113
-933
-722
-617
-645
-622
-444
-364
-470
-382
-21
439
948
1539
2075
2377
2569
2652
2511
2278
2146
1907
1504
1294
1340
1365
1336
1346
1312
1156
1044
1029
1019
1071
1239
1373
1429
1611
1848
1951
1895
1780
1637
1433
1226
1029
805
623
465
309
171
77
9
-107
-229
-325
-388
-406
-357
-262
-117
35
107
110
123
122
54
-60
-192
-287
-348
-400
-389
-352
-363
-377
-449
-537
-563
-520
-448
-399
-321
-165
-5
159
340
446
491
479
395
323
318
340
321
256
214
181
164
149
138
101
34
-24
-73
-72
-11
97
187
233
271
277
304
336
312
294
228
119
30
-100
-277
-391
-497
-631
-687
-696
-715
-721
-646
-609
-623
-562
-543
-555
-544
-605
-712
-852
-995
-1071
-1124
-1254
-1382
-1476
-1617
-1744
-1809
-1846
-1826
-1667
-1328
-915
-542
-407
-661
-1154
-1405
-1377
-1508
-1653
-1572
-1508
-1475
-1320
-1158
-967
-650
-597
-907
-1191
-1093
-534
123
843
1668
2260
2628
2864
2929
2927
2811
2452
1986
1563
1399
1523
1554
1530
1593
1516
1247
922
713
677
733
827
921
1081
1408
1803
2048
2127
2099
1943
1602
1169
944
855
733
668
569
427
364
248
47
-158
-368
-529
-683
-758
-562
-327
-123
149
273
248
208
76
-108
-187
-232
-313
-370
-338
-239
-208
-234
-261
-397
-554
-621
-652
-664
-518
-291
-154
-19
139
226
253
284
273
213
185
173
215
276
358
470
449
406
363
245
171
162
167
179
184
191
222
227
242
285
210
134
85
-11
-59
-15
35
47
81
85
38
5
-42
-111
-202
-307
-398
-477
-529
-548
-504
-495
-476
-440
-479
-540
-602
-656
-686
-753
-816
-841
-836
-782
-753
-844
-964
-1079
-1189
-1185
-1128
-1068
-1077
-1234
-1360
-1277
-1115
-951
-547
-87
-54
-401
-910
-1461
-1742
-1662
-1629
-1743
-1615
-1325
-1208
-1064
-647
-383
-510
-633
-659
-571
5
971
1776
2382
2946
3181
2955
2669
2525
2223
1752
1441
1139
857
962
1231
1237
1131
1038
785
444
338
478
667
918
1251
1509
1704
1986
2200
2166
1970
1693
1263
767
458
344
303
315
306
166
-43
-180
-303
-472
-549
-499
-467
-414
-215
-11
180
396
438
286
123
-45
-230
-332
-353
-368
-364
-363
-384
-424
-456
-476
-574
-688
-718
-693
-638
-503
-312
-106
78
182
219
207
175
166
115
76
123
171
206
297
392
409
409
383
263
138
117
134
138
212
310
333
333
327
299
246
224
179
36
-46
-41
-26
18
87
166
239
236
179
125
5
-78
-97
-193
-258
-285
-391
-509
-605
-696
-753
-773
-822
-864
-874
-845
-786
-767
-722
-708
-763
-812
-890
-975
-1056
-1103
-1115
-1137
-1170
-1220
-1234
-1136
-1014
-1216
-1515
-1295
-785
-688
-1052
-1234
-1213
-1175
-914
-837
-1091
-879
-349
-669
-1257
-872
-302
-217
98
788
1217
1703
2504
2614
2295
2611
2940
2413
1863
2018
2002
1644
1644
1696
1324
1137
1250
801
290
516
777
529
410
776
908
905
1198
1277
1067
1127
1309
1002
687
873
943
644
498
589
434
229
196
-81
-419
-432
-367
-615
-760
-469
-340
-440
-360
-235
-289
-311
-251
-349
-374
-165
-63
-243
-259
-2
-55
-190
-153
-319
-481
-441
-473
-527
-410
-282
-222
-213
-215
-90
-25
-43
-7
-33
6
150
237
277
400
518
490
453
438
413
403
379
306
246
251
190
117
79
15
-6
-68
-170
-218
-208
-112
-47
-57
8
101
103
162
186
110
130
74
-90
-144
-136
-148
-199
-272
-356
-450
-573
-672
-735
-786
-775
-780
-791
-730
-612
-515
-499
-506
-551
-658
-761
-863
-925
-921
-901
-923
-981
-1056
-1090
-1117
-1213
-1351
-1506
-1423
-1060
-770
-710
-848
-1024
-1054
-1005
-988
-891
-664
-467
-345
-196
207
846
1401
1719
1803
1832
1944
2057
2120
2210
2281
2219
2066
1863
1724
1692
1643
1458
1113
823
638
469
380
352
363
411
466
436
370
413
502
525
525
595
654
677
730
749
779
829
753
514
235
36
-101
-198
-283
-319
-378
-501
-610
-724
-734
-654
-621
-639
-683
-631
-504
-353
-193
-85
-7
15
-18
-51
-53
-65
-42
-13
-104
-161
-163
-195
-207
-213
-239
-267
-287
-346
-359
-293
-208
-112
-47
48
138
192
245
247
270
270
222
176
134
132
135
144
171
166
114
43
-22
-96
-138
-188
-221
-236
-247
-198
-147
-113
-121
-180
-236
-294
-346
-368
-334
-317
-317
-283
-286
-274
-243
-225
-229
-256
-250
-236
-220
-167
-92
-14
29
37
18
-32
-97
-110
-144
-218
-204
-153
-128
-71
-22
12
67
93
47
-5
-74
-117
-84
-43
40
156
211
262
263
194
146
90
1
-69
-108
-111
-97
-74
-40
-21
-35
-74
-145
-204
-207
-202
-195
-140
-71
-13
34
58
92
124
106
79
72
71
96
164
266
372
481
602
666
684
728
763
787
800
791
770
749
721
729
755
711
626
521
361
226
148
98
80
69
47
9
-30
-46
-36
-33
-33
-21
-40
-72
-59
-22
-8
-31
-61
-105
-201
-350
-445
-443
-473
-503
-485
-547
-604
-555
-570
-572
-409
-334
-358
-301
-303
-360
-335
-324
-351
-307
-292
-360
-297
-168
-158
-207
-261
-313
-293
-241
-251
-228
-142
-134
-169
-137
-99
-100
-106
-102
-86
-37
0
-6
15
71
94
76
78
99
95
67
65
78
104
149
138
141
251
322
336
365
347
292
264
235
188
189
230
239
256
289
244
163
149
157
162
220
262
268
312
325
301
302
269
224
217
176
108
96
96
74
82
96
45
-19
-28
-43
-65
-57
-61
-56
-50
-24
29
50
68
60
-5
-71
-113
-162
-203
-193
-180
-148
-94
-71
-58
-53
-75
-95
-114
-110
-71
-35
-17
-10
-24
-22
-29
-51
-62
-90
-99
-105
-115
-84
-41
-18
-13
14
27
17
22
4
-7
15
33
43
53
60
60
63
43
14
5
-9
-9
-3
-19
10
54
25
33
56
-10
-32
-44
-93
-87
-83
-87
-49
-45
-73
-67
-89
-124
-114
-143
-168
-144
-159
-169
-156
-156
-165
-199
-216
-191
-186
-168
-134
-130
-115
-76
-41
-13
18
48
65
88
107
124
158
161
133
126
109
69
28
-7
-22
0
14
-7
-16
-10
-16
15
70
93
93
103
122
135
162
178
167
184
195
180
163
167
180
160
114
117
145
126
97
129
161
147
146
141
177
260
218
157
193
138
40
24
19
49
51
-35
-81
-79
-120
-126
-26
53
49
-51
-184
-221
-170
-64
12
39
-5
-200
-325
-280
-223
-187
-221
-275
-236
-266
-260
-125
-117
-167
-149
-144
-82
22
2
-19
4
-1
-37
-143
-53
154
36
-179
-163
-67
44
27
-89
36
86
-52
50
278
379
306
250
329
370
248
155
252
349
260
72
27
67
10
-55
-29
55
75
-91
-198
-137
-166
-144
2
-19
-88
-183
-293
-123
-55
-183
-109
-165
-354
-268
-210
-237
-117
-113
-151
-109
-327
-337
-20
6
19
80
17
1
-68
-201
-31
126
-53
-28
118
157
213
-52
-244
109
227
-35
28
22
-260
-178
84
192
180
15
-197
-336
-165
127
112
142
224
166
490
813
511
99
56
-124
-436
-143
469
833
864
325
-179
-130
-67
-97
-38
122
261
52
-154
105
473
441
173
-107
-272
-311
-444
288
1545
1833
1716
1373
917
564
-70
-237
125
174
-97
-433
-521
-570
-926
-1185
-1136
-1164
-1426
-1545
-1360
-1027
-632
-441
-285
-169
-257
-231
-171
-10
185
254
343
300
308
418
523
611
422
170
21
-93
-123
-278
-410
-472
-580
-479
-409
-297
-121
-241
-277
-252
-303
-251
-34
138
128
379
610
533
567
586
530
418
209
196
286
217
164
148
67
-54
-83
5
-9
-145
-237
-220
-265
-344
-250
-94
67
79
-61
-89
-9
-57
-203
-124
-1
-34
-8
-54
-30
202
201
128
161
-7
-155
-170
-198
-190
-107
-22
6
4
-42
-40
27
35
-3
-28
12
55
82
145
247
337
337
223
136
171
184
96
5
-16
6
30
55
86
154
214
219
131
63
82
83
159
243
217
204
194
108
51
75
81
113
154
131
67
-29
-45
-9
-33
-36
-20
-60
-206
-274
-152
-83
-62
-103
-155
-127
-261
-272
-112
-107
-104
-169
-208
-142
-185
-166
-129
-179
-142
-66
-69
-149
-191
-197
-92
46
-51
-80
-51
-84
26
34
75
83
-32
64
113
87
43
1
69
77
99
128
76
-6
17
61
-19
59
110
-76
-2
174
61
74
206
151
29
-26
-4
62
187
172
110
137
73
69
177
214
74
-33
44
-32
-197
-161
-104
-158
-168
-140
-183
-298
-333
-326
-329
-183
-128
-218
-281
-320
-259
-250
-220
-27
51
-119
-186
-96
-174
-193
43
135
96
88
-50
-85
-1
-91
-61
72
73
103
72
-42
61
238
249
280
343
235
90
160
251
308
458
393
224
214
147
42
74
168
181
98
25
-18
-69
-62
48
138
102
21
-42
-90
-55
16
79
128
105
55
35
79
106
94
71
20
-19
-94
-107
-45
-41
-40
-55
-90
-135
-172
-160
-112
-42
-12
-26
-17
-18
-21
-19
-16
-12
-44
-67
-69
-61
-16
5
20
31
19
7
-24
-3
20
-9
7
1
-22
2
21
59
87
72
52
39
29
27
57
85
101
104
84
96
93
95
111
81
79
60
-11
-48
-48
-75
-99
-78
-84
-94
-67
-60
-53
-34
-42
-43
-8
15
11
30
47
33
36
37
5
-12
-47
-83
-115
-151
-145
-162
-189
-190
-216
-268
-299
-290
-292
-273
-232
-222
-185
-139
-118
-82
-47
-34
-8
21
50
93
112
135
156
146
134
134
127
102
78
60
65
69
36
58
111
115
154
173
160
184
159
124
147
136
109
131
135
127
137
110
101
66
-4
-23
-47
-66
-60
-51
-35
-16
-6
-20
-32
-40
-50
-39
-20
-14
6
28
44
47
12
-2
-15
-39
-32
-35
-15
12
10
9
20
39
13
-14
-23
-60
-94
-116
-105
-78
-55
-36
-56
-65
-72
-66
-68
-85
-35
-24
-29
27
33
65
107
110
122
92
68
61
15
1
-6
-3
7
5
9
-4
3
8
-11
1
7
1
4
21
59
115
144
146
148
109
43
18
-1
-9
-3
-6
-9
-33
-39
-49
-84
-84
-101
-88
-89
-96
-47
-58
-41
-17
-43
-23
-39
-63
-51
-38
-12
32
40
28
25
14
-15
-47
-68
-88
-113
-128
-126
-132
-137
-126
-119
-90
-67
-42
-3
28
47
40
51
58
46
72
94
89
92
107
92
81
93
79
53
26
5
22
45
70
105
108
113
120
103
102
112
95
69
71
64
47
45
65
63
46
56
35
7
-14
-36
-24
-24
-12
1
-17
-15
2
-7
-7
-4
-44
-67
-83
-112
-124
-128
-113
-103
-103
-109
-121
-112
-88
-78
-55
-2
36
45
55
71
65
40
21
33
45
18
22
52
57
62
43
34
10
-46
-52
-48
-76
-67
-12
29
58
80
90
106
78
36
21
-28
-43
-30
-28
8
39
55
70
82
72
44
30
8
11
31
41
69
82
102
118
84
44
12
-24
-47
-66
-73
-99
-116
-122
-139
-124
-128
-122
-99
-141
-150
-153
-165
-137
-104
-69
-68
-49
-37
-70
-67
-39
-12
8
12
3
-14
-20
-18
-9
6
15
5
-10
-14
-5
15
37
40
9
-19
-17
-15
-1
10
13
44
42
33
76
104
120
154
177
170
161
151
118
120
147
125
109
102
67
65
87
101
94
77
65
33
17
12
-9
-20
-27
-31
-37
-66
-81
-46
-23
-44
-39
-43
-92
-132
-132
-97
-91
-89
-56
-73
-105
-95
-101
-103
-69
-78
-87
-55
-58
-62
-35
-26
-29
0
18
11
23
42
46
53
44
3
6
78
112
72
57
66
29
32
36
-5
-6
-2
-8
24
55
53
43
49
37
47
81
71
93
134
128
136
133
46
-1
40
41
69
106
42
-35
-99
-95
-20
8
-5
-70
-136
-128
-145
-105
-13
-15
-47
-116
-189
-141
-71
-70
-41
-40
-134
-120
-66
-67
-6
16
-23
-62
-124
-127
-58
10
5
-38
-41
-61
-78
-40
12
24
-2
18
28
7
47
91
132
126
57
60
101
133
145
96
39
56
101
89
73
78
50
32
21
-18
-25
-7
-5
25
50
14
6
30
28
32
17
49
123
71
-22
-18
14
-1
-32
-31
-27
-54
-109
-108
-65
-69
-73
-28
3
-59
-112
-32
19
0
13
16
-28
-54
-21
12
45
51
-55
-103
-52
-80
-53
54
47
-24
-40
-12
12
0
-4
13
-20
-44
-47
-52
45
88
1
3
12
-25
-15
-1
9
-7
-43
-27
1
8
51
81
47
37
57
39
-4
-19
34
66
39
84
128
78
70
71
18
27
40
-1
-5
14
21
6
-6
16
11
-39
-66
-30
-15
-89
-138
-66
-24
-58
-32
-22
-75
-82
-65
-36
12
42
21
-19
-1
-7
-34
66
156
71
-33
-8
26
-19
33
93
-3
-27
-33
-102
-33
11
-13
14
-8
-54
-62
-30
81
165
80
21
81
81
86
123
96
67
28
-18
5
41
40
60
56
-5
-38
-81
-142
-107
-52
-16
16
-11
-29
-43
-16
70
96
101
80
30
4
-26
15
16
-74
-58
-65
-117
-97
-122
-110
-68
-81
-76
-70
-45
-32
-30
21
22
9
30
5
4
16
-3
25
26
-1
31
18
-54
-69
-26
-17
-40
-74
-78
-34
-15
5
21
-4
-20
-37
-52
-16
25
17
6
23
24
29
35
36
67
67
43
89
99
70
93
79
45
65
74
46
12
24
32
5
14
-18
-63
-41
-65
-52
-12
-48
-19
8
-12
30
27
-60
-89
-47
6
43
80
36
-66
-75
-35
-10
23
17
-26
-74
-113
-106
-50
-15
-13
-17
-54
-91
-84
-50
18
61
30
7
-13
-41
-12
23
19
23
-30
-83
-71
-82
-42
64
87
90
84
22
-2
30
86
96
66
78
77
71
91
90
113
104
26
-9
-5
-1
20
30
44
34
-13
-20
-5
-13
12
10
-37
-49
-87
-119
-67
-53
-45
7
-3
-48
-74
-60
-30
-20
10
-4
-65
-73
-67
-42
12
47
56
48
5
-56
-52
7
26
27
20
-18
-63
-93
-46
2
3
25
-12
-72
-71
-60
26
93
36
15
25
-21
-18
-16
-18
59
48
-2
28
-9
-24
13
-15
-14
-6
-24
15
36
36
60
40
31
32
-26
-33
12
-25
-26
31
-6
-25
-2
-26
1
22
-10
5
2
-21
-2
-13
-20
25
35
17
12
9
33
68
77
84
52
13
18
2
-30
-16
-11
-20
-18
-45
-52
-44
-90
-98
-68
-84
-54
-2
-51
-60
-10
-7
52
125
103
69
36
7
25
67
62
-9
-63
-90
-86
-8
67
104
112
70
50
74
103
143
180
198
242
291
245
174
153
110
112
177
166
105
42
-28
-36
-16
-29
-19
-28
-124
-219
-245
-221
-166
-119
-116
-172
-246
-272
-284
-259
-188
-156
-169
-184
-198
-201
-175
-122
-68
-36
-47
-96
-115
-85
-42
26
84
73
43
29
15
14
45
74
62
42
17
-1
16
27
61
119
121
126
133
121
142
156
145
134
117
108
119
137
144
145
133
82
28
-12
-37
-30
-25
-20
2
0
-14
-22
-41
-38
-34
-52
-62
-85
-83
-41
-20
-5
-13
-52
-57
-75
-113
-99
-93
-98
-73
-79
-83
-74
-88
-67
-37
-27
-6
-17
-49
-49
-30
-2
40
58
54
55
25
-5
-13
-22
16
35
15
39
48
22
22
20
24
50
56
49
44
33
40
57
52
49
55
35
24
28
21
32
38
35
30
-1
-5
3
-7
-1
13
5
9
3
-37
-45
-31
-17
9
10
9
23
20
15
11
2
-1
-13
-19
-22
-48
-62
-44
-49
-55
-54
-90
-104
-86
-91
-78
-69
-72
-46
-43
-41
-26
-31
-15
4
4
11
8
-11
-21
-5
3
5
24
26
20
41
54
33
25
25
-4
-5
17
6
22
48
30
25
21
-6
-3
4
-5
3
-4
-9
12
6
9
15
-14
-4
-1
-41
-26
0
-6
3
-1
0
3
-23
-28
-22
-24
-14
-21
-30
-9
4
9
26
24
15
1
-14
1
11
9
19
13
5
13
10
11
30
30
27
29
22
29
29
20
27
39
35
29
35
43
37
37
59
60
52
45
42
58
69
69
65
52
54
65
54
41
42
29
5
-8
-28
-48
-52
-54
-58
-68
-44
-12
-32
-28
-7
-22
-29
-21
-19
-20
-29
-34
-36
-55
-68
-63
-55
-53
-57
-51
-52
-70
-54
-31
-36
-28
-19
-23
-17
-7
8
40
60
48
37
20
7
9
0
5
15
-1
-7
-18
-29
-12
-5
-12
-12
-12
-13
-20
-15
0
15
30
27
25
25
13
19
28
22
25
11
-16
-11
-11
-19
-2
7
2
-6
-12
-3
-12
-15
12
24
31
39
17
5
8
-2
15
32
21
23
8
2
23
15
8
7
-18
-25
-23
-13
1
7
13
10
12
16
15
34
44
41
55
54
46
50
49
57
60
43
40
31
22
30
17
17
23
-5
-9
-7
-21
-3
0
-14
-7
-22
-34
-29
-49
-60
-58
-79
-82
-72
-75
-62
-45
-34
-7
2
5
10
-5
-3
-5
-23
-4
17
14
10
2
-8
-26
-44
-57
-75
-79
-73
-68
-47
-34
-31
-15
-2
20
41
28
18
38
42
45
61
63
63
58
34
21
22
8
-11
-17
-18
-9
10
24
21
19
18
-2
-14
-6
-12
-6
5
-10
-15
-18
-36
-35
-31
-42
-52
-56
-44
-38
-41
-35
-26
-17
2
11
4
6
17
9
1
5
1
-6
-8
1
11
9
16
6
-25
-40
-48
-59
-54
-45
-31
-24
-27
-5
17
6
4
8
5
13
9
-3
18
36
35
38
42
45
36
15
19
24
0
-9
1
-4
2
7
2
8
2
-17
-19
-19
-21
-14
-21
-39
-48
-36
-19
-15
-14
-29
-49
-44
-41
-35
-10
-12
-22
-16
-20
-16
-5
-8
-11
-11
-12
-7
-1
14
20
7
6
9
7
13
19
21
20
21
21
25
34
33
23
26
21
11
10
13
12
19
22
12
15
27
23
28
26
15
7
-16
-28
-13
-14
-4
13
16
34
47
35
31
23
4
-3
-8
-10
3
18
24
21
27
26
14
13
3
-4
15
17
4
14
15
9
13
7
0
6
-9
-28
-27
-36
-49
-47
-45
-34
-22
-32
-37
-30
-34
-23
-13
-29
-24
-5
-1
15
30
31
41
32
13
12
1
0
15
12
16
28
23
25
25
17
20
13
3
9
9
12
28
37
43
42
27
13
6
1
-7
-12
-10
-5
-6
-1
9
2
-9
-2
-7
-21
-7
3
-4
5
8
4
9
5
0
-2
-12
-14
-15
-25
-23
-24
-31
-20
-8
-7
3
0
-10
-3
-6
-6
3
-4
2
23
16
13
22
7
-4
5
-5
-17
-9
-12
-11
5
8
18
28
17
19
24
14
19
26
18
24
23
4
9
13
5
14
19
17
16
-2
-7
-3
-11
-2
10
8
0
-12
-9
-3
-9
0
-1
-25
-27
-28
-32
-11
-9
-16
-8
-27
-39
-23
-23
-19
-13
-32
-31
-29
-43
-32
-21
-24
-12
-17
-28
-17
-19
-18
1
-5
-13
-6
-9
-4
10
12
13
12
7
4
4
5
6
9
0
-7
7
7
-8
-9
-18
-24
-16
-24
-23
-11
-24
-29
-10
0
5
4
-5
1
-1
-8
3
10
13
25
17
11
12
-1
-5
-7
-19
-19
-14
-9
6
15
17
27
26
11
14
16
14
22
16
16
33
31
29
40
39
36
33
19
17
20
15
17
22
24
30
29
27
36
30
24
24
10
-6
-3
5
15
28
28
18
13
8
5
10
7
0
-7
-13
-13
-6
-3
0
6
-1
-12
-13
-16
-18
-12
-17
-21
-11
-2
-1
-4
-6
-12
-23
-28
-29
-33
-31
-30
-31
-26
-21
-17
-19
-21
-22
-26
-29
-24
-22
-21
-13
-8
-7
-8
-3
0
-7
-10
-8
-5
3
3
2
4
-1
-3
-2
-8
-5
-3
-12
-8
-14
-22
-15
-17
-17
-10
-17
-12
-4
-14
-6
3
3
14
12
16
35
35
40
50
46
44
32
23
30
32
31
31
16
7
7
2
-1
-7
-10
-12
-24
-26
-18
-19
-13
-17
-21
-10
-16
-20
-15
-17
-4
9
7
11
12
3
7
8
6
13
7
2
1
-1
12
20
13
17
24
17
14
14
17
18
14
13
2
-3
5
8
14
17
14
9
-4
-21
-25
-28
-27
-20
-27
-27
-19
-27
-29
-29
-36
-34
-42
-56
-54
-53
-49
-38
-35
-37
-40
-52
-64
-54
-47
-48
-40
-38
-34
-25
-28
-27
-15
-15
-13
-8
-14
-10
5
9
14
29
35
38
38
31
36
39
38
40
41
42
55
54
43
47
44
29
28
26
19
29
24
22
37
35
35
40
32
37
37
14
16
26
29
37
33
26
30
17
5
9
-1
-8
-9
-19
-24
-19
-18
-18
-17
-22
-26
-30
-42
-43
-36
-36
-30
-20
-25
-17
-7
-21
-17
-3
-9
-15
-20
-20
-1
4
1
17
15
6
16
9
8
22
17
11
13
13
25
33
25
34
43
34
39
39
38
46
39
27
27
32
33
26
16
13
9
-1
-10
-15
-19
-28
-30
-31
-32
-18
-8
-10
2
9
10
14
11
11
12
-1
-5
-9
-27
-28
-25
-34
-33
-38
-52
-64
-76
-81
-79
-81
-79
-74
-69
-53
-41
-40
-32
-22
-28
-36
-38
-39
-30
-22
-27
-20
-12
-11
-3
-5
-6
9
13
10
14
17
22
28
25
32
48
48
50
54
51
53
50
36
34
37
30
28
30
32
39
40
37
37
39
37
33
24
18
23
25
14
11
14
12
10
2
-5
-2
-8
-24
-27
-27
-27
-23
-28
-22
-9
-12
-12
-14
-16
-15
-21
-26
-21
-23
-30
-31
-31
-24
-17
-12
-11
-17
-13
-7
-11
-1
10
10
22
25
31
55
62
59
68
63
63
71
58
54
63
52
48
50
43
47
44
29
31
25
14
13
5
-2
-1
-11
-20
-18
-15
-17
-20
-30
-40
-46
-54
-57
-54
-51
-51
-51
-56
-54
-43
-37
-34
-30
-29
-24
-20
-16
-5
4
7
6
1
6
7
3
1
-1
-4
-12
-26
-29
-24
-25
-17
-15
-22
-15
-8
-8
7
22
27
36
38
41
57
60
61
64
56
55
58
48
51
59
51
47
36
23
23
15
6
7
9
14
22
15
12
18
18
16
13
5
3
1
-4
1
6
8
12
7
1
2
-1
-11
-20
-28
-29
-31
-37
-31
-20
-21
-24
-23
-27
-26
-27
-32
-34
-34
-35
-35
-35
-30
-22
-20
-22
-25
-31
-35
-38
-41
-46
-42
-37
-36
-33
-31
-24
-14
-11
-7
0
-1
4
9
10
22
33
34
41
43
42
45
39
34
40
37
31
29
19
16
14
5
0
-6
-18
-25
-30
-32
-22
-15
-12
-6
-4
-3
2
-2
-5
1
2
6
15
23
31
33
27
22
13
-2
-14
-26
-34
-34
-32
-31
-28
-23
-19
-20
-24
-27
-31
-33
-33
-30
-23
-9
-1
0
8
13
13
13
12
9
5
1
0
1
4
10
11
9
10
7
3
1
-3
-6
-6
-9
-3
2
5
16
22
20
24
25
21
23
25
23
26
24
24
29
25
24
23
10
4
-1
-10
-9
-10
-13
-5
-6
-12
-10
-16
-17
-12
-17
-14
-10
-15
-10
-7
-10
-7
-9
-15
-17
-24
-29
-28
-31
-32
-27
-26
-19
-16
-19
-17
-19
-26
-27
-28
-27
-24
-25
-23
-18
-16
-14
-12
-13
-14
-18
-26
-25
-20
-12
-3
4
13
17
19
22
23
24
27
24
21
22
23
26
28
28
29
28
19
12
4
-1
-3
-6
-10
-11
-11
-14
-17
-14
-14
-15
-17
-23
-23
-19
-18
-12
-5
-3
2
4
-2
1
4
1
6
9
9
12
9
5
6
0
-2
-4
-10
-10
-4
-5
-1
4
4
3
0
-6
-9
-10
-11
-8
-8
-8
-7
-7
-9
-8
-5
-9
-13
-12
-9
-6
1
9
16
28
35
38
41
42
44
44
40
41
47
41
40
45
41
44
40
30
28
23
18
20
17
15
18
15
16
20
20
20
20
15
13
12
13
10
8
9
8
9
10
13
18
18
16
14
7
3
-2
-7
-7
-10
-16
-16
-19
-21
-19
-20
-24
-24
-29
-33
-35
-37
-35
-29
-27
-24
-21
-19
-12
-9
-9
-5
