SAMPLES:	17316
BITSPERSAMPLE:	16
CHANNELS:	1
SAMPLERATE:	16000
NORMALIZED:	FALSE
0
0
0
0
0
0
-1
0
-1
-2
1
0
-1
-1
-1
-1
-1
-1
-1
-1
-1
-1
-1
-1
-1
0
0
0
0
-1
-1
0
0
0
0
1
-1
-1
0
0
0
0
0
0
0
-1
-1
-1
-1
-1
-1
-2
-1
-1
-1
0
0
-1
-1
-1
-1
-1
-1
-1
-1
-1
-1
-1
-1
-1
-1
-1
-1
0
0
-1
-1
-1
-1
-1
-1
-1
0
1
0
0
1
1
1
1
1
1
1
1
2
2
1
1
1
1
1
1
0
0
0
-1
0
-1
-1
-1
-1
-1
-2
-1
-1
-1
0
0
-1
-1
-2
-1
-1
0
0
0
0
0
0
-1
-1
0
-1
-1
-1
-1
-1
-1
-1
-1
-1
-1
-1
0
0
0
0
0
0
1
2
1
2
2
2
2
3
2
1
3
2
2
2
2
2
2
4
3
3
3
3
3
3
3
3
5
4
3
5
4
4
4
4
5
5
5
5
5
5
4
5
6
5
5
4
3
3
4
3
3
3
3
2
3
2
2
2
2
2
2
3
2
1
1
1
1
1
1
1
1
1
1
0
0
1
1
1
1
-1
-1
-1
-1
-2
-3
-2
-2
-2
-2
-2
-2
-2
-1
-2
-3
-3
-3
-3
-2
-2
-3
-2
-2
-2
-2
-1
-2
-1
-1
-3
-2
-2
-2
-3
-3
-2
-2
-3
-2
-2
-2
-2
-2
-3
-2
-3
-3
-2
-3
-3
-3
-3
-1
-2
-2
-2
-2
-1
-1
-2
-2
-2
-2
-2
-1
-2
-2
-2
-2
0
-1
-1
-2
-2
-2
-3
-2
-3
-3
-3
-3
-3
-3
-2
-1
-2
-2
-2
-2
-2
-2
-1
-3
-2
-2
-2
-2
-1
0
-3
-2
-2
-2
-2
-2
-2
-2
-2
-2
-3
-3
-3
-3
-2
-2
-2
-1
-2
-3
-2
-2
-2
-2
-2
-2
-3
-3
-2
-3
-2
-2
-2
-2
-2
-2
-1
-1
-1
-1
-1
-1
0
-1
-1
-2
-1
-1
-2
-1
-1
-1
0
-1
-1
-1
-1
-1
-1
-2
-1
0
-1
0
0
0
0
-1
-1
0
0
0
0
0
0
1
1
1
2
2
2
2
2
2
3
3
2
2
1
2
2
3
3
3
4
4
4
5
3
3
3
3
3
3
3
2
4
4
4
4
3
5
2
3
3
3
3
3
3
4
2
2
3
2
4
3
3
3
2
1
2
1
1
2
2
1
1
1
1
0
0
0
0
-1
0
1
0
0
0
0
-2
-2
-1
-1
-1
-1
0
-2
-2
-2
-3
-3
-3
-3
-4
-4
-4
-3
-3
-3
-3
-2
-2
-3
-3
-3
-3
-3
-3
-3
-3
-3
-2
-2
-2
-2
-2
-2
-2
-2
-3
-2
-2
-1
-1
-1
-1
0
0
0
1
0
0
0
0
0
-1
0
0
0
0
0
0
-1
-1
0
0
-2
-1
-1
-1
-1
-1
-2
0
0
-1
0
0
0
0
0
-1
-1
-1
-1
-1
-1
-1
0
1
1
1
1
1
2
2
2
2
2
1
1
1
1
2
2
2
1
1
1
1
1
1
1
1
3
2
2
2
3
3
4
4
3
3
2
2
4
3
4
3
2
4
2
2
2
1
2
1
1
1
1
1
1
1
1
1
1
1
1
1
1
1
0
1
1
1
2
0
-1
0
0
-1
1
0
1
1
0
0
0
-1
-1
-1
-2
-1
-1
-1
0
0
-1
-1
0
1
2
1
2
1
1
1
1
0
0
0
0
1
0
0
0
0
0
0
1
1
1
0
0
0
2
1
1
1
1
1
1
1
1
1
1
2
1
2
2
2
2
2
2
2
2
2
1
0
1
1
1
1
1
0
0
0
0
1
1
1
1
0
0
0
0
-1
-1
-1
-1
-1
-1
-1
-2
-1
0
-1
-1
-1
-2
-2
-2
-2
-2
-2
-2
-3
-1
-2
0
-1
-3
-2
-2
-2
-2
-1
-2
-2
-2
0
-1
-2
-1
-1
-2
-1
0
0
0
0
0
0
1
1
1
2
1
0
1
1
1
1
1
1
1
0
0
1
1
1
1
1
1
0
0
1
-1
0
0
0
0
-1
-2
-1
-1
-1
-1
-1
-1
-2
-1
-2
-2
-2
-2
-2
-2
-1
-2
-2
-2
-2
-2
-1
-2
-2
-2
-1
-1
-3
-1
-3
-2
-1
-2
0
-1
-1
-1
-2
-2
-2
-1
-1
-1
-1
-1
-1
-2
-2
-2
-2
-2
-2
-2
-2
-2
0
-3
-2
-2
-2
-2
-2
-2
-2
-2
-1
-2
-2
-2
-2
-2
-1
-1
0
0
-1
-1
-2
-1
-1
-1
-1
-1
-1
-1
-1
-2
-2
-1
-1
0
0
-1
-1
-1
0
-2
0
0
0
0
0
0
1
0
-1
0
0
0
0
0
1
0
1
1
1
1
2
2
2
1
0
0
0
0
0
0
0
1
1
1
1
1
1
1
1
2
2
1
1
2
2
2
2
1
1
1
1
1
1
1
1
2
2
2
2
2
2
1
1
1
2
3
2
1
1
1
3
2
2
2
2
2
1
1
1
2
2
2
1
1
1
1
1
1
2
1
1
1
2
2
2
2
2
2
1
1
1
1
0
0
0
0
0
0
2
0
1
0
0
0
0
2
1
2
1
1
1
1
1
1
1
1
1
1
0
0
1
1
1
1
0
0
1
1
1
1
1
0
-1
0
1
1
0
0
0
0
-1
-1
0
0
0
0
-1
-2
-2
-1
-2
-2
-2
-2
-1
-1
-1
-1
0
0
-1
-1
-1
-1
-1
-1
-1
-1
-1
-1
-1
1
0
1
1
2
1
0
1
0
0
0
-1
-1
-1
0
0
0
1
1
1
0
0
0
0
0
1
1
1
0
-1
-1
-2
-2
-2
-3
-3
-3
-3
-3
-3
-4
-4
-3
-3
-2
-4
-4
-3
-3
-4
-4
-3
-3
-3
-3
-2
-4
-4
-4
-5
-5
-5
-5
-5
-5
-5
-5
-5
-5
-6
-6
-6
-6
-6
-7
-7
-6
-6
-7
-7
-6
-6
-6
-6
-6
-6
-6
-5
-5
-5
-5
-4
-4
-4
-4
-4
-4
-3
-3
-4
-3
-3
-3
-2
-2
-2
-1
-1
0
0
0
0
0
0
-1
0
0
0
0
0
2
2
1
1
2
3
3
2
4
3
3
3
2
3
3
3
3
4
4
4
5
4
4
4
4
4
4
4
4
4
4
3
3
3
3
5
4
2
3
3
3
4
3
3
3
3
3
3
3
3
2
2
3
2
2
2
2
2
1
2
2
0
2
1
1
2
2
1
1
0
0
0
-1
-1
-1
-1
-1
1
0
0
1
0
1
1
0
0
0
0
0
0
0
0
0
0
0
-2
0
0
0
-1
-1
-1
0
0
0
0
0
1
0
0
0
0
-1
0
0
0
0
0
0
0
0
0
0
0
0
1
1
1
1
1
1
0
0
0
0
0
0
0
1
1
1
1
1
1
2
1
1
1
1
1
1
2
2
1
1
1
1
1
0
0
0
0
0
-1
0
0
0
1
1
1
-1
0
-1
-1
0
0
1
1
0
0
0
0
0
0
0
0
0
1
1
1
0
0
0
0
0
0
0
0
0
0
-1
0
-1
0
0
0
0
1
0
0
0
0
0
0
0
0
0
0
0
0
0
0
0
0
0
0
-1
-1
-2
-1
-1
-1
-1
-1
-1
-1
-1
-1
-2
-2
-2
-2
-1
-1
-1
-1
-3
-2
-2
-2
-2
-2
-2
-2
-3
-3
-2
-3
-3
-3
-3
-2
-2
-3
-2
-2
-2
-2
-2
-3
-3
-3
-4
-3
-4
-4
-4
-4
-4
-2
-3
-3
-3
-3
-3
-4
-3
-3
-3
-3
-3
-2
-3
-4
-3
-3
-3
-3
-3
-3
-3
-3
-2
-2
-3
-4
-4
-3
-4
-4
-3
-3
-3
-3
-3
-3
-3
-2
-2
-1
-1
0
1
0
0
0
1
1
1
1
1
1
1
1
1
1
3
2
3
3
4
4
3
3
3
3
2
3
3
3
4
3
2
3
3
3
3
3
3
3
2
2
4
3
2
2
2
1
1
2
2
2
2
2
3
2
2
2
2
1
0
1
1
1
1
1
2
1
1
1
1
1
1
1
1
1
1
2
1
1
0
0
0
0
0
0
1
1
0
0
1
1
1
2
2
1
1
1
1
2
1
1
1
1
1
1
1
1
1
0
1
1
1
1
1
1
1
1
0
0
0
0
0
0
0
0
0
-1
-1
0
0
0
0
0
1
1
0
0
0
0
-1
-1
-1
-1
-1
-2
-2
-1
-1
-1
-1
-1
0
-2
-1
-2
-2
-2
-1
0
-1
-1
0
0
0
0
1
1
1
2
1
1
1
2
2
2
2
1
0
0
0
-1
-1
-1
-2
-2
-1
-2
-2
-3
-3
-4
-4
-4
-5
-6
-6
-4
-5
-4
-4
-4
-3
-3
-4
-4
-6
-6
-6
-7
-6
-6
-5
-3
-5
-4
-4
-4
-5
-5
-5
-6
-7
-6
-7
-6
-7
-7
-6
-5
-4
-3
-2
0
0
0
1
1
2
3
5
6
7
8
8
9
7
6
6
4
0
-1
-1
-1
-1
1
2
4
5
7
7
6
3
1
1
2
5
8
11
11
11
9
6
4
2
1
-2
-2
-3
-2
-1
1
0
-1
-4
-6
-6
-3
2
6
6
3
-2
-6
-8
-7
-4
0
2
4
3
0
-3
-11
-16
-20
-16
1
35
82
135
183
217
233
229
207
172
131
82
35
-6
-32
-40
-35
-19
-4
5
8
1
-10
-26
-45
-65
-89
-112
-127
-132
-123
-104
-80
-56
-34
-17
-5
4
6
3
-7
-25
-43
-60
-69
-70
-67
-61
-59
-58
-57
-57
-58
-59
-66
-79
-93
-107
-115
-115
-109
-96
-80
-59
-37
-12
14
37
53
60
60
55
50
47
48
53
61
71
82
96
110
121
126
125
114
97
77
58
41
29
19
14
12
14
19
26
31
31
26
17
5
-8
-20
-31
-40
-49
-55
-58
-55
-49
-42
-34
-32
-34
-37
-43
-49
-53
-56
-57
-58
-54
-46
-35
-21
-7
4
12
16
15
16
18
17
16
14
14
15
19
27
35
42
48
49
50
51
52
54
56
53
50
46
43
43
45
48
49
48
44
37
29
20
9
-2
-14
-27
-35
-39
-42
-44
-47
-53
-63
-73
-81
-87
-89
-89
-90
-92
-95
-97
-95
-91
-83
-77
-70
-64
-63
-64
-65
-69
-75
-77
-76
-67
-44
-12
26
64
95
116
123
119
109
96
79
64
46
34
30
37
53
74
95
111
120
121
114
100
82
58
32
8
-9
-15
-10
3
18
31
35
34
27
19
10
-1
-13
-28
-41
-50
-55
-54
-52
-50
-50
-54
-59
-66
-72
-81
-89
-99
-109
-114
-115
-109
-98
-85
-71
-60
-50
-39
-27
-15
-5
5
9
13
16
20
24
28
33
39
45
52
59
65
71
75
77
75
73
70
65
60
55
49
44
41
37
36
35
32
33
32
30
27
23
16
12
8
3
2
0
-1
-3
-8
-13
-21
-30
-41
-52
-64
-73
-79
-79
-72
-63
-52
-42
-35
-31
-28
-27
-26
-26
-27
-25
-21
-16
-6
4
14
21
27
32
34
35
35
36
34
31
26
25
26
30
34
40
42
43
44
42
41
40
35
28
18
9
0
-6
-12
-17
-23
-27
-28
-26
-21
-14
-8
-3
-3
-6
-11
-17
-21
-26
-32
-35
-36
-35
-29
-19
-9
-1
7
10
14
14
16
17
15
14
11
8
5
3
2
0
-4
-8
-12
-14
-11
-7
1
8
16
22
26
29
30
29
25
19
11
3
-3
-6
-7
-7
-7
-6
-5
-2
2
7
11
13
13
9
5
1
-3
-6
-9
-12
-14
-14
-13
-8
-3
4
12
17
22
25
28
30
29
27
22
15
6
-1
-5
-9
-10
-12
-13
-14
-13
-12
-9
-6
-3
-3
-3
-1
0
2
4
3
-2
-6
-13
-16
-15
-14
-8
0
4
10
13
14
12
8
0
-10
-21
-27
-31
-29
-25
-18
-12
-7
-2
0
1
0
-3
-8
-15
-22
-26
-29
-28
-26
-23
-20
-17
-11
-8
-3
-1
3
5
6
4
1
1
-1
-2
-3
-7
-8
-7
-2
6
14
23
30
32
29
23
14
3
-9
-18
-27
-31
-31
-26
-19
-10
-2
2
3
3
3
1
-1
0
2
6
11
16
25
32
35
37
36
32
29
26
25
25
22
21
19
16
12
8
1
-6
-11
-14
-12
-7
-1
7
13
16
16
12
7
-2
-10
-17
-22
-21
-18
-13
-6
2
8
13
14
14
12
10
7
5
2
-1
-2
-4
-4
-4
-7
-9
-13
-17
-22
-26
-29
-33
-34
-36
-36
-33
-28
-22
-16
-10
-3
4
9
14
18
18
17
13
8
3
-3
-7
-12
-13
-14
-12
-8
-5
0
7
11
14
15
13
11
6
2
0
0
0
0
1
2
4
5
6
6
8
9
11
16
20
26
28
28
25
20
15
9
5
2
-1
-2
-1
0
-1
-3
-6
-13
-19
-25
-31
-31
-26
-18
-6
6
16
23
25
24
25
20
16
11
10
10
14
14
14
15
11
11
9
7
8
7
7
8
1
-8
-18
-26
-30
-29
-29
-27
-19
-12
-9
-7
-7
-6
-4
-7
-9
-10
-13
-11
-7
-4
6
13
20
29
33
30
22
6
-6
-13
-22
-27
-24
-19
-11
-5
-10
-9
-8
-13
-12
-12
-16
-13
-14
-18
-13
-15
-15
-2
0
7
14
3
1
1
-7
-6
-6
-4
10
22
23
27
25
18
15
5
-9
-14
-22
-26
-22
-23
-22
-15
-13
-1
7
-2
-6
-15
-26
-28
-38
-44
-35
-28
-21
-15
-22
-22
-19
-19
-12
-9
-6
2
12
19
26
29
25
27
28
20
12
8
1
5
7
2
6
12
20
30
26
22
20
14
14
12
5
3
0
-8
-7
-5
-8
-1
10
20
30
27
19
15
16
18
13
6
9
22
24
28
27
15
11
4
-12
-20
-27
-27
-15
-10
-4
-3
-12
-7
-2
-10
-8
-15
-20
-4
4
3
5
5
5
3
3
3
6
17
30
30
25
19
11
18
27
25
28
29
31
35
36
31
17
7
4
10
3
1
9
4
9
18
8
5
15
23
20
5
-14
-20
-18
-20
-21
-25
-23
-21
-25
-19
-16
-18
-13
1
8
2
7
2
-8
-2
-3
-20
-16
-3
-1
15
9
-4
8
7
6
17
13
11
13
4
-8
-27
-55
-55
-41
-36
-24
-14
3
26
40
47
37
31
29
12
-11
-28
-30
-20
-1
5
12
25
28
24
19
-2
-39
-57
-58
-46
-19
-5
6
26
27
18
1
-24
-32
-24
-32
-45
-40
-31
-6
12
-1
-6
3
8
23
42
27
21
26
5
2
3
-9
11
28
18
22
15
-8
4
12
-2
-3
-17
-6
31
33
14
5
-4
-9
5
-5
-18
3
8
7
-3
-28
-21
0
1
6
10
1
10
21
22
41
24
9
28
21
13
5
-23
-22
-8
-16
-13
-6
-10
17
18
-9
-2
-11
-8
9
-6
-7
-15
-44
-36
-9
-2
9
14
20
47
32
-4
-22
-38
-19
0
-16
-6
15
32
40
8
-25
-21
-28
-44
-34
-30
-15
7
-4
2
7
-6
-3
-5
-10
3
1
-5
12
23
23
21
1
-10
-1
-4
-10
-15
-14
-17
-23
-9
4
13
18
17
12
0
-14
-34
-35
-22
-13
-5
-9
-6
3
10
9
6
3
3
3
-9
-19
-16
-16
-13
1
11
14
17
22
9
-6
-3
-6
4
31
37
35
29
-5
-33
-29
-18
-8
2
6
21
36
34
21
1
-8
2
9
5
6
11
20
23
18
7
1
5
9
4
-2
-17
-31
-25
-22
-22
-18
-11
4
21
28
22
5
-6
1
-2
-9
-14
-28
1
25
14
18
3
-18
-5
-17
-37
-29
-32
-28
-11
-3
7
21
22
15
9
-7
-18
-26
-43
-44
-34
-27
-14
5
13
30
46
15
-5
-7
-25
-13
-4
-2
32
50
41
44
25
17
33
9
10
29
4
-7
2
2
21
41
17
8
22
20
15
-2
-18
-21
-7
17
20
18
-3
-25
-32
-37
-22
-11
2
26
24
15
-5
-35
-29
-29
-24
8
5
5
26
6
1
-2
-47
-32
2
-23
-12
-10
-30
22
38
13
30
22
16
39
8
-29
-27
-36
-26
8
5
0
9
-7
1
14
-18
-26
-9
-13
6
22
5
7
32
30
34
34
5
9
13
-4
-5
-6
-2
20
17
15
25
7
-5
-18
-30
-19
-22
-23
-20
-20
-14
-20
-46
-43
-16
-16
-4
-1
-27
-16
-14
-19
-11
-23
-34
-14
19
18
19
2
-25
-7
4
6
26
21
0
8
6
-8
-2
-12
8
53
46
24
2
-21
-19
-4
-22
-26
0
9
30
22
-7
-26
-36
-23
-10
0
-4
12
23
-1
-16
-37
-35
-6
22
30
16
16
-3
-11
-2
-10
-10
-11
9
18
19
24
1
-7
-5
-3
2
2
1
6
10
-23
-24
-3
-12
-3
-11
-29
-1
28
9
1
18
9
10
-11
-46
-27
-16
-6
23
48
38
15
-3
-17
-2
-10
-25
1
50
57
10
-8
0
25
36
-2
-11
12
19
-2
-38
-56
-34
5
21
28
19
-5
-18
-23
-25
-43
-33
-7
15
34
18
3
0
6
9
-4
-13
-16
-6
7
21
26
15
29
38
33
15
-8
-10
-14
-1
-3
-19
-5
0
-4
-10
-27
-12
21
33
15
7
-10
-17
-13
-27
-38
-26
1
4
2
8
-3
7
4
-10
-5
-2
-6
4
15
-11
-5
-9
-21
15
5
7
13
-8
-4
3
9
-14
-16
-5
3
21
13
15
16
13
9
-23
-14
5
25
34
32
33
34
22
-10
-16
2
3
9
-6
-6
14
11
-8
-15
-27
10
46
39
44
10
-24
-26
-39
-25
12
15
-1
28
23
-1
-3
-56
-47
-4
9
17
2
-1
0
4
-30
-68
-39
-19
18
28
-5
-18
-6
5
-6
-3
-6
-21
-12
-17
-15
-1
16
-6
-1
28
9
13
20
-6
2
3
-32
-15
11
-14
5
-15
-49
-11
-7
3
22
13
-1
-1
2
-19
-12
-16
-13
-2
-28
-17
6
31
24
3
12
7
22
19
-4
12
9
2
-7
-5
6
5
11
6
8
12
-7
-13
-12
-9
-10
-45
-56
-9
18
6
8
3
-11
9
-2
-28
-4
-8
5
22
-8
22
53
19
11
22
-11
-30
-10
-27
-8
27
19
24
14
0
8
-4
-24
-15
-3
-25
2
23
-1
3
-7
-10
4
17
35
36
23
4
-13
-43
-44
-18
-7
13
9
9
25
32
40
17
-4
-23
-46
-17
-11
-15
13
8
-13
9
18
20
27
-2
-8
16
-5
12
42
-9
-29
-17
-34
-10
21
24
24
32
18
-15
-36
-45
-14
8
-5
8
25
19
14
0
-36
-51
-28
-17
7
24
26
27
12
6
7
-24
-29
-15
-14
-3
-5
-7
12
20
22
5
-24
-18
-8
-21
-13
2
3
13
6
-11
3
-11
-30
-18
4
38
50
22
-11
1
-8
-28
-21
-43
-22
41
41
33
33
-6
-22
-9
-45
-34
-7
-24
28
47
-1
2
-7
-31
10
10
-25
1
2
12
27
-17
-19
-5
-15
1
10
8
26
33
6
4
-12
-19
-5
-40
-13
18
-3
14
17
13
20
-2
-42
-27
-3
-20
14
2
-9
34
4
-3
11
-18
-39
-29
-14
-4
20
2
8
36
7
3
-8
-32
-19
-17
-21
-2
30
49
36
-4
-33
-30
-20
-4
0
-2
9
5
12
22
-1
-7
-11
-24
9
25
6
4
-3
-9
-9
-18
-26
5
23
7
3
-21
-5
39
22
0
-26
-32
-19
-12
6
25
36
19
12
11
2
0
-37
-33
9
18
27
10
1
15
6
-13
3
29
8
2
-11
-46
-28
-32
-40
-7
20
48
52
27
-7
-18
-26
-49
-22
-23
-21
24
11
4
10
1
11
8
-11
-12
13
9
8
23
-7
-2
5
-21
-23
-23
-11
-6
-2
31
40
37
27
7
-9
-30
-34
-31
-21
-7
21
43
4
1
10
-18
0
-6
-17
2
-1
11
12
10
12
32
22
-6
30
4
-33
-4
-8
-12
0
2
12
36
38
13
-11
-37
-5
26
23
17
7
9
-1
-2
-7
-25
-5
6
-2
15
36
22
22
11
-11
16
7
8
24
-6
-8
-2
-12
-3
7
-15
-8
9
-7
12
-4
-2
22
-27
-13
-9
-52
-17
-10
-24
21
44
6
18
22
-22
-10
-50
-73
4
15
17
40
15
3
42
9
-39
-13
-34
-22
11
-3
16
2
-22
6
13
4
-4
-19
-6
7
-2
13
8
-1
32
4
-39
-30
-41
-29
9
-7
-8
39
38
46
39
-21
-29
-13
-22
-31
-18
-15
-17
11
9
7
18
4
17
12
0
-13
-18
-16
-23
-2
-14
-3
31
23
18
-3
4
-16
-41
-17
-19
-9
21
1
10
37
26
10
-10
-32
-4
18
-4
-1
-4
-7
0
2
1
-22
-9
11
-5
17
33
4
1
1
-19
-23
-20
-21
-12
9
11
13
8
-26
-27
12
-9
-11
15
6
23
3
-32
-14
2
4
-18
-19
30
42
5
-30
-40
8
26
-5
-28
13
61
46
0
-44
-45
-5
-21
-27
7
24
57
28
-22
-3
-23
-48
-40
-25
28
66
24
-6
-8
-36
-12
1
-31
24
48
2
-10
-44
-40
7
26
20
29
32
21
22
-38
-66
-31
-41
-14
17
21
33
9
-2
-3
-5
23
-5
-25
-26
-13
15
-6
-10
19
25
25
-15
-26
21
46
52
8
-35
2
8
-12
3
-6
-12
23
16
26
42
-6
-30
-26
-25
14
38
8
-13
-7
-8
-8
-7
-18
-12
6
3
-1
8
-4
1
31
9
0
19
-4
13
35
13
-2
-9
-14
16
15
-18
-14
-27
-30
14
19
4
9
16
0
-32
-28
-2
-30
-32
6
28
16
-17
-3
18
3
14
-15
-42
6
54
42
20
35
6
-9
0
3
22
3
6
-12
-43
-51
-50
-16
-33
-5
59
43
32
-1
-54
-55
-18
-21
-63
-35
-14
23
54
30
4
-22
-4
25
28
3
-25
-15
-16
33
61
14
20
15
-17
-9
-21
-17
4
-9
-23
-15
-18
-18
18
12
-29
-37
-33
27
65
34
21
-17
-31
-13
-33
-11
20
25
-5
-17
11
27
34
-11
12
55
43
69
44
6
-37
-63
-41
-54
-24
-5
-6
11
25
56
10
-4
-6
-50
1
-5
-1
30
-8
4
2
-9
-1
-9
-27
-58
-47
-20
19
46
44
56
20
-1
-5
-29
5
8
31
45
-2
-8
-25
-38
-36
-16
12
27
69
70
37
16
-12
-22
-16
-5
1
17
-15
-47
-35
-41
-29
-10
-18
-32
-44
-24
-11
-1
26
31
4
19
38
-7
-19
-4
-10
-1
5
6
13
26
4
25
73
57
37
21
-1
-31
-35
-23
-46
-20
43
44
21
17
-18
-38
-3
-6
-33
-54
-55
-35
-17
-5
-16
43
63
27
55
-8
-54
-27
-26
-27
-49
-33
3
27
65
65
16
0
31
27
9
-19
-33
-33
-39
20
35
-2
-1
-46
-41
-25
-43
14
49
24
11
-4
-19
-21
-26
-20
16
37
35
42
36
19
9
-37
-49
-7
30
47
50
32
-8
-41
-45
-29
-21
-9
2
-1
5
10
26
15
7
38
2
-11
4
-4
34
18
-5
4
-44
-33
5
-24
-3
36
9
24
18
-48
-33
-16
-28
2
13
10
55
65
25
11
-19
-35
2
-1
-19
-14
-54
-25
75
28
-8
25
-28
-23
-24
-35
23
20
33
46
0
-1
38
48
19
-1
-13
-9
-19
-24
-5
-19
17
51
28
36
13
-18
-34
-88
-99
-70
-78
-57
8
31
66
76
16
-2
-22
-49
-41
-48
-19
35
45
52
47
43
63
46
41
37
-7
-7
-13
-49
-41
-31
-36
-17
0
-9
-7
-14
-43
-44
-25
-1
9
-10
-12
9
29
38
50
17
-18
-7
-16
-19
-21
-23
-13
0
27
32
16
3
3
17
14
12
17
23
24
15
-3
-25
-24
-25
-39
-40
-45
-42
-39
-47
-57
-52
-47
-39
-21
-14
-1
12
14
10
-1
6
7
5
17
12
13
15
11
34
48
37
38
13
-26
-25
-46
-70
-67
-95
-92
-75
-88
-58
-33
-36
-6
3
-15
-2
0
-19
-9
-7
-14
8
15
4
12
7
9
32
27
29
44
37
35
26
9
-1
4
19
2
-29
-45
-54
-42
-32
-38
-18
8
8
15
3
5
52
68
73
99
107
112
124
108
87
73
32
7
-6
-44
-35
-9
-17
-4
-3
-17
-1
-10
-32
-22
-15
18
54
54
70
80
73
77
69
72
92
82
57
41
27
37
53
44
35
39
42
44
41
12
-21
-30
-45
-65
-61
-48
-34
-28
-8
0
-2
8
-11
-35
-48
-62
-64
-69
-72
-59
-52
-51
-46
-28
-22
-22
-24
-40
-46
-42
-43
-59
-84
-83
-77
-80
-68
-56
-58
-35
-7
-10
-10
-27
-56
-60
-89
-112
-105
-110
-103
-84
-86
-86
-73
-90
-124
-159
-193
-220
-255
-303
-332
-325
-314
-293
-248
-203
-152
-105
-80
-55
-20
24
67
111
160
227
314
406
505
599
679
757
825
869
895
906
885
842
790
719
665
602
515
451
385
318
287
260
233
222
194
174
176
164
161
173
161
161
174
177
200
225
210
201
183
151
134
100
42
-17
-87
-170
-235
-290
-352
-383
-403
-429
-433
-433
-428
-407
-392
-392
-397
-394
-400
-408
-407
-413
-397
-374
-357
-328
-307
-300
-295
-309
-346
-368
-414
-503
-568
-654
-742
-774
-799
-805
-784
-796
-813
-819
-844
-858
-858
-903
-962
-1024
-1118
-1172
-1188
-1202
-1199
-1206
-1193
-1083
-824
-393
174
790
1393
1986
2526
2962
3282
3441
3416
3225
2893
2449
1982
1545
1115
722
342
22
-160
-253
-301
-321
-365
-446
-512
-583
-673
-710
-717
-702
-660
-621
-495
-257
33
324
573
777
962
1124
1215
1217
1139
997
804
562
332
187
130
112
75
13
-45
-59
-52
-114
-234
-387
-552
-677
-767
-802
-723
-573
-427
-255
-59
157
430
641
715
713
625
509
401
235
71
-46
-160
-247
-303
-335
-292
-217
-177
-178
-214
-241
-238
-243
-264
-274
-270
-231
-142
-26
104
229
320
353
334
279
190
57
-119
-343
-574
-755
-875
-937
-948
-938
-891
-800
-714
-628
-533
-473
-450
-462
-528
-590
-629
-671
-708
-760
-829
-870
-890
-914
-940
-970
-1023
-1093
-1172
-1257
-1338
-1439
-1566
-1714
-1879
-2075
-2332
-2556
-2562
-2155
-1343
-381
607
1617
2679
3779
4710
5296
5537
5487
5187
4642
3880
3038
2270
1553
822
127
-407
-639
-623
-566
-595
-710
-800
-819
-852
-944
-1036
-1085
-1095
-1064
-965
-716
-258
307
850
1310
1699
2092
2438
2594
2509
2225
1817
1343
817
255
-253
-647
-957
-1213
-1420
-1510
-1427
-1269
-1144
-1080
-1065
-1001
-873
-746
-628
-513
-371
-186
9
226
495
783
1015
1129
1112
1034
950
839
694
518
325
144
-4
-106
-160
-163
-165
-186
-208
-228
-204
-145
-115
-115
-114
-98
-33
76
178
289
394
454
495
508
495
481
405
238
26
-200
-398
-532
-648
-736
-769
-755
-687
-576
-445
-301
-177
-106
-83
-67
-48
-28
-23
-62
-136
-210
-252
-281
-316
-372
-459
-549
-644
-755
-865
-988
-1137
-1293
-1445
-1573
-1653
-1696
-1712
-1705
-1674
-1615
-1519
-1405
-1298
-1211
-1164
-1163
-1170
-1186
-1231
-1364
-1594
-1746
-1569
-953
-67
855
1732
2613
3556
4418
5001
5236
5165
4836
4249
3431
2498
1653
950
281
-370
-914
-1156
-1024
-723
-468
-338
-265
-144
-18
18
-36
-119
-206
-297
-368
-346
-137
242
655
987
1233
1480
1754
1931
1897
1635
1228
773
291
-198
-655
-1014
-1239
-1385
-1470
-1452
-1279
-987
-707
-526
-441
-365
-255
-136
-55
-14
32
101
191
302
453
649
828
909
880
791
697
599
431
168
-108
-307
-373
-339
-246
-100
95
322
541
731
864
939
935
800
585
347
142
6
-105
-198
-240
-213
-108
49
176
253
293
270
202
82
-94
-271
-437
-592
-689
-726
-689
-558
-415
-285
-155
-68
-11
8
-40
-118
-215
-329
-463
-599
-725
-803
-830
-864
-899
-927
-923
-900
-914
-963
-1021
-1046
-1040
-1034
-1025
-1012
-973
-920
-882
-865
-839
-788
-723
-674
-666
-672
-655
-635
-671
-774
-930
-1074
-1176
-1327
-1582
-1918
-2196
-2173
-1721
-959
-83
822
1750
2752
3750
4519
4983
5118
4935
4488
3806
2987
2197
1490
801
148
-382
-659
-598
-354
-137
-25
26
89
177
208
132
-4
-163
-325
-453
-492
-375
-87
281
603
873
1152
1445
1667
1709
1524
1174
772
351
-88
-501
-863
-1145
-1303
-1369
-1331
-1148
-886
-610
-374
-230
-129
9
154
251
287
253
221
249
299
343
385
405
408
390
326
238
180
109
-25
-187
-351
-447
-428
-377
-322
-217
-63
134
338
481
555
617
630
555
455
341
244
206
159
100
106
169
256
344
369
330
293
214
67
-113
-321
-506
-619
-696
-743
-703
-580
-414
-237
-100
-17
62
102
73
1
-116
-251
-362
-463
-555
-581
-551
-499
-439
-403
-386
-361
-346
-387
-470
-581
-698
-793
-887
-987
-1060
-1087
-1082
-1036
-955
-860
-739
-627
-580
-580
-599
-617
-623
-682
-801
-919
-1025
-1127
-1241
-1379
-1500
-1599
-1756
-1961
-2078
-1896
-1306
-467
382
1182
2014
2919
3810
4437
4680
4626
4349
3889
3260
2519
1805
1190
604
29
-410
-599
-503
-287
-185
-220
-247
-183
-71
-8
-52
-122
-125
-69
18
176
436
769
1094
1295
1391
1495
1605
1609
1430
1051
594
209
-131
-479
-810
-1092
-1276
-1330
-1328
-1279
-1114
-881
-662
-500
-398
-302
-149
0
75
101
134
233
373
500
576
627
669
660
576
434
301
241
249
218
112
18
-13
25
123
161
116
103
86
52
42
4
-37
-10
1
8
125
294
510
745
844
847
857
809
711
570
300
-11
-280
-547
-762
-879
-948
-949
-875
-798
-690
-531
-376
-261
-213
-246
-316
-370
-418
-457
-483
-483
-449
-390
-316
-242
-163
-101
-104
-174
-278
-412
-555
-690
-860
-1023
-1121
-1162
-1150
-1076
-994
-925
-839
-773
-743
-722
-747
-832
-908
-967
-991
-940
-879
-865
-842
-811
-799
-764
-801
-960
-1141
-1362
-1639
-1866
-1968
-1838
-1356
-651
122
984
1917
2874
3772
4386
4617
4590
4358
3934
3338
2572
1762
1039
397
-148
-535
-707
-643
-445
-259
-113
70
316
573
721
730
682
653
685
729
750
778
851
948
1033
1088
1127
1152
1097
919
623
271
-53
-363
-711
-1080
-1394
-1594
-1657
-1619
-1536
-1369
-1123
-853
-584
-342
-127
87
266
336
331
345
393
494
605
644
662
707
746
769
743
625
460
266
8
-257
-450
-557
-593
-578
-567
-505
-329
-97
109
229
285
316
354
389
361
313
291
264
248
249
239
270
316
263
141
5
-155
-292
-420
-617
-795
-879
-905
-851
-742
-649
-524
-363
-235
-121
-29
-10
-46
-115
-214
-289
-313
-350
-397
-434
-462
-442
-396
-391
-428
-496
-595
-695
-790
-888
-977
-1054
-1130
-1186
-1174
-1083
-947
-822
-753
-700
-622
-504
-379
-316
-307
-317
-322
-336
-406
-545
-731
-936
-1156
-1381
-1595
-1777
-1933
-2054
-2070
-1872
-1390
-679
158
1029
1913
2775
3537
4117
4414
4441
4259
3863
3301
2637
1934
1293
740
258
-102
-282
-296
-188
-35
82
201
352
488
590
628
591
554
541
536
569
631
715
810
876
889
860
796
671
466
181
-151
-467
-735
-950
-1126
-1256
-1298
-1247
-1125
-960
-791
-611
-417
-252
-139
-62
-9
28
65
81
98
184
328
476
618
709
757
819
845
793
692
537
338
154
-48
-263
-396
-494
-573
-584
-583
-540
-413
-299
-231
-165
-138
-93
5
58
85
129
166
221
297
324
330
331
268
162
31
-122
-254
-374
-512
-630
-686
-669
-575
-448
-342
-239
-124
-33
9
-15
-103
-208
-299
-386
-447
-461
-442
-388
-326
-286
-258
-239
-269
-365
-517
-729
-941
-1113
-1264
-1360
-1383
-1355
-1268
-1129
-980
-806
-626
-511
-449
-412
-417
-432
-443
-517
-634
-724
-795
-818
-808
-886
-1031
-1167
-1313
-1459
-1619
-1845
-2020
-1962
-1676
-1168
-466
310
1173
2123
3013
3738
4277
4551
4558
4354
3889
3242
2558
1848
1140
511
-13
-368
-462
-412
-313
-171
-19
148
347
498
542
553
526
463
424
399
395
454
524
555
599
660
718
748
680
500
284
72
-150
-369
-605
-829
-989
-1088
-1126
-1087
-986
-840
-662
-508
-350
-183
-47
65
139
170
207
267
308
367
441
481
529
562
549
531
480
331
147
-48
-266
-419
-550
-703
-787
-781
-722
-570
-374
-204
0
196
324
433
522
563
597
590
521
475
460
448
422
360
251
142
47
-77
-226
-386
-546
-680
-769
-819
-821
-750
-644
-538
-432
-337
-262
-203
-195
-258
-339
-410
-462
-487
-499
-509
-483
-415
-351
-304
-291
-340
-446
-601
-824
-1062
-1276
-1479
-1630
-1690
-1669
-1544
-1326
-1078
-803
-512
-274
-99
13
42
18
-53
-211
-393
-525
-587
-581
-570
-590
-622
-625
-642
-735
-938
-1234
-1523
-1715
-1755
-1620
-1290
-767
-80
721
1586
2460
3258
3903
4271
4331
4153
3795
3305
2704
1995
1228
560
52
-281
-431
-469
-422
-271
-62
147
371
549
641
666
595
478
403
385
387
415
450
500
626
778
876
905
841
678
474
219
-114
-464
-811
-1138
-1399
-1573
-1669
-1651
-1519
-1347
-1135
-896
-650
-376
-105
94
219
309
373
459
561
618
638
644
629
612
606
562
486
386
236
79
-42
-138
-220
-293
-382
-434
-389
-284
-142
-7
79
148
236
318
396
460
467
438
386
323
286
269
219
118
-19
-166
-275
-364
-475
-613
-753
-858
-910
-915
-891
-831
-743
-635
-516
-396
-272
-167
-107
-108
-148
-191
-218
-249
-315
-400
-485
-532
-557
-609
-701
-811
-900
-960
-1002
-1071
-1137
-1156
-1132
-1070
-1007
-946
-842
-666
-504
-391
-338
-324
-270
-210
-214
-294
-393
-503
-571
-628
-758
-896
-1025
-1160
-1286
-1404
-1557
-1680
-1739
-1751
-1577
-1187
-623
87
859
1616
2386
3135
3713
4096
4222
4099
3817
3399
2844
2205
1545
874
295
-174
-498
-637
-638
-559
-457
-311
-137
91
313
468
550
578
610
635
680
709
732
764
795
821
829
840
789
685
500
249
3
-235
-478
-755
-1017
-1259
-1397
-1434
-1424
-1348
-1230
-1061
-854
-612
-382
-147
72
216
324
394
478
571
647
654
628
619
601
583
484
319
126
-55
-219
-374
-499
-592
-597
-539
-406
-215
16
268
471
619
692
735
735
693
584
421
264
110
-1
-94
-171
-232
-267
-300
-346
-380
-438
-496
-577
-686
-791
-848
-847
-807
-723
-636
-510
-347
-179
-37
52
88
74
48
-19
-110
-211
-317
-411
-489
-543
-578
-577
-584
-631
-711
-813
-919
-1024
-1142
-1289
-1398
-1435
-1411
-1325
-1206
-1060
-859
-618
-407
-230
-83
14
84
87
-23
-186
-349
-513
-665
-825
-1031
-1221
-1353
-1471
-1584
-1716
-1868
-1923
-1768
-1407
-868
-211
494
1279
2128
2939
3606
4070
4296
4299
4115
3717
3160
2529
1862
1184
542
-5
-392
-568
-611
-608
-562
-447
-243
21
259
397
467
509
529
545
541
514
500
516
534
573
633
682
703
649
504
298
77
-159
-417
-711
-1032
-1305
-1492
-1584
-1602
-1565
-1474
-1309
-1068
-793
-506
-230
23
243
412
514
577
636
672
682
657
598
543
515
467
372
246
76
-102
-267
-433
-557
-595
-579
-522
-403
-245
-22
251
467
591
662
700
722
728
650
502
370
262
170
97
12
-85
-157
-250
-377
-493
-599
-699
-789
-887
-977
-993
-936
-842
-729
-611
-478
-321
-151
-18
69
120
140
141
113
61
-12
-76
-136
-207
-277
-360
-456
-573
-713
-887
-1061
-1209
-1335
-1434
-1519
-1580
-1588
-1495
-1334
-1138
-927
-719
-478
-219
6
138
199
218
226
215
111
-61
-236
-373
-505
-649
-813
-968
-1074
-1201
-1359
-1538
-1681
-1754
-1726
-1579
-1292
-798
-152
600
1386
2184
2967
3658
4174
4416
4429
4232
3860
3314
2611
1832
1048
370
-208
-641
-918
-1017
-946
-772
-532
-279
20
290
494
604
631
638
625
607
542
492
482
528
619
690
743
758
752
666
507
267
-45
-388
-771
-1145
-1489
-1727
-1860
-1874
-1777
-1601
-1309
-936
-516
-129
209
492
744
958
1064
1084
1020
933
826
697
511
295
121
-40
-161
-287
-397
-461
-472
-472
-480
-452
-419
-330
-243
-190
-135
-42
94
229
357
416
485
566
613
622
567
470
325
168
-55
-294
-512
-720
-887
-1026
-1114
-1143
-1071
-966
-854
-729
-610
-470
-335
-224
-171
-135
-112
-107
-94
-98
-96
-80
-51
-52
-65
-91
-156
-236
-364
-540
-740
-931
-1116
-1256
-1335
-1386
-1375
-1322
-1236
-1103
-930
-760
-598
-448
-330
-188
-41
70
129
126
90
75
65
-22
-172
-364
-542
-669
-823
-1037
-1270
-1450
-1578
-1669
-1783
-1899
-1878
-1659
-1235
-670
-23
698
1521
2384
3168
3791
4185
4371
4351
4110
3656
3053
2380
1672
967
291
-265
-624
-783
-804
-752
-634
-431
-145
141
356
470
512
522
500
454
393
348
339
365
411
482
595
720
811
814
717
562
373
128
-197
-581
-978
-1299
-1516
-1650
-1700
-1657
-1505
-1245
-914
-578
-238
95
392
640
804
879
901
892
838
748
624
470
337
214
74
-65
-197
-322
-405
-456
-492
-468
-384
-250
-69
113
265
410
550
663
743
738
640
509
371
225
71
-107
-301
-449
-547
-614
-649
-674
-687
-687
-688
-696
-689
-673
-671
-686
-710
-713
-663
-570
-470
-371
-271
-169
-63
27
79
97
90
54
-20
-124
-254
-391
-522
-653
-784
-892
-971
-1033
-1072
-1100
-1117
-1094
-1039
-976
-904
-828
-746
-629
-493
-373
-260
-161
-86
-14
43
56
35
-26
-136
-268
-410
-564
-709
-851
-1031
-1220
-1376
-1495
-1565
-1606
-1630
-1547
-1276
-831
-265
351
979
1657
2382
3044
3532
3810
3892
3823
3618
3240
2711
2116
1515
942
430
3
-293
-431
-456
-434
-375
-248
-57
155
305
362
377
413
453
460
437
402
411
468
515
532
553
587
594
541
381
165
-25
-214
-456
-741
-1017
-1213
-1270
-1265
-1242
-1160
-999
-760
-481
-230
-23
201
422
586
684
715
721
740
723
631
511
393
297
223
121
-11
-114
-175
-208
-218
-223
-213
-168
-110
-74
-47
-12
21
60
91
103
123
159
188
202
207
185
154
114
45
-56
-169
-302
-449
-581
-707
-808
-872
-905
-910
-876
-805
-712
-582
-449
-321
-200
-95
-13
39
57
31
-4
-54
-119
-196
-284
-367
-448
-520
-606
-694
-775
-840
-887
-941
-990
-1024
-1013
-961
-888
-813
-724
-596
-450
-292
-157
-46
55
147
211
219
191
114
25
-82
-232
-401
-577
-734
-878
-980
-1068
-1164
-1265
-1378
-1456
-1506
-1545
-1576
-1520
-1303
-901
-325
330
1037
1779
2543
3246
3790
4116
4198
4094
3794
3310
2681
1987
1293
628
45
-440
-751
-867
-827
-702
-539
-333
-91
188
407
522
564
570
568
550
523
484
488
518
551
600
645
691
709
662
504
282
38
-222
-498
-813
-1116
-1345
-1443
-1428
-1330
-1166
-951
-668
-343
-6
288
523
700
811
863
853
807
727
628
497
351
227
121
31
-70
-181
-290
-365
-403
-421
-409
-378
-308
-212
-98
33
181
337
449
511
526
531
519
471
372
211
56
-78
-186
-287
-396
-504
-584
-613
-630
-626
-619
-615
-614
-621
-631
-632
-588
-538
-484
-426
-357
-248
-122
-24
15
31
36
39
29
-23
-99
-193
-290
-405
-511
-610
-705
-795
-915
-1037
-1123
-1130
-1100
-1059
-1018
-961
-826
-643
-440
-260
-87
75
209
286
259
200
123
22
-147
-363
-549
-673
-745
-887
-1070
-1233
-1328
-1380
-1473
-1601
-1746
-1809
-1805
-1699
-1437
-977
-278
536
1397
2214
3022
3767
4320
4589
4495
4174
3683
3105
2419
1640
878
206
-249
-554
-680
-670
-528
-286
-72
114
234
378
478
495
433
322
318
388
531
642
735
844
967
1106
1127
1056
852
564
201
-218
-602
-958
-1220
-1451
-1596
-1623
-1517
-1270
-1005
-719
-467
-177
112
353
522
585
636
666
711
731
738
764
768
761
686
582
440
272
66
-198
-464
-708
-817
-816
-736
-582
-375
-108
173
462
666
773
794
707
561
377
194
24
-119
-253
-342
-340
-295
-192
-104
-91
-134
-189
-264
-381
-483
-618
-764
-864
-910
-876
-755
-575
-408
-257
-128
3
140
204
167
53
-88
-246
-376
-481
-603
-684
-726
-751
-742
-669
-590
-574
-605
-691
-758
-755
-718
-705
-726
-745
-721
-588
-420
-277
-166
-109
-77
-25
37
23
-30
-116
-264
-397
-510
-624
-732
-832
-980
-1161
-1319
-1464
-1560
-1641
-1774
-1918
-1936
-1721
-1225
-474
353
1192
2055
2894
3646
4202
4476
4432
4138
3638
2983
2306
1668
1098
594
169
-138
-265
-213
-101
-8
17
-16
-58
-69
-55
-54
-38
-10
73
273
554
875
1171
1385
1473
1451
1328
1088
800
450
25
-402
-755
-993
-1105
-1117
-1102
-1041
-927
-784
-632
-520
-444
-390
-338
-298
-212
-34
178
438
720
951
1132
1291
1365
1284
1098
817
449
58
-298
-587
-802
-910
-916
-827
-679
-474
-212
-22
103
252
405
494
575
638
601
582
617
603
511
426
346
215
66
-102
-254
-419
-599
-716
-827
-924
-904
-798
-768
-734
-597
-506
-421
-267
-121
-54
6
66
64
45
1
-37
-128
-268
-324
-339
-391
-440
-415
-458
-543
-547
-604
-733
-837
-902
-1031
-1175
-1227
-1191
-1086
-977
-799
-580
-360
-97
136
232
229
292
262
51
-155
-284
-364
-433
-482
-574
-667
-680
-665
-720
-921
-1139
-1355
-1621
-1887
-2048
-2135
-2163
-1882
-1273
-456
501
1527
2473
3251
3891
4247
4260
4007
3621
3134
2507
1881
1390
1040
762
601
503
369
291
238
91
-149
-343
-478
-586
-577
-427
-154
195
609
1036
1384
1649
1819
1839
1666
1386
1041
611
167
-216
-515
-737
-863
-915
-914
-858
-797
-778
-833
-907
-944
-956
-932
-843
-649
-339
67
491
868
1212
1463
1577
1557
1387
1076
718
354
-33
-356
-537
-570
-476
-327
-179
-58
18
25
-16
-133
-302
-386
-401
-383
-263
-31
220
486
733
868
902
841
680
436
140
-158
-401
-586
-731
-754
-693
-624
-541
-481
-493
-551
-596
-666
-736
-753
-685
-533
-363
-163
53
227
301
305
240
80
-69
-190
-310
-410
-435
-422
-445
-460
-487
-572
-773
-1007
-1205
-1372
-1447
-1400
-1249
-1047
-751
-417
-181
2
168
269
237
160
78
-45
-160
-236
-255
-286
-316
-354
-437
-552
-663
-778
-1019
-1295
-1501
-1681
-1851
-1961
-1995
-2010
-1875
-1475
-794
100
1078
2047
2867
3505
3952
4157
4062
3742
3366
2886
2336
1891
1623
1427
1215
1000
731
442
190
-58
-363
-666
-809
-809
-707
-459
-14
527
1009
1407
1674
1782
1762
1647
1413
1068
747
491
263
81
-5
-25
-94
-239
-461
-744
-1044
-1298
-1483
-1621
-1654
-1525
-1238
-858
-436
27
450
749
935
1044
1036
962
931
862
721
624
563
457
337
233
81
-115
-335
-569
-761
-847
-729
-469
-249
-62
185
381
487
612
647
564
532
516
411
341
394
442
419
319
158
-22
-202
-359
-522
-730
-886
-911
-931
-942
-818
-677
-642
-632
-617
-625
-557
-399
-269
-167
-43
84
142
158
165
129
4
-167
-324
-460
-516
-516
-549
-646
-743
-829
-958
-1080
-1175
-1252
-1298
-1268
-1180
-1075
-886
-654
-452
-285
-101
51
124
149
73
-45
-143
-198
-230
-254
-238
-237
-298
-473
-668
-857
-1086
-1278
-1475
-1669
-1809
-1870
-1904
-1745
-1137
-198
861
1808
2583
3177
3559
3679
3492
3138
2763
2534
2355
2149
2081
2144
2158
1934
1542
1028
485
-3
-487
-890
-1130
-1081
-821
-465
-43
445
949
1266
1391
1349
1201
1036
888
795
745
803
881
900
838
669
422
103
-246
-653
-1051
-1356
-1544
-1593
-1535
-1375
-1186
-988
-784
-575
-377
-205
16
236
419
611
851
1083
1245
1331
1275
1107
890
631
341
74
-91
-144
-139
-148
-131
-74
-60
-121
-231
-357
-441
-422
-349
-240
-61
151
340
458
502
505
466
328
125
-56
-205
-277
-273
-263
-277
-288
-359
-536
-739
-937
-1094
-1183
-1191
-1102
-894
-597
-293
-35
120
182
148
-19
-212
-326
-373
-381
-305
-200
-108
-2
27
-95
-322
-574
-858
-1147
-1376
-1474
-1407
-1274
-1126
-979
-858
-728
-546
-377
-303
-273
-301
-341
-258
-68
95
151
126
46
-59
-209
-380
-480
-599
-822
-1053
-1187
-1236
-1272
-1425
-1686
-1700
-1223
-376
546
1344
2015
2579
2925
2952
2832
2748
2725
2697
2555
2399
2458
2657
2667
2395
1956
1421
865
321
-200
-592
-801
-877
-880
-792
-536
-151
166
274
270
250
252
339
493
687
947
1228
1354
1318
1249
1147
951
629
236
-135
-395
-542
-648
-763
-897
-1004
-1129
-1295
-1405
-1391
-1289
-1147
-921
-621
-222
262
671
930
1080
1155
1100
966
849
769
720
654
565
454
352
281
204
67
-103
-230
-382
-554
-643
-632
-559
-427
-274
-171
-49
108
229
266
256
262
264
260
279
342
368
329
259
94
-124
-305
-472
-673
-835
-914
-973
-990
-945
-843
-721
-629
-580
-562
-541
-483
-392
-357
-327
-172
21
146
228
299
317
273
122
-178
-490
-715
-870
-1020
-1143
-1160
-1081
-1020
-1042
-1105
-1208
-1312
-1307
-1200
-1010
-736
-435
-207
-46
59
70
27
-19
-59
-124
-202
-243
-256
-317
-468
-663
-888
-1134
-1359
-1449
-1198
-574
164
712
1068
1396
1695
1848
1814
1773
1877
2059
2176
2235
2415
2727
2942
2851
2543
2209
1873
1488
1060
668
384
180
-16
-179
-206
-142
-106
-161
-289
-409
-475
-484
-431
-312
-164
-10
146
271
375
478
545
554
513
426
340
314
305
244
147
18
-124
-253
-395
-531
-599
-612
-641
-639
-559
-433
-275
-126
-19
46
77
82
101
146
156
145
126
96
68
33
-4
-20
-22
-78
-135
-106
-45
-33
-66
-63
1
103
184
235
321
452
550
538
498
520
510
388
228
112
25
-47
-158
-309
-379
-385
-447
-566
-650
-693
-717
-746
-794
-767
-665
-593
-535
-439
-336
-236
-112
-5
103
226
270
241
219
207
162
78
-49
-197
-328
-464
-615
-757
-882
-987
-1070
-1138
-1171
-1151
-1103
-1045
-972
-883
-765
-623
-502
-396
-295
-242
-223
-180
-140
-143
-180
-267
-386
-482
-594
-756
-926
-1105
-1298
-1428
-1445
-1321
-1012
-659
-406
-155
183
505
733
867
953
1155
1496
1785
1982
2233
2557
2809
2897
2836
2751
2679
2521
2280
2075
1963
1890
1779
1571
1353
1205
1028
766
495
257
48
-100
-212
-307
-357
-404
-487
-564
-624
-694
-745
-774
-823
-875
-907
-903
-846
-797
-808
-810
-747
-692
-678
-673
-638
-546
-433
-361
-282
-100
120
263
347
455
576
652
665
617
568
573
544
389
225
158
91
-16
-116
-232
-344
-384
-408
-462
-451
-358
-247
-110
61
228
371
507
621
696
718
706
689
669
626
536
437
379
326
231
139
70
-27
-149
-294
-460
-565
-622
-704
-763
-736
-699
-664
-609
-581
-522
-424
-391
-387
-330
-291
-283
-233
-224
-283
-323
-391
-492
-543
-605
-773
-940
-1038
-1101
-1136
-1164
-1165
-1087
-974
-889
-798
-690
-554
-380
-251
-193
-115
-49
-48
-23
7
-79
-220
-336
-453
-570
-728
-944
-1094
-1144
-1243
-1404
-1524
-1514
-1256
-850
-599
-476
-216
163
512
774
867
920
1200
1600
1872
2096
2402
2683
2844
2869
2803
2779
2792
2690
2476
2292
2194
2143
2038
1816
1576
1381
1145
859
600
356
110
-80
-228
-372
-472
-546
-663
-807
-910
-976
-1035
-1088
-1124
-1139
-1125
-1052
-956
-903
-881
-865
-866
-891
-903
-883
-831
-747
-634
-467
-251
-34
139
260
360
469
570
612
619
635
656
646
571
475
420
355
228
95
-10
-96
-124
-148
-218
-228
-158
-107
-66
16
99
211
361
472
554
611
587
549
536
451
337
284
202
104
58
-39
-165
-222
-316
-498
-598
-626
-680
-701
-684
-674
-628
-561
-526
-475
-403
-379
-370
-333
-274
-189
-123
-127
-132
-125
-195
-317
-415
-529
-698
-867
-1002
-1099
-1139
-1140
-1136
-1099
-1018
-956
-934
-872
-755
-646
-536
-398
-267
-179
-116
-65
-25
-19
-92
-197
-253
-324
-487
-654
-754
-850
-1011
-1232
-1413
-1486
-1494
-1429
-1171
-775
-479
-331
-135
222
586
697
611
714
1148
1607
1857
2057
2392
2733
2831
2739
2703
2760
2724
2520
2310
2279
2371
2341
2138
1940
1778
1522
1168
827
555
314
72
-126
-246
-338
-453
-599
-772
-912
-1012
-1132
-1229
-1225
-1197
-1184
-1105
-1022
-1021
-1057
-1097
-1147
-1161
-1133
-1085
-980
-827
-655
-444
-231
-64
72
160
204
313
464
548
629
758
830
835
847
809
667
498
312
94
-78
-168
-255
-344
-370
-341
-289
-222
-169
-140
-93
-19
69
179
279
365
482
569
556
540
540
437
298
227
144
36
-27
-110
-230
-284
-333
-436
-517
-563
-595
-581
-544
-511
-458
-451
-497
-480
-429
-404
-345
-285
-292
-265
-186
-173
-221
-298
-428
-577
-702
-829
-935
-979
-994
-997
-994
-986
-938
-867
-820
-765
-679
-598
-516
-413
-324
-236
-112
-8
23
42
51
-13
-102
-193
-341
-511
-634
-749
-860
-939
-1071
-1240
-1336
-1415
-1544
-1568
-1366
-1005
-661
-526
-467
-161
276
488
493
551
812
1269
1665
1854
2101
2472
2651
2613
2610
2650
2650
2577
2424
2355
2459
2501
2354
2170
2006
1809
1565
1260
967
754
544
315
165
47
-121
-304
-504
-707
-842
-948
-1097
-1223
-1282
-1324
-1351
-1369
-1420
-1486
-1520
-1522
-1484
-1383
-1240
-1101
-969
-818
-645
-463
-279
-127
-19
106
267
425
562
687
782
843
852
781
642
488
351
205
48
-31
4
29
-13
-29
-4
9
7
-27
-70
-11
131
226
285
394
510
536
465
392
352
260
136
59
4
-33
-24
-78
-201
-249
-292
-422
-501
-502
-519
-518
-482
-449
-397
-365
-398
-417
-419
-424
-370
-307
-294
-261
-247
-309
-345
-395
-559
-712
-786
-872
-944
-959
-965
-954
-938
-963
-977
-961
-946
-903
-847
-781
-628
-433
-308
-226
-152
-109
-78
-83
-137
-182
-212
-265
-351
-454
-505
-524
-684
-928
-1027
-1043
-1123
-1239
-1387
-1482
-1363
-1093
-811
-554
-404
-304
-96
148
330
466
557
773
1248
1680
1932
2219
2441
2434
2395
2392
2361
2405
2436
2369
2421
2593
2641
2535
2325
2045
1795
1531
1219
1015
885
697
565
497
362
187
-35
-358
-639
-812
-995
-1172
-1279
-1365
-1429
-1452
-1469
-1497
-1559
-1645
-1678
-1616
-1497
-1365
-1232
-1076
-895
-718
-525
-328
-192
-83
60
222
399
559
624
642
688
686
602
491
396
329
242
137
118
149
106
66
68
15
-31
-39
-104
-105
33
113
127
222
323
369
379
319
238
187
115
65
57
7
-15
6
-69
-147
-134
-195
-296
-277
-256
-264
-198
-160
-193
-178
-160
-202
-242
-283
-313
-292
-286
-293
-277
-343
-477
-557
-658
-817
-913
-985
-1106
-1165
-1140
-1150
-1169
-1141
-1108
-1082
-1021
-943
-864
-751
-612
-489
-388
-287
-187
-94
-32
-20
-28
-61
-149
-248
-355
-501
-571
-523
-598
-832
-928
-857
-864
-1011
-1201
-1320
-1318
-1360
-1491
-1372
-849
-372
-330
-435
-184
375
699
582
460
738
1244
1581
1721
1933
2272
2465
2390
2320
2486
2692
2641
2449
2454
2632
2662
2466
2208
2011
1875
1697
1416
1185
1078
905
636
441
307
112
-173
-518
-808
-961
-1076
-1229
-1346
-1407
-1436
-1437
-1472
-1529
-1518
-1498
-1525
-1500
-1371
-1215
-1057
-882
-686
-454
-221
-56
37
141
275
360
409
558
757
805
705
604
524
410
241
60
-5
66
106
36
-33
-23
32
52
7
-33
-36
-26
51
198
287
295
326
348
273
167
109
89
55
14
-4
27
73
44
-64
-159
-196
-261
-383
-433
-367
-270
-234
-269
-332
-394
-462
-507
-488
-467
-455
-406
-395
-455
-519
-615
-790
-938
-1032
-1095
-1046
-967
-1024
-1145
-1210
-1215
-1189
-1191
-1213
-1114
-935
-843
-793
-738
-680
-571
-507
-557
-550
-459
-451
-452
-396
-400
-452
-538
-684
-799
-845
-867
-831
-824
-984
-1147
-1222
-1365
-1606
-1818
-1678
-877
247
1000
1288
1422
1464
1379
1244
1324
1916
2801
3400
3530
3454
3364
3164
2699
2141
1903
1966
2007
1962
1895
1728
1318
601
-242
-780
-809
-567
-340
-217
-161
-241
-550
-901
-1012
-836
-514
-193
50
300
601
756
667
473
326
298
313
338
456
631
626
358
-77
-558
-878
-997
-1038
-1002
-899
-864
-946
-1077
-1185
-1176
-1066
-980
-847
-587
-250
69
250
265
250
291
349
510
834
1215
1524
1606
1446
1198
968
796
720
686
616
546
381
62
-241
-499
-751
-932
-1031
-1091
-1041
-906
-862
-888
-939
-993
-988
-923
-740
-436
-163
-58
-43
-53
-92
-32
82
147
215
248
164
-9
-145
-261
-401
-543
-680
-738
-754
-762
-827
-1027
-1277
-1491
-1614
-1633
-1488
-1259
-1130
-1077
-1097
-1153
-1183
-1095
-886
-702
-516
-310
-142
-84
-147
-282
-495
-630
-616
-503
-337
-257
-341
-604
-927
-1233
-1479
-1539
-1428
-1297
-1402
-1584
-1329
-479
595
1294
1455
1314
1210
1321
1600
2128
2850
3486
3655
3262
2769
2526
2474
2310
2039
1875
1802
1736
1502
1075
543
-32
-596
-1046
-1049
-593
-55
174
-30
-408
-732
-824
-609
-113
530
1055
1317
1221
975
902
975
1023
1015
1080
1146
1113
939
545
61
-442
-914
-1247
-1346
-1221
-1083
-1112
-1421
-1834
-2129
-2269
-2091
-1611
-1092
-705
-411
-215
-143
-14
146
309
583
914
1203
1386
1467
1443
1355
1194
1028
1066
1149
1093
949
682
299
-32
-234
-438
-510
-409
-432
-557
-677
-775
-838
-836
-765
-637
-431
-289
-194
-151
-238
-262
-219
-215
-163
15
117
37
-71
-294
-541
-629
-680
-761
-807
-810
-880
-961
-1019
-1069
-1049
-1099
-1161
-1124
-1043
-919
-779
-735
-871
-959
-1026
-1147
-1050
-810
-618
-523
-501
-576
-684
-688
-735
-741
-644
-489
-350
-495
-790
-988
-1044
-1082
-1043
-855
-769
-698
-802
-1254
-1634
-1708
-1686
-1685
-1109
208
1576
2274
2044
1505
1161
1216
1722
2477
3427
4240
4385
3570
2518
2045
1845
1737
1790
1945
2024
1858
1365
441
-430
-936
-1167
-1136
-825
-193
236
73
-484
-1062
-1296
-1055
-335
487
1185
1711
1689
1196
739
692
979
1400
1822
1976
1872
1542
973
313
-224
-454
-559
-688
-781
-856
-1059
-1474
-1936
-2324
-2463
-2196
-1758
-1363
-1005
-760
-833
-1075
-1062
-697
-111
535
1079
1394
1417
1209
911
705
800
1192
1505
1487
1322
1077
614
136
-124
-274
-296
-151
-67
-125
-196
-333
-638
-898
-893
-597
-183
144
374
387
79
-293
-494
-515
-278
168
352
175
-57
-381
-733
-867
-825
-760
-676
-663
-847
-1080
-1282
-1400
-1401
-1398
-1266
-966
-770
-735
-679
-707
-864
-845
-739
-692
-556
-427
-465
-635
-842
-950
-835
-719
-748
-717
-761
-936
-1011
-1114
-1246
-1071
-746
-735
-842
-860
-976
-1058
-1014
-946
-828
-679
-612
-739
-1046
-1193
-666
327
1172
1761
1963
1746
1559
1617
1810
2306
3106
3580
3472
3052
2532
2159
1971
1860
1827
1852
1788
1559
1164
570
24
-345
-669
-744
-443
-61
123
40
-339
-796
-926
-712
-239
454
1068
1315
1149
761
462
525
874
1254
1566
1650
1436
1030
517
42
-205
-241
-305
-466
-660
-891
-1113
-1377
-1674
-1849
-1823
-1681
-1449
-1113
-879
-818
-858
-967
-911
-503
91
592
991
1212
1092
851
723
797
1044
1300
1381
1187
832
454
191
2
-170
-166
-110
-166
-230
-273
-383
-491
-466
-448
-368
-66
221
349
343
212
-9
-173
-171
-27
205
313
218
-29
-439
-783
-909
-947
-948
-863
-880
-1130
-1377
-1591
-1786
-1764
-1583
-1454
-1394
-1325
-1275
-1229
-1135
-1009
-843
-695
-521
-301
-241
-329
-388
-466
-638
-684
-541
-458
-469
-580
-802
-1015
-1160
-1216
-1191
-1104
-1022
-1002
-1072
-1171
-1120
-1025
-983
-886
-865
-991
-1080
-846
-117
959
1852
2050
1773
1447
1324
1615
2233
2992
3599
3681
3158
2410
1931
1846
2068
2288
2262
2096
1756
1235
712
315
71
-38
-55
-85
-25
100
44
-183
-455
-579
-401
-8
415
782
1018
972
735
530
511
781
1168
1377
1333
1110
755
402
182
80
88
68
-191
-625
-1022
-1304
-1447
-1436
-1380
-1320
-1246
-1247
-1285
-1258
-1189
-1106
-973
-762
-463
-72
286
523
653
633
547
546
664
925
1221
1306
1105
788
458
167
80
132
167
151
9
-263
-528
-632
-566
-437
-327
-258
-187
-154
-127
-14
86
157
249
286
248
237
250
155
24
-69
-169
-241
-315
-467
-700
-961
-1187
-1363
-1446
-1439
-1381
-1400
-1572
-1763
-1925
-2045
-2026
-1838
-1555
-1267
-1047
-968
-947
-863
-754
-619
-435
-258
-144
-112
-173
-298
-410
-504
-589
-654
-718
-784
-802
-803
-860
-955
-1032
-1066
-1057
-1009
-959
-961
-1000
-882
-371
450
1189
1557
1517
1277
1184
1424
1913
2536
3143
3364
2982
2282
1749
1631
1828
2088
2216
2124
1795
1320
843
491
382
446
460
378
340
321
193
31
-79
-80
85
367
645
852
972
934
766
632
669
914
1171
1249
1131
838
453
107
-89
-139
-74
-37
-252
-640
-1014
-1313
-1482
-1476
-1353
-1221
-1095
-1028
-1069
-1116
-1064
-874
-607
-344
-97
98
178
175
200
277
388
541
632
605
583
569
461
313
237
219
198
159
90
22
-15
-63
-145
-231
-262
-230
-218
-253
-246
-186
-167
-169
-98
1
82
143
145
90
19
-64
-145
-155
-92
-55
-134
-343
-571
-713
-802
-866
-880
-900
-988
-1114
-1247
-1350
-1379
-1366
-1395
-1474
-1534
-1512
-1391
-1244
-1108
-975
-894
-869
-832
-723
-562
-407
-320
-291
-227
-143
-99
-82
-110
-191
-288
-378
-432
-387
-276
-262
-388
-572
-724
-797
-813
-762
-628
-394
-49
299
493
571
696
830
900
1090
1462
1837
2071
2096
1900
1635
1523
1543
1597
1727
1866
1806
1485
1119
912
819
798
849
886
840
748
628
450
377
472
537
528
560
641
684
711
757
768
786
818
826
801
770
748
629
409
211
78
-48
-180
-285
-433
-617
-779
-965
-1146
-1231
-1219
-1189
-1154
-1086
-1004
-912
-815
-697
-537
-361
-193
-83
-29
37
113
157
191
265
324
334
308
243
184
182
206
195
160
114
35
-69
-137
-132
-98
-68
-40
-43
-78
-112
-127
-146
-148
-119
-111
-105
-55
25
52
-11
-104
-188
-225
-184
-106
-61
-95
-204
-374
-525
-554
-510
-463
-455
-511
-638
-798
-910
-949
-935
-909
-914
-953
-1023
-1051
-1024
-992
-951
-913
-899
-904
-894
-868
-835
-764
-701
-665
-608
-524
-443
-408
-420
-450
-472
-473
-463
-421
-381
-392
-464
-599
-740
-815
-798
-659
-389
-71
168
310
383
407
469
629
865
1120
1333
1440
1440
1426
1450
1495
1564
1657
1748
1765
1685
1576
1472
1384
1334
1317
1285
1223
1185
1126
1034
974
951
932
899
891
900
903
899
863
799
721
677
671
663
672
677
626
492
320
143
-36
-168
-262
-348
-442
-563
-728
-936
-1114
-1226
-1275
-1279
-1247
-1184
-1132
-1087
-1038
-982
-893
-763
-604
-453
-307
-178
-111
-88
-68
-22
45
126
211
257
273
280
284
282
273
261
233
197
178
181
200
217
232
224
183
135
107
96
93
110
130
133
124
107
49
-54
-130
-158
-156
-142
-131
-157
-241
-342
-428
-465
-436
-401
-415
-481
-551
-628
-718
-751
-710
-657
-660
-713
-791
-882
-927
-912
-863
-789
-721
-716
-789
-865
-905
-931
-921
-869
-825
-816
-806
-789
-802
-818
-799
-756
-691
-591
-482
-430
-436
-462
-499
-536
-527
-443
-310
-130
83
244
320
346
347
361
452
614
755
817
824
827
852
905
1003
1133
1258
1362
1427
1437
1445
1483
1520
1545
1561
1543
1497
1457
1437
1454
1499
1523
1501
1429
1341
1287
1250
1206
1181
1142
1040
920
815
725
662
566
389
226
129
24
-81
-172
-283
-401
-537
-699
-810
-881
-961
-1006
-1039
-1111
-1160
-1179
-1201
-1180
-1123
-1067
-973
-850
-750
-656
-568
-501
-409
-310
-241
-165
-102
-86
-64
-25
1
35
81
111
141
168
170
162
152
142
150
166
191
237
267
260
254
259
267
297
324
328
330
315
273
229
203
201
203
182
128
50
-53
-160
-239
-299
-334
-348
-381
-457
-545
-608
-657
-696
-718
-732
-741
-757
-780
-810
-823
-820
-818
-824
-825
-802
-785
-798
-824
-843
-867
-907
-936
-945
-932
-897
-885
-905
-933
-939
-920
-879
-812
-737
-664
-606
-558
-503
-457
-422
-381
-315
-195
-16
170
313
422
494
530
563
611
685
789
907
1006
1087
1153
1190
1203
1223
1287
1413
1550
1653
1713
1723
1681
1602
1540
1535
1600
1671
1674
1604
1503
1392
1304
1286
1340
1398
1383
1260
1067
890
770
694
643
603
531
402
229
50
-101
-221
-329
-427
-519
-619
-727
-841
-955
-1053
-1122
-1166
-1172
-1131
-1077
-1049
-1048
-1064
-1059
-1010
-915
-784
-654
-569
-528
-512
-500
-457
-357
-217
-79
21
64
75
79
103
161
234
299
335
328
294
288
342
396
408
385
348
319
303
311
337
362
356
305
229
171
155
158
144
120
89
43
-10
-43
-50
-69
-134
-236
-340
-423
-471
-491
-514
-545
-580
-640
-713
-760
-766
-751
-736
-740
-778
-832
-883
-905
-892
-865
-825
-793
-796
-830
-862
-883
-892
-885
-883
-885
-871
-855
-849
-849
-859
-866
-853
-818
-765
-683
-594
-527
-489
-467
-407
-271
-78
122
284
388
450
500
546
615
729
852
949
1021
1071
1116
1165
1210
1256
1314
1385
1455
1507
1530
1538
1546
1554
1574
1618
1672
1709
1700
1634
1548
1488
1461
1462
1470
1450
1390
1284
1142
1000
894
819
744
639
496
341
184
32
-101
-216
-319
-415
-520
-642
-762
-866
-963
-1049
-1113
-1144
-1126
-1083
-1035
-984
-945
-922
-900
-856
-780
-678
-581
-515
-481
-485
-496
-475
-401
-288
-192
-157
-178
-190
-156
-92
0
97
175
213
217
222
254
321
387
434
452
442
429
414
412
427
440
429
385
319
249
204
180
149
108
54
-7
-54
-89
-116
-141
-177
-252
-351
-433
-482
-505
-516
-531
-568
-630
-693
-737
-749
-738
-716
-706
-716
-723
-729
-736
-725
-700
-699
-733
-763
-771
-757
-732
-720
-733
-759
-776
-781
-772
-739
-698
-677
-698
-735
-760
-753
-712
-658
-625
-617
-600
-555
-473
-335
-157
25
172
263
320
381
471
584
715
848
966
1066
1149
1211
1262
1314
1368
1416
1460
1492
1496
1476
1460
1458
1463
1482
1509
1529
1539
1557
1575
1564
1531
1498
1467
1434
1403
1358
1275
1181
1093
990
865
735
603
466
334
212
83
-55
-198
-334
-465
-583
-669
-747
-834
-908
-957
-995
-1016
-1015
-1007
-988
-946
-887
-829
-766
-708
-670
-644
-610
-554
-491
-430
-373
-329
-306
-296
-284
-274
-248
-192
-130
-70
-17
11
11
26
86
183
295
381
421
414
380
359
380
428
473
496
475
419
349
278
224
197
184
155
101
34
-29
-81
-136
-193
-243
-297
-353
-395
-421
-437
-434
-442
-484
-536
-574
-599
-614
-625
-640
-661
-680
-685
-679
-676
-675
-680
-721
-778
-815
-838
-853
-845
-832
-840
-853
-858
-858
-843
-804
-747
-692
-645
-598
-565
-550
-528
-489
-461
-438
-398
-363
-331
-275
-203
-119
-11
104
200
280
353
426
505
586
668
740
801
865
951
1057
1175
1291
1359
1376
1376
1380
1404
1449
1500
1542
1576
1591
1581
1568
1565
1571
1582
1581
1559
1521
1471
1406
1334
1265
1202
1129
1030
910
783
657
530
391
245
109
-9
-116
-225
-331
-424
-516
-623
-727
-801
-838
-852
-867
-890
-906
-901
-881
-857
-823
-783
-748
-722
-694
-648
-587
-528
-475
-426
-394
-378
-365
-346
-307
-238
-159
-91
-41
-14
2
18
49
97
158
226
285
326
340
349
372
400
425
443
444
423
385
343
308
284
257
207
140
71
14
-40
-98
-168
-249
-333
-405
-450
-477
-501
-531
-565
-592
-604
-604
-603
-602
-603
-604
-613
-631
-641
-634
-612
-591
-585
-602
-633
-656
-664
-660
-652
-652
-666
-690
-722
-752
-765
-745
-699
-652
-616
-589
-565
-545
-526
-502
-467
-423
-381
-353
-331
-301
-272
-250
-214
-144
-38
84
185
247
289
344
428
526
630
727
813
896
984
1085
1186
1271
1335
1385
1432
1482
1526
1559
1583
1602
1615
1620
1616
1606
1594
1589
1578
1545
1488
1417
1355
1314
1277
1220
1136
1035
925
813
708
600
487
365
237
121
24
-66
-166
-279
-390
-489
-579
-656
-726
-784
-822
-847
-863
-871
-870
-872
-885
-885
-868
-845
-816
-784
-732
-662
-596
-540
-506
-476
-438
-398
-332
-238
-137
-48
-1
26
57
87
131
169
206
252
278
285
290
298
310
308
303
305
310
327
323
286
248
205
152
90
31
-3
-26
-56
-104
-179
-250
-305
-350
-383
-402
-414
-444
-495
-538
-561
-562
-538
-522
-523
-531
-541
-558
-577
-579
-577
-585
-605
-634
-655
-661
-658
-660
-682
-697
-700
-706
-720
-729
-730
-726
-707
-660
-600
-543
-500
-495
-498
-475
-435
-385
-334
-281
-223
-177
-143
-114
-84
-42
13
83
159
225
290
339
393
476
557
623
676
726
795
887
993
1100
1188
1252
1297
1341
1406
1486
1566
1626
1649
1656
1647
1635
1635
1638
1634
1610
1559
1494
1429
1369
1302
1221
1133
1039
945
851
761
673
573
452
326
211
111
25
-59
-146
-233
-312
-389
-467
-539
-604
-666
-718
-758
-787
-808
-827
-840
-854
-873
-896
-913
-908
-864
-800
-747
-714
-682
-635
-569
-478
-375
-282
-203
-138
-89
-47
1
60
111
150
192
232
269
297
310
310
306
308
304
291
292
312
327
326
309
276
229
183
146
113
83
49
-5
-72
-129
-176
-218
-261
-296
-337
-384
-425
-455
-479
-491
-499
-518
-541
-553
-550
-544
-546
-562
-593
-638
-679
-707
-724
-724
-715
-719
-743
-769
-791
-801
-792
-768
-742
-718
-701
-689
-675
-651
-617
-572
-522
-472
-427
-395
-365
-326
-282
-235
-196
-171
-157
-137
-99
-35
57
159
243
302
348
394
452
519
585
654
736
842
967
1093
1200
1283
1350
1420
1505
1598
1687
1743
1769
1770
1767
1769
1770
1766
1747
1707
1647
1572
1494
1420
1348
1270
1180
1079
978
881
788
700
601
490
365
241
135
50
-14
-78
-155
-243
-340
-432
-509
-572
-625
-673
-728
-782
-834
-880
-922
-964
-1001
-1025
-1030
-1007
-963
-918
-886
-869
-850
-816
-749
-655
-551
-446
-352
-276
-207
-137
-61
16
88
159
222
281
335
379
409
417
407
383
355
346
359
380
393
381
337
274
216
178
159
148
128
86
33
-16
-56
-90
-130
-173
-219
-262
-287
-306
-329
-365
-413
-457
-488
-504
-512
-525
-543
-564
-589
-618
-655
-695
-731
-765
-790
-810
-827
-836
-837
-838
-837
-836
-837
-842
-835
-805
-753
-685
-620
-573
-536
-501
-463
-421
-380
-338
-295
-261
-235
-212
-196
-184
-173
-154
-110
-29
78
182
269
332
379
426
489
573
670
760
842
914
993
1092
1213
1332
1428
1502
1556
1597
1636
1679
1719
1746
1755
1737
1706
1674
1647
1619
1582
1533
1468
1382
1282
1189
1112
1044
976
897
807
713
621
531
443
353
258
162
68
-24
-114
-204
-297
-389
-473
-552
-629
-705
-776
-836
-879
-911
-947
-989
-1035
-1060
-1057
-1034
-1001
-974
-960
-942
-903
-832
-737
-636
-552
-489
-423
-338
-243
-144
-49
33
104
167
228
292
352
398
420
425
431
445
460
471
476
469
442
403
365
330
303
281
249
207
163
121
78
32
-21
-85
-157
-219
-266
-292
-306
-329
-374
-446
-518
-568
-591
-595
-599
-615
-642
-672
-699
-729
-760
-792
-823
-845
-842
-823
-801
-788
-792
-802
-804
-787
-756
-727
-704
-689
-672
-648
-615
-572
-525
-470
-414
-363
-314
-262
-211
-167
-135
-111
-88
-62
-28
14
59
95
118
134
168
236
330
425
499
547
581
619
673
746
833
925
1009
1083
1153
1228
1309
1391
1461
1519
1564
1593
1604
1600
1596
1600
1605
1601
1580
1539
1475
1399
1321
1246
1178
1108
1027
935
845
758
680
604
519
426
321
213
110
22
-51
-117
-189
-273
-360
-441
-511
-568
-619
-666
-712
-750
-784
-820
-852
-883
-908
-922
-919
-901
-878
-859
-845
-830
-804
-760
-704
-639
-568
-497
-429
-363
-300
-234
-160
-73
14
96
168
223
265
299
333
371
409
441
461
460
441
407
366
327
296
270
243
209
168
116
53
-15
-83
-142
-191
-227
-256
-287
-324
-369
-420
-462
-489
-507
-522
-538
-559
-586
-613
-637
-655
-665
-672
-682
-696
-710
-720
-723
-720
-709
-696
-687
-681
-671
-654
-628
-602
-583
-570
-557
-533
-499
-453
-395
-340
-293
-257
-231
-202
-169
-125
-76
-30
10
35
49
64
85
114
142
163
182
205
243
297
355
416
471
523
580
652
733
813
879
932
983
1046
1126
1215
1304
1375
1426
1457
1476
1494
1511
1517
1513
1496
1472
1449
1416
1376
1321
1248
1169
1094
1029
976
920
848
750
635
523
428
358
299
237
158
63
-36
-125
-200
-259
-321
-391
-461
-521
-560
-584
-610
-653
-717
-786
-839
-866
-865
-849
-838
-837
-845
-847
-834
-813
-779
-744
-706
-659
-612
-558
-497
-433
-362
-296
-232
-161
-88
-8
69
136
192
236
273
310
351
388
405
394
367
334
309
292
276
253
216
164
100
38
-13
-57
-94
-132
-173
-216
-262
-307
-345
-374
-401
-438
-489
-544
-593
-624
-646
-668
-693
-725
-760
-784
-790
-774
-756
-752
-762
-777
-782
-766
-732
-691
-652
-623
-605
-593
-573
-541
-501
-456
-414
-375
-341
-313
-288
-260
-223
-180
-135
-92
-57
-25
-1
15
31
51
77
114
155
203
253
305
365
435
514
600
684
757
822
886
958
1038
1125
1213
1291
1357
1410
1453
1490
1518
1534
1535
1523
1506
1487
1464
1438
1401
1354
1296
1231
1167
1104
1044
979
906
824
738
651
567
488
408
324
237
149
67
-5
-71
-141
-216
-297
-373
-434
-483
-520
-563
-611
-665
-725
-781
-832
-873
-897
-907
-898
-877
-857
-839
-832
-827
-816
-795
-761
-722
-682
-636
-588
-534
-478
-419
-358
-295
-228
-154
-82
-14
46
101
155
211
269
319
358
383
389
385
381
382
384
377
357
317
260
191
121
60
14
-23
-61
-107
-162
-217
-272
-321
-365
-410
-455
-498
-540
-575
-604
-632
-658
-678
-688
-688
-691
-709
-738
-774
-800
-807
-790
-763
-734
-709
-698
-688
-671
-648
-616
-578
-536
-493
-452
-414
-375
-336
-289
-237
-185
-140
-101
-68
-39
-8
24
57
90
127
164
203
239
267
286
303
327
365
418
475
533
589
643
700
763
829
897
956
1005
1048
1094
1145
1202
1253
1291
1308
1306
1290
1275
1267
1265
1258
1239
1202
1155
1105
1053
1002
948
889
826
768
714
661
601
522
425
327
243
189
160
136
96
25
-71
-173
-255
-300
-316
-325
-348
-394
-458
-522
-574
-610
-628
-641
-656
-674
-690
-698
-698
-692
-685
-680
-677
-673
-667
-655
-632
-601
-566
-531
-496
-460
-420
-378
-332
-280
-226
-164
-104
-45
7
49
84
116
151
192
235
271
287
284
265
241
221
206
193
172
134
77
12
-54
-108
-147
-174
-199
-228
-273
-329
-389
-441
-479
-504
-522
-539
-564
-595
-632
-669
-697
-715
-717
-711
-704
-699
-704
-717
-730
-733
-716
-681
-633
-585
-549
-526
-515
-505
-482
-436
-370
-293
-224
-176
-151
-139
-125
-101
-58
-10
33
61
74
79
90
113
148
192
233
263
281
298
321
358
414
482
554
624
686
742
795
850
910
973
1038
1100
1157
1202
1233
1247
1249
1245
1246
1248
1249
1236
1202
1147
1083
1018
966
928
895
861
813
749
672
591
513
444
385
335
286
232
170
102
33
-29
-83
-127
-162
-195
-228
-269
-317
-373
-429
-476
-512
-538
-561
-586
-616
-644
-663
-671
-672
-671
-676
-688
-697
-695
-675
-642
-600
-560
-528
-502
-482
-457
-423
-376
-319
-258
-201
-155
-121
-95
-70
-39
-2
39
77
105
123
132
136
138
142
146
150
143
126
98
57
12
-30
-65
-95
-116
-138
-169
-211
-263
-313
-353
-379
-392
-401
-419
-450
-490
-529
-554
-559
-553
-542
-541
-555
-576
-599
-610
-606
-590
-568
-547
-532
-517
-502
-485
-462
-435
-400
-362
-321
-281
-245
-214
-182
-149
-112
-71
-29
7
34
53
63
76
96
126
167
209
240
261
272
281
297
327
364
405
442
473
502
533
573
619
668
713
753
787
815
840
862
882
899
911
915
916
916
918
921
922
916
900
874
842
816
794
773
750
720
681
640
598
558
518
478
437
394
355
318
281
240
195
147
99
57
20
-16
-56
-99
-148
-202
-252
-297
-334
-366
-400
-439
-481
-525
-563
-592
-614
-631
-653
-677
-698
-715
-717
-711
-702
-695
-690
-681
-664
-639
-610
-584
-566
-553
-535
-511
-475
-435
-397
-367
-341
-315
-283
-248
-211
-176
-150
-128
-110
-89
-67
-44
-23
-8
0
3
4
3
2
-3
-11
-22
-35
-47
-58
-71
-87
-109
-134
-162
-188
-211
-231
-249
-264
-278
-290
-300
-312
-324
-338
-351
-359
-360
-357
-349
-341
-332
-324
-315
-304
-289
-267
-242
-210
-176
-142
-114
-92
-74
-52
-26
8
44
77
103
123
142
164
191
224
255
282
303
323
345
373
406
442
478
510
542
572
601
623
642
656
670
689
715
741
759
766
760
752
746
746
753
760
758
744
720
693
672
661
656
647
629
598
563
529
500
478
454
424
388
345
301
261
222
185
147
107
65
23
-19
-61
-102
-144
-187
-228
-269
-308
-348
-385
-425
-464
-502
-534
-563
-590
-616
-646
-678
-708
-731
-745
-749
-751
-752
-755
-757
-755
-743
-725
-703
-679
-656
-633
-607
-579
-546
-513
-481
-447
-412
-379
-346
-314
-286
-258
-230
-199
-166
-134
-104
-77
-49
-20
4
26
45
61
77
94
112
128
141
152
157
158
155
151
149
149
148
141
133
121
102
85
70
57
46
33
22
5
-20
-53
-86
-118
-137
-142
-147
-139
-132
-127
-128
-130
-126
-125
-120
-109
-98
-84
-66
-57
-52
-39
-32
-13
12
33
65
91
107
131
153
181
217
229
229
237
244
269
297
320
347
370
380
394
409
406
425
432
431
439
454
472
475
484
482
471
439
419
408
389
397
378
363
350
323
304
271
257
219
188
188
175
166
137
100
71
67
82
320
634
665
693
672
467
226
-12
-183
-242
-208
-141
25
120
55
-75
-320
-626
-868
-926
-916
-832
-614
-492
-472
-503
-620
-756
-846
-897
-885
-770
-619
-446
-314
-266
-266
-337
-415
-473
-480
-389
-267
-159
-61
-21
-54
-81
-140
-233
-261
-236
-188
-113
-37
12
33
10
-45
-100
-113
-72
1
90
178
239
257
242
191
144
114
103
130
180
237
283
292
253
172
86
28
-10
-26
-13
-3
-2
-18
-77
-127
-173
-221
-257
-286
-285
-267
-250
-231
-222
-226
-214
-219
-233
-203
-173
-144
-95
-62
-48
-9
33
47
75
100
121
172
222
247
275
314
311
278
262
269
302
341
361
376
393
376
339
327
317
309
313
328
341
353
372
374
348
315
284
264
274
295
315
343
347
324
294
249
206
184
160
126
112
115
116
97
60
31
-9
-57
-92
-113
-115
-105
-101
-109
-111
-119
-136
-152
-170
-178
-172
-159
-160
-169
-169
-165
-162
-170
-188
-194
-195
-209
-223
-227
-228
-233
-239
-238
-233
-231
-222
-216
-227
-227
-218
-209
-187
-164
-149
-126
-116
-119
-105
-84
-71
-48
-36
-46
-53
-57
-70
-93
-104
-118
-147
-173
-187
-188
-182
-172
-172
-165
-149
-141
-132
-119
-113
-101
-81
-66
-45
-4
36
67
80
67
45
30
23
22
42
67
81
87
83
68
45
13
-7
-3
-2
5
25
31
24
13
-6
-14
-4
5
23
36
38
47
42
20
0
-10
-9
-1
12
27
41
53
60
54
60
70
63
60
58
63
72
69
80
99
106
117
130
138
150
160
166
170
166
163
162
159
155
144
142
152
163
171
178
179
185
177
154
153
152
143
141
139
133
128
116
89
56
22
-1
-17
-32
-41
-45
-36
-36
-56
-70
-76
-83
-83
-79
-74
-69
-73
-88
-106
-111
-100
-101
-101
-97
-99
-95
-98
-113
-117
-118
-135
-139
-138
-142
-136
-127
-131
-133
-123
-110
-100
-93
-83
-83
-88
-85
-92
-94
-85
-77
-68
-53
-38
-32
-27
-38
-53
-52
-51
-59
-67
-71
-73
-57
-50
-62
-61
-59
-62
-56
-40
-32
-33
-31
-34
-40
-28
-2
25
38
46
52
51
35
20
15
9
2
-8
-6
-5
-19
-31
-47
-75
-97
-100
-96
-84
-70
-55
-44
-41
-43
-51
-48
-33
-25
-16
3
12
13
13
5
-7
-12
-12
0
10
16
24
32
24
1
-13
-28
-50
-57
-47
-37
-23
2
16
19
31
43
50
63
75
90
115
139
154
168
178
183
184
180
179
195
222
231
231
238
238
231
224
211
208
217
221
213
208
204
193
171
139
118
109
110
101
79
57
25
-10
-49
-83
-98
-100
-107
-114
-112
-114
-121
-138
-162
-180
-187
-186
-185
-184
-170
-152
-149
-160
-171
-180
-185
-185
-180
-162
-133
-99
-76
-65
-63
-67
-75
-85
-84
-72
-53
-34
-27
-34
-45
-53
-66
-76
-77
-75
-65
-58
-54
-44
-29
-17
-15
-23
-31
-20
-7
4
22
29
28
17
7
3
-2
-4
7
15
19
30
33
31
25
12
6
4
0
-2
-8
-22
-31
-32
-48
-70
-78
-75
-69
-59
-53
-49
-41
-46
-61
-72
-83
-92
-92
-92
-96
-83
-66
-56
-50
-54
-56
-49
-43
-37
-13
8
14
4
-15
-22
-15
-1
15
32
47
54
45
30
18
21
40
57
72
90
98
98
91
76
70
78
92
108
124
137
148
149
141
139
145
164
184
198
210
213
211
210
213
223
233
235
229
212
192
176
157
136
110
77
51
29
6
-14
-34
-63
-94
-121
-149
-169
-178
-184
-197
-207
-217
-232
-238
-244
-252
-245
-233
-223
-201
-169
-143
-123
-109
-103
-95
-83
-68
-49
-29
-18
-10
7
12
7
10
5
-9
-14
-20
-34
-40
-39
-45
-54
-55
-56
-54
-53
-64
-68
-61
-55
-49
-26
-3
16
47
67
76
99
116
120
125
125
122
126
120
108
106
104
96
90
80
48
12
-19
-58
-85
-99
-109
-111
-116
-137
-158
-176
-205
-226
-237
-241
-227
-205
-186
-167
-151
-142
-137
-132
-117
-93
-62
-36
-22
-5
12
23
35
43
46
54
61
68
78
75
64
48
29
9
-6
-6
4
6
3
4
6
13
19
22
32
44
58
78
92
108
128
149
168
181
196
221
240
243
245
244
247
250
242
236
231
214
193
168
144
129
116
96
73
51
36
27
14
-3
-22
-35
-52
-76
-88
-90
-88
-85
-89
-94
-93
-95
-102
-109
-120
-119
-108
-105
-104
-103
-106
-113
-130
-147
-151
-150
-147
-147
-153
-153
-144
-138
-130
-119
-109
-98
-91
-89
-82
-64
-42
-25
-21
-20
-12
-6
-6
-13
-12
-8
-6
1
12
23
38
47
41
35
37
45
54
57
62
69
72
72
68
64
61
53
38
20
4
2
2
-11
-21
-25
-37
-47
-57
-70
-75
-80
-89
-93
-93
-88
-85
-84
-90
-95
-97
-96
-98
-98
-92
-87
-81
-81
-80
-75
-66
-57
-50
-45
-39
-36
-31
-24
-20
-13
-1
6
8
12
16
21
27
28
33
45
52
59
67
73
83
96
109
117
129
143
154
158
162
160
160
160
150
143
143
141
138
136
128
122
117
104
86
69
58
51
48
48
50
54
54
48
43
41
40
41
41
40
44
58
66
65
61
55
44
28
14
6
-1
-5
-15
-34
-57
-82
-104
-129
-160
-177
-181
-185
-185
-180
-178
-173
-173
-181
-189
-188
-177
-164
-156
-144
-124
-108
-101
-93
-85
-76
-61
-46
-34
-18
1
9
5
-2
-8
-6
0
8
22
37
45
44
39
28
23
23
21
22
29
42
52
59
61
59
60
55
46
46
52
60
66
68
69
67
68
64
56
52
44
33
19
5
-6
-17
-35
-50
-62
-68
-70
-64
-61
-64
-73
-89
-109
-126
-132
-126
-114
-101
-90
-84
-84
-86
-93
-99
-99
-94
-79
-57
-30
-2
20
27
24
16
9
7
12
18
25
33
38
39
43
49
57
62
62
60
57
57
61
66
68
72
76
79
81
88
96
103
98
92
93
96
106
120
130
133
130
120
108
101
98
97
100
97
84
78
70
57
46
32
19
8
-1
-10
-17
-29
-47
-72
-97
-116
-123
-123
-117
-115
-118
-120
-129
-136
-139
-137
-130
-123
-117
-108
-99
-91
-89
-87
-85
-85
-80
-74
-66
-57
-50
-49
-46
-46
-49
-43
-35
-28
-27
-24
-24
-22
-16
-4
8
22
30
31
29
26
28
33
45
56
65
70
69
62
52
43
33
27
24
26
26
23
17
5
-12
-30
-46
-56
-63
-69
-73
-76
-78
-75
-72
-72
-72
-70
-69
-64
-54
-38
-19
-1
6
8
8
3
-1
-4
-2
9
22
30
32
23
7
-13
-31
-41
-39
-24
-4
7
12
13
11
5
2
4
15
33
53
72
85
94
97
90
81
76
78
88
95
104
113
117
114
105
96
90
87
85
87
89
93
93
87
75
61
57
58
64
73
80
82
78
66
50
36
29
28
31
32
31
29
19
1
-18
-32
-40
-42
-40
-41
-45
-56
-72
-91
-106
-113
-113
-110
-110
-112
-115
-121
-128
-132
-133
-132
-126
-117
-108
-102
-93
-87
-85
-83
-83
-81
-80
-79
-82
-82
-80
-76
-69
-60
-51
-46
-44
-46
-46
-41
-30
-20
-9
-2
1
4
6
9
17
28
36
42
41
36
32
25
19
17
19
20
22
21
16
9
0
-13
-22
-24
-24
-24
-24
-26
-29
-33
-38
-40
-38
-33
-28
-21
-14
-8
1
9
18
25
29
26
24
24
25
28
36
40
40
38
31
26
17
9
2
0
0
3
11
18
22
24
21
16
16
18
25
37
50
60
69
77
77
77
71
65
61
58
60
66
69
69
61
45
30
17
8
5
7
11
15
16
10
1
-7
-12
-13
-10
-2
12
25
30
30
25
20
17
15
18
25
32
35
34
30
24
19
13
7
4
1
-4
-10
-18
-27
-34
-40
-46
-53
-56
-60
-60
-63
-67
-69
-70
-74
-80
-85
-90
-93
-96
-99
-100
-101
-102
-104
-110
-117
-121
-119
-115
-106
-93
-85
-78
-77
-79
-80
-77
-69
-59
-45
-31
-16
-7
0
2
3
6
10
17
25
30
34
39
38
37
38
39
40
42
43
42
42
44
43
40
36
34
30
28
26
26
28
27
26
25
23
21
21
16
11
9
6
1
-3
-4
-8
-7
-4
-1
3
8
11
9
9
6
8
12
19
27
37
45
48
46
44
42
40
38
38
41
43
46
48
48
45
40
33
24
14
7
4
5
9
13
19
22
22
19
15
12
12
15
23
33
45
54
56
53
47
42
36
35
38
44
50
52
50
42
32
21
12
3
-2
-4
-4
-4
-7
-12
-18
-28
-41
-53
-63
-69
-71
-71
-71
-69
-68
-68
-69
-71
-74
-73
-68
-64
-57
-49
-45
-42
-42
-48
-55
-61
-66
-70
-70
-70
-72
-77
-86
-97
-108
-115
-119
-120
-115
-107
-96
-87
-80
-71
-62
-53
-46
-36
-23
-8
5
17
27
37
45
51
55
60
63
64
62
59
57
57
58
56
57
54
50
44
37
33
31
31
33
34
34
38
38
38
38
38
38
37
37
37
37
36
33
30
27
26
23
20
17
9
3
-3
-8
-12
-14
-16
-17
-19
-20
-20
-20
-19
-17
-16
-13
-9
-3
5
13
23
32
43
53
62
70
74
76
77
77
76
76
74
71
66
57
47
35
22
8
-6
-18
-28
-35
-39
-42
-43
-45
-49
-53
-53
-52
-47
-40
-33
-24
-18
-12
-7
-5
-2
-1
2
5
9
11
11
6
-3
-11
-20
-23
-25
-27
-28
-30
-33
-38
-43
-48
-50
-53
-54
-52
-48
-46
-44
-42
-41
-42
-45
-48
-49
-50
-51
-48
-46
-47
-47
-48
-52
-56
-62
-67
-70
-70
-66
-62
-56
-52
-50
-50
-53
-52
-48
-40
-29
-21
-10
-2
4
8
12
15
21
28
35
41
47
53
57
57
56
55
55
54
54
53
50
48
44
43
42
42
40
36
29
21
15
10
8
6
7
9
7
5
1
-6
-11
-16
-22
-23
-22
-17
-11
-10
-10
-12
-17
-21
-23
-21
-15
-9
-3
4
10
15
18
21
21
26
29
33
42
51
58
64
65
63
60
59
59
60
62
65
68
64
58
53
46
40
37
34
33
34
34
32
27
22
15
11
8
10
12
16
20
19
18
12
8
5
4
3
4
6
6
3
1
-2
-6
-14
-21
-28
-34
-39
-43
-49
-55
-63
-71
-79
-86
-91
-97
-102
-105
-107
-108
-107
-104
-100
-96
-91
-86
-81
-76
-72
-65
-61
-54
-46
-40
-34
-30
-30
-34
-37
-40
-41
-40
-38
-36
-36
-36
-40
-44
-48
-51
-49
-45
-38
-29
-20
-13
-9
-5
-2
4
11
21
32
41
49
51
52
50
48
45
44
44
45
45
43
38
31
24
16
13
13
15
18
21
23
24
24
26
26
28
31
36
41
45
49
50
50
48
46
42
41
38
34
30
27
22
16
9
3
-3
-9
-14
-18
-19
-19
-16
-15
-13
-12
-11
-9
-6
0
5
11
18
24
30
35
38
41
43
44
44
43
42
40
39
38
35
30
26
21
13
6
-1
-5
-7
-9
-10
-9
-7
-8
-8
-8
-8
-6
-3
-1
2
2
2
0
-3
-5
-7
-9
-13
-17
-22
-27
-33
-40
-45
-49
-53
-57
-61
-63
-65
-69
-69
-69
-67
-65
-61
-57
-54
-50
-48
-45
-46
-44
-42
-38
-36
-32
-30
-29
-28
-29
-32
-34
-34
-34
-31
-30
-27
-25
-25
-25
-26
-26
-24
-22
-19
-15
-11
-8
-5
-4
-2
0
3
5
9
13
17
20
22
24
27
29
29
31
33
36
39
43
43
45
45
45
45
45
49
50
53
52
52
50
48
44
42
42
41
41
39
37
34
32
27
23
19
16
15
13
12
10
7
2
0
-4
-5
-7
-6
-5
-4
-3
-3
-4
-5
-5
-5
-3
-2
2
4
6
7
5
3
-1
-2
-2
-1
-1
1
0
-2
-5
-10
-10
-12
-10
-10
-7
-4
-3
-5
-6
-3
1
6
10
16
19
20
18
18
17
17
19
21
21
21
18
12
6
-2
-9
-15
-18
-23
-27
-31
-37
-44
-49
-55
-59
-60
-61
-59
-57
-56
-55
-54
-53
-53
-50
-46
-44
-39
-35
-33
-31
-33
-35
-36
-38
-38
-39
-39
-38
-39
-39
-42
-44
-46
-47
-48
-46
-42
-38
-34
-30
-26
-22
-19
-15
-10
-7
-1
6
12
15
20
23
25
28
29
32
33
36
36
36
36
36
34
33
32
31
31
30
29
28
26
24
23
22
20
19
18
18
17
17
17
18
18
19
18
18
16
14
14
15
15
14
14
13
13
12
9
8
5
4
3
4
3
3
4
4
4
4
2
2
2
1
2
4
5
6
9
10
11
9
6
4
3
3
4
4
4
4
3
1
-2
-2
-5
-5
-5
-4
-1
2
3
4
6
7
10
11
12
14
16
19
20
20
21
21
19
17
16
13
11
8
5
3
-1
-6
-9
-14
-18
-22
-25
-27
-28
-29
-31
-32
-35
-36
-38
-38
-39
-39
-39
-38
-38
-38
-39
-40
-42
-45
-47
-50
-50
-51
-53
-54
-56
-58
-59
-60
-59
-58
-56
-54
-52
-47
-43
-39
-35
-31
-27
-22
-16
-10
-5
0
4
8
12
14
18
21
23
26
28
30
33
34
36
36
35
35
35
33
34
35
34
35
35
36
35
34
34
34
33
33
33
32
34
36
36
39
39
40
40
41
41
42
41
42
43
43
42
43
42
40
37
33
31
28
26
24
22
19
16
13
7
2
-2
-6
-9
-9
-10
-11
-12
-13
-16
-19
-23
-25
-25
-24
-22
-21
-18
-20
-23
-25
-28
-31
-31
-31
-27
-26
-23
-22
-24
-24
-26
-25
-24
-20
-15
-8
-2
2
6
9
10
11
13
15
18
20
22
22
21
17
13
9
4
-1
-6
-10
-14
-21
-26
-33
-38
-43
-48
-52
-54
-55
-55
-53
-53
-52
-53
-52
-51
-50
-49
-47
-44
-42
-39
-39
-38
-39
-41
-42
-43
-44
-42
-42
-42
-43
-43
-44
-44
-44
-42
-39
-37
-32
-28
-22
-17
-13
-7
-2
5
11
17
24
29
35
39
43
46
48
49
51
52
53
54
53
52
52
49
47
47
46
45
45
44
43
42
41
39
41
42
42
44
45
46
45
44
43
41
40
39
38
37
35
33
29
23
19
14
11
8
5
4
1
-2
-5
-8
-11
-15
-16
-19
-20
-20
-21
-20
-19
-20
-20
-18
-20
-20
-19
-19
-19
-18
-17
-16
-15
-16
-15
-15
-16
-16
-17
-16
-15
-14
-13
-12
-13
-11
-9
-7
-4
-2
2
4
7
10
13
16
19
21
23
24
25
26
26
25
24
23
20
17
12
8
3
-1
-5
-9
-14
-19
-26
-30
-35
-38
-42
-44
-45
-47
-47
-47
-48
-49
-48
-49
-47
-46
-42
-40
-39
-39
-38
-37
-37
-38
-37
-37
-36
-35
-34
-34
-34
-33
-34
-32
-30
-28
-25
-23
-21
-20
-17
-14
-11
-7
-2
2
7
10
14
18
20
22
25
27
30
34
36
37
39
39
39
39
39
40
39
40
40
39
38
35
33
31
29
27
27
26
26
24
23
21
20
18
16
14
13
13
13
13
11
9
8
5
2
1
0
-2
-3
-3
-4
-5
-6
-8
-9
-10
-10
-10
-10
-8
-6
-5
-4
-3
-2
-1
0
1
1
2
2
1
0
-1
-3
-4
-4
-5
-6
-6
-7
-7
-8
-9
-9
-9
-8
-5
-4
-2
-1
1
4
6
6
8
10
10
11
11
11
12
9
7
5
2
0
-2
-5
-8
-10
-13
-16
-18
-21
-22
-25
-26
-27
-28
-28
-29
-30
-30
-30
-30
-28
-29
-29
-29
-27
-27
-26
-24
-24
-23
-22
-21
-22
-21
-19
-18
-18
-17
-15
-14
-13
-11
-11
-10
-11
-11
-9
-9
-8
-7
-6
-3
-2
-1
0
1
4
5
6
7
9
11
12
13
15
15
16
16
17
17
17
19
19
20
20
20
21
21
22
22
22
23
23
25
26
28
31
31
33
34
34
34
33
35
35
35
37
36
36
35
33
31
29
28
25
24
23
22
20
18
16
14
12
11
9
9
8
7
4
3
1
-1
-2
-4
-6
-7
-8
-10
-12
-14
-15
-18
-20
-22
-24
-26
-26
-26
-28
-27
-28
-28
-28
-28
-28
-29
-28
-27
-27
-25
-25
-23
-23
-21
-18
-18
-15
-14
-14
-13
-10
-9
-6
-4
-3
-2
1
1
2
4
4
4
5
5
5
6
4
3
2
0
-1
-2
-4
-5
-8
-10
-13
-15
-16
-19
-21
-22
-24
-26
-29
-31
-33
-34
-35
-37
-38
-39
-41
-42
-42
-42
-42
-42
-41
-41
-41
-40
-37
-36
-33
-30
-28
-25
-22
-19
-17
-14
-11
-7
-5
-2
1
4
7
8
12
14
15
18
19
21
22
24
26
28
30
33
36
38
41
43
44
46
49
50
51
53
54
55
54
54
54
52
51
50
48
46
44
41
40
36
33
31
27
25
23
21
18
15
15
14
11
9
8
5
4
3
1
1
-1
-4
-6
-8
-11
-12
-14
-17
-18
-19
-21
-23
-26
-27
-28
-30
-31
-31
-30
-31
-31
-32
-32
-31
-32
-31
-31
-28
-28
-24
-23
-21
-19
-17
-17
-14
-11
-10
-7
-5
-2
0
1
2
3
4
5
6
7
6
6
6
7
5
2
2
1
-1
-3
-4
-6
-7
-8
-11
-13
-15
-17
-19
-21
-23
-24
-27
-28
-30
-32
-33
-34
-37
-39
-40
-42
-41
-42
-42
-42
-43
-41
-40
-37
-36
-35
-32
-30
-27
-24
-20
-18
-14
-11
-8
-5
0
2
6
10
12
16
20
22
25
27
30
32
35
38
41
42
44
45
47
48
49
50
51
51
51
51
51
51
50
49
47
46
43
41
41
38
35
33
30
28
26
24
23
19
16
15
13
12
10
9
7
5
4
3
2
1
0
0
-1
-2
-4
-6
-6
-7
-8
-8
-9
-9
-10
-13
-13
-14
-16
-16
-18
-18
-18
-18
-20
-21
-22
-22
-23
-23
-22
-23
-22
-23
-22
-23
-23
-21
-21
-23
-20
-18
-19
-18
-18
-16
-16
-15
-15
-13
-12
-11
-10
-10
-9
-7
-7
-5
-4
-4
-3
-3
-1
-1
-1
0
-1
-1
-1
0
0
-1
-1
-1
-2
-3
-4
-5
-4
-7
-8
-8
-11
-12
-14
-16
-17
-19
-20
-20
-23
-23
-24
-25
-25
-24
-25
-25
-26
-25
-24
-23
-22
-20
-18
-17
-16
-15
-13
-11
-9
-8
-6
-3
-2
0
1
3
5
6
9
11
12
15
16
17
18
21
21
22
23
24
25
26
27
28
28
30
30
30
32
32
32
33
33
32
32
31
30
29
28
28
27
26
25
23
23
20
19
17
14
14
10
9
7
5
3
3
2
0
-2
-5
-6
-7
-8
-9
-11
-12
-14
-14
-15
-15
-17
-18
-18
-19
-19
-20
-20
-20
-20
-19
-19
-19
-18
-18
-18
-16
-16
-17
-17
-15
-15
-15
-14
-14
-13
-12
-10
-9
-9
-7
-5
-5
-4
-3
-2
-1
0
0
1
3
3
4
5
6
6
7
6
7
7
7
8
6
6
6
6
5
5
4
2
3
3
2
1
1
0
-1
-1
-3
-3
-5
