SAMPLES:	12907
BITSPERSAMPLE:	16
CHANNELS:	1
SAMPLERATE:	16000
NORMALIZED:	FALSE
8
7
7
7
7
6
4
5
4
3
2
2
2
2
1
0
-1
0
-2
-2
-1
-3
-2
-4
-4
-4
-4
-4
-4
-4
-3
-2
-3
-3
-4
-3
-3
-1
-1
0
0
0
0
-2
-1
-2
-1
-3
-3
-3
-3
-3
-4
-6
-7
-7
-7
-8
-8
-10
-10
-10
-9
-9
-11
-11
-11
-12
-12
-12
-12
-12
-11
-11
-10
-9
-10
-8
-9
-8
-8
-6
-6
-6
-7
-7
-6
-7
-7
-7
-7
-6
-6
-6
-5
-6
-6
-5
-6
-5
-6
-7
-6
-7
-8
-8
-7
-7
-8
-7
-9
-10
-9
-8
-9
-8
-8
-7
-8
-7
-7
-8
-6
-6
-4
-4
-2
-1
0
0
1
2
3
3
4
4
6
6
6
8
6
7
8
7
8
6
6
4
3
3
2
2
1
1
1
0
-1
-2
-3
-4
-5
-7
-7
-7
-8
-9
-9
-10
-9
-11
-11
-11
-11
-10
-10
-9
-8
-8
-7
-7
-6
-6
-5
-3
-2
-1
1
2
3
5
6
8
8
9
11
11
11
12
13
14
16
15
15
15
15
14
14
14
13
12
11
11
10
9
9
9
7
7
5
4
2
1
-1
-2
-3
-5
-5
-8
-9
-8
-10
-12
-13
-14
-13
-15
-16
-17
-19
-18
-17
-18
-17
-17
-17
-16
-16
-17
-15
-14
-11
-10
-10
-7
-5
-2
-1
2
5
7
10
12
13
16
18
20
22
25
26
29
30
30
32
34
35
35
36
37
37
36
36
36
35
33
31
30
28
26
24
21
21
18
14
13
9
7
4
0
-2
-4
-8
-9
-12
-14
-16
-18
-19
-21
-22
-23
-24
-26
-25
-25
-24
-25
-24
-23
-22
-22
-22
-21
-19
-18
-16
-13
-11
-9
-7
-7
-4
-2
0
3
4
7
9
11
13
14
14
16
18
19
20
21
22
24
25
25
27
25
26
26
26
25
26
25
23
22
21
20
18
17
15
15
13
11
9
8
6
5
5
3
3
2
-1
0
-2
-4
-4
-5
-5
-8
-8
-8
-10
-10
-12
-12
-13
-13
-13
-14
-14
-14
-15
-14
-14
-14
-13
-12
-13
-14
-13
-13
-12
-12
-12
-11
-10
-9
-8
-7
-6
-5
-5
-4
-2
-1
0
1
1
2
5
5
7
10
10
11
11
13
12
13
14
15
16
16
17
16
17
17
17
17
19
19
19
17
18
16
14
14
12
11
10
7
4
2
0
-3
-5
-6
-9
-11
-14
-18
-21
-25
-27
-28
-31
-34
-36
-40
-44
-47
-49
-51
-52
-55
-56
-58
-60
-61
-63
-61
-61
-61
-60
-59
-58
-58
-56
-55
-52
-49
-48
-45
-43
-40
-37
-33
-29
-25
-21
-16
-14
-11
-7
-3
1
4
10
13
16
18
20
23
27
30
32
35
36
38
39
39
39
39
38
39
38
36
35
33
30
28
26
23
21
17
15
11
8
5
2
-1
-4
-6
-10
-12
-15
-17
-18
-20
-22
-22
-24
-25
-25
-26
-26
-24
-23
-22
-19
-17
-18
-17
-15
-14
-10
-9
-5
-3
-2
1
3
5
7
10
13
17
19
21
23
25
27
27
30
31
32
32
33
33
35
36
36
38
38
38
38
37
37
37
38
38
38
37
36
35
34
32
32
31
30
29
26
24
22
20
19
16
14
12
10
8
5
2
0
-1
-3
-5
-6
-9
-12
-14
-16
-18
-18
-18
-18
-18
-18
-18
-20
-18
-18
-17
-15
-14
-13
-11
-9
-7
-5
-2
0
0
3
5
8
9
11
14
16
20
19
23
24
26
27
27
29
30
32
31
31
32
32
31
31
31
29
29
28
26
24
23
22
21
19
17
13
12
10
8
6
5
3
0
-1
-2
-2
-4
-6
-8
-9
-11
-11
-13
-13
-12
-14
-13
-15
-16
-16
-15
-14
-12
-11
-12
-10
-11
-11
-10
-9
-8
-7
-6
-6
-6
-5
-4
-3
-3
-2
-2
-2
-2
-1
-2
-2
-2
-3
-3
-3
-4
-6
-6
-8
-9
-10
-11
-12
-13
-14
-15
-18
-20
-21
-24
-24
-26
-27
-28
-30
-31
-32
-34
-34
-32
-33
-33
-34
-35
-34
-35
-33
-32
-32
-30
-29
-28
-26
-25
-23
-21
-19
-17
-15
-13
-12
-10
-7
-6
-4
-1
1
2
2
4
5
6
7
8
9
9
9
10
9
9
9
9
9
8
7
5
5
3
2
1
1
1
0
-2
-2
-4
-6
-7
-7
-8
-9
-9
-9
-10
-10
-10
-9
-9
-8
-7
-7
-6
-6
-4
-3
0
0
2
3
2
4
5
6
8
10
11
14
14
15
16
15
17
19
21
22
22
20
21
20
20
22
21
20
18
18
16
14
11
11
10
9
7
6
4
0
-1
-3
-5
-7
-9
-12
-14
-17
-19
-21
-23
-25
-27
-28
-30
-31
-33
-33
-35
-34
-34
-35
-35
-36
-36
-36
-35
-35
-33
-31
-29
-27
-25
-23
-21
-18
-15
-13
-10
-7
-4
-1
3
5
9
12
16
20
23
26
29
33
35
37
41
43
45
47
48
50
51
50
53
53
53
53
53
53
52
52
52
51
49
47
46
43
42
39
36
34
32
27
25
24
19
17
13
11
9
6
3
0
-3
-5
-8
-10
-11
-13
-14
-16
-18
-19
-20
-21
-21
-21
-21
-21
-20
-20
-20
-20
-19
-18
-17
-15
-15
-13
-11
-10
-8
-5
-3
-1
1
2
4
7
8
11
14
14
16
18
19
20
21
21
22
23
22
21
21
19
18
18
16
15
13
10
8
6
2
1
-2
-5
-6
-10
-12
-15
-18
-21
-24
-25
-27
-29
-31
-34
-34
-36
-38
-38
-38
-38
-39
-39
-39
-38
-37
-36
-36
-34
-32
-30
-29
-27
-24
-23
-21
-20
-18
-16
-15
-14
-12
-11
-8
-9
-8
-6
-7
-7
-6
-6
-5
-4
-5
-6
-6
-7
-8
-8
-10
-12
-12
-12
-12
-13
-13
-13
-14
-15
-14
-15
-15
-15
-14
-13
-14
-14
-14
-12
-11
-10
-10
-9
-8
-8
-7
-6
-5
-4
-3
-1
0
2
3
2
3
4
4
5
4
5
5
5
5
5
6
6
7
5
5
5
4
5
4
2
2
0
-1
-1
-1
-2
-2
-2
-3
-4
-4
-4
-6
-5
-6
-6
-6
-6
-5
-7
-7
-6
-6
-5
-5
-5
-3
-2
-1
-1
0
2
4
3
6
8
9
11
13
13
16
17
18
20
22
23
23
24
24
27
28
28
28
29
29
30
30
29
30
30
29
29
29
27
25
24
23
23
21
20
19
18
16
16
16
14
12
12
11
11
9
9
8
7
5
4
4
3
3
3
2
1
2
1
2
3
4
4
5
5
4
6
9
9
9
11
12
13
14
16
17
18
19
21
22
23
23
25
27
26
27
27
29
30
30
30
29
30
31
31
30
30
29
28
27
25
23
22
20
19
17
14
12
10
8
5
3
0
-3
-6
-9
-12
-14
-16
-19
-21
-23
-25
-28
-30
-31
-33
-35
-35
-36
-38
-38
-39
-39
-38
-39
-38
-36
-36
-35
-33
-31
-29
-27
-26
-23
-21
-19
-17
-13
-10
-8
-5
-2
-1
2
5
6
8
8
8
9
11
12
13
12
12
11
11
11
9
8
7
6
5
4
1
0
-2
-4
-6
-7
-9
-10
-11
-13
-15
-17
-19
-21
-21
-22
-23
-23
-23
-25
-26
-27
-26
-26
-27
-26
-26
-26
-25
-23
-23
-21
-22
-21
-20
-18
-18
-17
-16
-15
-14
-14
-13
-12
-12
-12
-13
-14
-13
-14
-14
-14
-15
-16
-17
-18
-18
-19
-20
-21
-22
-23
-24
-26
-26
-28
-28
-29
-29
-29
-30
-30
-30
-31
-32
-31
-31
-30
-29
-28
-28
-26
-25
-24
-22
-21
-19
-17
-15
-14
-12
-10
-7
-4
-3
-2
-1
2
5
6
9
11
13
15
15
16
18
19
20
20
20
21
21
21
21
22
21
21
22
22
21
21
19
18
18
16
16
15
13
12
11
10
10
8
8
9
9
10
9
9
8
8
9
9
10
11
12
13
13
14
16
17
18
20
21
23
23
25
27
25
28
28
29
29
30
30
30
31
31
30
30
29
27
27
26
24
23
21
19
16
15
12
10
9
7
6
3
2
0
-2
-4
-5
-7
-8
-9
-9
-10
-11
-10
-11
-12
-12
-11
-11
-9
-8
-7
-6
-4
-4
-2
0
1
4
6
9
11
14
16
17
17
20
21
22
26
27
29
32
32
35
36
38
38
39
41
42
44
43
45
46
45
46
45
46
45
45
45
43
43
41
41
39
39
37
35
34
32
30
28
24
22
20
17
15
12
8
5
2
-1
-4
-6
-9
-11
-14
-18
-19
-23
-26
-29
-31
-33
-34
-34
-37
-37
-38
-40
-40
-41
-41
-40
-41
-40
-39
-40
-39
-38
-37
-37
-35
-33
-32
-30
-29
-27
-25
-23
-22
-20
-18
-18
-14
-13
-13
-10
-9
-7
-7
-5
-4
-4
-4
-3
-3
-2
-3
-3
-4
-5
-4
-4
-4
-7
-9
-11
-13
-14
-16
-17
-19
-20
-23
-24
-27
-29
-31
-33
-34
-36
-37
-38
-40
-41
-42
-42
-42
-43
-43
-43
-44
-44
-43
-42
-41
-40
-40
-39
-36
-36
-34
-31
-30
-28
-25
-23
-20
-16
-14
-11
-9
-7
-4
-3
0
3
3
5
8
8
11
13
14
15
16
17
18
18
18
18
19
18
17
17
15
15
14
13
14
12
12
10
8
8
6
5
3
3
3
1
0
0
-1
-2
-4
-4
-4
-4
-5
-5
-5
-3
-3
-3
-2
-2
-2
-3
-1
1
1
3
4
4
5
6
7
7
7
9
9
10
10
11
10
11
11
11
12
12
11
11
11
10
9
9
10
9
9
8
7
6
5
4
4
4
3
2
2
1
1
1
0
0
-1
-1
-2
-2
0
0
-1
1
2
2
4
3
5
6
7
9
10
11
13
14
16
16
15
17
19
20
21
21
24
25
26
24
23
24
24
24
23
24
24
24
23
22
21
21
20
19
19
19
18
16
14
15
14
13
11
10
10
10
7
6
6
6
6
5
5
5
6
8
7
6
7
9
10
9
8
8
10
11
11
10
11
13
15
14
14
16
17
15
13
12
14
15
13
10
9
11
11
8
5
5
7
6
1
-3
0
1
-1
-6
-11
-10
-7
-9
-16
-20
-17
-13
-16
-23
-28
-25
-18
-19
-28
-32
-27
-20
-23
-31
-36
-26
-16
-17
-28
-32
-22
-11
-13
-24
-27
-16
-4
-6
-17
-20
-9
2
0
-10
-11
1
12
9
1
1
11
19
15
9
9
19
25
20
12
13
20
26
22
16
18
23
25
19
12
13
18
19
14
9
11
13
10
4
0
2
4
0
-6
-8
-6
-6
-11
-16
-18
-15
-14
-19
-23
-23
-21
-22
-28
-31
-29
-27
-26
-30
-32
-30
-28
-29
-31
-31
-28
-23
-24
-26
-27
-23
-20
-20
-22
-21
-15
-13
-13
-14
-13
-11
-8
-8
-9
-7
-5
-4
-5
-6
-5
-3
-3
-4
-4
-4
-2
-2
-3
-4
-3
-4
-4
-5
-6
-6
-6
-8
-8
-10
-10
-9
-10
-12
-11
-12
-12
-12
-13
-12
-13
-11
-11
-11
-9
-9
-8
-8
-7
-6
-5
-4
-3
-2
0
0
1
3
5
6
7
8
9
11
12
13
13
15
16
17
18
18
19
20
20
20
20
21
22
21
21
20
21
21
21
19
18
18
19
17
16
15
15
15
14
11
10
10
8
6
5
3
2
2
-1
-1
-1
-2
-3
-3
-4
-5
-5
-7
-7
-8
-8
-9
-9
-9
-8
-7
-9
-9
-8
-7
-7
-6
-6
-4
-4
-4
-5
-4
-2
-1
-2
-3
-1
2
3
2
0
2
4
5
5
3
5
6
7
5
4
6
9
8
5
6
7
8
7
5
4
7
9
9
7
6
7
9
8
6
5
7
9
9
7
6
7
8
8
6
7
8
10
8
7
7
8
10
9
7
7
8
10
10
7
7
8
8
7
5
6
6
8
7
5
5
7
7
7
4
3
5
7
6
2
2
3
5
3
0
0
3
4
2
-1
0
1
2
-1
-3
-2
0
1
-2
-2
-3
0
1
-2
-2
-2
0
0
-2
-2
-2
-1
-2
-4
-4
-2
-1
-2
-3
-3
-3
-3
-6
-7
-7
-6
-5
-7
-9
-8
-6
-7
-9
-11
-9
-9
-10
-11
-11
-9
-9
-9
-10
-11
-9
-8
-9
-10
-10
-6
-6
-6
-5
-4
0
1
0
0
1
5
8
7
8
10
12
13
13
14
16
18
19
19
19
21
22
21
20
19
19
20
19
18
17
17
17
16
14
12
11
9
9
7
6
5
3
3
0
-3
-4
-6
-7
-8
-11
-12
-13
-13
-14
-15
-16
-16
-16
-16
-17
-18
-17
-18
-18
-17
-17
-16
-15
-15
-15
-14
-12
-10
-10
-9
-8
-7
-6
-6
-5
-4
-3
-2
-1
-1
-1
1
1
3
5
5
5
4
6
4
3
3
3
2
2
2
-1
-2
-3
-3
-5
-6
-7
-8
-9
-10
-12
-13
-14
-15
-17
-18
-20
-21
-22
-22
-24
-26
-26
-26
-25
-26
-27
-27
-28
-28
-27
-27
-26
-24
-23
-20
-20
-19
-17
-15
-13
-11
-9
-7
-3
-1
2
4
7
11
15
16
18
20
23
25
25
28
29
31
32
33
33
34
34
34
33
32
31
29
30
26
23
22
20
18
16
12
10
8
6
2
-1
-2
-5
-8
-10
-12
-15
-16
-18
-19
-20
-22
-22
-23
-21
-23
-23
-22
-23
-21
-20
-18
-15
-13
-11
-8
-6
-4
-3
0
3
4
5
9
13
16
17
19
20
22
24
25
25
26
28
27
28
27
26
27
26
25
23
22
23
20
17
15
13
12
10
8
6
4
2
-1
-3
-5
-6
-6
-7
-10
-11
-11
-12
-12
-15
-14
-13
-13
-12
-13
-12
-11
-9
-9
-9
-8
-6
-5
-5
-3
-1
0
2
2
2
4
5
5
5
6
6
7
7
6
6
5
5
4
4
3
3
3
2
0
-1
-2
-3
-3
-6
-8
-8
-10
-11
-11
-13
-13
-14
-16
-17
-17
-18
-19
-20
-20
-20
-19
-20
-20
-19
-18
-17
-17
-16
-15
-13
-12
-10
-9
-7
-5
-6
-4
-3
-2
1
1
2
3
4
6
7
7
7
8
8
8
9
9
9
8
7
7
6
6
5
4
3
2
1
0
-1
-3
-3
-4
-5
-6
-7
-9
-9
-9
-9
-10
-10
-11
-10
-9
-9
-9
-8
-7
-6
-8
-6
-5
-5
-3
-2
0
0
2
3
3
3
4
6
6
7
9
9
11
11
12
13
12
14
14
14
14
13
12
12
13
11
11
12
11
10
10
10
11
9
6
5
6
5
4
4
4
4
3
3
3
5
4
4
5
4
7
8
6
6
6
6
7
6
6
10
8
5
7
6
4
4
0
4
8
4
5
2
-7
-7
-5
-5
0
0
-1
3
-2
-4
-4
-7
-5
-8
-17
-15
-4
3
2
-3
-5
-3
-4
-4
-10
-16
-15
-14
-15
-16
-11
-8
-8
-20
-28
-27
-25
-26
-33
-37
-30
-19
-24
-30
-29
-23
-12
-19
-23
-15
-11
-12
-18
-26
-19
-4
-7
-13
-19
-20
-12
-13
-27
-29
-18
-14
-13
-28
-40
-30
-19
-21
-31
-36
-22
-6
-18
-34
-28
-17
-10
-16
-19
-3
19
29
6
-8
9
20
20
15
7
14
23
23
18
-4
117
333
319
86
-86
-52
34
-70
-203
-45
213
386
492
435
302
143
-34
-172
-319
-364
-82
278
397
287
69
-90
-274
-525
-564
-351
-83
86
76
21
-47
-199
-302
-302
-242
-86
106
259
322
237
118
41
8
64
113
165
291
340
234
11
-140
53
347
392
279
220
212
151
-7
-33
232
398
269
-25
-318
-481
-560
-516
-298
-52
155
334
332
83
-237
-487
-571
-524
-386
-44
320
478
411
175
-60
-190
-212
-141
-3
122
170
69
-196
-369
-348
-253
-121
-30
-13
-110
-302
-452
-465
-338
-215
-128
32
168
85
-98
-184
-180
-121
-118
-126
15
155
182
100
-40
-148
-216
-213
-111
42
168
155
-39
-186
-136
-83
-55
6
102
247
227
79
95
169
132
61
25
46
120
204
300
381
343
200
39
-34
14
80
141
165
126
65
-11
-68
-52
39
150
193
103
-44
-119
-116
-46
51
111
166
211
181
52
-67
-81
-45
13
77
117
136
122
79
41
7
-48
-64
-2
56
65
35
-5
-21
-42
-74
-64
-5
6
-47
-74
-17
59
36
-30
-70
-154
-296
-428
-420
-265
-111
-24
21
18
-68
-202
-293
-319
-359
-384
-281
-116
-3
34
-8
-86
-192
-319
-378
-363
-319
-245
-137
-74
-123
-237
-322
-372
-419
-426
-387
-341
-343
-400
-411
-350
-316
-327
-328
-312
-304
-324
-356
-331
-238
-138
-60
16
102
169
181
172
188
227
284
352
435
528
603
658
718
786
841
869
863
842
830
856
922
962
972
976
946
873
772
660
585
554
521
509
521
512
490
449
401
363
317
265
207
161
152
128
101
135
177
183
182
151
105
75
-3
-82
-100
-120
-155
-194
-236
-251
-255
-284
-334
-377
-422
-505
-589
-607
-575
-555
-542
-533
-508
-483
-531
-590
-577
-548
-552
-550
-530
-510
-480
-483
-528
-544
-522
-521
-574
-631
-658
-648
-609
-592
-568
-519
-534
-629
-709
-717
-668
-606
-590
-591
-602
-664
-720
-695
-574
-436
-383
-415
-507
-644
-775
-827
-745
-555
-376
-283
-258
-266
-205
34
477
1134
1844
2395
2691
2650
2326
1910
1592
1494
1605
1799
1970
2029
1870
1512
1072
678
401
205
57
-84
-256
-448
-645
-775
-747
-579
-352
-98
114
200
142
-5
-138
-155
-29
197
435
639
752
699
551
419
338
278
221
177
121
19
-99
-148
-104
13
125
153
128
55
-65
-160
-213
-218
-122
61
227
308
302
254
155
-42
-232
-288
-238
-211
-242
-219
-161
-230
-407
-558
-547
-415
-471
-701
-687
-565
-755
-931
-722
-459
-378
-277
-97
-1
-68
-221
-278
-224
-222
-184
5
120
70
35
-32
-184
-240
-230
-221
-137
-114
-221
-313
-427
-577
-576
-490
-492
-464
-405
-499
-668
-706
-646
-630
-690
-733
-679
-637
-713
-784
-762
-731
-722
-717
-693
-622
-587
-646
-682
-648
-614
-583
-533
-476
-449
-452
-397
-214
101
537
1029
1474
1803
1990
2026
1932
1779
1695
1702
1719
1753
1839
1903
1858
1699
1476
1255
997
670
356
103
-90
-243
-382
-444
-373
-252
-167
-89
2
43
-15
-116
-156
-106
3
129
266
427
517
481
406
363
335
294
221
148
116
68
20
42
98
140
149
93
31
-3
-92
-220
-272
-264
-254
-220
-124
14
105
101
17
-85
-124
-140
-208
-254
-196
-129
-124
-94
-43
-99
-216
-260
-307
-427
-501
-484
-496
-588
-610
-497
-417
-393
-304
-211
-219
-313
-432
-435
-306
-224
-210
-172
-137
-143
-175
-173
-101
-62
-98
-93
-90
-189
-291
-345
-408
-447
-422
-393
-377
-339
-309
-308
-359
-492
-611
-609
-564
-578
-584
-568
-629
-758
-869
-896
-823
-742
-711
-696
-715
-821
-984
-1149
-1248
-1238
-1179
-1108
-1027
-945
-818
-555
-62
669
1522
2322
2908
3146
3014
2647
2255
2061
2143
2391
2678
2876
2882
2643
2197
1663
1148
693
274
-135
-501
-786
-1024
-1210
-1234
-1078
-834
-591
-397
-244
-202
-285
-383
-384
-198
179
656
1131
1490
1600
1479
1239
973
776
637
511
428
340
186
22
-66
-64
-35
-59
-146
-250
-351
-450
-508
-453
-255
21
318
590
803
929
894
704
470
271
138
104
153
226
270
220
71
-115
-292
-468
-664
-858
-1022
-1150
-1227
-1233
-1132
-939
-748
-595
-463
-370
-347
-352
-359
-353
-317
-254
-168
-70
28
102
117
67
-38
-159
-276
-415
-569
-710
-850
-992
-1095
-1157
-1168
-1135
-1109
-1091
-1056
-1019
-979
-928
-860
-786
-737
-746
-812
-899
-977
-1011
-984
-910
-825
-755
-746
-812
-897
-952
-953
-918
-911
-952
-1043
-1209
-1437
-1623
-1580
-1082
-10
1493
3075
4333
5014
5022
4375
3359
2489
2172
2425
2952
3436
3715
3671
3188
2342
1418
656
34
-607
-1240
-1683
-1905
-2017
-2026
-1791
-1304
-763
-346
-76
81
75
-129
-366
-322
147
884
1648
2255
2564
2447
1905
1194
623
289
94
-94
-300
-498
-695
-846
-839
-670
-467
-388
-510
-777
-1067
-1259
-1268
-1047
-578
53
686
1199
1521
1590
1397
1024
623
340
244
325
478
577
559
424
208
-34
-252
-434
-637
-918
-1228
-1447
-1483
-1298
-929
-478
-53
235
334
296
211
154
152
208
298
383
443
455
391
278
162
46
-62
-159
-270
-392
-523
-661
-782
-874
-926
-934
-918
-904
-909
-947
-1021
-1091
-1110
-1069
-988
-895
-804
-761
-795
-875
-974
-1067
-1143
-1178
-1178
-1168
-1149
-1109
-1059
-1028
-1030
-1061
-1100
-1134
-1129
-1047
-909
-792
-742
-798
-959
-1200
-1475
-1720
-1782
-1348
-147
1722
3723
5265
6053
5993
5101
3640
2256
1644
1958
2740
3390
3696
3663
3173
2196
1033
119
-466
-1021
-1665
-2137
-2224
-2080
-1870
-1483
-810
-20
508
654
604
439
149
-142
-99
491
1417
2273
2776
2853
2471
1664
718
-11
-352
-463
-585
-767
-961
-1102
-1148
-1047
-805
-587
-568
-821
-1227
-1553
-1636
-1392
-873
-189
544
1164
1535
1589
1406
1122
778
415
150
115
282
480
601
623
571
417
134
-227
-594
-932
-1258
-1526
-1601
-1415
-976
-424
61
391
516
452
300
195
229
404
668
917
1096
1182
1143
1017
850
665
459
217
-43
-286
-468
-582
-645
-674
-690
-714
-782
-911
-1051
-1155
-1220
-1264
-1276
-1225
-1134
-1056
-1025
-1012
-985
-976
-980
-953
-903
-878
-917
-999
-1083
-1158
-1203
-1205
-1174
-1150
-1162
-1199
-1260
-1289
-1236
-1133
-1016
-903
-799
-744
-760
-825
-939
-1064
-1240
-1452
-1473
-955
365
2246
4081
5380
5928
5684
4637
3128
1860
1417
1786
2373
2775
2960
2912
2495
1687
844
255
-199
-793
-1517
-2007
-2130
-2040
-1791
-1259
-392
506
1104
1346
1329
1145
789
455
461
890
1543
2076
2303
2189
1751
1129
506
62
-214
-486
-873
-1395
-1867
-2092
-1998
-1636
-1168
-736
-527
-629
-922
-1211
-1274
-1070
-687
-183
368
901
1288
1495
1566
1496
1302
963
571
272
88
2
-60
-66
8
109
163
79
-92
-339
-686
-1047
-1299
-1282
-988
-547
-70
356
703
917
1032
1120
1177
1198
1124
945
725
518
392
323
311
342
332
214
-52
-375
-698
-1011
-1255
-1405
-1435
-1371
-1263
-1125
-971
-813
-707
-688
-747
-851
-946
-1012
-1015
-927
-786
-628
-505
-442
-436
-499
-619
-813
-1056
-1294
-1475
-1572
-1613
-1595
-1510
-1383
-1248
-1120
-985
-868
-834
-882
-971
-1063
-1145
-1203
-1204
-1172
-1194
-1322
-1392
-1049
-81
1373
2898
4130
4896
5068
4582
3660
2807
2425
2493
2689
2775
2738
2609
2320
1872
1426
1107
827
383
-255
-897
-1400
-1755
-1934
-1808
-1316
-592
144
715
1083
1263
1257
1121
980
964
1072
1188
1197
1088
943
819
721
646
569
431
123
-396
-1007
-1524
-1833
-1925
-1831
-1585
-1260
-975
-792
-667
-520
-334
-160
-18
136
321
496
625
746
910
1078
1182
1197
1146
1043
861
582
262
7
-161
-279
-392
-492
-549
-588
-646
-697
-692
-611
-501
-402
-297
-153
55
298
548
785
983
1094
1065
915
699
442
168
-89
-272
-365
-387
-387
-408
-444
-502
-608
-747
-895
-1017
-1102
-1160
-1164
-1099
-966
-803
-625
-448
-304
-212
-190
-227
-290
-368
-466
-594
-726
-833
-903
-933
-979
-1063
-1162
-1270
-1382
-1482
-1522
-1479
-1385
-1264
-1133
-994
-865
-766
-708
-714
-764
-855
-980
-1106
-1215
-1309
-1397
-1371
-997
-144
1048
2242
3185
3803
4066
3940
3528
3133
3016
3102
3123
2939
2644
2362
2112
1884
1720
1667
1625
1380
842
152
-480
-966
-1329
-1539
-1540
-1373
-1180
-1049
-911
-676
-338
23
341
595
760
809
737
614
540
542
599
674
735
776
768
690
553
409
295
182
14
-221
-475
-710
-926
-1098
-1171
-1122
-1002
-873
-742
-585
-400
-229
-88
44
168
274
357
429
526
647
749
812
871
958
1042
1062
973
803
583
303
-13
-308
-531
-693
-833
-958
-1045
-1081
-1055
-969
-828
-651
-478
-352
-296
-292
-294
-270
-209
-107
46
235
409
525
592
646
678
648
540
354
112
-176
-483
-744
-908
-964
-938
-856
-748
-640
-561
-537
-565
-621
-690
-773
-865
-931
-941
-885
-767
-614
-444
-283
-164
-119
-149
-217
-289
-352
-398
-430
-441
-438
-442
-477
-535
-600
-670
-727
-762
-771
-758
-743
-736
-747
-797
-886
-975
-976
-819
-510
-101
356
830
1280
1639
1877
2034
2175
2295
2337
2285
2181
2083
2014
1973
1975
2035
2122
2170
2129
1986
1767
1492
1156
782
427
140
-76
-239
-349
-404
-430
-465
-526
-587
-624
-639
-658
-684
-687
-646
-570
-485
-411
-354
-312
-298
-330
-381
-398
-343
-223
-75
78
235
359
411
385
304
213
131
86
115
220
349
461
550
621
659
652
597
483
295
46
-226
-478
-657
-740
-739
-700
-676
-696
-766
-886
-1041
-1203
-1322
-1373
-1355
-1265
-1100
-881
-647
-426
-220
-11
189
353
465
524
540
538
546
602
710
842
943
993
992
929
809
662
513
378
252
138
65
36
34
38
47
47
6
-85
-206
-309
-386
-455
-507
-525
-510
-487
-485
-506
-530
-555
-584
-606
-591
-544
-499
-471
-468
-486
-525
-567
-572
-498
-361
-212
-86
1
52
74
67
43
29
36
51
55
38
6
-48
-134
-255
-386
-508
-623
-728
-803
-840
-845
-827
-784
-719
-642
-551
-448
-332
-212
-83
61
225
417
639
893
1172
1444
1676
1844
1940
1971
1950
1896
1816
1714
1589
1455
1341
1275
1270
1306
1350
1369
1310
1150
912
643
397
197
53
-34
-61
-42
-12
17
37
36
0
-86
-206
-325
-407
-452
-479
-480
-456
-408
-355
-321
-316
-357
-457
-605
-769
-904
-977
-985
-956
-918
-871
-821
-783
-770
-779
-798
-831
-873
-909
-917
-885
-817
-715
-582
-424
-273
-160
-89
-60
-67
-92
-103
-80
-22
54
133
200
268
333
391
450
514
583
646
694
724
745
752
732
692
657
635
618
595
565
522
472
425
396
383
366
330
281
220
139
47
-39
-101
-138
-180
-251
-336
-409
-462
-494
-502
-478
-443
-434
-468
-541
-618
-674
-698
-686
-639
-565
-488
-437
-411
-407
-431
-478
-534
-570
-581
-583
-592
-608
-633
-674
-728
-777
-815
-833
-842
-849
-860
-871
-880
-878
-847
-777
-676
-545
-384
-196
8
205
391
568
723
848
958
1067
1173
1274
1388
1530
1694
1849
1983
2090
2151
2138
2045
1902
1739
1570
1405
1259
1161
1118
1109
1112
1113
1105
1069
983
845
682
516
365
240
154
119
107
82
27
-59
-173
-317
-482
-647
-785
-892
-985
-1074
-1147
-1184
-1190
-1187
-1183
-1178
-1167
-1170
-1186
-1199
-1188
-1140
-1054
-931
-773
-603
-454
-349
-282
-241
-216
-196
-175
-141
-107
-82
-67
-60
-49
-34
-16
2
10
3
-30
-84
-142
-188
-212
-208
-162
-71
58
197
311
393
444
468
470
456
449
468
507
549
590
644
704
750
768
757
717
627
484
328
219
160
116
61
3
-61
-143
-249
-353
-431
-490
-546
-612
-676
-720
-741
-740
-716
-685
-664
-655
-649
-643
-649
-678
-729
-796
-870
-936
-987
-1015
-1024
-1022
-1014
-1002
-977
-928
-866
-807
-757
-720
-678
-610
-506
-367
-209
-46
104
234
350
456
554
636
696
747
807
902
1023
1155
1268
1346
1381
1368
1324
1277
1246
1226
1206
1182
1172
1191
1244
1326
1411
1460
1445
1360
1234
1103
993
924
921
972
1040
1077
1066
1009
910
767
589
401
227
74
-63
-187
-300
-395
-471
-545
-629
-728
-845
-985
-1145
-1305
-1426
-1479
-1463
-1396
-1298
-1191
-1093
-1028
-989
-951
-898
-834
-782
-752
-731
-710
-676
-613
-519
-406
-304
-232
-200
-197
-210
-224
-218
-180
-126
-79
-44
-12
19
44
66
102
166
242
309
355
384
393
381
361
356
362
361
340
308
277
246
210
177
161
153
131
81
13
-50
-105
-150
-175
-165
-122
-68
-17
30
80
132
173
192
184
158
119
65
3
-57
-110
-168
-245
-340
-434
-511
-583
-661
-747
-826
-886
-928
-960
-978
-972
-944
-909
-880
-846
-794
-729
-661
-607
-558
-516
-476
-441
-406
-367
-321
-253
-160
-38
112
283
455
605
726
825
915
1008
1100
1194
1283
1344
1369
1381
1415
1481
1562
1635
1675
1661
1576
1436
1284
1157
1070
1025
1019
1039
1051
1029
966
870
752
616
474
349
253
181
120
72
48
46
43
8
-65
-182
-347
-543
-735
-877
-961
-996
-1002
-991
-965
-930
-900
-880
-867
-858
-859
-868
-871
-855
-805
-720
-610
-501
-413
-359
-342
-364
-423
-490
-527
-518
-471
-409
-346
-293
-273
-287
-315
-324
-310
-291
-270
-244
-204
-155
-94
-11
81
154
182
171
140
111
98
114
155
203
241
268
280
271
237
180
111
37
-23
-57
-55
-22
29
84
142
201
259
311
353
381
386
362
318
276
244
208
154
79
-4
-90
-178
-271
-358
-435
-510
-593
-673
-735
-774
-793
-797
-792
-783
-767
-738
-688
-624
-554
-488
-441
-423
-434
-451
-455
-439
-402
-340
-248
-143
-46
30
83
121
151
175
208
262
334
413
484
555
641
741
853
958
1044
1097
1113
1098
1069
1043
1023
1012
1004
998
1009
1045
1105
1173
1228
1252
1227
1145
1012
854
702
575
485
435
412
391
354
301
236
160
76
-12
-106
-219
-350
-475
-567
-611
-605
-562
-503
-456
-442
-465
-517
-588
-672
-744
-791
-809
-807
-794
-767
-741
-734
-744
-747
-728
-702
-683
-676
-663
-633
-580
-498
-395
-293
-232
-234
-274
-322
-352
-349
-311
-251
-190
-143
-113
-86
-61
-37
-19
-20
-40
-69
-94
-103
-91
-66
-37
-5
29
64
92
114
131
153
188
229
276
327
378
416
438
448
458
469
479
475
451
409
349
273
184
96
7
-84
-180
-270
-339
-389
-424
-448
-452
-438
-419
-408
-399
-388
-376
-364
-345
-312
-279
-258
-258
-277
-316
-373
-434
-487
-522
-548
-571
-584
-582
-566
-537
-492
-423
-338
-250
-162
-70
31
131
224
320
428
537
632
711
791
870
936
983
1018
1052
1074
1074
1060
1051
1055
1062
1064
1055
1034
1008
979
953
939
929
915
887
841
786
731
686
648
606
548
465
360
247
140
54
-5
-47
-83
-134
-210
-311
-418
-508
-572
-608
-622
-622
-627
-648
-684
-718
-734
-730
-711
-678
-637
-594
-563
-549
-542
-537
-534
-532
-525
-514
-503
-498
-495
-490
-478
-466
-460
-463
-474
-495
-520
-536
-527
-488
-440
-400
-377
-372
-374
-377
-370
-344
-294
-230
-167
-109
-57
-6
45
95
138
163
173
170
161
149
144
161
204
263
321
361
377
367
323
255
181
120
68
17
-31
-67
-83
-86
-78
-60
-34
-17
-19
-38
-67
-100
-131
-161
-187
-208
-226
-249
-276
-312
-355
-399
-434
-451
-443
-408
-355
-293
-227
-165
-103
-42
22
83
141
200
257
316
371
427
480
526
559
583
597
603
594
573
544
511
481
465
467
491
531
571
607
634
654
667
678
690
707
724
734
732
720
703
682
657
632
611
583
531
454
367
283
212
162
131
115
98
67
19
-40
-96
-137
-153
-145
-117
-83
-55
-43
-43
-51
-64
-82
-105
-129
-146
-165
-195
-229
-247
-254
-271
-316
-377
-436
-500
-579
-663
-717
-727
-723
-736
-758
-777
-805
-858
-917
-948
-926
-870
-812
-769
-734
-714
-713
-719
-712
-683
-645
-617
-603
-593
-575
-546
-500
-429
-344
-260
-194
-150
-124
-114
-117
-121
-107
-63
9
96
184
260
313
331
311
269
220
166
100
37
-4
-18
-27
-53
-99
-154
-222
-314
-423
-509
-549
-563
-556
-499
-344
-92
204
497
778
1035
1224
1321
1355
1380
1427
1476
1519
1589
1711
1853
1956
1993
1970
1879
1691
1396
1038
669
310
-32
-338
-568
-710
-796
-868
-937
-998
-1057
-1131
-1211
-1261
-1261
-1210
-1115
-965
-749
-472
-165
140
434
707
937
1099
1196
1254
1299
1339
1373
1409
1442
1453
1417
1323
1194
1041
866
661
435
213
10
-166
-294
-351
-335
-281
-221
-161
-104
-55
-31
-24
-11
22
64
102
145
195
230
219
155
55
-71
-228
-421
-622
-806
-968
-1110
-1226
-1294
-1309
-1292
-1276
-1274
-1288
-1315
-1350
-1378
-1375
-1323
-1236
-1126
-1005
-873
-728
-585
-474
-417
-425
-500
-635
-793
-934
-1030
-1069
-1060
-1015
-952
-896
-870
-891
-963
-1079
-1227
-1370
-1461
-1463
-1368
-1178
-917
-631
-382
-212
-125
-107
-131
-180
-237
-273
-247
-129
127
582
1224
1940
2581
3051
3323
3409
3361
3237
3105
3022
3004
3022
3083
3200
3321
3335
3157
2789
2257
1606
900
216
-371
-803
-1077
-1231
-1282
-1246
-1190
-1196
-1273
-1380
-1500
-1629
-1725
-1722
-1572
-1259
-832
-371
76
474
765
907
946
944
906
830
748
707
720
782
855
887
860
761
571
288
-17
-283
-500
-656
-704
-616
-428
-203
-7
112
156
166
160
149
175
255
356
458
576
714
839
920
925
813
593
316
18
-263
-468
-569
-592
-582
-559
-547
-594
-701
-841
-992
-1121
-1190
-1196
-1152
-1051
-889
-708
-543
-406
-329
-344
-433
-549
-671
-794
-892
-958
-1011
-1052
-1093
-1155
-1245
-1343
-1454
-1590
-1718
-1795
-1827
-1837
-1818
-1755
-1650
-1515
-1371
-1262
-1191
-1126
-1068
-1028
-956
-808
-601
-382
-181
-22
77
121
97
9
-100
-186
-239
-216
3
497
1205
1955
2580
2987
3179
3206
3120
2999
2951
3024
3171
3330
3494
3654
3742
3670
3383
2903
2312
1686
1073
528
125
-113
-235
-301
-346
-400
-503
-687
-941
-1203
-1364
-1365
-1215
-945
-583
-171
231
566
788
889
890
813
697
593
549
572
629
693
743
753
692
535
297
10
-286
-565
-792
-920
-932
-852
-723
-576
-443
-346
-303
-314
-343
-341
-277
-150
38
264
479
635
719
728
667
550
385
166
-95
-347
-561
-729
-852
-950
-1061
-1194
-1338
-1481
-1598
-1647
-1622
-1548
-1424
-1252
-1060
-886
-743
-643
-588
-538
-449
-319
-164
-5
116
173
179
135
19
-151
-337
-529
-735
-900
-988
-1029
-1058
-1095
-1147
-1208
-1262
-1338
-1462
-1578
-1623
-1596
-1520
-1382
-1203
-1037
-886
-739
-621
-527
-412
-298
-245
-241
-246
-265
-303
-317
-241
55
688
1531
2248
2623
2711
2640
2502
2392
2392
2512
2730
2983
3171
3276
3353
3351
3119
2651
2097
1578
1136
813
590
401
242
138
42
-105
-290
-502
-756
-998
-1122
-1075
-859
-513
-147
135
356
574
740
793
790
815
878
970
1102
1271
1439
1553
1554
1430
1254
1081
877
619
356
141
-30
-161
-248
-315
-407
-533
-672
-801
-900
-953
-959
-931
-870
-771
-643
-513
-419
-396
-434
-472
-469
-440
-423
-418
-432
-493
-612
-753
-882
-1001
-1129
-1269
-1408
-1502
-1517
-1476
-1423
-1366
-1298
-1237
-1187
-1141
-1114
-1111
-1101
-1047
-941
-761
-509
-274
-137
-85
-70
-85
-142
-256
-432
-625
-751
-791
-789
-742
-659
-631
-701
-806
-881
-922
-938
-951
-1004
-1044
-964
-775
-573
-386
-223
-140
-135
-127
-95
-65
-15
57
95
102
153
271
501
960
1609
2187
2498
2590
2565
2477
2401
2382
2427
2577
2816
2981
2985
2923
2815
2519
2023
1508
1093
774
549
380
189
-20
-210
-422
-663
-844
-959
-1097
-1211
-1172
-981
-701
-349
4
237
369
506
635
709
788
914
1054
1206
1389
1544
1621
1627
1523
1268
976
791
679
551
442
376
298
185
67
-84
-289
-485
-637
-751
-794
-732
-628
-547
-465
-364
-278
-205
-143
-158
-273
-367
-361
-305
-247
-193
-177
-248
-388
-559
-742
-917
-1086
-1277
-1478
-1594
-1586
-1516
-1435
-1351
-1283
-1266
-1277
-1285
-1296
-1318
-1328
-1293
-1177
-962
-707
-522
-460
-479
-516
-558
-619
-703
-786
-833
-819
-749
-672
-633
-660
-749
-874
-986
-1039
-1027
-968
-888
-802
-719
-641
-564
-504
-469
-424
-349
-264
-187
-74
74
168
160
117
139
228
334
488
825
1419
2074
2501
2642
2669
2698
2669
2562
2526
2687
2958
3161
3244
3276
3261
3086
2678
2152
1677
1302
992
748
593
465
280
26
-243
-508
-802
-1108
-1348
-1456
-1444
-1340
-1160
-926
-695
-529
-422
-322
-194
-66
38
145
309
539
791
1002
1132
1191
1199
1145
1017
854
733
674
620
538
460
401
300
108
-145
-366
-522
-653
-787
-860
-833
-762
-721
-697
-645
-593
-596
-643
-671
-639
-574
-507
-433
-342
-254
-211
-221
-257
-312
-400
-508
-599
-644
-645
-615
-582
-567
-570
-590
-646
-746
-862
-953
-997
-1003
-976
-898
-760
-610
-529
-535
-563
-577
-617
-713
-824
-889
-900
-892
-873
-832
-783
-770
-810
-853
-839
-795
-793
-837
-873
-884
-908
-947
-956
-922
-876
-839
-784
-670
-516
-390
-332
-297
-236
-166
-109
-27
108
278
484
783
1182
1591
1903
2070
2122
2119
2102
2097
2147
2283
2473
2653
2812
2971
3065
2992
2753
2427
2084
1778
1566
1463
1427
1399
1329
1178
954
682
364
21
-272
-468
-584
-638
-622
-570
-545
-547
-550
-561
-588
-612
-629
-632
-599
-520
-422
-307
-160
-4
121
212
273
287
261
226
201
201
235
290
331
337
308
233
111
-24
-141
-236
-305
-343
-365
-387
-427
-498
-604
-732
-859
-955
-1001
-1000
-974
-941
-903
-861
-823
-797
-787
-792
-804
-809
-789
-730
-631
-510
-389
-291
-243
-253
-283
-315
-369
-445
-503
-498
-430
-343
-284
-264
-268
-298
-372
-486
-595
-668
-703
-704
-667
-592
-509
-449
-452
-516
-606
-692
-761
-812
-825
-802
-766
-747
-747
-759
-788
-845
-913
-941
-907
-852
-816
-787
-741
-682
-624
-560
-470
-337
-144
127
478
863
1198
1435
1604
1753
1892
2026
2198
2427
2659
2852
3012
3155
3248
3216
3028
2755
2510
2329
2164
2003
1875
1759
1578
1306
990
681
377
57
-257
-503
-638
-694
-734
-776
-815
-873
-950
-995
-965
-889
-815
-739
-629
-473
-296
-127
30
178
289
338
353
383
436
479
499
527
579
639
666
631
536
396
224
46
-100
-196
-251
-296
-348
-413
-502
-625
-791
-982
-1150
-1258
-1302
-1305
-1279
-1254
-1254
-1283
-1318
-1357
-1404
-1440
-1449
-1422
-1360
-1245
-1065
-852
-660
-528
-442
-362
-285
-244
-237
-218
-162
-90
-10
104
228
278
208
65
-78
-193
-297
-397
-461
-468
-451
-465
-509
-556
-616
-715
-840
-939
-972
-940
-857
-749
-654
-598
-580
-589
-614
-667
-743
-785
-746
-652
-566
-500
-426
-331
-261
-251
-279
-276
-165
74
401
740
1039
1296
1518
1661
1689
1681
1778
1989
2184
2302
2452
2692
2889
2882
2704
2520
2378
2189
1943
1763
1706
1638
1440
1180
960
728
393
23
-242
-384
-495
-605
-654
-642
-652
-737
-834
-873
-878
-894
-889
-804
-657
-502
-346
-172
-9
95
152
211
290
361
401
430
487
580
677
741
762
741
662
517
327
149
29
-38
-98
-173
-242
-298
-384
-536
-732
-930
-1105
-1239
-1318
-1344
-1340
-1334
-1341
-1367
-1400
-1440
-1467
-1476
-1472
-1452
-1389
-1260
-1097
-938
-801
-697
-638
-620
-614
-587
-550
-521
-478
-377
-228
-112
-85
-112
-153
-226
-360
-500
-572
-576
-577
-612
-635
-615
-593
-630
-700
-741
-750
-775
-809
-786
-699
-618
-579
-540
-467
-388
-352
-352
-349
-337
-348
-383
-392
-351
-288
-220
-143
-71
-19
71
269
544
781
941
1089
1266
1398
1448
1508
1698
1986
2231
2392
2556
2748
2840
2745
2550
2388
2271
2135
1997
1914
1860
1739
1514
1244
974
679
333
-4
-253
-401
-502
-576
-605
-610
-658
-773
-900
-991
-1051
-1086
-1077
-998
-841
-637
-421
-223
-58
59
116
153
198
249
304
389
514
652
767
851
890
864
775
644
494
350
224
120
43
-4
-36
-90
-183
-326
-531
-781
-1011
-1168
-1259
-1307
-1329
-1353
-1389
-1439
-1493
-1556
-1620
-1665
-1679
-1645
-1547
-1403
-1248
-1099
-961
-855
-801
-774
-724
-644
-554
-477
-398
-283
-141
-48
-51
-112
-183
-280
-429
-579
-648
-637
-622
-647
-672
-664
-651
-687
-753
-789
-782
-779
-795
-776
-700
-618
-579
-568
-533
-480
-442
-422
-403
-385
-392
-426
-453
-450
-426
-387
-333
-267
-195
-79
147
463
750
935
1079
1250
1396
1454
1502
1679
1979
2257
2442
2622
2862
3049
3048
2895
2739
2621
2475
2301
2171
2095
1989
1809
1588
1342
1034
651
258
-75
-343
-577
-765
-874
-932
-1008
-1118
-1223
-1296
-1351
-1391
-1383
-1307
-1167
-966
-710
-437
-202
-24
114
232
327
394
456
549
682
823
937
1008
1030
992
897
762
612
463
329
214
102
-10
-108
-189
-268
-383
-554
-754
-942
-1087
-1195
-1273
-1324
-1360
-1407
-1485
-1578
-1657
-1722
-1771
-1793
-1775
-1708
-1598
-1461
-1316
-1179
-1069
-994
-938
-867
-764
-645
-521
-391
-247
-99
29
117
162
169
122
19
-99
-183
-224
-254
-292
-328
-371
-447
-560
-675
-774
-863
-943
-976
-944
-890
-852
-812
-746
-674
-642
-646
-628
-571
-511
-471
-425
-355
-287
-244
-216
-181
-136
-68
66
284
547
799
1011
1184
1300
1334
1322
1367
1527
1768
2007
2216
2423
2621
2735
2708
2581
2439
2315
2191
2075
2017
2010
1972
1839
1633
1402
1132
792
423
106
-129
-313
-464
-559
-612
-685
-806
-936
-1028
-1090
-1136
-1153
-1118
-1020
-872
-685
-475
-278
-124
-8
94
194
291
386
491
607
730
856
965
1016
994
916
797
649
494
367
274
186
75
-46
-158
-268
-405
-582
-780
-971
-1140
-1278
-1375
-1441
-1488
-1527
-1565
-1609
-1664
-1717
-1757
-1779
-1778
-1731
-1625
-1482
-1325
-1166
-1022
-920
-865
-820
-747
-645
-538
-422
-280
-126
2
75
106
114
85
-1
-120
-224
-290
-326
-349
-350
-326
-304
-323
-397
-506
-616
-700
-746
-744
-687
-590
-484
-396
-345
-326
-330
-343
-368
-396
-406
-384
-347
-316
-289
-253
-202
-137
-19
188
440
640
765
898
1064
1177
1203
1266
1489
1801
2036
2179
2363
2613
2762
2699
2547
2474
2453
2362
2210
2128
2126
2082
1923
1700
1470
1209
883
540
259
46
-143
-321
-458
-564
-678
-821
-965
-1083
-1164
-1210
-1219
-1182
-1089
-946
-778
-609
-441
-279
-136
-21
73
165
263
382
526
685
833
931
970
961
910
810
675
547
455
381
298
203
107
-4
-149
-331
-528
-709
-857
-986
-1114
-1238
-1337
-1410
-1474
-1541
-1606
-1659
-1703
-1749
-1786
-1783
-1721
-1620
-1512
-1398
-1264
-1125
-1018
-941
-868
-784
-703
-621
-514
-357
-173
-16
81
133
152
118
20
-96
-167
-187
-188
-197
-216
-243
-290
-360
-444
-535
-625
-700
-747
-762
-747
-709
-647
-577
-523
-494
-478
-451
-416
-378
-334
-280
-216
-149
-82
-23
17
32
46
97
227
426
640
821
975
1128
1249
1289
1289
1365
1569
1823
2027
2198
2402
2603
2685
2621
2511
2434
2350
2214
2077
2000
1944
1833
1662
1466
1244
962
635
328
67
-178
-418
-602
-700
-753
-824
-922
-1006
-1074
-1135
-1188
-1198
-1140
-1008
-826
-622
-416
-217
-44
88
180
253
333
434
560
696
822
914
965
977
951
883
770
622
466
319
178
35
-93
-187
-261
-354
-501
-688
-872
-1030
-1176
-1309
-1396
-1426
-1428
-1450
-1493
-1534
-1570
-1613
-1646
-1634
-1573
-1491
-1397
-1275
-1130
-1001
-925
-880
-822
-747
-678
-624
-553
-436
-293
-165
-70
12
89
137
123
57
-14
-71
-142
-227
-281
-286
-282
-303
-326
-324
-342
-416
-515
-566
-555
-530
-517
-487
-422
-351
-299
-255
-209
-171
-137
-97
-54
-24
8
63
119
125
102
99
130
163
219
365
593
809
943
1053
1189
1277
1260
1239
1364
1618
1837
1971
2127
2345
2493
2457
2318
2224
2174
2065
1899
1793
1779
1742
1604
1418
1245
1039
745
412
132
-81
-278
-453
-550
-571
-598
-686
-792
-864
-908
-957
-991
-967
-867
-712
-528
-331
-141
22
143
215
257
305
384
477
553
615
677
728
731
675
592
487
342
171
26
-60
-133
-236
-356
-459
-550
-658
-784
-905
-1008
-1104
-1194
-1275
-1338
-1384
-1411
-1434
-1478
-1531
-1550
-1526
-1499
-1481
-1445
-1359
-1252
-1161
-1079
-978
-876
-803
-744
-662
-556
-462
-381
-273
-125
16
113
165
189
187
149
90
32
-7
-18
-13
-13
-33
-54
-56
-76
-155
-268
-342
-351
-335
-337
-339
-306
-255
-232
-247
-252
-213
-153
-109
-83
-56
-25
-7
-5
0
14
34
67
120
179
227
284
405
592
769
880
985
1145
1310
1385
1411
1522
1727
1899
1988
2087
2264
2410
2406
2301
2223
2174
2061
1891
1757
1674
1556
1363
1164
999
807
552
293
82
-117
-335
-527
-636
-688
-747
-803
-812
-787
-779
-794
-792
-742
-661
-555
-409
-231
-62
67
163
250
331
397
447
485
511
532
547
548
525
476
409
320
209
86
-39
-164
-300
-441
-574
-686
-775
-858
-946
-1032
-1112
-1189
-1263
-1328
-1381
-1421
-1451
-1464
-1451
-1417
-1368
-1315
-1260
-1197
-1119
-1023
-913
-815
-753
-707
-632
-532
-455
-415
-361
-256
-148
-90
-62
-13
50
72
35
-5
3
22
0
-54
-103
-139
-181
-225
-239
-228
-222
-244
-271
-275
-261
-271
-314
-338
-294
-204
-124
-81
-40
12
46
32
2
5
46
86
106
126
162
205
252
308
356
375
375
409
513
655
783
901
1052
1232
1376
1441
1475
1554
1679
1784
1838
1896
1998
2102
2135
2085
2003
1915
1806
1661
1509
1376
1255
1119
969
806
624
421
210
16
-149
-286
-396
-479
-531
-558
-574
-588
-594
-572
-522
-461
-411
-365
-299
-203
-96
4
100
199
286
330
327
297
263
238
219
202
185
166
135
71
-34
-167
-307
-441
-564
-668
-751
-811
-858
-892
-920
-952
-996
-1041
-1078
-1115
-1160
-1190
-1186
-1164
-1150
-1135
-1091
-1026
-967
-921
-866
-808
-768
-732
-672
-590
-512
-443
-378
-332
-303
-267
-203
-144
-115
-97
-68
-63
-119
-186
-200
-189
-219
-271
-271
-205
-158
-169
-195
-205
-221
-260
-306
-336
-325
-270
-199
-153
-126
-76
-7
22
-9
-30
-1
38
38
31
68
111
111
101
130
172
180
185
235
303
342
393
524
705
851
956
1088
1251
1372
1429
1492
1608
1729
1804
1854
1925
2004
2041
2018
1959
1884
1787
1657
1505
1349
1194
1034
867
699
543
397
245
87
-60
-192
-307
-408
-467
-472
-445
-417
-398
-381
-360
-339
-314
-271
-199
-101
4
94
165
218
250
255
230
184
143
114
92
81
73
48
-15
-102
-178
-247
-333
-434
-519
-576
-632
-697
-750
-776
-803
-854
-910
-951
-981
-1019
-1054
-1073
-1080
-1084
-1068
-1017
-947
-877
-824
-797
-800
-809
-786
-736
-687
-635
-540
-404
-289
-243
-244
-241
-226
-218
-216
-197
-152
-93
-42
-40
-104
-185
-200
-152
-139
-197
-248
-219
-172
-196
-270
-292
-237
-185
-197
-239
-254
-227
-178
-137
-113
-97
-63
-18
4
-11
-32
-23
5
34
55
74
87
112
172
245
280
284
317
389
441
459
523
679
857
991
1119
1271
1379
1383
1365
1426
1519
1541
1537
1629
1779
1830
1756
1691
1683
1620
1434
1220
1084
986
855
713
623
557
456
324
202
91
-38
-155
-220
-249
-280
-304
-294
-254
-220
-208
-202
-202
-210
-208
-188
-159
-123
-67
7
55
46
16
-3
-26
-78
-140
-167
-153
-133
-123
-121
-140
-192
-268
-345
-422
-503
-573
-617
-641
-666
-692
-706
-719
-748
-799
-860
-914
-956
-989
-1012
-1027
-1031
-1024
-1003
-968
-926
-888
-872
-869
-856
-824
-776
-710
-616
-503
-416
-370
-338
-296
-262
-255
-257
-237
-203
-178
-164
-131
-75
-18
19
34
28
5
-27
-56
-71
-66
-32
24
79
113
109
72
18
-33
-69
-94
-112
-107
-79
-46
-41
-64
-92
-109
-126
-154
-171
-156
-104
-42
13
73
153
236
293
350
454
602
740
861
1014
1208
1358
1402
1412
1482
1581
1622
1614
1656
1759
1820
1783
1711
1654
1566
1405
1217
1067
951
827
702
608
517
391
247
131
47
-47
-167
-275
-339
-371
-389
-385
-353
-310
-286
-281
-282
-285
-278
-258
-219
-166
-105
-43
8
37
49
53
48
40
38
53
66
51
11
-25
-50
-86
-146
-212
-270
-325
-397
-482
-563
-630
-691
-763
-838
-899
-951
-1007
-1082
-1157
-1204
-1218
-1219
-1211
-1177
-1122
-1072
-1034
-986
-924
-864
-819
-766
-687
-597
-509
-419
-320
-233
-180
-149
-118
-86
-63
-46
-19
15
38
51
70
80
55
2
-45
-68
-82
-102
-120
-113
-86
-76
-94
-117
-131
-140
-158
-182
-192
-182
-169
-171
-180
-188
-183
-166
-140
-101
-55
-20
1
29
72
114
139
178
252
342
403
452
550
705
844
934
1036
1181
1306
1331
1311
1355
1450
1498
1491
1526
1627
1677
1612
1509
1452
1388
1239
1058
945
880
773
625
525
482
415
287
162
83
3
-119
-234
-274
-265
-267
-285
-290
-275
-270
-291
-320
-336
-337
-326
-304
-271
-214
-131
-53
-10
5
17
30
19
-8
-19
-5
5
-4
-8
-2
-21
-84
-159
-220
-283
-373
-466
-524
-560
-608
-670
-714
-739
-780
-852
-932
-995
-1046
-1084
-1092
-1062
-1019
-984
-948
-902
-864
-847
-830
-789
-725
-654
-581
-501
-428
-374
-325
-264
-211
-185
-174
-151
-122
-118
-128
-117
-81
-52
-50
-61
-76
-104
-140
-165
-179
-193
-195
-172
-137
-130
-157
-184
-191
-197
-206
-203
-186
-180
-182
-166
-126
-92
-78
-53
-14
12
11
13
44
96
145
195
251
308
356
401
436
452
475
555
692
825
927
1034
1163
1251
1255
1228
1249
1296
1301
1275
1303
1392
1447
1413
1343
1294
1228
1093
926
805
734
653
552
471
425
370
267
143
31
-71
-185
-298
-371
-397
-408
-423
-426
-400
-361
-347
-364
-383
-380
-358
-328
-284
-211
-121
-38
17
58
87
92
73
47
37
38
33
26
21
6
-40
-110
-185
-261
-348
-446
-537
-613
-682
-745
-791
-816
-842
-882
-923
-949
-973
-1000
-1018
-1011
-976
-929
-873
-812
-755
-707
-665
-624
-587
-547
-491
-425
-375
-346
-312
-265
-229
-219
-209
-172
-130
-113
-111
-103
-93
-98
-109
-107
-101
-106
-111
-101
-103
-136
-166
-155
-130
-143
-177
-181
-152
-146
-188
-222
-216
-201
-201
-197
-163
-123
-101
-85
-69
-56
-52
-33
6
45
74
124
208
291
351
401
459
509
531
554
609
679
750
833
939
1035
1091
1123
1155
1169
1148
1128
1150
1195
1218
1220
1226
1224
1173
1081
995
928
851
756
680
637
582
494
392
301
204
82
-41
-138
-207
-269
-333
-386
-422
-444
-451
-444
-433
-433
-432
-418
-390
-355
-307
-228
-128
-40
14
50
77
79
53
24
17
22
19
8
-4
-31
-98
-194
-286
-366
-453
-557
-653
-726
-777
-823
-862
-887
-900
-912
-926
-942
-959
-964
-956
-934
-897
-849
-788
-710
-627
-559
-519
-496
-462
-412
-354
-306
-258
-201
-146
-107
-88
-82
-75
-58
-33
-20
-29
-41
-40
-43
-77
-130
-158
-145
-130
-146
-178
-200
-222
-261
-306
-335
-339
-330
-318
-301
-288
-279
-273
-265
-254
-240
-221
-194
-164
-122
-62
4
61
122
203
281
324
336
363
420
476
518
574
655
730
765
775
793
816
823
827
857
912
951
958
952
948
932
890
834
797
792
794
779
749
724
711
688
634
569
518
479
435
376
317
271
227
180
132
89
51
15
-21
-59
-101
-139
-164
-170
-168
-164
-155
-145
-132
-120
-117
-124
-136
-146
-153
-162
-175
-179
-166
-152
-156
-178
-210
-251
-311
-386
-455
-503
-536
-565
-592
-617
-644
-679
-720
-755
-780
-797
-806
-805
-796
-784
-773
-762
-747
-721
-685
-646
-612
-575
-532
-486
-445
-413
-381
-342
-301
-274
-260
-244
-212
-172
-147
-144
-140
-122
-102
-105
-125
-139
-136
-139
-169
-208
-221
-202
-185
-186
-189
-176
-173
-207
-272
-323
-337
-322
-298
-259
-205
-150
-119
-117
-119
-109
-87
-60
-24
26
88
148
202
259
314
355
379
399
432
473
507
536
575
629
676
694
695
693
691
670
636
613
605
604
600
592
581
566
544
523
501
470
434
413
415
425
427
426
427
428
419
400
379
361
350
344
337
322
301
289
288
285
269
243
227
217
198
165
132
112
95
75
46
15
-18
-56
-96
-139
-185
-231
-272
-305
-328
-350
-375
-407
-442
-477
-516
-553
-581
-589
-587
-585
-579
-570
-560
-559
-560
-551
-534
-526
-527
-520
-496
-475
-472
-469
-450
-426
-423
-434
-437
-424
-411
-407
-398
-380
-362
-359
-367
-366
-352
-333
-320
-312
-293
-269
-258
-258
-248
-220
-189
-176
-176
-176
-186
-217
-246
-254
-239
-219
-196
-174
-165
-171
-178
-179
-185
-194
-179
-137
-111
-123
-128
-87
-23
17
41
99
180
231
234
228
244
280
320
367
416
459
495
526
539
521
498
493
498
489
464
443
436
424
408
391
373
348
327
319
304
270
234
227
234
223
197
186
197
202
185
163
159
163
167
170
175
188
208
225
230
227
232
243
252
253
258
273
284
283
287
297
306
301
291
290
282
251
204
163
135
103
65
32
8
-13
-44
-86
-131
-179
-226
-269
-311
-349
-376
-389
-393
-394
-398
-400
-397
-395
-400
-411
-422
-425
-422
-420
-422
-421
-414
-408
-408
-414
-416
-420
-425
-426
-422
-416
-414
-411
-400
-391
-395
-403
-401
-388
-380
-381
-379
-364
-340
-323
-310
-295
-277
-264
-263
-271
-284
-298
-307
-309
-305
-296
-279
-261
-251
-255
-269
-285
-294
-296
-282
-244
-194
-148
-107
-63
-14
26
53
82
125
174
211
240
275
321
366
395
419
442
459
464
466
465
462
454
443
439
436
425
407
392
383
374
352
322
294
267
240
218
203
198
201
205
211
208
194
172
154
144
134
127
130
141
157
168
170
165
158
156
162
169
168
167
172
178
178
174
175
187
202
215
219
214
198
180
161
138
107
81
72
66
49
18
-12
-36
-67
-106
-142
-169
-190
-208
-215
-208
-199
-198
-202
-209
-222
-240
-252
-256
-256
-252
-240
-222
-211
-213
-215
-204
-192
-197
-224
-253
-268
-269
-263
-244
-196
-128
-95
-145
-263
-380
-440
-434
-385
-312
-239
-219
-292
-432
-553
-597
-562
-482
-391
-321
-322
-404
-508
-556
-526
-450
-360
-281
-246
-278
-360
-425
-423
-348
-233
-119
-37
-19
-63
-126
-160
-142
-83
2
86
150
174
170
157
157
184
231
271
281
261
232
212
208
226
269
321
351
344
309
271
242
227
235
262
288
297
291
283
281
282
281
282
290
303
312
309
293
275
272
289
309
320
321
317
302
267
225
200
199
207
204
195
187
178
163
148
143
144
135
114
95
85
75
65
65
84
105
113
105
87
59
22
-10
-25
-27
-25
-27
-28
-27
-32
-49
-67
-78
-86
-96
-111
-125
-132
-132
-124
-115
-103
-93
-93
-102
-118
-134
-147
-156
-158
-152
-150
-158
-171
-176
-176
-179
-191
-205
-217
-233
-247
-259
-266
-274
-282
-282
-278
-282
-301
-320
-333
-346
-364
-375
-364
-342
-327
-324
-329
-331
-332
-333
-324
-303
-279
-259
-237
-211
-186
-170
-162
-151
-137
-128
-129
-130
-120
-96
-65
-37
-14
5
20
26
19
4
-7
-12
-11
-10
-9
-6
6
30
57
72
70
62
55
47
33
35
62
102
132
147
164
184
193
193
207
236
259
261
258
264
271
267
261
268
287
296
293
287
279
268
255
244
232
211
188
175
174
174
168
170
181
196
196
180
155
137
130
132
135
147
168
182
178
149
111
85
70
60
58
60
59
47
29
7
-14
-32
-47
-60
-75
-90
-105
-115
-119
-120
-114
-104
-101
-110
-127
-138
-146
-157
-166
-166
-152
-135
-125
-122
-123
-128
-136
-151
-172
-193
-206
-207
-206
-207
-210
-211
-211
-220
-242
-270
-283
-283
-282
-286
-285
-276
-266
-264
-260
-249
-232
-216
-208
-199
-188
-178
-168
-150
-118
-79
-45
-24
-16
-19
-29
-41
-46
-37
-14
17
40
46
36
19
1
-20
-35
-40
-37
-35
-40
-47
-48
-49
-50
-52
-53
-55
-60
-64
-64
-58
-48
-34
-18
-6
0
5
7
8
10
17
34
52
65
72
77
82
87
95
112
130
150
167
177
180
177
178
190
214
238
258
277
290
295
294
291
290
291
294
295
294
292
290
286
275
256
233
212
192
174
154
135
117
98
82
63
47
36
25
12
-4
-17
-28
-39
-51
-58
-59
-54
-52
-57
-59
-59
-62
-73
-86
-93
-99
-107
-118
-125
-129
-129
-128
-129
-134
-145
-156
-163
-171
-181
-190
-194
-190
-187
-190
-198
-200
-194
-188
-188
-191
-192
-195
-205
-217
-221
-212
-194
-172
-150
-128
-111
-102
-98
-92
-82
-74
-64
-45
-14
17
39
57
73
82
81
70
58
55
61
69
82
92
95
88
71
48
24
3
-8
-6
-1
2
-2
-6
-11
-16
-23
-33
-39
-41
-42
-49
-61
-69
-70
-63
-58
-62
-63
-58
-53
-55
-68
-81
-86
-82
-79
-69
-48
-17
10
27
36
41
45
47
60
84
110
130
141
152
163
168
171
177
187
198
200
194
182
171
163
157
153
153
156
159
158
147
130
108
89
73
63
57
53
49
43
40
38
33
27
23
15
7
-3
-9
-12
-8
4
14
19
20
16
12
5
-7
-18
-29
-38
-48
-58
-70
-81
-92
-101
-109
-121
-142
-167
-190
-213
-236
-253
-259
-254
-247
-246
-249
-253
-254
-253
-251
-243
-227
-209
-190
-170
-147
-126
-105
-84
-65
-42
-17
8
30
48
63
74
81
86
91
100
108
115
119
121
120
108
92
76
63
52
46
48
53
57
51
39
23
10
-1
-7
-8
-7
-3
-2
-7
-13
-19
-24
-25
-26
-25
-25
-24
-25
-28
-30
-30
-26
-25
-25
-27
-29
-31
-34
-32
-22
-8
2
0
-7
-20
-36
-51
-58
-53
-43
-32
-20
-7
-2
-2
-4
-6
-8
-13
-21
-24
-20
-9
9
26
43
55
60
56
43
26
16
16
25
36
49
62
76
87
91
91
89
87
87
86
88
92
97
102
108
112
114
112
105
97
85
69
50
34
25
23
22
18
11
2
-13
-32
-53
-73
-84
-91
-94
-99
-105
-107
-104
-102
-102
-102
-98
-95
-96
-96
-90
-79
-70
-60
-50
-41
-34
-27
-14
6
26
41
51
58
60
57
54
61
73
86
96
102
103
97
85
73
66
59
49
40
32
24
11
-4
-18
-28
-35
-40
-44
-49
-51
-52
-48
-46
-43
-39
-37
-36
-39
-44
-46
-44
-37
-30
-23
-19
-19
-18
-23
-29
-33
-33
-30
-26
-19
-14
-8
-6
-6
-6
-2
4
12
23
35
44
47
44
43
43
43
46
48
48
44
37
29
19
11
7
1
-4
-9
-14
-17
-24
-31
-37
-41
-44
-46
-44
-37
-25
-15
-10
-7
-4
-1
3
5
11
19
26
30
29
28
29
31
32
33
30
24
15
3
-5
-9
-10
-12
-12
-14
-17
-19
-21
-25
-28
-35
-44
-54
-62
-65
-59
-46
-34
-27
-27
-33
-42
-57
-67
-69
-62
-52
-42
-32
-21
-7
6
19
31
39
45
45
48
55
64
79
95
111
120
118
108
97
86
79
73
68
61
54
45
32
19
8
0
-8
-20
-34
-49
-62
-72
-78
-78
-77
-78
-85
-96
-109
-120
-127
-129
-127
-125
-123
-125
-127
-125
-122
-112
-100
-90
-84
-79
-77
-71
-61
-46
-26
-7
9
16
20
23
28
38
54
73
88
97
99
93
85
80
79
81
78
75
71
66
60
54
50
46
40
32
21
7
-3
-9
-12
-13
-12
-12
-12
-13
-13
-13
-10
-7
-7
-11
-18
-26
-30
-29
-20
-7
4
10
9
1
-10
-19
-26
-33
-34
-34
-37
-41
-46
-47
-43
-35
-29
-26
-28
-35
-45
-53
-57
-56
-50
-40
-29
-22
-15
-8
3
18
30
40
47
51
53
53
58
70
86
105
123
138
147
149
147
144
138
132
125
120
113
106
99
93
86
74
61
46
29
12
-3
-16
-27
-38
-47
-58
-66
-70
-69
-68
-67
-66
-67
-71
-80
-89
-94
-96
-92
-84
-74
-66
-63
-66
-71
-77
-82
-81
-79
-72
-64
-57
-51
-47
-44
-38
-30
-20
-10
-1
10
19
27
38
49
62
74
82
86
87
83
78
72
69
67
66
65
65
61
56
51
46
40
36
29
21
13
7
5
6
11
17
27
34
39
42
43
43
42
40
34
27
22
18
16
18
22
25
27
21
10
-2
-14
-25
-31
-34
-33
-33
-32
-30
-29
-30
-30
-30
-34
-42
-53
-64
-74
-79
-80
-74
-66
-57
-51
-51
-55
-61
-70
-77
-81
-80
-73
-63
-49
-34
-16
1
16
27
37
45
50
56
63
71
79
87
93
96
96
96
92
86
78
70
66
61
55
47
39
26
14
2
-7
-11
-15
-13
-14
-18
-23
-29
-33
-37
-40
-40
-40
-39
-38
-43
-48
-56
-65
-73
-82
-85
-86
-86
-83
-83
-85
-89
-93
-95
-95
-91
-84
-77
-67
-59
-47
-33
-21
-9
1
10
15
19
25
31
40
50
56
62
64
65
65
62
59
56
50
45
40
33
30
29
32
38
42
43
40
36
29
25
21
21
22
27
30
30
31
28
27
25
23
20
15
9
3
-3
-10
-15
-18
-18
-20
-24
-28
-33
-39
-45
-49
-51
-54
-56
-57
-60
-63
-64
-61
-60
-60
-62
-65
-71
-78
-82
-81
-75
-68
-62
-57
-53
-49
-47
-40
-28
-16
-3
8
17
26
32
41
53
66
78
88
95
99
104
106
110
114
116
115
109
101
93
85
76
70
64
60
56
49
46
41
37
34
30
26
21
14
6
-2
-7
-11
-12
-15
-18
-21
-26
-36
-46
-54
-63
-70
-77
-81
-85
-87
-88
-86
-83
-82
-80
-75
-67
-59
-50
-40
-29
-17
-9
-4
1
9
17
25
33
40
44
45
42
38
35
32
32
33
33
34
33
33
31
29
28
27
28
26
25
23
24
24
24
25
25
24
22
18
14
9
4
0
-3
-6
-8
-11
-13
-18
-23
-27
-32
-34
-37
-39
-41
-44
-48
-51
-55
-57
-61
-63
-66
-67
-69
-70
-70
-70
-71
-70
-66
-67
-65
-63
-60
-54
-47
-39
-29
-18
-8
0
7
14
22
32
42
53
63
71
76
80
83
85
86
88
88
86
83
77
73
68
64
58
51
43
33
22
13
7
4
2
2
0
-4
-9
-17
-27
-34
-38
-39
-38
-37
-35
-34
-35
-37
-39
-40
-40
-41
-42
-44
-46
-46
-45
-40
-33
-25
-15
-7
-2
1
5
7
9
13
18
23
26
29
33
36
40
45
48
50
52
49
44
38
32
26
27
28
32
37
40
39
35
31
24
18
14
12
11
13
15
20
25
27
25
22
17
10
4
0
-2
-5
-9
-12
-14
-20
-25
-30
-34
-38
-40
-42
-44
-48
-54
-61
-71
-78
-85
-91
-95
-100
-102
-104
-105
-103
-101
-99
-98
-98
-96
-94
-90
-86
-81
-74
-65
-53
-37
-20
-4
10
22
33
43
54
65
77
87
96
103
112
120
127
134
137
137
136
135
131
127
122
115
107
99
95
89
84
77
69
62
53
44
34
21
7
-6
-16
-24
-28
-27
-24
-21
-19
-17
-19
-20
-25
-32
-41
-50
-58
-63
-67
-67
-66
-66
-63
-62
-57
-53
-47
-44
-42
-39
-36
-32
-28
-23
-17
-11
-4
3
10
16
21
25
28
30
29
27
22
13
4
-7
-15
-19
-19
-17
-16
-17
-17
-18
-16
-13
-10
-6
-4
-2
-2
-1
5
11
18
26
32
36
39
40
40
39
38
37
36
35
33
31
28
25
18
14
8
1
-7
-18
-29
-40
-48
-52
-55
-55
-58
-62
-66
-67
-67
-67
-66
-65
-69
-72
-77
-82
-84
-85
-83
-80
-76
-69
-62
-53
-43
-32
-22
-12
-3
5
12
17
21
25
30
40
49
61
71
78
84
90
95
98
98
95
90
82
75
68
60
51
42
33
23
15
9
4
2
-4
-10
-15
-21
-26
-30
-38
-44
-51
-58
-62
-65
-66
-68
-68
-70
-71
-68
-67
-62
-58
-54
-48
-43
-34
-24
-14
-5
3
12
18
26
33
38
40
44
47
51
54
57
56
56
54
52
51
48
44
39
30
22
14
7
1
-5
-11
-15
-18
-21
-21
-21
-20
-19
-16
-15
-12
-11
-10
-7
-6
-4
-2
-1
1
1
0
-2
-2
-4
-6
-11
-14
-17
-19
-19
-20
-18
-17
-16
-15
-16
-20
-24
-28
-33
-37
-39
-42
-46
-48
-53
-55
-56
-57
-56
-55
-56
-57
-57
-55
-52
-48
-42
-37
-31
-25
-18
-11
-2
6
14
27
40
55
70
85
98
110
121
130
138
145
148
151
149
147
143
139
133
129
123
117
112
108
104
100
94
85
72
58
44
27
9
-9
-26
-40
-54
-65
-74
-84
-92
-98
-103
-104
-104
-102
-99
-96
-93
-91
-86
-80
-72
-65
-57
-49
-42
-36
-28
-21
-15
-6
2
11
18
25
29
31
31
32
34
34
33
32
28
21
18
16
14
15
16
18
17
18
18
18
18
18
19
19
20
17
15
10
7
4
1
1
1
1
0
2
3
5
8
13
15
17
15
12
10
8
6
5
3
1
-1
-3
-5
-9
-12
-16
-20
-27
-33
-41
-48
-54
-59
-63
-63
-64
-67
-70
-71
-73
-76
-77
-78
-77
-75
-72
-69
-66
-60
-53
-46
-35
-26
-17
-7
0
8
13
18
21
26
29
33
36
41
43
47
50
52
54
54
54
52
51
48
44
38
33
27
22
17
11
3
-6
-14
-22
-29
-37
-44
-51
-58
-62
-65
-68
-68
-68
-66
-63
-61
-59
-56
-53
-51
-49
-44
-41
-34
-26
-21
-14
-7
-2
6
13
19
23
23
25
24
24
25
26
27
27
28
28
28
28
27
26
25
25
24
22
21
19
18
17
15
15
16
18
19
19
19
21
22
25
28
32
37
40
42
44
46
50
52
54
56
56
53
49
45
41
37
33
30
25
21
14
8
-1
-8
-16
-25
-35
-45
-57
-68
-77
-86
-92
-97
-101
-104
-106
-107
-105
-106
-104
-101
-96
-90
-84
-75
-67
-59
-49
-40
-30
-20
-10
0
10
21
30
39
48
56
64
71
78
83
86
90
92
94
95
96
93
90
88
81
77
72
66
60
53
47
39
33
29
23
20
14
8
3
-4
-9
-15
-21
-26
-30
-33
-35
-35
-35
-33
-29
-27
-22
-19
-17
-14
-14
-12
-11
-10
-8
-8
-7
-7
-6
-4
-1
1
2
3
1
0
-3
-4
-5
-7
-6
-7
-7
-6
-5
-1
1
4
5
6
9
11
13
17
19
24
27
33
37
39
43
45
47
46
46
45
43
42
39
36
34
33
34
34
34
31
28
25
20
18
13
9
2
-5
-12
-18
-24
-28
-33
-38
-43
-48
-53
-58
-64
-70
-74
-79
-84
-88
-92
-93
-96
-97
-97
-95
-90
-86
-80
-75
-70
-62
-56
-46
-38
-29
-19
-10
0
10
21
31
43
53
62
71
79
87
93
97
102
102
103
103
100
98
94
91
86
81
76
70
64
58
52
45
39
32
24
17
10
2
-4
-11
-17
-23
-29
-33
-39
-43
-46
-48
-50
-50
-49
-49
-46
-44
-42
-38
-34
-28
-25
-19
-14
-10
-5
-1
3
6
10
13
16
17
20
20
20
19
16
13
10
8
5
3
-1
-4
-5
-7
-8
-8
-8
-7
-7
-4
-3
-3
-2
-1
-1
0
0
1
1
1
0
-1
-2
-2
-4
-4
-4
-6
-6
-8
-10
-12
-16
-19
-21
-24
-26
-27
-28
-29
-31
-34
-36
-39
-41
-46
-51
-54
-57
-60
-63
-66
-68
-71
-73
-76
-76
-76
-76
-75
-73
-69
-63
-57
-51
-44
-36
-29
-20
-12
-4
4
12
20
28
36
42
49
55
60
65
69
73
75
78
79
79
79
78
77
76
74
70
65
61
56
51
47
40
34
29
23
18
12
7
0
-5
-12
-18
-23
-27
-32
-35
-39
-41
-43
-44
-44
-44
-42
-39
-37
-35
-32
-29
-26
-23
-20
-15
-10
-6
-2
1
2
6
9
12
15
18
21
23
25
27
27
29
27
28
28
26
26
26
28
29
29
30
31
31
32
34
36
36
38
39
39
41
41
41
40
39
39
38
39
38
37
34
32
29
26
24
20
17
13
7
1
-4
-10
-16
-21
-26
-33
-37
-43
-50
-56
-62
-66
-70
-74
-77
-78
-81
-83
-83
-83
-82
-81
-80
-77
-74
-69
-65
-60
-55
-49
-41
-34
-26
-16
-9
-1
8
15
24
31
39
45
52
57
62
66
71
73
76
78
80
80
80
80
78
75
72
69
65
63
57
52
46
41
34
28
22
14
8
1
-5
-11
-17
-22
-27
-32
-35
-39
-42
-44
-48
-50
-52
-53
-53
-54
-53
-53
-52
-50
-47
-43
-39
-35
-31
-26
-22
-18
-13
-9
-5
-3
0
3
6
8
9
12
14
18
18
20
22
24
26
27
29
30
32
32
33
32
30
29
27
26
26
25
24
23
20
20
19
17
13
11
8
5
3
0
-2
-5
-9
-13
-17
-21
-25
-29
-33
-35
-38
-40
-41
-42
-44
-45
-47
-48
-49
-49
-50
-51
-50
-51
-51
-49
-48
-45
-43
-42
-36
-34
-29
-24
-20
-15
-10
-5
0
4
9
14
18
22
25
29
34
37
40
42
45
46
48
49
50
51
52
52
53
51
50
47
43
41
38
35
31
28
24
21
16
12
10
5
4
1
-2
-3
-6
-7
-9
-9
-9
-10
-11
-13
-15
-14
-15
-15
-15
-15
-14
-13
-10
-10
-9
-7
-6
-5
-4
-3
-2
-2
-1
0
-1
-1
-1
-1
-4
-5
-5
-5
-6
-6
-7
-6
-7
-9
-9
-8
-8
-7
-6
-5
-5
-4
-3
-2
-1
-1
1
0
3
5
7
11
13
14
16
17
20
21
22
21
20
19
19
18
16
15
13
12
10
9
6
5
4
1
-1
-4
-8
-10
-13
-17
-21
-25
-29
-32
-36
-40
-42
-46
-49
-52
-54
-55
-55
-56
-53
-52
-50
-48
-45
-42
-38
-35
-30
-24
-20
-15
-10
-5
1
8
14
20
27
33
40
46
51
55
59
61
62
65
65
64
65
64
62
61
59
57
55
53
50
48
46
43
41
38
33
29
25
20
14
9
5
0
-5
-8
-11
-14
-14
-17
-18
-18
-18
