SAMPLES:	14163
BITSPERSAMPLE:	16
CHANNELS:	1
SAMPLERATE:	16000
NORMALIZED:	FALSE
22
32
43
49
55
55
54
51
44
42
34
29
24
16
9
-2
-10
-19
-25
-25
-23
-19
-13
-7
-1
3
5
8
11
13
15
15
18
14
11
3
-5
-11
-19
-24
-26
-28
-27
-29
-29
-29
-30
-29
-27
-23
-16
-9
-2
5
11
16
18
21
22
24
27
27
28
25
21
17
11
6
2
-2
-4
-4
-4
-2
-1
1
5
9
13
17
24
28
33
38
40
43
42
43
41
38
35
31
26
20
13
6
-3
-8
-16
-22
-25
-32
-33
-36
-36
-38
-38
-36
-39
-37
-39
-38
-38
-40
-37
-39
-39
-40
-41
-41
-40
-38
-36
-29
-24
-18
-10
-3
4
11
20
26
31
38
40
45
45
44
41
37
33
24
19
8
1
-9
-19
-27
-36
-42
-47
-51
-52
-52
-49
-47
-42
-35
-28
-16
-9
0
11
19
25
31
36
37
38
39
36
33
30
22
17
11
4
1
-4
-7
-10
-10
-13
-13
-14
-15
-13
-13
-10
-9
-6
-5
0
-2
-1
1
-4
-3
-5
-6
-8
-11
-10
-15
-16
-17
-22
-18
-21
-18
-15
-12
-6
-4
3
7
11
16
19
25
28
30
34
32
32
32
27
27
25
21
18
16
12
10
7
7
4
7
8
9
15
15
21
24
26
29
30
33
32
30
30
25
22
16
9
4
-6
-12
-20
-28
-33
-44
-48
-54
-59
-61
-66
-66
-67
-65
-61
-57
-50
-45
-38
-31
-25
-19
-13
-9
-6
-5
-5
-7
-9
-13
-19
-23
-27
-32
-35
-39
-42
-42
-44
-42
-41
-37
-33
-28
-19
-13
-5
4
11
18
24
29
34
39
40
41
40
38
36
33
30
26
23
22
20
22
22
23
27
29
34
38
41
47
49
52
55
57
59
58
58
57
55
53
49
48
43
39
36
29
27
22
19
16
13
11
9
7
7
4
3
2
-2
-3
-7
-10
-14
-19
-22
-28
-33
-36
-42
-44
-48
-49
-48
-49
-46
-46
-42
-38
-35
-29
-26
-20
-15
-12
-6
-4
1
5
6
9
9
10
9
10
10
10
11
12
11
14
14
16
20
19
24
24
25
26
23
24
20
18
16
12
9
3
-1
-5
-11
-14
-18
-23
-23
-26
-23
-22
-22
-17
-13
-5
-1
7
15
22
30
37
40
46
48
51
52
49
49
42
39
33
26
22
12
8
0
-8
-11
-17
-20
-24
-26
-26
-28
-26
-26
-26
-23
-23
-20
-18
-19
-17
-19
-18
-20
-22
-23
-26
-26
-28
-27
-29
-26
-23
-21
-18
-14
-8
-4
5
8
17
22
26
30
31
35
32
34
29
26
23
17
12
4
-3
-11
-17
-24
-26
-31
-33
-34
-33
-31
-32
-26
-25
-17
-14
-9
-5
-3
4
4
7
6
6
6
3
1
-3
-5
-8
-12
-13
-17
-18
-18
-18
-15
-12
-7
-2
0
7
10
14
16
19
21
20
20
17
13
7
0
-7
-14
-20
-28
-32
-37
-41
-44
-46
-44
-44
-41
-38
-32
-26
-20
-12
-6
0
5
11
14
17
18
21
20
17
16
12
10
7
4
3
0
-2
-3
-3
-4
-4
-3
-4
-3
-3
-2
-2
-3
-2
-5
-7
-12
-16
-18
-25
-28
-32
-36
-39
-42
-43
-45
-43
-42
-40
-33
-30
-21
-14
-8
3
9
17
24
30
37
39
44
46
44
45
39
40
35
30
28
21
18
13
9
5
0
-1
-4
-6
-4
-6
-5
-3
-5
-3
-5
-4
-3
-6
-6
-8
-8
-9
-13
-12
-16
-19
-18
-20
-17
-15
-12
-6
-2
6
11
18
25
30
40
45
53
58
60
65
63
65
61
57
54
48
42
34
26
18
9
0
-8
-17
-23
-29
-33
-38
-42
-42
-44
-43
-43
-40
-39
-35
-32
-29
-22
-21
-16
-11
-10
-3
-1
3
8
10
16
17
22
26
29
34
35
41
41
44
46
46
48
45
44
42
38
35
27
24
16
8
4
-7
-11
-18
-25
-30
-34
-37
-39
-38
-40
-37
-35
-32
-26
-23
-18
-12
-8
0
3
9
13
15
22
22
27
27
28
32
32
33
32
34
31
31
32
28
31
26
24
22
16
15
9
4
0
-7
-11
-17
-22
-26
-32
-33
-38
-41
-42
-43
-43
-41
-40
-37
-33
-30
-27
-21
-17
-14
-7
-4
2
8
9
14
17
18
23
24
26
28
29
31
30
30
30
27
27
22
18
16
8
5
0
-8
-12
-19
-26
-30
-35
-38
-41
-41
-40
-41
-36
-36
-30
-24
-21
-11
-9
0
5
8
16
17
24
26
27
32
28
28
25
20
19
11
9
2
-2
-8
-14
-16
-23
-25
-30
-33
-34
-36
-35
-35
-36
-34
-37
-35
-32
-32
-30
-30
-27
-27
-24
-23
-21
-19
-18
-13
-13
-8
-6
-4
2
5
9
15
16
23
25
28
33
32
35
32
31
28
24
21
15
10
4
-3
-7
-14
-19
-23
-28
-28
-32
-30
-31
-31
-26
-26
-19
-16
-13
-5
-2
4
9
11
17
17
19
19
18
19
16
18
14
14
11
9
7
5
5
3
2
3
1
3
2
-1
2
-3
-1
-1
-3
-4
-6
-6
-9
-10
-12
-13
-14
-15
-15
-14
-14
-11
-10
-5
-1
2
8
10
18
21
26
30
32
36
38
39
39
39
38
35
33
29
23
23
13
12
7
2
0
-5
-5
-8
-8
-8
-9
-8
-8
-6
-3
-5
1
0
2
4
2
5
2
2
-1
-1
-2
-5
-3
-6
-8
-6
-8
-5
-6
-7
-4
-7
-1
-3
0
-1
-3
-1
-4
-3
-4
-7
-8
-12
-15
-15
-21
-18
-24
-22
-25
-25
-22
-24
-17
-19
-14
-11
-8
-1
1
5
11
11
21
20
26
28
27
32
29
34
32
33
33
31
33
32
31
33
29
30
29
28
33
25
31
22
24
22
18
20
13
14
8
7
4
3
-1
-1
-6
-5
-8
-6
-6
-9
-8
-13
-7
-13
-8
-10
-15
-13
-18
-16
-19
-22
-23
-26
-26
-27
-28
-24
-29
-25
-26
-21
-15
-14
-6
-7
0
3
8
13
14
16
17
15
19
13
12
8
-1
-1
-11
-8
-17
-19
-23
-26
-24
-28
-23
-22
-19
-15
-9
-5
4
6
15
15
21
24
23
28
21
23
15
12
7
0
-5
-15
-19
-25
-28
-31
-34
-33
-34
-33
-27
-26
-17
-15
-9
-2
0
8
8
14
14
15
18
16
17
12
9
8
-1
-1
-6
-11
-10
-14
-12
-15
-12
-12
-9
-5
-5
2
4
7
9
9
10
8
7
5
1
1
-3
-5
-6
-13
-12
-20
-20
-20
-22
-18
-16
-9
-7
-2
5
7
13
18
22
30
32
36
35
32
29
22
18
9
4
-2
-7
-12
-20
-26
-34
-39
-44
-48
-48
-48
-44
-39
-38
-34
-33
-31
-25
-23
-14
-9
-2
2
5
7
4
3
2
-1
2
4
5
9
7
10
9
10
12
15
20
25
33
36
39
39
38
37
37
37
39
38
37
33
28
21
9
4
-7
-12
-17
-21
-23
-30
-34
-40
-45
-47
-48
-47
-42
-41
-33
-34
-30
-31
-32
-28
-29
-23
-19
-12
-9
-7
-8
-9
-8
-8
-6
-1
3
9
15
20
28
27
34
37
45
53
57
64
63
64
57
53
47
42
36
32
25
20
14
7
1
-8
-9
-15
-13
-16
-12
-11
-12
-10
-11
-6
-7
-1
1
6
10
14
15
20
20
22
22
23
26
24
28
23
27
23
24
26
25
30
30
34
35
36
35
34
30
30
26
26
21
18
13
6
5
-3
0
-5
-4
-4
-5
-2
-4
-4
-6
-8
-8
-8
-9
-6
-10
-6
-11
-9
-9
-9
-2
-5
3
3
6
7
6
5
3
2
3
0
0
-1
-3
-2
-6
-5
-9
-11
-13
-15
-17
-22
-25
-30
-35
-40
-43
-47
-48
-48
-46
-48
-44
-42
-39
-36
-33
-28
-27
-20
-19
-15
-9
-6
-4
2
6
8
12
14
16
17
21
20
22
20
19
16
14
11
8
8
4
6
3
4
4
3
6
6
11
12
15
18
18
21
19
18
17
12
10
6
0
-4
-12
-15
-24
-26
-28
-34
-30
-33
-29
-25
-21
-16
-12
-6
-2
2
10
7
12
11
8
9
2
4
-6
-9
-16
-25
-30
-39
-46
-54
-64
-69
-80
-85
-90
-96
-92
-93
-84
-81
-73
-66
-59
-48
-41
-32
-19
-13
-5
3
7
13
14
22
22
30
37
42
48
51
52
54
53
55
52
52
53
49
51
46
44
40
37
34
30
29
27
23
24
17
16
12
9
5
6
8
8
14
19
23
28
33
37
42
43
48
44
44
39
35
31
25
18
11
3
-3
-11
-16
-19
-29
-30
-36
-36
-39
-39
-40
-39
-37
-36
-35
-30
-27
-24
-18
-17
-12
-14
-13
-18
-21
-24
-28
-27
-25
-24
-21
-20
-20
-21
-20
-15
-11
0
8
17
23
26
24
22
22
23
24
28
31
31
27
19
8
-2
-10
-14
-15
-12
-11
-14
-16
-24
-30
-33
-32
-29
-22
-17
-11
-9
-9
-14
-15
-17
-17
-11
-7
0
2
4
2
2
3
4
9
16
21
29
32
35
37
33
33
28
26
26
23
23
18
14
7
-2
-7
-16
-19
-22
-23
-22
-20
-20
-21
-22
-24
-26
-24
-20
-17
-7
-1
8
10
14
14
16
23
29
42
51
59
63
62
58
52
48
45
42
45
45
42
36
25
15
1
-7
-12
-14
-11
-9
-9
-9
-16
-21
-26
-28
-26
-22
-14
-7
-4
-3
-6
-10
-14
-15
-11
-10
-5
-2
-2
-6
-7
-13
-19
-21
-21
-21
-16
-13
-12
-11
-11
-13
-16
-14
-14
-12
-4
2
7
14
19
18
15
15
12
12
18
20
25
29
32
27
23
21
12
13
16
17
23
28
28
24
21
17
5
3
4
1
8
10
13
9
8
-1
-14
-17
-20
-23
-14
-7
-8
-8
-9
-18
-30
-27
-30
-29
-17
-7
-5
0
-1
-10
-16
-16
-17
-17
-4
-2
0
1
2
-13
-19
-24
-34
-35
-30
-30
-31
-26
-34
-45
-51
-55
-65
-57
-51
-49
-42
-34
-38
-45
-45
-49
-54
-48
-43
-42
-33
-31
-33
-37
-34
-37
-36
-23
-16
-7
7
19
23
31
38
41
47
61
67
75
88
91
89
89
84
71
63
57
47
40
38
28
14
5
-9
-24
-30
-30
-35
-31
-23
-23
-20
-15
-15
-15
-8
-3
-2
7
17
18
24
27
23
16
19
13
10
16
20
19
21
21
14
12
11
7
7
14
18
19
24
24
15
15
12
6
6
6
4
3
4
1
-2
-7
-12
-20
-18
-19
-21
-18
-14
-17
-18
-16
-22
-21
-21
-19
-12
-5
3
9
12
17
15
19
22
26
32
38
44
45
48
45
43
41
36
33
33
27
28
25
21
18
10
4
-6
-9
-15
-18
-18
-19
-22
-22
-25
-30
-33
-33
-32
-30
-20
-21
-15
-11
-12
-9
-5
-2
0
6
12
15
23
29
30
31
30
28
22
24
22
18
22
16
9
2
-8
-17
-24
-28
-32
-36
-36
-38
-41
-43
-47
-49
-51
-46
-44
-38
-30
-26
-18
-15
-9
-7
-4
1
7
13
21
29
32
35
34
32
30
30
28
27
30
30
30
26
24
14
8
7
2
-1
1
-2
-4
-5
-7
-14
-18
-18
-24
-21
-19
-16
-14
-11
-10
-12
-13
-16
-22
-23
-21
-20
-17
-16
-15
-21
-20
-24
-22
-22
-16
-10
-5
6
10
16
18
22
24
29
35
40
47
53
53
56
52
50
42
36
32
26
26
23
21
14
9
2
-6
-10
-10
-11
-5
0
5
11
18
21
20
27
26
30
35
40
42
42
43
31
28
18
10
0
-5
-11
-19
-22
-31
-40
-48
-58
-66
-71
-71
-71
-71
-66
-69
-66
-66
-66
-66
-63
-59
-56
-48
-42
-37
-34
-33
-32
-30
-26
-22
-18
-8
-5
5
9
13
16
18
23
23
33
35
42
47
48
48
44
42
38
33
34
30
26
25
18
15
8
4
-1
-5
-5
-5
-1
2
7
10
10
13
11
14
15
18
21
24
29
26
27
20
15
7
6
4
1
2
1
-2
-6
-7
-14
-17
-19
-18
-17
-10
-8
-4
-5
-5
-10
-15
-13
-19
-15
-12
-12
-16
-18
-25
-34
-41
-47
-51
-53
-51
-51
-51
-48
-52
-52
-52
-53
-47
-40
-27
-19
-6
2
6
13
17
23
27
39
44
55
59
64
63
59
59
51
52
50
54
55
60
57
58
54
48
44
42
44
47
53
53
57
50
48
39
36
30
26
27
23
23
21
18
8
2
-8
-16
-18
-15
-16
-11
-9
-14
-17
-20
-27
-29
-28
-26
-26
-23
-24
-34
-38
-49
-62
-69
-73
-81
-83
-84
-88
-92
-93
-99
-107
-105
-103
-102
-90
-83
-78
-68
-61
-59
-55
-47
-45
-36
-23
-14
-7
4
7
6
11
16
17
26
40
45
57
71
79
82
96
100
108
122
130
138
146
154
153
158
159
150
145
141
132
129
128
120
113
105
98
85
82
75
67
62
57
51
43
37
27
17
2
-10
-29
-43
-63
-75
-94
-107
-114
-123
-136
-143
-159
-179
-188
-200
-205
-210
-214
-231
-239
-254
-268
-279
-291
-310
-332
-348
-364
-372
-376
-381
-385
-388
-393
-383
-367
-339
-320
-283
-249
-201
-130
-62
11
97
179
261
379
499
599
672
716
706
688
675
663
657
656
638
609
588
573
561
543
529
509
505
525
570
623
671
693
688
666
619
561
511
458
396
350
294
213
136
46
-62
-147
-214
-280
-318
-327
-329
-335
-360
-402
-453
-519
-587
-652
-717
-773
-829
-913
-996
-1084
-1246
-1418
-1545
-1637
-1676
-1669
-1657
-1620
-1552
-1509
-1487
-1471
-1435
-1326
-1043
-492
261
935
1378
1544
1412
1177
1071
1056
1099
1201
1145
952
851
800
645
444
164
-192
-410
-362
-119
273
678
883
907
911
946
1006
1128
1242
1299
1332
1336
1277
1213
1080
772
380
10
-309
-500
-552
-564
-557
-566
-648
-743
-759
-717
-656
-574
-472
-347
-204
-50
75
140
109
-12
-191
-323
-393
-433
-461
-487
-526
-560
-595
-626
-635
-626
-621
-585
-479
-321
-138
42
189
308
404
455
484
517
533
527
510
480
446
393
306
198
105
11
-73
-129
-144
-141
-117
-81
-36
3
50
70
81
103
132
149
167
180
172
148
105
55
2
-55
-113
-172
-225
-268
-306
-335
-347
-347
-324
-306
-307
-308
-307
-313
-281
-211
-139
-63
-5
9
10
11
-8
-20
-20
-10
15
52
79
98
83
41
-5
-36
-48
-25
16
67
120
172
195
200
189
168
150
154
181
221
273
313
329
330
308
255
192
120
46
-18
-71
-105
-123
-126
-130
-150
-181
-216
-254
-259
-224
-162
-81
4
62
113
153
159
158
151
125
112
131
141
146
138
90
11
-60
-125
-175
-194
-190
-182
-161
-126
-95
-61
-22
8
36
82
130
186
251
302
322
318
288
225
160
86
1
-71
-123
-161
-177
-180
-185
-192
-200
-200
-173
-123
-71
-15
32
71
118
158
184
193
183
143
93
48
2
-46
-98
-157
-210
-247
-273
-284
-280
-260
-232
-193
-144
-89
-29
21
49
90
133
162
189
216
226
218
203
169
146
125
92
54
24
4
-1
2
21
54
71
63
55
58
59
63
61
60
62
64
57
57
58
44
5
-35
-62
-80
-94
-97
-80
-64
-49
-52
-67
-80
-93
-116
-124
-109
-99
-102
-100
-92
-84
-73
-78
-100
-119
-137
-163
-174
-157
-138
-122
-97
-58
-27
-2
4
-4
-12
-12
-5
17
53
91
108
95
84
63
40
36
50
64
86
96
101
110
117
105
88
63
36
33
40
53
69
70
50
46
55
65
73
73
67
70
106
158
215
251
244
214
169
141
137
131
121
108
77
45
25
5
-20
-49
-69
-100
-109
-87
-69
-43
-11
-14
-26
-43
-75
-99
-117
-115
-100
-78
-43
-17
-18
-33
-76
-125
-156
-171
-167
-145
-112
-91
-71
-64
-76
-90
-123
-155
-153
-128
-86
-34
13
34
36
31
8
-22
-38
-65
-77
-63
-32
1
11
3
-23
-66
-82
-73
-57
-20
3
18
39
65
91
105
113
107
99
109
138
180
221
233
225
200
171
158
137
118
98
58
20
-3
-23
-35
-39
-54
-72
-80
-87
-85
-73
-70
-68
-69
-69
-54
-38
-20
1
5
15
23
22
19
-9
-51
-95
-128
-140
-130
-110
-96
-96
-96
-93
-81
-61
-46
-40
-37
-28
-2
31
67
80
61
31
2
-26
-35
-35
-43
-60
-88
-118
-143
-153
-165
-175
-183
-188
-181
-156
-121
-92
-83
-91
-118
-142
-154
-166
-171
-189
-235
-300
-366
-427
-481
-519
-553
-592
-625
-644
-651
-616
-547
-476
-395
-305
-219
-117
8
129
243
339
404
455
527
606
676
732
752
738
721
714
718
725
715
677
629
615
626
654
687
709
708
711
735
778
832
880
888
862
837
812
802
788
755
685
593
491
406
339
280
217
153
90
42
23
6
-9
-29
-61
-114
-152
-189
-226
-258
-288
-336
-388
-446
-499
-538
-554
-571
-592
-625
-668
-700
-709
-691
-665
-638
-633
-630
-624
-613
-615
-631
-667
-705
-725
-718
-703
-702
-732
-796
-858
-909
-958
-1013
-1060
-1091
-1095
-1092
-1105
-1144
-1192
-1246
-1295
-1367
-1477
-1597
-1664
-1523
-1050
-328
438
1047
1350
1386
1357
1414
1544
1704
1773
1666
1485
1436
1546
1707
1756
1553
1088
561
182
39
100
256
345
306
265
321
480
656
776
749
600
459
440
568
822
1060
1144
1054
872
694
556
471
382
217
-3
-215
-348
-344
-258
-213
-291
-476
-689
-833
-858
-776
-672
-600
-569
-531
-433
-269
-101
-28
-74
-183
-280
-293
-190
-57
36
41
-45
-163
-233
-241
-225
-229
-258
-296
-296
-217
-89
45
126
123
57
-8
1
73
164
247
277
275
261
252
262
266
230
149
39
-28
-33
9
59
77
47
-41
-139
-193
-191
-149
-103
-98
-99
-73
-16
55
117
139
104
34
-12
-17
20
56
54
16
-25
-63
-86
-88
-94
-123
-185
-258
-330
-352
-340
-318
-295
-296
-346
-407
-440
-437
-402
-363
-347
-351
-327
-291
-260
-243
-276
-376
-512
-635
-715
-760
-775
-802
-859
-928
-1007
-1092
-1154
-1192
-1237
-1331
-1475
-1627
-1719
-1617
-1248
-649
30
637
1049
1259
1388
1519
1648
1752
1800
1764
1690
1687
1768
1839
1818
1621
1246
825
502
325
286
336
376
346
314
328
399
501
568
556
489
440
472
612
836
1041
1137
1092
958
837
742
676
611
509
368
225
125
62
23
-40
-189
-374
-528
-625
-641
-591
-527
-490
-476
-479
-480
-435
-374
-327
-265
-179
-65
86
252
365
399
349
204
19
-118
-211
-266
-279
-279
-288
-275
-231
-201
-171
-141
-150
-157
-121
-42
72
203
309
357
367
337
292
253
215
159
71
-55
-170
-248
-285
-304
-332
-386
-480
-566
-609
-607
-573
-562
-606
-677
-734
-757
-770
-789
-833
-905
-989
-1066
-1113
-1162
-1246
-1346
-1443
-1484
-1473
-1480
-1543
-1666
-1821
-1970
-2077
-2160
-2244
-2298
-2249
-1909
-1114
-20
1038
1780
2055
1955
1809
1854
2055
2330
2513
2420
2203
2112
2159
2200
2079
1651
969
338
-22
-52
228
605
812
799
686
633
722
909
1050
1068
1000
917
962
1194
1507
1726
1692
1395
986
661
493
425
390
289
88
-123
-257
-279
-239
-251
-394
-638
-838
-904
-816
-600
-379
-240
-211
-256
-301
-294
-258
-262
-325
-407
-473
-461
-372
-271
-215
-245
-357
-490
-549
-506
-399
-257
-135
-55
22
110
226
340
405
384
294
191
149
203
306
381
384
304
178
78
26
-8
-51
-110
-196
-254
-231
-156
-80
-51
-99
-215
-338
-409
-414
-359
-279
-228
-209
-206
-200
-182
-175
-205
-279
-403
-549
-663
-698
-685
-673
-705
-826
-1008
-1174
-1289
-1356
-1377
-1388
-1418
-1439
-1388
-1272
-1142
-1050
-1051
-1177
-1378
-1572
-1697
-1746
-1743
-1750
-1790
-1707
-1296
-525
429
1304
1833
1929
1818
1802
1993
2355
2709
2816
2670
2486
2427
2467
2492
2319
1837
1173
586
250
227
425
595
562
359
147
59
164
366
511
530
477
469
625
950
1286
1453
1374
1097
786
591
539
544
507
350
92
-160
-309
-365
-389
-496
-734
-1018
-1219
-1244
-1089
-839
-635
-547
-554
-584
-531
-348
-117
79
181
194
182
213
291
354
356
244
46
-123
-187
-142
-28
60
80
67
72
109
190
296
359
361
328
292
294
346
407
428
390
299
172
56
-18
-50
-68
-110
-159
-190
-182
-144
-116
-137
-242
-396
-547
-643
-636
-536
-426
-350
-325
-336
-361
-367
-357
-366
-392
-451
-545
-641
-719
-783
-858
-944
-1055
-1182
-1299
-1390
-1417
-1367
-1313
-1324
-1428
-1568
-1670
-1703
-1683
-1689
-1751
-1871
-2018
-2137
-2194
-2190
-2137
-1951
-1470
-626
453
1492
2222
2559
2603
2578
2630
2801
3031
3176
3165
3059
2976
2917
2783
2449
1872
1159
506
70
-67
48
251
366
319
204
129
161
272
380
446
479
552
720
987
1299
1511
1500
1284
980
710
543
480
424
306
134
-64
-240
-343
-409
-534
-768
-1063
-1314
-1419
-1330
-1117
-901
-755
-694
-676
-629
-500
-315
-135
-6
85
184
321
494
637
688
621
449
219
35
-48
-46
-5
25
32
46
97
175
249
288
277
240
251
361
544
741
855
852
744
577
411
283
200
121
31
-74
-154
-174
-163
-177
-245
-387
-578
-737
-797
-737
-604
-452
-360
-340
-350
-363
-370
-365
-369
-411
-486
-541
-544
-525
-539
-634
-806
-1012
-1173
-1276
-1329
-1342
-1342
-1377
-1447
-1506
-1534
-1531
-1522
-1549
-1628
-1701
-1717
-1682
-1637
-1624
-1678
-1768
-1793
-1710
-1533
-1297
-950
-394
391
1288
2085
2609
2849
2968
3078
3209
3342
3414
3324
3083
2802
2509
2208
1855
1405
858
338
-46
-293
-346
-241
-97
-13
9
42
136
343
577
763
893
980
1067
1152
1277
1390
1413
1308
1084
832
602
434
284
100
-107
-335
-559
-756
-880
-967
-1065
-1157
-1222
-1205
-1073
-850
-624
-421
-247
-128
-27
92
225
335
420
454
466
504
547
555
499
395
232
74
-47
-121
-124
-93
-62
-42
1
63
149
244
312
339
351
364
398
473
537
559
511
400
246
97
-15
-119
-177
-233
-300
-364
-400
-405
-399
-365
-368
-390
-405
-391
-342
-252
-134
-64
-44
-58
-95
-128
-151
-203
-294
-398
-493
-563
-597
-614
-670
-774
-902
-1012
-1065
-1081
-1103
-1157
-1246
-1355
-1461
-1527
-1532
-1480
-1414
-1420
-1480
-1567
-1657
-1716
-1720
-1647
-1546
-1410
-1294
-1217
-1138
-1094
-1113
-1094
-792
-139
775
1745
2464
2810
2886
2860
2801
2792
2816
2720
2489
2260
2123
2037
1931
1650
1125
499
-20
-315
-331
-76
259
491
595
661
769
940
1112
1166
1118
1066
1088
1192
1355
1495
1479
1261
908
532
233
33
-123
-285
-464
-635
-767
-825
-809
-758
-717
-730
-759
-717
-561
-331
-81
139
273
329
364
401
450
497
487
393
279
205
178
184
181
133
16
-134
-272
-354
-362
-320
-256
-185
-93
11
108
170
186
168
116
69
49
52
61
62
33
-18
-76
-151
-233
-312
-368
-377
-317
-199
-57
71
128
92
2
-100
-172
-190
-147
-87
-43
-26
-57
-108
-176
-254
-339
-424
-482
-491
-433
-329
-214
-155
-231
-426
-681
-922
-1087
-1167
-1189
-1209
-1241
-1298
-1368
-1390
-1380
-1393
-1452
-1554
-1660
-1724
-1721
-1652
-1519
-1399
-1407
-1497
-1525
-1411
-1192
-1032
-1080
-1166
-953
-296
677
1734
2540
2840
2778
2586
2466
2542
2705
2718
2486
2217
1990
1840
1753
1565
1205
673
153
-184
-156
198
586
832
853
789
796
915
1093
1253
1339
1290
1205
1190
1235
1289
1228
943
512
115
-166
-308
-327
-306
-346
-450
-559
-618
-565
-474
-434
-432
-434
-354
-169
90
317
494
589
538
465
431
424
406
350
231
56
-76
-173
-244
-273
-313
-396
-507
-580
-572
-488
-369
-275
-188
-117
-38
97
245
357
414
393
304
244
253
262
252
241
171
64
-42
-126
-194
-237
-275
-327
-307
-212
-77
43
69
6
-77
-123
-138
-75
44
142
208
252
244
188
120
12
-120
-212
-243
-272
-327
-397
-509
-661
-865
-1105
-1338
-1513
-1583
-1574
-1514
-1460
-1453
-1495
-1569
-1582
-1553
-1552
-1615
-1670
-1652
-1650
-1677
-1711
-1738
-1771
-1797
-1845
-1962
-2022
-2015
-2023
-1877
-1234
-98
1192
2311
2996
3153
3055
2997
3016
3095
3188
3116
2808
2528
2398
2274
1954
1365
612
-43
-333
-232
159
653
1048
1187
1112
1038
1113
1297
1459
1547
1570
1579
1607
1630
1583
1398
1020
477
-47
-349
-416
-354
-290
-318
-419
-535
-630
-708
-709
-654
-614
-533
-375
-137
106
283
310
209
93
-16
-70
-39
54
130
131
57
-74
-205
-308
-411
-497
-552
-575
-550
-461
-311
-155
-38
-5
-41
-57
-14
102
270
424
521
549
511
461
426
386
298
191
107
54
55
44
-9
-98
-180
-223
-202
-72
113
248
300
265
194
144
114
94
77
106
132
157
178
138
40
-131
-304
-420
-442
-407
-399
-430
-501
-612
-775
-1020
-1301
-1553
-1732
-1806
-1758
-1622
-1508
-1417
-1347
-1340
-1355
-1347
-1385
-1474
-1505
-1503
-1555
-1616
-1626
-1713
-1875
-1952
-1889
-1739
-1555
-1388
-1445
-1599
-1390
-599
630
1973
3079
3513
3347
3111
3029
3040
3111
3126
2815
2336
2075
1958
1794
1532
1018
249
-385
-557
-345
140
751
1146
1209
1125
1088
1171
1382
1595
1654
1596
1541
1522
1507
1437
1202
742
131
-407
-701
-748
-656
-592
-650
-807
-929
-973
-930
-765
-570
-447
-353
-191
40
308
545
638
580
485
400
366
392
411
355
197
0
-186
-291
-365
-441
-482
-519
-538
-490
-381
-275
-152
-38
5
49
166
275
368
495
588
603
585
515
368
250
168
70
-3
-16
-40
-77
-104
-174
-276
-363
-428
-444
-313
-93
106
277
393
413
367
310
219
171
193
205
159
81
-13
-119
-206
-279
-350
-442
-557
-691
-808
-879
-914
-977
-1108
-1270
-1400
-1487
-1538
-1504
-1421
-1328
-1244
-1185
-1181
-1171
-1134
-1176
-1295
-1439
-1565
-1613
-1521
-1351
-1210
-1165
-1270
-1493
-1667
-1693
-1653
-1631
-1640
-1551
-1105
-120
1160
2353
3165
3388
3145
2864
2785
2870
3051
3126
2909
2529
2195
1853
1423
907
297
-315
-635
-495
-60
531
1068
1268
1157
1021
1001
1130
1405
1658
1734
1683
1572
1395
1169
871
458
-95
-604
-882
-903
-743
-540
-431
-540
-733
-853
-857
-693
-357
-22
180
347
545
693
786
846
748
522
344
244
197
265
309
151
-120
-400
-646
-769
-754
-721
-665
-582
-504
-402
-230
-54
70
167
205
232
294
395
491
562
598
534
419
312
218
132
61
-41
-177
-263
-275
-238
-174
-139
-152
-179
-170
-76
62
184
287
371
388
399
440
417
336
265
193
95
62
48
-25
-130
-257
-453
-688
-843
-946
-1033
-1054
-982
-904
-864
-871
-977
-1134
-1254
-1304
-1310
-1221
-1039
-856
-785
-806
-872
-1091
-1407
-1651
-1734
-1667
-1481
-1337
-1469
-1715
-1836
-1952
-2048
-1955
-1791
-1793
-1778
-1664
-1485
-840
353
1696
2774
3510
3744
3498
3309
3274
3211
3086
2928
2570
2074
1703
1296
782
227
-322
-777
-905
-566
14
641
1147
1413
1472
1466
1512
1613
1773
1904
1938
1860
1725
1537
1212
762
221
-292
-671
-837
-812
-686
-532
-458
-459
-489
-467
-370
-189
45
269
523
751
912
1024
1048
932
721
476
240
72
-37
-134
-292
-498
-714
-933
-1103
-1173
-1162
-1103
-977
-817
-615
-412
-271
-142
-46
49
196
345
449
524
578
574
522
408
300
251
234
248
240
167
22
-121
-233
-328
-343
-255
-191
-165
-50
79
186
339
485
552
645
751
748
698
628
510
356
199
-3
-223
-399
-572
-707
-798
-895
-1001
-1044
-1008
-914
-775
-705
-731
-835
-1002
-1171
-1254
-1229
-1173
-1035
-895
-890
-950
-1012
-1163
-1354
-1418
-1491
-1612
-1681
-1634
-1513
-1518
-1592
-1665
-1869
-2086
-1994
-1847
-1794
-1507
-1301
-1372
-1196
-381
837
2122
3241
3694
3446
3136
3129
3096
3095
3194
2857
2231
1723
1244
812
514
104
-397
-651
-583
-131
526
1146
1575
1688
1592
1559
1680
1915
2219
2303
2145
1887
1499
1038
583
126
-336
-736
-1020
-1081
-959
-805
-647
-629
-725
-695
-540
-265
172
622
899
1053
1087
1051
997
852
677
431
119
-89
-205
-316
-408
-613
-1001
-1322
-1492
-1502
-1304
-1024
-783
-573
-407
-282
-141
26
187
307
400
508
616
727
880
1040
1139
1105
864
483
108
-173
-299
-327
-332
-296
-265
-282
-282
-257
-248
-199
-68
108
354
648
874
919
842
683
463
275
159
68
-32
-114
-230
-373
-504
-591
-654
-757
-836
-871
-886
-857
-771
-685
-618
-603
-695
-880
-1040
-1150
-1212
-1270
-1330
-1380
-1364
-1222
-1143
-1159
-1216
-1441
-1683
-1654
-1558
-1591
-1518
-1401
-1345
-1215
-1110
-1122
-1163
-1233
-1362
-1473
-1465
-1245
-993
-925
-635
237
1488
2673
3430
3628
3392
3062
2877
2765
2636
2684
2604
1980
1410
1132
673
272
57
-378
-588
-230
222
776
1431
1758
1760
1639
1518
1626
1794
1884
1968
1760
1378
1045
580
114
-185
-558
-911
-1000
-1035
-927
-683
-562
-471
-375
-281
-67
269
627
945
1076
1079
1078
922
742
594
261
-102
-323
-593
-831
-889
-1011
-1187
-1272
-1314
-1252
-1032
-739
-422
-150
38
223
295
303
406
484
511
611
663
612
630
581
411
224
58
-39
-57
-5
62
49
-24
-29
-110
-221
-179
-183
-199
-74
92
247
512
703
723
698
549
389
254
144
88
13
-90
-195
-312
-481
-601
-754
-931
-996
-1025
-979
-829
-688
-587
-507
-522
-598
-689
-822
-877
-869
-900
-883
-826
-789
-722
-790
-1055
-1260
-1398
-1536
-1562
-1506
-1418
-1295
-1361
-1507
-1512
-1405
-1243
-1262
-1375
-1336
-1224
-1190
-1096
-1065
-1200
-1183
-1075
-462
921
2352
3299
3590
3345
3016
2815
2561
2408
2368
2182
1931
1508
1084
897
611
119
-370
-716
-647
-89
578
1234
1764
1949
1884
1679
1562
1688
1807
1830
1740
1403
1033
777
393
-49
-374
-755
-1060
-1091
-954
-658
-323
-107
-34
-33
91
363
612
830
1053
1095
1045
1032
865
618
361
-36
-472
-790
-952
-996
-994
-1012
-1029
-1074
-1043
-849
-663
-443
-163
-9
84
231
342
459
634
694
602
451
273
123
85
83
57
42
12
-74
-194
-228
-249
-280
-231
-172
-101
70
251
308
369
415
357
300
245
227
277
321
326
271
139
-21
-148
-290
-400
-446
-505
-551
-540
-463
-394
-365
-384
-477
-552
-524
-451
-394
-405
-543
-794
-1076
-1248
-1275
-1235
-1137
-1025
-1034
-1125
-1152
-1221
-1348
-1380
-1394
-1464
-1362
-1118
-1095
-1158
-1131
-1223
-1352
-1374
-1506
-1680
-1635
-1499
-1325
-1144
-1053
-849
-371
464
1472
2320
2878
3076
2989
2798
2614
2486
2562
2562
2182
1735
1307
932
730
521
167
-115
-162
-15
335
842
1374
1711
1794
1783
1717
1703
1821
1871
1750
1569
1314
942
590
281
-32
-357
-655
-873
-992
-924
-706
-501
-379
-256
-95
39
200
432
606
668
715
719
638
602
538
281
-72
-406
-692
-929
-1092
-1148
-1147
-1131
-1085
-1019
-951
-788
-581
-389
-220
-69
115
256
328
403
471
420
353
322
231
167
176
137
-11
-94
-141
-171
-86
64
146
145
135
57
12
36
100
188
215
226
221
216
218
249
298
282
253
217
151
79
74
42
-65
-145
-232
-297
-311
-284
-300
-372
-458
-531
-577
-594
-538
-569
-707
-900
-1089
-1213
-1251
-1220
-1198
-1145
-1084
-1055
-1062
-1052
-1089
-1141
-1096
-1035
-1002
-998
-1037
-1166
-1196
-1157
-1214
-1272
-1250
-1245
-1286
-1196
-1063
-965
-926
-886
-590
18
778
1535
2124
2419
2551
2558
2391
2253
2312
2400
2257
2019
1842
1607
1337
1073
697
288
113
102
184
422
730
1028
1172
1179
1173
1170
1170
1220
1236
1162
1096
983
779
530
264
-5
-259
-478
-623
-655
-624
-546
-448
-375
-315
-232
-117
-14
87
240
390
447
445
438
338
166
27
-160
-405
-541
-632
-775
-834
-809
-810
-805
-731
-657
-578
-440
-259
-88
50
186
292
336
364
409
413
379
356
290
191
122
51
-67
-138
-176
-204
-158
-78
-9
57
73
13
-37
-41
-21
58
178
240
258
286
285
255
251
245
188
156
156
138
111
76
31
-40
-118
-179
-217
-216
-184
-134
-124
-142
-147
-168
-234
-341
-427
-511
-569
-577
-563
-581
-642
-677
-757
-846
-860
-841
-838
-855
-873
-919
-959
-964
-950
-977
-1022
-1020
-1080
-1172
-1205
-1301
-1401
-1410
-1398
-1300
-1082
-909
-799
-734
-755
-666
-314
191
765
1331
1734
1946
2039
2091
2119
2139
2187
2178
2038
1849
1705
1577
1444
1298
1062
736
484
365
347
457
604
675
618
486
352
277
307
411
515
555
567
539
490
484
447
377
311
221
114
93
176
259
293
272
210
86
-6
-29
-61
-74
-63
-112
-226
-293
-308
-301
-292
-286
-262
-258
-247
-200
-143
-86
-25
-14
-36
-35
-23
9
30
-1
-49
-85
-144
-209
-254
-296
-316
-293
-249
-217
-168
-116
-91
-91
-110
-114
-87
-52
-51
-46
-36
-38
-45
-66
-75
-74
-64
-65
-71
-68
-50
-38
-68
-104
-124
-108
-96
-71
-15
12
38
82
118
141
207
251
227
193
158
97
12
-79
-183
-284
-359
-438
-563
-684
-789
-908
-1005
-1061
-1092
-1074
-1002
-958
-944
-943
-992
-1029
-1025
-989
-981
-1046
-1115
-1166
-1208
-1206
-1135
-1087
-1023
-928
-917
-911
-822
-641
-407
-137
146
425
720
988
1219
1403
1590
1798
1968
2101
2167
2198
2202
2160
2058
1935
1846
1761
1671
1563
1436
1305
1158
977
749
513
314
172
59
-37
-77
-105
-165
-237
-324
-409
-450
-438
-394
-306
-171
-32
90
171
212
226
223
211
198
185
169
138
100
59
5
-60
-122
-198
-298
-375
-409
-408
-407
-407
-412
-440
-477
-501
-525
-537
-513
-493
-509
-516
-503
-486
-461
-453
-452
-460
-444
-389
-319
-232
-151
-98
-90
-80
-73
-62
-22
8
13
28
64
73
86
103
82
58
61
67
80
129
181
212
236
242
228
206
205
230
250
297
334
351
359
361
360
338
301
252
208
151
91
29
-47
-119
-191
-273
-334
-373
-397
-389
-386
-393
-390
-390
-409
-424
-446
-484
-515
-524
-522
-506
-475
-436
-402
-370
-330
-291
-256
-221
-189
-187
-197
-194
-194
-187
-182
-195
-225
-230
-228
-206
-151
-103
-47
9
65
105
135
161
184
210
226
249
263
285
329
348
354
337
307
266
224
200
215
258
308
376
416
437
451
454
453
468
502
525
566
629
679
710
724
716
685
649
606
564
535
518
502
467
440
411
379
351
323
309
305
285
262
262
248
230
195
125
50
-20
-75
-117
-158
-190
-220
-285
-335
-369
-427
-462
-482
-513
-515
-486
-459
-428
-401
-388
-384
-383
-376
-369
-374
-347
-317
-289
-265
-265
-279
-302
-314
-308
-283
-260
-215
-171
-131
-54
18
66
92
97
92
108
146
187
219
220
182
137
103
67
30
2
-41
-100
-145
-187
-230
-259
-279
-321
-353
-360
-339
-301
-248
-205
-196
-200
-214
-230
-250
-268
-280
-298
-313
-308
-298
-285
-272
-272
-288
-284
-260
-235
-218
-216
-241
-276
-288
-304
-335
-343
-339
-336
-306
-260
-229
-185
-131
-81
-24
35
90
142
199
262
304
326
361
412
471
555
624
651
667
657
627
614
640
666
701
744
769
781
797
805
782
760
747
748
761
807
852
860
843
795
726
655
593
526
474
450
424
393
356
307
241
169
103
43
-3
-24
-45
-82
-118
-165
-237
-310
-359
-408
-465
-510
-562
-609
-635
-651
-666
-676
-695
-718
-721
-707
-671
-611
-567
-536
-489
-455
-434
-405
-376
-365
-341
-309
-272
-211
-158
-142
-140
-143
-156
-139
-106
-77
-32
0
23
73
136
179
192
167
151
163
172
187
204
203
204
194
161
138
117
79
39
0
-39
-64
-80
-99
-128
-152
-152
-150
-151
-138
-137
-154
-155
-165
-207
-240
-267
-306
-346
-371
-391
-414
-446
-486
-541
-586
-614
-627
-625
-608
-579
-547
-521
-514
-509
-508
-514
-495
-449
-400
-341
-262
-175
-86
10
98
188
295
410
507
599
688
772
848
922
995
1075
1148
1188
1204
1193
1167
1141
1126
1122
1121
1112
1089
1052
1011
969
917
852
805
764
730
729
736
739
728
681
609
552
488
428
376
309
237
179
116
51
-1
-61
-133
-209
-272
-328
-369
-413
-471
-538
-605
-664
-710
-741
-770
-782
-789
-806
-830
-846
-846
-833
-804
-779
-742
-680
-610
-563
-536
-525
-517
-491
-444
-404
-350
-275
-206
-149
-91
-46
-10
43
96
150
201
247
281
325
361
382
384
356
319
295
277
254
243
237
219
187
143
97
52
24
5
-22
-53
-78
-105
-139
-162
-185
-237
-304
-368
-437
-482
-492
-507
-533
-540
-548
-565
-572
-582
-611
-641
-667
-693
-727
-734
-724
-729
-737
-733
-722
-711
-683
-644
-593
-531
-441
-349
-272
-186
-96
-25
54
156
245
325
416
503
585
673
765
852
936
1027
1095
1140
1183
1240
1279
1317
1356
1382
1397
1418
1445
1447
1445
1421
1380
1329
1302
1279
1243
1192
1113
1011
896
794
680
574
463
363
268
189
120
46
-37
-138
-253
-380
-469
-532
-562
-571
-580
-605
-627
-652
-670
-688
-705
-723
-739
-748
-737
-718
-712
-700
-713
-729
-726
-705
-680
-615
-565
-533
-476
-427
-379
-324
-283
-250
-197
-153
-100
-57
-26
8
28
33
53
72
85
107
104
98
106
120
146
192
214
224
228
210
190
166
132
98
68
21
-16
-45
-68
-96
-137
-198
-261
-306
-334
-345
-334
-327
-344
-381
-427
-466
-501
-534
-568
-589
-606
-624
-654
-677
-695
-714
-739
-772
-794
-799
-782
-763
-749
-738
-712
-669
-609
-528
-451
-388
-336
-273
-195
-90
44
181
312
433
556
666
753
824
878
925
985
1073
1164
1241
1297
1335
1349
1356
1374
1400
1437
1473
1504
1514
1514
1510
1493
1468
1435
1394
1336
1260
1189
1117
1044
964
868
761
655
548
443
331
211
98
-18
-135
-237
-340
-457
-554
-642
-727
-778
-805
-839
-878
-914
-953
-977
-983
-974
-976
-980
-956
-906
-852
-793
-745
-717
-682
-638
-587
-537
-474
-411
-355
-300
-244
-177
-105
-39
16
53
83
110
134
174
201
218
225
211
187
178
176
167
161
149
135
123
120
100
79
55
42
38
42
47
34
16
-13
-57
-110
-151
-191
-228
-263
-300
-345
-382
-405
-429
-455
-485
-522
-568
-601
-618
-626
-628
-621
-636
-663
-681
-697
-706
-707
-713
-712
-699
-675
-645
-617
-577
-535
-492
-444
-389
-338
-279
-209
-147
-86
-5
84
193
312
416
519
596
665
744
823
890
961
1034
1100
1162
1214
1283
1360
1401
1425
1433
1439
1606
1825
1849
1750
1637
1512
1456
1440
1387
1365
1353
1264
1139
1003
853
737
579
389
253
175
143
109
39
-37
-133
-278
-424
-547
-656
-731
-788
-860
-918
-932
-918
-900
-908
-910
-882
-851
-836
-837
-807
-712
-597
-483
-352
-231
-156
-106
-91
-106
-71
4
66
113
149
196
242
225
182
166
149
99
61
43
62
126
148
102
26
-65
-151
-213
-280
-324
-322
-330
-386
-461
-527
-594
-676
-779
-855
-901
-919
-912
-944
-1030
-1098
-1136
-1191
-1249
-1260
-1214
-1138
-1072
-1062
-1098
-1132
-1164
-1223
-1274
-1263
-1200
-1144
-1128
-1154
-1198
-1247
-1263
-1146
-801
-288
174
443
548
596
652
781
1036
1451
1956
2386
2606
2649
2673
2743
2810
2818
2785
2748
2740
2705
2584
2418
2228
1938
1505
1017
604
369
266
166
-8
-280
-595
-941
-1282
-1472
-1447
-1301
-1157
-1068
-1034
-978
-885
-781
-637
-427
-172
98
325
525
764
977
1113
1153
1143
1152
1219
1296
1338
1355
1316
1164
895
604
388
273
210
136
8
-148
-324
-524
-705
-828
-873
-865
-860
-861
-818
-726
-638
-582
-541
-484
-406
-292
-135
58
263
416
457
412
406
473
580
685
754
767
694
553
382
245
163
98
0
-127
-267
-414
-584
-781
-953
-1075
-1139
-1176
-1177
-1145
-1112
-1130
-1226
-1338
-1408
-1393
-1293
-1176
-1050
-922
-896
-998
-1151
-1277
-1296
-1187
-1053
-980
-963
-993
-1082
-1232
-1402
-1492
-1461
-1378
-1321
-1307
-1256
-1166
-1146
-1258
-1394
-1353
-1025
-468
130
605
904
1035
1020
1050
1330
1882
2541
3110
3407
3433
3374
3312
3267
3292
3396
3457
3371
3157
2882
2567
2232
1861
1398
925
596
387
189
-18
-273
-647
-1076
-1439
-1640
-1628
-1426
-1190
-1100
-1118
-1152
-1168
-1099
-858
-505
-162
106
276
388
527
719
875
968
1045
1105
1104
1103
1143
1146
1077
940
734
529
415
366
293
193
61
-147
-358
-502
-576
-589
-568
-556
-586
-595
-547
-474
-374
-222
-58
48
140
266
372
479
586
635
645
664
692
686
653
614
501
319
128
-62
-227
-330
-418
-571
-762
-945
-1124
-1267
-1352
-1379
-1386
-1430
-1467
-1476
-1447
-1358
-1261
-1216
-1224
-1239
-1226
-1159
-1029
-896
-830
-871
-957
-973
-950
-943
-921
-928
-1030
-1165
-1240
-1267
-1263
-1249
-1331
-1521
-1706
-1809
-1821
-1760
-1644
-1526
-1433
-1251
-876
-406
15
350
629
898
1257
1704
2178
2719
3242
3554
3608
3580
3651
3803
3937
3995
3933
3742
3419
2999
2576
2243
1982
1649
1206
744
344
-16
-380
-719
-1033
-1314
-1516
-1654
-1686
-1616
-1537
-1510
-1522
-1473
-1296
-1011
-704
-395
-101
120
290
464
673
950
1207
1339
1382
1404
1408
1351
1251
1146
1069
975
805
602
370
116
-136
-383
-563
-602
-595
-647
-741
-832
-904
-891
-785
-622
-380
-133
16
93
193
347
527
707
886
1032
1113
1131
1094
1022
968
923
789
631
505
359
181
-32
-297
-576
-815
-1017
-1177
-1272
-1336
-1439
-1574
-1719
-1828
-1885
-1879
-1798
-1678
-1547
-1434
-1336
-1269
-1203
-1131
-1085
-1003
-850
-712
-657
-677
-739
-834
-965
-1048
-1043
-1020
-1089
-1261
-1494
-1672
-1652
-1524
-1487
-1498
-1503
-1638
-1809
-1777
-1616
-1421
-1042
-512
-19
423
754
903
997
1256
1708
2244
2853
3459
3789
3750
3618
3576
3587
3710
3903
3951
3824
3581
3160
2631
2167
1789
1389
980
641
338
-16
-408
-812
-1248
-1595
-1756
-1798
-1757
-1636
-1549
-1569
-1583
-1494
-1320
-1039
-651
-296
-46
164
328
442
596
814
1013
1154
1234
1196
1048
893
753
602
491
437
337
167
-17
-228
-447
-596
-676
-701
-643
-559
-534
-523
-475
-423
-329
-148
72
305
523
663
729
800
899
1007
1122
1229
1281
1244
1133
983
819
661
515
346
162
-4
-191
-410
-617
-832
-1067
-1259
-1382
-1429
-1438
-1461
-1521
-1605
-1674
-1711
-1677
-1573
-1417
-1274
-1207
-1190
-1210
-1231
-1194
-1088
-973
-923
-936
-993
-1066
-1114
-1167
-1217
-1231
-1275
-1373
-1451
-1474
-1508
-1549
-1561
-1565
-1575
-1579
-1524
-1386
-1226
-1142
-1184
-1232
-1007
-434
260
835
1188
1290
1266
1371
1704
2235
2883
3402
3578
3505
3403
3382
3421
3457
3417
3274
3068
2827
2593
2341
2020
1593
1068
599
321
189
100
-16
-256
-643
-1012
-1195
-1177
-993
-783
-673
-682
-726
-730
-653
-455
-200
10
145
236
310
379
427
438
404
340
294
291
307
293
193
-10
-269
-484
-602
-617
-566
-568
-687
-861
-1008
-1060
-974
-806
-640
-500
-412
-389
-331
-176
28
245
428
564
697
839
949
1026
1087
1088
1037
1011
999
982
950
827
594
343
125
-50
-127
-176
-302
-503
-721
-900
-1017
-1082
-1082
-1062
-1073
-1095
-1102
-1126
-1130
-1086
-1064
-1044
-968
-905
-890
-860
-854
-900
-961
-997
-989
-933
-908
-959
-1086
-1217
-1281
-1279
-1232
-1164
-1135
-1181
-1234
-1251
-1250
-1196
-1092
-1000
-944
-948
-945
-835
-635
-443
-356
-350
-275
-23
311
613
869
1024
1064
1110
1252
1493
1808
2089
2209
2191
2144
2131
2162
2217
2265
2262
2170
2015
1879
1743
1576
1383
1145
894
723
621
518
426
319
133
-81
-242
-317
-283
-199
-145
-124
-125
-165
-197
-168
-104
-12
66
82
87
103
104
105
93
49
-12
-69
-146
-206
-242
-299
-373
-449
-531
-598
-626
-651
-673
-687
-695
-694
-652
-569
-470
-398
-346
-291
-232
-169
-81
35
151
254
311
322
339
379
428
469
495
496
464
415
379
349
309
270
220
140
53
-40
-130
-207
-271
-343
-410
-462
-498
-509
-520
-544
-568
-598
-605
-549
-468
-388
-329
-305
-323
-327
-300
-252
-208
-179
-179
-196
-241
-304
-364
-416
-447
-470
-510
-574
-635
-695
-776
-860
-932
-1001
-1048
-1056
-1034
-1017
-1008
-1015
-1034
-1033
-1006
-961
-907
-844
-775
-722
-678
-607
-522
-404
-277
-177
-125
-91
-32
32
134
256
361
440
480
503
531
576
650
717
789
858
919
963
1013
1080
1123
1146
1182
1236
1309
1389
1451
1483
1505
1519
1519
1543
1588
1625
1638
1612
1553
1478
1404
1347
1289
1217
1116
998
853
682
519
352
190
53
-79
-212
-350
-496
-653
-803
-916
-1002
-1050
-1065
-1065
-1052
-1045
-1040
-1030
-1005
-960
-888
-817
-747
-674
-610
-567
-521
-474
-439
-410
-375
-344
-314
-297
-304
-328
-352
-358
-339
-308
-268
-250
-275
-306
-322
-310
-268
-213
-163
-124
-94
-78
-59
-25
10
49
118
190
250
301
346
374
380
371
364
370
392
404
368
302
232
156
62
-30
-123
-236
-359
-488
-622
-733
-822
-907
-1011
-1104
-1171
-1215
-1249
-1279
-1318
-1376
-1427
-1432
-1417
-1391
-1363
-1359
-1371
-1359
-1306
-1218
-1098
-979
-911
-879
-839
-746
-613
-446
-265
-117
-5
102
209
336
488
674
850
998
1139
1250
1353
1456
1562
1658
1730
1798
1868
1930
1999
2067
2095
2088
2080
2071
2069
2094
2104
2061
1979
1894
1809
1722
1649
1557
1425
1257
1059
846
659
510
367
191
0
-198
-414
-615
-773
-918
-1054
-1163
-1263
-1347
-1378
-1385
-1389
-1395
-1409
-1426
-1416
-1352
-1269
-1173
-1091
-1038
-999
-950
-882
-789
-691
-609
-561
-537
-522
-499
-463
-409
-355
-332
-313
-288
-263
-232
-194
-165
-145
-110
-48
20
99
171
211
228
247
294
369
464
558
607
619
603
594
593
611
621
615
584
525
429
322
221
124
28
-78
-188
-301
-406
-514
-634
-745
-864
-988
-1103
-1174
-1219
-1267
-1334
-1417
-1505
-1572
-1604
-1611
-1609
-1602
-1597
-1615
-1616
-1591
-1547
-1494
-1405
-1300
-1193
-1091
-1002
-941
-861
-739
-592
-446
-288
-143
-11
121
268
404
552
709
860
1002
1157
1308
1444
1577
1701
1798
1886
1989
2101
2206
2305
2380
2413
2412
2407
2383
2356
2333
2291
2199
2089
1969
1824
1678
1543
1393
1207
1008
796
596
412
258
97
-74
-253
-424
-598
-739
-844
-944
-1055
-1152
-1223
-1277
-1319
-1340
-1362
-1384
-1393
-1382
-1356
-1302
-1239
-1189
-1162
-1126
-1078
-1017
-940
-853
-779
-738
-710
-679
-636
-569
-488
-404
-327
-263
-206
-156
-110
-61
3
73
154
236
310
361
413
456
488
509
552
603
656
706
731
728
706
678
640
606
580
553
505
441
357
239
102
-29
-147
-271
-402
-548
-700
-841
-977
-1107
-1235
-1340
-1431
-1506
-1578
-1636
-1687
-1736
-1779
-1801
-1809
-1804
-1762
-1705
-1665
-1642
-1615
-1569
-1494
-1400
-1307
-1199
-1068
-928
-812
-706
-588
-456
-316
-166
-11
136
292
453
621
796
978
1127
1248
1371
1497
1618
1739
1855
1953
2037
2114
2183
2239
2283
2303
2291
2276
2272
2265
2243
2223
2177
2090
1982
1874
1762
1652
1541
1399
1237
1070
902
720
537
353
163
-28
-200
-359
-525
-684
-833
-986
-1137
-1254
-1339
-1406
-1454
-1499
-1536
-1561
-1559
-1547
-1512
-1457
-1380
-1311
-1256
-1192
-1112
-1025
-935
-834
-746
-668
-594
-523
-469
-403
-320
-241
-171
-95
-25
28
80
133
180
232
305
381
437
494
552
591
618
650
675
703
743
770
763
743
722
684
639
602
564
503
425
332
230
123
10
-113
-238
-353
-471
-611
-763
-908
-1050
-1191
-1322
-1432
-1522
-1592
-1653
-1712
-1774
-1833
-1879
-1906
-1902
-1879
-1837
-1788
-1741
-1699
-1651
-1599
-1534
-1457
-1383
-1302
-1184
-1022
-844
-681
-546
-428
-293
-123
64
231
381
539
699
866
1064
1270
1438
1557
1643
1709
1801
1937
2076
2187
2275
2328
2333
2327
2332
2330
2300
2261
2213
2154
2092
2031
1946
1836
1710
1553
1379
1239
1127
1008
866
715
541
362
202
61
-73
-201
-339
-496
-651
-783
-899
-1008
-1092
-1166
-1242
-1313
-1356
-1378
-1387
-1392
-1401
-1406
-1387
-1343
-1279
-1199
-1119
-1051
-988
-921
-848
-769
-680
-596
-511
-418
-329
-235
-130
-28
43
90
133
176
227
296
374
449
522
578
610
641
681
704
717
738
763
781
794
796
769
733
687
625
560
506
443
353
248
136
7
-108
-205
-317
-455
-600
-744
-878
-996
-1110
-1234
-1339
-1416
-1476
-1527
-1545
-1555
-1585
-1611
-1623
-1617
-1593
-1553
-1510
-1465
-1416
-1375
-1352
-1301
-1236
-1191
-1150
-1086
-1027
-974
-915
-842
-743
-598
-431
-291
-191
-101
-15
93
248
420
590
764
935
1086
1222
1360
1497
1605
1713
1814
1890
1967
2036
2086
2139
2171
2181
2188
2184
2155
2098
2020
1955
1894
1817
1743
1663
1563
1447
1305
1157
1004
854
700
531
385
279
163
26
-105
-123
-12
11
-185
-463
-686
-842
-980
-1103
-1138
-1111
-1156
-1269
-1357
-1378
-1384
-1426
-1473
-1472
-1394
-1249
-1066
-883
-732
-627
-546
-484
-412
-322
-219
-96
55
189
294
374
421
429
416
393
385
406
445
483
516
558
588
601
611
599
560
501
451
422
412
439
479
485
445
368
243
86
-77
-247
-399
-505
-578
-646
-736
-843
-980
-1160
-1322
-1451
-1548
-1603
-1632
-1659
-1676
-1655
-1636
-1643
-1653
-1660
-1673
-1675
-1666
-1663
-1679
-1672
-1590
-1437
-1266
-1148
-1112
-1138
-1163
-1154
-1118
-1025
-866
-630
-293
155
631
1017
1213
1216
1157
1206
1410
1696
1985
2223
2392
2480
2511
2508
2459
2322
2109
1918
1837
1876
1972
2044
2042
1949
1764
1555
1404
1333
1287
1250
1224
1205
1176
1130
1052
918
702
402
95
-116
-211
-280
-372
-494
-663
-871
-1069
-1240
-1391
-1518
-1592
-1610
-1558
-1432
-1298
-1224
-1193
-1182
-1173
-1131
-1001
-808
-628
-479
-333
-197
-97
-11
56
112
180
265
349
449
598
728
812
894
981
1013
1018
1049
1105
1152
1185
1215
1223
1209
1161
1084
989
899
799
682
580
487
360
192
31
-124
-296
-470
-613
-734
-850
-962
-1078
-1185
-1265
-1322
-1385
-1450
-1513
-1596
-1678
-1737
-1765
-1774
-1783
-1806
-1844
-1876
-1894
-1894
-1875
-1842
-1821
-1818
-1808
-1782
-1721
-1555
-1356
-1264
-1239
-1156
-1015
-861
-652
-481
-457
-447
-353
-268
-171
19
139
50
-45
77
437
966
1527
1928
2096
2129
2110
2091
2167
2329
2429
2383
2312
2308
2275
2143
1964
1717
1408
1167
1079
1085
1143
1181
1082
909
829
792
720
702
731
713
653
613
573
473
306
89
-133
-309
-443
-524
-599
-691
-821
-970
-1084
-1117
-1106
-1087
-1009
-871
-748
-623
-471
-341
-284
-253
-204
-122
-9
106
203
268
311
347
345
317
303
293
313
386
515
628
712
766
753
755
818
881
926
976
1045
1070
1069
1052
982
832
633
458
336
268
253
220
119
-21
-157
-309
-449
-547
-641
-746
-799
-804
-830
-859
-891
-977
-1089
-1175
-1246
-1300
-1281
-1210
-1180
-1172
-1189
-1247
-1341
-1436
-1508
-1564
-1584
-1571
-1545
-1520
-1524
-1513
-1496
-1436
-1286
-1179
-1121
-1003
-921
-964
-1022
-989
-959
-886
-774
-719
-543
-313
-322
-402
-292
-221
-310
-235
-111
-193
-297
-204
161
776
1456
1931
2162
2195
2087
1957
1907
1999
2125
2046
1863
1820
1807
1624
1407
1161
815
543
461
539
758
993
1074
1044
1034
1013
983
986
1011
1062
1076
1061
1046
982
778
463
131
-170
-378
-512
-587
-601
-618
-693
-758
-768
-753
-711
-642
-559
-411
-211
-49
88
180
187
115
77
46
14
39
75
93
131
162
138
108
129
121
116
223
360
486
601
696
754
798
827
799
773
759
713
659
615
552
449
301
152
1
-125
-227
-296
-339
-370
-395
-435
-471
-503
-550
-620
-682
-729
-751
-745
-713
-702
-734
-790
-812
-815
-839
-887
-963
-1053
-1117
-1131
-1130
-1102
-1073
-1139
-1300
-1454
-1562
-1648
-1663
-1539
-1325
-1158
-1108
-1130
-1146
-1157
-1154
-1123
-1006
-838
-675
-624
-649
-574
-504
-607
-778
-729
-622
-679
-719
-764
-938
-933
-483
285
1149
2001
2489
2540
2500
2364
2158
2055
2099
2068
1891
1811
1805
1702
1454
1084
654
258
98
177
396
769
1111
1250
1271
1348
1405
1357
1375
1427
1420
1362
1271
1140
964
748
422
62
-225
-471
-672
-785
-778
-734
-708
-686
-646
-580
-499
-369
-237
-90
57
148
223
275
278
226
136
42
-80
-169
-218
-208
-146
-119
-70
-3
34
61
108
192
283
406
511
596
719
791
781
745
681
587
482
404
311
228
158
36
-51
-109
-162
-251
-342
-399
-444
-411
-341
-294
-214
-143
-141
-171
-173
-226
-350
-426
-486
-573
-601
-561
-564
-592
-613
-673
-757
-836
-888
-983
-1036
-1016
-1012
-1025
-1051
-1105
-1222
-1351
-1402
-1381
-1292
-1170
-1054
-956
-881
-799
-786
-851
-937
-1089
-1295
-1383
-1333
-1319
-1245
-981
-864
-987
-1112
-1188
-1259
-1264
-1056
-461
573
1552
2130
2524
2697
2571
2252
1874
1624
1594
1535
1320
1293
1429
1355
1066
734
443
205
95
204
591
1114
1541
1854
2077
2266
2320
2203
2040
1923
1786
1554
1344
1193
1035
752
331
-42
-312
-569
-791
-852
-772
-697
-604
-451
-270
-96
4
25
16
61
76
36
40
56
17
-105
-228
-339
-436
-541
-669
-710
-639
-534
-421
-297
-148
-59
-13
33
97
179
238
318
426
534
621
650
633
581
514
394
232
127
49
-21
-54
-16
35
58
52
9
-33
-54
-53
-52
-18
71
177
240
263
249
148
-56
-251
-389
-485
-508
-469
-418
-410
-423
-506
-610
-676
-760
-887
-987
-1001
-973
-944
-940
-986
-1112
-1284
-1458
-1559
-1587
-1546
-1408
-1208
-1036
-987
-1001
-1045
-1138
-1279
-1427
-1572
-1686
-1753
-1753
-1709
-1550
-1351
-1350
-1464
-1542
-1410
-887
140
1267
2065
2664
2914
2745
2452
2220
1979
1731
1526
1201
983
1093
1195
1139
967
742
467
286
399
746
1263
1723
2072
2343
2601
2849
2893
2741
2458
2087
1641
1250
1009
816
620
347
3
-309
-551
-764
-931
-968
-923
-830
-657
-394
-124
57
144
117
31
-69
-172
-284
-396
-453
-532
-629
-715
-800
-888
-991
-1050
-1054
-975
-829
-649
-428
-187
45
228
354
443
516
545
551
570
602
619
618
628
604
545
449
327
202
151
200
241
296
380
442
447
441
444
380
337
334
312
317
359
399
353
290
204
54
-45
-119
-151
-203
-261
-338
-444
-526
-612
-685
-768
-837
-861
-894
-927
-936
-943
-986
-1051
-1088
-1141
-1182
-1181
-1186
-1219
-1277
-1331
-1399
-1464
-1502
-1555
-1602
-1593
-1533
-1517
-1564
-1593
-1705
-1900
-1991
-1962
-1920
-1869
-1722
-1604
-1509
-1149
-385
704
1753
2540
3030
3187
3076
2763
2403
2028
1708
1410
1051
862
929
1075
1110
1008
831
662
638
810
1218
1748
2194
2550
2847
3065
3148
3048
2712
2239
1739
1214
778
525
353
122
-156
-436
-700
-886
-1013
-1081
-1046
-903
-722
-507
-208
65
232
270
209
70
-125
-303
-450
-564
-644
-723
-809
-890
-946
-994
-1072
-1121
-1112
-1015
-826
-601
-341
-87
136
277
389
523
593
643
672
668
668
673
663
634
634
619
562
500
446
436
459
492
540
586
599
580
554
515
493
490
458
394
375
348
260
201
153
77
-11
-58
-114
-174
-203
-271
-369
-458
-530
-626
-722
-789
-872
-936
-989
-1028
-1033
-991
-946
-926
-877
-859
-877
-914
-960
-1014
-1079
-1151
-1246
-1350
-1459
-1545
-1622
-1673
-1676
-1631
-1601
-1557
-1407
-1307
-1298
-1274
-1231
-1316
-1464
-1430
-1384
-1396
-1382
-1251
-817
17
1141
2037
2634
3013
3058
2797
2322
1926
1678
1504
1261
1047
1139
1342
1459
1374
1170
949
748
678
819
1256
1721
2012
2170
2287
2407
2361
2132
1760
1383
1014
600
294
96
-32
-205
-425
-557
-613
-624
-671
-678
-607
-491
-326
-201
-38
172
321
326
256
181
31
-167
-344
-473
-554
-607
-649
-693
-716
-727
-756
-766
-725
-614
-480
-326
-135
58
241
405
558
671
735
725
663
612
578
558
537
525
499
446
389
338
287
253
244
236
237
245
251
271
288
266
222
190
152
114
108
111
123
105
53
-9
-62
-73
-96
-127
-190
-239
-267
-300
-319
-384
-447
-513
-573
-601
-601
-569
-568
-579
-603
-638
-664
-720
-790
-900
-1020
-1112
-1198
-1244
-1284
-1328
-1398
-1415
-1334
-1219
-1048
-899
-797
-741
-731
-794
-933
-1076
-1243
-1398
-1550
-1685
-1714
-1670
-1641
-1637
-1555
-1219
-442
624
1544
2247
2794
3034
2927
2655
2338
1995
1696
1325
908
705
748
777
643
494
366
249
228
407
771
1157
1473
1723
1971
2230
2401
2362
2133
1835
1480
1082
739
499
311
114
-99
-271
-335
-352
-384
-416
-408
-357
-259
-108
85
296
446
481
428
355
282
144
-27
-183
-309
-426
-541
-610
-660
-661
-696
-756
-758
-694
-588
-476
-304
-114
68
229
328
423
483
496
446
340
245
173
133
90
129
199
175
133
117
103
69
68
62
47
102
157
186
249
332
324
237
184
163
122
111
159
211
244
283
307
309
330
337
251
115
-5
-108
-208
-302
-366
-424
-473
-540
-636
-729
-805
-870
-963
-1058
-1123
-1165
-1176
-1187
-1178
-1158
-1142
-1101
-1051
-1006
-986
-967
-938
-913
-866
-860
-882
-932
-1068
-1301
-1580
-1800
-1934
-1982
-1933
-1809
-1607
-1395
-1180
-987
-732
-173
667
1480
2034
2456
2729
2742
2559
2257
1920
1589
1228
764
397
377
525
581
541
568
628
650
755
1013
1338
1597
1801
1958
2099
2253
2287
2116
1827
1543
1228
855
527
318
202
52
-114
-203
-220
-228
-236
-214
-173
-98
-20
47
161
307
417
431
386
317
222
81
-100
-254
-386
-542
-688
-790
-847
-892
-950
-1017
-1039
-962
-829
-684
-529
-345
-160
0
139
257
355
389
355
305
296
300
272
254
250
234
211
199
197
196
197
165
128
144
185
216
241
290
317
328
376
442
492
522
529
466
381
350
331
300
275
228
125
-21
-159
-297
-413
-493
-583
-679
-741
-771
-802
-834
-851
-860
-845
-825
-846
-871
-854
-827
-826
-828
-857
-896
-920
-995
-1107
-1191
-1238
-1252
-1179
-1117
-1095
-966
-910
-1097
-1272
-1318
-1447
-1492
-1275
-1148
-1125
-848
-534
-513
-532
-450
-498
-339
318
1045
1513
1977
2402
2388
2168
2048
1859
1515
1223
982
687
641
899
1087
1102
1120
1105
935
857
1004
1173
1264
1365
1499
1613
1785
1926
1865
1643
1360
1016
643
414
287
152
35
-54
-134
-190
-174
-167
-183
-177
-198
-196
-116
60
230
371
437
397
303
170
3
-217
-460
-664
-823
-936
-960
-930
-929
-942
-887
-824
-751
-583
-386
-185
45
253
378
498
645
673
620
573
525
464
422
406
375
338
275
177
127
97
59
16
10
24
49
127
208
289
387
433
413
384
372
324
260
226
153
61
-22
-85
-155
-228
-295
-398
-497
-565
-618
-647
-665
-641
-640
-653
-681
-732
-776
-841
-920
-1014
-1065
-1095
-1122
-1090
-1044
-1033
-1032
-1010
-1013
-1043
-1060
-1065
-1019
-903
-790
-738
-670
-635
-710
-858
-985
-1060
-1049
-972
-966
-967
-760
-416
-162
-25
44
-14
-117
-7
363
867
1403
1859
2084
2114
2068
1954
1740
1486
1188
825
521
475
674
891
1039
1112
1093
978
892
909
934
968
1031
1096
1161
1302
1472
1514
1409
1168
839
503
238
73
3
-31
-60
-55
-14
46
110
144
100
32
-18
-28
55
194
326
403
424
353
220
79
-83
-242
-401
-530
-624
-655
-617
-526
-417
-328
-254
-262
-257
-146
1
104
210
357
419
471
509
481
414
341
239
90
19
20
39
50
64
63
27
-19
-44
-53
-46
4
43
83
153
227
238
184
107
-13
-127
-237
-313
-359
-371
-353
-320
-291
-296
-292
-309
-361
-411
-442
-486
-540
-559
-620
-715
-792
-870
-964
-1020
-1012
-1021
-1011
-982
-967
-958
-902
-792
-726
-722
-719
-666
-635
-593
-460
-430
-568
-696
-773
-924
-998
-967
-1079
-1160
-1007
-879
-818
-523
-129
6
40
113
83
10
32
173
456
898
1332
1588
1769
1931
1940
1681
1316
1093
924
734
606
672
857
1019
1096
1037
951
908
844
757
796
989
1144
1232
1337
1454
1512
1437
1222
959
748
552
354
224
205
250
260
229
210
212
198
146
92
97
167
227
257
334
449
520
470
333
189
32
-152
-324
-417
-446
-453
-480
-534
-522
-477
-481
-508
-484
-437
-405
-335
-231
-68
136
276
306
298
290
225
150
98
43
0
-26
-37
-28
12
23
-24
-90
-133
-144
-145
-117
-50
34
101
137
154
148
109
38
-46
-132
-203
-235
-227
-201
-183
-189
-219
-270
-337
-386
-427
-477
-511
-542
-603
-655
-676
-706
-752
-803
-862
-912
-964
-1009
-1020
-989
-915
-813
-735
-687
-614
-563
-611
-720
-814
-907
-987
-1033
-1023
-962
-915
-924
-953
-974
-1028
-979
-770
-546
-289
55
333
404
392
261
30
-55
103
422
796
1213
1578
1780
1830
1824
1746
1526
1302
1135
953
838
914
1089
1235
1353
1391
1300
1156
1101
1097
1089
1127
1194
1210
1213
1285
1312
1253
1113
884
594
322
142
62
85
153
213
219
201
203
183
151
127
89
30
23
49
80
139
143
61
-77
-235
-385
-499
-577
-614
-571
-545
-542
-495
-444
-436
-422
-413
-445
-415
-296
-170
-30
164
319
362
360
342
275
198
146
88
28
33
57
76
117
157
145
102
59
16
8
30
81
131
168
178
152
84
12
-46
-123
-190
-236
-280
-318
-323
-329
-365
-405
-467
-545
-607
-653
-681
-716
-742
-808
-912
-1009
-1083
-1128
-1178
-1213
-1234
-1229
-1210
-1172
-1093
-1031
-975
-917
-918
-935
-898
-894
-941
-872
-806
-904
-957
-915
-943
-932
-787
-747
-743
-527
-287
-135
194
576
667
619
622
608
699
1070
1457
1672
1891
2074
2043
1938
1937
1884
1689
1478
1268
1073
1018
1083
1099
1086
1103
1061
905
810
855
940
1037
1127
1198
1223
1243
1193
1053
911
771
592
346
144
15
-87
-159
-186
-207
-239
-254
-269
-289
-244
-168
-131
-100
-34
11
14
19
11
-35
-88
-143
-244
-329
-393
-442
-468
-426
-377
-359
-335
-303
-241
-192
-132
-67
0
86
189
273
361
456
503
492
454
393
326
287
216
147
100
69
53
57
78
87
88
50
14
16
35
39
49
72
72
27
-33
-141
-260
-345
-436
-531
-581
-597
-649
-677
-688
-718
-773
-837
-930
-1003
-1038
-1074
-1080
-1066
-1062
-1109
-1142
-1171
-1199
-1197
-1210
-1240
-1246
-1214
-1186
-1115
-964
-825
-753
-769
-828
-848
-789
-677
-570
-427
-298
-286
-399
-449
-323
-116
67
172
202
233
369
644
1084
1631
2073
2230
2182
2108
2039
1969
1942
1923
1817
1604
1361
1223
1228
1261
1188
985
718
451
252
163
231
392
489
510
530
598
674
743
799
813
783
684
541
413
362
353
296
204
78
-89
-277
-421
-494
-507
-447
-367
-305
-247
-166
-56
49
120
153
146
105
59
44
52
55
53
-4
-105
-180
-216
-240
-249
-210
-169
-132
-77
-19
42
97
143
143
113
102
93
94
110
171
249
303
328
288
201
83
-20
-87
-112
-88
-48
-8
18
34
41
15
-19
-88
-212
-350
-455
-510
-529
-491
-478
-517
-579
-640
-694
-731
-730
-748
-781
-807
-830
-848
-843
-842
-863
-893
-957
-1048
-1104
-1122
-1096
-990
-864
-794
-743
-696
-679
-673
-648
-613
-569
-495
-427
-335
-203
-68
6
6
-4
-13
-19
-54
-75
-7
133
253
309
340
377
439
558
742
991
1237
1389
1453
1467
1481
1518
1580
1602
1562
1481
1356
1240
1178
1147
1072
895
687
487
339
269
261
260
233
197
132
103
127
182
272
343
354
332
313
271
247
264
271
234
160
62
-30
-80
-119
-153
-187
-196
-190
-190
-185
-166
-108
-44
-22
-45
-64
-70
-116
-157
-178
-203
-257
-322
-370
-393
-396
-396
-392
-396
-385
-361
-330
-271
-163
-77
-45
-24
-21
-6
35
43
18
15
-21
-59
23
75
41
48
3
-131
-177
-165
-192
-170
-140
-113
-54
-45
-74
-40
-20
-38
-24
-53
-65
-32
-34
-33
24
50
-4
-57
-104
-104
-96
-110
-112
-132
-171
-197
-201
-190
-149
-150
-195
-217
-233
-246
-225
-182
-159
-142
-128
-95
-47
-24
10
26
45
70
118
169
206
236
244
249
238
231
204
164
138
114
76
34
-11
-66
-103
-126
-108
-57
3
54
83
108
124
150
163
185
200
197
194
170
156
137
118
105
98
87
70
47
28
41
65
83
88
111
126
130
150
186
211
210
227
234
233
235
228
228
227
225
204
181
167
143
127
113
125
144
161
179
185
181
170
170
166
144
106
59
16
-16
-60
-118
-169
-234
-316
-382
-402
-380
-322
-262
-217
-165
-132
-110
-69
-16
19
17
-2
-20
-29
-34
-26
-11
-20
-49
-82
-113
-145
-173
-191
-191
-197
-197
-167
-128
-79
-24
14
40
65
55
33
43
53
45
38
47
56
29
-9
-20
-29
-42
-29
-25
-19
15
40
46
58
38
-16
-49
-64
-69
-74
-71
-66
-66
-57
-92
-120
-97
-80
-77
-42
-5
18
62
76
98
137
136
146
190
188
171
167
125
86
37
-35
-90
-111
-98
-129
-209
-195
-131
-163
-155
-67
14
124
116
4
81
156
14
5
145
132
34
-2
65
140
56
-45
8
47
-4
-63
-57
103
172
61
118
242
176
129
190
218
242
250
231
244
236
168
107
118
150
103
72
52
-82
-150
-75
-25
0
31
54
105
98
18
2
60
18
-93
-88
-17
-92
-183
-128
-158
-244
-225
-270
-349
-263
-182
-211
-133
-21
-29
-28
7
39
45
16
52
113
59
52
83
47
84
101
2
-24
-31
-94
-29
-68
-165
-130
-95
-25
109
181
192
147
-13
-77
-50
-42
4
46
26
9
-4
-26
-34
-53
-89
-125
-117
-86
-41
-1
14
43
17
-85
-129
-143
-159
-123
-84
-121
-163
-168
-141
-79
-51
-36
-71
-164
-209
-139
-12
93
155
178
126
50
18
55
142
170
105
29
-24
-81
-67
-2
43
23
-66
-159
-181
-135
9
169
229
224
155
77
65
121
174
222
189
119
97
70
66
92
89
45
1
-49
-62
-2
81
140
163
154
112
90
88
101
153
201
209
189
168
123
78
41
29
20
-21
-71
-126
-146
-149
-121
-69
-19
-11
-31
-71
-107
-105
-64
-22
-9
-26
-78
-139
-169
-151
-139
-139
-171
-239
-325
-360
-328
-245
-153
-103
-95
-103
-90
-61
-20
32
73
47
-22
-68
-78
-51
-24
-21
-46
-90
-149
-202
-182
-141
-115
-95
-85
-100
-98
-72
-55
-28
-22
-46
-86
-98
-111
-86
-58
-55
-73
-121
-163
-187
-183
-156
-96
-79
-47
9
30
52
98
132
173
222
243
264
291
292
285
290
296
315
318
302
284
266
243
247
268
274
274
272
260
242
253
277
282
281
290
297
282
251
230
212
191
152
122
113
117
120
135
139
124
93
45
22
17
17
21
18
-21
-61
-94
-109
-138
-171
-190
-230
-272
-292
-308
-322
-315
-313
-295
-267
-262
-273
-282
-288
-269
-265
-288
-294
-300
-330
-349
-357
-377
-399
-417
-432
-444
-448
-430
-392
-376
-341
-266
-218
-178
-100
-50
-25
13
60
95
125
142
153
168
182
228
262
277
292
311
335
372
406
445
474
488
501
517
553
587
574
523
468
418
373
356
339
311
271
240
218
182
180
177
153
125
93
59
33
26
36
45
23
-24
-56
-79
-121
-118
-107
-143
-139
-92
-107
-162
-218
-290
-264
-200
-206
-174
-178
-230
-181
-189
-253
-146
-88
-203
-203
-170
-197
-119
-97
-135
-62
-54
-140
-125
-106
-108
-54
-56
-114
-124
-119
-133
-117
-99
-92
-90
-113
-132
-109
-67
-55
-66
-50
-24
-49
-96
-101
-98
-87
-56
-43
-43
-20
-9
0
32
44
53
42
23
18
28
44
44
39
42
39
24
30
28
32
54
74
89
105
131
159
176
192
212
197
183
188
170
163
161
149
125
104
83
60
57
58
62
60
69
77
96
114
123
137
139
127
107
79
47
43
29
15
21
12
-8
-21
-49
-63
-64
-70
-77
-78
-94
-100
-95
-93
-70
-57
-55
-60
-68
-108
-135
-141
-165
-178
-173
-168
-160
-149
-131
-122
-124
-133
-168
-193
-192
-194
-204
-179
-159
-146
-137
-128
-112
-97
-79
-50
-30
-22
-8
-4
-15
-24
-26
-46
-62
-69
-73
-65
-43
-33
-7
18
16
12
16
18
36
59
55
75
99
100
104
104
110
105
77
62
44
28
17
-4
-16
6
21
27
20
0
7
0
-12
-9
-17
-19
0
12
35
51
42
49
55
64
96
120
131
156
184
210
221
206
190
179
154
116
101
95
80
68
69
69
76
81
80
70
40
27
31
14
17
44
26
16
30
11
-4
-18
-30
-43
-68
-66
-66
-77
-68
-63
-72
-68
-59
-56
-52
-46
-6
25
0
-13
-21
-59
-79
-92
-96
-105
-130
-109
-101
-107
-67
-62
-60
-17
-13
-27
-5
-5
-30
-8
5
26
44
21
15
-8
-45
-47
-45
-56
-62
-53
-46
-22
10
8
13
31
6
-32
-43
-5
36
45
69
90
99
86
61
67
90
69
26
37
47
28
51
51
35
33
-6
-39
-56
-72
-82
-103
-127
-132
-73
7
21
9
15
-12
-83
-86
-33
21
69
54
40
48
37
72
119
97
66
10
-33
13
52
55
68
39
-6
15
0
-25
16
11
0
11
-14
17
56
46
83
105
54
55
66
41
85
114
69
74
85
34
15
-8
-34
-19
-15
-36
-46
-23
5
13
-17
-29
-11
-23
-37
-55
-67
-39
-56
-75
-32
-28
-39
-39
-69
-40
-5
-71
-94
-61
-85
-51
24
21
59
99
60
37
33
18
8
-6
0
28
20
-19
-54
-72
-55
-42
-35
-7
-26
-72
-37
8
17
48
64
51
30
-15
-13
44
33
5
18
-18
-78
-99
-91
-42
-23
-56
-62
-88
-127
-95
-50
-5
71
61
-3
-21
-49
-52
8
33
54
93
53
1
0
-1
18
34
11
-15
-63
-114
-90
-57
-41
-10
-48
-140
-178
-182
-158
-71
-29
-45
-47
-85
-112
-42
13
32
63
33
-16
2
43
86
156
168
124
101
83
104
156
165
143
141
131
108
99
116
114
91
67
49
64
65
36
40
76
64
31
33
35
23
23
26
29
19
21
28
11
12
20
23
23
-3
-48
-58
-39
-27
-34
-37
-34
-57
-98
-94
-69
-62
-60
-73
-96
-93
-76
-62
-49
-55
-85
-113
-119
-126
-121
-84
-63
-49
-23
-2
30
40
19
27
48
11
-2
34
47
41
40
38
29
7
-5
3
-16
-35
-36
-27
-8
16
28
27
38
28
4
9
4
-24
-39
-32
-15
0
12
0
-43
-99
-109
-80
-66
-75
-65
-57
-66
-59
-3
59
71
61
52
35
9
13
30
26
16
5
-12
-11
-28
-58
-67
-62
-51
-24
3
3
-10
0
20
36
54
53
29
22
27
15
64
118
108
109
117
85
65
63
66
90
106
118
145
156
146
155
160
165
171
147
121
129
124
108
112
115
79
25
-12
-25
-32
-53
-58
-53
-70
-100
-96
-78
-81
-105
-126
-131
-114
-102
-89
-72
-83
-102
-123
-157
-162
-146
-152
-152
-143
-155
-145
-95
-65
-44
-18
-19
-38
-34
-14
4
30
48
43
32
31
22
20
21
27
19
2
-7
-17
-3
40
78
91
101
96
76
82
73
56
62
55
37
31
36
39
34
23
16
4
-21
-39
-18
-16
-27
0
3
-11
-9
-23
-33
-24
-41
-46
-11
-20
-34
-17
-24
-24
-16
-39
-40
-19
-38
-43
-11
0
-5
19
33
7
-5
-7
-18
-24
-25
-42
-46
-50
-76
-81
-68
-72
-82
-73
-76
-78
-46
-7
12
22
30
38
50
48
59
68
37
32
45
42
58
75
69
72
77
60
52
48
50
49
49
71
94
103
108
106
91
74
51
31
9
-15
-20
-32
-31
-23
-34
-42
-46
-52
-58
-62
-68
-68
-73
-69
-64
-59
-42
-31
-28
-45
-58
-58
-67
-82
-71
-65
-77
-74
-84
-83
-67
-64
-50
-18
11
32
40
47
69
74
72
80
69
49
33
18
5
16
37
29
14
15
7
-5
14
33
51
67
61
60
62
55
54
60
46
36
30
16
18
33
36
20
22
12
-14
-27
-42
-60
-63
-69
-79
-74
-88
-97
-83
-84
-82
-79
-83
-81
-69
-68
-61
-47
-38
-28
-32
-35
-43
-56
-53
-36
-37
-25
-2
5
21
33
31
22
10
-9
-15
-16
-35
-35
-30
-28
-26
-34
-38
-34
-45
-60
-36
-14
1
22
29
35
43
41
40
48
32
35
49
57
86
102
102
109
110
81
72
68
52
63
67
62
67
68
56
53
38
14
6
-16
-29
-17
-4
0
16
32
38
27
14
32
33
26
22
12
4
3
-4
-9
-2
-21
-29
-28
-30
-16
-3
-7
-9
-14
-38
-47
-52
-42
-31
-27
-23
-17
-9
-10
3
11
20
18
2
-5
-10
-5
-9
-13
-9
-9
-11
-1
4
0
8
3
-4
7
16
9
27
33
13
19
13
10
29
40
19
22
28
16
31
34
26
27
28
18
19
19
10
2
-10
-13
-6
8
-4
-2
12
-8
-23
-22
-27
-39
-34
-47
-56
-50
-61
-64
-66
-74
-74
-59
-61
-53
-22
7
20
28
42
36
28
17
2
-2
-13
-31
-46
-45
-51
-49
-42
-53
-64
-63
-54
-46
-20
3
21
31
49
71
81
105
115
110
102
106
102
106
117
116
131
134
118
109
101
84
81
75
67
73
49
27
22
9
-7
-10
-27
-56
-59
-71
-76
-70
-72
-75
-71
-82
-99
-97
-104
-99
-99
-100
-94
-95
-101
-103
-92
-78
-58
-60
-47
-39
-50
-35
-31
-45
-43
-41
-65
-56
-38
-47
-35
-17
-13
-9
7
5
17
26
21
28
34
43
46
59
56
55
51
44
47
35
33
27
21
17
31
40
41
55
65
77
83
95
101
106
104
94
85
75
76
65
59
49
43
22
1
-9
-21
-23
-34
-44
-56
-65
-77
-84
-84
-88
-82
-87
-90
-92
-86
-93
-93
-82
-91
-87
-88
-86
-78
-61
-49
-36
-23
-30
-34
-48
-52
-57
-65
-57
-44
-41
-31
-9
2
25
35
46
64
63
70
84
94
92
101
99
84
71
53
44
28
22
29
43
49
56
70
77
94
109
123
134
140
124
123
123
106
116
107
85
72
48
14
-5
-19
-37
-48
-69
-83
-91
-95
-87
-79
-85
-108
-123
-121
-116
-110
-96
-100
-110
-119
-123
-100
-95
-95
-85
-99
-111
-109
-106
-90
-72
-76
-69
-59
-55
-35
-21
-7
7
15
11
13
17
19
19
27
44
49
50
38
37
52
51
57
77
77
76
82
82
104
123
124
126
111
93
91
80
73
67
52
28
8
0
-4
-9
-21
-32
-46
-58
-67
-58
-50
-47
-35
-40
-45
-39
-43
-55
-63
-81
-96
-95
-103
-103
-86
-73
-68
-70
-56
-51
-59
-56
-45
-38
-29
-16
2
33
41
51
59
56
45
36
35
37
46
58
81
92
103
114
125
135
130
121
114
106
103
107
117
122
115
104
100
85
76
71
58
49
29
24
33
38
42
43
36
27
13
-1
4
-1
-15
-24
-37
-58
-59
-61
-56
-45
-63
-73
-79
-92
-88
-76
-81
-81
-89
-106
-109
-99
-97
-101
-91
-108
-123
-123
-127
-113
-105
-105
-98
-89
-85
-73
-70
-64
-51
-48
-38
-21
-5
7
18
23
33
49
42
50
46
37
48
41
48
63
64
63
62
62
67
67
70
58
56
54
52
57
57
52
46
26
16
15
2
-1
-20
-39
-52
-59
-61
-60
-60
-74
-77
-79
-73
-48
-40
-33
-30
-40
-38
-25
-27
-26
-31
-51
-68
-78
-67
-68
-58
-62
-68
-58
-58
-41
-16
-4
1
5
-7
1
15
31
43
56
52
34
33
21
24
30
33
33
32
32
37
49
64
78
90
98
87
80
82
78
91
90
90
82
76
63
56
56
48
39
20
3
-20
-22
-24
-21
-4
5
15
13
18
16
19
19
10
5
-2
-8
-12
-4
-5
10
13
3
1
-5
-19
-28
-27
-35
-33
-23
-35
-30
-19
-30
-26
-23
-33
-34
-41
-47
-35
-22
-16
-11
-11
-19
-28
-27
-34
-31
-37
-43
-44
-47
-37
-31
-25
-17
-22
-26
-26
-27
-21
-16
-13
-4
9
15
23
34
40
35
41
31
30
35
26
26
33
36
32
31
23
9
-7
-13
-26
-31
-33
-45
-45
-46
-48
-43
-37
-38
-36
-33
-30
-18
-4
3
8
11
5
1
-8
-17
-26
-41
-56
-66
-73
-68
-61
-56
-49
-47
-44
-34
-20
-3
17
26
28
29
33
44
54
58
58
49
31
23
23
17
16
19
4
2
3
9
30
48
56
62
61
59
69
70
74
73
71
56
43
33
23
18
5
-9
-14
-23
-29
-24
-28
-14
-5
2
16
21
26
31
36
32
29
30
22
17
9
0
-3
-8
-22
-34
-47
-57
-59
-69
-66
-67
-69
-69
-69
-60
-54
-40
-42
-36
-31
-32
-37
-33
-38
-41
-47
-50
-43
-45
-32
-31
-23
-21
-20
-8
-1
10
20
30
40
44
51
69
79
88
92
90
85
73
69
67
67
65
55
50
44
44
42
38
46
34
22
14
