SAMPLES:	14670
BITSPERSAMPLE:	16
CHANNELS:	1
SAMPLERATE:	16000
NORMALIZED:	FALSE
-41
-34
-27
-18
-11
-3
4
9
15
19
21
22
22
21
18
15
11
7
4
1
-1
-3
-4
-2
-1
3
7
12
18
23
28
34
39
42
45
45
46
45
40
38
33
27
20
14
6
1
-5
-10
-12
-15
-15
-15
-13
-11
-5
-1
6
12
17
21
25
27
28
29
26
25
21
17
12
7
2
-3
-7
-12
-17
-19
-19
-19
-18
-13
-10
-5
0
7
13
19
24
28
33
35
37
36
34
32
28
23
19
13
8
4
-1
-4
-8
-11
-12
-12
-11
-10
-6
-3
2
6
10
15
18
20
21
23
22
22
21
18
17
14
11
8
6
2
1
-2
-3
-3
-5
-2
-2
-1
1
0
2
-1
-3
-4
-7
-8
-12
-15
-18
-22
-25
-29
-31
-34
-36
-36
-34
-32
-29
-24
-19
-11
-6
2
9
14
22
28
33
37
41
43
43
44
43
40
37
32
29
25
20
15
11
7
4
3
2
2
2
4
6
8
9
13
15
19
23
25
27
28
30
29
28
26
24
20
17
14
9
6
1
-2
-6
-9
-12
-15
-18
-22
-25
-27
-29
-29
-33
-34
-36
-39
-41
-44
-48
-51
-54
-58
-61
-64
-65
-68
-68
-70
-68
-64
-64
-59
-56
-51
-46
-41
-36
-30
-22
-16
-10
-4
2
7
10
12
15
16
17
15
14
13
11
12
11
11
9
6
5
4
4
5
6
8
12
19
26
32
39
43
46
48
53
58
61
64
63
63
63
60
55
53
50
45
39
36
32
26
23
17
12
10
8
4
2
0
-2
-5
-8
-11
-16
-20
-25
-26
-25
-26
-29
-34
-39
-48
-52
-56
-59
-63
-68
-73
-76
-76
-73
-70
-65
-58
-53
-46
-40
-35
-30
-28
-25
-25
-23
-24
-26
-27
-28
-27
-27
-25
-25
-28
-30
-32
-34
-34
-33
-31
-27
-19
-13
-7
-4
-3
-4
-2
1
4
6
7
7
6
7
8
5
0
-6
-7
-4
1
3
5
9
10
13
16
21
23
22
21
21
20
17
11
7
8
3
-3
-6
-14
-24
-35
-44
-44
-38
-40
-44
-45
-47
-52
-55
-53
-45
-41
-36
-32
-26
-20
-20
-19
-3
18
29
34
44
51
57
67
80
91
100
114
154
255
394
500
551
551
483
369
284
242
211
182
140
90
81
116
118
77
19
-88
-223
-284
-246
-174
-94
-31
-19
-24
-15
-30
-65
-70
-87
-147
-172
-130
-87
-77
-76
-113
-187
-256
-319
-371
-375
-355
-374
-393
-363
-329
-329
-319
-290
-293
-305
-290
-257
-199
-120
-65
-41
4
53
58
66
113
139
128
133
160
177
200
215
200
191
192
155
115
126
140
125
129
151
152
144
141
128
127
135
120
105
122
143
141
144
150
132
97
60
29
17
11
-12
-28
-28
-33
-45
-48
-52
-66
-88
-108
-111
-85
-52
-28
-1
35
51
58
72
77
70
61
53
52
75
101
104
99
91
64
26
5
-8
-24
-30
-26
-16
-4
5
2
-8
-11
-8
-6
3
29
46
50
59
65
48
18
-17
-55
-80
-85
-92
-100
-96
-107
-141
-165
-171
-183
-189
-177
-161
-146
-125
-117
-115
-105
-102
-115
-115
-106
-106
-97
-78
-56
-28
-11
-18
-31
-44
-77
-101
-97
-88
-73
-47
-32
-21
11
24
13
19
18
-11
-19
-2
4
18
40
27
9
19
5
-22
-10
0
-9
12
45
51
59
63
32
13
33
45
59
98
113
101
98
93
85
97
109
110
124
147
166
197
231
249
259
250
228
220
226
230
247
265
252
234
224
214
243
313
357
374
385
346
277
248
225
189
179
164
117
120
168
179
178
171
99
10
-14
-13
1
56
77
35
9
-5
-50
-84
-106
-167
-238
-270
-293
-309
-304
-317
-363
-391
-395
-399
-389
-360
-344
-353
-360
-364
-380
-396
-407
-436
-466
-464
-447
-442
-420
-375
-355
-347
-308
-280
-268
-230
-205
-227
-223
-193
-187
-150
-80
-55
-61
-50
-54
-69
-46
-18
-25
-10
17
15
54
135
177
198
218
218
226
231
225
214
199
183
162
145
155
182
209
236
250
257
260
250
243
239
211
195
215
204
172
184
193
152
116
83
34
53
97
58
29
42
28
23
40
46
50
40
28
28
47
108
149
125
98
89
36
-8
21
18
-31
-23
2
0
27
64
58
40
22
-34
-82
-46
-7
-7
35
47
-12
-35
-44
-68
-70
-100
-144
-115
-47
11
37
34
39
0
-48
6
10
-59
-58
-119
-177
-104
-122
-168
-112
-124
-123
-36
-13
-24
-20
-24
14
38
57
82
-11
-48
20
-62
-103
-11
-101
-163
-22
-31
-80
74
98
-16
84
120
-46
18
117
-31
-9
90
-69
-112
11
-119
-264
-114
-144
-322
-104
13
-220
-51
123
-155
-56
142
-154
-96
177
-69
-143
108
-34
-173
30
2
-137
-8
-10
-168
-111
2
35
23
56
91
-23
-26
87
13
36
156
49
36
74
-4
54
123
16
5
-15
-48
74
63
94
65
-17
30
-11
-40
31
71
108
69
-30
15
32
-61
72
20
-254
-8
18
-235
97
186
-83
32
47
-205
-31
84
-118
52
31
-72
120
-94
-232
22
-81
-167
45
-120
-121
135
-14
-86
59
-16
-70
104
38
-39
157
8
-211
63
110
-65
70
-19
-96
61
-31
-121
-14
-58
-120
-58
-113
163
152
-186
150
244
-105
-25
147
-49
17
230
-14
151
305
-5
-10
-21
6
103
-43
-11
52
-52
-74
-120
-123
-9
123
40
-84
-76
37
-24
43
182
-32
-13
126
91
46
189
72
-215
-68
41
-58
66
80
-123
-89
-51
-215
-171
-59
0
-59
-118
2
73
91
18
-54
-65
56
135
-36
118
195
4
99
189
2
-3
179
-50
-211
97
-55
-178
257
61
-137
20
-134
-117
73
-59
78
106
-195
60
128
-271
35
131
-492
-15
240
-382
11
308
-371
-76
394
-284
-262
275
-147
-217
464
53
-296
336
38
-336
213
132
-116
102
258
74
-153
73
148
-248
172
477
-238
-56
461
-259
-260
442
-106
-199
347
144
-284
148
302
-365
-49
357
-237
-55
242
-203
-29
110
-192
23
183
-246
-73
58
-329
28
259
-276
-6
338
-222
-105
230
-189
-133
201
-65
-42
293
-15
-241
218
52
-130
164
49
14
-44
-19
48
-26
155
142
-154
133
163
-218
234
159
-226
355
80
-307
325
86
-264
271
87
-368
77
48
-287
-32
-31
-143
-169
-88
52
-186
-138
115
-241
-297
144
-164
-208
206
-121
-195
219
-67
-95
254
-101
-24
165
-332
-24
295
-195
15
152
-355
-9
201
-237
-64
157
-36
24
79
-16
49
-60
131
87
-45
201
137
-149
83
228
-97
-29
40
-122
-18
113
-73
-22
102
-56
-67
-148
-51
47
-104
-96
28
-47
42
-13
-140
17
-37
-50
-34
-9
58
94
-65
25
57
-108
-146
-21
-129
-34
191
-63
-73
-1
-18
-64
-32
29
34
40
34
155
-63
80
180
-171
61
178
-53
53
168
-11
82
78
28
124
-78
31
251
-217
6
455
-351
-164
602
-293
-206
567
-65
-286
212
247
-432
-71
407
-252
-127
499
-50
-231
252
-118
-254
28
-50
-88
-122
-133
241
-341
-126
362
-368
-38
142
-371
18
123
-130
93
31
-49
5
-221
-34
74
-248
112
162
-181
-19
367
-185
-153
414
-37
-333
310
200
-467
264
475
-343
84
327
-396
-84
251
-165
-107
255
67
-357
-116
406
-302
-331
460
-325
-331
503
-197
-167
410
-172
-76
13
-82
209
-182
56
297
-205
19
68
-101
12
-28
-174
-60
42
-35
14
-9
-124
104
-88
-270
207
64
-109
180
-59
-92
306
-88
-192
298
156
-165
243
236
-225
224
148
-110
209
168
77
17
109
131
-104
43
204
-60
100
147
-75
105
159
17
-34
89
72
-102
40
65
-139
-12
104
-203
-7
25
-230
-18
-7
-151
-15
-51
-49
68
-69
-82
-9
-70
-152
16
101
-185
59
201
-196
-57
209
-137
-320
229
43
-342
184
129
-347
-13
227
-252
-263
300
-106
-242
195
-117
-188
143
-56
-178
173
-2
-206
308
-67
-312
319
-21
-286
242
66
-297
183
177
-275
98
226
-322
12
191
-209
59
337
-47
15
250
-141
-5
255
-138
57
398
-142
-101
353
-76
-275
477
-196
-425
396
-171
-480
384
247
-631
383
262
-783
166
414
-685
132
615
-602
17
520
-484
-238
533
-238
-344
500
-116
-556
327
188
-533
266
219
-544
77
260
-450
7
404
-303
-135
233
-173
-164
316
-36
-179
252
-120
-121
147
-7
-18
-22
45
43
-145
141
164
-260
101
157
-309
42
197
-107
91
270
-103
21
120
-15
90
17
35
59
-33
32
170
-123
116
76
-218
58
89
-107
135
45
-154
157
-161
-126
206
-166
-39
244
-195
24
125
-272
-23
135
-130
-4
242
-122
-183
132
-94
-244
139
31
-186
174
28
-122
32
-7
-49
-124
116
75
-117
101
35
-134
-52
88
-62
-76
222
69
-27
46
-194
-1
-167
-178
262
-49
162
112
-119
-18
-38
90
10
43
75
-86
32
117
14
61
88
133
88
-68
-76
34
-83
147
58
-134
136
14
-128
75
108
58
-54
-13
100
-280
146
177
-372
173
178
-339
-124
144
73
-73
183
34
-293
65
92
-245
79
186
-120
-52
169
160
-155
63
61
-61
-39
73
94
-81
8
59
78
-161
137
339
-446
-53
378
-528
165
406
-329
36
430
-14
-181
244
-191
-411
263
174
-69
202
220
68
-14
109
-110
-229
-66
225
-160
-145
302
-197
-54
472
-226
-78
288
-367
0
201
-371
31
157
-270
181
272
-319
193
180
-339
207
-51
-272
143
39
-214
42
-11
-188
222
-78
-150
330
-91
-2
132
-447
24
204
-421
106
262
-253
118
218
-324
-13
282
-262
-221
283
-96
-262
318
-206
-344
240
-50
-84
259
70
-93
169
-36
-328
-159
-82
-138
48
116
-16
-4
-4
42
38
-179
-112
-52
-102
-21
71
-170
-115
145
-136
-98
95
-47
-166
-67
104
-125
-89
122
-27
-13
106
33
-92
64
110
-27
93
108
5
-6
-45
15
59
-30
-51
13
-40
-16
35
-83
-99
63
109
49
82
77
-25
-151
-99
-123
-237
-79
45
-25
83
189
82
52
61
-30
-88
-61
-103
-84
-52
1
133
101
79
140
73
4
15
8
-51
-26
69
7
16
61
147
-35
20
148
-37
66
138
45
2
155
2
-60
55
-28
-17
67
63
40
97
49
44
29
6
5
-8
-2
-11
-5
-21
-6
38
27
30
50
8
5
18
-15
-10
16
-5
-9
11
13
-15
-23
-36
-57
-92
-75
-74
-87
-63
-23
-17
-22
-1
-25
-7
9
-17
-2
-24
-53
-33
-58
-92
-55
-18
-52
-30
-5
-39
-46
-16
-25
-47
-42
-49
-59
-76
-44
-43
-54
-16
-6
-5
27
43
25
34
37
-13
4
-10
-24
-7
19
12
33
85
69
74
82
61
12
8
4
-26
-12
25
15
24
64
78
52
84
79
63
62
62
39
24
31
20
11
20
14
18
24
-5
3
-8
-34
-24
-42
-42
-22
-49
-43
-25
-29
-28
-18
-16
8
-24
-21
-10
-58
-24
-7
-29
12
-2
-17
8
12
1
-12
-16
-2
-25
-33
-5
-23
-7
12
9
14
9
10
10
-7
2
-6
-24
1
-27
-14
-2
-21
19
22
13
27
32
-6
-3
-9
-30
-11
2
-4
6
32
33
13
16
23
23
22
19
-8
-12
8
-16
6
19
-13
10
17
-34
-4
-19
-46
-6
-15
-48
-48
14
-2
-11
34
13
28
59
15
14
36
-5
-1
43
5
3
34
10
-13
17
28
12
16
17
-7
-11
26
-25
-13
33
0
19
51
24
35
42
0
0
13
3
10
6
12
14
7
14
8
4
8
-12
-14
-35
-23
-26
-22
-2
-21
-4
-7
-23
-8
-3
-20
-12
-11
-51
-19
-21
-47
1
-3
-10
4
11
-34
-18
-2
-17
-19
5
-17
-13
13
2
3
-19
-6
-1
-22
-7
23
-33
-26
-15
-56
-34
-2
-29
-18
3
-3
7
3
7
-15
-1
-12
-21
12
-9
8
26
8
9
9
-21
5
10
-22
-21
-13
-47
-43
-31
-54
-38
-33
-35
-13
-16
-45
-42
-23
-32
-20
-3
-29
-2
1
-11
18
15
13
36
13
28
45
38
45
21
13
24
10
11
10
-3
8
3
6
3
4
2
1
16
-12
7
6
-23
0
7
-4
33
20
-7
39
25
4
12
-6
-30
-16
-1
-21
-9
-3
-37
-17
-13
-22
-30
-22
-44
-48
-46
-58
-58
-41
-34
-71
-33
-18
-50
-39
-13
-51
-34
-19
-43
-23
13
-2
11
7
7
10
0
4
7
32
12
13
33
46
31
36
36
43
44
46
33
35
44
13
47
31
1
22
8
14
11
2
5
22
24
16
39
37
44
69
46
33
58
27
10
59
28
17
79
43
7
48
29
3
45
30
29
36
37
55
46
32
28
29
47
59
53
44
40
45
29
37
24
11
4
-4
32
-1
11
25
1
-2
26
13
-23
18
4
14
19
26
14
-18
17
2
-21
-5
9
-17
-10
14
-9
-27
-8
10
-28
-13
-20
-34
-28
-28
-45
-46
-44
-36
-39
-62
-44
-55
-54
-55
-63
-75
-55
-47
-68
-54
-51
-55
-39
-23
-28
-10
-34
-30
-12
-17
-4
-2
3
-16
-8
0
-24
-20
-3
-5
13
34
3
14
33
-1
24
29
16
32
35
35
12
64
36
6
37
0
2
58
98
81
92
70
3
-15
-39
-72
-26
7
63
102
102
77
31
-26
-74
-73
-91
-45
15
46
67
75
40
-24
-62
-90
-112
-66
-16
2
22
44
12
-19
-49
-79
-80
-88
-60
-21
-38
-12
-4
-57
-39
-55
-80
-96
-91
-77
-99
-70
-46
-58
-62
-54
-76
-95
-74
-86
-90
-50
-40
-32
-10
3
-14
-6
-15
-36
-25
-27
-10
15
18
27
32
9
-6
-17
-34
-59
-33
-7
-23
14
9
13
31
0
-12
-1
1
-19
9
7
8
42
52
41
50
50
32
42
41
24
40
44
51
88
74
69
65
70
42
63
75
49
92
79
71
100
89
58
67
49
43
62
56
76
61
53
64
47
33
40
35
29
40
40
33
27
40
32
3
34
18
-4
6
2
-2
0
2
-7
-7
-8
-10
-21
-23
-22
-24
-35
-50
-36
-45
-46
-23
-20
-29
-14
-21
-29
-22
-40
-26
-32
-38
-3
-30
-32
-1
-19
-19
-16
-35
-49
-28
-11
-25
-11
7
-39
-11
-1
-29
-4
-2
5
12
31
19
22
32
6
14
19
-7
6
25
-15
-3
17
-8
-4
-9
-15
-13
-28
-18
-15
-17
4
3
-9
-1
-6
5
11
7
5
-6
-1
-19
5
-4
-13
26
0
-6
23
-4
-25
-9
-15
-22
3
10
2
26
18
-3
31
15
-7
16
21
5
39
34
6
32
32
23
38
38
30
31
31
11
-5
13
7
11
18
11
2
-1
8
-5
-6
-7
-18
3
-7
-6
-3
-10
-1
-15
-31
-1
-12
-30
-14
-19
-20
-34
-28
-32
-46
-55
-63
-59
-66
-74
-71
-63
-68
-62
-82
-79
-77
-78
-64
-67
-82
-80
-80
-101
-89
-68
-94
-107
-57
-76
-99
-60
-53
-75
-45
-41
-72
-59
-44
-71
-57
-62
-63
-60
-67
-50
-67
-65
-63
-59
-46
-47
-46
-38
-83
-81
-85
-96
-106
-95
-97
-103
-67
-54
-41
-7
8
4
51
58
64
76
81
46
53
5
30
-65
23
-102
512
1779
1697
1580
1014
23
-937
-1528
-1609
-1414
-697
30
603
806
773
347
-167
-653
-1200
-1386
-1288
-877
-238
379
739
687
463
65
-364
-552
-451
-340
475
2078
2565
2366
1862
464
-848
-1660
-890
601
1510
2525
2498
1677
783
-83
-1059
-1820
-1874
-1632
-1250
-467
475
909
798
211
-828
-1878
-2219
-1883
-918
253
1253
1698
1375
604
-216
-739
-877
-672
-131
466
793
1021
948
617
261
-94
-492
-758
-854
-676
-200
222
601
613
166
-378
-955
-1326
-1210
-767
-147
318
529
395
30
-306
-582
-659
-347
-82
100
293
299
334
311
223
55
-76
-127
-151
60
282
487
584
507
192
-135
-361
-418
-285
-47
162
250
223
-28
-134
-384
-386
-362
-215
-118
41
73
100
54
85
-63
-95
-91
-84
36
132
404
411
423
344
226
128
151
49
273
169
268
194
59
-29
-8
72
7
46
39
-45
-96
-44
-114
-179
-193
-109
-118
8
18
76
-35
15
33
-69
-12
48
72
103
103
186
291
117
51
-122
-70
-74
-20
80
54
75
-13
-145
-265
-248
-242
-120
26
-10
-60
38
37
22
-30
-177
-297
-280
-217
-78
87
43
-28
-34
-11
-130
-129
-42
-186
-97
-24
14
150
161
104
111
-29
-165
-94
-78
103
264
104
-71
-62
-135
-237
-320
-349
-275
-159
-164
-132
33
101
16
-123
-16
961
1056
437
459
38
-130
-239
-125
-13
139
349
248
246
585
840
383
-107
-392
-395
-397
-248
61
128
153
13
-444
-746
-565
-282
-323
-320
-406
-333
16
55
58
133
166
-48
-224
-257
-160
306
473
214
174
222
236
117
28
-39
-50
18
-213
-167
-34
61
156
-9
-227
-257
-126
-186
-102
20
48
134
88
-41
-4
202
216
68
-53
-19
115
293
285
201
259
186
11
-82
-77
5
121
64
-33
21
85
75
-24
-125
-193
-173
-155
-144
-80
57
161
88
-7
-31
6
20
-37
-100
-22
78
127
115
110
148
134
-10
-148
-135
-66
2
34
1
23
86
68
-38
-98
-71
-40
-48
-17
78
125
102
0
-84
-149
-91
8
-7
-54
-80
-119
-148
-152
-143
-147
-114
-111
-141
-78
47
95
55
-12
-75
-65
-26
38
57
54
105
99
29
-47
-8
-2
-99
-149
-183
-141
-27
-19
-152
-241
-260
-281
-293
-255
-187
-139
-131
-143
-101
-9
80
126
123
144
188
240
233
192
233
273
264
300
309
306
320
290
221
220
208
193
219
222
252
345
380
332
337
293
227
210
197
187
265
423
486
491
472
409
336
225
201
220
263
346
413
427
376
281
176
60
56
95
143
218
248
252
206
156
40
-97
-198
-253
-242
-168
-73
-35
-40
-122
-291
-498
-640
-701
-695
-635
-564
-467
-380
-385
-478
-577
-648
-676
-678
-644
-563
-519
-527
-572
-674
-769
-868
-937
-958
-982
-957
-903
-923
-962
-1005
-1158
-1262
-1315
-1338
-1272
-1161
-985
-836
-730
-710
-655
-551
-381
-151
65
353
747
1199
1569
1872
2143
2300
2349
2354
2278
2237
2329
2422
2401
2303
2215
2006
1723
1484
1267
1122
1119
1162
1113
1040
1052
1039
971
910
909
886
835
858
813
777
766
768
695
529
464
433
341
242
185
132
51
-28
-157
-318
-446
-496
-580
-704
-812
-874
-972
-1109
-1230
-1346
-1480
-1563
-1621
-1739
-1781
-1780
-1738
-1741
-1756
-1773
-1826
-1893
-1984
-2078
-2156
-2181
-2190
-2156
-2104
-2052
-2003
-2037
-2158
-2327
-2443
-2484
-2512
-2544
-2580
-2573
-2579
-2611
-2588
-2571
-2512
-2387
-2303
-1795
-474
1306
2806
3910
4782
4949
4812
4524
3941
3353
3422
3813
3536
3273
3092
2593
1844
1286
725
-150
-482
-598
-770
-654
-61
688
870
1040
1184
1144
1013
976
1020
907
1245
1683
1768
1580
1521
1388
796
338
-30
-460
-775
-842
-906
-1048
-822
-578
-614
-680
-653
-629
-739
-695
-586
-393
28
424
623
638
667
634
485
360
276
239
279
460
628
760
971
998
771
500
239
-106
-347
-307
-225
-18
332
551
567
592
655
589
501
460
427
380
423
503
449
371
283
98
-238
-619
-896
-1196
-1392
-1456
-1424
-1357
-1284
-1204
-1184
-1204
-1187
-1179
-1245
-1326
-1387
-1423
-1514
-1605
-1598
-1629
-1683
-1715
-1881
-2119
-2282
-2423
-2649
-2806
-2838
-2862
-2892
-2930
-3047
-3201
-3279
-3389
-3579
-3579
-2830
-1043
1200
3136
4684
5687
5863
5534
4806
3758
3077
3247
3326
2878
2666
2594
2305
1793
1232
297
-678
-1081
-1327
-1474
-1121
-10
1058
1696
2239
2502
2368
2051
1962
1822
1740
1971
2040
1784
1512
1521
1319
813
308
-221
-819
-1394
-1685
-1817
-1629
-1092
-606
-356
-323
-176
-122
-205
-222
-199
-121
-115
-57
-11
74
207
294
185
-178
-494
-826
-1171
-1349
-1287
-1061
-780
-553
-367
-214
-71
76
119
165
306
499
690
895
1175
1516
1746
1747
1496
1140
743
376
102
-115
-167
-123
-95
-112
-96
-22
8
13
-46
-168
-241
-292
-250
-138
97
346
449
463
346
145
-107
-373
-630
-797
-833
-843
-867
-870
-892
-970
-1180
-1435
-1702
-1934
-2044
-2112
-2107
-2023
-1885
-1801
-1728
-1645
-1628
-1665
-1742
-1839
-1977
-2080
-2133
-2260
-2416
-2541
-2664
-2812
-2919
-2989
-3114
-3252
-2875
-1463
566
2475
4090
5290
5593
5374
5092
4356
3542
3291
3033
2159
1673
1726
1561
1386
1418
1189
345
-343
-780
-1221
-1125
-330
502
912
1492
2138
2200
2097
2220
2169
1678
1299
908
328
177
472
630
489
400
104
-613
-1268
-1651
-1826
-1823
-1528
-1124
-865
-506
-46
232
343
446
328
-61
-331
-394
-352
-152
174
345
318
264
48
-235
-363
-370
-497
-678
-734
-703
-561
-299
3
183
277
354
309
258
368
588
766
917
1109
1198
1202
1271
1279
1116
899
599
207
-106
-183
-156
-128
-48
-21
-158
-362
-528
-648
-695
-633
-563
-492
-369
-197
22
238
440
523
524
403
162
36
-48
-171
-281
-443
-701
-936
-1103
-1284
-1430
-1503
-1588
-1716
-1796
-1821
-1757
-1585
-1417
-1286
-1228
-1215
-1243
-1300
-1408
-1578
-1749
-1959
-2169
-2344
-2471
-2511
-2440
-2368
-2330
-2432
-2537
-2719
-2898
-3008
-3185
-2545
-720
1671
3702
5401
6482
6416
6078
5522
4436
3278
2689
2103
1185
890
973
985
1028
1212
791
-428
-1240
-1514
-1505
-1151
-229
705
1362
2270
2901
2922
2802
2873
2504
1456
599
42
-266
-192
172
301
88
-34
-360
-958
-1448
-1585
-1598
-1597
-1411
-1126
-734
-126
616
1079
1134
919
534
110
-228
-372
-330
-94
198
343
307
187
128
14
-298
-731
-1088
-1274
-1264
-980
-582
-136
302
565
547
394
336
296
265
298
330
409
630
919
1119
1175
1133
916
488
97
-215
-403
-367
-192
-101
-149
-100
-39
-52
-125
-274
-469
-604
-608
-529
-337
-18
359
585
581
508
361
218
127
16
-200
-446
-565
-626
-650
-626
-606
-676
-836
-1053
-1291
-1476
-1509
-1432
-1390
-1354
-1234
-1083
-1002
-939
-1004
-1215
-1476
-1762
-1993
-2126
-2122
-1984
-1811
-1683
-1599
-1457
-1438
-1580
-1704
-1971
-2337
-2660
-2875
-3137
-3171
-2267
-476
1710
3689
5185
5876
5717
5373
4723
3613
2539
1959
1304
538
420
573
694
912
1019
361
-683
-1093
-1087
-957
-445
475
1216
1815
2588
3039
3107
3172
3108
2366
1226
384
-104
-395
-383
-215
-339
-606
-729
-945
-1332
-1538
-1478
-1499
-1495
-1233
-778
-163
602
1291
1511
1416
1274
1069
716
406
275
135
25
-19
-58
-147
-162
-150
-447
-897
-1213
-1428
-1525
-1385
-1027
-685
-283
131
395
521
631
755
665
475
339
290
343
502
679
682
589
464
205
-176
-456
-540
-593
-543
-398
-204
75
391
598
553
393
181
-25
-168
-206
-121
44
282
464
561
622
677
655
514
317
54
-162
-285
-366
-417
-402
-343
-406
-549
-726
-926
-1118
-1289
-1432
-1573
-1568
-1397
-1140
-865
-639
-550
-666
-898
-1223
-1606
-1933
-2201
-2382
-2435
-2371
-2212
-1945
-1646
-1519
-1517
-1646
-1972
-2385
-2692
-2922
-3039
-2890
-2632
-2387
-1805
-442
1470
3221
4549
5354
5396
5078
4815
4277
3352
2651
2147
1297
553
325
231
165
260
138
-539
-977
-712
-261
142
799
1546
1913
2222
2629
2775
2739
2768
2486
1542
589
77
-296
-560
-575
-603
-834
-962
-931
-1002
-1070
-877
-691
-707
-625
-267
195
739
1339
1582
1445
1307
1157
861
577
353
9
-332
-559
-803
-969
-916
-846
-1029
-1235
-1333
-1390
-1283
-980
-683
-424
-73
229
398
556
767
909
905
822
702
626
663
834
905
787
663
503
238
-65
-246
-386
-510
-535
-533
-497
-316
11
254
374
420
420
426
421
441
462
467
469
426
326
199
138
53
-160
-424
-665
-851
-981
-1011
-958
-883
-832
-825
-940
-1101
-1205
-1316
-1465
-1662
-1850
-1974
-1978
-1894
-1802
-1687
-1619
-1647
-1718
-1792
-1886
-1877
-1700
-1602
-1564
-1389
-1260
-1283
-1297
-1390
-1699
-1985
-2169
-2323
-2310
-2057
-1759
-1521
-1201
-571
530
1925
3312
4368
4912
5017
4922
4676
4191
3531
2808
2027
1140
481
191
88
94
121
-63
-431
-528
-266
128
607
1186
1710
2029
2361
2702
2831
2808
2689
2242
1417
700
226
-188
-518
-744
-976
-1241
-1320
-1241
-1178
-1065
-841
-652
-604
-427
-34
381
763
1060
1136
991
858
753
522
242
-12
-287
-620
-867
-1032
-1128
-1118
-1096
-1109
-1137
-1046
-831
-541
-226
79
355
591
791
918
1048
1112
1086
979
762
589
495
471
407
274
73
-187
-380
-513
-539
-458
-353
-251
-167
-67
61
236
355
367
297
192
142
123
105
96
78
-21
-148
-308
-462
-569
-664
-790
-987
-1130
-1227
-1233
-1140
-1062
-1024
-1056
-1112
-1227
-1344
-1447
-1566
-1639
-1711
-1752
-1769
-1689
-1509
-1342
-1194
-1111
-1078
-1102
-1108
-1126
-1184
-1163
-1126
-1127
-1142
-1106
-1081
-1048
-999
-1061
-1112
-1098
-1017
-969
-950
-902
-868
-749
-596
-315
232
1186
2383
3379
4072
4450
4490
4241
3807
3172
2349
1613
1013
474
151
209
477
649
668
548
354
289
472
709
867
1109
1465
1712
1838
1990
2022
1840
1431
781
36
-585
-942
-1147
-1267
-1317
-1237
-1075
-938
-753
-531
-337
-197
-68
61
287
668
1057
1358
1459
1386
1215
959
631
251
-93
-453
-804
-1043
-1105
-1019
-810
-517
-357
-318
-247
-131
-34
96
280
438
578
714
831
919
964
929
724
352
-14
-247
-383
-422
-332
-232
-186
-135
-91
-118
-165
-197
-291
-443
-499
-420
-333
-254
-173
-166
-238
-301
-368
-455
-495
-503
-557
-649
-666
-595
-540
-543
-631
-793
-988
-1140
-1250
-1377
-1465
-1539
-1607
-1624
-1568
-1434
-1238
-1036
-943
-922
-923
-954
-976
-1002
-1079
-1191
-1234
-1234
-1172
-1012
-801
-601
-574
-731
-907
-1011
-1156
-1311
-1307
-1241
-1138
-944
-765
-691
-547
-246
-75
-27
55
142
225
442
1005
1793
2592
3291
3688
3681
3443
3261
2953
2335
1698
1214
786
451
421
519
577
706
769
549
294
377
591
714
865
1090
1268
1434
1671
1767
1629
1386
1028
421
-233
-568
-705
-772
-764
-690
-616
-493
-227
-7
96
170
264
271
256
418
651
857
974
946
730
451
241
-13
-292
-525
-651
-731
-737
-583
-390
-236
-171
-185
-309
-391
-324
-201
-24
142
272
339
363
391
437
403
221
37
-169
-348
-332
-187
-91
-19
47
-64
-227
-315
-391
-476
-554
-643
-750
-770
-720
-638
-573
-557
-531
-554
-601
-608
-566
-553
-556
-565
-644
-694
-678
-623
-595
-598
-623
-739
-880
-1003
-1120
-1258
-1323
-1263
-1198
-1107
-947
-821
-847
-936
-961
-1038
-1134
-1088
-1035
-1092
-1021
-824
-862
-949
-858
-911
-1099
-1155
-1166
-1250
-1152
-858
-678
-581
-479
-426
-515
-619
-571
-565
-584
-451
-234
-77
250
1016
1957
2824
3458
3774
3727
3404
3101
2681
2045
1519
1265
959
676
782
937
935
932
858
576
359
507
785
998
1271
1690
1948
2001
2115
2060
1664
1221
792
118
-498
-709
-788
-898
-879
-734
-686
-671
-520
-389
-362
-217
24
106
229
555
815
931
986
870
564
261
-26
-312
-503
-580
-573
-541
-507
-449
-328
-182
-138
-211
-308
-359
-346
-242
-106
-15
132
326
400
397
394
352
252
138
5
-122
-167
-126
-45
-53
-150
-250
-398
-608
-787
-899
-1019
-1070
-976
-810
-623
-389
-179
-156
-242
-319
-448
-633
-752
-786
-826
-827
-796
-809
-875
-941
-1034
-1193
-1374
-1520
-1564
-1542
-1477
-1343
-1114
-886
-702
-528
-507
-662
-867
-1100
-1438
-1665
-1635
-1555
-1455
-1307
-1164
-1142
-1142
-1128
-1166
-1158
-1110
-1066
-1121
-1110
-975
-837
-642
-414
-235
-221
-203
-127
105
770
1739
2768
3589
4120
4236
4025
3718
3255
2670
2002
1427
919
537
501
657
840
904
853
616
374
379
513
738
1003
1330
1585
1761
1982
2125
2084
1808
1417
868
311
-30
-231
-346
-422
-454
-550
-672
-725
-758
-829
-948
-980
-999
-951
-682
-281
99
388
588
573
475
403
303
158
11
-63
-177
-230
-102
54
128
153
101
-116
-253
-221
-201
-150
-39
28
34
120
242
323
409
457
411
263
177
220
269
289
296
194
-21
-174
-304
-510
-669
-762
-913
-1062
-1062
-943
-788
-613
-491
-504
-587
-606
-611
-685
-747
-770
-864
-985
-1007
-1002
-1028
-1038
-1091
-1258
-1436
-1524
-1564
-1620
-1683
-1746
-1809
-1799
-1660
-1460
-1262
-1063
-965
-1009
-1145
-1330
-1438
-1424
-1433
-1443
-1290
-1181
-1204
-1122
-1062
-1121
-1044
-917
-1030
-1100
-924
-791
-651
-379
-155
-96
51
511
1255
2257
3316
4105
4376
4288
4061
3622
3114
2678
2273
1785
1331
1060
898
844
829
775
533
195
12
-23
138
503
936
1217
1391
1591
1726
1772
1709
1555
1206
686
232
-96
-310
-382
-323
-354
-472
-498
-479
-498
-506
-438
-415
-456
-403
-201
11
196
417
420
169
-5
-72
-236
-324
-195
-169
-212
-66
117
205
367
517
393
172
56
-26
-38
115
318
381
323
231
128
20
-28
-18
-29
-51
-8
90
206
378
538
558
409
188
-44
-284
-469
-577
-661
-771
-870
-929
-980
-1018
-1030
-1047
-1113
-1159
-1107
-1039
-952
-816
-734
-758
-806
-852
-961
-1043
-1047
-1079
-1190
-1352
-1526
-1724
-1853
-1897
-1966
-1978
-1843
-1621
-1451
-1289
-1186
-1203
-1105
-983
-1028
-1171
-1296
-1474
-1651
-1646
-1650
-1537
-1246
-1087
-1040
-959
-882
-937
-908
-900
-992
-941
-884
-586
347
1828
3236
4194
4786
4928
4736
4266
3647
3021
2455
2039
1507
1029
933
1093
1121
874
578
171
-244
-463
-379
2
484
1024
1394
1579
1845
2090
2043
1727
1379
902
328
-53
-190
-153
-88
-64
-155
-361
-480
-517
-650
-783
-734
-653
-595
-317
136
534
825
924
774
500
252
39
-208
-361
-353
-394
-495
-426
-244
-158
-71
0
-93
-153
-64
32
129
349
575
617
584
601
567
423
302
212
49
-56
-19
-18
2
127
160
-5
-207
-324
-420
-456
-409
-355
-296
-238
-188
-237
-357
-464
-634
-870
-1076
-1159
-1169
-1114
-970
-825
-698
-633
-639
-717
-846
-970
-1128
-1338
-1515
-1602
-1634
-1653
-1634
-1613
-1623
-1622
-1640
-1692
-1733
-1719
-1566
-1392
-1260
-1143
-1119
-1257
-1439
-1495
-1605
-1660
-1537
-1516
-1565
-1538
-1539
-1691
-1704
-1588
-1694
-1774
-1663
-1483
-1316
-1073
-679
-2
1346
3004
4231
4943
5381
5470
5101
4582
3925
3096
2433
1852
1142
623
589
687
535
300
32
-311
-500
-410
-100
329
966
1604
1954
2233
2540
2698
2513
2128
1645
996
385
-56
-288
-413
-430
-418
-615
-828
-856
-828
-903
-865
-623
-402
-153
181
519
786
1027
1093
866
586
411
231
-26
-126
-124
-175
-196
-176
-188
-222
-146
-180
-312
-336
-286
-200
-71
193
398
483
528
495
413
329
318
181
-3
-41
-84
-144
-131
-59
-83
-117
-153
-307
-408
-392
-372
-413
-432
-448
-510
-535
-525
-513
-514
-507
-564
-709
-813
-851
-862
-864
-848
-893
-995
-1059
-1109
-1142
-1161
-1190
-1274
-1406
-1506
-1593
-1662
-1696
-1722
-1765
-1804
-1769
-1764
-1769
-1658
-1570
-1524
-1472
-1474
-1559
-1560
-1436
-1488
-1586
-1606
-1711
-1878
-1990
-1967
-1978
-1933
-1795
-1728
-1590
-1359
-1100
-1033
-840
58
1480
3041
4329
5284
5735
5632
5295
4590
3707
3002
2604
2061
1285
1007
995
868
676
495
129
-393
-542
-565
-462
102
940
1573
1874
2300
2584
2467
2246
2035
1659
1070
646
266
-116
-192
-98
-205
-512
-700
-943
-1331
-1503
-1370
-1181
-921
-466
-59
282
726
1109
1189
1104
962
655
337
139
96
113
132
138
18
-117
-219
-321
-462
-547
-564
-588
-468
-317
-140
170
388
412
425
434
291
221
256
209
238
316
258
142
44
-84
-229
-397
-522
-529
-517
-481
-348
-251
-250
-219
-309
-514
-605
-643
-675
-654
-579
-518
-468
-470
-528
-527
-554
-626
-762
-969
-1147
-1265
-1349
-1467
-1564
-1614
-1662
-1773
-1878
-1898
-1968
-2073
-2115
-2168
-2221
-2052
-1821
-1746
-1663
-1484
-1432
-1600
-1723
-1896
-2089
-2117
-2046
-2041
-2084
-1893
-1796
-1805
-1745
-1729
-1757
-1883
-1582
-674
854
2597
4050
5250
5800
5936
5620
4837
4002
3346
3005
2360
1803
1596
1469
1375
1072
772
133
-509
-886
-1194
-1049
-444
514
1159
1643
2245
2488
2519
2398
2223
1825
1397
1123
637
296
256
254
24
-275
-503
-959
-1407
-1648
-1730
-1626
-1272
-785
-425
-78
363
708
825
882
867
681
493
435
426
426
579
656
540
336
33
-279
-586
-756
-801
-707
-482
-291
-72
63
209
360
401
412
372
439
510
570
662
696
707
592
445
227
-31
-182
-321
-416
-477
-445
-378
-364
-319
-336
-420
-531
-641
-720
-749
-629
-454
-318
-232
-207
-269
-473
-665
-798
-943
-977
-905
-855
-841
-843
-987
-1306
-1601
-1905
-2192
-2334
-2359
-2323
-2274
-2170
-2126
-2178
-2214
-2202
-2118
-2001
-1866
-1827
-1756
-1648
-1723
-1864
-1972
-1984
-1922
-1873
-1987
-2068
-1880
-1730
-1618
-1534
-1545
-1524
-1141
-98
1464
3279
4780
5623
5784
5525
5130
4346
3541
3178
3023
2780
2559
2327
1806
1410
1049
383
-231
-598
-856
-1105
-962
-381
395
1226
1844
2144
2074
1956
1866
1610
1426
1368
1228
905
643
460
231
70
-172
-585
-1042
-1387
-1603
-1732
-1586
-1178
-722
-305
74
322
367
386
412
380
433
563
646
650
656
651
552
408
201
-89
-419
-651
-697
-627
-436
-166
103
237
234
187
67
-17
35
202
368
585
871
1027
1082
1033
839
513
174
-122
-405
-555
-595
-525
-400
-290
-205
-224
-345
-546
-661
-688
-669
-554
-435
-346
-283
-220
-289
-464
-610
-799
-1014
-1164
-1204
-1212
-1164
-1064
-1051
-1107
-1183
-1323
-1568
-1805
-1938
-2005
-2038
-2064
-2124
-2223
-2348
-2453
-2488
-2481
-2339
-2078
-1836
-1652
-1472
-1415
-1635
-1860
-2089
-2318
-2328
-2174
-2037
-1948
-1716
-1600
-1574
-1511
-1562
-1302
-363
1175
2745
4141
5197
5561
5594
5377
4856
4173
3711
3488
3119
2904
2758
2398
1850
1224
542
-272
-766
-954
-1095
-1040
-693
-93
454
1016
1510
1653
1631
1543
1412
1225
1201
1320
1256
1178
1087
912
631
258
-165
-718
-1140
-1406
-1527
-1443
-1212
-858
-623
-426
-259
-159
-68
-12
100
191
385
618
774
917
1015
1040
843
578
290
-32
-249
-365
-361
-326
-207
-92
-82
-88
-110
-108
-95
50
268
457
696
872
945
934
889
751
559
388
125
-88
-190
-276
-320
-297
-260
-283
-304
-365
-487
-551
-591
-639
-676
-685
-681
-689
-669
-678
-729
-779
-874
-979
-1069
-1123
-1149
-1150
-1105
-1102
-1107
-1140
-1247
-1377
-1536
-1644
-1727
-1834
-1967
-2093
-2142
-2203
-2205
-2192
-2220
-2147
-2020
-1891
-1777
-1628
-1591
-1739
-1861
-1979
-1993
-1835
-1618
-1416
-1197
-956
-902
-999
-1181
-1405
-1396
-969
-184
859
2044
3115
3905
4378
4517
4335
4030
3707
3417
3278
3203
3212
3194
3037
2695
2142
1527
830
267
-161
-467
-515
-423
-166
106
414
670
772
822
703
584
488
450
514
609
832
1013
1117
1079
863
564
142
-245
-555
-735
-702
-571
-395
-237
-81
9
-57
-146
-256
-345
-351
-278
-96
96
331
512
536
511
404
254
67
-22
-5
21
146
227
316
414
418
336
191
89
-7
4
62
86
205
299
295
201
76
-70
-222
-321
-448
-506
-466
-398
-317
-247
-172
-154
-193
-287
-386
-443
-526
-607
-689
-748
-781
-833
-895
-968
-1009
-1106
-1254
-1367
-1428
-1393
-1330
-1237
-1140
-1021
-878
-827
-838
-910
-952
-1006
-1156
-1336
-1527
-1621
-1656
-1665
-1640
-1592
-1463
-1385
-1399
-1498
-1634
-1702
-1756
-1714
-1551
-1318
-1060
-856
-692
-585
-469
-391
-429
-440
-418
-360
-279
-238
-143
146
748
1462
2096
2570
2824
2963
2911
2683
2440
2350
2476
2617
2656
2590
2537
2500
2301
1951
1549
1231
1012
806
624
533
603
675
583
405
234
113
11
-112
-192
-171
-71
-36
-100
-120
-45
86
136
118
109
112
143
137
148
256
413
472
383
267
171
85
-15
-148
-240
-286
-347
-448
-556
-573
-526
-515
-531
-508
-432
-367
-299
-257
-266
-236
-208
-238
-280
-272
-252
-250
-192
-162
-244
-363
-411
-424
-460
-466
-458
-437
-350
-314
-400
-423
-392
-335
-187
-80
-97
-61
109
118
-62
-367
-532
-317
-115
-149
-341
-428
-339
-350
-660
-851
-479
-257
-340
-370
-412
-172
203
85
-355
-277
37
116
88
-178
-332
-215
-216
-497
-798
-841
-705
-708
-956
-1075
-1060
-1058
-947
-872
-852
-663
-444
-431
-456
-430
-426
-428
-351
-187
-98
14
191
255
230
282
328
261
270
258
140
75
35
-11
-43
-5
23
-5
-20
-4
91
163
189
226
307
458
553
591
626
731
871
858
756
687
690
687
624
586
600
678
698
619
533
484
519
574
609
636
696
812
886
915
945
1025
1112
1088
1025
912
742
593
452
348
322
273
93
-65
-143
-246
-303
-190
-13
2
-75
-28
69
2
-122
-104
-45
-135
-330
-466
-460
-412
-523
-700
-677
-609
-764
-910
-686
-520
-804
-1001
-925
-761
-500
-361
-418
-394
-279
-249
-358
-504
-331
-67
20
59
-287
-515
-50
91
-422
-677
-529
-251
-207
-664
-894
-506
-128
-162
-415
-402
-56
171
13
-251
-163
119
186
56
-151
-265
-87
-23
-329
-510
-427
-276
-142
-243
-521
-558
-348
-351
-537
-583
-550
-454
-360
-441
-467
-324
-163
36
140
99
175
285
315
398
414
379
533
715
674
495
327
240
247
182
-57
-202
-124
15
64
-41
-61
142
340
362
274
281
478
646
586
467
444
547
644
505
342
359
360
231
57
-60
-55
50
132
127
141
272
402
447
500
587
684
698
657
667
641
580
465
355
385
377
245
70
-93
-172
-247
-249
-87
-66
-155
-5
113
6
-19
19
20
26
10
-65
-91
39
-77
-284
-172
-214
-521
-724
-672
-576
-663
-852
-881
-611
-454
-563
-588
-408
-314
-419
-408
-394
-441
-242
-26
-122
-228
-90
-28
49
162
-173
-409
-131
-84
-310
-384
-329
-93
8
-302
-472
-274
-179
-265
-308
-287
-175
86
432
553
584
553
227
250
416
302
478
394
-153
-255
-139
-101
66
-75
-493
-667
-693
-587
-553
-657
-572
-589
-630
-540
-586
-448
-189
-296
-441
-264
45
347
426
259
200
286
309
264
253
280
216
32
-143
-144
26
137
60
-89
-131
-67
2
76
150
198
226
199
182
313
447
447
334
204
184
257
319
350
376
417
454
486
535
627
756
799
816
888
931
976
1011
962
901
881
797
745
761
684
525
365
254
274
324
237
130
131
231
229
103
41
-25
46
133
12
94
229
137
86
118
78
9
-69
-212
-185
-197
-392
-509
-618
-592
-545
-770
-928
-745
-644
-619
-611
-943
-992
-574
-562
-714
-568
-550
-509
-289
-419
-527
-305
-306
-358
-336
-394
-355
-383
-388
-390
-456
-363
-496
-605
-342
-453
-574
-465
-660
-602
-379
-610
-751
-547
-408
-309
-330
-530
-410
-189
-166
-136
-367
-491
-265
-450
-552
-279
-308
-351
-390
-613
-467
-136
-78
-86
-88
-66
81
164
209
399
532
540
579
599
680
834
862
805
792
831
885
926
1018
1070
1032
1065
1176
1274
1340
1338
1290
1359
1480
1496
1566
1660
1663
1641
1507
1396
1389
1306
1175
959
793
762
683
633
568
435
383
247
82
97
92
74
145
156
153
207
155
39
-27
-142
-239
-344
-541
-593
-578
-600
-503
-570
-731
-652
-705
-844
-792
-864
-888
-776
-859
-914
-854
-818
-766
-770
-841
-899
-878
-857
-837
-864
-1016
-1015
-1001
-1043
-876
-866
-986
-907
-979
-1077
-864
-871
-876
-588
-735
-803
-535
-579
-405
-138
-325
-315
-171
-400
-321
19
-23
-18
-146
-450
-179
-13
-277
-320
-383
-425
-384
-530
-475
-287
-294
-422
-661
-600
-276
-279
-299
-199
-192
-25
38
-128
37
265
194
248
313
354
709
854
753
888
968
1027
1231
1307
1394
1592
1649
1666
1759
1847
1971
2038
1981
1919
1873
1804
1701
1591
1503
1377
1209
1035
850
752
693
544
439
400
288
171
75
-68
-106
-66
-107
-79
-52
-81
-5
-6
-50
-25
-88
-146
-159
-194
-160
-119
-100
-50
-30
-35
-69
-116
-134
-138
-149
-145
-130
-126
-110
-129
-189
-202
-237
-355
-472
-554
-620
-654
-659
-738
-806
-741
-729
-798
-839
-920
-958
-879
-863
-875
-861
-852
-744
-656
-652
-658
-696
-690
-678
-704
-764
-874
-860
-799
-814
-724
-617
-638
-678
-679
-690
-656
-590
-571
-571
-611
-702
-722
-671
-706
-789
-847
-895
-836
-706
-735
-711
-577
-644
-620
-600
-784
-629
-453
-511
-330
-156
-5
271
346
377
606
865
1086
1228
1317
1527
1754
1912
2103
2300
2522
2691
2656
2587
2589
2546
2461
2335
2181
2050
1905
1705
1497
1356
1208
957
735
566
365
197
9
-196
-282
-353
-476
-542
-576
-622
-657
-712
-765
-760
-714
-659
-615
-553
-431
-329
-249
-138
-33
63
128
170
250
327
389
410
377
370
400
381
332
312
268
208
155
83
25
18
25
11
-20
-55
-66
-47
-50
-36
29
55
82
126
103
56
22
-12
-36
-57
-68
-58
-72
-93
-99
-122
-131
-141
-220
-286
-305
-345
-400
-483
-541
-523
-531
-615
-725
-825
-863
-854
-911
-1044
-1151
-1224
-1310
-1345
-1384
-1449
-1405
-1373
-1443
-1418
-1346
-1302
-1266
-1352
-1414
-1304
-1228
-1234
-1260
-1324
-1296
-1234
-1344
-1456
-1411
-1353
-1320
-1343
-1399
-1269
-933
-530
-199
-36
121
412
806
1248
1566
1752
1904
2033
2174
2318
2545
2881
3089
3119
3145
3195
3309
3418
3284
3066
2961
2848
2686
2473
2229
2010
1768
1466
1164
931
714
405
13
-330
-518
-635
-793
-943
-1031
-1075
-1106
-1146
-1133
-1049
-994
-1022
-1081
-1068
-965
-848
-754
-650
-516
-370
-221
-64
85
214
278
297
365
434
495
560
565
609
671
662
661
649
572
477
380
293
243
224
200
186
199
183
166
176
164
148
114
57
53
98
165
253
298
308
325
314
293
267
183
96
48
-42
-109
-109
-161
-206
-229
-310
-363
-396
-460
-506
-559
-664
-775
-850
-920
-969
-1049
-1176
-1241
-1295
-1396
-1479
-1570
-1665
-1713
-1748
-1764
-1728
-1647
-1539
-1468
-1468
-1460
-1399
-1348
-1353
-1397
-1467
-1500
-1489
-1515
-1508
-1479
-1525
-1590
-1642
-1685
-1660
-1511
-1236
-855
-506
-292
-41
374
869
1345
1693
1920
2192
2433
2575
2855
3228
3555
3820
3889
3899
4000
4000
3870
3677
3454
3302
3132
2845
2586
2369
2092
1781
1438
1130
889
547
101
-252
-499
-692
-883
-1129
-1317
-1419
-1542
-1660
-1702
-1654
-1590
-1591
-1589
-1518
-1408
-1295
-1175
-1043
-899
-747
-614
-480
-296
-98
53
179
313
451
556
615
652
704
794
890
923
903
881
816
705
618
555
520
505
447
381
354
330
304
277
230
192
173
132
110
129
136
166
221
251
275
298
265
209
193
165
125
100
62
26
-13
-63
-109
-155
-194
-230
-288
-364
-441
-492
-539
-607
-669
-734
-812
-879
-970
-1105
-1212
-1289
-1387
-1476
-1573
-1688
-1795
-1891
-1919
-1879
-1837
-1788
-1755
-1776
-1768
-1691
-1613
-1557
-1511
-1502
-1528
-1548
-1523
-1465
-1423
-1454
-1562
-1627
-1586
-1494
-1359
-1122
-740
-343
-112
71
454
1031
1587
1900
2010
2269
2714
3040
3211
3389
3652
3935
4049
3996
3982
3998
3854
3548
3241
3074
2994
2783
2439
2110
1823
1539
1186
815
511
188
-208
-588
-848
-996
-1129
-1333
-1541
-1658
-1732
-1809
-1862
-1858
-1808
-1754
-1706
-1602
-1420
-1241
-1094
-962
-821
-615
-403
-234
-56
115
275
425
552
694
826
902
944
984
1050
1113
1113
1044
946
875
802
708
639
578
520
481
432
402
381
329
282
235
196
197
205
222
257
260
243
262
293
290
271
231
172
145
152
150
131
104
70
14
-49
-93
-133
-197
-255
-305
-385
-441
-497
-593
-647
-702
-816
-904
-993
-1101
-1167
-1250
-1345
-1403
-1455
-1492
-1544
-1627
-1690
-1710
-1680
-1643
-1649
-1661
-1621
-1545
-1474
-1457
-1457
-1434
-1422
-1398
-1372
-1350
-1307
-1347
-1430
-1465
-1488
-1445
-1411
-1494
-1558
-1436
-1031
-448
-62
55
233
660
1257
1698
1791
1870
2200
2573
2754
2851
3121
3533
3787
3726
3591
3659
3759
3582
3187
2898
2842
2800
2541
2172
1961
1817
1505
1102
761
462
130
-304
-728
-912
-967
-1157
-1400
-1546
-1615
-1666
-1771
-1879
-1825
-1693
-1657
-1608
-1456
-1235
-1009
-860
-709
-455
-182
1
111
254
435
598
737
871
1020
1121
1142
1138
1137
1140
1107
998
875
791
707
601
525
483
431
368
294
220
151
44
-56
-100
-95
-55
-39
-34
6
28
20
7
14
54
54
4
-7
42
102
137
166
201
201
176
137
88
73
43
-48
-90
-82
-123
-203
-311
-419
-503
-630
-779
-886
-991
-1102
-1185
-1249
-1280
-1294
-1350
-1434
-1494
-1501
-1487
-1478
-1451
-1437
-1413
-1326
-1242
-1210
-1212
-1249
-1279
-1270
-1257
-1289
-1370
-1439
-1460
-1460
-1472
-1501
-1559
-1605
-1603
-1604
-1617
-1602
-1561
-1399
-1004
-520
-185
5
224
607
1107
1455
1559
1662
1917
2216
2415
2577
2855
3200
3420
3450
3455
3569
3609
3442
3224
3105
3109
3064
2790
2475
2297
2076
1745
1396
1033
706
341
-141
-509
-677
-854
-1088
-1320
-1488
-1506
-1515
-1605
-1632
-1581
-1551
-1508
-1415
-1270
-1044
-824
-681
-494
-249
-56
75
145
216
372
532
652
776
871
928
962
961
948
915
857
776
654
572
543
474
411
364
249
163
123
3
-123
-213
-313
-368
-386
-411
-407
-387
-366
-323
-259
-188
-123
-85
-52
37
165
292
392
449
502
572
617
630
642
640
614
573
513
458
428
355
226
100
-39
-205
-361
-526
-678
-779
-886
-996
-1073
-1137
-1219
-1317
-1395
-1456
-1498
-1536
-1591
-1602
-1573
-1574
-1599
-1632
-1660
-1645
-1616
-1643
-1696
-1712
-1700
-1668
-1634
-1612
-1591
-1595
-1614
-1610
-1581
-1532
-1501
-1522
-1534
-1501
-1458
-1318
-937
-460
-195
-159
-88
270
860
1269
1286
1292
1623
2095
2399
2540
2761
3146
3479
3582
3591
3702
3816
3731
3507
3421
3495
3450
3155
2755
2487
2347
2082
1659
1231
823
442
72
-266
-466
-611
-860
-1104
-1231
-1291
-1345
-1450
-1573
-1573
-1464
-1365
-1252
-1126
-1025
-899
-748
-589
-409
-281
-233
-157
-10
177
357
468
531
603
660
696
714
685
643
598
550
528
490
393
307
237
157
101
6
-136
-230
-316
-402
-406
-367
-354
-340
-308
-237
-123
-67
-59
14
134
271
403
477
554
679
752
776
841
895
864
801
740
690
680
633
478
340
270
152
-2
-152
-326
-466
-585
-753
-855
-898
-1009
-1122
-1194
-1258
-1278
-1325
-1437
-1486
-1515
-1588
-1615
-1616
-1660
-1725
-1786
-1796
-1726
-1696
-1782
-1850
-1800
-1697
-1646
-1661
-1652
-1563
-1450
-1389
-1383
-1366
-1329
-1323
-1345
-1321
-1251
-1211
-1248
-1280
-1092
-607
-81
174
183
287
710
1236
1481
1431
1466
1878
2450
2779
2885
3052
3333
3555
3578
3492
3496
3504
3330
3093
3002
3036
2981
2686
2311
2058
1838
1505
1078
691
436
253
37
-167
-295
-425
-611
-798
-919
-990
-1071
-1163
-1205
-1164
-1063
-942
-841
-791
-778
-762
-725
-662
-610
-584
-513
-356
-189
-75
-18
17
55
87
123
155
151
130
130
153
195
221
178
123
107
114
125
105
110
223
332
393
451
430
383
344
285
595
1205
1299
902
600
546
829
1076
857
678
680
419
201
173
44
-81
-309
-603
-458
-201
-271
-347
-521
-848
-888
-801
-780
-653
-677
-763
-547
-466
-737
-945
-1032
-1024
-960
-1093
-1254
-1224
-1262
-1391
-1439
-1517
-1690
-1935
-2155
-2168
-2118
-2239
-2382
-2364
-2241
-2161
-2203
-2216
-2072
-1893
-1785
-1743
-1733
-1674
-1593
-1505
-1345
-1190
-1083
-989
-964
-806
-144
928
1978
2653
2891
3024
3257
3382
3396
3635
4204
4798
4947
4569
4112
3786
3378
2830
2264
1782
1451
1144
794
561
385
7
-535
-1047
-1377
-1392
-1199
-989
-750
-519
-398
-333
-319
-294
-93
189
398
591
809
1056
1277
1264
1039
812
617
462
406
412
445
415
177
-171
-437
-592
-666
-676
-660
-635
-603
-557
-466
-348
-237
-176
-161
-119
19
244
501
730
880
950
957
925
895
894
942
1021
1016
901
742
532
279
29
-192
-335
-380
-387
-386
-391
-409
-437
-489
-490
-369
-191
-41
58
93
101
106
71
19
-2
-41
-117
-212
-342
-468
-578
-755
-974
-1150
-1311
-1472
-1602
-1685
-1715
-1733
-1821
-1944
-2034
-2088
-2109
-2126
-2151
-2129
-2054
-1938
-1781
-1656
-1589
-1547
-1538
-1531
-1472
-1398
-1282
-1114
-1026
-1065
-1177
-1322
-1379
-1324
-1323
-1414
-1502
-1561
-1602
-1638
-1587
-1114
-17
1354
2475
3134
3409
3491
3512
3504
3682
4298
5125
5634
5537
4969
4240
3514
2731
1953
1432
1212
1061
773
297
-261
-778
-1270
-1722
-1965
-1872
-1511
-1064
-693
-418
-167
33
129
167
269
548
983
1405
1713
1908
1938
1738
1357
967
726
643
639
611
481
266
-12
-367
-724
-961
-1043
-1005
-909
-804
-694
-564
-463
-428
-414
-325
-139
81
295
493
673
804
831
768
720
744
786
819
823
796
754
634
403
142
-64
-195
-253
-258
-241
-231
-285
-415
-533
-563
-481
-317
-143
9
134
192
172
131
105
114
152
159
132
103
27
-142
-372
-619
-819
-945
-1035
-1129
-1211
-1290
-1387
-1486
-1591
-1726
-1856
-1957
-2035
-2069
-2058
-2035
-2010
-1999
-1990
-1951
-1895
-1853
-1821
-1811
-1797
-1732
-1648
-1574
-1490
-1442
-1438
-1381
-1334
-1449
-1641
-1712
-1631
-1465
-1331
-1352
-1483
-1539
-1286
-449
984
2480
3412
3684
3598
3446
3387
3531
4012
4796
5418
5425
4916
4159
3334
2591
1919
1361
1061
858
573
289
-47
-440
-761
-1122
-1492
-1625
-1494
-1087
-476
24
355
581
533
302
212
391
882
1504
1906
2049
1950
1577
1125
753
518
498
512
416
329
175
-145
-477
-790
-1081
-1213
-1215
-1113
-868
-605
-423
-336
-377
-415
-351
-237
3
357
625
776
835
729
603
565
515
470
476
466
417
314
143
-28
-172
-304
-397
-453
-459
-383
-264
-141
19
176
252
274
306
391
552
726
822
869
878
786
626
455
266
105
-20
-175
-336
-482
-661
-868
-1096
-1333
-1498
-1585
-1646
-1649
-1626
-1659
-1734
-1883
-2096
-2210
-2170
-2053
-1878
-1746
-1756
-1816
-1858
-1861
-1767
-1613
-1465
-1325
-1295
-1445
-1625
-1704
-1670
-1549
-1445
-1464
-1565
-1675
-1798
-1905
-1897
-1727
-1533
-1504
-1676
-1933
-2093
-1792
-685
1052
2735
3736
3880
3473
3059
2974
3298
4093
5216
6045
6001
5188
4112
3132
2403
1970
1786
1717
1580
1241
706
115
-341
-669
-1035
-1374
-1479
-1308
-893
-354
66
265
283
112
-127
-140
261
958
1604
1960
2008
1753
1281
850
620
591
734
880
813
541
158
-279
-661
-930
-1091
-1139
-1105
-1030
-929
-861
-831
-796
-805
-852
-770
-534
-240
121
472
665
706
633
495
416
443
542
693
809
804
678
428
140
-36
-100
-114
-71
-26
-23
-30
-49
-91
-108
-50
97
284
450
582
640
596
511
435
362
313
281
224
131
-2
-204
-480
-785
-1049
-1233
-1347
-1399
-1414
-1453
-1536
-1640
-1766
-1899
-1979
-2002
-2010
-2010
-1973
-1891
-1820
-1820
-1870
-1943
-2011
-2009
-1931
-1865
-1871
-1926
-1971
-1980
-2000
-2041
-1994
-1810
-1644
-1710
-1969
-2129
-2088
-1995
-1899
-1767
-1660
-1580
-1280
-389
1102
2609
3503
3659
3364
3074
3115
3548
4404
5496
6239
6237
5537
4388
3289
2662
2455
2443
2394
2101
1586
890
74
-551
-876
-1107
-1286
-1381
-1368
-1144
-828
-609
-446
-361
-413
-473
-399
-56
568
1213
1661
1817
1595
1180
868
749
837
1065
1236
1229
972
492
-19
-447
-744
-866
-912
-944
-930
-968
-1079
-1156
-1201
-1210
-1139
-1014
-781
-431
-74
247
465
513
501
511
534
655
877
1052
1132
1081
869
592
330
124
56
105
185
234
136
-108
-335
-468
-482
-336
-90
150
310
314
187
71
65
174
342
488
559
522
343
98
-119
-292
-418
-515
-637
-782
-935
-1116
-1295
-1449
-1591
-1709
-1821
-1940
-2031
-2130
-2242
-2290
-2286
-2278
-2259
-2284
-2356
-2386
-2387
-2375
-2283
-2127
-1981
-1865
-1831
-1884
-1945
-1934
-1802
-1580
-1412
-1370
-1413
-1536
-1711
-1824
-1834
-1781
-1675
-1444
-817
430
1956
3062
3397
3117
2673
2505
2817
3632
4810
5886
6330
5949
4929
3752
2885
2464
2448
2679
2781
2521
1931
1084
200
-468
-904
-1129
-1173
-1130
-986
-792
-731
-793
-904
-1055
-1114
-1026
-802
-321
336
886
1222
1287
1093
854
715
767
1075
1442
1654
1644
1327
799
299
-103
-352
-392
-356
-367
-471
-723
-1036
-1271
-1394
-1391
-1276
-1071
-788
-515
-339
-226
-126
-7
162
369
601
853
1056
1154
1142
1025
853
688
559
496
494
476
378
194
-55
-306
-504
-608
-604
-519
-398
-294
-252
-261
-274
-262
-205
-95
47
172
242
258
244
204
141
62
-38
-158
-291
-457
-638
-803
-961
-1134
-1308
-1486
-1683
-1869
-2033
-2175
-2284
-2352
-2364
-2352
-2376
-2428
-2461
-2463
-2436
-2386
-2311
-2199
-2087
-2021
-1984
-1935
-1865
-1797
-1752
-1711
-1666
-1640
-1602
-1544
-1534
-1561
-1593
-1653
-1671
-1409
-630
630
1902
2665
2831
2655
2469
2523
2921
3703
4753
5621
5902
5578
4819
3908
3187
2844
2870
3063
3119
2880
2339
1557
730
37
-461
-723
-805
-813
-780
-791
-933
-1146
-1349
-1501
-1556
-1491
-1249
-816
-306
178
524
629
572
520
582
828
1203
1562
1816
1872
1675
1311
889
529
333
271
249
188
-11
-346
-713
-1047
-1281
-1364
-1335
-1213
-1033
-862
-730
-649
-622
-571
-431
-209
85
402
679
880
983
993
950
896
859
849
839
794
685
516
297
64
-136
-275
-360
-416
-479
-553
-606
-627
-650
-673
-676
-659
-610
-536
-452
-368
-306
-282
-285
-311
-358
-409
-464
-504
-513
-531
-597
-728
-926
-1170
-1389
-1534
-1615
-1666
-1732
-1836
-1986
-2144
-2266
-2353
-2406
-2415
-2371
-2281
-2175
-2146
-2230
-2345
-2370
-2243
-2007
-1748
-1541
-1461
-1500
-1547
-1547
-1537
-1519
-1463
-1369
-1270
-1187
-1017
-523
383
1428
2214
2566
2575
2432
2350
2552
3150
3990
4740
5119
5013
4500
3812
3212
2919
2993
3253
3403
3266
2810
2106
1331
686
282
78
-25
-87
-172
-377
-699
-1045
-1337
-1537
-1635
-1618
-1457
-1175
-852
-541
-286
-137
-109
-133
-70
173
563
1007
1399
1605
1547
1294
1000
793
724
774
882
938
829
525
98
-321
-617
-750
-737
-647
-580
-597
-677
-778
-865
-908
-860
-693
-449
-187
51
218
274
243
180
146
186
297
452
606
681
618
425
182
-10
-85
-46
48
106
45
-136
-380
-626
-802
-851
-780
-667
-613
-656
-770
-919
-1039
-1074
-1018
-919
-844
-830
-868
-917
-958
-991
-1008
-1007
-1017
-1070
-1145
-1217
-1294
-1363
-1386
-1367
-1357
-1376
-1415
-1476
-1546
-1614
-1673
-1733
-1786
-1815
-1803
-1739
-1618
-1461
-1324
-1258
-1269
-1323
-1338
-1218
-1008
-816
-640
-465
-339
-282
-282
-282
-129
297
952
1637
2084
2186
2077
1949
1978
2253
2682
3129
3499
3674
3597
3340
2973
2591
2379
2429
2638
2801
2745
2436
1947
1416
994
749
633
578
526
413
214
-72
-432
-778
-984
-1013
-914
-749
-586
-483
-441
-433
-454
-483
-465
-326
-63
226
451
558
524
399
273
199
199
261
319
338
315
204
1
-220
-391
-461
-432
-370
-328
-351
-480
-655
-785
-840
-803
-707
-624
-559
-519
-538
-590
-639
-683
-683
-622
-548
-485
-444
-442
-454
-476
-518
-532
-504
-444
-343
-221
-124
-71
-80
-123
-133
-89
-19
71
168
221
214
154
73
7
-53
-101
-112
-101
-115
-165
-253
-365
-459
-508
-506
-475
-459
-475
-508
-532
-554
-579
-589
-543
-452
-382
-346
-334
-352
-377
-373
-345
-300
-253
-228
-224
-227
-236
-234
-204
-160
-124
-116
-132
-139
-123
-80
-8
57
78
63
42
34
52
101
171
262
343
382
389
384
382
396
430
469
493
490
464
436
410
382
353
317
272
221
167
129
120
111
79
34
-10
-38
-35
-4
42
100
168
238
299
356
429
517
596
649
681
707
733
754
757
744
714
651
559
463
383
327
280
237
189
126
46
-32
-79
-87
-61
-19
16
25
7
-35
-92
-132
-132
-105
-86
-100
-155
-232
-314
-389
-445
-487
-524
-566
-626
-679
-705
-724
-742
-735
-715
-687
-646
-593
-531
-458
-379
-297
-201
-98
-7
68
131
196
254
298
332
354
348
310
259
189
107
27
-51
-131
-208
-288
-368
-438
-496
-536
-551
-547
-537
-528
-515
-487
-440
-389
-326
-241
-158
-89
-30
22
75
140
208
261
295
305
299
295
289
286
279
249
200
135
55
-6
-37
-62
-81
-94
-114
-135
-149
-157
-142
-105
-61
-20
17
55
111
178
241
306
356
373
373
358
334
322
308
274
221
156
85
22
-41
-107
-172
-239
-292
-321
-330
-309
-253
-186
-109
-21
64
144
226
313
401
477
532
576
620
659
683
672
625
565
495
416
344
275
204
135
63
-19
-108
-184
-231
-250
-249
-229
-209
-205
-214
-230
-237
-212
-162
-113
-72
-44
-37
-55
-95
-148
-191
-214
-207
-201
-226
-266
-308
-364
-427
-485
-524
-528
-507
-472
-431
-393
-372
-361
-344
-293
-204
-98
23
160
277
352
393
406
403
400
408
430
457
459
414
320
192
49
-85
-187
-247
-283
-321
-359
-389
-423
-464
-488
-475
-417
-330
-240
-163
-91
-27
20
69
126
194
268
327
372
403
410
402
390
362
321
272
209
141
79
14
-42
-90
-145
-207
-260
-302
-318
-310
-300
-286
-267
-246
-209
-153
-93
-23
44
88
119
144
162
191
216
230
243
243
216
170
117
59
-1
-68
-139
-194
-237
-265
-266
-245
-212
-183
-172
-165
-133
-78
-2
94
191
273
340
381
408
426
426
408
384
361
340
312
274
234
180
97
4
-74
-141
-188
-214
-231
-238
-243
-265
-295
-326
-356
-360
-324
-250
-155
-70
-21
-5
-19
-43
-44
-10
36
84
121
119
83
19
-66
-151
-210
-225
-195
-151
-130
-141
-174
-212
-228
-215
-166
-76
37
144
235
297
322
324
321
327
350
395
445
470
448
388
298
186
71
-22
-88
-130
-158
-187
-223
-269
-323
-377
-409
-407
-381
-346
-304
-264
-241
-224
-203
-177
-148
-109
-51
5
34
39
42
44
38
18
-6
-15
-9
-21
-57
-99
-144
-194
-237
-250
-230
-202
-184
-177
-179
-175
-152
-107
-39
53
149
219
260
280
286
292
316
350
381
398
397
372
334
290
242
186
125
66
5
-43
-59
-51
-41
-43
-54
-68
-63
-27
28
91
152
207
245
270
285
296
305
309
301
274
237
203
166
121
68
13
-48
-108
-165
-227
-287
-331
-357
-371
-376
-375
-375
-381
-389
-384
-353
-291
-206
-120
-54
-13
1
0
2
23
67
124
187
227
229
197
143
79
31
9
13
31
55
73
67
29
-25
-52
-37
20
95
163
218
250
252
231
208
190
187
197
210
213
192
140
61
-40
-144
-226
-287
-335
-360
-370
-365
-360
-382
-418
-437
-432
-406
-364
-315
-262
-212
-183
-171
-161
-145
-117
-78
-40
-3
23
30
23
6
-4
9
35
51
52
33
6
-13
-29
-36
-30
-11
14
39
55
68
81
98
127
169
217
273
323
348
348
331
306
284
266
252
244
241
230
198
149
91
30
-27
-70
-93
-110
-130
-138
-136
-123
-102
-81
-63
-52
-48
-37
-5
50
103
131
132
125
118
109
104
104
100
95
83
57
21
-27
-75
-116
-149
-171
-196
-230
-266
-293
-307
-302
-291
-297
-309
-309
-291
-246
-184
-115
-48
5
31
40
39
46
81
134
190
241
265
249
207
147
83
34
14
18
36
42
23
-11
-48
-64
-52
-19
29
94
165
232
283
303
299
300
314
333
345
339
314
266
189
88
-19
-122
-212
-293
-368
-426
-465
-500
-535
-562
-584
-593
-586
-564
-519
-455
-378
-302
-234
-172
-115
-58
-2
57
118
174
217
241
245
246
249
246
239
229
217
191
145
91
47
21
11
6
0
-18
-48
-81
-101
-98
-72
-22
45
115
159
168
151
131
123
136
175
222
263
284
274
235
174
102
41
-1
-25
-38
-55
-79
-112
-157
-202
-230
-239
-232
-210
-175
-142
-118
-98
-73
-35
14
72
132
182
215
232
237
240
252
265
271
266
241
201
153
98
37
-18
-57
-86
-116
-160
-206
-245
-267
-270
-256
-233
-200
-157
-112
-74
-52
-50
-54
-48
-17
36
90
123
119
80
34
-2
-19
-22
-14
-1
11
12
-5
-37
-62
-68
-49
-14
30
77
117
149
164
168
165
161
163
176
198
211
195
146
79
12
-45
-94
-136
-170
-193
-208
-221
-242
-275
-310
-334
-341
-328
-297
-260
-224
-190
-153
-114
-81
-60
-37
-6
41
92
124
135
136
141
147
155
152
140
118
91
66
37
4
-27
-52
-69
-81
-101
-126
-142
-144
-130
-99
-52
1
47
75
80
78
75
82
104
143
192
236
267
276
261
222
172
128
95
71
52
34
12
-18
-51
-83
-110
-122
-120
-111
-97
-80
-56
-27
1
30
55
80
108
134
162
197
233
260
274
281
274
255
228
195
162
127
87
44
-4
-57
-115
-176
-231
-281
-324
-358
-373
-365
-342
-310
-283
-271
-268
-258
-229
-184
-131
-77
-33
-11
-13
-33
-55
-69
-66
-49
-23
4
14
4
-19
-46
-63
-65
-42
-2
35
58
66
69
75
83
95
115
139
158
164
162
148
126
96
67
48
36
32
34
35
25
2
-27
-56
-81
-102
-119
-131
-129
-118
-107
-99
-101
-111
-116
-114
-100
-81
-62
-47
-39
-33
-19
11
41
62
63
46
15
-21
-47
-53
-39
-18
-9
-25
-62
-106
-146
-173
-182
-170
-139
-91
-41
6
41
64
74
79
92
121
170
236
304
357
379
367
329
286
259
248
248
241
222
192
155
115
69
23
-15
-36
-46
-50
-58
-69
-80
-88
-90
-89
-83
-68
-45
-13
22
47
66
72
73
73
79
89
96
96
89
80
56
18
-27
-71
-104
-127
-150
-177
-210
-244
-266
-268
-256
-238
-229
-227
-224
-209
-181
-141
-98
-63
-41
-34
-35
-32
-20
3
32
57
69
60
35
4
-10
-8
10
35
57
78
93
103
110
115
118
124
129
140
151
157
155
145
121
94
67
44
30
24
25
29
27
16
-1
-20
-40
-58
-67
-65
-50
-33
-23
-29
-46
-63
-71
-70
-59
-47
-46
-58
-78
-104
-122
-131
-133
-126
-120
-126
-145
-173
-199
-212
-209
-197
-185
-179
-180
-184
-188
-186
-173
-147
-104
-50
5
54
90
111
125
138
161
199
247
296
333
348
341
313
270
230
199
180
168
153
128
94
57
21
-8
-26
-38
-44
-49
-49
-39
-21
1
18
24
20
14
16
27
42
59
75
81
69
44
13
-17
-38
-58
-75
-96
-124
-155
-179
-194
-199
-203
-211
-221
-227
-224
-207
-177
-140
-103
-66
-35
-9
14
37
70
109
145
166
170
159
142
126
111
97
80
56
26
-6
-37
-67
-92
-105
-109
-107
-99
-85
-61
-29
5
39
66
86
107
128
155
182
208
221
219
203
175
142
111
87
67
45
14
-25
-75
-131
-184
-227
-252
-262
-262
-259
-255
-252
-247
-232
-204
-166
-123
-84
-53
-29
-14
1
23
51
80
99
103
90
62
36
14
3
-3
-13
-28
-47
-73
-104
-134
-161
-179
-183
-174
-153
-122
-88
-57
-30
-2
28
66
115
179
250
319
372
401
405
392
374
359
348
334
311
277
232
175
113
47
-17
-74
-122
-157
-179
-190
-194
-194
-195
-194
-194
-189
-173
-145
-108
-68
-29
1
21
29
27
20
18
20
28
33
27
9
-17
-49
-74
-98
-115
-127
-138
-143
-143
-140
-136
-131
-120
-108
-93
-78
-64
-48
-29
-10
5
17
25
32
44
64
87
108
121
129
133
129
124
120
114
107
100
97
96
99
101
97
87
70
55
40
32
31
38
52
67
78
78
71
58
44
33
25
22
21
9
-12
-40
-69
-95
-120
-139
-154
-163
-166
-163
-153
-138
-121
-104
-86
-67
-48
-28
-2
23
46
63
73
75
66
53
39
28
19
11
3
-6
-21
-42
-66
-90
-111
-124
-125
-114
-94
-68
-44
-22
-7
3
12
28
55
92
139
185
222
243
251
246
237
230
230
233
238
234
217
192
158
120
81
41
5
-27
-54
-75
-93
-111
-127
-142
-156
-165
-165
-154
-131
-103
-77
-56
-40
-24
-5
18
40
56
67
67
61
50
40
32
23
9
-10
-38
-68
-95
-118
-132
-143
-149
-155
-158
-161
-159
-150
-138
-124
-115
-107
-95
-82
-67
-54
-41
-31
-22
-15
-10
-7
-5
1
7
15
19
23
25
30
40
51
68
82
93
102
110
117
121
127
134
138
142
139
135
129
119
104
85
60
33
4
-22
-40
-58
-80
-107
-139
-171
-198
-212
-214
-203
-186
-164
-138
-117
-95
-77
-59
-39
-15
12
42
66
83
92
90
77
57
36
16
1
-9
-21
-36
-58
-84
-112
-135
-148
-151
-141
-123
-101
-80
-60
-41
-23
0
30
62
100
138
171
196
210
215
215
213
208
203
193
183
172
157
141
121
98
72
48
25
7
-7
-13
-15
-14
-17
-21
-25
-32
-34
-27
-12
14
40
61
73
80
82
81
80
80
78
73
59
41
17
-9
-33
-60
-86
-114
-142
-166
-181
-189
-194
-192
-187
-181
-175
-166
-156
-140
-121
-96
-68
-45
-29
-17
-7
4
13
23
28
29
25
16
5
-1
-2
-4
-3
-7
-9
-13
-14
-11
0
16
36
58
75
89
99
108
117
128
138
146
150
147
138
123
103
79
54
34
18
4
-11
-29
-52
-77
-104
-127
-141
-143
-132
-112
-91
-77
-72
-72
-73
-69
-55
-34
-7
19
39
45
41
28
12
0
-3
2
11
16
11
-6
-32
-64
-90
-106
-108
-98
-81
-66
-61
-65
-75
-78
-70
-43
-6
38
80
109
122
126
128
133
144
160
177
190
192
184
169
151
135
122
111
102
92
83
74
66
59
51
44
35
27
21
18
21
24
26
25
20
11
0
-10
-19
-29
-40
-58
-81
-108
-136
-159
-178
-192
-205
-217
-230
-244
-252
-253
-244
-225
-201
-176
-153
-131
-111
-90
-66
-41
-13
13
32
46
57
64
69
75
79
80
76
68
60
54
51
51
52
53
53
50
47
47
52
63
76
91
103
111
118
122
128
134
139
145
149
152
151
142
126
105
81
56
34
15
0
-17
-35
-59
-87
-116
-143
-163
-174
-174
-166
-153
-141
-131
-126
-122
-116
-104
-86
-59
-32
-6
12
21
20
14
8
3
1
4
6
5
-7
-24
-46
-67
-80
-88
-89
-85
-79
-74
-70
-65
-59
-48
-27
2
33
63
85
101
110
119
127
138
151
161
168
169
163
150
132
116
104
97
92
84
75
63
50
38
30
28
27
28
26
19
11
1
-7
-14
-18
-22
-29
-37
-48
-62
-78
-94
-109
-124
-136
-146
-153
-158
-161
-164
-168
-170
-169
-166
-157
-143
-126
-110
-96
-82
-70
-57
-43
-24
-2
17
33
44
50
53
60
67
78
89
96
103
105
104
101
95
93
94
97
100
103
104
103
103
100
100
97
96
96
99
101
101
100
93
84
73
62
52
41
32
20
3
-15
-35
-58
-77
-93
-107
-120
-132
-143
-155
-160
-162
-158
-149
-137
-123
-107
-89
-69
-47
-24
1
25
47
68
82
90
94
92
88
85
79
72
64
49
28
4
-20
-40
-53
-58
-58
-54
-51
-47
-45
-43
-33
-16
10
39
67
89
104
114
120
127
136
145
153
157
155
147
131
114
100
91
85
80
76
68
57
46
37
30
26
26
24
21
14
4
-9
-21
-32
-41
-49
-59
-67
-76
-85
-91
-96
-100
-101
-101
-98
-93
-88
-83
-81
-79
-79
-79
-77
-72
-64
-60
-58
-63
-73
-82
-88
-85
-75
-60
-45
-36
-32
-34
-33
-27
-14
5
28
50
64
69
68
63
59
59
61
66
67
64
60
51
43
36
31
33
39
47
55
58
56
50
43
38
36
36
38
36
28
17
0
-21
-40
-56
-67
-73
-78
-85
-92
-103
-112
-119
-122
-117
-105
-89
-72
-56
-45
-39
-37
-34
-26
-16
-1
11
19
20
15
6
-5
-13
-17
-15
-12
-9
-8
-10
-16
-20
-22
-22
-16
-10
0
9
15
19
22
27
32
40
49
58
66
72
72
72
71
71
72
77
81
81
78
69
58
49
43
41
39
38
34
28
17
5
-2
-5
-1
5
11
14
14
12
7
8
10
13
17
19
20
18
13
3
-7
-18
-27
-34
-40
-43
-48
-53
-61
-68
-77
-83
-83
-79
-73
-69
-67
-69
-72
-73
-66
-56
-46
-35
-32
-33
-36
-38
-34
-24
-12
0
10
14
12
8
7
10
17
28
40
47
50
52
51
51
51
53
58
65
71
77
82
81
79
75
70
67
65
66
67
68
65
56
43
30
18
8
0
-5
-10
-17
-28
-40
-53
-63
-71
-74
-74
-74
-75
-76
-81
-85
-87
-89
-88
-86
-84
-82
-83
-85
-84
-84
-80
-74
-67
-58
-50
-42
-33
-25
-14
-2
13
26
42
55
66
75
82
89
96
102
107
109
107
101
88
77
66
57
48
42
35
25
15
2
-7
-13
-12
-7
3
16
28
39
49
59
73
86
100
114
125
134
137
133
127
115
99
83
64
43
21
-2
-28
-53
-79
-104
-126
-141
-152
-158
-160
-159
-156
-152
-147
-137
-125
-107
-89
-69
-54
-42
-33
-25
-17
-10
-1
5
8
7
3
-3
-9
-15
-17
-19
-21
-26
-31
-34
-37
-37
-37
-35
-33
-29
-23
-14
-1
14
30
46
62
77
93
110
130
149
166
177
184
184
178
169
157
145
129
108
83
55
24
-6
-33
-60
-80
-101
-118
-127
-133
-133
-127
-119
-110
-98
-87
-73
-57
-38
-21
-6
3
7
4
-2
-8
-13
-19
-26
-38
-52
-67
-84
-94
-103
-105
-104
-101
-95
-89
-84
-76
-65
-54
-40
-25
-10
5
19
32
42
50
55
60
66
72
79
85
88
88
84
77
73
71
71
72
73
72
69
62
56
54
56
61
69
76
82
85
85
83
83
83
83
84
85
81
74
59
40
18
-5
-29
-50
-68
-84
-98
-113
-130
-148
-166
-179
-185
-184
-175
-161
-145
-130
-119
-110
-102
-92
-77
-59
-36
-15
2
14
20
21
23
25
28
33
40
44
46
44
41
35
29
23
19
19
19
23
25
26
27
27
26
27
31
37
47
59
70
78
84
85
84
85
88
90
94
97
96
92
81
67
53
38
27
16
5
-5
-17
-30
-43
-54
-66
-73
-76
-78
-81
-79
-79
-84
-84
-87
-87
-81
-77
-73
-70
-70
-72
-79
-86
-89
-90
-85
-75
-66
-57
-48
-43
-45
-43
-46
-33
-19
-5
13
25
35
29
26
16
5
17
32
53
78
92
90
78
65
54
57
70
83
91
92
86
59
42
27
34
30
37
53
28
16
-10
-7
8
35
61
63
56
17
-29
-66
-78
-78
-44
-32
-29
-48
-95
-141
-214
-253
-248
-203
-124
-12
148
244
262
219
137
80
110
264
476
1590
2470
1460
642
609
-127
-771
-352
-185
-211
404
373
-256
-620
-984
-1335
-1422
-1078
-676
-204
527
700
413
98
-243
-592
-728
-496
-305
-18
343
341
203
255
140
-328
-586
-604
-771
-518
-4
124
269
390
237
4
-90
-167
-170
54
132
208
432
487
553
578
377
177
3
-205
-283
-20
192
252
350
239
101
45
-104
-210
-220
-242
-259
-173
-59
15
104
25
-158
-320
-527
-601
-517
-346
-148
-2
32
-9
23
-15
-135
-115
-120
-154
-12
101
189
404
432
215
131
79
-79
-40
33
-2
141
252
189
134
64
-72
-171
-199
-262
-207
-91
-105
-46
41
4
-53
-20
-3
-65
-83
-110
-64
95
215
296
307
292
217
31
-128
-142
-48
55
177
239
237
212
78
-69
-149
-189
-186
-163
-69
28
44
7
-68
-154
-246
-293
-266
-146
21
144
193
150
67
-21
-141
-197
-175
-167
-127
-90
-57
-45
-38
-59
-115
-108
-82
-77
-43
7
25
34
51
48
43
62
-7
-72
-76
-63
-8
54
141
216
265
226
110
44
9
-17
11
86
158
179
172
111
36
1
-30
-16
25
95
156
186
191
161
152
122
65
31
35
15
-15
-4
-20
-56
-68
-102
-130
-128
-143
-183
-189
-124
-76
-71
-63
-18
-17
-62
-90
-103
-74
-22
12
50
90
89
76
56
25
16
73
118
109
119
127
81
33
31
27
35
67
79
71
78
43
-24
-62
-64
-56
-62
-41
-18
-37
-51
-37
-47
-56
-32
-4
22
73
92
95
108
99
95
53
28
30
11
12
21
-2
-37
-56
-88
-135
-138
-140
-129
-85
-64
-34
-15
2
-8
-54
-71
-74
-84
-70
-2
29
22
35
21
-9
-10
-9
-14
-7
3
17
34
43
48
41
14
-14
-20
-15
-29
-12
-4
2
17
2
-2
-10
-17
-42
-44
3
37
78
113
112
109
119
114
94
115
122
114
120
89
95
103
68
34
-20
-63
-62
-67
-73
-48
-29
-27
-38
-70
-89
-64
-76
-74
-32
-51
-78
-70
-67
-70
-67
-73
-98
-117
-120
-128
-134
-119
-66
-48
-43
9
29
18
3
-21
-16
0
24
63
88
96
88
65
21
2
17
15
19
47
70
62
40
29
-7
-36
-47
-41
-12
19
59
94
88
76
86
80
71
92
107
97
102
104
100
91
52
34
36
19
2
2
-2
9
27
45
51
42
60
61
13
-15
-20
-48
-65
-73
-104
-130
-128
-138
-150
-167
-183
-188
-186
-166
-150
-135
-118
-120
-98
-61
-65
-60
-23
-22
-33
18
39
17
45
61
45
43
36
25
7
-14
-12
-7
-11
-3
12
3
-1
-7
-29
-10
3
25
68
62
52
68
80
84
88
96
96
100
99
88
99
96
94
80
64
73
58
55
53
43
43
38
49
53
44
33
13
-7
-35
-45
-74
-107
-93
-96
-98
-97
-107
-105
-119
-153
-160
-133
-122
-111
-82
-81
-71
-55
-58
-41
-39
-40
-23
3
39
49
52
50
30
25
29
11
-17
-17
-16
-12
25
47
50
43
24
9
6
34
43
57
98
105
91
79
66
57
53
74
108
146
178
163
151
154
122
73
60
62
51
50
40
19
-6
-40
-63
-91
-106
-93
-105
-104
-97
-108
-79
-47
-22
0
0
12
18
1
4
15
16
29
38
19
15
11
-30
-37
-35
-36
-17
-1
4
-15
-28
-33
-48
-45
-22
-4
-7
-8
-3
-3
19
32
25
12
17
35
32
40
66
71
65
85
112
119
122
112
101
82
50
52
40
6
8
-1
-28
-32
-41
-78
-88
-91
-111
-94
-64
-36
-11
-2
10
-3
-19
-15
-2
42
72
66
64
30
-38
-73
-87
-121
-134
-120
-116
-93
-87
-104
-113
-129
-142
-143
-122
-100
-91
-57
-44
-46
-26
-20
-5
18
24
33
58
90
112
119
89
75
69
36
49
55
34
35
14
3
7
7
1
-6
-9
-27
-17
-11
-7
15
8
16
41
42
24
22
46
51
58
67
63
76
69
72
79
59
37
36
43
18
4
10
-20
-46
-44
-54
-73
-65
-40
-40
-48
-48
-50
-50
-41
-28
-25
-16
0
0
9
21
6
9
23
9
4
7
-1
-12
-8
-24
-50
-46
-33
-34
-22
-18
-45
-57
-41
-52
-65
-44
-31
-14
6
14
5
-30
-37
-30
-38
-20
-1
7
23
30
8
-10
-5
-17
-16
-19
-23
2
7
-4
-23
-37
-38
-42
-51
-81
-76
-44
-41
-22
1
10
23
34
26
13
27
26
24
34
44
53
36
36
37
12
6
-8
-25
-12
-4
-8
4
29
36
37
14
-12
1
-3
-16
-13
-5
7
17
21
11
-9
-27
-13
9
6
13
30
37
38
24
14
6
-11
-15
-4
1
11
31
44
27
2
11
8
-36
-56
-34
-35
-41
-60
-24
316
817
1032
886
655
445
230
167
276
414
581
668
458
159
115
49
-240
-391
-377
-420
-390
-241
-174
-162
-164
-369
-682
-737
-595
-533
-414
-120
42
-27
-95
-176
-294
-271
-191
-194
-94
149
226
118
116
130
-34
-181
-198
-198
-126
18
55
26
55
-2
-198
-301
-229
-191
-207
-109
-7
4
37
46
-41
-58
11
-4
-18
106
236
246
228
253
230
175
164
138
124
189
221
172
176
230
204
126
68
25
-21
-49
-46
-48
-21
3
-47
-77
-51
-67
-118
-96
-32
-1
18
23
26
37
14
-33
-71
-57
-11
4
-5
4
16
-30
-90
-104
-101
-83
-69
-75
-64
-73
-104
-122
-108
-71
-44
-22
-13
-11
2
-1
7
53
83
71
57
63
80
95
53
18
44
23
-4
34
54
54
56
21
-19
-12
-2
-5
22
50
69
76
56
43
30
12
-7
-23
-5
16
9
9
15
9
-7
-6
-3
3
30
28
11
27
50
34
23
46
18
-31
-37
-35
-32
-16
0
7
14
15
-19
-34
-14
-4
3
19
30
29
30
21
-4
-13
-2
12
25
38
56
63
52
28
-2
-4
21
38
48
61
58
32
26
11
-22
-25
-24
-33
-17
14
22
7
-5
-26
-56
-71
-53
-13
0
3
16
10
-12
-37
-57
-66
-71
-69
-54
-48
-61
-75
-82
-93
-94
-99
-100
-78
-48
-6
24
31
35
30
6
-18
-22
-10
6
32
56
51
43
44
38
12
-11
-24
-27
-18
-10
8
13
-13
-47
-77
-92
-90
-86
-64
-15
13
17
30
15
-18
-11
4
9
44
78
80
88
96
95
91
82
70
57
51
57
69
75
68
57
37
23
3
-29
-35
-32
-58
-75
-56
-58
-67
-56
-88
-119
-114
-117
-105
-62
-44
-47
-24
-6
-20
-27
-22
-19
-6
11
10
1
6
-9
-39
-53
-56
-69
-87
-74
-53
-65
-65
-54
-74
-95
-87
-89
-83
-27
-2
-6
46
85
71
83
110
103
108
151
162
164
188
176
151
142
118
80
72
71
49
61
70
44
31
5
-24
-28
-26
-18
6
23
26
34
28
9
0
-17
-22
-23
-24
-6
6
9
15
10
-8
-30
-47
-52
-53
-57
-55
-43
-44
-62
-75
-85
-81
-60
-45
-47
-41
-13
-10
-18
-15
-22
-9
18
39
60
71
87
101
86
71
68
39
17
34
34
20
18
8
0
-10
-29
-34
-34
-51
-50
-31
-19
1
15
6
0
-2
-16
-17
-2
-2
-10
-11
-12
-11
-17
-33
-61
-87
-106
-113
-108
-102
-90
-78
-76
-72
-77
-87
-69
-41
-24
-16
-6
4
22
28
21
23
29
26
24
33
44
38
39
45
41
49
62
53
39
44
55
58
57
52
47
42
28
11
2
0
1
-6
-18
-26
-24
-29
-32
-10
6
16
40
64
70
62
50
45
40
27
21
19
9
-6
-32
-52
-54
-57
-60
-49
-31
-22
-23
-24
-39
-35
-15
-7
7
28
36
33
42
40
29
46
53
44
51
64
52
25
8
-10
-35
-48
-59
-64
-53
-35
-33
-40
-31
-41
-65
-75
-65
-37
-6
14
7
-12
-18
-31
-49
-64
-65
-50
-23
8
20
37
53
39
13
-4
-5
-11
-13
9
26
36
53
61
54
45
43
34
38
62
76
83
88
88
75
54
31
12
-4
-21
-25
-10
0
6
16
12
-6
-25
-35
-45
-51
-40
-22
-1
26
39
27
13
7
-5
-16
-18
-17
-9
-1
-5
-18
-22
-21
-27
-31
-25
1
36
46
35
27
7
-10
-14
-21
-24
-10
-15
-36
-37
-44
-73
-88
-83
-86
-86
-62
-43
-43
-38
-28
-18
7
35
54
75
88
81
68
73
85
83
80
85
81
79
74
41
24
50
56
34
38
57
42
24
26
38
47
53
45
32
30
32
27
14
8
9
15
19
21
21
22
18
-6
-28
-29
-28
-21
0
6
-7
-14
-23
-53
-64
-57
-59
-61
-65
-67
-67
-67
-75
-83
-78
-79
-84
-80
-67
-50
-49
-55
-58
-59
-55
-55
-52
-46
-35
-27
-26
-18
-14
-13
-5
