SAMPLES:	19435
BITSPERSAMPLE:	16
CHANNELS:	1
SAMPLERATE:	16000
NORMALIZED:	FALSE
4
5
7
6
7
11
16
17
17
15
13
12
15
22
30
36
36
33
30
31
32
36
35
33
32
37
41
39
35
31
33
25
17
10
6
7
10
15
14
10
3
-6
-11
-20
-23
-18
-14
-12
-13
-10
-9
-8
-5
-3
0
-2
-3
-4
-5
-7
-9
-10
-15
-22
-29
-30
-24
-24
-31
-35
-36
-34
-32
-31
-32
-32
-35
-38
-31
-21
-19
-22
-20
-19
-17
-16
-16
-4
10
9
4
10
6
5
10
5
-5
-4
6
19
24
32
36
35
18
6
6
9
18
35
41
30
15
8
1
-7
-13
-6
10
14
14
15
13
11
15
15
20
31
23
8
8
7
1
1
-5
-6
4
5
-1
-10
-19
-31
-39
-44
-38
-21
-14
-16
-23
-37
-39
-33
-35
-39
-25
-7
0
6
3
-4
0
-5
-9
-2
12
24
22
16
8
-3
-13
-11
6
19
27
23
7
-7
-11
-14
-13
-2
3
6
6
8
8
4
-3
-4
-1
6
18
19
15
13
10
4
4
8
14
28
35
26
14
7
2
6
14
24
34
29
13
9
11
14
21
19
19
31
37
30
25
14
-1
1
11
21
33
31
15
3
-8
-14
-10
-17
-27
-25
-20
-24
-27
-35
-42
-37
-37
-40
-32
-25
-29
-28
-25
-20
-12
-20
-8
-8
-9
-13
-21
-27
-24
-18
-18
-20
-18
-17
-19
-17
-15
-13
-5
-2
-9
-6
7
8
7
5
12
22
23
22
24
27
29
23
14
8
9
6
7
23
28
17
3
-10
-22
-19
-4
13
22
16
3
-4
-8
-14
-15
-15
-9
-5
-14
-13
-8
-14
-24
-20
-14
-19
-20
-18
-18
-14
-16
-20
-18
-15
-16
-12
-8
-10
-9
-7
1
5
-1
-1
9
7
-1
8
14
16
19
16
13
13
14
6
5
8
8
9
13
11
9
-2
-10
-13
-16
-12
-3
-2
-4
-5
-12
-15
-5
4
1
1
-6
-11
-13
-4
-4
-3
-5
-8
-12
-13
-15
-11
-12
-10
-2
2
2
5
0
-9
-8
-6
3
9
9
1
0
5
7
6
9
9
15
12
14
11
11
10
13
12
16
19
22
15
8
5
8
10
-1
-13
-14
-5
-4
-9
-16
-16
-25
-33
-38
-30
-18
-9
-16
-19
-15
-10
-13
-13
-10
-2
3
6
6
8
11
5
0
0
8
15
9
-2
-2
-5
-5
-11
-15
-16
-4
-5
-8
0
7
6
2
-3
1
18
31
33
39
42
34
22
10
9
18
20
16
22
17
3
-6
-15
-18
-5
-3
-5
-4
-12
-30
-36
-30
-23
-10
-1
-1
-5
-11
-15
-11
-3
0
2
3
7
16
13
6
3
-1
-5
2
11
13
15
8
-6
-12
-5
-4
-2
-1
1
-1
-3
-9
-8
-5
0
5
6
10
14
14
10
8
7
5
8
10
6
7
6
0
-12
-13
-9
-6
-7
-9
-13
-16
-18
-20
-21
-18
-17
-12
-12
-10
-11
-10
-5
0
8
14
16
17
12
11
19
22
22
17
12
4
3
-2
-5
-7
-7
-12
-15
-15
-14
-12
-18
-26
-20
-12
-1
7
3
0
3
2
1
7
10
10
7
4
4
11
8
-7
-23
-24
-14
-1
1
-1
-6
-12
-20
-18
-7
1
3
3
3
13
17
15
13
10
12
18
26
27
25
22
17
14
17
19
19
15
12
10
12
11
10
4
-2
-7
-7
-5
-1
2
0
-3
-6
-10
-11
-6
1
5
6
0
-7
-9
-11
-10
-9
-7
-12
-15
-19
-20
-20
-23
-28
-30
-27
-22
-19
-14
-16
-16
-16
-18
-10
-5
-4
1
2
2
6
5
2
1
-2
-3
0
5
6
5
2
-3
-1
2
7
11
16
15
16
13
10
15
19
20
22
21
14
5
-6
-11
-4
3
1
-4
-10
-18
-19
-16
-11
-1
2
-2
-3
-5
1
8
5
3
1
1
1
3
5
-1
-6
-12
-14
-7
-3
-3
-6
-11
-16
-13
-7
0
1
-2
-2
3
4
5
7
5
-1
-1
3
6
8
0
-7
-8
-6
-1
5
8
4
0
-3
-2
3
5
12
13
8
8
13
13
9
5
3
4
9
10
11
14
6
1
2
6
13
16
14
5
2
2
5
12
9
6
5
3
6
9
7
2
-2
-1
3
10
7
2
-7
-14
-14
-9
-5
-6
-11
-15
-22
-22
-19
-14
-11
-13
-13
-11
-10
-10
-11
-14
-13
-7
-4
0
4
-2
-9
-12
-16
-16
-13
-7
-7
-12
-15
-20
-25
-29
-29
-24
-19
-12
-9
-10
-12
-14
-21
-19
-11
-1
8
13
12
5
2
-1
5
12
20
25
23
18
14
12
9
11
14
14
19
21
18
14
7
1
2
6
16
24
28
21
13
10
11
15
21
28
32
33
24
18
12
9
5
6
5
8
4
-4
-10
-19
-22
-24
-23
-22
-22
-22
-24
-25
-26
-26
-21
-15
-13
-8
-7
-8
-4
-3
0
3
6
4
2
0
0
0
-1
-3
-5
-10
-11
-13
-11
-8
-7
-9
-10
-6
-6
-3
2
5
7
9
13
16
20
20
18
20
18
20
19
19
16
12
4
2
3
0
-4
-8
-15
-19
-18
-14
-14
-10
-11
-14
-15
-17
-13
-12
-10
-8
-7
-7
-8
-11
-12
-12
-5
-6
-3
-1
-5
-8
-7
-6
-6
-4
-4
-6
-2
1
3
4
2
4
6
8
13
17
16
16
17
16
21
26
22
21
18
18
18
22
21
17
12
6
8
12
15
13
8
2
0
-1
-1
4
8
8
6
6
3
1
3
1
4
6
4
1
-1
-5
-9
-13
-16
-14
-14
-16
-15
-15
-17
-21
-22
-21
-17
-13
-14
-10
-7
-4
-4
-2
-2
-2
-1
3
8
12
11
9
6
4
4
5
2
1
-1
-2
-1
-1
-5
-14
-18
-21
-18
-9
-4
-2
-4
-10
-11
-11
-5
3
10
12
15
14
11
6
6
4
8
13
15
16
13
4
-3
-7
-8
-2
2
4
0
-4
-9
-9
-6
-1
7
9
6
5
6
8
10
14
14
15
12
13
15
16
12
5
2
-1
0
-2
-1
-4
-6
-13
-19
-19
-20
-17
-17
-20
-20
-21
-23
-20
-20
-16
-12
-9
-8
-9
-8
-8
-9
-6
-5
-5
-3
-3
-5
-7
-9
-13
-16
-16
-15
-12
-10
-10
-8
-10
-13
-13
-12
-9
-3
3
6
10
10
8
10
14
19
26
29
30
25
25
23
24
25
26
28
28
27
24
21
15
13
12
14
19
19
15
10
7
4
4
8
9
9
6
3
3
4
3
2
1
0
1
2
1
-1
-3
-7
-10
-9
-9
-8
-7
-12
-14
-15
-17
-20
-21
-21
-21
-19
-19
-18
-18
-21
-22
-21
-16
-15
-13
-15
-14
-11
-10
-10
-7
-9
-11
-7
-8
-3
-2
-2
-6
-6
-5
-2
2
5
4
6
2
4
6
7
9
10
12
12
13
11
10
8
10
9
11
8
7
6
6
6
9
10
10
7
6
3
3
2
4
4
5
2
1
-3
-5
-5
-5
-4
-3
-4
-5
-4
-8
-9
-11
-10
-11
-10
-10
-10
-9
-12
-16
-16
-16
-12
-12
-12
-15
-18
-20
-19
-16
-13
-13
-15
-14
-14
-11
-8
-6
-5
-3
-3
-1
3
2
4
5
5
9
9
11
11
12
10
12
14
14
15
16
16
15
13
11
12
14
16
17
19
18
15
14
15
17
20
22
22
20
20
15
16
16
15
15
15
14
13
9
4
-2
-3
-3
1
0
0
-5
-13
-16
-17
-15
-11
-11
-11
-10
-13
-14
-18
-17
-16
-13
-10
-9
-12
-12
-18
-18
-20
-15
-12
-12
-15
-18
-20
-20
-20
-19
-17
-17
-15
-13
-12
-11
-11
-11
-8
-1
5
8
9
9
10
10
15
16
20
22
21
22
21
20
20
20
20
21
21
20
17
14
13
11
14
15
14
13
10
9
7
7
8
10
10
7
4
1
0
0
-2
-2
-3
-6
-8
-13
-15
-15
-18
-19
-20
-21
-20
-24
-26
-29
-32
-31
-30
-29
-29
-29
-29
-31
-29
-27
-25
-23
-20
-15
-11
-10
-10
-10
-9
-5
0
3
6
6
4
2
4
6
9
11
13
16
16
18
16
15
15
17
21
26
27
28
25
22
22
25
29
31
32
27
27
26
25
24
20
18
15
16
15
15
10
5
1
-1
-2
-2
-1
-3
-4
-8
-11
-13
-15
-14
-14
-12
-10
-10
-11
-17
-19
-18
-16
-13
-10
-9
-13
-16
-16
-16
-13
-11
-10
-10
-8
-8
-6
-6
-5
-6
-6
-5
-2
0
2
2
-1
0
1
2
1
4
5
7
6
8
7
8
10
9
11
12
14
16
15
14
14
13
14
14
14
14
15
15
14
12
10
10
7
9
10
10
12
10
8
5
3
2
4
6
6
4
2
-2
-5
-7
-9
-11
-12
-13
-14
-15
-18
-20
-24
-25
-26
-26
-23
-22
-23
-24
-26
-27
-27
-25
-21
-18
-17
-17
-16
-18
-18
-15
-16
-11
-10
-8
-7
-9
-8
-9
-6
-4
-3
1
1
5
4
5
6
7
12
14
18
19
21
21
22
24
26
28
28
28
28
28
28
29
29
27
27
26
24
23
23
23
21
18
16
15
11
10
8
7
5
4
2
-1
-4
-7
-8
-10
-12
-11
-14
-14
-17
-16
-17
-18
-19
-16
-14
-14
-13
-17
-17
-19
-18
-15
-13
-13
-15
-17
-18
-17
-15
-12
-9
-9
-9
-9
-8
-6
-5
-2
0
2
5
7
7
7
6
6
8
10
12
15
13
13
11
11
11
12
12
13
14
14
14
12
11
11
11
12
16
16
17
14
11
10
9
10
11
12
12
8
6
4
2
0
1
1
3
3
1
-1
-4
-5
-7
-6
-3
-3
-4
-7
-9
-11
-12
-11
-11
-12
-14
-16
-18
-20
-21
-20
-22
-22
-21
-20
-20
-19
-19
-20
-19
-17
-16
-13
-13
-11
-10
-11
-9
-8
-7
-5
-5
-2
-1
-1
0
0
3
4
3
6
7
9
11
10
12
12
14
15
16
17
19
20
20
19
19
20
20
22
21
19
19
18
15
15
13
10
7
8
10
7
1
-3
-2
-2
-5
-8
-6
-8
-9
-13
-17
-16
-18
-22
-24
-23
-24
-27
-29
-28
-28
-31
-32
-30
-28
-29
-25
-24
-29
-34
-36
-38
-36
-33
-35
-28
-23
-35
-45
-44
-39
-35
-29
-19
-10
-8
-5
0
1
-4
3
19
36
51
51
51
52
46
29
25
34
47
60
69
73
71
64
60
53
48
86
173
250
250
193
133
124
170
216
242
253
240
195
139
97
73
58
42
41
41
21
-14
-65
-143
-210
-224
-195
-153
-140
-172
-220
-258
-282
-284
-266
-234
-204
-185
-171
-164
-180
-210
-217
-193
-158
-112
-75
-68
-86
-112
-125
-113
-87
-59
-33
-12
0
-3
-16
-28
-27
-17
13
66
102
109
107
98
92
100
132
172
198
202
200
201
198
186
174
175
193
210
204
189
171
146
127
116
110
98
86
80
63
35
-1
-29
-48
-64
-63
-63
-72
-94
-119
-137
-141
-142
-148
-140
-127
-125
-131
-143
-142
-135
-128
-113
-96
-85
-75
-65
-61
-65
-62
-46
-22
-2
6
11
20
22
17
17
33
51
59
66
76
84
73
58
59
77
101
115
115
101
84
78
82
92
94
88
85
82
72
58
49
44
37
23
18
22
16
-4
-24
-37
-44
-51
-58
-62
-58
-60
-69
-81
-96
-104
-97
-82
-73
-74
-81
-76
-66
-70
-75
-69
-51
-30
-13
-5
-2
2
-6
-4
9
30
49
60
56
41
27
21
31
39
34
37
44
46
39
23
11
12
17
23
34
46
44
29
5
-9
-2
14
23
21
8
-7
-11
-15
-23
-35
-41
-36
-21
-18
-25
-37
-53
-65
-60
-46
-35
-31
-47
-57
-48
-48
-50
-56
-65
-53
-40
-35
-33
-35
-41
-43
-37
-33
-23
-9
-2
8
8
-9
-11
-5
-5
7
15
13
21
12
-2
0
-6
-4
17
25
25
24
11
11
21
13
12
33
36
28
14
-9
-1
15
11
9
3
-10
1
-1
-19
-13
-1
21
42
17
-13
-6
5
18
21
27
65
72
41
17
5
31
68
78
92
97
86
91
79
67
82
90
107
133
131
118
115
99
61
51
81
117
141
123
81
63
53
60
71
63
69
74
60
60
48
13
-2
-3
5
12
6
-3
-27
-49
-50
-43
-49
-53
-42
-51
-64
-59
-59
-50
-62
-100
-83
-55
-38
-43
-116
-129
-73
-65
-61
-59
-70
-77
-92
-77
-61
-40
-9
-38
-61
-49
-22
16
-21
-54
-72
-87
50
22
-85
-7
-98
-106
-29
-181
-58
75
-146
-140
-95
-180
-45
-56
-244
-159
-27
-113
-160
-119
-208
-166
-50
-187
-148
-59
-200
-106
-52
-171
-60
-43
-118
-40
-65
-70
21
30
5
-44
-12
78
81
80
27
19
181
181
131
146
9
162
385
152
153
230
105
363
326
-32
211
378
216
194
39
80
386
289
-15
-70
146
339
105
-131
30
108
90
112
-104
-165
69
22
-47
14
-202
-144
121
-120
-180
-6
-163
-16
83
-292
-113
186
-98
-104
-67
-210
124
132
-221
-30
2
-166
59
11
-175
47
55
-140
-21
53
-40
19
24
-68
10
42
63
106
-84
-5
121
-122
13
127
-51
126
0
-204
149
-1
-179
237
25
-195
107
-87
-48
265
-151
-229
190
-12
-100
122
-109
-152
97
-48
-147
78
12
-171
4
-70
-192
171
83
-210
-24
-129
-70
311
-14
-229
-27
-53
153
177
-182
-140
121
110
-68
-6
-22
-91
253
7
-421
152
322
-122
-109
-170
-68
416
122
-372
-75
107
103
183
-171
-196
195
108
-3
-79
-78
132
-108
4
248
-379
-41
541
-361
-253
273
-200
235
132
-535
168
153
-180
232
-185
-332
252
165
-224
-230
97
94
-115
51
-220
-282
371
46
-302
100
-119
-45
230
-250
-146
354
35
-276
98
69
-160
359
49
-499
272
177
-205
417
-131
-448
450
49
-242
341
-166
-161
428
-196
-216
344
-69
-56
207
-337
-115
530
-69
-320
123
-113
11
208
-170
-57
64
29
-49
-225
199
134
-163
107
-294
-17
544
-301
-180
218
-254
197
165
-271
117
-107
-95
322
-196
-155
321
-65
-137
86
-123
109
276
-192
-53
112
-93
296
-10
-391
387
152
-322
114
-50
84
275
-344
-41
314
-252
-82
210
-18
136
47
-324
-106
351
209
-284
-45
214
-128
66
92
-246
264
158
-446
152
278
-223
-24
169
78
-170
-97
69
0
424
-146
-671
576
172
-571
510
55
-407
386
-184
-237
619
-91
-353
453
-121
-294
477
15
-92
170
-307
18
411
-24
-96
-115
-192
221
123
-23
-24
-401
244
185
-546
303
88
-316
320
-439
-201
640
-322
-198
74
-439
526
231
-745
151
87
-116
345
-257
-59
245
-305
202
154
-300
406
-8
-379
368
-82
-128
359
-251
34
133
-414
446
-16
-568
712
-150
-512
646
-391
-85
674
-696
24
733
-509
-34
257
-330
288
174
-354
133
268
-210
-350
337
314
-384
110
-116
-409
752
-108
-655
572
-313
-290
475
-661
147
601
-927
-36
289
-646
489
62
-855
340
-91
-298
467
-342
-221
11
-184
483
-126
-368
108
-170
433
49
-504
442
-124
-199
571
-181
21
245
-109
375
-155
-166
864
65
-144
279
-295
588
633
-564
219
466
-132
273
218
-194
203
328
-189
72
180
-276
256
257
-480
12
216
-286
181
-43
-662
225
84
-563
334
-158
-691
254
-189
-574
173
4
-412
-245
-404
37
290
-546
-494
42
18
-178
-52
-165
-237
123
-240
-125
180
-107
-97
16
203
-117
-202
487
-44
-218
413
-65
301
508
-479
95
617
20
170
328
-12
10
560
404
-395
139
614
-42
371
121
-526
628
619
-501
92
120
-280
865
-2
-948
716
167
-701
587
-148
-516
697
-404
-719
691
-111
-505
241
-502
-256
683
-498
-500
361
-377
-120
294
-361
-172
-31
-97
110
-200
-158
16
-84
-134
-208
233
151
-342
-90
-166
49
495
-239
-548
405
178
-218
205
-140
24
277
-330
153
356
-187
219
-114
-245
473
-19
135
240
-613
267
539
-265
17
-34
-48
466
-158
-311
420
0
-119
143
-310
20
428
-104
-197
61
-152
-10
442
-133
-600
215
419
-96
-88
-437
-66
658
-204
-415
334
-245
-165
571
-392
-396
588
-224
-156
273
-591
220
687
-558
-226
104
-170
409
83
-570
127
322
-251
151
-239
-177
645
-235
-206
177
-326
431
294
-588
261
240
-211
428
-234
-337
719
6
-341
254
-176
175
232
-324
371
-141
-200
420
-390
-41
290
-138
234
-191
-354
234
-15
-169
118
126
-314
-347
292
138
-286
194
-255
-340
690
-506
-373
1024
-493
-457
417
-343
206
748
-854
-523
1044
-249
-240
484
-622
88
686
-424
-361
404
239
-211
-179
125
124
136
84
-399
27
351
-45
80
23
-273
109
184
-191
54
133
15
57
-387
170
327
-517
339
182
-522
393
-42
-286
342
-220
-46
296
-424
55
428
-366
-142
223
-142
-38
200
-215
-129
93
10
138
-217
-181
321
-156
-190
357
-45
-280
216
86
-286
213
294
-163
-199
65
203
18
129
-106
-205
422
224
-500
113
396
-184
303
-48
-643
518
617
-637
-292
744
-219
-452
621
-419
-209
888
-520
-548
732
-246
-460
572
-149
-324
417
-322
-302
458
-328
-63
685
-683
-383
596
-289
264
141
-901
422
468
-696
219
375
-545
95
90
-388
500
198
-540
78
144
-307
468
45
-641
370
26
-73
318
-374
-4
215
-108
168
-183
-63
325
-189
-215
96
300
-58
-276
-57
70
107
-137
66
310
-395
-354
536
4
-142
42
-187
294
-45
-187
315
-304
-70
523
-369
-145
407
-146
-38
63
-234
167
160
-250
1
164
-139
-35
225
-99
-146
69
-128
152
389
-540
93
459
-705
423
407
-753
363
199
-396
293
154
-333
228
233
-468
31
561
-149
-308
175
-41
111
202
-442
57
424
-341
-114
279
-200
41
142
-59
3
-78
78
121
-214
114
111
-146
233
-179
-111
452
-319
-294
556
-143
-269
430
-336
-1
315
-502
145
270
-487
203
417
-562
-167
477
-190
-179
399
-413
-249
679
-319
-281
416
-321
-21
475
-459
-392
786
181
-778
179
340
-221
460
-250
-508
676
-178
-238
319
-371
232
304
-623
113
352
-230
-131
41
303
-236
-147
512
-372
-128
537
-446
-23
343
-215
130
67
-234
245
124
-519
296
483
-603
21
491
-331
63
117
-294
298
30
-298
507
-136
-525
602
-64
-495
487
122
-531
86
194
-257
412
-199
-695
724
22
-471
476
-397
-54
620
-732
27
587
-561
63
85
-359
404
-84
-405
250
-130
-122
305
-305
-158
100
38
181
-344
-133
134
69
158
-483
71
484
-434
139
201
-452
481
147
-452
154
-38
220
300
-290
-51
104
241
17
-450
444
320
-429
238
-39
-59
367
-371
-256
633
-82
-489
346
-86
-256
448
-348
-296
538
-263
-172
131
-309
152
324
-332
-200
195
-91
198
28
-267
261
-14
-13
-5
-1
271
-306
-92
255
-129
-80
353
-57
-502
84
293
-109
-114
98
-45
-99
168
-28
-193
31
55
-126
-145
295
44
-102
223
-728
84
950
-724
-113
704
-675
51
712
-427
-38
314
-293
14
681
-236
-339
685
-296
-167
675
-523
-359
853
-212
-513
399
-189
151
402
-898
-77
674
-24
-38
-16
-175
-123
371
245
-401
31
380
-400
-154
737
-486
-190
761
-1039
326
825
-1659
871
868
-1973
834
644
-1427
1188
62
-1573
994
95
-519
1023
-883
-665
1259
-405
-320
474
-616
296
193
-492
417
-48
98
34
-633
529
53
-458
838
-247
-660
673
-490
95
751
-1058
312
255
-612
926
-523
-267
812
-1087
226
819
-670
251
48
-583
219
233
121
-252
-356
507
-52
-429
503
-78
-169
374
-587
161
859
-533
-195
172
-133
525
-229
-100
540
-227
-270
87
68
550
244
-657
30
174
122
526
-437
-308
181
210
469
-568
-63
279
-321
-28
176
73
-290
128
-103
-153
293
-405
-271
584
-17
-531
199
166
250
118
-925
-175
746
442
-265
-705
250
463
-492
-164
123
153
490
-882
-527
1040
569
-688
-733
-21
482
1249
-1213
-1357
2015
-221
-905
732
-1061
571
1238
-1890
294
1251
-933
509
-205
-996
1212
222
-930
695
254
-480
105
-33
428
-115
-211
529
-175
166
70
-382
378
95
-559
864
129
-1407
672
386
-206
344
-1225
222
1207
-1089
-528
645
-82
95
-69
-1183
401
1198
-856
-545
677
-541
255
504
-1153
595
495
-661
498
-470
-110
1022
-668
-247
680
-342
101
475
-735
308
415
-766
718
126
-845
663
-110
-273
360
-366
545
-67
-1025
761
544
-505
-54
-348
382
416
-612
123
88
-231
255
-229
-36
357
-180
47
-283
-225
911
-118
-624
440
-156
-34
709
-518
-327
714
-406
-189
211
-291
435
18
-853
309
232
-208
29
-393
64
135
-54
65
-218
64
-157
-241
455
-95
-146
175
-292
190
232
-432
520
166
-551
374
284
-140
326
88
-23
-84
-195
460
117
30
-201
-563
730
55
-757
379
-137
-331
515
-342
-401
451
-145
-355
89
213
-132
169
12
-234
314
-189
-241
602
221
-87
-94
-92
173
119
228
-11
-109
71
-200
516
-116
-373
533
-230
-242
64
-278
601
384
-830
8
-60
-459
831
95
-565
-101
-154
195
-134
-210
272
195
-491
-594
737
260
-129
155
-534
331
309
-152
182
-202
147
311
-392
-81
-134
39
686
-410
-767
479
259
-61
-256
-180
444
115
-280
-48
352
33
1
277
-359
-1
793
-269
-289
289
-94
229
-133
44
353
-261
-151
-138
126
301
-385
355
103
-937
399
156
-371
315
-548
-359
735
-585
-62
740
-1088
-159
646
-694
479
228
-680
708
-325
-691
972
45
-343
242
-527
172
528
-262
221
-78
-225
269
-96
360
-178
-248
342
-135
440
44
-673
137
92
76
-60
211
271
-518
52
-240
159
704
-433
-203
148
-520
437
366
-723
-160
323
174
-191
-184
270
-5
-274
-401
87
1157
113
-735
134
11
-117
408
149
-9
53
-151
123
124
3
208
-82
-449
-126
347
158
12
-465
-278
121
-233
184
-49
33
107
-1179
279
1559
-170
-448
-257
-362
626
62
-242
543
-515
-323
303
-486
162
477
-84
-143
-630
-460
806
501
-212
-109
-152
61
-72
-233
339
421
-421
-593
55
231
449
-59
-473
273
-10
-278
0
137
577
15
-717
-70
194
72
445
-164
-528
350
143
-353
210
-105
15
247
-501
138
483
-280
-112
-49
-13
77
-203
181
76
-239
126
193
-54
-3
-82
-7
81
-122
231
334
-152
-263
-82
329
140
-10
235
-8
171
-14
-68
263
78
67
-39
-91
174
-103
51
202
-247
187
170
-311
186
72
-405
59
149
66
30
-230
-68
16
-172
-223
57
148
-128
-63
-118
-109
-59
-197
-106
-90
186
217
-181
-189
49
18
-63
46
-3
152
330
-45
-92
270
-97
-280
116
76
86
180
-67
-202
-63
-118
-95
202
18
-87
160
-185
-324
50
132
-95
-124
26
123
66
-199
-35
52
-227
23
365
157
58
67
-59
46
69
22
77
94
201
64
-12
150
4
-157
-146
-143
25
273
60
-131
24
-21
24
-35
-187
126
150
59
22
-202
9
123
-62
-132
-93
266
239
-208
-190
40
-8
-56
-60
-86
122
80
-233
-206
-68
71
136
-110
-99
148
51
-142
-59
31
59
113
-12
-32
67
7
62
-64
-201
80
107
-144
-120
-37
-52
-35
-135
-176
-29
-124
-160
-18
-85
117
199
-128
-41
25
-58
158
13
83
341
33
-5
171
9
34
219
119
72
119
1
6
-16
-104
18
106
-71
-60
34
-49
-87
-191
-177
33
-348
-449
620
305
-275
155
-275
-335
224
-96
55
407
-37
157
135
-389
-32
304
86
37
53
107
209
25
-30
189
27
62
202
-102
11
148
-127
-114
-18
-60
-29
-13
-179
-146
3
-208
-259
9
47
-91
-86
-186
-223
-79
-73
-111
-28
-39
-77
-139
-220
-112
35
-11
-88
-21
103
82
-56
-59
97
106
21
95
82
105
128
19
27
116
121
118
39
-39
-14
-2
-59
-53
38
49
-5
-67
-120
-88
65
33
-29
9
101
168
80
63
143
181
41
8
123
151
201
222
106
83
81
72
22
-1
66
117
72
24
44
109
26
-173
-168
-43
34
154
162
87
71
31
29
-2
34
169
153
169
200
124
194
155
-15
-16
53
59
95
140
25
-47
-128
-208
-125
-85
-137
-108
-162
-190
-120
-219
-190
-160
-192
-129
-172
-134
-31
-80
-70
-164
-239
-111
-99
-115
-71
-115
-174
-180
-222
-178
-133
-155
-190
-267
-227
-215
-272
-307
-253
-186
-247
-292
-229
-72
-103
-149
-60
-102
0
151
167
258
350
304
301
347
410
517
569
546
603
662
644
646
713
681
665
706
721
788
821
866
814
698
683
777
743
699
715
694
681
593
536
605
540
399
381
347
370
418
371
316
267
244
220
155
140
120
62
46
-46
-109
-85
-212
-380
-455
-519
-552
-617
-696
-681
-787
-903
-885
-984
-982
-1008
-1153
-1101
-1154
-1300
-1256
-1344
-1459
-1455
-1540
-1545
-1490
-1548
-1571
-1557
-1745
-1832
-1857
-1941
-1873
-1687
-1639
-1687
-1753
-1894
-1972
-1919
-1763
-1583
-1423
-1226
-1011
-937
-779
-363
300
1004
1543
1912
2180
2397
2571
2742
2954
3258
3620
3713
3587
3476
3340
2958
2480
2012
1700
1642
1431
1174
936
447
32
-309
-724
-779
-690
-696
-627
-602
-552
-464
-424
-293
-164
37
335
633
1026
1404
1559
1561
1490
1385
1457
1553
1560
1513
1317
1031
789
465
131
-53
-341
-668
-824
-973
-959
-871
-1077
-1245
-1210
-1236
-1143
-818
-544
-291
-83
12
24
105
192
200
217
219
229
139
-37
-188
-430
-765
-1077
-1346
-1582
-1675
-1647
-1817
-2014
-2231
-2484
-2631
-2681
-2708
-2622
-2420
-2343
-2327
-2295
-2179
-2076
-2069
-2022
-1937
-1708
-1383
-1227
-1095
-1078
-1148
-1176
-1172
-1055
-895
-839
-864
-928
-897
-701
-218
448
955
1342
1672
1827
1931
2183
2405
2702
3027
3320
3505
3535
3508
3327
2878
2419
2194
1964
1861
1871
1670
1334
914
423
55
-213
-347
-261
-246
-200
-13
-20
-15
10
-3
38
142
373
653
869
1085
1166
1026
892
756
609
555
490
405
396
546
601
436
277
205
139
-21
-43
-54
-70
82
160
-14
-104
61
27
-70
15
209
422
571
689
751
707
696
709
587
418
528
594
320
171
175
-17
-336
-578
-802
-1052
-1134
-1199
-1333
-1400
-1482
-1574
-1737
-1950
-1929
-1780
-1837
-1790
-1660
-1619
-1621
-1663
-1748
-1848
-1882
-1957
-2002
-1941
-1947
-1962
-2077
-2175
-2161
-2242
-2384
-2335
-2195
-2158
-1981
-1899
-1822
-1726
-1705
-1585
-1586
-1541
-1280
-1190
-1121
-968
-695
-32
842
1656
2303
2732
2967
3110
3170
3241
3618
4077
4269
4325
4192
3914
3551
3040
2338
1773
1501
1279
1183
1052
840
647
215
-264
-544
-622
-485
-240
6
247
496
687
671
643
662
710
838
977
1130
1263
1353
1248
899
563
277
30
-189
-366
-415
-501
-665
-829
-985
-1133
-1235
-1285
-1216
-740
-120
418
1061
1415
1400
1187
972
840
933
1308
1600
1708
1752
1620
1147
689
366
-27
-230
-259
-302
-98
2
-147
-258
-641
-1151
-1234
-1159
-1064
-763
-459
-425
-516
-641
-887
-1073
-1155
-1237
-1271
-1201
-1123
-1032
-1130
-1452
-1766
-2158
-2506
-2637
-2691
-2647
-2532
-2516
-2542
-2611
-2713
-2764
-2858
-2809
-2572
-2346
-2066
-1741
-1479
-1310
-1162
-1109
-1035
-857
-601
-427
-366
-298
-299
-411
-530
-649
-721
-639
-272
394
1262
2012
2489
2689
2598
2591
2758
2966
3342
3766
4058
4168
4065
3831
3527
3018
2468
1935
1489
1353
1298
1196
1061
711
229
-256
-665
-870
-857
-718
-548
-372
-204
-25
61
36
19
17
73
219
447
729
894
843
686
414
87
-61
-173
-325
-376
-417
-489
-522
-505
-399
-357
-386
-322
-207
1
328
646
853
1046
1202
1144
1052
1179
1164
1072
1147
1093
976
970
820
560
313
39
-129
-213
-239
-137
-76
-144
-292
-368
-446
-581
-545
-509
-583
-591
-608
-692
-720
-751
-847
-992
-1130
-1185
-1278
-1374
-1440
-1565
-1698
-1810
-1905
-1951
-1984
-2082
-2195
-2305
-2398
-2436
-2417
-2321
-2264
-2276
-2275
-2296
-2186
-1944
-1748
-1541
-1333
-1249
-1156
-1027
-1009
-971
-824
-688
-505
-403
-392
-297
-315
-466
-583
-702
-739
-570
-174
479
1405
2242
2746
3039
3141
3135
3113
3182
3395
3720
4018
4052
3883
3539
3037
2407
1625
959
502
284
241
181
74
-91
-310
-637
-943
-1034
-932
-652
-320
50
463
787
1048
1082
953
928
954
962
943
969
1073
1049
810
510
214
-62
-342
-605
-799
-829
-774
-782
-732
-550
-321
-143
-98
-150
-188
-142
103
506
1148
1923
2375
2266
1852
1429
1065
871
725
606
727
741
482
213
6
-249
-588
-934
-1218
-1194
-898
-589
-354
-231
-225
-356
-509
-703
-795
-598
-452
-473
-447
-451
-522
-661
-1026
-1349
-1494
-1654
-1789
-1830
-1811
-1810
-1852
-1996
-2170
-2208
-2192
-2234
-2296
-2257
-2119
-1923
-1640
-1389
-1322
-1277
-1239
-1306
-1208
-1001
-885
-786
-839
-921
-986
-1094
-1068
-994
-1102
-1225
-1150
-1081
-1006
-953
-1002
-1029
-1070
-1064
-934
-670
-28
927
1867
2692
3303
3597
3724
3753
3719
3768
3920
4163
4239
3989
3710
3346
2749
2128
1451
767
334
77
-72
-96
-87
-135
-211
-356
-506
-444
-271
-35
309
655
974
1230
1331
1297
1257
1174
969
764
623
537
460
339
211
43
-207
-519
-817
-1026
-1140
-1122
-1043
-932
-752
-618
-413
48
529
836
1020
1135
1090
1090
1278
1289
1287
1432
1349
1046
826
610
274
48
-132
-445
-601
-617
-595
-512
-479
-454
-434
-511
-570
-555
-544
-444
-263
-174
-124
-59
-52
-168
-356
-446
-552
-769
-917
-1010
-1174
-1325
-1388
-1517
-1692
-1866
-2135
-2393
-2557
-2572
-2503
-2455
-2308
-2105
-1996
-1918
-1801
-1734
-1710
-1561
-1374
-1216
-962
-688
-524
-488
-540
-644
-815
-987
-1043
-954
-745
-564
-519
-605
-817
-1017
-1136
-1247
-1239
-1082
-926
-703
-423
-59
570
1351
2188
2894
3376
3681
3868
3995
4010
4055
4158
4193
4115
3840
3416
2993
2482
1831
1211
675
226
-17
-116
-149
-175
-184
-229
-396
-465
-416
-261
32
331
617
848
1006
1120
1100
1017
920
822
713
528
393
317
218
116
-56
-273
-429
-621
-837
-959
-1034
-1034
-963
-958
-901
-801
-646
-304
3
257
608
986
1361
1613
1709
1674
1437
1259
1106
780
620
671
579
386
205
-54
-246
-386
-630
-722
-620
-505
-335
-180
-106
-49
-34
-128
-251
-312
-352
-418
-461
-494
-568
-633
-752
-955
-1110
-1245
-1431
-1566
-1664
-1716
-1739
-1803
-1849
-1909
-1966
-2042
-2143
-2161
-2141
-2050
-1914
-1879
-1750
-1521
-1441
-1439
-1442
-1482
-1469
-1365
-1246
-1038
-749
-543
-494
-637
-861
-974
-947
-906
-774
-620
-577
-604
-734
-837
-764
-691
-603
-239
517
1574
2532
3222
3676
3892
3921
3771
3615
3725
4017
4168
4026
3727
3442
3132
2595
1914
1339
867
475
187
-12
-29
81
131
48
-81
-159
-166
-130
-118
-21
215
445
642
771
837
906
820
570
360
180
83
104
74
51
42
-43
-208
-490
-694
-768
-896
-981
-997
-963
-856
-777
-694
-587
-481
-310
-94
118
339
680
1163
1664
2052
2137
1988
1733
1406
1054
718
592
661
641
453
219
81
12
-152
-345
-439
-462
-375
-242
-147
63
236
200
71
-145
-358
-473
-567
-669
-790
-893
-982
-1130
-1308
-1469
-1588
-1717
-1869
-1997
-2049
-2031
-2009
-2010
-2021
-2027
-2024
-2001
-1972
-1971
-1919
-1843
-1786
-1649
-1530
-1502
-1488
-1501
-1509
-1441
-1346
-1294
-1234
-1155
-1142
-1108
-1002
-869
-699
-576
-590
-645
-615
-574
-551
-475
-373
-130
409
1167
2069
2977
3591
3863
3937
3832
3705
3729
3834
3998
4111
4024
3832
3522
3097
2555
1862
1192
639
239
37
-49
-15
46
-74
-319
-507
-596
-624
-579
-480
-300
-101
48
243
438
586
687
651
529
427
359
334
359
407
432
400
282
112
-66
-288
-506
-684
-818
-854
-861
-818
-709
-650
-615
-597
-579
-522
-454
-257
92
482
884
1233
1563
1970
2350
2495
2407
2149
1754
1355
941
646
610
655
645
477
177
-86
-294
-510
-701
-764
-703
-541
-384
-254
-45
58
-51
-300
-606
-810
-940
-1011
-1031
-1072
-1148
-1269
-1418
-1561
-1628
-1728
-1943
-2116
-2267
-2315
-2182
-2068
-1922
-1802
-1799
-1821
-1924
-1990
-1931
-1835
-1685
-1497
-1327
-1178
-1087
-1114
-1214
-1331
-1404
-1334
-1163
-891
-570
-293
-49
41
31
2
-91
-183
-256
-255
-190
-66
207
621
1186
1760
2220
2587
2832
2969
2965
2900
2912
3014
3206
3342
3354
3248
3059
2722
2168
1645
1193
790
490
237
107
58
16
-56
-230
-365
-450
-520
-536
-500
-372
-145
87
266
465
636
727
796
753
663
663
652
643
642
649
621
458
256
9
-265
-456
-642
-825
-903
-879
-811
-720
-617
-497
-401
-407
-386
-350
-296
-106
134
477
913
1274
1590
1772
1762
1670
1483
1255
1077
967
866
742
602
423
263
114
-85
-289
-474
-624
-715
-745
-738
-655
-530
-499
-498
-526
-607
-642
-734
-865
-915
-953
-949
-973
-1079
-1124
-1089
-1034
-1031
-1119
-1238
-1322
-1343
-1251
-1099
-1043
-1046
-1094
-1226
-1335
-1372
-1296
-1191
-1103
-1036
-1059
-1015
-924
-833
-629
-500
-497
-502
-525
-490
-397
-276
-76
158
303
377
409
414
411
270
86
65
142
283
382
367
361
315
212
173
254
373
440
514
639
863
1188
1472
1677
1816
1850
1774
1669
1653
1708
1738
1719
1657
1586
1502
1365
1184
1007
841
660
482
321
233
213
177
113
75
60
33
4
-37
-69
-51
-28
-38
-37
21
83
108
89
15
-37
-36
-73
-102
-89
-95
-95
-131
-199
-179
-159
-196
-233
-311
-374
-377
-370
-314
-220
-168
-124
-65
26
207
376
430
446
445
448
505
546
600
643
548
373
231
151
119
29
-96
-73
1
-122
-298
-320
-256
-212
-338
-556
-532
-389
-453
-529
-399
-260
-347
-576
-587
-437
-480
-581
-452
-233
-349
-747
-679
-275
-450
-824
-732
-522
-450
-644
-884
-652
-411
-509
-559
-521
-321
-151
-391
-506
-319
-206
-17
53
-70
70
178
-7
47
340
489
415
202
95
88
32
7
44
125
147
32
-26
-38
-118
-153
-130
-85
-24
-29
-28
42
128
235
257
248
392
475
363
255
198
238
356
362
327
362
387
378
277
164
260
353
289
292
314
321
401
403
374
410
384
349
369
380
359
335
369
418
424
447
438
371
380
402
423
518
551
518
484
400
344
392
425
466
561
458
226
89
21
110
166
70
108
148
82
79
67
106
160
21
-137
-133
-126
-180
-136
-19
-52
-218
-360
-359
-257
-347
-546
-519
-388
-371
-486
-588
-493
-339
-407
-600
-665
-531
-319
-403
-665
-560
-375
-119
485
613
384
348
105
182
485
297
379
605
369
151
-41
-224
-186
-129
-190
-336
-440
-644
-850
-762
-684
-586
-540
-798
-804
-678
-635
-380
-257
-148
-36
-233
-248
-181
-106
191
160
41
83
-83
-76
22
-131
-165
-180
-364
-469
-485
-479
-394
-232
-170
-192
-148
-200
-252
-164
-139
-91
31
80
134
187
225
288
346
428
474
486
510
488
476
486
465
494
534
502
456
443
391
304
336
412
410
511
591
526
602
640
548
630
676
637
717
697
663
766
813
844
832
752
685
543
423
330
213
235
203
89
112
56
5
51
-40
-98
-100
-168
-134
-121
-142
-31
63
134
101
-57
-107
-246
-402
-320
-347
-362
-210
-350
-498
-424
-553
-634
-563
-529
-153
152
-99
-344
-689
-1142
-937
-553
-530
-439
-662
-1112
-906
-776
-1077
-955
-872
-898
-579
-731
-1005
-750
-687
-547
-315
-584
-651
-594
-831
-705
-459
-395
-238
-308
-441
-332
-237
-128
-90
-175
-114
-134
-196
21
107
74
177
20
-190
-218
-398
-421
-216
-144
-68
-145
-374
-358
-336
-300
-41
86
133
195
108
171
393
496
576
686
823
965
992
1005
1131
1246
1279
1281
1198
1119
1134
1095
1090
1191
1210
1174
1112
1001
936
877
800
753
728
766
809
797
817
819
788
781
699
609
605
573
521
484
443
435
422
350
271
199
117
45
-77
-229
-283
-338
-396
-366
-401
-447
-469
-597
-628
-587
-668
-711
-707
-691
-619
-570
-585
-636
-634
-623
-660
-638
-680
-782
-758
-800
-873
-885
-990
-948
-828
-890
-845
-823
-955
-931
-959
-961
-652
-556
-704
-659
-666
-671
-511
-574
-638
-412
-358
-410
-311
-330
-322
-259
-409
-462
-425
-499
-408
-329
-327
-152
-218
-444
-383
-410
-441
-272
-339
-418
-364
-510
-567
-474
-382
-205
-181
-231
-221
-319
-350
-289
-216
-49
55
111
179
187
310
440
523
781
953
1001
1145
1201
1291
1498
1566
1609
1665
1644
1678
1715
1663
1634
1648
1601
1481
1339
1200
1098
1032
923
835
818
752
633
521
396
323
336
327
275
233
206
179
150
138
149
151
116
53
2
-16
10
85
147
116
61
35
-7
-38
-57
-126
-148
-87
-89
-149
-161
-158
-161
-152
-233
-350
-339
-372
-508
-550
-553
-532
-526
-694
-793
-787
-863
-886
-952
-1057
-1007
-1035
-1132
-1131
-1116
-990
-847
-929
-1017
-953
-932
-969
-958
-964
-849
-583
-605
-801
-772
-706
-619
-526
-653
-754
-699
-679
-701
-711
-632
-562
-621
-648
-621
-608
-595
-640
-683
-596
-493
-514
-537
-528
-494
-343
-308
-402
-356
-416
-538
-462
-511
-530
-339
-362
-418
-342
-356
-272
-152
-165
-67
95
294
603
792
940
1189
1368
1569
1800
1883
2002
2175
2218
2260
2336
2359
2365
2274
2114
2013
1873
1682
1481
1240
1084
983
777
566
388
221
139
31
-92
-100
-107
-167
-234
-304
-273
-189
-179
-145
-66
29
156
209
211
264
298
312
306
245
237
232
141
90
71
41
16
-76
-190
-226
-218
-220
-256
-256
-194
-146
-146
-178
-202
-193
-172
-183
-246
-299
-289
-339
-468
-551
-618
-689
-760
-868
-963
-1017
-1086
-1092
-1020
-942
-863
-902
-1027
-995
-895
-843
-750
-772
-830
-722
-671
-702
-724
-806
-867
-940
-891
-537
-338
-456
-675
-1084
-1230
-870
-732
-802
-757
-909
-1019
-932
-1077
-1230
-1179
-1171
-1032
-772
-719
-766
-868
-1002
-892
-641
-495
-436
-494
-649
-715
-632
-522
-474
-474
-497
-495
-325
11
293
507
727
953
1291
1647
1797
1880
2048
2257
2492
2684
2811
2918
2941
2878
2836
2841
2825
2667
2322
1953
1697
1485
1214
915
683
522
384
223
25
-151
-293
-446
-582
-651
-631
-597
-632
-664
-607
-478
-344
-275
-274
-258
-160
-55
13
94
174
244
333
418
519
607
607
572
515
436
400
317
191
131
93
62
75
92
75
26
-25
-83
-160
-205
-248
-309
-314
-305
-312
-311
-336
-371
-414
-500
-561
-599
-683
-754
-831
-913
-887
-828
-828
-820
-812
-834
-839
-864
-923
-981
-1043
-1095
-1138
-1145
-1106
-1115
-1203
-1271
-1311
-1370
-1423
-1488
-1551
-1525
-1405
-1257
-1155
-1127
-1130
-1162
-1177
-1103
-1049
-1049
-1020
-975
-881
-779
-786
-815
-764
-710
-647
-567
-541
-512
-508
-608
-602
-422
-281
-163
-24
145
487
856
1080
1310
1588
1830
1977
1985
2019
2205
2407
2512
2613
2798
3000
3109
3060
2921
2840
2773
2588
2309
2061
1913
1759
1497
1193
958
787
583
304
28
-177
-350
-557
-776
-887
-886
-885
-936
-1000
-994
-907
-825
-782
-721
-613
-505
-414
-343
-279
-159
-29
48
140
248
335
413
447
462
553
699
781
775
757
717
659
614
492
333
284
259
184
117
74
78
61
-9
-66
-129
-149
-144
-245
-323
-284
-280
-298
-291
-354
-414
-393
-457
-591
-648
-730
-828
-846
-909
-965
-920
-913
-953
-977
-1020
-1075
-1161
-1280
-1399
-1472
-1499
-1581
-1676
-1698
-1709
-1702
-1673
-1671
-1638
-1566
-1517
-1501
-1509
-1525
-1516
-1476
-1396
-1280
-1175
-1074
-996
-976
-953
-923
-917
-861
-773
-712
-636
-594
-623
-617
-580
-557
-449
-252
38
443
801
1078
1425
1779
2052
2288
2406
2468
2638
2812
2891
2968
3115
3299
3443
3459
3374
3289
3181
2962
2630
2290
2033
1834
1586
1262
973
772
550
275
-10
-289
-506
-716
-987
-1194
-1276
-1285
-1271
-1267
-1230
-1131
-1005
-889
-817
-768
-673
-535
-445
-372
-230
-97
-6
111
202
271
366
392
375
395
400
382
388
426
526
662
743
761
748
711
658
555
393
268
265
293
238
210
257
261
260
260
153
72
95
22
-125
-163
-191
-271
-274
-308
-406
-364
-337
-473
-576
-667
-817
-922
-1021
-1118
-1139
-1134
-1142
-1169
-1204
-1245
-1333
-1447
-1583
-1731
-1801
-1825
-1877
-1866
-1801
-1773
-1722
-1682
-1688
-1648
-1619
-1646
-1655
-1626
-1575
-1551
-1542
-1498
-1398
-1202
-1021
-937
-819
-722
-723
-711
-718
-770
-777
-784
-825
-777
-573
-269
154
630
1008
1403
1821
2094
2302
2423
2422
2526
2731
2887
3054
3265
3454
3633
3749
3685
3541
3427
3229
2933
2594
2235
1950
1691
1396
1121
885
698
517
223
-149
-472
-747
-1019
-1249
-1426
-1522
-1498
-1459
-1432
-1333
-1185
-1025
-893
-824
-745
-609
-483
-392
-296
-194
-63
126
297
393
491
594
625
604
560
488
446
435
399
421
552
705
833
913
925
924
905
825
674
472
313
278
287
281
341
438
456
451
402
243
165
140
-22
-159
-213
-295
-301
-313
-431
-444
-391
-436
-494
-604
-816
-962
-1079
-1236
-1300
-1326
-1392
-1391
-1356
-1379
-1413
-1457
-1577
-1720
-1809
-1900
-1952
-1924
-1916
-1896
-1819
-1755
-1671
-1592
-1614
-1644
-1638
-1645
-1613
-1571
-1553
-1462
-1338
-1258
-1130
-986
-909
-837
-796
-797
-744
-691
-677
-675
-701
-716
-640
-378
46
480
903
1309
1720
2207
2548
2614
2651
2760
2937
3175
3310
3395
3602
3807
3861
3786
3649
3525
3393
3093
2658
2309
2044
1735
1350
923
587
397
198
-73
-366
-631
-848
-1083
-1348
-1542
-1617
-1624
-1610
-1555
-1441
-1251
-1025
-848
-704
-533
-350
-190
-71
23
117
216
323
432
547
681
803
871
873
835
769
662
528
428
378
394
485
585
644
693
733
730
695
604
446
312
261
247
236
256
328
397
444
450
386
333
308
198
23
-95
-163
-203
-216
-281
-360
-359
-377
-498
-657
-839
-1016
-1154
-1308
-1466
-1557
-1570
-1566
-1591
-1604
-1583
-1585
-1604
-1648
-1741
-1799
-1815
-1863
-1904
-1896
-1865
-1801
-1703
-1620
-1555
-1474
-1427
-1443
-1464
-1481
-1501
-1472
-1357
-1193
-1039
-900
-755
-623
-520
-459
-465
-498
-521
-565
-626
-667
-660
-604
-434
-80
397
911
1373
1762
2144
2500
2715
2777
2793
2886
3082
3259
3384
3564
3771
3883
3879
3755
3574
3415
3163
2729
2252
1866
1532
1185
818
460
197
38
-143
-379
-623
-879
-1134
-1380
-1606
-1737
-1745
-1712
-1649
-1491
-1278
-1044
-776
-564
-416
-260
-109
29
152
235
303
399
530
690
837
929
994
1043
1006
917
816
662
534
482
420
400
513
671
764
796
799
776
750
694
534
358
311
345
347
330
371
453
475
456
401
281
210
143
-65
-253
-300
-351
-422
-471
-563
-660
-680
-758
-957
-1130
-1277
-1454
-1603
-1730
-1839
-1849
-1801
-1797
-1780
-1730
-1715
-1708
-1738
-1836
-1883
-1853
-1836
-1814
-1753
-1677
-1598
-1519
-1447
-1384
-1330
-1279
-1230
-1220
-1220
-1180
-1132
-1049
-919
-819
-756
-657
-526
-428
-384
-378
-428
-470
-435
-428
-497
-530
-474
-282
109
577
968
1375
1836
2216
2552
2804
2853
2913
3042
3114
3212
3339
3454
3607
3713
3694
3608
3477
3287
3005
2599
2146
1751
1407
1052
681
350
102
-67
-228
-449
-701
-923
-1121
-1323
-1502
-1617
-1643
-1578
-1464
-1330
-1147
-916
-676
-470
-312
-144
43
186
296
400
485
592
711
787
863
966
1024
1011
952
862
745
619
493
356
247
215
214
228
324
449
532
591
608
575
538
485
389
299
293
368
432
460
515
560
537
500
414
260
181
93
-120
-285
-380
-529
-659
-764
-931
-1067
-1128
-1260
-1455
-1595
-1749
-1911
-1977
-2021
-2040
-1950
-1836
-1777
-1712
-1636
-1614
-1579
-1535
-1550
-1524
-1465
-1460
-1427
-1337
-1273
-1224
-1176
-1150
-1084
-1005
-992
-1017
-1035
-1050
-1059
-1081
-1064
-963
-832
-681
-514
-380
-278
-201
-209
-290
-352
-416
-513
-513
-359
-92
304
778
1196
1593
2098
2520
2718
2867
2930
2923
3045
3123
3058
3118
3285
3348
3386
3398
3257
3103
2942
2582
2157
1799
1407
997
630
289
19
-136
-250
-407
-580
-747
-914
-1059
-1195
-1302
-1374
-1406
-1346
-1232
-1088
-898
-682
-457
-235
-31
137
272
405
482
496
522
550
603
700
754
780
847
889
864
790
648
489
388
297
235
274
335
359
424
517
586
642
628
511
441
490
502
437
420
451
439
446
475
411
382
404
250
54
-17
-136
-315
-461
-635
-816
-896
-949
-1101
-1242
-1312
-1437
-1554
-1618
-1706
-1751
-1725
-1716
-1708
-1636
-1558
-1529
-1506
-1485
-1470
-1419
-1379
-1403
-1415
-1358
-1301
-1252
-1163
-1084
-1024
-947
-911
-930
-959
-1004
-1048
-1044
-984
-899
-820
-742
-664
-602
-550
-474
-399
-376
-380
-395
-421
-418
-447
-577
-705
-658
-412
-26
463
894
1236
1686
2167
2456
2619
2690
2678
2781
2989
3047
3017
3131
3246
3248
3258
3183
3010
2907
2720
2299
1878
1570
1238
851
481
133
-94
-147
-230
-424
-601
-752
-908
-1056
-1219
-1346
-1368
-1336
-1277
-1151
-954
-711
-482
-304
-138
35
216
377
451
507
593
648
692
771
835
869
914
930
861
772
678
501
319
207
103
65
155
287
387
460
547
609
618
589
452
278
246
285
291
283
280
296
322
341
303
192
132
84
-80
-262
-386
-525
-666
-783
-931
-1034
-1016
-1036
-1146
-1238
-1319
-1387
-1421
-1475
-1552
-1564
-1515
-1491
-1446
-1368
-1331
-1274
-1208
-1207
-1220
-1222
-1187
-1153
-1136
-1099
-1088
-1029
-927
-912
-930
-934
-893
-821
-833
-894
-935
-887
-735
-631
-603
-567
-453
-303
-254
-309
-387
-395
-340
-384
-534
-650
-632
-538
-510
-534
-542
-337
128
560
887
1212
1617
2077
2399
2550
2585
2670
2931
3081
3021
2952
3009
3141
3106
2934
2726
2494
2385
2181
1758
1404
1174
928
564
161
-149
-371
-462
-569
-788
-940
-996
-1016
-1059
-1100
-1065
-977
-843
-724
-611
-449
-274
-60
102
205
346
489
636
725
773
832
823
855
886
803
753
707
632
567
472
382
283
221
223
224
262
314
337
336
331
340
314
281
252
195
183
211
228
222
200
170
114
49
-6
-64
-121
-172
-253
-362
-228
49
60
-10
-257
-701
-829
-957
-1262
-1316
-1382
-1509
-1437
-1429
-1455
-1402
-1571
-1843
-1875
-1775
-1588
-1376
-1391
-1431
-1314
-1232
-1114
-963
-944
-926
-856
-821
-749
-654
-730
-939
-1032
-993
-903
-839
-917
-1025
-1037
-909
-780
-849
-912
-870
-798
-644
-595
-679
-728
-758
-754
-740
-661
-472
-323
-206
-56
266
909
1626
2180
2589
2966
3359
3669
3795
3669
3480
3372
3146
2809
2509
2344
2246
2022
1732
1338
935
745
473
101
-146
-402
-679
-900
-1009
-1006
-877
-628
-477
-389
-229
-70
110
262
370
447
481
590
715
828
962
1029
1057
1004
901
798
644
544
437
232
26
-160
-248
-284
-292
-265
-305
-306
-283
-274
-139
88
369
589
656
742
851
963
1058
1012
908
825
765
671
525
462
427
305
108
-126
-333
-431
-422
-511
-677
-752
-836
-906
-910
-925
-896
-866
-896
-974
-1061
-1044
-1005
-1017
-1033
-1077
-1060
-980
-923
-876
-877
-949
-1083
-1247
-1395
-1502
-1515
-1523
-1568
-1569
-1583
-1593
-1537
-1454
-1372
-1296
-1225
-1205
-1203
-1147
-1101
-1065
-1017
-969
-884
-766
-589
-433
-371
-352
-399
-463
-498
-510
-477
-510
-569
-610
-698
-697
-606
-542
-489
-411
-282
-47
479
1250
1996
2654
3165
3524
3861
4130
4191
4031
3763
3439
2985
2494
2108
1855
1652
1353
941
501
213
87
-111
-382
-630
-847
-974
-1016
-935
-701
-372
-15
252
436
640
864
1048
1119
1092
1008
903
858
854
852
833
772
667
496
292
122
-37
-209
-387
-587
-769
-821
-743
-629
-516
-399
-263
-121
29
198
352
494
652
822
966
1085
1211
1268
1205
1089
884
570
274
55
-165
-376
-494
-584
-642
-603
-535
-478
-410
-322
-285
-324
-332
-364
-454
-515
-576
-661
-724
-736
-731
-759
-794
-868
-1011
-1146
-1279
-1408
-1481
-1507
-1517
-1534
-1565
-1585
-1575
-1571
-1615
-1690
-1773
-1813
-1764
-1660
-1531
-1384
-1199
-1011
-888
-822
-826
-895
-956
-973
-935
-873
-792
-716
-678
-575
-406
-301
-286
-323
-381
-424
-462
-571
-746
-880
-950
-965
-878
-686
-432
-182
79
489
1160
2028
2840
3472
3955
4292
4510
4534
4313
3947
3502
2970
2334
1781
1434
1137
877
583
197
-133
-358
-518
-648
-726
-765
-823
-790
-608
-326
39
416
764
1014
1161
1286
1357
1350
1255
1077
861
661
575
537
468
438
353
140
-95
-272
-410
-542
-629
-723
-826
-802
-670
-492
-289
-89
62
133
231
340
397
551
818
1062
1168
1142
1077
968
880
769
467
132
-84
-266
-438
-479
-405
-386
-381
-360
-410
-393
-233
-143
-198
-275
-380
-521
-580
-585
-635
-708
-793
-915
-1070
-1198
-1272
-1332
-1397
-1478
-1533
-1518
-1443
-1308
-1190
-1186
-1261
-1359
-1482
-1576
-1568
-1575
-1662
-1704
-1698
-1652
-1527
-1352
-1192
-1096
-1029
-1043
-1103
-1068
-998
-973
-1025
-1105
-1125
-1064
-834
-546
-296
-51
62
60
-6
-112
-165
-259
-444
-674
-885
-887
-630
-296
-76
58
247
601
1279
2094
2737
3268
3641
3808
3890
3886
3780
3541
3207
2707
2027
1485
1152
897
655
346
1
-295
-395
-356
-353
-298
-260
-276
-231
-132
112
454
751
998
1123
1158
1181
1237
1250
1119
953
716
422
240
120
36
-15
-93
-219
-393
-488
-489
-450
-392
-423
-482
-492
-417
-225
-37
127
253
346
527
764
1011
1170
1177
1071
800
551
386
184
71
39
-14
-99
-85
44
81
123
150
-57
-292
-369
-446
-573
-609
-660
-817
-874
-869
-877
-792
-769
-852
-942
-1113
-1291
-1337
-1340
-1402
-1408
-1331
-1334
-1292
-1119
-1054
-1082
-1096
-1208
-1436
-1656
-1813
-1951
-2035
-2027
-1956
-1818
-1647
-1472
-1323
-1267
-1281
-1299
-1349
-1395
-1362
-1294
-1183
-981
-722
-522
-381
-221
-133
-81
-13
-46
-149
-286
-428
-574
-683
-707
-729
-649
-481
-339
-190
-81
76
501
1280
2141
2734
3236
3710
3996
4255
4400
4181
3719
3250
2721
1990
1347
1005
733
430
136
-97
-263
-275
-77
7
-110
-165
-108
-20
47
250
553
754
972
1128
1138
1161
1257
1307
1079
753
504
256
88
-53
-195
-292
-354
-348
-384
-439
-401
-346
-334
-413
-484
-439
-347
-197
-37
89
238
390
554
651
723
907
1083
1150
1069
918
745
520
393
218
-66
-211
-281
-347
-384
-328
-245
-235
-204
-281
-414
-412
-377
-380
-462
-569
-654
-723
-753
-829
-904
-964
-1085
-1180
-1305
-1437
-1466
-1433
-1406
-1440
-1458
-1443
-1468
-1478
-1544
-1656
-1719
-1790
-1835
-1894
-1933
-1868
-1778
-1681
-1652
-1592
-1415
-1305
-1221
-1157
-1176
-1251
-1341
-1311
-1274
-1215
-998
-880
-851
-705
-424
-182
-128
-11
-9
-185
-136
-103
-310
-598
-732
-785
-973
-953
-823
-829
-503
364
1461
2371
3224
4118
4553
4737
4952
4818
4291
3731
3256
2472
1600
1237
1038
758
560
371
127
-85
-33
30
-211
-418
-463
-444
-392
-209
223
602
923
1270
1395
1433
1515
1545
1347
930
590
263
-8
-128
-246
-298
-289
-248
-238
-291
-246
-198
-198
-256
-404
-481
-468
-362
-199
-71
94
277
410
479
541
713
883
953
906
755
589
449
394
300
69
-88
-156
-281
-360
-295
-252
-298
-258
-247
-359
-359
-267
-247
-302
-383
-463
-523
-555
-621
-712
-844
-1045
-1163
-1266
-1450
-1527
-1489
-1504
-1542
-1480
-1413
-1416
-1367
-1334
-1421
-1531
-1642
-1759
-1868
-1954
-1942
-1864
-1763
-1614
-1462
-1329
-1232
-1124
-1055
-1147
-1220
-1234
-1274
-1258
-1248
-1274
-1290
-1171
-990
-933
-791
-634
-575
-463
-424
-522
-670
-706
-714
-857
-911
-866
-795
-650
-521
-385
-17
799
1908
2897
3649
4246
4666
4923
4997
4790
4281
3644
3058
2298
1471
993
706
476
285
92
-98
-196
-14
92
-39
-151
-222
-178
-126
19
343
623
922
1169
1306
1357
1395
1494
1321
909
527
189
-50
-221
-314
-382
-450
-420
-369
-324
-257
-179
-135
-221
-367
-418
-366
-241
-87
4
95
226
391
540
611
631
537
462
477
472
526
609
640
557
409
350
255
112
13
-129
-360
-544
-532
-509
-516
-377
-262
-273
-279
-249
-277
-353
-397
-494
-690
-867
-976
-1049
-1126
-1216
-1296
-1403
-1521
-1537
-1478
-1444
-1408
-1338
-1322
-1375
-1383
-1396
-1478
-1554
-1629
-1730
-1806
-1814
-1777
-1720
-1644
-1531
-1392
-1258
-1178
-1148
-1139
-1223
-1365
-1469
-1503
-1465
-1346
-1127
-967
-927
-825
-673
-534
-365
-207
-192
-344
-478
-583
-731
-794
-751
-679
-612
-530
-304
257
1172
2200
3060
3676
4087
4385
4610
4583
4237
3730
3183
2605
1943
1390
1064
845
674
478
249
48
13
81
-31
-249
-387
-378
-252
-104
124
396
668
965
1203
1322
1364
1393
1287
968
615
335
122
-14
-117
-247
-323
-293
-236
-187
-146
-139
-173
-234
-313
-377
-361
-269
-148
-59
3
121
287
450
565
577
488
456
565
699
760
762
746
669
572
496
321
96
-44
-164
-400
-589
-574
-555
-517
-426
-439
-464
-376
-260
-259
-320
-376
-443
-493
-601
-726
-763
-834
-921
-965
-1076
-1226
-1259
-1247
-1358
-1427
-1377
-1383
-1397
-1370
-1434
-1569
-1655
-1715
-1795
-1868
-1925
-1971
-1983
-1944
-1824
-1604
-1346
-1081
-871
-772
-714
-669
-671
-717
-820
-984
-1129
-1203
-1250
-1209
-1045
-880
-711
-545
-496
-486
-387
-289
-291
-300
-324
-393
-370
-291
-286
-261
69
773
1572
2318
2980
3519
3934
4279
4493
4347
3951
3561
3102
2432
1743
1317
996
662
473
280
-9
-119
-15
-42
-248
-345
-349
-351
-294
-166
10
249
577
893
1052
1126
1244
1296
1139
873
614
350
132
-24
-213
-353
-326
-245
-205
-185
-172
-180
-192
-219
-305
-369
-350
-273
-179
-87
62
265
421
510
535
510
533
680
803
774
730
699
590
485
416
286
151
105
9
-223
-387
-407
-428
-456
-466
-499
-532
-480
-367
-312
-326
-307
-263
-318
-465
-570
-661
-817
-932
-998
-1145
-1311
-1336
-1312
-1370
-1405
-1342
-1318
-1384
-1416
-1440
-1547
-1637
-1665
-1758
-1914
-1968
-1904
-1829
-1720
-1552
-1340
-1127
-977
-879
-817
-800
-807
-824
-883
-1003
-1087
-1096
-1097
-1089
-1036
-921
-833
-810
-701
-565
-547
-525
-428
-414
-445
-360
-292
-324
-274
-160
-48
280
912
1692
2421
3021
3512
3862
4099
4246
4205
3894
3458
3039
2473
1823
1381
1049
723
491
304
55
-131
-122
-163
-323
-421
-441
-422
-385
-250
-29
210
527
853
1049
1115
1168
1189
1047
835
642
421
196
24
-103
-201
-224
-178
-147
-170
-217
-263
-304
-359
-410
-410
-393
-360
-283
-165
-10
176
381
521
549
539
567
688
827
895
913
859
760
695
669
554
368
263
126
-115
-296
-386
-454
-464
-418
-430
-488
-467
-401
-366
-385
-437
-436
-447
-551
-635
-686
-794
-873
-880
-980
-1147
-1184
-1165
-1228
-1247
-1207
-1218
-1270
-1351
-1456
-1578
-1664
-1671
-1676
-1715
-1739
-1665
-1557
-1505
-1408
-1285
-1196
-1095
-1028
-1022
-1048
-1060
-1086
-1174
-1237
-1251
-1204
-1084
-969
-862
-735
-562
-412
-379
-345
-280
-298
-324
-286
-300
-402
-381
-276
-306
-283
-104
-2
113
547
1237
1929
2593
3236
3659
3863
4059
4151
3945
3560
3218
2764
2106
1574
1222
872
616
484
281
6
-121
-159
-283
-387
-390
-382
-383
-338
-208
-24
216
541
833
976
1049
1101
1047
898
767
611
375
185
36
-149
-270
-275
-248
-252
-259
-278
-323
-330
-305
-298
-317
-315
-261
-195
-123
14
182
325
425
486
556
691
889
1046
1096
1057
959
846
714
522
326
175
33
-126
-256
-348
-422
-411
-351
-384
-455
-486
-517
-558
-574
-587
-627
-631
-619
-646
-682
-718
-744
-769
-851
-979
-1102
-1194
-1270
-1299
-1291
-1293
-1282
-1278
-1315
-1370
-1411
-1437
-1471
-1542
-1645
-1735
-1773
-1748
-1637
-1473
-1319
-1176
-1046
-940
-856
-844
-876
-895
-931
-972
-949
-897
-879
-797
-619
-476
-328
-160
-100
-110
-117
-124
-193
-311
-420
-466
-408
-330
-198
-3
147
355
708
1138
1637
2236
2831
3228
3450
3591
3622
3531
3341
3089
2733
2276
1853
1463
1056
749
580
407
184
-11
-158
-293
-377
-393
-394
-362
-292
-174
-31
101
330
607
808
913
967
959
841
750
675
518
387
303
195
48
-39
-64
-128
-162
-179
-254
-351
-406
-405
-407
-366
-261
-155
-31
163
429
669
865
1055
1127
1028
906
776
549
380
345
259
138
141
164
121
174
235
140
4
-124
-308
-520
-666
-743
-794
-808
-810
-780
-742
-701
-595
-545
-611
-698
-770
-912
-1089
-1172
-1240
-1298
-1252
-1180
-1151
-1117
-1050
-1036
-1103
-1210
-1358
-1529
-1674
-1742
-1729
-1680
-1601
-1497
-1393
-1278
-1128
-990
-888
-805
-743
-723
-755
-827
-905
-918
-870
-789
-678
-556
-404
-221
-77
-13
2
5
-19
-66
-167
-334
-425
-391
-298
-144
56
240
425
631
782
974
1371
1853
2303
2702
2950
3080
3223
3318
3231
3020
2775
2467
2080
1651
1244
894
627
463
300
61
-121
-173
-254
-363
-376
-365
-353
-259
-153
-87
62
310
523
672
757
784
798
770
693
593
470
364
299
205
64
2
9
-15
-27
-49
-155
-237
-246
-278
-320
-292
-231
-182
-121
-19
168
430
695
933
1052
980
881
811
619
390
299
205
36
-15
6
-73
-74
53
40
-118
-241
-378
-603
-766
-823
-892
-938
-903
-842
-810
-785
-698
-611
-623
-670
-709
-814
-965
-1028
-1030
-1057
-1017
-925
-918
-973
-1015
-1082
-1205
-1335
-1451
-1575
-1683
-1728
-1695
-1616
-1511
-1347
-1177
-1078
-992
-888
-830
-792
-746
-732
-757
-749
-674
-550
-386
-228
-82
16
22
55
140
160
150
190
156
19
-5
65
78
164
365
474
474
556
668
687
763
989
1223
1447
1776
2106
2279
2424
2621
2697
2613
2490
2304
1998
1688
1441
1192
936
765
661
501
311
186
77
-74
-174
-212
-290
-341
-286
-218
-155
4
215
380
520
627
648
611
562
507
433
355
309
267
215
203
220
208
189
185
125
30
-39
-134
-226
-204
-111
-33
73
192
236
270
362
394
340
339
358
294
248
277
248
204
289
335
256
228
193
26
-140
-237
-380
-518
-566
-643
-741
-785
-818
-840
-835
-841
-839
-838
-895
-944
-932
-954
-970
-904
-865
-867
-812
-773
-833
-893
-949
-1073
-1202
-1285
-1371
-1458
-1480
-1462
-1437
-1378
-1276
-1162
-1043
-906
-785
-697
-613
-564
-570
-579
-559
-520
-445
-336
-255
-179
-76
7
59
98
116
119
111
79
42
26
59
160
291
404
510
611
674
733
787
820
875
940
990
1066
1201
1371
1583
1814
1969
2054
2107
2082
1980
1835
1656
1478
1314
1156
1002
843
690
593
526
407
286
196
69
-63
-130
-177
-208
-145
-25
77
180
302
406
467
494
493
465
417
381
343
279
234
229
216
190
173
123
44
-28
-127
-243
-328
-396
-451
-424
-335
-234
-97
41
123
185
240
233
194
177
153
112
76
38
12
36
88
114
100
56
-13
-120
-258
-418
-572
-697
-789
-853
-891
-900
-884
-853
-835
-832
-816
-798
-807
-819
-832
-868
-895
-893
-901
-914
-886
-865
-880
-887
-896
-937
-968
-973
-981
-970
-904
-819
-745
-682
-616
-537
-456
-375
-293
-255
-274
-259
-205
-176
-109
41
162
223
302
333
272
263
327
335
326
386
428
420
464
528
543
575
637
643
600
562
517
459
429
443
495
569
650
738
819
868
910
959
970
965
980
975
931
903
907
894
891
914
910
870
836
788
694
595
532
477
425
412
413
399
392
395
381
351
334
306
249
184
120
42
-46
-105
-134
-150
-142
-132
-159
-208
-250
-296
-355
-410
-461
-516
-565
-612
-659
-694
-717
-713
-687
-654
-608
-539
-472
-416
-356
-298
-251
-210
-190
-195
-210
-231
-256
-300
-356
-395
-412
-421
-430
-426
-428
-436
-421
-407
-404
-377
-336
-315
-300
-272
-253
-242
-222
-215
-218
-210
-192
-174
-160
-144
-119
-92
-67
-41
-15
7
24
32
22
-5
-29
-49
-55
-48
-32
1
35
63
98
141
172
196
225
250
269
302
334
351
363
381
399
412
435
453
452
442
433
419
399
385
372
359
345
335
322
303
293
282
252
215
190
170
157
169
188
194
204
222
225
214
198
173
128
85
66
55
38
29
28
9
-10
-10
-15
-34
-40
-39
-54
-67
-69
-79
-84
-72
-51
-30
-4
10
14
9
-10
-35
-52
-71
-105
-121
-118
-126
-115
-84
-76
-87
-76
-75
-111
-138
-162
-216
-261
-273
-286
-297
-271
-223
-172
-97
-16
49
100
143
168
178
176
168
154
139
125
97
57
27
3
-15
-20
-31
-61
-85
-92
-98
-94
-79
-64
-49
-31
-7
17
30
36
32
10
-25
-43
-53
-66
-60
-45
-34
-13
17
35
43
43
24
-6
-42
-90
-129
-161
-182
-170
-135
-93
-40
19
60
87
115
121
117
125
123
115
114
112
119
138
159
173
178
179
175
172
161
158
161
147
141
135
121
124
136
125
109
96
74
48
40
17
-8
2
6
-3
6
12
-9
-23
-39
-81
-112
-115
-127
-151
-160
-154
-144
-124
-101
-82
-76
-64
-38
-19
-10
8
18
10
0
0
1
10
27
27
18
2
-12
-31
-55
-81
-102
-120
-137
-144
-146
-140
-119
-93
-68
-60
-71
-92
-115
-137
-143
-144
-153
-141
-99
-54
-1
74
131
169
210
228
212
200
194
175
148
118
78
46
26
21
21
10
4
2
-19
-49
-62
-68
-69
-42
-16
-4
14
37
48
58
66
65
62
49
29
12
3
-1
15
35
46
53
52
32
8
-17
-40
-66
-98
-127
-139
-139
-126
-96
-65
-37
0
34
50
56
55
50
40
27
17
11
8
22
45
61
66
77
75
67
73
75
78
93
111
124
140
158
165
169
165
142
110
78
44
11
-14
-27
-34
-32
-27
-37
-60
-85
-101
-122
-145
-162
-181
-195
-192
-185
-174
-150
-121
-92
-64
-40
-23
-3
14
18
18
26
36
50
67
81
86
85
78
61
32
4
-22
-56
-93
-124
-149
-162
-161
-157
-151
-136
-117
-96
-75
-67
-62
-50
-42
-42
-37
-29
-19
1
26
41
54
80
99
111
123
127
122
113
105
79
46
15
-11
-31
-47
-51
-53
-54
-46
-38
-38
-33
-12
10
33
61
83
98
118
129
127
119
101
82
64
49
32
24
23
17
18
19
12
6
-4
-33
-69
-102
-136
-164
-179
-185
-182
-166
-138
-97
-52
-7
30
57
70
76
77
72
62
54
51
53
63
78
90
98
104
110
106
95
92
90
82
80
83
84
89
105
114
108
101
94
68
35
17
4
-7
-7
-5
-22
-39
-43
-49
-66
-89
-112
-137
-161
-171
-179
-190
-192
-177
-155
-138
-111
-79
-57
-36
-8
8
21
40
56
62
67
68
68
71
64
46
28
9
-17
-46
-75
-110
-137
-144
-144
-141
-126
-103
-87
-76
-59
-46
-37
-29
-24
-22
-13
9
30
45
58
72
83
88
85
85
83
82
79
68
50
35
28
8
-13
-28
-47
-60
-57
-59
-65
-57
-43
-31
-17
2
15
23
42
53
51
46
41
32
24
21
15
9
15
32
41
50
62
59
47
39
24
0
-14
-25
-49
-76
-88
-96
-100
-94
-78
-64
-53
-35
-19
-14
-6
17
29
30
40
48
50
56
69
76
83
96
104
97
84
85
91
90
90
94
85
75
79
74
65
62
61
46
32
24
17
16
16
14
3
-17
-35
-50
-73
-99
-122
-152
-187
-205
-216
-229
-224
-200
-174
-138
-86
-40
-3
38
71
85
98
117
130
135
145
152
146
141
140
122
96
68
28
-27
-79
-121
-157
-177
-181
-175
-164
-143
-113
-87
-68
-46
-24
-9
0
6
10
10
14
22
26
30
50
75
87
90
92
85
66
55
39
11
-10
-20
-35
-53
-58
-55
-50
-41
-27
-22
-18
-5
6
9
10
22
33
43
53
53
44
36
36
35
35
38
38
30
17
11
5
-3
-4
-6
-26
-45
-55
-71
-87
-97
-112
-133
-142
-147
-149
-138
-119
-99
-74
-50
-27
-2
16
28
39
51
63
75
83
87
92
94
91
86
76
61
54
42
26
15
17
19
27
48
66
80
95
108
109
100
91
75
47
23
10
-8
-28
-36
-47
-65
-81
-94
-113
-127
-128
-124
-121
-107
-86
-66
-39
-6
28
60
89
109
118
123
127
130
128
123
116
102
83
58
30
-3
-32
-55
-74
-90
-101
-113
-128
-134
-131
-125
-109
-88
-69
-50
-28
-9
4
20
38
54
66
69
65
56
47
41
36
30
25
25
21
7
-9
-25
-43
-55
-61
-68
-73
-68
-59
-51
-42
-27
-4
14
27
34
31
23
21
16
6
-1
-1
2
1
7
13
19
27
37
39
34
29
29
21
7
-3
-13
-32
-49
-63
-82
-101
-113
-124
-135
-141
-132
-115
-94
-69
-38
-17
-6
7
18
23
35
57
74
81
89
92
85
82
85
82
70
53
33
13
1
-2
7
23
44
70
89
101
107
114
116
109
95
76
47
21
2
-22
-43
-57
-71
-92
-110
-127
-140
-145
-139
-127
-112
-90
-61
-28
6
41
71
92
107
114
112
106
102
97
86
76
65
52
43
33
21
1
-16
-36
-59
-81
-100
-112
-119
-114
-106
-97
-82
-60
-38
-19
2
20
31
42
49
46
39
35
29
20
14
12
13
16
15
18
13
4
-2
-13
-25
-37
-44
-54
-60
-57
-52
-43
-31
-15
-4
2
-1
-10
-20
-30
-39
-51
-58
-61
-55
-42
-30
-15
-5
2
9
7
-3
-16
-26
-35
-41
-42
-42
-44
-39
-36
-42
-45
-56
-75
-95
-110
-123
-130
-121
-106
-84
-55
-27
1
24
45
63
73
78
79
80
77
81
85
90
98
102
101
91
80
70
60
57
56
62
67
76
88
93
98
98
95
84
72
59
39
19
1
-18
-36
-53
-66
-79
-91
-99
-100
-102
-99
-84
-69
-53
-33
-13
6
23
46
59
64
68
61
50
43
39
36
34
30
21
8
-10
-26
-36
-45
-51
-52
-58
-62
-56
-45
-27
-5
19
36
48
58
65
73
84
93
94
92
85
73
66
65
62
64
69
72
71
72
70
62
55
45
27
8
-5
-14
-19
-20
-21
-23
-26
-30
-33
-40
-51
-57
-64
-75
-81
-80
-71
-54
-31
-10
5
15
21
19
14
3
-11
-24
-37
-48
-56
-61
-66
-66
-67
-76
-82
-89
-101
-111
-119
-125
-129
-125
-114
-101
-82
-61
-41
-23
-6
8
20
29
36
40
40
46
50
54
59
66
66
62
61
57
51
46
43
37
32
33
34
33
36
33
28
26
21
17
8
-1
-8
-16
-24
-32
-42
-54
-65
-75
-85
-95
-98
-95
-93
-83
-71
-57
-36
-14
7
23
36
45
46
44
36
25
17
10
3
-1
-5
-7
-12
-16
-19
-27
-34
-36
-38
-40
-37
-25
-14
3
25
44
59
80
97
101
102
100
90
79
71
62
57
55
60
64
65
70
76
77
69
64
50
33
17
3
-13
-22
-18
-13
-8
1
7
9
6
1
-11
-27
-40
-49
-57
-59
-54
-41
-25
-11
5
12
14
14
6
-7
-19
-28
-35
-35
-34
-27
-20
-15
-11
-17
-27
-33
-41
-49
-58
-67
-76
-76
-75
-68
-59
-40
-20
-5
11
20
28
38
46
52
56
61
67
72
75
76
79
79
76
71
65
59
58
58
54
53
52
51
45
39
33
28
26
26
22
17
15
10
4
-7
-20
-34
-46
-56
-63
-67
-68
-65
-62
-56
-47
-37
-25
-16
-9
-5
-4
-4
-5
-7
-10
-13
-15
-19
-22
-22
-25
-27
-28
-28
-30
-36
-38
-44
-48
-47
-41
-34
-23
-6
6
15
27
35
39
45
48
48
42
40
32
26
24
22
22
22
23
26
29
34
37
37
35
29
21
12
1
-4
-9
-11
-11
-8
-6
-9
-9
-15
-22
-32
-41
-50
-55
-58
-61
-58
-53
-45
-39
-31
-22
-17
-10
-7
-5
-6
-4
-2
-2
-1
0
1
-1
-7
-11
-16
-24
-28
-35
-45
-53
-59
-69
-74
-74
-71
-69
-62
-50
-40
-25
-2
19
40
63
82
96
106
114
116
117
117
117
110
107
106
105
100
94
87
72
58
45
28
10
-3
-15
-27
-36
-38
-39
-39
-35
-31
-32
-34
-32
-33
-39
-37
-34
-32
-26
-18
-10
-4
3
13
14
13
9
1
-11
-21
-26
-32
-35
-32
-28
-26
-25
-21
-21
-25
-26
-29
-32
-33
-30
-22
-17
-5
9
21
30
41
48
49
52
51
50
47
46
48
44
46
49
45
41
38
33
26
21
16
11
9
9
10
11
12
16
16
11
4
-5
-14
-25
-35
-43
-53
-59
-62
-65
-68
-68
-69
-71
-72
-74
-75
-74
-70
-64
-57
-47
-39
-30
-23
-20
-16
-14
-14
-13
-14
-14
-15
-12
-7
-3
0
3
3
-2
-7
-17
-25
-31
-36
-37
-33
-27
-13
2
17
33
45
55
62
64
62
61
60
61
65
71
79
86
91
94
91
85
76
65
51
35
21
9
3
-2
-4
-6
-8
-11
-17
-20
-25
-30
-35
-35
-33
-31
-21
-9
0
9
17
20
20
21
19
10
4
-3
-11
-18
-24
-26
-29
-30
-28
-28
-29
-31
-31
-35
-39
-38
-38
-41
-40
-39
-41
-39
-35
-27
-19
-9
4
17
31
46
59
71
78
78
77
70
62
55
45
33
25
20
16
14
15
16
18
15
13
7
0
-5
-9
-15
-17
-16
-14
-9
-4
3
7
7
3
-6
-17
-28
-41
-53
-64
-74
-77
-80
-77
-73
-66
-59
-54
-49
-47
-41
-38
-33
-25
-19
-11
-3
6
16
22
30
33
34
35
32
32
28
26
26
21
24
23
24
28
31
36
38
42
43
42
40
40
36
34
35
38
42
48
57
65
72
75
77
75
63
50
34
14
-5
-21
-36
-49
-58
-65
-70
-69
-69
-69
-70
-69
-68
-70
-68
-64
-59
-52
-41
-26
-12
3
16
26
33
35
34
30
22
11
0
-10
-21
-28
-33
-35
-36
-34
-30
-26
-21
-16
-14
-10
-9
-8
-6
-3
1
8
16
28
39
55
68
79
90
92
93
90
83
72
60
50
39
28
21
17
14
13
10
9
2
-6
-13
-22
-31
-41
-45
-49
-48
-44
-41
-33
-27
-23
-21
-21
-25
-30
-38
-43
-51
-55
-55
-54
-51
-47
-40
-35
-32
-32
-29
-27
-27
-25
-24
-19
-15
-8
-1
5
12
16
21
21
21
18
14
10
4
-3
-6
-8
-8
-9
-6
-2
1
4
7
8
9
10
10
12
10
16
18
23
32
37
47
53
58
61
63
60
56
49
39
30
18
8
-4
-16
-26
-35
-44
-49
-55
-58
-59
-59
-60
-57
-53
-50
-45
-38
-29
-20
-9
3
12
21
28
31
33
32
27
19
11
0
-9
-18
-24
-28
-31
-29
-27
-26
-22
-21
-20
-18
-17
-15
-15
-11
-7
-1
5
14
26
34
44
53
60
65
68
72
71
72
71
70
66
63
59
54
46
39
31
21
13
3
-6
-16
-23
-29
-36
-39
-41
-41
-41
-39
-37
-34
-30
-29
-26
-25
-24
-23
-24
-21
-20
-19
-16
-13
-13
-11
-12
-14
-14
-15
-16
-15
-16
-15
-13
-12
-9
-7
-4
-2
-1
2
4
8
12
17
21
25
28
28
28
25
20
17
11
6
1
-3
-3
-4
-3
-1
0
3
1
3
2
2
3
5
6
8
13
16
22
24
26
25
21
15
4
-6
-18
-28
-37
-47
-51
-55
-54
-54
-51
-48
-45
-40
-37
-34
-29
-25
-21
-15
-9
-3
4
8
11
9
6
2
-6
-14
-24
-30
-37
-41
-43
-44
-40
-34
-27
-21
-15
-10
-7
-4
-3
-1
0
3
6
10
15
20
25
30
35
39
43
46
50
53
55
58
59
62
63
63
63
59
56
52
45
36
29
18
8
-2
-11
-19
-27
-31
-35
-35
-32
-29
-23
-17
-10
-4
2
6
10
10
12
12
12
9
8
6
3
1
-5
-7
-12
-16
-21
-26
-27
-27
-24
-20
-12
-5
4
13
20
25
27
29
28
24
19
14
10
5
3
0
-2
-2
-3
-5
-7
-10
-14
-16
-21
-21
-24
-23
-19
-17
-10
-5
2
10
15
20
22
22
20
13
7
-1
-11
-20
-29
-33
-39
-38
-38
-36
-29
-25
-18
-14
-8
-4
0
3
3
7
10
13
18
20
24
26
28
28
25
20
12
5
-1
-7
-13
-17
-18
-15
-9
-2
5
11
17
23
25
26
24
21
17
9
4
-3
-8
-11
-11
-12
-13
-10
-11
-9
-8
-6
-6
-5
-1
2
7
12
16
25
32
36
39
37
33
27
18
7
-5
-17
-26
-35
-42
-46
-49
-47
-46
-42
-43
-44
-43
-44
-42
-41
-41
-39
-35
-31
-25
-20
-17
-15
-12
-12
-14
-15
-20
-20
-17
-15
-11
-7
1
11
19
27
34
39
40
43
45
45
43
43
47
46
49
49
50
47
46
47
39
35
31
25
22
22
18
12
13
13
10
10
10
7
6
3
-4
-12
-17
-24
-27
-29
-32
-36
-34
-23
-21
-19
-17
-16
-14
-10
-6
-6
-7
-8
-6
-3
-8
-6
2
-2
-2
11
13
10
17
18
13
11
6
-2
-6
-3
-3
0
5
7
12
21
23
26
31
37
39
34
24
20
14
4
-1
-4
-10
-13
-13
-19
-21
-16
-12
-3
7
3
3
7
3
3
9
7
6
12
20
24
29
27
23
17
4
-4
-10
-15
-20
-23
-22
-22
-28
-32
-28
-32
-38
-41
-49
-49
-44
-47
-55
-59
-51
-41
-35
-32
-28
-24
-21
-13
-9
-8
-6
-3
2
4
1
9
19
14
10
17
11
14
22
16
19
22
17
30
34
32
36
34
34
35
22
-1
-5
-4
2
-1
-6
6
19
15
7
-6
-23
-29
-26
-25
-25
-13
-16
-5
13
12
6
-15
-38
-36
-38
-42
-55
-68
-48
-20
-7
15
16
-4
-18
-11
-18
-14
2
-7
43
-2
-56
129
123
337
1448
1702
1047
1173
993
13
-372
-635
-1106
-1035
-680
-403
-171
7
126
60
-255
-593
-806
-948
-976
-782
-527
-350
-53
277
294
103
-28
-181
-402
-421
-316
-291
-152
173
330
323
327
210
62
33
16
-25
58
162
255
354
396
342
282
264
214
147
97
61
34
84
130
78
119
259
198
536
1311
1235
891
1136
918
286
21
-302
-612
-584
-542
-567
-556
-494
-437
-487
-676
-898
-1018
-1061
-1044
-913
-713
-495
-206
131
541
651
449
427
424
260
219
166
145
356
453
389
331
185
74
73
-24
-204
-230
-180
-177
-158
-108
-139
-95
58
87
-20
-69
-100
-151
-107
-47
-47
49
222
259
220
163
31
-13
60
3
-75
17
96
103
180
187
98
80
120
91
22
-6
-28
-64
-49
-39
-70
-36
29
34
12
-15
-77
-111
-68
-64
-112
-81
-33
-24
-15
-54
-113
-116
-111
-103
-46
-35
-82
-19
34
-68
-71
30
22
22
91
74
2
-1
10
-48
-73
-27
-35
-6
83
59
-5
-16
-38
-21
-16
-48
-18
10
-15
12
30
14
38
42
49
69
47
55
80
41
24
48
34
9
-6
-43
-59
-40
-45
-52
-21
-28
-54
-54
-63
-87
-96
-86
-77
-58
-34
-17
-17
-11
-16
-19
-30
-44
-34
-13
1
-5
-4
19
17
-3
30
34
-4
20
50
2
-9
42
66
84
109
112
100
85
93
105
91
58
69
95
92
99
111
73
26
16
9
-12
-11
31
28
20
64
36
-28
-16
-52
-115
-113
-131
-135
-80
-27
-11
-8
-3
-4
-21
-42
-76
-78
-52
-31
10
55
61
71
90
55
7
6
-1
-14
-1
13
27
51
63
58
21
-4
-1
-9
-2
7
7
40
61
43
46
32
10
7
-15
-33
-15
4
10
9
7
3
-13
-30
-43
-50
-48
-29
-13
-8
-29
-44
-42
-52
-72
-68
-45
-18
6
19
29
51
65
27
-21
-38
-49
-40
-40
-60
-43
-26
-30
-4
-3
-30
-29
-42
-79
-74
-82
-89
-37
-7
-12
4
-5
-3
6
-24
-22
-4
-7
32
49
38
52
56
44
34
20
24
29
32
44
66
80
70
87
106
76
57
64
59
45
42
47
41
33
30
21
-4
-23
-37
-45
-42
-11
10
9
12
14
10
-2
-12
-15
-28
-26
-20
-31
-21
-29
-60
-56
-62
-70
-49
-42
-40
-30
-37
-49
-47
-43
-42
-28
-7
10
28
41
37
21
16
11
8
26
42
51
84
97
85
78
56
21
9
-10
-34
-24
-4
2
13
37
43
30
14
-12
-21
-15
-17
0
24
22
24
17
-16
-27
-32
-42
-30
-33
-42
-33
-47
-51
-26
-29
-23
11
18
15
34
37
17
-2
-13
-32
-40
-32
-24
-28
-15
-4
-12
-6
-4
-10
-7
-9
-13
-5
-8
3
24
22
30
38
20
-12
-33
-39
-46
-44
-26
-24
-20
-21
-31
-17
-25
-56
-47
-39
-39
-19
-1
16
30
24
20
33
36
35
42
45
33
27
11
-1
6
3
8
31
44
63
71
64
73
78
58
45
49
43
32
29
14
2
14
0
-20
-22
-46
-69
-63
-65
-50
-23
-17
-4
18
17
13
13
4
-2
-17
-22
-24
-35
-36
-29
-15
8
13
17
14
7
20
7
-7
-1
-16
-18
-10
-15
9
36
62
102
99
89
105
88
64
59
34
12
15
17
3
3
0
-17
-22
-39
-74
-91
-110
-126
-120
-100
-84
-76
-50
-29
-35
-24
-10
-19
-11
-18
-23
8
24
35
70
90
94
92
79
62
11
-36
-52
-68
-75
-48
-27
-30
-42
-35
-35
-60
-61
-54
-47
-29
-13
11
39
52
60
51
42
49
55
59
45
37
61
47
38
66
37
8
14
-5
-2
12
-7
-9
-1
9
14
3
5
2
-26
-37
-31
-39
-33
-5
1
-7
10
9
-11
-11
-15
-16
-16
-24
-11
-8
-24
-20
-23
-32
-27
-35
-30
-22
-28
-10
1
-7
-1
11
21
18
29
44
23
19
24
9
12
8
-2
23
31
33
69
67
61
70
38
22
17
-12
-17
-18
-12
23
32
40
56
20
-9
-4
-23
-24
-6
0
29
49
35
25
5
-15
-18
-38
-45
-53
-75
-75
-79
-85
-71
-70
-59
-44
-53
-28
2
-13
-6
20
21
27
36
36
35
30
34
27
14
25
19
-7
-12
-23
-44
-54
-47
-31
-40
-55
-28
-23
-33
-18
-18
-11
14
12
9
0
-14
7
12
2
22
8
-8
8
4
3
22
18
17
24
22
17
-6
-6
11
-5
-13
10
17
17
17
19
9
-21
-25
-11
-26
-17
41
59
57
77
70
48
38
9
-1
-2
-15
6
18
4
12
15
14
23
10
-8
-22
-21
-4
-18
-27
-2
-11
-13
15
9
1
17
14
-5
-11
-12
-21
-28
-23
-22
-34
-36
-35
-50
-61
-56
-54
-51
-32
-11
-2
6
24
41
48
55
74
79
66
72
67
55
57
46
36
33
21
20
29
13
-1
1
-12
-33
-47
-39
-33
-45
-41
-21
-8
10
19
23
23
3
-6
-14
-32
-13
10
18
30
36
34
26
-13
-38
-25
-35
-43
-20
-5
5
10
7
13
14
9
4
-6
-14
-20
-27
-27
-14
-4
2
6
11
7
-3
9
5
-14
-8
-5
-9
-3
-5
-1
20
18
16
35
28
8
8
6
-4
-8
-3
0
-2
9
10
-3
-10
-23
-36
-23
-22
-26
-13
-12
-9
-6
-4
15
4
-31
-29
-35
-60
-50
-30
-26
-11
8
24
53
79
89
86
66
44
49
58
34
29
48
43
47
43
5
-14
-23
-47
-49
-49
-60
-40
-14
-23
-32
-34
-57
-74
-75
-88
-96
-69
-39
-27
-10
0
2
17
27
13
3
6
-1
-1
14
21
28
47
57
46
37
42
38
29
25
15
4
-5
-11
-4
3
-8
5
30
26
32
41
29
29
27
20
27
30
31
36
30
21
-1
-21
-25
-37
-42
-48
-57
-57
-59
-74
-74
-79
-90
-82
-78
-72
-51
-30
-16
0
13
11
4
-1
-7
1
15
22
34
42
48
45
28
15
21
15
10
22
16
14
35
34
31
42
26
14
32
30
18
13
11
10
-1
-8
-12
-25
-29
-24
-26
-18
-14
-10
-8
-12
-14
-14
-7
8
11
12
17
12
9
3
-20
-29
-22
-17
-3
5
-6
-3
-1
-26
-38
-31
-37
-46
-33
-24
-19
3
19
21
26
21
12
12
4
-13
-17
-5
5
13
23
28
43
44
36
42
43
42
42
39
55
66
56
60
53
28
16
4
-7
-8
-12
-15
-6
8
10
-4
-10
-17
-44
-40
-28
-36
-17
7
6
16
28
22
17
3
-29
-44
-44
-50
-46
-34
-38
-29
-5
-13
-21
-7
-13
-22
-11
-10
-4
8
0
-5
-8
-33
-40
-34
-48
-49
-43
-42
-29
-25
-19
-3
-3
6
29
20
21
39
36
38
37
22
26
39
41
45
45
41
41
36
25
16
6
0
-10
-18
-24
-35
-30
-22
-28
-25
-21
-31
-33
-32
-48
-66
-66
-65
-63
-54
-43
-30
-16
-3
4
8
4
-1
3
3
1
9
20
30
49
62
58
44
38
30
12
4
4
11
20
36
42
32
37
34
23
23
18
8
13
16
14
26
28
28
45
46
39
48
50
48
56
44
31
37
39
38
39
40
47
45
28
21
-1
-39
-58
-61
-67
-66
-51
-35
-20
-7
0
0
-11
-30
-51
-69
-78
-87
-84
-69
-58
-43
-30
-24
-26
-38
-51
-59
-66
-72
-69
-58
-48
-46
-36
-25
-36
-42
-39
-42
-43
-40
-29
-17
-5
15
29
32
39
45
49
52
48
41
45
40
31
33
38
42
47
51
46
40
32
18
11
10
11
21
32
39
49
53
48
52
47
24
13
6
-5
2
14
14
10
17
24
6
-11
-16
-36
-55
-55
-58
-63
-58
-41
-30
-32
-33
-22
-24
-39
-44
-43
-40
-37
-24
-8
-4
3
14
9
5
6
-7
-15
-7
-5
-9
-5
-1
-9
-12
-14
-21
-34
-39
-29
-25
-18
2
21
30
34
38
40
29
20
38
40
30
41
51
52
55
45
35
25
18
13
7
13
22
24
30
39
36
30
31
29
19
2
-2
4
1
-1
12
24
18
16
20
6
-9
-4
5
9
13
23
27
26
8
-7
-7
-26
-38
-31
-36
-43
-36
-41
-48
-48
-60
-67
-65
-61
-56
-60
-51
-37
-45
-38
-24
-35
-35
-19
-26
-20
0
3
3
5
-2
-7
-14
-18
-5
9
16
30
52
59
55
53
47
31
24
24
14
10
12
4
-5
0
2
-3
-3
0
-2
0
5
-3
-7
7
11
6
11
12
6
-2
-10
-16
-24
-31
-31
-25
-28
-27
-16
-21
-32
-25
-22
-34
-31
-16
-14
-5
13
20
20
20
17
6
-6
-12
-16
-16
-14
-5
1
-2
1
2
-5
-7
-6
2
7
12
20
25
28
35
41
37
38
39
35
28
26
23
23
31
32
28
28
37
37
30
35
41
37
32
33
32
23
8
2
3
-5
-6
-2
-9
-11
-3
-4
-11
-13
-15
-19
-19
-21
-23
-21
-21
-22
-19
-23
-25
-24
-29
-34
-36
-38
-43
-48
-49
-54
-62
-55
-50
-55
-53
-50
-45
-33
-27
-22
-12
-11
-9
-5
-10
-15
-16
-16
-12
-4
8
19
28
34
38
41
34
24
19
17
13
19
30
33
38
41
36
37
37
30
29
23
17
16
11
5
2
-3
-6
-10
-11
-9
-9
-6
-4
-3
4
8
-1
1
5
-6
-7
-4
-2
2
6
11
8
6
7
6
-2
-8
-7
-4
3
5
9
14
16
17
17
9
2
-1
-8
-12
-14
-19
-22
-21
-21
-23
-24
-22
-19
-12
-6
-5
2
10
10
13
12
-1
-3
-4
-12
-16
-15
-13
-12
-11
-9
-12
-22
-21
-18
-14
-1
6
19
31
36
36
35
31
25
28
29
30
30
32
28
17
8
-2
-12
-18
-20
-17
-15
-8
-3
-3
-6
-13
-20
-25
-31
-34
-35
-31
-25
-24
-20
-22
-20
-20
-23
-18
-16
-19
-10
-2
-8
-8
-4
-12
-16
-11
-10
-4
5
10
11
9
5
-4
-14
-23
-33
-34
-28
-22
-19
-14
-13
-10
-9
-15
-19
-17
-17
-16
-10
-7
-6
-1
5
8
10
13
15
17
17
16
20
22
24
31
32
31
32
33
30
24
14
10
6
2
8
10
12
22
24
23
25
17
10
7
3
2
2
7
12
19
23
22
23
24
26
28
28
30
32
38
44
42
41
46
50
42
34
28
15
3
-6
-20
-32
-40
-46
-42
-41
-48
-51
-46
-47
-50
-50
-52
-51
-47
-40
-32
-27
-20
-13
-6
-6
-10
-10
-9
-13
-8
-4
-4
4
9
6
2
6
1
-3
1
4
4
6
11
10
3
-1
-5
-11
-10
-5
-1
3
9
11
14
13
9
7
4
3
7
9
12
18
20
17
13
9
3
-3
-3
-3
-5
-3
4
1
-5
-14
-25
-33
-41
-43
-39
-33
-24
-15
-11
-13
-16
-24
-31
-35
-37
-33
-28
-20
-17
-15
-18
-23
-28
-33
-37
-42
-39
-32
-28
-21
-15
-13
-8
-9
-12
-7
-4
-3
4
7
10
18
20
20
25
24
24
24
23
23
23
21
17
20
22
24
32
39
45
53
57
55
50
45
35
21
14
12
7
9
15
14
11
14
8
2
-2
-5
-7
-7
-1
4
6
11
11
5
0
-4
-11
-22
-28
-26
-27
-30
-28
-26
-25
-26
-24
-21
-23
-20
-14
-17
-13
-9
-8
-8
-5
-3
-8
-10
-11
-14
-19
-19
-21
-20
-16
-10
-6
-2
4
9
14
17
17
21
25
23
27
28
25
25
25
23
20
19
17
13
11
11
7
4
4
6
8
9
11
11
13
15
13
11
8
6
4
-1
-5
-8
-13
-16
-17
-21
-23
-21
-21
-22
-24
-22
-20
-19
-15
-11
-13
-13
-10
-12
-16
-18
-20
-19
-19
-19
-19
-20
-20
-21
-20
-21
-22
-14
-8
-2
5
12
16
16
15
12
8
6
8
10
14
18
21
22
24
22
16
15
12
13
15
19
25
35
42
45
46
42
39
32
25
19
15
12
11
11
9
6
0
-4
-14
-22
-28
-33
-36
-35
-31
-30
-23
-19
-17
-13
-11
-15
-16
-17
-20
-20
-18
-19
-18
-14
-16
-17
-21
-21
-23
-23
-24
-24
-21
-21
-20
-19
-17
-15
-12
-9
-5
-5
-5
-4
-8
-8
-5
-3
1
8
15
20
21
24
25
22
23
23
21
22
24
25
24
24
24
22
15
11
6
-1
-7
-9
-9
-9
-8
-6
-6
-5
-5
-6
-5
-4
0
2
3
5
4
1
-1
-4
-7
-12
-14
-16
-17
-15
-13
-9
-7
-4
-1
1
4
6
5
1
-2
-6
-10
-12
-13
-12
-11
-6
-1
3
4
4
4
1
-1
-5
-3
-1
4
12
17
21
25
27
28
28
29
31
37
41
43
43
40
34
25
16
10
5
5
9
15
20
22
25
22
14
2
-9
-18
-28
-33
-35
-34
-32
-28
-23
-22
-19
-16
-13
-10
-5
-2
0
3
1
-2
-5
-8
-13
-15
-16
-17
-14
-11
-10
-9
-7
-13
-18
-21
-27
-33
-33
-32
-29
-23
-14
-10
-4
-2
-1
-4
-11
-12
-17
-19
-18
-16
-12
-7
-3
3
6
8
10
8
9
9
10
7
6
3
-2
-7
-10
-15
-21
-23
-24
-23
-21
-16
-10
-7
-4
0
2
5
5
7
9
9
11
15
17
17
20
22
22
22
21
19
15
12
9
5
3
2
1
3
4
6
10
11
12
12
13
14
13
15
15
17
15
16
18
17
19
21
22
24
24
26
26
25
22
18
16
10
6
0
-4
-8
-11
-13
-15
-14
-16
-15
-14
-13
-11
-12
-13
-14
-15
-17
-18
-19
-20
-18
-16
-13
-10
-9
-8
-8
-9
-8
-7
-4
-1
0
4
2
3
3
0
-1
-3
-3
-2
0
3
6
9
9
8
7
3
-2
-5
-8
-11
-11
-10
-5
-5
-3
-1
-2
-2
-3
-3
-5
-5
-3
0
4
6
11
14
15
19
20
21
23
24
23
22
21
19
15
10
5
-1
-7
-12
-16
-20
-22
-23
-24
-21
-24
-23
-23
-25
-25
-26
-26
-28
-26
-25
-23
-20
-15
-11
-6
-2
0
2
3
4
2
2
1
2
1
2
4
4
3
6
3
2
1
1
2
1
3
3
5
8
12
12
14
14
16
16
15
17
15
16
17
16
16
15
16
14
12
10
8
7
6
5
5
5
8
10
12
15
16
16
15
11
8
2
-3
-3
-5
-4
-1
2
4
4
4
2
-1
-6
-7
-9
-8
-6
-1
2
4
7
5
4
2
-2
-5
-3
-1
3
8
13
16
17
16
14
9
6
2
-2
-2
-2
-1
-1
-2
-2
-7
-12
-18
-23
-27
-31
-32
-31
-31
-28
-28
-29
-31
-34
-38
-43
-46
-51
-53
-54
-53
-51
-50
-43
-41
-39
-37
-39
-40
-42
-40
-38
-35
-32
-24
-15
-6
3
8
8
6
4
4
8
6
5
6
8
16
25
32
36
37
32
28
25
26
26
32
39
46
55
59
60
57
58
61
72
92
123
170
229
288
337
367
378
380
383
391
398
399
393
383
372
363
348
323
288
248
213
192
181
173
164
144
118
87
52
15
-23
-65
-109
-152
-198
-246
-291
-333
-372
-412
-453
-494
-532
-562
-577
-584
-586
-590
-589
-584
-569
-545
-521
-500
-486
-466
-440
-404
-364
-325
-294
-267
-243
-216
-186
-157
-124
-89
-50
-8
35
75
113
145
174
201
225
249
274
299
327
351
368
378
382
379
377
374
370
359
348
338
327
318
304
286
264
237
208
182
153
127
103
79
56
33
10
-15
-41
-67
-92
-112
-132
-144
-154
-161
-164
-166
-166
-167
-168
-167
-164
-157
-149
-140
-128
-121
-113
-108
-101
-89
-79
-65
-51
-34
-16
5
27
47
68
83
99
111
124
138
149
159
167
169
171
170
165
162
156
150
141
132
123
113
103
95
84
70
55
40
26
14
4
-9
-25
-43
-58
-69
-78
-83
-88
-95
-103
-112
-119
-124
-125
-122
-118
-111
-102
-95
-87
-80
-75
-72
-69
-66
-60
-52
-39
-27
-19
-14
-12
-12
-8
-3
6
17
26
36
45
56
67
77
80
82
80
76
75
74
77
76
75
75
72
69
66
62
53
44
35
29
27
30
34
36
36
31
25
14
5
-4
-12
-18
-22
-25
-31
-35
-40
-45
-49
-53
-54
-56
-54
-51
-45
-42
-41
-39
-41
-35
-32
-28
-28
-32
-38
-45
-49
-49
-47
-47
-40
-32
-21
-10
-2
4
5
7
11
16
21
24
28
29
30
32
28
25
20
15
11
8
5
1
1
0
2
5
9
10
13
14
14
16
16
17
17
18
22
22
21
16
9
4
-3
-8
-14
-19
-25
-27
-29
-28
-28
-29
-29
-28
-30
-28
-28
-29
-31
-33
-35
-36
-34
-31
-24
-20
-14
-12
-10
-7
-4
0
4
10
15
19
24
27
29
27
25
20
19
19
23
27
34
39
43
47
49
51
53
53
53
52
51
47
39
34
26
21
14
7
1
-5
-12
-16
-22
-23
-27
-29
-30
-28
-25
-23
-20
-20
-23
-26
-28
-27
-27
-25
-27
-31
-35
-42
-44
-46
-43
-41
-38
-37
-36
-34
-30
-25
-21
-20
-21
-23
-20
-14
-7
-3
0
0
3
7
16
27
35
40
41
41
40
43
48
51
49
46
41
38
35
36
35
32
29
26
26
28
32
34
31
26
18
12
8
7
6
3
-3
-9
-13
-16
-16
-15
-17
-20
-24
-25
-21
-17
-9
-8
-5
-6
-6
-6
-4
-5
-8
-12
-14
-16
-14
-13
-13
-11
-12
-10
-8
-3
1
5
6
5
3
-2
-8
-12
-18
-25
-30
-37
-40
-44
-46
-47
-49
-46
-44
-40
-35
-29
-23
-19
-18
-16
-17
-20
-21
-24
-23
-22
-22
-18
-16
-11
-4
2
9
15
22
24
28
32
34
36
34
31
25
21
18
14
12
8
7
7
7
9
13
16
21
25
26
26
24
27
26
26
23
17
11
6
5
3
2
1
-5
-8
-7
-6
-6
-6
-8
-10
-9
-7
-3
1
4
6
6
6
6
7
8
8
8
8
5
6
8
6
6
2
-1
-6
-7
-7
-4
0
3
4
6
7
8
10
9
8
4
2
0
-1
-1
-5
-7
-12
-17
-19
-21
-22
-22
-20
-17
-14
-8
-4
0
1
3
1
0
-2
-4
-8
-9
-12
-14
-15
-18
-19
-21
-23
-24
-23
-19
-13
-8
-2
4
8
13
17
21
24
25
26
26
27
27
25
25
19
16
13
11
11
13
15
18
21
24
27
28
31
32
32
32
31
30
30
30
27
24
18
15
11
11
10
12
13
15
17
18
19
18
14
10
6
3
2
-1
-2
-6
-9
-11
-13
-16
-18
-19
-19
-17
-14
-12
-11
-9
-6
-6
-6
-9
-12
-13
-16
-18
-20
-25
-29
-32
-32
-33
-35
-37
-40
-42
-43
-42
-41
-40
-38
-36
-34
-31
-27
-25
-22
-19
-17
-14
-14
-13
-14
-13
-12
-13
-12
-12
-10
-8
-4
-1
3
7
9
16
24
32
43
48
54
58
63
66
64
63
60
55
51
46
43
38
34
29
26
23
21
20
18
15
11
9
5
1
-4
-7
-14
-20
-28
-36
-44
-52
-59
-65
-68
-70
-67
-61
-56
-50
-47
-45
-44
-43
-41
-38
-38
-35
-35
-35
-33
-33
-30
-30
-27
-26
-21
-13
-6
6
14
23
29
35
40
44
49
51
53
53
52
52
52
51
49
47
43
43
42
42
44
44
43
41
38
36
32
29
24
19
12
5
-1
-9
-15
-24
-30
-36
-40
-42
-42
-40
-37
-35
-33
-33
-30
-28
-25
-23
-21
-19
-18
-17
-16
-14
-13
-15
-12
-9
-6
1
8
16
22
28
34
38
42
41
41
39
38
37
34
30
25
18
12
6
0
-4
-7
-8
-10
-7
-5
-4
-2
-3
-3
-4
-4
-5
-5
-5
-7
-8
-13
-15
-19
-22
-23
-25
-25
-22
-21
-18
-17
-15
-14
-16
-16
-16
-15
-13
-9
-6
-3
-1
0
-1
0
1
-1
0
-1
2
1
1
1
0
0
-2
-3
-4
-3
-1
1
2
1
2
1
2
1
2
1
-2
-1
-3
-3
-4
-7
-7
-9
-9
-10
-9
-5
-5
0
2
5
8
10
13
15
18
19
19
20
20
21
21
21
20
19
18
19
18
21
23
22
23
20
20
18
15
14
9
6
2
-2
-6
-9
-12
-15
-20
-24
-27
-28
-29
-29
-29
-32
-34
-36
-35
-36
-37
-39
-40
-42
-40
-40
-37
-36
-36
-35
-34
-30
-28
-21
-18
-13
-7
-3
3
8
13
17
20
24
28
33
39
41
44
45
44
44
44
43
43
44
43
39
38
35
35
34
32
31
28
28
27
27
27
25
22
18
14
11
7
4
0
-4
-9
-12
-15
-15
-16
-17
-16
-17
-14
-14
-10
-7
-6
-3
-3
0
1
3
4
6
7
6
5
4
3
3
3
4
3
4
4
5
6
6
5
3
2
-1
-1
-3
-6
-6
-8
-11
-15
-17
-19
-22
-23
-25
-27
-28
-25
-25
-26
-27
-27
-28
-29
-29
-31
-30
-30
-28
-26
-23
-21
-20
-17
-15
-13
-9
-5
-1
4
7
11
14
16
18
18
19
19
19
20
22
24
24
24
24
23
21
22
22
23
22
24
21
19
19
17
15
13
10
7
4
2
1
-3
-6
-9
-11
-14
-15
-15
-16
-17
-17
-18
-18
-18
-17
-17
-18
-18
-21
-21
-22
-23
-21
-20
-18
-20
-17
-17
-15
-13
-13
-11
-9
-4
-2
2
4
6
7
7
8
9
13
15
17
18
21
22
24
25
27
28
27
27
28
29
29
29
28
27
24
22
20
19
18
16
15
12
11
11
9
9
7
7
6
3
2
1
-1
-3
-6
-7
-8
-9
-12
-14
-14
-15
-14
-13
-12
-8
-7
-5
-3
-3
0
1
4
6
6
9
11
15
17
20
22
23
24
26
30
31
34
35
36
37
39
38
37
35
32
30
27
24
23
20
17
14
9
6
1
-2
-5
-10
-12
-17
-19
-21
-26
-28
-32
-36
-40
-45
-47
-47
-50
-51
-54
-55
-57
-58
-59
-59
-60
-61
-60
-60
-59
-58
-56
-54
-52
-49
-46
-41
-36
-31
-25
-20
-16
-10
-4
0
6
10
15
19
23
28
31
35
37
38
40
43
45
48
49
49
50
49
49
48
46
45
43
42
39
40
38
36
33
30
26
22
18
12
9
5
2
-3
-7
-12
-15
-17
-20
-21
-25
-26
-27
-27
-24
-25
-24
-27
-28
-28
-27
-25
-24
-23
-21
-18
-16
-11
-9
-5
-2
0
5
8
12
15
18
21
22
23
24
25
24
25
23
21
21
20
19
19
17
17
15
11
10
7
3
1
-3
-6
-10
-13
-16
-19
-22
-26
-28
-31
-33
-33
-34
-33
-33
-34
-34
-35
-34
-34
-34
-33
-32
-29
-26
-22
-17
-15
-10
-5
0
7
12
18
23
28
34
37
42
46
48
49
50
55
57
59
60
62
63
64
66
66
66
65
63
61
58
55
52
48
42
36
28
20
13
5
-2
-9
-17
-23
-29
-35
-41
-46
-50
-54
-58
-62
-63
-65
-67
-68
-69
-69
-72
-72
-71
-70
-66
-64
-60
-58
-54
-48
-44
-35
-30
-24
-18
-10
-2
3
10
15
19
24
26
31
34
37
39
39
42
42
45
46
47
49
49
49
50
50
49
48
48
46
43
41
37
33
30
25
20
16
11
6
1
-3
-8
-12
-16
-20
-23
-26
-29
-31
-34
-35
-38
-38
-41
-42
-42
-43
-41
-43
-42
-41
-41
-38
-36
-32
-30
-28
-26
-23
-20
-17
-13
-11
-5
-4
0
2
3
6
7
11
11
12
14
15
17
17
18
19
18
17
18
17
17
19
17
18
15
14
14
13
11
10
7
5
5
4
3
2
0
-1
-1
-1
-1
-2
-2
-3
-2
-2
-2
-1
-2
-3
-2
-3
-1
-2
-2
-2
-2
-1
-3
-2
-4
-4
-3
-4
-2
-3
-2
-1
-1
0
-1
0
0
0
1
2
3
3
5
5
6
7
7
9
9
10
12
12
13
15
16
17
18
20
21
22
24
24
25
26
26
25
23
23
21
19
18
15
13
9
6
5
2
0
-2
-3
-5
-7
-9
-11
-12
-14
-14
-16
-18
-19
-18
-20
-20
-20
-21
-21
-23
-22
-21
-21
-18
-20
-17
-17
-17
-15
-15
-13
-10
-9
-9
-8
-7
-6
-5
-4
-4
-5
-6
-4
-5
-4
-3
-2
-1
-1
1
2
2
3
3
3
6
5
6
7
7
7
7
7
7
7
7
7
6
6
6
5
5
4
4
2
1
0
0
-1
-2
-2
-3
-4
-7
-7
-8
-8
-8
-10
-10
-12
-11
-12
-12
-12
-12
-12
-11
-12
-10
-9
-9
-5
-6
-4
-4
-2
1
2
5
4
5
5
5
8
7
10
8
8
8
9
11
10
10
10
9
9
9
8
8
7
4
2
-1
-2
-4
-5
-7
-9
-10
-11
-12
-13
-12
-13
-13
-13
-13
-11
-10
-9
-8
-7
-8
-7
-5
-4
-3
-1
1
2
5
5
9
11
13
15
16
19
21
24
26
28
27
28
29
30
29
29
28
29
27
28
29
25
24
24
23
22
20
20
19
17
15
13
11
8
5
3
0
-3
-3
-8
-11
-10
-13
-14
-16
-18
-17
-19
-16
-17
-17
-16
-15
-13
-13
-12
-10
-9
-7
-6
-5
-2
-1
2
3
5
6
8
11
13
16
17
19
19
21
21
21
20
19
19
16
15
15
13
10
8
5
1
-2
-5
-7
-11
-13
-17
-20
-22
-25
-27
-29
-32
-33
-35
-37
-37
-39
-38
-38
-39
-39
-37
-36
-35
-34
-31
-30
-28
-25
-23
-19
-17
-14
-11
-8
-6
-4
0
1
2
4
5
9
9
11
14
15
17
20
20
21
24
25
26
26
27
27
29
27
27
26
24
26
24
24
24
22
22
19
19
18
15
15
12
12
10
6
6
3
2
0
-1
-3
-6
-7
-8
-9
-12
-12
-13
-16
-16
-17
-17
-19
-19
-18
-17
-17
-17
-16
-17
-14
-13
-12
-10
-9
-7
-5
-2
-1
2
5
6
8
11
12
16
18
20
21
22
24
25
26
27
28
30
30
30
31
30
30
29
28
27
25
23
21
19
17
16
11
10
7
3
2
-2
-5
-7
-11
-13
-15
-17
-18
-19
-21
-23
-24
-26
-27
-27
-28
-27
-29
-29
-29
-31
-28
-29
-26
-26
-26
-24
-23
-20
-19
-17
-15
-15
-11
-10
-7
-5
-4
-2
-1
1
0
2
3
3
5
4
7
7
7
8
8
9
8
7
8
8
7
8
8
7
7
6
5
3
1
0
0
-3
-4
-6
-7
-8
-9
-10
-11
-11
-12
-13
-13
-14
-14
-14
-16
-15
-15
-15
-14
-12
-11
-12
-8
-10
-7
-5
-3
0
0
4
4
7
10
11
14
15
17
18
20
21
23
24
25
25
25
26
26
26
27
24
23
23
22
21
19
18
16
14
14
12
10
8
5
4
2
-1
-1
-3
-6
-7
-10
-10
-11
-13
-14
-15
-16
-16
-18
-19
-19
-22
-22
-22
-23
-22
-23
-23
-23
-22
-22
-21
-21
-21
-21
-20
-21
-19
-20
-20
-19
-19
-17
-16
-15
-13
-13
-11
-11
-9
-7
-5
-3
0
1
5
7
10
12
12
15
16
19
21
23
24
26
27
28
30
32
32
32
32
33
32
32
31
31
29
27
26
24
23
20
18
16
13
12
8
6
6
3
3
-1
-2
-3
-6
-6
-9
-11
-10
-13
-13
-15
-14
-15
-16
-14
-16
-14
-14
-15
-14
-13
-12
-12
-11
-10
-9
-8
-7
-7
-6
-7
-7
-6
-6
-6
-5
-5
-6
-5
-6
-6
-6
-6
-4
-6
-5
-4
-4
-4
-4
-4
-4
-5
-5
-5
-5
-5
-3
-3
-4
-3
-5
-3
-3
-3
-1
-1
0
1
2
2
3
3
3
3
4
3
3
2
2
3
2
1
-1
-1
-2
-3
-2
-4
-4
-3
-4
-3
-3
-3
-2
-4
-1
-1
-2
0
-1
0
0
0
2
1
3
3
4
7
6
8
9
10
12
11
13
14
14
14
12
13
13
12
12
12
13
11
10
10
9
9
8
6
6
5
5
3
3
3
3
1
1
0
0
-2
-2
-2
-3
-4
-4
-4
-5
-5
-5
-6
-6
-7
-6
-5
-7
-8
-10
-11
-11
-11
-13
-13
-16
-15
-16
-17
-16
-19
-20
-19
-20
-19
-18
-21
-20
-19
-21
-18
-18
-18
-16
-16
-15
-13
-12
-10
-9
-8
-4
-2
-2
1
3
5
8
8
10
11
11
14
15
17
17
16
17
19
18
19
19
19
20
20
20
21
20
20
20
20
20
19
18
17
17
16
17
16
14
14
13
13
13
12
11
10
9
10
9
7
6
2
2
1
-2
-2
-5
-8
-8
-11
-13
-14
-17
-20
-20
-22
-22
-23
-25
-25
-26
-28
-26
-27
-27
-24
-24
-22
-20
-20
-19
-16
-16
-11
-9
-8
-5
-2
1
6
8
10
11
12
14
16
17
17
17
16
17
17
16
14
11
11
9
9
7
6
5
2
0
-1
-2
-3
-4
-5
-7
-6
-7
-6
-6
-6
-5
-4
-4
-5
-3
-3
1
3
4
5
7
5
8
11
7
10
9
9
10
10
10
10
9
9
8
7
7
7
6
6
6
4
4
3
4
4
3
4
4
5
6
6
7
9
9
10
12
11
14
14
14
15
15
17
16
17
17
16
15
15
15
14
13
12
10
10
8
6
4
3
1
1
-1
-2
-3
-4
-5
-6
-7
-7
-7
-8
-8
-8
-8
-8
-9
-9
-9
-9
-9
-9
-8
-8
-8
-8
-9
-9
-11
-10
-11
-11
-10
-12
-10
-12
-13
-12
-13
-12
-13
-12
-12
-12
-13
-12
-12
-13
-10
-11
-10
-9
-8
-6
-5
-5
-2
-3
-2
-1
-1
1
1
2
1
2
1
2
1
0
-1
-2
-3
-2
-4
-6
-6
-8
-10
-11
-13
-14
-15
-16
-16
-16
-16
-17
-17
-17
-16
-16
-14
-13
-13
-9
-9
-8
-5
-5
-4
-2
-1
2
2
3
6
6
9
9
10
11
11
12
11
12
11
11
11
11
9
10
10
9
9
9
9
8
7
9
9
10
10
10
11
12
12
13
15
16
17
18
19
20
18
18
18
17
18
17
17
16
14
13
