SAMPLES:	11961
BITSPERSAMPLE:	16
CHANNELS:	1
SAMPLERATE:	16000
NORMALIZED:	FALSE
-4
-5
-7
-9
-8
-7
-7
-6
-6
-3
-2
-5
-3
-6
-4
-4
-7
-4
-2
-3
-3
-1
-1
-3
-3
-5
-5
-5
-3
1
2
7
8
6
7
5
3
2
6
8
11
14
15
17
17
17
15
13
16
18
19
22
25
24
22
21
16
12
8
3
2
2
3
3
2
4
-2
-9
-13
-20
-25
-29
-32
-33
-29
-26
-26
-26
-28
-32
-37
-40
-42
-41
-40
-34
-29
-26
-21
-21
-25
-24
-29
-29
-26
-23
-15
-11
-7
-3
-1
0
-1
-6
-7
-8
-8
-7
-4
-1
2
4
5
3
0
-3
-4
-5
-5
-3
-2
-2
2
0
-5
-4
-4
0
3
6
11
11
11
8
3
2
-3
-4
-3
-2
3
4
9
11
7
4
-2
-6
-9
-14
-13
-12
-10
-5
-6
-5
-5
-15
-17
-22
-28
-25
-27
-22
-17
-15
-9
-10
-11
-9
-15
-15
-13
-11
-5
-2
5
9
10
12
9
8
10
8
11
12
13
16
11
14
12
7
9
2
3
5
0
2
-2
-6
-7
-16
-17
-20
-22
-19
-19
-14
-11
-11
-9
-9
-12
-11
-13
-10
-6
-3
5
8
14
18
17
18
13
13
12
9
15
13
14
18
14
14
14
9
6
1
-3
-4
-6
-8
-9
-12
-14
-16
-20
-22
-22
-22
-22
-18
-15
-15
-10
-12
-12
-10
-10
-3
-2
3
10
10
15
14
14
14
11
13
11
15
19
21
24
24
23
21
17
13
9
8
8
10
14
20
21
22
21
16
16
13
11
12
11
18
20
22
27
28
28
25
23
21
18
18
14
14
14
13
13
8
8
3
-1
-4
-5
-5
-7
-8
-10
-10
-8
-10
-10
-9
-8
-9
-10
-6
-2
-1
1
3
2
4
6
8
12
16
21
25
28
33
31
28
26
23
22
20
25
28
30
36
35
35
35
32
29
26
25
28
24
29
31
29
30
25
24
21
14
12
5
1
6
3
3
7
6
5
6
4
-2
-6
-10
-16
-20
-21
-23
-22
-20
-17
-14
-18
-14
-16
-24
-21
-27
-27
-22
-24
-19
-16
-13
-9
-13
-13
-14
-18
-20
-23
-25
-26
-24
-24
-22
-18
-13
-11
-12
-9
-13
-17
-21
-24
-28
-32
-26
-27
-24
-18
-21
-17
-17
-20
-17
-23
-19
-14
-16
-11
-8
-7
-6
-3
-6
-7
-5
-6
-4
-5
-4
-1
-2
1
-1
-1
-1
3
3
1
5
1
0
-2
-7
-6
-10
-7
-5
-7
-3
-2
-1
-3
-3
-4
-6
-3
-2
1
3
9
14
16
20
20
19
15
13
9
5
8
10
14
22
25
31
31
26
19
11
5
1
-4
-4
-1
2
4
6
3
-3
-6
-14
-19
-23
-23
-19
-15
-13
-11
-11
-14
-14
-20
-24
-25
-23
-17
-13
-10
-6
-3
-3
-5
-7
-9
-6
-3
-1
3
6
9
11
7
4
2
0
1
2
3
8
14
18
19
15
11
10
8
3
3
8
13
22
24
24
23
20
16
7
1
2
6
13
19
23
29
32
29
22
13
6
2
2
5
6
10
16
18
15
7
2
-2
-7
-9
-12
-9
-3
1
5
2
0
1
-6
-10
-14
-13
-8
-4
0
2
3
4
5
2
-3
-4
0
5
8
8
9
13
13
9
5
3
2
5
3
3
6
8
10
7
4
0
-3
-1
-4
-4
-3
1
5
3
4
-2
-6
-8
-15
-20
-22
-19
-17
-14
-12
-12
-11
-12
-14
-21
-26
-22
-22
-19
-17
-13
-7
-4
0
-5
-7
-7
-8
-7
-9
-6
-1
1
8
8
7
7
7
4
-1
-1
-3
-1
-1
-1
0
0
4
7
4
7
8
11
12
12
14
14
19
17
17
17
18
22
17
14
13
7
6
2
-3
-5
-3
-4
-3
-3
-5
-3
-7
-8
-11
-18
-16
-15
-18
-16
-13
-10
-9
-7
-12
-15
-15
-20
-20
-24
-23
-17
-18
-14
-11
-15
-14
-12
-16
-17
-15
-15
-14
-13
-14
-10
-11
-10
-10
-16
-13
-12
-13
-13
-12
-12
-11
-9
-10
-9
-8
-4
3
3
8
13
14
17
18
17
19
21
25
29
32
36
41
41
38
35
28
26
22
16
15
16
16
17
16
12
9
6
1
-5
-12
-12
-10
-10
-7
-5
-5
-4
-7
-12
-20
-24
-27
-29
-30
-32
-29
-26
-27
-29
-32
-34
-33
-35
-35
-33
-32
-26
-24
-25
-24
-24
-24
-24
-25
-27
-24
-20
-17
-15
-15
-12
-9
-7
-7
-8
-6
-2
-2
-3
-1
0
4
7
6
7
11
15
18
19
21
25
28
32
32
33
33
35
37
34
34
35
35
34
30
24
21
19
13
6
2
2
4
3
1
-2
-2
-2
-5
-8
-11
-9
-7
-6
-4
-5
-3
0
-4
-8
-12
-13
-13
-15
-14
-13
-10
-5
-4
-5
-6
-5
-6
-9
-9
-9
-6
-2
2
5
9
13
17
16
14
15
15
18
21
20
24
26
28
30
26
24
21
19
19
20
19
24
28
28
28
29
28
27
28
27
29
31
31
31
29
26
22
16
12
9
4
3
3
2
1
0
-3
-4
-7
-10
-9
-7
-5
-1
2
5
5
2
-2
-7
-13
-16
-17
-16
-12
-10
-7
-3
-4
-4
-6
-7
-8
-8
-6
-3
-1
0
1
1
-4
-7
-9
-10
-8
-8
-4
1
6
10
12
13
12
11
9
9
9
9
13
13
14
13
11
8
5
3
1
0
3
3
6
5
5
4
-1
-1
-5
-5
-4
-3
0
-1
-4
-7
-11
-18
-23
-25
-28
-26
-23
-20
-13
-9
-6
-5
-6
-10
-13
-15
-16
-14
-14
-14
-8
-9
-11
-13
-16
-15
-16
-17
-13
-12
-8
-5
-6
-5
-6
-8
-9
-10
-13
-13
-12
-14
-13
-14
-15
-16
-16
-20
-21
-23
-20
-16
-15
-12
-10
-9
-8
-9
-12
-14
-13
-12
-9
-7
-5
-3
-2
-3
-4
-6
-6
-3
-1
5
9
12
17
19
17
15
11
8
5
3
2
5
7
11
13
14
14
12
11
7
6
6
7
8
7
6
3
-2
-6
-12
-15
-18
-18
-17
-19
-17
-16
-18
-19
-21
-21
-19
-18
-14
-12
-8
-8
-6
-8
-9
-14
-18
-18
-18
-15
-10
-7
-1
2
5
6
5
6
6
7
9
11
15
15
16
14
10
9
4
4
2
4
8
11
16
18
19
21
19
18
16
17
16
15
16
13
12
9
6
4
-1
-3
-3
-2
2
2
5
7
9
8
6
6
5
5
7
5
7
5
6
2
-2
-4
-8
-7
-8
-6
-3
0
4
4
5
6
4
5
5
4
3
4
5
6
5
4
3
3
1
1
0
3
4
6
7
12
14
15
16
12
13
11
10
11
9
8
9
9
9
8
7
8
11
12
11
14
15
16
17
15
15
12
12
9
6
4
4
5
2
2
1
0
1
-2
-1
-3
-5
-2
-3
-2
-1
1
1
-1
0
-5
-5
-5
-8
-4
-8
-5
-3
-3
1
-3
0
0
3
5
2
6
7
9
8
5
7
4
4
2
-2
1
-2
2
2
4
9
10
14
15
17
20
23
28
25
28
29
28
29
24
21
21
19
20
18
16
13
10
9
4
2
-1
1
-1
-6
-5
-8
-5
-6
-8
-8
-10
-10
-12
-16
-19
-16
-16
-13
-11
-12
-11
-9
-12
-15
-18
-21
-21
-24
-26
-28
-30
-31
-34
-36
-40
-38
-39
-39
-40
-40
-36
-32
-27
-27
-23
-23
-20
-20
-20
-20
-18
-13
-11
-12
-11
-11
-10
-10
-14
-14
-12
-9
-4
-4
-2
0
2
1
2
3
4
10
11
13
16
19
19
20
17
15
16
16
16
17
18
21
24
21
20
15
14
10
4
1
-2
-2
-5
-7
-10
-13
-13
-18
-21
-22
-22
-17
-16
-14
-13
-11
-8
-8
-8
-6
-5
-1
2
2
0
1
0
-4
-6
-11
-13
-14
-16
-16
-21
-20
-22
-27
-32
-34
-38
-37
-39
-39
-40
-36
-35
-36
-38
-38
-37
-33
-30
-27
-20
-10
-3
1
4
8
12
15
16
16
22
26
28
28
31
30
32
30
30
28
29
31
33
32
35
35
37
37
37
34
37
37
38
40
42
43
45
44
42
39
40
41
39
42
44
45
45
44
39
37
31
26
21
17
13
10
8
4
-3
-6
-14
-18
-25
-28
-29
-29
-30
-29
-29
-26
-26
-26
-29
-30
-29
-26
-24
-23
-17
-11
-8
-5
-4
-3
-1
0
5
6
13
19
21
23
24
26
27
26
28
27
30
32
33
34
32
34
32
30
33
32
35
37
39
40
40
41
40
39
37
36
37
36
38
37
38
37
32
30
23
16
12
7
4
-1
-3
-4
-9
-10
-14
-18
-21
-26
-25
-29
-29
-29
-30
-30
-32
-31
-31
-32
-29
-29
-25
-24
-22
-19
-22
-21
-23
-23
-25
-26
-26
-27
-29
-30
-36
-41
-48
-52
-57
-62
-62
-63
-60
-57
-54
-52
-51
-47
-44
-42
-37
-35
-25
-21
-16
-10
-8
-6
-8
-8
-9
-9
-7
-10
-10
-10
-13
-15
-19
-20
-24
-24
-21
-21
-20
-17
-16
-16
-14
-13
-9
-8
1
7
17
25
33
41
44
50
53
59
62
65
71
75
78
83
81
79
74
70
64
55
52
47
44
40
36
35
27
25
22
14
11
6
6
1
0
-3
-9
-11
-17
-22
-26
-32
-35
-41
-45
-50
-56
-57
-65
-69
-75
-78
-81
-88
-88
-95
-99
-102
-107
-112
-119
-120
-125
-131
-129
-133
-132
-137
-135
-136
-138
-133
-134
-133
-129
-122
-118
-117
-108
-104
-103
-94
-92
-87
-87
-78
-73
-70
-62
-57
-52
-44
-37
-30
-25
-13
-8
-2
11
18
28
37
50
59
67
81
93
103
115
128
140
150
163
172
180
192
200
210
217
227
233
234
240
241
239
240
239
237
233
233
231
223
222
215
209
202
198
189
181
175
168
156
149
140
129
116
108
97
82
71
61
49
37
28
18
7
-4
-14
-28
-38
-47
-57
-68
-75
-85
-96
-105
-117
-133
-146
-158
-173
-188
-202
-212
-226
-237
-246
-260
-269
-277
-287
-298
-302
-303
-305
-306
-302
-303
-300
-299
-296
-298
-294
-288
-285
-277
-269
-264
-264
-262
-263
-268
-270
-267
-263
-254
-240
-222
-204
-184
-163
-140
-111
-75
-36
11
68
131
196
265
339
412
480
546
612
675
735
783
832
884
927
955
972
986
993
982
961
935
916
893
860
819
781
742
686
619
557
505
460
415
374
342
316
286
248
209
178
147
116
88
66
43
20
-4
-35
-72
-111
-151
-197
-244
-288
-334
-380
-418
-463
-510
-555
-596
-646
-700
-745
-785
-824
-851
-866
-882
-893
-897
-899
-904
-905
-896
-885
-867
-841
-823
-806
-781
-758
-753
-749
-730
-716
-714
-713
-705
-701
-698
-694
-689
-680
-661
-653
-652
-635
-599
-560
-503
-390
-238
-83
66
222
371
487
573
653
757
891
1028
1152
1288
1439
1544
1568
1551
1533
1499
1434
1368
1324
1304
1265
1173
1037
895
747
566
378
238
147
72
6
-42
-81
-131
-197
-278
-348
-385
-396
-387
-344
-274
-217
-189
-172
-163
-179
-204
-209
-192
-162
-127
-97
-69
-50
-59
-109
-167
-205
-237
-270
-282
-262
-235
-227
-235
-251
-262
-270
-284
-286
-258
-206
-159
-112
-50
21
78
121
152
184
228
271
309
358
424
479
514
542
566
584
592
588
576
575
589
598
593
595
588
554
500
445
394
349
320
292
255
216
176
116
40
-32
-104
-178
-231
-274
-321
-363
-395
-440
-512
-582
-643
-700
-747
-782
-812
-838
-853
-873
-907
-925
-930
-941
-959
-961
-950
-943
-927
-906
-891
-883
-888
-908
-922
-915
-908
-918
-908
-874
-849
-857
-873
-869
-855
-850
-856
-812
-667
-466
-297
-145
50
257
386
447
541
722
938
1111
1257
1464
1728
1904
1939
1948
2013
2058
2014
1963
1991
2063
2071
1963
1802
1662
1509
1277
1028
867
770
647
503
388
295
172
13
-154
-292
-388
-455
-491
-472
-418
-400
-425
-437
-446
-480
-512
-503
-457
-403
-350
-301
-244
-180
-155
-182
-216
-223
-228
-241
-233
-202
-174
-169
-193
-231
-259
-273
-292
-319
-319
-304
-294
-285
-264
-248
-246
-246
-244
-227
-188
-133
-72
2
79
133
169
219
276
315
343
382
433
487
539
581
624
668
688
681
671
674
669
644
612
575
525
461
388
310
225
138
43
-53
-135
-216
-303
-383
-453
-524
-602
-670
-729
-782
-830
-879
-931
-969
-987
-995
-1000
-990
-967
-944
-923
-908
-893
-862
-818
-787
-771
-748
-723
-713
-707
-694
-684
-683
-673
-666
-677
-701
-733
-770
-805
-831
-849
-811
-663
-469
-324
-203
-42
115
187
210
291
467
678
850
996
1219
1515
1715
1758
1794
1922
2037
2057
2079
2196
2338
2382
2285
2134
2030
1928
1737
1513
1377
1307
1179
994
846
713
529
298
61
-130
-271
-386
-484
-547
-584
-654
-778
-881
-931
-978
-1028
-1043
-1014
-970
-936
-894
-840
-772
-716
-718
-713
-641
-556
-493
-426
-334
-245
-194
-175
-165
-138
-78
-44
-73
-74
-23
-1
-30
-50
-45
-45
-61
-87
-81
59
230
219
124
139
215
201
135
125
133
123
176
244
212
169
207
262
274
285
341
419
482
489
440
415
462
507
495
459
475
523
508
424
332
268
226
158
49
-42
-95
-159
-286
-441
-559
-631
-702
-773
-830
-877
-912
-944
-981
-1021
-1041
-1043
-1063
-1085
-1082
-1050
-991
-927
-885
-880
-910
-928
-922
-902
-879
-858
-847
-839
-830
-855
-921
-980
-996
-1024
-1049
-891
-458
57
420
630
765
823
831
880
1032
1332
1739
2082
2295
2493
2685
2663
2382
2093
1952
1881
1849
1917
2009
1963
1704
1242
722
336
102
-80
-183
-149
-121
-246
-438
-575
-709
-876
-993
-987
-829
-554
-288
-128
-19
55
7
-108
-81
113
320
473
579
634
637
590
480
336
244
178
67
-36
-74
-118
-245
-431
-619
-770
-879
-941
-965
-920
-833
-797
-816
-816
-783
-734
-672
-579
-420
-237
-86
29
140
241
274
268
317
424
529
635
743
826
856
810
707
607
569
554
524
524
552
543
490
432
364
286
229
207
201
221
259
235
164
98
31
-44
-88
-83
-78
-103
-135
-176
-233
-285
-354
-469
-569
-621
-653
-690
-709
-691
-694
-739
-800
-850
-876
-874
-875
-880
-856
-790
-722
-701
-693
-693
-741
-806
-824
-804
-769
-694
-605
-611
-727
-844
-964
-1114
-1252
-1348
-1385
-1357
-1335
-1372
-1263
-770
-111
296
466
616
778
951
1171
1436
1767
2193
2527
2632
2749
2999
3016
2639
2276
2111
1992
1908
1921
1858
1565
1131
569
-28
-359
-416
-525
-687
-685
-653
-796
-964
-989
-998
-1030
-951
-761
-475
-65
311
460
501
582
608
553
634
895
1082
1109
1035
905
759
620
457
238
70
-42
-217
-434
-569
-682
-876
-1078
-1206
-1239
-1207
-1138
-1085
-1032
-936
-843
-769
-643
-441
-264
-125
4
143
292
400
469
510
562
577
531
496
489
467
405
348
310
304
276
193
111
94
106
101
141
242
345
398
435
452
476
525
577
630
677
708
655
530
421
338
229
85
-36
-118
-192
-279
-390
-524
-678
-842
-1010
-1108
-1101
-1047
-1033
-1024
-997
-974
-954
-925
-877
-815
-712
-607
-497
-365
-270
-254
-275
-292
-326
-358
-376
-438
-526
-590
-656
-770
-875
-988
-1170
-1343
-1465
-1603
-1769
-1898
-1974
-2025
-2087
-2062
-1664
-800
79
514
663
840
1061
1282
1568
1954
2468
3043
3387
3458
3571
3694
3414
2827
2458
2326
2227
2198
2180
1905
1391
763
0
-652
-848
-805
-922
-1025
-936
-940
-1150
-1282
-1262
-1225
-1081
-798
-496
-112
393
715
743
775
878
899
917
1125
1356
1421
1368
1214
965
752
604
357
85
-56
-188
-437
-663
-782
-933
-1125
-1258
-1325
-1309
-1195
-1104
-1081
-991
-826
-729
-659
-465
-233
-84
17
104
190
315
441
466
458
485
441
313
234
218
161
83
30
-13
-40
-61
-119
-171
-126
-30
26
98
253
396
471
528
586
654
758
861
884
875
869
774
599
453
348
204
41
-68
-162
-284
-434
-616
-826
-993
-1114
-1232
-1291
-1251
-1184
-1148
-1122
-1096
-1071
-1028
-955
-872
-771
-658
-546
-433
-350
-314
-322
-351
-396
-440
-457
-443
-413
-430
-547
-737
-912
-1043
-1153
-1255
-1357
-1459
-1547
-1630
-1717
-1787
-1852
-1832
-1477
-723
53
499
708
858
1035
1278
1547
1834
2285
2862
3220
3328
3451
3529
3265
2797
2494
2379
2362
2378
2234
1834
1366
853
195
-343
-533
-608
-787
-887
-846
-881
-1027
-1168
-1277
-1295
-1085
-767
-480
-150
216
407
425
517
690
830
945
1110
1254
1318
1335
1251
1087
953
844
623
360
199
64
-158
-431
-676
-913
-1122
-1266
-1360
-1418
-1428
-1445
-1508
-1488
-1342
-1186
-1080
-960
-805
-659
-519
-373
-175
40
214
324
410
507
549
547
542
554
554
556
546
500
466
396
250
116
102
138
155
200
260
275
243
220
210
250
373
480
491
477
499
459
338
225
145
72
21
19
11
-50
-191
-391
-613
-794
-892
-944
-964
-965
-961
-1003
-1093
-1172
-1208
-1219
-1215
-1143
-1015
-885
-805
-768
-753
-762
-772
-747
-672
-559
-428
-354
-408
-534
-658
-793
-905
-922
-914
-997
-1119
-1220
-1344
-1473
-1556
-1668
-1666
-1185
-381
162
319
406
497
622
917
1316
1732
2268
2808
3024
3100
3334
3427
3091
2747
2737
2840
2911
2953
2768
2279
1755
1222
666
342
293
121
-259
-484
-557
-766
-1063
-1236
-1360
-1416
-1261
-1010
-812
-574
-337
-316
-351
-137
195
395
575
795
896
914
968
993
976
1016
1012
833
646
571
423
158
-74
-262
-495
-695
-813
-937
-1089
-1251
-1457
-1630
-1613
-1483
-1391
-1346
-1293
-1253
-1187
-1027
-803
-578
-361
-140
16
167
346
455
466
493
577
671
792
910
928
820
663
502
399
421
514
543
492
435
355
235
148
110
88
125
207
258
257
225
132
-20
-168
-235
-226
-174
-112
-100
-156
-262
-367
-475
-579
-666
-720
-763
-820
-868
-909
-955
-1020
-1087
-1134
-1136
-1097
-1049
-1031
-1044
-1046
-1034
-996
-917
-833
-797
-756
-686
-650
-645
-643
-645
-650
-660
-695
-750
-841
-965
-1081
-1171
-1263
-1305
-1065
-461
80
194
117
125
220
452
812
1146
1515
1966
2279
2385
2565
2811
2745
2457
2432
2655
2821
2955
2980
2630
2083
1647
1263
970
918
859
490
54
-168
-365
-689
-924
-1041
-1206
-1275
-1119
-963
-868
-736
-713
-826
-773
-460
-148
54
258
401
392
422
576
697
800
940
950
857
847
833
648
398
221
40
-143
-195
-207
-359
-612
-883
-1175
-1349
-1294
-1213
-1216
-1210
-1213
-1283
-1304
-1206
-1069
-956
-803
-599
-398
-179
36
130
142
230
359
503
701
878
935
884
802
745
719
734
768
760
704
668
611
502
375
264
175
139
144
153
143
66
-72
-246
-380
-420
-388
-362
-369
-425
-524
-594
-629
-659
-696
-753
-806
-814
-792
-802
-830
-854
-885
-937
-962
-923
-875
-838
-831
-856
-851
-761
-683
-672
-656
-636
-645
-658
-618
-544
-491
-487
-528
-583
-624
-667
-766
-903
-998
-1056
-1140
-1194
-998
-540
-180
-181
-320
-282
-97
141
435
766
1077
1389
1660
1879
2153
2434
2472
2323
2376
2686
2944
3043
3055
2890
2523
2164
1961
1837
1722
1520
1157
761
531
339
8
-352
-602
-820
-1013
-1052
-994
-997
-1109
-1240
-1326
-1277
-1081
-892
-784
-673
-547
-479
-377
-151
77
215
315
421
513
621
708
678
584
532
511
468
469
505
431
227
-3
-197
-339
-416
-499
-630
-739
-829
-926
-1004
-1018
-1033
-1075
-1087
-1028
-914
-785
-689
-651
-620
-546
-421
-241
-21
140
204
238
292
354
441
538
601
640
688
734
770
798
778
686
584
543
532
509
463
366
201
21
-110
-204
-274
-335
-419
-532
-615
-658
-728
-818
-888
-935
-982
-999
-978
-959
-972
-994
-986
-945
-869
-797
-746
-703
-660
-622
-572
-503
-458
-442
-386
-283
-182
-127
-116
-120
-102
-85
-108
-136
-148
-168
-243
-346
-455
-590
-739
-871
-990
-1006
-808
-567
-521
-636
-688
-608
-466
-289
-80
151
433
735
963
1189
1446
1602
1622
1714
2008
2326
2512
2618
2660
2601
2517
2459
2400
2342
2221
2008
1795
1643
1477
1189
854
578
358
165
41
-70
-250
-463
-683
-873
-961
-941
-957
-1051
-1134
-1162
-1174
-1173
-1115
-1039
-968
-871
-746
-637
-544
-468
-468
-492
-422
-285
-152
-28
69
82
43
12
5
7
24
51
29
-21
-66
-127
-241
-337
-395
-452
-496
-496
-469
-490
-556
-662
-749
-781
-771
-742
-710
-665
-608
-577
-555
-481
-375
-282
-176
-50
105
255
363
442
498
586
688
769
849
924
943
920
881
854
864
820
735
634
519
416
312
209
83
-135
-330
-357
-418
-577
-690
-746
-823
-966
-1044
-985
-944
-971
-964
-940
-910
-874
-845
-791
-720
-668
-610
-517
-377
-277
-250
-209
-126
-73
-63
-46
-8
16
-20
-90
-186
-298
-389
-473
-548
-587
-626
-693
-772
-824
-798
-696
-610
-587
-585
-518
-398
-272
-127
52
243
429
607
786
974
1144
1240
1295
1401
1572
1714
1777
1801
1806
1771
1740
1734
1735
1713
1632
1519
1421
1345
1285
1212
1110
997
871
757
671
597
492
357
214
86
-34
-164
-295
-409
-515
-592
-626
-662
-718
-787
-861
-927
-960
-951
-919
-870
-808
-772
-759
-717
-666
-645
-640
-585
-510
-453
-412
-367
-351
-389
-452
-491
-479
-448
-430
-414
-398
-415
-446
-478
-512
-528
-521
-530
-542
-505
-456
-465
-471
-427
-362
-302
-200
-58
55
126
222
319
385
460
537
642
769
835
840
860
889
901
869
836
835
815
751
690
611
489
352
214
114
32
-70
-170
-252
-368
-488
-576
-634
-655
-677
-718
-748
-759
-770
-784
-809
-809
-780
-755
-720
-626
-530
-484
-486
-498
-487
-460
-423
-370
-336
-337
-366
-432
-500
-538
-577
-608
-611
-612
-629
-654
-676
-723
-754
-739
-681
-595
-486
-418
-399
-372
-302
-224
-137
8
173
301
412
534
649
757
856
946
1043
1172
1288
1351
1382
1417
1418
1376
1361
1386
1415
1420
1418
1403
1353
1271
1191
1117
1056
1015
965
903
827
732
603
481
386
291
188
110
53
-13
-113
-225
-323
-416
-489
-532
-548
-548
-567
-608
-637
-654
-665
-651
-614
-583
-571
-565
-549
-529
-525
-549
-565
-543
-505
-478
-466
-452
-472
-531
-580
-572
-532
-495
-460
-453
-480
-504
-523
-534
-522
-498
-454
-393
-321
-241
-182
-129
-63
-14
34
106
206
310
387
435
482
526
563
586
611
636
638
620
602
563
502
455
407
359
305
240
161
77
-3
-73
-187
-265
-269
-328
-431
-477
-471
-507
-608
-689
-686
-690
-688
-643
-592
-554
-526
-521
-517
-511
-507
-474
-424
-387
-392
-422
-449
-475
-519
-532
-528
-542
-560
-573
-579
-602
-636
-663
-675
-667
-631
-603
-570
-534
-525
-505
-431
-329
-223
-87
61
171
250
358
478
576
679
810
933
1042
1148
1206
1215
1232
1259
1277
1311
1386
1442
1438
1406
1365
1302
1250
1223
1185
1142
1103
1059
1000
928
838
728
616
556
517
466
430
388
295
180
62
-41
-120
-201
-255
-296
-339
-391
-451
-509
-553
-617
-666
-682
-701
-713
-706
-694
-711
-743
-767
-774
-774
-739
-703
-690
-677
-676
-692
-686
-659
-641
-634
-613
-572
-561
-558
-533
-517
-520
-503
-468
-426
-377
-326
-269
-218
-162
-107
-62
0
82
142
179
228
288
340
375
415
459
481
498
522
533
528
513
493
460
413
374
338
292
241
192
138
81
20
-46
-120
-198
-271
-347
-419
-471
-514
-559
-595
-605
-600
-593
-596
-596
-576
-540
-512
-489
-444
-388
-347
-333
-330
-344
-363
-362
-336
-309
-286
-267
-274
-306
-337
-368
-392
-396
-383
-376
-379
-374
-373
-374
-367
-338
-296
-245
-192
-128
-50
39
125
187
240
308
392
487
597
695
771
834
891
954
1019
1079
1126
1149
1171
1192
1202
1201
1178
1133
1081
1045
1012
977
938
899
842
766
686
619
562
511
447
373
296
203
97
6
-63
-127
-184
-230
-276
-340
-403
-458
-513
-572
-612
-638
-651
-657
-668
-689
-721
-747
-769
-775
-760
-718
-668
-624
-603
-606
-610
-611
-601
-581
-545
-497
-450
-424
-400
-386
-384
-368
-344
-314
-281
-240
-200
-169
-146
-120
-103
-106
-90
-42
17
80
130
168
192
208
230
251
291
350
395
405
402
410
412
409
403
400
371
333
301
265
232
193
160
115
68
21
-49
-109
-156
-214
-273
-315
-333
-351
-365
-376
-393
-422
-429
-419
-397
-344
-303
-280
-260
-241
-243
-271
-279
-277
-266
-248
-221
-202
-213
-251
-277
-297
-319
-312
-304
-293
-279
-284
-325
-345
-352
-344
-305
-257
-196
-148
-114
-67
-45
-21
28
76
139
237
320
401
473
506
539
558
589
638
684
748
798
807
836
855
851
834
811
798
789
797
797
777
760
725
647
583
556
559
551
514
442
382
294
208
171
131
57
-7
-22
-52
-151
-246
-224
-332
-444
-407
-408
-472
-502
-587
-611
-607
-618
-603
-850
-823
-474
-510
-687
-749
-651
-467
-647
-737
-464
-524
-632
-350
-363
-401
-312
-282
-244
-293
-125
-125
-272
-148
40
-96
-103
-50
-57
22
-3
43
26
157
228
84
53
355
325
93
139
274
357
106
50
270
345
242
226
189
208
172
56
131
103
34
62
79
37
14
-31
-177
-167
-154
-148
-117
-218
-197
-138
-211
-296
-315
-303
-199
-221
-250
-104
-105
-198
-190
-143
-236
-282
-260
-182
-125
-214
-254
-253
-288
-348
-390
-353
-297
-367
-412
-291
-226
-393
-401
-236
-159
-222
-219
-144
21
45
-28
66
69
120
260
330
316
364
396
412
441
453
465
432
489
548
563
549
539
567
513
547
562
495
511
664
660
474
455
549
644
531
440
542
643
601
431
424
498
444
371
343
200
265
321
64
29
-2
-158
24
-80
-293
-264
-276
-248
-463
-660
-338
-468
-855
-332
-476
-811
-573
-622
-680
-671
-813
-685
-490
-683
-620
-592
-527
-319
-503
-585
-344
-298
-223
-96
-301
-397
-109
68
-133
-223
-167
160
152
-82
11
77
104
226
24
-62
300
171
32
79
155
208
50
104
241
107
115
200
-43
125
290
-16
-48
150
340
103
-17
135
158
125
-7
31
262
150
14
99
64
210
55
-242
160
162
-94
34
103
77
-12
-41
-58
-110
-169
-82
-112
-270
-176
-107
-176
-343
-368
-284
-260
-388
-385
-239
-303
-305
-383
-258
-187
-384
-275
-111
-99
-153
-115
57
133
0
3
173
301
366
179
176
396
355
263
293
310
299
283
323
462
291
213
421
258
277
365
231
396
428
168
344
399
227
385
473
514
317
178
475
574
195
184
450
328
290
201
232
260
-164
69
180
-86
-251
-18
399
-225
-743
-49
79
-444
-638
-377
-297
-467
-576
-665
-398
-415
-604
-751
-532
-464
-542
-526
-398
-520
-747
-347
-96
-449
-734
-372
-232
-81
-207
-572
-245
77
-38
-257
-229
226
223
-293
117
145
7
31
110
235
-59
-28
251
165
-22
224
-55
34
353
65
129
10
220
708
410
153
92
441
562
161
-143
44
268
138
-155
-112
110
-83
-137
90
-82
-461
-282
53
-218
-454
-138
35
-131
-349
-222
-37
-114
-262
-282
-102
-166
-208
-204
-202
-302
-369
-214
-218
-299
-247
-180
-491
-388
-165
-341
-416
-316
-114
-190
-266
-89
-61
-34
48
55
96
283
380
231
132
285
419
293
359
431
396
396
419
440
406
488
526
327
313
607
551
310
318
432
362
301
476
419
358
431
368
333
390
502
448
263
347
518
429
351
414
324
218
194
148
195
210
135
24
-65
-37
1
-109
-208
-291
-413
-405
-388
-469
-464
-440
-549
-629
-705
-626
-493
-501
-616
-734
-727
-557
-381
-653
-900
-496
-349
-654
-567
-271
-173
-402
-613
-360
-81
-75
-116
-257
-346
-130
59
-166
-250
-64
20
-21
-270
59
377
-97
-419
-86
115
-41
-231
-293
-253
-437
-401
-349
-364
-390
-332
-418
-614
-407
-264
-291
-441
-523
-292
-123
-197
-261
-213
-122
-81
-92
-44
145
177
79
107
101
247
330
188
136
210
312
313
146
129
320
279
94
111
278
348
241
98
114
207
262
235
223
308
368
353
357
461
545
591
637
654
694
827
947
955
964
1049
1032
979
998
1021
1043
951
890
840
788
751
671
588
521
431
350
317
299
228
115
-21
-33
4
-40
-100
-142
-142
-170
-175
-181
-207
-245
-207
-258
-361
-296
-226
-336
-451
-402
-417
-505
-528
-573
-570
-601
-722
-738
-763
-833
-864
-852
-930
-1032
-951
-851
-876
-1023
-1092
-985
-927
-884
-836
-831
-764
-739
-831
-828
-748
-631
-558
-706
-632
-528
-668
-707
-799
-906
-842
-747
-787
-693
-677
-616
-453
-503
-441
-260
-204
-250
-255
-250
-92
73
82
117
175
228
261
343
313
234
259
227
219
229
279
338
362
453
650
756
653
591
602
698
852
971
1008
1082
1175
1063
1015
1087
1089
1065
1040
1029
1048
1062
1024
905
666
499
528
578
541
563
455
280
193
137
94
92
176
178
71
33
49
71
52
49
75
96
134
161
171
201
268
223
145
170
224
276
282
214
99
46
86
153
154
161
128
48
-41
-80
-43
-53
-26
-70
-170
-153
-88
-113
-187
-238
-256
-299
-312
-260
-258
-333
-401
-443
-526
-526
-455
-474
-550
-576
-582
-604
-595
-577
-587
-576
-572
-618
-618
-645
-743
-812
-830
-787
-749
-811
-887
-929
-1004
-1143
-1203
-1182
-1174
-1078
-1058
-1148
-1272
-1302
-1236
-1185
-1162
-1090
-1015
-976
-983
-1011
-1023
-987
-929
-822
-682
-554
-489
-500
-539
-608
-595
-549
-480
-449
-386
-111
445
1044
1250
1078
997
1170
1516
1853
2066
2151
2235
2280
2183
2082
2058
2082
1916
1665
1578
1662
1776
1678
1299
859
655
651
685
698
738
716
545
351
265
351
438
540
596
568
645
707
655
511
403
380
353
287
244
196
53
-128
-388
-541
-556
-548
-563
-629
-731
-823
-850
-875
-817
-733
-669
-562
-503
-413
-307
-194
-166
-169
-55
97
270
356
366
306
267
230
214
223
248
253
160
43
-64
-118
-139
-183
-241
-287
-219
-198
-197
-227
-314
-387
-410
-401
-350
-252
-218
-273
-343
-380
-385
-455
-542
-566
-587
-628
-713
-819
-938
-1079
-1254
-1381
-1434
-1315
-1195
-1182
-1278
-1417
-1507
-1512
-1412
-1260
-1134
-1059
-979
-947
-934
-906
-912
-882
-815
-711
-624
-589
-534
-544
-639
-770
-847
-822
-724
-645
-620
-681
-728
-737
-768
-712
-266
538
1269
1510
1394
1376
1578
1885
2084
2231
2431
2690
2815
2686
2493
2359
2238
1969
1709
1682
1845
1942
1774
1307
758
492
519
586
640
753
795
717
557
424
405
453
506
503
519
646
716
548
246
-11
-152
-198
-164
-190
-306
-475
-684
-949
-1124
-1097
-993
-935
-904
-820
-756
-703
-633
-610
-565
-456
-300
-97
80
218
231
215
192
163
214
321
379
351
241
88
-82
-204
-209
-210
-245
-229
-249
-311
-366
-378
-383
-355
-295
-202
-49
47
93
43
-45
-76
-63
-53
29
91
69
-31
-168
-305
-427
-498
-557
-601
-653
-714
-817
-999
-1207
-1345
-1434
-1463
-1415
-1285
-1235
-1265
-1278
-1277
-1267
-1241
-1234
-1260
-1229
-1134
-965
-871
-810
-748
-696
-669
-643
-549
-551
-601
-524
-391
-391
-376
-305
-315
-360
-315
-157
-103
-134
-95
-52
-56
-55
74
473
1182
1797
1936
1718
1573
1704
1885
1981
1985
2004
2172
2247
2061
1790
1641
1495
1275
1030
977
1113
1254
1262
948
509
328
451
529
610
789
922
936
842
666
554
578
645
630
576
584
554
418
189
-95
-286
-391
-408
-395
-481
-541
-617
-759
-956
-1054
-975
-815
-625
-523
-530
-508
-478
-481
-490
-430
-275
-117
6
83
146
138
37
-54
-114
-99
18
135
136
47
-24
-55
-123
-143
-112
-46
14
62
78
35
-22
-90
-130
-135
-86
-18
24
-22
-127
-257
-360
-375
-329
-272
-212
-206
-266
-367
-485
-554
-597
-575
-553
-571
-619
-659
-722
-873
-1039
-1134
-1108
-1003
-912
-863
-942
-1081
-1160
-1227
-1259
-1256
-1217
-1140
-1036
-913
-870
-901
-913
-907
-906
-847
-676
-466
-363
-429
-476
-498
-582
-531
-394
-272
-170
-140
-204
-328
-356
-324
-233
121
834
1564
1827
1752
1617
1607
1698
1826
1880
1958
2256
2458
2302
1985
1739
1530
1330
1208
1188
1253
1376
1445
1175
730
476
482
538
576
722
852
901
866
667
389
311
411
463
433
405
362
245
64
-165
-385
-489
-472
-462
-550
-596
-591
-672
-785
-882
-936
-842
-588
-379
-329
-370
-391
-423
-465
-433
-324
-197
-14
142
148
80
3
-104
-174
-171
-78
78
157
164
82
-59
-97
-64
-46
43
166
232
285
249
133
66
56
69
127
231
304
309
209
68
-48
-123
-135
-119
-102
-141
-210
-310
-399
-516
-614
-645
-638
-628
-679
-772
-912
-1031
-1090
-1108
-1114
-1103
-1091
-1106
-1181
-1242
-1251
-1278
-1319
-1325
-1274
-1201
-1150
-1166
-1181
-1143
-1055
-922
-765
-694
-671
-610
-588
-630
-652
-555
-432
-343
-256
-180
-203
-223
-183
-220
-263
-213
-89
83
388
968
1603
1862
1799
1625
1549
1712
1960
2089
2092
2108
2165
2101
1897
1681
1535
1410
1309
1226
1164
1221
1299
1195
894
633
526
625
820
920
904
871
835
692
517
397
387
416
379
294
120
-50
-171
-307
-489
-654
-702
-692
-710
-769
-876
-965
-1001
-989
-937
-795
-619
-468
-356
-363
-365
-307
-206
-117
-39
64
204
372
438
357
229
132
144
230
303
415
464
443
370
269
171
111
175
252
288
339
352
332
291
195
94
53
134
212
238
231
174
43
-145
-288
-368
-402
-360
-333
-376
-454
-540
-654
-771
-846
-868
-885
-941
-1008
-1112
-1209
-1291
-1351
-1379
-1357
-1311
-1334
-1363
-1374
-1357
-1359
-1394
-1415
-1415
-1333
-1172
-993
-875
-837
-843
-844
-791
-698
-568
-439
-388
-420
-467
-479
-395
-293
-216
-153
-214
-259
-212
-136
-61
-4
-16
35
371
1017
1712
2039
1971
1740
1616
1714
1913
2026
2070
2160
2224
2176
1982
1731
1522
1395
1299
1204
1156
1200
1297
1192
894
584
403
446
670
848
890
873
770
615
466
315
270
326
367
372
261
49
-114
-234
-368
-501
-585
-572
-539
-559
-649
-801
-898
-907
-870
-769
-595
-435
-356
-324
-343
-364
-313
-201
-104
-8
130
231
271
213
141
73
50
173
300
410
490
506
434
311
236
223
289
373
423
391
321
249
156
39
-28
-23
23
93
80
23
-90
-241
-350
-421
-451
-427
-417
-434
-476
-579
-695
-789
-838
-863
-848
-834
-856
-917
-1038
-1141
-1246
-1352
-1445
-1434
-1296
-1191
-1215
-1367
-1577
-1705
-1668
-1509
-1312
-1188
-1085
-963
-854
-807
-796
-761
-709
-611
-480
-312
-218
-220
-256
-315
-334
-263
-147
-35
71
126
114
12
-83
-127
-130
82
688
1473
1952
1939
1642
1415
1473
1768
2011
2028
2041
2161
2274
2224
1970
1626
1354
1263
1350
1431
1395
1360
1261
1061
793
533
432
544
777
933
907
756
575
400
296
270
295
380
464
422
223
-38
-242
-343
-382
-361
-350
-385
-427
-475
-592
-741
-841
-831
-713
-516
-339
-299
-323
-373
-415
-402
-333
-202
-39
155
300
281
161
7
-102
-49
133
308
385
416
426
358
249
165
122
132
216
345
430
409
309
162
17
-63
-42
56
182
239
187
43
-164
-313
-366
-359
-300
-231
-222
-313
-447
-578
-722
-847
-893
-848
-796
-804
-894
-1058
-1234
-1351
-1397
-1414
-1391
-1304
-1178
-1170
-1301
-1496
-1643
-1645
-1505
-1323
-1200
-1113
-1024
-940
-908
-905
-892
-838
-709
-533
-387
-359
-385
-380
-371
-316
-228
-141
-47
69
126
49
-34
-39
28
179
330
430
533
788
1256
1694
1840
1749
1590
1555
1775
2064
2180
2112
2013
1984
2004
1982
1873
1667
1473
1395
1388
1356
1269
1154
1000
821
675
610
600
633
658
599
514
425
318
233
207
205
190
175
121
21
-88
-183
-262
-359
-440
-467
-508
-590
-646
-695
-756
-777
-755
-714
-636
-544
-492
-471
-492
-464
-388
-313
-215
-116
3
104
131
114
81
63
113
211
327
398
413
419
380
275
168
121
136
207
275
291
247
173
88
23
-2
-10
14
58
106
113
53
-52
-180
-278
-323
-306
-291
-304
-346
-419
-501
-608
-720
-824
-891
-911
-914
-954
-1030
-1136
-1255
-1329
-1349
-1298
-1216
-1184
-1207
-1274
-1338
-1346
-1285
-1195
-1082
-957
-834
-710
-639
-614
-592
-544
-451
-323
-216
-135
-99
-119
-152
-170
-149
-74
19
80
134
176
188
181
173
164
205
302
420
517
560
609
732
963
1236
1437
1480
1435
1408
1453
1571
1699
1753
1718
1656
1619
1581
1518
1393
1193
1048
1002
1019
1037
982
859
704
562
472
447
455
441
416
409
402
385
324
255
218
175
146
155
148
74
-23
-129
-224
-285
-330
-387
-439
-498
-566
-610
-641
-663
-657
-629
-577
-469
-331
-237
-260
-326
-341
-289
-164
1
142
210
231
240
251
269
286
307
318
317
310
276
204
130
65
28
6
-16
-37
-73
-115
-151
-203
-261
-283
-289
-275
-248
-265
-312
-363
-435
-462
-431
-395
-360
-365
-413
-464
-521
-575
-583
-606
-641
-657
-645
-645
-711
-803
-872
-912
-916
-868
-831
-836
-851
-848
-833
-792
-716
-624
-536
-500
-488
-434
-307
-208
-163
-155
-186
-206
-169
-85
-28
-17
-30
-34
-10
34
40
15
-8
-10
27
103
179
225
263
288
316
349
371
425
557
756
956
1069
1071
1035
1015
1032
1087
1152
1160
1142
1131
1120
1120
1085
1018
925
858
872
920
917
847
763
668
611
601
602
590
554
524
498
483
455
391
324
253
207
208
189
137
56
-40
-103
-148
-170
-175
-207
-246
-268
-270
-270
-317
-364
-375
-361
-324
-286
-265
-256
-260
-265
-239
-203
-162
-120
-78
-28
-1
5
3
-6
-32
-34
-2
50
88
92
54
-3
-45
-65
-62
-53
-49
-32
-19
-39
-99
-182
-232
-249
-259
-248
-250
-265
-265
-277
-289
-310
-359
-408
-432
-436
-429
-430
-465
-501
-512
-512
-499
-501
-531
-563
-585
-596
-596
-592
-607
-635
-660
-657
-636
-615
-599
-585
-553
-514
-483
-456
-439
-435
-420
-399
-386
-362
-329
-295
-254
-202
-159
-152
-150
-121
-80
-37
0
18
37
75
129
185
229
264
264
236
246
287
363
461
552
628
665
689
730
779
826
857
865
894
941
1005
1077
1095
1065
1019
988
1002
1043
1090
1128
1129
1070
991
912
842
802
767
739
729
705
641
560
498
449
416
401
388
363
317
271
220
153
97
64
40
41
55
38
-19
-99
-160
-200
-200
-157
-145
-191
-232
-244
-264
-269
-248
-229
-220
-202
-168
-153
-165
-181
-196
-207
-179
-117
-96
-114
-150
-197
-222
-236
-245
-242
-235
-224
-219
-226
-249
-295
-361
-422
-471
-487
-457
-419
-396
-405
-432
-457
-464
-459
-467
-490
-505
-502
-483
-464
-472
-492
-510
-529
-546
-561
-573
-597
-615
-613
-615
-622
-622
-604
-568
-515
-476
-462
-469
-480
-472
-449
-429
-411
-389
-367
-338
-319
-309
-298
-297
-300
-288
-262
-229
-178
-108
-65
-65
-74
-70
-48
18
114
203
280
360
442
516
597
683
754
797
837
892
971
1057
1135
1184
1200
1189
1164
1163
1190
1227
1231
1208
1167
1114
1099
1108
1109
1095
1055
994
938
912
914
904
859
805
772
732
674
617
549
485
437
393
352
318
275
208
117
25
-43
-94
-125
-130
-140
-165
-195
-241
-277
-301
-314
-310
-294
-265
-244
-242
-241
-241
-258
-271
-272
-258
-235
-233
-253
-274
-297
-315
-315
-314
-324
-356
-394
-416
-419
-427
-441
-446
-455
-462
-468
-463
-444
-442
-456
-470
-474
-457
-443
-432
-406
-383
-393
-418
-443
-460
-462
-467
-478
-480
-480
-483
-490
-519
-565
-613
-649
-675
-681
-664
-644
-635
-643
-651
-652
-643
-607
-567
-545
-531
-506
-472
-438
-404
-381
-366
-344
-322
-306
-291
-272
-259
-255
-234
-201
-167
-126
-61
1
35
47
61
135
278
422
514
572
636
727
823
906
967
1017
1087
1188
1301
1395
1461
1482
1455
1421
1398
1396
1397
1386
1367
1338
1318
1293
1244
1173
1105
1048
1011
1002
991
938
848
776
724
660
596
558
522
476
432
382
317
242
174
109
51
6
-51
-158
-278
-356
-386
-389
-383
-397
-438
-483
-500
-503
-497
-471
-438
-410
-373
-340
-327
-325
-311
-287
-261
-230
-207
-196
-185
-159
-146
-162
-193
-227
-255
-265
-258
-260
-283
-321
-369
-410
-417
-408
-396
-404
-430
-444
-434
-431
-447
-470
-494
-503
-499
-478
-450
-448
-471
-500
-529
-540
-520
-485
-471
-479
-493
-520
-562
-606
-634
-645
-643
-632
-629
-640
-641
-633
-630
-638
-645
-621
-569
-517
-485
-475
-472
-449
-420
-393
-355
-313
-274
-251
-236
-212
-171
-124
-72
-24
3
36
112
220
325
405
469
528
610
733
866
968
1038
1097
1167
1264
1379
1474
1522
1536
1534
1548
1582
1618
1622
1589
1536
1478
1442
1425
1400
1330
1211
1092
1006
956
930
900
847
770
679
584
512
461
413
361
307
270
243
209
150
68
-23
-104
-174
-230
-269
-299
-336
-403
-490
-573
-624
-646
-646
-631
-615
-604
-593
-579
-564
-536
-494
-445
-395
-347
-311
-275
-239
-217
-218
-230
-225
-193
-152
-134
-132
-146
-173
-197
-219
-249
-277
-287
-278
-264
-268
-283
-300
-319
-337
-344
-337
-319
-299
-291
-299
-314
-320
-328
-348
-365
-360
-348
-356
-393
-459
-526
-568
-586
-599
-615
-636
-677
-728
-762
-775
-769
-746
-720
-696
-670
-657
-677
-704
-699
-645
-554
-460
-382
-339
-322
-308
-288
-276
-265
-240
-207
-165
-113
-67
-54
-77
-109
-102
-29
111
268
375
422
447
477
536
634
749
867
992
1121
1243
1342
1415
1457
1486
1523
1577
1639
1680
1691
1681
1644
1583
1521
1463
1404
1353
1299
1235
1159
1071
969
862
775
716
666
614
560
478
381
295
233
181
130
79
30
-24
-74
-127
-197
-273
-338
-382
-412
-434
-462
-507
-567
-626
-672
-689
-674
-643
-615
-602
-591
-574
-553
-527
-493
-449
-384
-314
-255
-217
-201
-196
-188
-178
-165
-143
-117
-92
-87
-113
-166
-216
-243
-232
-206
-185
-184
-199
-229
-260
-279
-279
-264
-247
-229
-210
-189
-188
-210
-247
-262
-256
-239
-229
-227
-234
-258
-289
-333
-378
-416
-448
-487
-532
-575
-611
-653
-701
-736
-753
-755
-749
-739
-728
-720
-715
-716
-710
-689
-650
-596
-531
-462
-412
-381
-364
-338
-297
-241
-181
-118
-60
-9
30
47
61
93
171
287
409
498
554
583
618
667
726
784
849
945
1070
1210
1329
1408
1424
1399
1381
1397
1439
1491
1521
1529
1522
1495
1454
1399
1324
1240
1172
1124
1096
1057
989
899
813
732
657
580
510
453
394
337
278
220
164
108
42
-16
-64
-100
-148
-211
-269
-313
-345
-375
-408
-467
-530
-584
-625
-649
-667
-676
-673
-672
-676
-688
-692
-676
-640
-579
-512
-445
-391
-359
-347
-341
-324
-300
-280
-261
-233
-199
-172
-160
-168
-191
-210
-233
-244
-242
-223
-202
-208
-243
-295
-331
-336
-329
-318
-309
-301
-293
-299
-317
-342
-350
-333
-313
-297
-290
-274
-271
-294
-338
-391
-424
-424
-396
-378
-392
-432
-483
-533
-556
-553
-541
-549
-566
-591
-613
-619
-611
-588
-559
-515
-455
-404
-366
-349
-346
-341
-317
-263
-203
-150
-107
-80
-57
-25
25
91
182
288
381
466
539
599
645
688
743
815
911
1025
1139
1237
1304
1347
1369
1391
1425
1449
1452
1441
1428
1420
1413
1395
1345
1275
1210
1162
1121
1072
1011
943
866
785
700
613
530
458
386
315
258
206
153
88
19
-35
-65
-83
-108
-150
-195
-238
-267
-285
-298
-317
-348
-394
-454
-509
-546
-562
-564
-551
-537
-522
-526
-550
-590
-622
-625
-591
-544
-495
-446
-403
-373
-360
-365
-376
-370
-344
-310
-284
-260
-252
-260
-282
-295
-306
-299
-282
-261
-242
-229
-226
-251
-294
-332
-348
-346
-335
-329
-329
-335
-335
-340
-354
-369
-375
-375
-373
-376
-387
-408
-440
-479
-508
-515
-505
-493
-493
-498
-500
-506
-523
-546
-566
-564
-532
-478
-429
-394
-378
-372
-363
-341
-307
-269
-235
-206
-180
-148
-104
-48
-9
14
36
69
111
160
207
252
311
388
469
549
615
659
688
719
777
850
931
1009
1084
1153
1222
1273
1298
1297
1295
1308
1337
1364
1361
1329
1280
1234
1189
1151
1102
1045
980
928
883
839
776
689
592
505
439
392
348
288
218
154
106
63
18
-35
-92
-151
-188
-210
-230
-256
-285
-322
-351
-372
-389
-414
-447
-481
-513
-531
-535
-534
-539
-540
-530
-516
-505
-496
-493
-488
-475
-446
-412
-376
-346
-333
-329
-324
-312
-295
-283
-264
-251
-242
-245
-259
-278
-296
-300
-294
-283
-280
-285
-300
-314
-325
-327
-336
-347
-372
-395
-400
-382
-358
-343
-338
-346
-355
-365
-380
-404
-427
-445
-449
-456
-466
-488
-513
-533
-541
-537
-524
-509
-502
-507
-514
-520
-516
-506
-486
-453
-415
-375
-346
-310
-276
-246
-214
-177
-137
-97
-54
-8
31
70
104
144
193
258
332
395
448
495
542
592
645
694
735
775
825
888
966
1043
1105
1139
1155
1167
1186
1215
1241
1244
1225
1201
1177
1147
1112
1069
1021
973
928
885
834
774
706
627
552
499
450
399
340
275
210
155
113
68
21
-26
-69
-106
-141
-176
-205
-231
-243
-258
-275
-297
-317
-335
-358
-380
-402
-419
-432
-443
-459
-461
-453
-442
-443
-453
-471
-471
-456
-434
-416
-403
-387
-362
-332
-311
-302
-296
-290
-283
-267
-250
-230
-226
-232
-245
-256
-261
-266
-285
-310
-328
-332
-337
-343
-359
-385
-412
-429
-434
-431
-415
-400
-395
-393
-384
-374
-374
-392
-418
-444
-452
-453
-454
-464
-471
-473
-486
-504
-522
-538
-537
-526
-516
-519
-521
-515
-504
-475
-436
-394
-366
-340
-310
-280
-243
-202
-170
-146
-118
-72
-24
20
59
88
125
178
245
312
386
462
532
587
640
691
743
793
849
901
955
1011
1064
1111
1158
1212
1250
1258
1254
1251
1260
1265
1250
1206
1145
1096
1050
1004
951
892
832
772
718
661
599
532
456
377
308
252
201
134
59
-9
-55
-86
-116
-149
-183
-210
-235
-262
-290
-319
-335
-347
-349
-348
-348
-352
-367
-380
-386
-387
-392
-405
-421
-435
-439
-438
-441
-448
-455
-451
-439
-422
-398
-379
-366
-350
-330
-310
-290
-263
-240
-225
-219
-219
-220
-224
-226
-234
-249
-263
-272
-280
-289
-299
-311
-329
-349
-367
-381
-387
-391
-399
-415
-427
-437
-450
-461
-471
-481
-495
-509
-526
-540
-549
-559
-575
-588
-590
-584
-584
-593
-605
-611
-600
-572
-540
-508
-478
-451
-428
-403
-369
-329
-293
-258
-223
-181
-140
-103
-79
-56
-25
16
66
118
167
207
236
264
294
349
422
498
566
620
675
732
798
859
912
948
974
1005
1052
1109
1168
1200
1207
1191
1179
1183
1202
1217
1206
1173
1127
1087
1052
1010
943
862
781
719
668
621
560
481
388
297
218
156
103
45
-20
-85
-139
-183
-219
-258
-297
-337
-359
-371
-375
-383
-396
-417
-442
-457
-456
-445
-427
-416
-416
-429
-440
-436
-428
-417
-411
-410
-413
-412
-405
-401
-400
-404
-409
-403
-385
-359
-342
-331
-320
-311
-297
-280
-260
-235
-214
-195
-185
-186
-191
-201
-212
-217
-220
-230
-247
-269
-292
-319
-351
-384
-407
-417
-418
-422
-434
-449
-461
-466
-470
-470
-477
-498
-529
-559
-574
-582
-589
-603
-613
-606
-590
-576
-571
-571
-568
-560
-535
-497
-451
-409
-375
-342
-299
-240
-184
-143
-110
-75
-38
-3
32
68
99
131
162
200
248
303
355
405
461
521
580
634
685
733
776
819
868
917
963
993
1008
1021
1044
1075
1101
1116
1122
1119
1112
1101
1092
1080
1060
1028
987
950
914
878
830
772
708
640
564
487
412
344
283
224
159
87
9
-76
-154
-224
-272
-307
-334
-357
-386
-416
-448
-475
-494
-502
-498
-493
-487
-484
-483
-473
-455
-435
-427
-424
-420
-406
-381
-364
-356
-355
-357
-359
-366
-376
-383
-382
-379
-377
-367
-347
-321
-301
-289
-285
-279
-264
-242
-216
-193
-173
-166
-169
-176
-180
-179
-180
-184
-192
-200
-212
-227
-252
-282
-305
-317
-325
-334
-340
-343
-345
-345
-354
-369
-391
-416
-440
-463
-476
-487
-494
-502
-503
-493
-482
-470
-473
-477
-480
-472
-453
-431
-409
-392
-378
-357
-332
-295
-254
-206
-159
-120
-90
-64
-31
10
62
109
153
196
241
287
325
356
380
405
432
474
526
578
617
636
646
663
688
711
723
734
749
770
790
805
809
804
795
783
781
788
798
800
789
778
764
750
728
701
670
637
600
553
505
460
413
364
303
235
159
86
28
-20
-55
-89
-121
-155
-189
-224
-261
-298
-331
-354
-371
-375
-371
-363
-361
-367
-373
-374
-372
-366
-363
-358
-355
-351
-351
-352
-349
-338
-328
-325
-322
-323
-323
-324
-325
-325
-322
-317
-310
-302
-289
-278
-273
-276
-276
-266
-253
-242
-243
-253
-258
-255
-252
-260
-274
-293
-311
-326
-333
-335
-338
-342
-348
-354
-359
-358
-359
-363
-359
-347
-334
-326
-327
-331
-338
-337
-339
-344
-344
-339
-326
-313
-300
-283
-273
-269
-264
-264
-262
-253
-238
-216
-188
-157
-129
-113
-103
-94
-86
-76
-58
-31
-5
27
62
87
106
127
147
171
202
240
281
325
367
399
411
420
439
462
486
506
521
529
543
561
570
571
558
536
515
511
524
533
532
531
541
553
568
575
570
565
569
573
560
541
520
491
467
453
444
428
401
377
354
333
316
286
236
188
150
109
61
20
-10
-25
-25
-24
-41
-80
-128
-172
-207
-222
-220
-234
-249
-249
-245
-247
-264
-298
-344
-384
-407
-429
-444
-448
-457
-462
-474
-491
-501
-519
-530
-522
-521
-512
-479
-449
-431
-406
-402
-412
-398
-380
-362
-339
-340
-347
-357
-388
-393
-394
-416
-415
-394
-377
-349
-340
-365
-388
-408
-428
-420
-400
-374
-328
-310
-305
-260
-229
-213
-179
-160
-147
-125
-108
-84
-32
32
68
79
74
67
73
65
56
62
83
110
120
134
157
154
140
107
76
97
123
121
118
110
106
113
121
139
168
192
189
181
193
193
202
230
250
290
323
332
336
342
348
333
312
297
273
275
307
323
346
352
326
327
360
371
374
360
316
311
324
316
336
363
351
345
334
309
306
296
264
270
278
260
246
220
210
239
243
225
238
240
234
244
223
194
174
129
99
90
68
38
19
-10
-42
-61
-110
-169
-210
-277
-333
-363
-413
-448
-472
-492
-495
-519
-575
-627
-650
-641
-638
-637
-643
-637
-598
-583
-580
-558
-546
-527
-536
-563
-523
-474
-466
-457
-437
-399
-354
-352
-366
-364
-364
-373
-376
-361
-302
-247
-233
-235
-238
-233
-217
-194
-160
-148
-128
-82
-55
-33
-24
-17
24
53
82
106
105
133
151
124
126
172
212
238
257
264
255
257
245
230
242
242
258
284
263
263
280
247
234
240
211
214
226
195
181
169
139
130
130
138
164
182
182
174
141
96
96
125
123
110
102
77
66
66
51
52
67
60
49
67
109
144
154
142
147
158
147
137
140
128
136
166
156
147
168
160
137
133
126
129
119
85
80
80
83
105
101
91
114
128
127
208
367
437
365
243
172
192
204
150
60
-14
8
45
-5
-70
-119
-169
-218
-255
-263
-246
-219
-238
-312
-382
-427
-432
-414
-406
-403
-397
-377
-340
-314
-326
-371
-392
-388
-405
-385
-362
-293
-103
-55
-223
-354
-343
-256
-189
-241
-333
-324
-262
-218
-275
-375
-369
-329
-356
-362
-292
-233
-206
-241
-309
-339
-286
-190
-146
-126
-107
-41
17
23
22
18
22
37
38
40
97
149
150
116
74
87
111
108
110
147
169
177
210
226
253
265
250
254
279
313
351
380
382
366
326
306
320
300
249
227
236
233
208
184
161
138
105
61
23
11
1
-17
-24
-41
-46
-33
-28
-28
-16
-6
1
25
42
51
75
79
62
68
64
51
86
89
48
85
59
20
39
-3
-26
-2
4
80
107
19
38
22
-1
49
31
60
119
125
139
148
166
171
127
143
165
150
163
136
125
140
99
92
73
48
63
30
-12
8
-12
-73
-72
-64
-71
-82
-111
-145
-163
-204
-252
-266
-288
-294
-298
-310
-315
-314
-337
-365
-369
-382
-387
-399
-437
-442
-436
-454
-477
-485
-473
-449
-447
-436
-432
-436
-408
-400
-388
-353
-303
-248
-203
-166
-147
-155
-171
-168
-147
-101
-66
-40
0
47
87
104
106
107
108
93
102
127
152
199
235
246
262
265
247
248
280
306
328
338
328
295
281
283
272
265
261
238
239
256
230
219
215
207
216
187
159
165
153
118
107
105
76
54
40
22
33
55
32
32
38
12
15
-1
-13
-3
-23
-27
-13
8
20
-13
-48
-58
-92
-109
-106
-101
-84
-75
-54
-46
-47
-18
2
4
16
52
88
120
145
166
178
174
192
202
207
230
229
188
163
158
125
78
41
28
16
1
16
40
36
19
-2
-46
-55
-47
-83
-92
-87
-108
-101
-90
-108
-117
-132
-148
-144
-168
-183
-177
-178
-203
-207
-200
-216
-214
-232
-276
-263
-279
-345
-349
-334
-318
-291
-287
-276
-250
-269
-297
-292
-268
-259
-243
-224
-206
-156
-127
-105
-72
-58
-33
-16
-21
-7
-4
-10
9
30
56
80
87
77
62
74
88
97
129
154
182
202
195
186
179
183
186
183
192
222
221
199
189
160
107
89
110
101
90
93
80
74
80
61
46
49
35
20
10
-10
-1
8
-19
-4
8
-17
-1
9
-22
-12
5
-11
3
7
-7
22
64
80
89
76
41
24
11
-3
4
-4
-17
15
47
45
24
9
-12
12
60
67
88
125
126
126
123
94
89
99
74
43
71
104
94
92
62
34
44
0
-53
-53
-51
-21
-8
-49
-47
-16
-56
-77
-65
-87
-74
-64
-94
-77
-55
-94
-115
-131
-125
-91
-98
-111
-110
-110
-111
-117
-132
-136
-123
-141
-161
-139
-137
-144
-137
-146
-146
-132
-143
-161
-160
-148
-128
-101
-80
-67
-42
-38
-34
-9
-17
-10
19
22
58
93
77
76
60
15
14
23
22
32
29
33
56
50
25
17
26
38
44
28
15
44
54
34
41
42
35
34
16
25
52
67
76
67
75
87
67
48
34
33
32
0
-17
-16
-23
-27
-54
-93
-98
-89
-85
-65
-25
-4
5
6
0
15
26
14
12
25
44
60
55
52
81
99
78
67
56
54
77
67
53
60
45
32
42
36
39
47
23
1
14
34
28
33
44
61
84
81
73
48
16
8
1
-13
-4
4
-7
-8
3
12
-8
-23
-23
-19
4
12
3
8
22
21
0
-13
-10
3
-4
-25
-46
-44
-37
-45
-48
-58
-59
-57
-63
-47
-35
-50
-58
-73
-88
-74
-72
-91
-72
-42
-28
-34
-60
-70
-45
-22
-2
31
43
37
30
6
-9
3
-11
-44
-40
-2
29
28
9
0
-1
-24
-58
-64
-48
-26
-2
4
12
32
15
-20
-24
-16
-7
-1
9
19
35
29
-7
-31
-30
-37
-47
-55
-55
-22
-8
-29
-51
-91
-126
-115
-105
-99
-79
-77
-68
-32
-20
-35
-47
-56
-47
-16
5
30
59
54
25
5
-11
-8
10
7
26
70
77
59
37
28
53
73
82
112
149
172
168
141
134
139
130
106
100
129
150
158
157
152
154
140
124
121
111
101
72
51
57
42
16
-11
-44
-50
-53
-75
-76
-81
-79
-72
-85
-87
-82
-94
-103
-96
-99
-95
-77
-75
-81
-77
-73
-78
-94
-115
-123
-122
-135
-131
-125
-122
-106
-105
-120
-118
-94
-71
-48
-33
-23
-23
-28
-13
-8
-3
19
35
50
42
33
45
51
69
101
115
121
133
133
129
128
121
97
85
97
95
100
96
64
51
41
36
52
57
50
50
35
9
-3
-25
-61
-86
-107
-121
-111
-108
-127
-135
-146
-150
-153
-172
-168
-142
-124
-111
-118
-128
-127
-140
-162
-178
-181
-161
-147
-137
-121
-101
-85
-77
-63
-45
-33
-9
6
8
22
17
13
34
52
80
99
97
124
147
149
180
198
195
195
181
172
175
183
175
157
164
181
192
190
158
152
164
150
154
148
130
143
138
122
105
74
52
40
31
27
12
4
4
-5
-7
-35
-61
-65
-84
-105
-90
-69
-71
-88
-128
-149
-141
-141
-149
-140
-128
-113
-104
-123
-132
-123
-144
-165
-167
-175
-161
-140
-147
-139
-122
-114
-92
-73
-50
-14
4
10
19
22
34
52
61
74
99
117
122
136
152
162
170
177
187
199
203
192
177
167
171
154
119
100
90
93
99
86
84
95
91
85
64
43
39
19
2
4
5
4
-10
-45
-68
-71
-80
-93
-104
-97
-89
-89
-92
-104
-122
-142
-158
-176
-183
-178
-184
-208
-204
-187
-190
-185
-184
-184
-161
-124
-94
-71
-52
-49
-53
-59
-58
-41
-28
-11
34
65
78
105
101
92
109
117
125
142
146
149
163
167
170
165
152
138
138
148
163
177
158
149
166
169
161
156
129
117
112
77
56
33
-6
-41
-61
-65
-63
-83
-115
-125
-120
-120
-131
-138
-140
-130
-130
-152
-162
-155
-152
-157
-156
-154
-140
-132
-136
-132
-110
-87
-82
-82
-86
-78
-70
-87
-99
-92
-84
-75
-63
-63
-45
-25
-21
-9
10
20
24
33
37
48
54
51
68
90
100
106
107
96
107
110
102
108
113
111
112
113
107
107
93
76
73
72
75
74
56
48
48
33
22
16
4
-6
-8
-11
-13
-6
-14
-35
-55
-65
-64
-65
-76
-85
-87
-91
-94
-102
-114
-130
-134
-137
-139
-123
-107
-101
-100
-95
-88
-78
-77
-79
-78
-74
-59
-43
-36
-34
-25
-15
-1
19
39
47
56
67
75
91
100
94
86
84
82
76
73
72
80
83
83
88
103
107
103
95
76
77
76
67
65
70
63
61
64
56
53
54
57
66
73
71
78
80
67
65
56
41
32
10
-22
-37
-42
-51
-59
-72
-81
-80
-72
-72
-73
-82
-88
-83
-85
-81
-60
-53
-59
-60
-71
-75
-65
-64
-64
-56
-42
-29
-7
9
19
22
0
-1
17
23
29
31
14
22
36
27
24
24
26
34
39
43
54
57
47
42
46
56
76
84
72
68
66
57
56
47
32
27
25
24
27
20
22
34
41
37
25
18
17
12
1
-9
-10
-9
-28
-56
-66
-73
-84
-95
-104
-92
-65
-55
-62
-66
-79
-91
-95
-100
-93
-78
-79
-79
-70
-69
-66
-69
-81
-74
-56
-38
-9
14
17
23
27
23
31
31
21
25
36
46
46
33
28
32
31
37
38
35
47
63
67
64
53
40
38
30
25
27
25
33
36
21
18
37
42
36
34
33
42
53
40
25
29
29
29
22
15
24
26
5
-7
-7
-9
0
-5
-15
-9
-7
-16
-19
-21
-26
-31
-47
-55
-51
-54
-62
-70
-69
-57
-53
-69
-82
-77
-65
-63
-66
-61
-51
-34
-30
-37
-41
-35
-25
-17
-14
1
18
22
29
30
23
18
10
0
1
4
2
-1
-3
-6
-8
-16
-30
-36
-42
-43
-29
-26
-31
-31
-39
-40
-40
-54
-61
-61
-58
-57
-58
-52
-49
-54
-67
-73
-68
-68
-80
-85
-77
-57
-38
-40
-44
-34
-20
-20
-30
-30
-17
1
9
11
21
30
20
10
3
13
39
47
45
56
66
66
65
55
50
58
63
66
79
88
79
69
64
66
81
83
78
86
83
76
75
66
69
79
69
59
60
53
43
28
12
10
20
23
20
23
23
18
1
-23
-30
-28
-34
-35
-29
-19
-9
-11
-32
-43
-41
-43
-50
-50
-36
-22
-14
-19
-27
-29
-29
-30
-26
-19
-5
5
-4
-14
-13
-11
-10
-6
-7
0
16
24
24
20
11
10
16
21
34
40
37
40
45
42
39
36
29
34
42
40
33
27
21
18
18
13
11
14
12
16
19
17
21
16
4
5
9
10
9
-1
-10
-4
4
6
6
5
6
1
-4
-10
-14
-18
-29
-29
-30
-32
-37
-47
-53
-48
-43
-40
-35
-33
-22
-12
-8
-2
4
8
14
24
28
30
34
34
37
47
50
53
57
59
67
70
69
72
73
72
73
71
65
58
48
42
41
43
37
34
36
34
34
21
9
6
5
6
8
3
-2
-9
-19
-27
-38
-53
-62
-63
-52
-40
-44
-50
-52
-52
-57
-67
-75
-70
-56
-50
-53
-58
-61
-63
-68
-72
-68
-57
-54
-52
-48
-40
-32
-39
-47
-40
-27
-16
-15
-28
-30
-18
-17
-22
-28
-31
-21
-21
-27
-31
-36
-34
-31
-23
-10
-2
1
3
8
6
-2
-11
-13
-2
7
6
0
-10
-16
-11
-12
-16
-10
-8
-1
13
14
9
3
-12
-13
-9
-6
1
-1
-3
4
5
-1
-1
6
10
23
32
28
34
31
17
7
-6
-14
-15
-15
-12
-14
-25
-33
-32
-35
-38
-38
-46
-41
-28
-33
-41
-48
-57
-56
-50
-47
-39
-33
-28
-10
5
11
17
12
14
31
43
49
49
40
36
39
38
32
25
19
29
45
51
53
45
42
51
48
45
44
44
49
55
57
56
55
47
39
39
38
41
40
38
44
44
33
17
-3
-18
-28
-35
-42
-39
-36
-42
-47
-58
-66
-65
-66
-60
-49
-38
-26
-22
-28
-34
-38
-43
-39
-30
-24
-14
-9
-14
-13
-12
-12
-10
-13
-9
1
3
1
-5
-19
-18
-12
-16
-13
-6
-2
12
17
11
13
15
17
17
16
22
32
29
27
30
29
25
26
22
27
40
39
33
34
30
27
28
25
28
31
28
25
21
19
21
19
20
25
33
30
27
29
31
32
30
23
21
24
21
13
9
8
6
8
5
1
1
0
-6
-4
-7
-9
-3
-6
-10
-5
-12
-17
-15
-19
-18
-13
-20
-21
-9
-5
1
6
4
5
8
3
11
20
18
21
23
19
22
22
15
19
25
29
39
41
35
34
31
25
27
28
27
31
25
16
12
5
-3
-4
-4
0
5
0
-2
-2
-6
-8
-12
-15
-12
-9
-4
-4
-11
-15
-18
-25
-31
-32
-32
-25
-22
-23
-19
-23
-30
-37
-43
-42
-35
-35
-35
-25
-32
-34
-37
-46
-43
-33
-33
-26
-20
-25
-20
-17
-24
-21
-19
-19
-10
-10
-13
-5
-5
-8
-2
0
0
6
2
1
8
7
9
11
7
8
13
6
4
4
0
2
0
-8
-8
-7
-13
-11
-12
-16
-12
-22
-27
-22
-25
-24
-18
-22
-20
-15
-23
-27
-25
-32
-31
-27
-29
-25
-25
-29
-29
-35
-45
-39
-36
-39
-30
-35
-42
-30
-34
-42
-39
-42
-47
-43
-38
-32
-20
-22
-22
-20
-20
-13
-8
-8
2
15
16
19
19
10
9
10
8
15
27
27
33
36
34
37
35
33
42
48
50
53
52
52
53
49
42
43
40
40
42
37
38
41
32
24
20
14
7
8
2
0
2
-9
-19
-24
-28
-33
-34
-33
-29
-25
-29
-33
-37
-40
-37
-34
-36
-31
-24
-29
-29
-26
-31
-26
-20
-20
-14
-7
-8
-8
-5
-4
1
4
3
11
15
19
22
22
19
24
30
36
48
51
55
61
63
61
56
50
48
49
49
50
53
51
46
35
23
15
10
9
10
12
10
8
0
-8
-8
-15
-19
-21
-21
-17
-10
-12
-18
-20
-18
-21
-23
-28
-29
-26
-23
-20
-21
-22
-21
-18
-17
-12
-6
-1
6
11
17
16
17
12
12
21
29
31
31
32
34
38
34
31
32
41
45
47
41
38
36
33
25
18
17
16
20
18
20
20
19
18
18
17
17
17
15
18
22
22
12
5
-2
-3
-6
-9
-10
-5
1
2
0
-5
-7
-14
-12
-9
-6
-7
-6
-9
-12
-12
-17
-20
-21
-18
-14
-13
-16
-14
-15
-17
-21
-25
-30
-28
-30
-35
-33
-40
-39
-40
-42
-45
-41
-43
-40
-32
-34
-31
-30
-31
-29
-25
-29
-24
-23
-23
-23
-22
-23
-21
-17
-17
-11
-11
-11
-13
-11
-15
-11
-9
-9
-1
0
3
3
2
1
4
7
11
14
19
21
23
24
16
12
12
10
10
11
4
6
1
-7
-16
-27
-34
-36
-35
-33
-29
-30
-34
-36
-40
-44
-40
-41
-34
-21
-17
-18
-18
-26
-30
-25
-29
-23
-14
-12
-7
-10
-17
-17
-17
-20
-12
-4
-1
8
6
3
9
8
8
18
23
30
42
40
43
50
45
48
52
51
58
63
60
63
64
58
57
56
52
59
60
58
62
57
49
46
34
26
28
19
14
13
4
0
-3
-15
-17
-18
-23
-21
-22
-23
-17
-18
-28
-28
-36
-45
