SAMPLES:	16719
BITSPERSAMPLE:	16
CHANNELS:	1
SAMPLERATE:	16000
NORMALIZED:	FALSE
3
1
-1
-4
-6
-7
-8
-10
-12
-13
-15
-16
-17
-18
-19
-18
-19
-20
-18
-19
-19
-19
-20
-18
-19
-18
-16
-17
-16
-15
-14
-14
-13
-12
-10
-10
-7
-6
-6
-5
-5
-2
-1
0
2
2
5
4
6
7
5
8
7
8
9
8
9
8
9
9
8
9
9
9
9
7
8
7
7
8
5
7
5
6
7
6
7
6
7
6
6
6
6
7
7
6
8
8
6
7
6
6
8
5
7
6
5
4
4
3
2
3
2
1
-1
-1
-1
-1
-2
-2
-2
-3
-3
-3
-3
-4
-4
-1
-3
-3
-1
-2
-1
0
-2
1
0
0
0
0
2
2
4
4
5
7
6
7
7
5
7
6
6
6
5
6
5
4
4
3
3
1
2
0
0
-1
-2
-1
-2
-1
-3
-3
-3
-3
-2
-3
-3
-3
-4
-3
-4
-6
-4
-5
-5
-6
-6
-6
-6
-7
-5
-4
-6
-4
-6
-5
-3
-5
-3
-3
-3
-3
-2
-1
0
1
1
2
3
2
4
4
5
7
7
10
9
10
10
10
12
11
13
13
14
15
15
16
16
15
15
15
14
14
14
14
13
14
13
12
11
10
10
8
8
7
4
3
2
0
-1
-3
-4
-7
-9
-11
-11
-13
-16
-17
-19
-19
-21
-22
-24
-24
-26
-26
-26
-27
-26
-25
-25
-24
-24
-23
-20
-20
-18
-17
-15
-13
-11
-8
-7
-5
-1
-2
2
2
4
5
4
6
6
7
7
8
8
8
8
6
5
4
3
3
2
3
2
1
2
-1
0
0
0
-1
0
0
1
0
1
2
0
2
2
3
3
4
3
3
2
2
2
1
2
2
1
0
-1
0
-2
-3
-3
-4
-4
-5
-5
-5
-6
-6
-6
-6
-6
-3
-3
-2
-1
0
1
2
6
4
7
9
11
13
13
15
14
15
15
17
17
17
16
14
13
12
10
8
7
4
5
2
0
-3
-6
-8
-12
-11
-14
-16
-17
-19
-19
-21
-21
-22
-23
-23
-22
-21
-19
-18
-18
-17
-16
-16
-16
-14
-13
-9
-7
-6
-4
-4
-3
-3
-3
-1
0
0
2
3
3
2
2
0
0
2
3
4
4
6
5
5
4
2
2
4
5
7
8
10
11
10
9
9
9
9
10
10
9
9
8
6
4
3
3
2
0
-1
-2
-5
-7
-10
-13
-14
-17
-17
-18
-17
-18
-19
-19
-22
-22
-23
-23
-22
-19
-18
-15
-15
-13
-13
-13
-10
-8
-2
0
3
5
7
8
9
11
12
16
17
19
20
22
22
20
20
18
20
19
20
20
17
16
14
11
10
8
7
8
7
6
4
3
-1
-3
-5
-7
-7
-8
-8
-8
-10
-11
-12
-14
-14
-15
-14
-12
-12
-12
-12
-13
-14
-16
-16
-15
-14
-11
-10
-8
-8
-6
-7
-7
-6
-5
-2
1
5
7
8
10
9
10
12
13
16
18
21
21
20
19
16
16
16
17
17
18
17
14
12
10
7
5
3
2
4
4
4
4
4
1
1
2
2
4
6
9
10
9
9
8
7
4
5
5
7
8
7
7
3
1
-3
-5
-6
-6
-4
-6
-4
-7
-10
-10
-14
-12
-12
-10
-7
-5
-4
-3
-3
-4
-3
-3
1
3
8
12
13
14
11
11
9
10
12
12
14
12
11
8
4
0
-2
-4
-4
-4
-4
-4
-5
-8
-12
-14
-14
-12
-10
-7
-4
-3
-2
-2
-1
0
2
6
9
11
16
17
17
17
17
15
14
15
13
15
12
9
6
1
-3
-8
-9
-11
-12
-14
-16
-21
-24
-29
-31
-31
-31
-30
-28
-27
-27
-24
-24
-23
-20
-16
-12
-8
-5
1
2
3
6
6
9
13
14
18
20
20
20
19
18
17
18
18
18
18
18
16
14
12
10
11
10
13
12
13
13
11
11
10
9
10
10
11
12
12
11
10
7
5
2
2
1
1
1
-1
-3
-7
-9
-13
-13
-15
-16
-14
-15
-17
-20
-21
-26
-26
-27
-26
-24
-22
-20
-22
-22
-25
-24
-23
-21
-18
-16
-12
-10
-9
-8
-7
-7
-4
0
3
7
11
13
14
13
13
11
13
16
18
21
21
20
18
16
14
11
11
12
11
13
13
11
8
4
1
-2
-1
-1
1
1
1
0
-4
-6
-9
-11
-11
-10
-9
-8
-8
-8
-10
-12
-14
-13
-12
-9
-7
-4
-3
-3
-3
-5
-4
-3
-2
2
5
7
9
10
9
9
9
11
13
13
16
16
18
19
17
15
14
13
12
11
11
12
11
11
8
4
2
-2
-3
-4
-4
-2
-3
-4
-6
-8
-10
-13
-14
-13
-12
-10
-8
-8
-9
-9
-13
-14
-12
-13
-8
-7
-5
-4
-7
-8
-10
-13
-12
-11
-9
-6
-6
-5
-5
-8
-9
-11
-11
-9
-7
-5
-1
-2
-1
-2
-5
-3
-3
0
4
7
12
13
13
14
12
12
13
14
19
21
24
28
25
23
19
16
18
17
19
23
21
22
18
12
7
1
0
0
2
4
1
-3
-8
-15
-18
-21
-22
-19
-17
-14
-12
-15
-16
-20
-23
-20
-18
-11
-6
-2
1
-1
-4
-4
-5
-4
0
3
10
11
12
11
6
4
1
0
3
4
6
6
5
2
-4
-9
-11
-12
-10
-4
-2
-1
-1
-6
-7
-11
-10
-6
-4
4
8
10
11
7
4
3
3
7
12
15
18
17
15
11
5
5
4
3
7
7
6
6
-1
-4
-9
-13
-12
-13
-8
-7
-7
-8
-9
-11
-11
-11
-9
-6
-3
2
3
5
4
3
3
3
4
7
7
8
9
7
6
2
-2
-3
-4
-5
-4
-4
-3
-5
-8
-10
-12
-13
-11
-11
-9
-6
-6
-5
-5
-5
-5
-3
-3
0
2
3
4
4
4
2
1
-1
-2
-3
-1
-1
-2
-1
-5
-6
-7
-10
-11
-12
-9
-8
-7
-6
-7
-7
-8
-8
-8
-6
-3
-1
1
2
3
2
2
3
4
6
9
12
14
15
15
15
12
13
14
16
20
20
21
19
17
15
13
13
12
14
14
14
14
10
9
3
3
1
0
2
-1
2
-1
-5
-6
-9
-10
-11
-10
-9
-7
-5
-6
-6
-11
-12
-13
-12
-11
-11
-7
-7
-8
-10
-13
-14
-16
-18
-15
-15
-10
-9
-11
-12
-15
-14
-13
-12
-8
-3
-1
3
4
4
6
5
7
9
15
20
23
23
22
22
19
17
16
18
21
23
22
20
16
12
5
1
1
0
5
4
5
3
-1
-4
-9
-8
-5
-2
0
4
3
3
0
-5
-5
-3
4
8
9
10
7
3
0
-5
-4
-1
1
4
0
1
-3
-8
-11
-12
-10
-8
-5
-6
-5
-8
-11
-14
-17
-12
-10
-5
-4
-5
-5
-7
-10
-12
-8
-5
-2
0
-1
0
-3
-7
-9
-9
-4
-1
0
1
0
-1
-3
-5
-5
-1
4
7
10
10
11
10
8
8
11
16
19
21
22
21
21
18
16
17
20
22
22
21
18
16
12
9
7
6
8
6
4
-2
-4
-7
-10
-14
-15
-13
-14
-16
-19
-21
-19
-21
-20
-20
-17
-15
-17
-16
-17
-13
-12
-9
-10
-7
-4
-5
-6
-9
-6
-4
-1
0
0
2
-2
-6
-10
-9
-5
-3
-1
0
1
-1
-5
-12
-11
-9
-4
1
1
4
2
-1
-7
-7
-3
1
7
5
9
7
4
-1
-6
-3
-1
5
7
6
7
3
-2
-4
-5
-1
3
5
6
8
8
7
5
5
5
8
8
9
12
13
15
11
9
5
4
2
-1
2
2
4
0
-6
-11
-18
-22
-23
-21
-19
-15
-17
-22
-27
-32
-33
-33
-26
-19
-12
-8
-9
-10
-15
-14
-12
-6
4
14
20
20
18
11
7
7
8
14
18
23
20
16
8
-1
-7
-11
-9
-5
0
0
-1
-9
-15
-20
-23
-21
-13
-5
3
9
8
6
0
-1
2
11
24
32
38
38
33
26
22
19
22
27
32
33
29
21
10
-1
-7
-12
-9
-9
-8
-11
-22
-28
-33
-32
-32
-26
-25
-22
-20
-21
-19
-17
-8
-5
-1
2
1
2
2
6
9
15
20
17
6
-6
-12
-12
-4
2
6
2
-11
-22
-35
-37
-30
-19
-8
-1
2
-4
-13
-19
-19
-10
9
26
37
40
33
23
13
15
25
35
46
50
49
42
32
20
11
10
11
16
22
22
18
1
-15
-24
-25
-18
-10
-8
-7
-9
-14
-20
-26
-25
-23
-17
-8
-2
4
2
-5
-13
-16
-7
2
10
13
9
2
-4
-4
-2
2
3
-1
-7
-6
-5
-9
-12
-15
-14
-14
-14
-13
-14
-17
-19
-19
-15
-7
1
0
-6
-6
-3
3
8
12
17
24
30
30
29
27
25
22
23
38
50
56
47
27
11
5
12
17
23
28
21
6
-12
-24
-29
-27
-25
-22
-17
-9
-12
-31
-51
-60
-52
-36
-18
-7
-9
-16
-29
-38
-37
-26
-15
-7
5
18
20
11
-8
-24
-21
-4
23
43
48
37
7
-19
-20
1
27
40
37
28
19
12
1
-11
-4
5
16
23
24
24
5
-15
-34
-35
-11
14
21
6
-13
-26
-31
-26
-15
-3
6
8
7
3
4
8
5
15
26
37
41
37
39
34
32
32
28
36
37
30
16
2
3
-3
-13
-20
-27
-28
-31
-49
-67
-74
-65
-58
-60
-59
-59
-60
-67
-73
-68
-50
-25
-15
-14
-16
-15
-13
-13
-2
14
29
40
41
38
34
25
23
25
32
46
41
38
35
25
12
-9
-14
-4
14
27
15
-2
-14
-18
-16
-11
2
21
25
22
15
15
29
33
28
21
32
54
59
53
38
23
18
20
22
23
25
16
-6
-19
-23
-24
-37
-47
-45
-51
-46
-42
-52
-56
-62
-70
-73
-54
-30
-31
-35
-44
-40
-17
-11
-20
-33
-27
11
35
29
30
29
11
-2
15
60
87
75
40
10
15
48
70
49
14
4
26
34
15
17
15
-30
-43
9
39
26
-3
-56
-65
-32
-18
0
6
-25
-28
-14
-42
-52
-21
-4
-27
-22
21
36
18
-18
-60
-49
-3
8
2
16
23
6
-34
-60
-33
4
8
-4
-2
18
26
23
-7
-39
-8
10
16
75
80
31
1
-31
-5
60
63
48
29
-9
6
45
23
-40
-61
-1
13
-48
-20
22
-48
-102
-91
-52
16
35
23
-1
-68
-35
73
40
-11
50
63
41
62
48
39
61
-4
-40
26
9
15
120
17
-155
-95
-45
-26
39
-26
-57
-15
-109
-95
14
-15
30
36
-125
-54
141
98
25
-7
-40
67
123
69
77
70
59
-4
-87
42
135
91
51
-89
-48
63
-86
-66
3
-80
115
95
-248
-102
27
-179
-89
-34
-35
77
-131
-136
71
-107
-104
18
-82
74
151
-55
25
188
37
-90
23
86
98
118
19
72
141
-63
-23
52
-62
134
150
-163
-111
115
86
-79
-96
44
-6
-189
-99
52
-20
-21
-52
-135
26
-74
-212
45
24
-24
129
-76
-172
77
159
47
-8
16
-31
28
157
29
17
211
44
-130
17
24
53
151
-90
-111
154
-113
-237
209
148
-229
-199
-64
107
143
-100
-152
-71
-43
123
125
-157
-89
176
-19
-189
-18
130
240
-62
-390
53
306
33
24
-26
-229
-36
216
86
-23
86
-60
-255
20
160
-7
56
3
-101
-4
-66
-9
99
88
28
-53
85
-41
-61
243
-6
3
141
-182
0
207
114
53
-197
-133
115
36
-4
-48
-201
-65
133
-173
-266
181
79
-214
-87
-83
58
267
-154
-304
33
40
403
319
-532
-265
271
280
225
-334
-244
282
127
47
-21
-66
278
106
-254
-134
31
381
193
-408
-310
73
410
111
-486
-187
28
3
275
-66
-424
-19
220
-37
-194
-86
-42
110
175
-191
-4
327
-109
-163
-39
-58
316
407
109
-312
-426
321
511
0
-297
-369
320
503
-360
-286
152
-100
87
113
-511
102
694
-182
-363
-318
47
883
30
-773
-128
346
239
0
-147
-181
195
222
-291
-2
263
-73
-51
-20
-26
-53
-4
198
81
-188
-337
-73
200
95
167
-114
-526
-117
417
299
-321
-239
144
71
80
-270
-204
481
64
-356
-252
-207
338
430
-240
-467
-152
300
419
-31
-370
-77
223
367
44
-358
322
181
-276
310
-89
49
522
-378
-432
250
244
3
-13
-177
-472
257
461
-429
-86
0
-177
229
-263
-158
534
32
-310
-34
-6
223
148
-201
47
167
-20
106
-67
-306
230
279
-170
-189
87
361
-147
-515
191
438
-149
-145
24
-105
231
8
-350
-137
70
311
-95
-397
-37
-23
291
100
-732
73
553
4
-57
-398
-154
457
131
-249
-58
260
135
-224
8
223
69
-17
-175
-143
234
407
213
-247
-489
-154
422
443
-264
-427
170
176
-176
-33
-200
-116
484
-279
-371
348
51
129
-82
-490
120
365
215
-62
-482
28
527
249
-120
-558
-134
541
228
99
-25
-309
-85
208
-112
-129
373
155
-302
-363
-140
334
298
-294
-433
-57
537
136
-550
-219
-125
362
278
-520
-19
253
-97
125
-39
-248
365
107
-441
304
301
-119
187
67
-423
-109
505
-13
-214
83
-195
11
127
-342
122
255
-352
24
183
-73
102
-88
-131
228
39
-166
246
345
-73
-353
-99
217
198
80
-13
-126
-152
85
-76
-37
114
-91
142
-143
-430
279
253
-153
-76
-233
33
200
-9
37
-159
-282
58
439
130
-646
-130
497
46
8
-146
-254
23
116
382
-109
-468
324
129
-132
134
-254
51
419
-266
-350
232
337
45
-166
-333
-170
501
309
-206
-221
-279
188
510
-246
-405
259
181
-237
-116
-136
210
405
-410
-175
295
-178
117
42
-196
464
-86
-464
574
-42
-328
567
-170
-266
264
-299
143
520
-572
-46
443
-588
-128
593
-112
-421
140
-18
-118
305
44
-238
-46
-249
195
769
-406
-652
290
206
158
58
-356
72
242
-209
-39
83
-142
318
149
-659
23
423
-125
259
-138
-592
344
178
25
295
-492
-123
297
-72
114
-64
-140
154
-115
154
171
-590
133
519
-164
17
-202
-290
555
100
-559
72
310
-190
-17
137
-427
-179
609
101
-568
39
8
60
381
-306
-432
254
335
-62
-229
-19
141
65
84
-140
-23
430
-82
-125
380
-340
-90
803
-161
-625
261
279
-184
-75
-29
-225
177
270
-638
-39
433
-466
13
385
-549
-109
475
-405
36
509
-599
-376
646
-32
-150
106
-435
401
536
-342
-231
120
496
251
-505
-276
632
527
-242
-525
-226
515
403
-274
-355
-129
347
179
-381
-220
174
53
-24
-18
-54
253
-281
-333
328
-12
-5
33
-362
47
294
-294
-167
306
48
-122
-235
74
255
232
154
-917
-35
1035
-96
-127
-195
-426
684
182
-797
324
376
-453
50
154
-286
109
139
-328
160
12
-300
339
-56
-228
252
-194
-60
485
-69
-458
1
270
315
-16
-381
-130
303
244
-49
-36
-350
162
468
-626
-50
526
-173
-78
-19
-126
173
219
-150
-80
102
-44
48
219
-64
-182
132
135
-272
-2
462
-292
-221
129
-270
389
101
-435
217
-143
-190
411
-255
-124
337
-314
113
34
-359
365
-27
-332
294
-13
-121
53
-92
178
-103
-153
310
-225
18
285
-333
62
-148
-156
601
-97
-391
47
-97
260
252
-318
111
0
-39
150
-303
294
323
-129
-6
-350
-53
560
135
-273
-151
-88
113
217
15
-259
-156
295
184
-398
-316
300
304
-140
-153
-94
-198
303
158
-210
13
-98
29
-58
-66
229
-66
-127
-108
-132
237
173
-347
68
323
-503
86
365
-313
200
238
-463
69
608
32
-319
-244
80
482
378
-329
-289
-84
182
319
-191
-84
106
-176
-151
-153
43
621
-310
-922
270
391
3
134
-365
-84
11
-299
415
215
-139
-4
-348
-25
325
125
275
-473
-711
646
631
-277
-53
54
-20
-15
-269
361
350
-357
14
-34
-309
364
257
-470
-276
-5
231
330
-372
-515
237
284
-74
21
-115
-13
87
-80
150
106
-230
183
106
-275
258
101
-227
59
-174
50
360
-243
-72
6
-17
416
-51
-513
204
488
-313
12
406
-209
142
154
-584
365
579
-484
76
-4
-436
800
168
-1036
235
255
-95
308
-667
-107
458
-268
-98
-226
-17
573
-424
-666
490
77
234
21
-730
633
207
-469
649
-171
-540
552
-1
-80
341
-534
55
536
-717
-142
539
-322
-49
66
-251
265
214
-360
-194
129
-151
134
203
-208
-6
118
-204
-178
186
124
171
-287
-292
249
209
198
-284
-398
743
-72
-835
663
89
-30
463
-937
-118
1090
-189
-551
404
284
-150
60
-317
234
412
-299
19
86
-279
69
386
-369
-354
386
250
-322
-247
134
63
244
-208
-251
593
-190
-370
628
-213
-107
299
-418
308
165
-198
58
-126
242
77
-638
103
454
-367
34
-17
-387
415
-113
-649
276
107
-297
237
16
-369
122
316
-215
-72
78
-288
344
371
-317
132
221
-467
255
656
-534
-117
431
-178
313
-85
-341
699
22
-495
-137
396
331
-254
-76
-514
-250
883
-12
-572
121
-315
-74
171
-138
229
-75
-377
30
-84
219
553
-224
-555
93
305
284
221
-438
5
560
-476
-121
604
38
-76
-472
-159
701
-33
-266
-103
-472
137
244
-207
17
-164
4
159
-198
189
297
-94
-399
-216
914
396
-944
-141
596
-127
300
-57
-683
137
34
139
-24
-150
418
-270
-440
319
253
405
-49
-697
146
557
15
-58
-54
-176
159
10
-670
487
743
-884
-554
459
-164
179
436
-798
3
394
-400
299
146
-456
92
241
-275
-9
526
-315
-102
481
-344
172
308
-88
228
-11
-217
373
-6
-241
332
-62
-172
3
29
-163
-406
59
203
-209
-490
252
175
-541
198
99
-293
23
62
53
25
-237
173
463
-408
-230
609
-5
-292
289
278
-197
-79
186
87
157
148
-451
-33
600
-155
18
-75
-558
484
195
-912
214
325
-486
317
-300
-705
968
-222
-899
639
-135
-136
497
-167
-33
515
-266
-50
699
-298
336
476
-830
380
675
-463
-5
-128
-179
461
-443
-282
514
-224
-459
-42
174
-121
-249
171
14
66
340
-355
206
452
-709
-14
679
-164
288
278
-679
220
668
-615
63
258
-589
329
242
-549
295
106
-579
144
-117
-74
378
-244
-393
54
-66
-105
171
148
-15
-321
-291
245
366
-92
-37
-404
-31
612
-260
34
325
-517
34
130
-320
609
252
-429
36
-207
-12
671
88
-415
-151
110
374
139
-157
116
-263
-351
175
37
246
158
-533
-266
175
131
388
-180
-380
159
-295
110
456
-178
-139
-304
-62
145
-43
461
-65
-625
-13
119
189
45
-138
253
-147
-273
565
314
-71
31
-306
-206
342
233
104
108
-442
-183
383
-66
115
203
-393
-68
261
-63
60
-4
-329
-11
0
-285
157
35
-409
-40
83
-161
69
255
-386
-220
284
141
276
255
24
126
24
-165
390
274
-460
-78
247
42
79
127
-283
-339
-10
-72
68
157
-146
-226
-209
-133
207
54
-201
-55
-53
-4
220
-48
-207
45
-62
43
194
61
158
86
-103
97
139
-66
142
205
-16
-4
-47
-62
-36
-32
-53
-46
91
-41
-159
13
-59
84
119
-139
143
117
-66
206
21
-63
219
-118
-209
-26
19
298
15
-394
-53
-38
-98
107
60
47
9
18
86
28
-46
-35
3
-21
-74
135
89
-41
-87
-127
-138
-199
-92
-9
32
35
-57
-150
-58
-112
-21
147
80
107
28
-89
74
132
53
132
1
-75
118
34
11
232
-98
-370
-29
56
-32
13
2
45
-130
-215
-50
46
159
81
-62
11
85
22
164
63
-82
119
128
67
116
143
90
-1
-54
-88
63
143
28
5
-98
-73
22
-150
-68
131
-107
-193
-48
-18
47
19
-126
-129
-51
30
109
63
-39
-36
-20
-118
-39
149
47
-50
-101
-115
-44
-41
5
-35
-73
-76
-65
16
30
44
0
-84
-140
2
77
20
136
39
-167
-108
-54
-29
35
50
-72
-116
-71
-40
28
11
-102
-102
-115
-53
39
34
92
7
-137
-104
34
112
139
121
79
37
183
187
82
189
179
90
132
167
102
215
189
22
22
28
21
99
87
11
43
-11
-113
-41
-17
0
43
-93
-140
-51
-16
26
-2
-135
-142
-74
-39
-23
-31
-15
-68
-69
-73
-39
62
-14
-34
-33
-45
22
15
-37
-63
-111
-147
-130
-149
-137
-142
-231
-287
-291
-291
-317
-327
-378
-394
-374
-330
-346
-405
-354
-289
-312
-320
-277
-268
-233
-158
-131
-175
-118
1
6
66
114
54
78
142
176
266
368
304
296
383
369
421
441
378
437
477
465
467
514
476
411
400
398
428
498
472
412
452
390
423
452
327
367
404
371
367
363
366
350
260
239
335
368
364
285
236
254
211
203
148
107
107
27
0
30
-48
-153
-247
-380
-375
-426
-544
-530
-593
-721
-771
-856
-992
-1032
-1028
-1073
-1131
-1170
-1174
-1233
-1279
-1314
-1393
-1438
-1418
-1472
-1482
-1455
-1458
-1454
-1513
-1565
-1604
-1554
-1400
-1234
-1042
-746
-322
171
580
796
1076
1310
1507
1858
2236
2638
2986
3215
3230
3160
3080
2949
2772
2511
2305
2160
1953
1756
1466
924
459
23
-391
-625
-737
-796
-919
-1058
-1262
-1386
-1422
-1424
-1283
-1091
-874
-535
-240
5
339
665
894
1033
1139
1374
1696
1960
2152
2164
2025
1896
1643
1344
1151
1005
826
489
228
38
-214
-490
-792
-1030
-1230
-1367
-1274
-1208
-1131
-1036
-1004
-1062
-1043
-887
-736
-643
-489
-329
-370
-383
-430
-525
-619
-694
-750
-907
-981
-1071
-1339
-1573
-1857
-2123
-2234
-2347
-2496
-2575
-2609
-2679
-2723
-2774
-2711
-2586
-2472
-2283
-2054
-1840
-1420
-715
-59
539
1155
1642
2071
2446
2780
3202
3549
3780
4063
4120
4054
4124
3885
3351
2825
2377
1909
1507
1194
829
357
-211
-738
-1233
-1624
-1772
-1865
-1968
-1992
-1856
-1630
-1514
-1418
-1223
-1012
-754
-326
102
536
964
1241
1342
1427
1613
1700
1719
1722
1710
1663
1542
1404
1133
831
565
224
-36
-241
-456
-551
-698
-817
-739
-652
-642
-652
-621
-578
-434
-163
102
300
534
759
771
776
886
874
823
864
884
904
896
811
609
290
-10
-253
-471
-562
-606
-620
-654
-876
-1109
-1189
-1275
-1334
-1309
-1302
-1209
-1092
-1015
-918
-903
-972
-1019
-1072
-1082
-969
-959
-1030
-1129
-1315
-1497
-1617
-1728
-1874
-2013
-2163
-2230
-2257
-2276
-2241
-2187
-2151
-2096
-1922
-1741
-1397
-791
-107
518
1107
1630
2011
2336
2650
2818
3098
3439
3585
3645
3604
3445
3145
2743
2063
1501
1139
690
392
130
-247
-558
-936
-1330
-1581
-1680
-1584
-1479
-1323
-1027
-661
-373
-89
190
446
867
1225
1516
1872
2145
2340
2391
2327
2208
2063
1847
1615
1370
1022
730
383
-53
-440
-730
-1035
-1349
-1576
-1710
-1725
-1652
-1535
-1412
-1255
-1081
-837
-547
-264
129
624
947
1120
1360
1437
1427
1445
1360
1276
1175
1086
917
548
273
11
-337
-662
-889
-1052
-1143
-1129
-1122
-1052
-984
-883
-813
-759
-519
-218
14
241
429
590
689
691
701
601
511
464
320
164
60
-118
-402
-731
-1023
-1320
-1531
-1690
-1848
-1937
-2095
-2136
-2195
-2358
-2375
-2382
-2323
-2183
-2061
-1905
-1786
-1728
-1595
-1471
-1283
-1099
-968
-744
-284
413
1048
1579
1968
2191
2312
2309
2354
2478
2631
2777
2779
2678
2523
2303
1911
1415
936
546
280
88
-17
-100
-237
-405
-629
-843
-930
-864
-742
-546
-293
-17
269
385
465
605
685
781
912
980
1179
1294
1249
1235
1025
815
595
361
180
77
31
-91
-245
-422
-531
-621
-694
-760
-840
-729
-610
-497
-358
-213
-105
-10
73
180
390
593
851
1026
1038
1017
952
836
731
657
610
542
489
428
292
123
-26
-191
-319
-364
-402
-368
-229
-113
19
70
27
9
-75
-89
44
80
132
193
117
-31
-225
-377
-531
-724
-857
-902
-953
-975
-943
-1016
-1148
-1300
-1493
-1535
-1525
-1497
-1346
-1245
-1279
-1272
-1321
-1485
-1598
-1693
-1843
-1881
-1815
-1820
-1790
-1821
-1879
-1926
-2032
-2100
-2026
-1890
-1627
-1163
-567
189
969
1578
1913
2032
2161
2377
2646
2967
3266
3454
3465
3347
3101
2713
2211
1634
1057
635
410
267
112
-67
-355
-681
-935
-1140
-1178
-1003
-747
-459
-132
134
434
650
753
894
1036
1204
1376
1490
1595
1682
1638
1445
1178
894
643
461
281
37
-116
-269
-480
-598
-719
-797
-817
-855
-878
-815
-637
-428
-175
166
487
677
728
702
667
620
716
819
855
946
903
665
397
234
58
-195
-346
-427
-452
-454
-495
-543
-648
-713
-739
-776
-704
-503
-251
-77
-17
20
2
-60
-111
-188
-271
-280
-294
-407
-564
-722
-879
-1118
-1387
-1537
-1661
-1774
-1795
-1868
-2029
-2103
-2208
-2314
-2357
-2323
-2195
-2088
-1995
-1811
-1578
-1429
-1263
-1099
-1140
-1169
-1133
-1168
-1144
-984
-823
-776
-630
-206
470
1237
1859
2213
2266
2177
2088
2093
2256
2437
2639
2718
2531
2329
2128
1777
1300
820
381
103
38
69
158
227
154
-8
-161
-221
-47
216
499
870
1172
1371
1588
1701
1683
1664
1609
1481
1368
1342
1333
1217
1053
795
363
-22
-306
-578
-764
-864
-941
-944
-947
-936
-820
-797
-781
-677
-578
-417
-118
333
793
1034
1083
1021
815
700
756
749
665
665
630
441
217
69
-28
-242
-476
-625
-761
-782
-594
-472
-520
-517
-489
-501
-494
-391
-139
32
115
216
183
134
90
-33
-211
-375
-469
-646
-800
-890
-996
-1162
-1461
-1732
-1906
-2036
-2087
-2057
-2021
-2004
-2021
-2065
-2068
-1964
-1815
-1742
-1703
-1610
-1376
-1164
-1057
-930
-906
-960
-982
-1127
-1367
-1457
-1436
-1465
-1507
-1504
-1391
-997
-323
459
1199
1773
2080
2180
2177
2212
2491
2937
3261
3468
3551
3408
3168
2880
2436
1861
1333
887
571
440
388
326
170
-114
-447
-715
-781
-598
-355
-58
306
585
775
937
1124
1234
1232
1250
1302
1350
1445
1509
1457
1271
986
645
204
-165
-310
-434
-542
-588
-667
-724
-801
-863
-911
-957
-840
-665
-538
-291
6
258
601
844
916
913
810
656
607
700
747
774
843
711
450
236
12
-167
-332
-500
-650
-667
-609
-537
-418
-455
-526
-516
-557
-559
-376
-151
-21
101
151
76
6
-84
-247
-461
-604
-690
-823
-966
-1069
-1183
-1373
-1618
-1781
-1916
-2052
-2054
-2062
-2141
-2144
-2145
-2206
-2144
-2034
-1961
-1844
-1703
-1550
-1400
-1289
-1144
-1056
-1116
-1143
-1165
-1259
-1212
-1125
-1200
-1311
-1318
-1235
-1025
-547
294
1277
2087
2620
2767
2667
2601
2672
2805
3042
3432
3716
3707
3527
3200
2688
2061
1371
728
258
38
21
73
66
6
-111
-392
-648
-608
-424
-183
185
607
951
1235
1457
1528
1505
1473
1397
1236
1141
1168
1175
1053
798
466
86
-281
-615
-875
-1005
-1061
-1084
-1110
-1139
-1064
-968
-919
-849
-745
-590
-368
-100
161
395
614
716
749
824
947
1089
1086
943
769
533
359
267
119
-18
-113
-282
-512
-671
-751
-826
-884
-874
-812
-672
-448
-204
-19
70
154
233
213
240
343
420
431
404
328
144
-47
-247
-508
-771
-998
-1209
-1425
-1617
-1695
-1722
-1803
-1876
-1942
-1990
-1994
-1937
-1837
-1779
-1664
-1523
-1423
-1307
-1172
-1040
-968
-930
-895
-852
-885
-1026
-1154
-1205
-1211
-1295
-1432
-1470
-1486
-1561
-1587
-1550
-1481
-1076
-260
707
1657
2410
2817
2844
2698
2741
2927
3161
3534
3819
3808
3617
3338
2922
2347
1755
1213
590
126
66
142
174
204
103
-201
-543
-704
-662
-500
-150
293
618
812
1014
1191
1205
1179
1099
907
745
703
735
741
704
630
405
45
-258
-504
-775
-881
-879
-915
-891
-825
-749
-690
-661
-609
-586
-562
-432
-247
-67
110
269
396
423
381
415
503
552
599
613
476
357
322
242
217
230
195
133
46
-42
-99
-80
-42
-58
-32
12
79
247
294
257
270
194
77
32
15
-10
-28
-86
-268
-447
-606
-817
-1010
-1167
-1276
-1304
-1356
-1399
-1369
-1366
-1375
-1362
-1382
-1409
-1396
-1380
-1358
-1317
-1281
-1260
-1277
-1345
-1401
-1446
-1522
-1574
-1596
-1602
-1565
-1557
-1584
-1600
-1685
-1818
-1868
-1834
-1762
-1657
-1597
-1562
-1237
-411
793
2065
3035
3477
3389
3041
2774
2770
3127
3653
4067
4153
3849
3403
2974
2495
1960
1381
717
162
-48
-5
175
402
422
163
-280
-693
-829
-684
-346
90
468
679
816
957
1031
1073
1083
963
771
645
636
736
876
935
846
580
164
-267
-574
-730
-804
-834
-817
-803
-823
-833
-868
-923
-945
-941
-929
-871
-704
-466
-196
37
200
336
361
332
390
542
786
1013
1111
1077
938
834
781
700
675
667
505
260
23
-162
-188
-114
-96
-146
-218
-310
-375
-393
-374
-296
-241
-278
-331
-313
-258
-187
-141
-225
-389
-536
-714
-871
-902
-874
-870
-908
-1016
-1123
-1185
-1246
-1310
-1376
-1432
-1449
-1448
-1458
-1457
-1446
-1466
-1519
-1585
-1623
-1594
-1586
-1613
-1609
-1611
-1607
-1556
-1543
-1580
-1593
-1587
-1574
-1543
-1470
-1399
-1380
-1244
-745
209
1391
2385
2937
3029
2888
2817
2875
3070
3499
3963
4109
3895
3586
3409
3323
3095
2553
1786
1053
546
297
241
361
476
247
-347
-944
-1245
-1251
-1072
-835
-662
-464
-178
72
324
621
824
847
692
527
610
900
1208
1444
1483
1325
1066
686
269
-28
-232
-415
-615
-873
-1064
-1148
-1252
-1400
-1556
-1651
-1712
-1745
-1641
-1406
-1061
-643
-277
-9
230
470
662
831
1068
1417
1761
1979
2059
1992
1826
1640
1412
1161
1002
831
518
171
-138
-349
-364
-404
-559
-662
-767
-864
-794
-615
-438
-236
-120
-164
-166
-82
30
190
217
96
-46
-254
-471
-577
-637
-746
-886
-1100
-1364
-1526
-1575
-1599
-1610
-1633
-1719
-1780
-1789
-1790
-1722
-1582
-1437
-1306
-1236
-1224
-1213
-1193
-1137
-1043
-955
-880
-849
-886
-957
-991
-1008
-1075
-1151
-1263
-1412
-1483
-1487
-1430
-1179
-653
79
893
1645
2156
2423
2549
2532
2544
2757
3106
3555
3976
4163
4164
4048
3774
3351
2799
2141
1501
1013
662
478
445
364
118
-315
-886
-1385
-1628
-1644
-1516
-1275
-1017
-827
-611
-365
-95
229
458
570
660
767
964
1241
1475
1605
1577
1347
1016
687
418
205
-35
-307
-596
-892
-1109
-1249
-1363
-1419
-1436
-1456
-1462
-1402
-1230
-973
-681
-413
-193
53
310
532
740
937
1132
1275
1334
1341
1301
1219
1121
1019
863
709
592
431
241
18
-218
-349
-416
-490
-505
-492
-504
-515
-501
-480
-418
-331
-321
-328
-340
-359
-330
-314
-285
-229
-281
-482
-742
-909
-897
-822
-764
-707
-736
-840
-879
-845
-815
-770
-712
-704
-681
-597
-466
-371
-392
-397
-370
-455
-545
-470
-362
-356
-317
-173
-44
-102
-311
-391
-331
-370
-435
-345
-181
-97
-122
-142
-56
61
105
105
166
282
423
545
551
543
574
553
476
408
424
510
583
681
850
982
1005
952
817
671
614
614
659
705
703
716
723
721
753
763
738
666
546
461
434
468
542
616
657
594
473
377
294
228
174
107
-5
-120
-167
-197
-160
-48
-30
-123
-250
-354
-346
-260
-196
-159
-130
-155
-166
-82
3
80
143
99
44
25
77
270
391
387
378
309
204
131
139
224
289
307
265
177
123
58
-42
-140
-213
-229
-252
-228
-142
-156
-236
-312
-340
-300
-352
-460
-448
-408
-468
-544
-510
-324
-170
-276
-399
-291
-246
-266
-95
91
137
107
79
119
163
153
34
-101
-84
-80
-151
-263
-374
-174
-3
-315
-549
-430
-310
-279
-344
-364
-126
39
-105
-190
-27
193
303
270
209
249
297
223
147
198
368
450
264
17
-30
49
45
-98
-248
-303
-343
-429
-499
-563
-542
-407
-407
-542
-538
-411
-281
-193
-205
-168
-76
-76
-63
36
140
196
179
99
26
57
185
306
342
310
269
234
211
253
320
354
406
417
345
301
368
499
566
544
553
575
525
531
635
678
655
613
514
412
408
461
460
383
343
385
396
364
308
252
252
215
73
2
126
233
170
129
152
150
119
12
5
121
55
-53
-20
-52
-115
-79
-117
-282
-374
-406
-401
-392
-624
-847
-678
-537
-714
-808
-685
-579
-545
-638
-799
-629
-299
-256
-239
-124
-98
-13
36
-15
58
9
-175
-103
44
-55
-193
-128
70
212
8
-301
-116
126
-91
-273
-221
-16
247
77
-238
-97
200
250
75
-49
98
311
245
12
23
234
313
165
-23
27
154
27
-137
-112
18
145
97
-54
-128
-117
-82
-106
-118
-55
-1
-78
-100
464
1303
1376
546
-420
-769
-373
192
461
506
434
-1
-743
-1089
-730
-37
397
224
-136
-335
-488
-532
-432
-192
126
168
-94
-275
-169
76
226
291
365
449
462
381
387
538
690
731
576
442
508
555
496
438
448
485
414
202
-6
-52
41
57
16
62
135
112
-33
-168
-119
56
159
126
129
218
232
198
159
198
342
362
245
148
103
165
189
103
88
104
62
-49
-216
-299
-271
-223
-208
-254
-298
-263
-184
-191
-279
-292
-201
-124
-129
-134
16
163
109
-18
-78
-16
103
75
-76
-145
-102
-70
-83
-93
-125
-154
-246
-397
-399
-329
-399
-418
-402
-495
-477
-382
-434
-395
-271
-415
-570
-460
-379
-384
-382
-470
-503
-480
-508
-514
-516
-474
-333
-319
-446
-503
-472
-441
-475
-498
-403
-258
-183
-153
-128
-96
-22
64
166
361
432
344
342
366
390
537
666
698
698
629
505
430
446
444
431
452
416
382
416
378
326
358
420
465
473
463
529
645
663
632
666
695
719
749
707
695
730
691
632
612
589
569
523
445
372
316
283
282
273
241
243
208
76
3
4
5
50
53
8
29
17
-53
-78
-115
-145
-102
-84
-122
-110
-100
-186
-267
-296
-294
-242
-204
-229
-264
-270
-278
-307
-339
-376
-400
-377
-392
-465
-478
-402
-334
-394
-531
-617
-652
-652
-634
-624
-611
-663
-773
-870
-913
-819
-679
-681
-648
-560
-602
-582
-490
-507
-456
-357
-389
-353
-294
-339
-234
-147
-281
-289
-251
-370
-408
-407
-516
-537
-513
-573
-582
-541
-568
-615
-595
-525
-415
-315
-216
-126
-61
8
69
142
281
401
501
564
535
578
715
786
882
1024
1027
1000
1012
916
879
1020
1076
1060
1077
1009
945
958
954
1009
1091
1091
1100
1104
1051
1052
1086
1027
977
964
896
856
852
803
737
620
502
449
400
370
345
266
192
106
-3
-66
-122
-176
-201
-267
-358
-404
-475
-558
-573
-578
-612
-617
-656
-739
-780
-771
-744
-705
-655
-587
-520
-501
-514
-517
-507
-521
-544
-552
-554
-528
-506
-523
-520
-529
-566
-590
-589
-551
-536
-578
-603
-645
-685
-630
-628
-728
-757
-731
-712
-618
-569
-599
-552
-455
-372
-348
-431
-451
-407
-396
-300
-161
-102
-49
-45
-130
-159
-153
-199
-270
-334
-350
-296
-245
-227
-242
-256
-216
-173
-173
-173
-149
-52
54
47
58
169
261
377
488
483
576
802
924
975
1044
1073
1127
1198
1180
1163
1204
1225
1251
1247
1185
1217
1302
1273
1172
1083
1009
976
931
843
782
766
743
638
461
364
338
242
127
48
-45
-105
-112
-158
-208
-226
-282
-324
-309
-267
-178
-81
-21
31
51
33
65
136
183
193
160
117
105
113
115
114
86
20
-47
-145
-281
-348
-361
-388
-410
-482
-607
-644
-637
-696
-731
-717
-732
-748
-784
-834
-745
-610
-613
-659
-684
-713
-706
-672
-645
-598
-525
-468
-477
-524
-564
-593
-592
-544
-503
-498
-505
-549
-607
-586
-527
-512
-520
-532
-499
-425
-387
-348
-299
-314
-325
-329
-387
-408
-399
-463
-515
-538
-614
-655
-666
-699
-646
-561
-550
-515
-466
-454
-419
-416
-389
-217
15
253
491
713
910
1051
1155
1265
1366
1450
1540
1597
1601
1637
1689
1695
1690
1656
1582
1514
1457
1393
1312
1215
1109
989
856
741
642
559
503
464
393
303
234
145
37
-64
-187
-288
-345
-397
-425
-421
-425
-439
-456
-491
-530
-538
-534
-529
-506
-474
-425
-339
-241
-162
-89
-55
-43
-4
62
116
135
151
179
245
322
357
354
318
273
234
163
102
120
134
94
30
-74
-176
-217
-293
-412
-478
-513
-521
-494
-496
-504
-467
-487
-554
-575
-586
-545
-466
-454
-443
-389
-386
-413
-437
-479
-477
-443
-491
-529
-530
-584
-579
-554
-627
-657
-659
-728
-744
-736
-768
-754
-760
-797
-782
-808
-847
-823
-835
-817
-729
-762
-833
-840
-921
-992
-974
-992
-987
-937
-897
-833
-784
-711
-595
-542
-506
-456
-450
-343
-115
85
330
602
779
974
1173
1289
1438
1575
1639
1734
1799
1796
1853
1924
1982
2075
2086
2015
1977
1917
1799
1684
1566
1454
1337
1155
957
836
742
632
504
340
206
116
-4
-153
-261
-331
-417
-500
-551
-575
-572
-562
-556
-558
-574
-587
-599
-623
-614
-568
-537
-514
-473
-403
-299
-207
-155
-115
-74
-40
-11
39
143
260
303
317
348
375
407
412
346
296
289
236
140
66
21
-29
-122
-246
-366
-440
-445
-435
-469
-496
-475
-467
-474
-481
-484
-463
-440
-452
-437
-381
-319
-266
-274
-324
-364
-396
-411
-408
-387
-365
-385
-439
-503
-559
-601
-648
-720
-779
-800
-817
-848
-874
-882
-854
-841
-878
-889
-853
-808
-768
-763
-768
-723
-695
-714
-735
-775
-815
-805
-806
-838
-823
-777
-738
-701
-708
-734
-689
-622
-611
-622
-545
-307
21
285
472
680
951
1223
1404
1463
1522
1707
1883
1939
2005
2162
2360
2513
2504
2371
2287
2278
2201
1992
1742
1557
1440
1265
995
763
618
486
328
130
-55
-148
-214
-371
-586
-718
-745
-755
-783
-814
-802
-724
-671
-696
-715
-654
-570
-531
-535
-529
-470
-369
-287
-235
-167
-72
15
53
54
75
124
164
185
217
263
285
295
324
362
397
376
274
179
147
112
34
-7
-19
-36
-33
-58
-124
-128
-95
-130
-202
-232
-217
-181
-175
-214
-233
-224
-250
-298
-333
-341
-316
-316
-400
-512
-561
-575
-610
-652
-704
-765
-773
-781
-834
-856
-830
-820
-837
-874
-928
-927
-879
-846
-810
-780
-771
-735
-700
-710
-735
-735
-733
-765
-823
-873
-879
-851
-838
-874
-920
-942
-950
-924
-871
-803
-701
-603
-594
-606
-570
-509
-372
-146
62
270
521
760
976
1179
1402
1619
1726
1757
1806
1859
1957
2119
2204
2198
2239
2255
2184
2132
2060
1917
1761
1558
1319
1141
1002
869
719
510
307
149
-20
-185
-299
-407
-545
-659
-751
-841
-866
-826
-791
-774
-737
-680
-609
-514
-424
-362
-324
-290
-234
-159
-60
54
132
173
208
217
222
259
286
302
334
348
343
340
339
348
363
338
268
211
174
142
109
73
60
45
-4
-32
-27
3
66
108
68
-11
-70
-116
-153
-189
-237
-281
-324
-368
-404
-432
-450
-483
-568
-698
-816
-870
-880
-898
-916
-908
-901
-902
-893
-908
-904
-851
-843
-883
-900
-913
-915
-873
-843
-842
-840
-858
-873
-880
-889
-883
-890
-921
-933
-942
-963
-947
-888
-793
-630
-466
-432
-525
-637
-649
-560
-497
-532
-633
-684
-615
-467
-238
79
410
654
767
846
1057
1388
1597
1594
1527
1530
1678
1911
2121
2274
2379
2401
2300
2155
2102
2149
2105
1854
1510
1219
1064
1019
929
760
573
390
184
-17
-155
-219
-289
-482
-750
-935
-975
-891
-771
-703
-673
-637
-598
-575
-516
-382
-255
-223
-262
-268
-185
-3
209
335
386
427
439
412
399
428
457
432
370
354
400
452
484
479
440
409
359
257
155
134
139
75
-6
-48
-55
-47
-41
-55
-80
-65
-46
-120
-220
-253
-251
-276
-325
-366
-375
-345
-342
-388
-429
-480
-541
-623
-756
-853
-841
-827
-878
-899
-895
-932
-966
-998
-1043
-1057
-1028
-1032
-1119
-1188
-1187
-1174
-1148
-1103
-1079
-1061
-1003
-948
-921
-881
-821
-775
-810
-869
-835
-751
-655
-578
-610
-657
-585
-505
-516
-538
-552
-558
-537
-570
-652
-660
-546
-318
-67
151
398
656
909
1215
1516
1681
1782
1884
1951
2046
2190
2319
2424
2497
2507
2459
2405
2394
2385
2252
1974
1662
1391
1180
1014
822
580
344
165
3
-177
-317
-403
-539
-754
-953
-1076
-1081
-971
-856
-800
-745
-653
-527
-383
-251
-121
7
91
133
200
318
464
598
652
629
603
610
618
599
570
509
413
338
288
230
216
243
214
134
56
-35
-126
-178
-209
-231
-242
-255
-269
-264
-243
-200
-165
-136
-104
-106
-133
-150
-147
-141
-142
-163
-211
-252
-280
-327
-389
-449
-520
-614
-725
-821
-875
-913
-962
-1009
-1051
-1096
-1111
-1107
-1125
-1142
-1141
-1151
-1171
-1161
-1128
-1097
-1085
-1071
-1033
-979
-924
-885
-854
-781
-667
-600
-617
-628
-595
-571
-571
-588
-643
-658
-590
-539
-522
-491
-467
-473
-529
-637
-739
-794
-767
-586
-302
-20
278
597
942
1351
1704
1880
1932
1991
2131
2295
2387
2448
2516
2541
2517
2478
2455
2497
2540
2383
2017
1638
1356
1140
916
647
383
179
26
-116
-258
-344
-385
-501
-719
-907
-959
-892
-788
-746
-743
-671
-515
-329
-149
34
236
379
391
368
410
511
618
641
572
520
532
554
529
457
375
295
204
112
37
-20
-51
-95
-178
-244
-272
-270
-237
-224
-240
-258
-261
-251
-243
-238
-220
-187
-144
-88
-56
-54
-47
-51
-72
-107
-169
-232
-281
-341
-420
-493
-547
-585
-633
-689
-735
-763
-775
-814
-900
-975
-987
-980
-987
-1003
-1015
-992
-949
-920
-894
-873
-868
-883
-927
-985
-1000
-968
-943
-909
-854
-821
-823
-835
-859
-910
-937
-925
-927
-927
-882
-849
-808
-707
-653
-706
-754
-752
-735
-712
-678
-510
-147
274
626
879
1119
1524
2003
2252
2295
2330
2406
2515
2586
2584
2616
2699
2695
2552
2372
2330
2412
2355
2045
1640
1291
1042
833
578
300
87
-64
-217
-369
-437
-423
-456
-612
-806
-921
-923
-843
-750
-690
-631
-511
-338
-143
87
325
494
563
563
554
578
630
681
670
588
509
473
454
424
352
223
61
-91
-185
-224
-256
-297
-348
-396
-412
-373
-323
-290
-237
-172
-149
-154
-115
-59
-35
-24
-26
-17
44
118
144
124
101
82
22
-75
-147
-189
-244
-303
-378
-462
-505
-536
-607
-695
-768
-804
-814
-840
-888
-941
-989
-1025
-1041
-1043
-1031
-1015
-1010
-1004
-1007
-1010
-991
-976
-976
-982
-983
-966
-926
-878
-842
-846
-876
-883
-912
-970
-939
-835
-805
-849
-907
-924
-827
-701
-719
-840
-872
-803
-772
-838
-793
-445
46
437
688
944
1417
2067
2481
2492
2424
2546
2769
2874
2838
2835
2949
3020
2916
2725
2634
2729
2746
2394
1826
1385
1136
897
558
201
-76
-275
-432
-586
-704
-695
-641
-768
-1031
-1176
-1117
-953
-796
-689
-612
-511
-329
-85
152
388
595
655
595
575
635
710
738
698
601
498
437
417
399
346
243
61
-154
-271
-253
-207
-230
-292
-327
-323
-284
-221
-177
-138
-71
-43
-67
-43
52
120
100
37
8
43
118
178
167
117
84
34
-57
-125
-143
-164
-228
-313
-374
-390
-385
-412
-500
-605
-691
-771
-843
-906
-947
-977
-1047
-1150
-1194
-1169
-1150
-1160
-1179
-1182
-1150
-1102
-1076
-1084
-1086
-1040
-976
-946
-910
-848
-819
-839
-859
-884
-948
-1006
-971
-891
-878
-909
-912
-886
-819
-735
-747
-833
-868
-882
-975
-1057
-916
-484
50
462
817
1276
1827
2362
2685
2730
2742
2900
3051
3051
3008
3074
3193
3178
3018
2878
2845
2851
2712
2290
1735
1296
984
632
199
-171
-406
-586
-750
-864
-909
-876
-827
-899
-1067
-1134
-1025
-856
-739
-655
-542
-368
-127
141
390
619
796
858
817
778
806
834
786
676
550
445
393
364
303
195
52
-125
-309
-417
-395
-327
-312
-332
-333
-295
-193
-57
22
41
68
110
144
179
240
299
320
310
293
295
326
373
353
238
98
-18
-112
-202
-293
-391
-507
-614
-683
-735
-804
-873
-932
-1017
-1105
-1143
-1137
-1120
-1118
-1135
-1175
-1197
-1146
-1061
-994
-937
-870
-837
-863
-905
-916
-886
-828
-767
-756
-793
-778
-707
-684
-745
-857
-985
-1077
-1093
-1042
-983
-932
-856
-826
-912
-953
-813
-663
-695
-876
-1072
-1158
-1044
-803
-552
-220
268
785
1209
1657
2256
2794
2985
2891
2805
2901
3133
3309
3282
3164
3131
3134
3064
2968
2951
2859
2464
1850
1280
908
677
393
-46
-513
-820
-931
-953
-961
-921
-876
-962
-1123
-1186
-1077
-843
-649
-589
-572
-439
-160
153
415
625
774
807
763
760
805
835
788
619
426
332
329
352
325
233
93
-69
-164
-165
-122
-111
-185
-277
-292
-198
-54
52
122
177
219
246
259
322
413
412
328
227
176
236
290
233
117
5
-84
-173
-279
-392
-462
-548
-705
-822
-892
-930
-933
-988
-1088
-1138
-1098
-1037
-1024
-1026
-1057
-1111
-1142
-1145
-1089
-1015
-964
-943
-972
-984
-975
-956
-941
-961
-985
-1007
-1005
-961
-908
-886
-901
-921
-919
-838
-770
-842
-904
-901
-864
-814
-847
-897
-827
-661
-614
-725
-857
-909
-821
-1034
-1445
-1198
-624
27
910
1468
2125
3150
3646
3626
3501
3404
3561
3668
3469
3362
3469
3404
3195
2944
2679
2623
2464
1903
1202
548
10
-470
-999
-1400
-1594
-1639
-1576
-1427
-1150
-878
-719
-632
-584
-451
-182
79
250
390
560
736
948
1253
1525
1656
1640
1461
1230
994
728
440
90
-225
-464
-665
-754
-762
-736
-735
-806
-822
-730
-515
-259
-118
-2
140
333
580
768
948
1121
1210
1180
1053
940
841
700
466
133
-140
-269
-350
-463
-618
-742
-836
-932
-1018
-1121
-1157
-1132
-1159
-1198
-1177
-1062
-863
-703
-620
-564
-542
-519
-529
-608
-690
-789
-917
-1044
-1151
-1224
-1256
-1278
-1349
-1439
-1496
-1545
-1568
-1597
-1669
-1706
-1649
-1496
-1361
-1286
-1155
-973
-746
-545
-509
-551
-600
-608
-514
-498
-597
-667
-668
-572
-511
-590
-779
-1009
-1130
-1067
-724
-32
853
1719
2430
3017
3605
4102
4354
4304
4047
3736
3377
3062
2788
2540
2338
2047
1746
1546
1409
1250
937
451
-124
-639
-986
-1216
-1271
-1174
-1057
-827
-515
-174
208
525
684
665
590
539
529
595
637
624
670
775
897
1007
1037
917
665
354
-16
-339
-553
-735
-867
-925
-926
-795
-530
-275
-79
-2
3
110
317
565
708
774
880
961
1133
1227
1136
1057
894
679
393
77
-119
-329
-513
-726
-891
-830
-716
-548
-422
-411
-377
-354
-359
-429
-503
-542
-646
-671
-641
-603
-496
-466
-509
-624
-773
-869
-998
-1125
-1309
-1535
-1640
-1705
-1700
-1619
-1592
-1530
-1469
-1488
-1558
-1649
-1660
-1593
-1502
-1393
-1312
-1173
-944
-777
-680
-662
-654
-583
-627
-742
-873
-937
-902
-993
-1055
-1080
-1009
-749
-690
-816
-996
-1187
-1285
-1267
-867
16
1174
2293
3135
3846
4593
5230
5442
5127
4437
3744
3191
2602
2060
1615
1309
1106
872
755
698
654
522
50
-486
-892
-1109
-1048
-907
-711
-434
-31
537
1042
1419
1571
1489
1324
990
622
319
65
-59
-171
-223
-163
-4
233
252
106
-61
-275
-427
-592
-772
-868
-867
-692
-422
-111
244
547
765
852
789
717
709
702
676
616
566
588
703
793
701
561
377
146
-74
-374
-626
-790
-900
-919
-898
-746
-503
-260
-54
2
16
50
-3
-148
-332
-510
-665
-748
-763
-794
-771
-725
-737
-783
-897
-1026
-1162
-1288
-1419
-1560
-1628
-1637
-1594
-1511
-1386
-1264
-1185
-1160
-1220
-1246
-1249
-1353
-1501
-1573
-1466
-1192
-962
-896
-858
-812
-773
-817
-982
-1013
-1083
-1194
-1221
-1255
-1013
-769
-593
-552
-766
-696
-759
-957
-1185
-1537
-1179
-314
889
2006
2727
3656
4377
5094
5392
4930
4608
3969
3204
2476
1618
1263
1107
1003
798
532
692
753
736
554
-63
-413
-633
-761
-731
-715
-353
51
504
925
1092
1405
1480
1322
1004
400
24
-187
-309
-443
-518
-338
-175
89
252
276
294
176
-2
-337
-555
-610
-606
-512
-513
-337
-28
288
572
622
586
442
293
200
172
295
422
515
589
684
792
938
915
621
327
-10
-337
-546
-688
-812
-909
-877
-790
-638
-424
-224
-48
-98
-230
-291
-416
-509
-527
-554
-664
-720
-629
-587
-563
-524
-601
-786
-1006
-1140
-1243
-1353
-1413
-1459
-1491
-1537
-1441
-1273
-1242
-1180
-1191
-1298
-1384
-1450
-1446
-1468
-1399
-1196
-992
-815
-682
-507
-443
-571
-775
-1089
-1347
-1398
-1424
-1474
-1515
-1411
-963
-692
-591
-430
-588
-640
-670
-827
-1008
-1287
-969
-302
658
1714
2530
3634
4248
4736
5129
4751
4443
3832
3090
2285
1380
1134
920
829
730
523
673
615
656
564
58
-246
-541
-673
-746
-741
-317
44
424
779
1057
1448
1546
1489
1181
648
351
114
-59
-274
-399
-290
-225
-43
104
203
274
128
-47
-332
-554
-626
-682
-702
-736
-549
-225
81
348
461
525
494
401
299
265
376
486
575
601
684
845
1006
1042
764
455
149
-162
-431
-740
-927
-1044
-1033
-923
-787
-527
-304
-94
-62
-246
-344
-404
-496
-648
-786
-852
-882
-791
-685
-661
-652
-695
-806
-975
-1132
-1193
-1264
-1397
-1520
-1564
-1533
-1451
-1302
-1181
-1131
-1073
-1027
-1061
-1136
-1160
-1136
-1136
-1122
-1057
-992
-826
-669
-680
-745
-839
-866
-911
-1089
-1322
-1516
-1496
-1454
-1380
-1296
-1219
-974
-895
-749
-670
-850
-769
-721
-636
-290
435
1433
2215
3037
3704
4230
4690
4781
4750
4200
3451
2965
2255
1511
1005
809
531
180
210
180
90
152
97
-177
-509
-542
-409
-381
-257
76
415
672
1027
1392
1475
1422
1445
1236
776
481
351
148
-129
-227
-237
-309
-207
-41
-89
-293
-393
-421
-581
-729
-749
-695
-630
-467
-168
63
275
566
718
668
582
603
675
691
705
714
696
687
737
801
627
371
176
-154
-480
-752
-941
-1063
-1185
-1141
-1062
-916
-670
-420
-187
-170
-137
-62
-113
-168
-251
-296
-430
-530
-476
-548
-612
-677
-790
-932
-1127
-1234
-1378
-1543
-1685
-1801
-1802
-1775
-1631
-1420
-1279
-1114
-948
-826
-807
-809
-780
-850
-948
-945
-845
-734
-674
-665
-737
-903
-1016
-1066
-1187
-1376
-1552
-1635
-1731
-1774
-1595
-1368
-1210
-1102
-878
-677
-580
-391
-273
-233
-133
342
1150
1870
2497
3058
3595
3967
4236
4369
4038
3505
2936
2325
1607
963
681
435
160
-32
-88
-21
48
182
161
-71
-196
-146
-41
-7
87
344
573
823
1129
1322
1399
1387
1297
1007
642
439
250
30
-195
-337
-352
-365
-290
-214
-251
-277
-309
-321
-397
-483
-406
-367
-269
-70
188
475
595
749
722
593
550
392
381
305
315
399
364
455
429
536
467
236
160
-148
-337
-550
-719
-819
-936
-766
-706
-505
-294
-163
101
88
93
44
-104
-236
-428
-533
-738
-828
-830
-913
-958
-1038
-1073
-1123
-1187
-1249
-1343
-1431
-1497
-1500
-1474
-1392
-1268
-1098
-941
-834
-750
-716
-660
-661
-705
-827
-909
-836
-810
-764
-798
-855
-924
-1051
-1150
-1376
-1446
-1462
-1481
-1463
-1524
-1402
-1412
-1273
-957
-885
-676
-592
-564
-458
-357
-205
-174
167
677
1406
2166
2564
3257
3728
3953
4145
3890
3543
3040
2584
1976
1262
867
536
420
126
-96
-33
-118
19
46
-105
-236
-274
-76
-41
73
312
573
889
1040
1225
1328
1304
1283
1109
793
449
264
116
-117
-252
-305
-316
-278
-242
-216
-239
-280
-260
-296
-380
-370
-270
-110
30
175
333
445
571
598
526
414
340
409
449
474
492
479
489
453
470
385
208
86
-170
-409
-612
-755
-766
-803
-763
-682
-526
-346
-209
-28
-16
-53
-69
-165
-277
-417
-487
-577
-675
-712
-763
-779
-850
-928
-1013
-1142
-1232
-1297
-1334
-1402
-1389
-1309
-1244
-1110
-992
-873
-759
-661
-600
-690
-753
-763
-822
-872
-900
-840
-769
-715
-670
-781
-912
-932
-952
-1112
-1439
-1703
-1788
-1756
-1577
-1352
-1258
-1220
-1035
-785
-664
-490
-275
-288
-289
-295
-384
-107
530
1305
1948
2392
2963
3523
3998
4246
4149
3758
3116
2668
2055
1214
766
517
278
-64
-198
-131
-153
117
277
112
-45
-32
179
165
149
349
539
746
929
1162
1229
1226
1426
1329
947
661
487
296
-8
-195
-328
-475
-434
-348
-360
-406
-300
-103
-114
-178
-141
-77
0
50
94
107
140
298
384
341
403
578
703
702
645
586
520
502
410
183
-45
-229
-335
-474
-657
-719
-731
-697
-660
-644
-567
-458
-294
-229
-269
-256
-234
-188
-215
-310
-404
-483
-483
-583
-717
-796
-882
-928
-1017
-1110
-1173
-1159
-1114
-1151
-1184
-1210
-1136
-1030
-998
-938
-877
-766
-679
-716
-781
-831
-774
-663
-623
-589
-524
-445
-398
-396
-490
-765
-1049
-1307
-1566
-1724
-1848
-1953
-1980
-1827
-1520
-1098
-705
-480
-245
-28
35
-5
110
86
-167
-243
-499
-524
25
834
1781
2381
2877
3318
3674
3912
3841
3678
2950
2219
1709
956
578
439
421
317
139
233
297
514
674
617
372
-59
-99
-69
-65
168
429
656
771
1063
1338
1417
1538
1467
1139
665
328
134
-110
-290
-414
-493
-542
-443
-224
-131
-82
-2
-22
-177
-235
-191
-151
-108
-71
-32
-3
179
473
742
931
984
967
833
699
589
432
251
-33
-301
-532
-648
-603
-562
-554
-609
-652
-660
-624
-524
-460
-417
-417
-447
-421
-330
-204
-130
-118
-200
-351
-448
-522
-606
-719
-865
-1010
-1116
-1141
-1120
-1055
-974
-932
-915
-938
-971
-938
-901
-938
-1009
-1043
-968
-863
-776
-675
-562
-455
-425
-366
-344
-477
-622
-745
-901
-1158
-1304
-1363
-1538
-1634
-1583
-1438
-1394
-1278
-976
-850
-880
-852
-631
-624
-601
-227
-181
-293
-311
-265
-331
-396
126
777
1387
1895
2491
3200
3438
3888
4214
3858
3343
2923
2521
1696
1147
928
496
169
-19
87
68
99
444
463
256
101
255
306
193
429
570
583
718
1020
1207
1192
1392
1443
1189
890
648
462
169
-53
-202
-417
-554
-463
-326
-317
-248
-120
-59
-90
-48
17
-8
33
43
62
107
248
538
694
782
763
716
654
481
383
135
-147
-331
-488
-551
-591
-503
-413
-368
-355
-385
-324
-311
-303
-361
-510
-596
-621
-549
-519
-468
-391
-403
-421
-498
-562
-599
-643
-736
-912
-1007
-1031
-992
-919
-892
-881
-893
-907
-927
-964
-1002
-1046
-1108
-1165
-1149
-1096
-988
-793
-620
-541
-542
-489
-393
-359
-348
-492
-832
-1069
-1103
-1200
-1443
-1589
-1542
-1443
-1276
-1029
-899
-935
-913
-670
-604
-723
-485
-244
-240
-204
-81
23
-6
134
254
147
341
1091
1968
2434
2897
3386
3548
3751
3862
3645
3137
2600
2142
1480
814
502
527
395
219
244
112
115
404
525
305
123
171
155
182
326
529
740
901
1110
1152
1108
1225
1337
1144
736
443
170
-78
-188
-277
-437
-517
-412
-380
-374
-268
-104
-1
-61
-98
-170
-184
-24
187
353
437
653
787
791
832
756
643
462
255
-6
-260
-327
-345
-306
-322
-319
-267
-298
-229
-190
-279
-401
-509
-651
-820
-829
-770
-711
-637
-574
-520
-480
-402
-348
-392
-517
-608
-679
-782
-820
-828
-831
-860
-888
-919
-1014
-1017
-1011
-1082
-1196
-1332
-1375
-1331
-1150
-920
-721
-555
-395
-183
-134
-140
-114
-208
-443
-808
-1082
-1355
-1517
-1469
-1501
-1621
-1744
-1504
-1076
-688
-291
-206
-207
-342
-421
-323
-492
-482
-319
-182
-145
-120
155
241
316
227
113
370
740
1528
2159
2441
2784
3165
3565
3579
3559
3349
2868
2451
1870
1410
963
775
809
579
365
226
371
473
453
477
236
96
78
130
148
215
522
676
792
852
958
1132
1167
1188
920
519
208
18
-120
-323
-364
-413
-412
-343
-272
-121
-13
160
200
113
119
239
454
593
659
582
538
556
486
437
282
139
23
-122
-238
-306
-232
-161
-80
-104
-204
-168
-156
-154
-233
-417
-610
-781
-870
-957
-968
-907
-809
-685
-646
-598
-510
-448
-431
-470
-546
-634
-672
-680
-756
-855
-931
-1027
-1091
-1170
-1242
-1284
-1356
-1354
-1313
-1224
-1111
-958
-738
-637
-491
-325
-265
-227
-269
-341
-466
-606
-733
-909
-1085
-1239
-1288
-1256
-1206
-1045
-827
-740
-686
-688
-758
-753
-823
-781
-695
-618
-342
-78
201
319
413
481
290
191
-66
-162
54
414
1166
1799
2440
3011
3427
3794
3787
3757
3387
2844
2364
1680
1280
980
876
920
907
995
903
937
902
731
617
271
41
-170
-309
-225
-88
233
493
770
985
1036
1166
1130
1020
803
458
189
-51
-139
-177
-89
78
138
244
259
216
194
185
218
180
165
154
145
142
154
281
319
308
304
204
47
-103
-155
-262
-354
-361
-378
-335
-265
-110
16
31
13
-54
-194
-416
-526
-636
-814
-895
-959
-1017
-1043
-950
-830
-766
-705
-685
-676
-725
-709
-642
-675
-699
-729
-797
-922
-1023
-1050
-1124
-1198
-1282
-1357
-1395
-1366
-1240
-1153
-1051
-869
-643
-405
-213
-53
-25
-149
-369
-643
-865
-993
-977
-916
-924
-873
-760
-692
-616
-591
-631
-650
-603
-546
-624
-653
-639
-539
-342
-248
-23
118
234
452
419
311
169
160
230
418
948
1425
2003
2517
2789
3050
3085
3165
3141
2812
2446
2025
1717
1437
1322
1352
1240
1300
1291
1111
948
717
578
337
69
-87
-252
-262
-176
47
288
459
779
923
897
901
839
761
582
463
329
122
105
129
213
263
309
385
269
150
20
-103
-188
-164
67
195
275
403
483
443
410
408
189
-16
-132
-287
-438
-460
-328
-211
-48
98
212
254
214
235
71
-242
-502
-720
-965
-1134
-1076
-1062
-1036
-893
-814
-796
-781
-686
-631
-662
-697
-719
-740
-803
-754
-707
-793
-825
-847
-967
-1110
-1163
-1196
-1295
-1379
-1457
-1483
-1408
-1241
-970
-791
-655
-475
-417
-444
-501
-525
-566
-630
-676
-783
-843
-826
-620
-413
-389
-264
-226
-350
-456
-485
-610
-727
-608
-614
-590
-567
-567
-434
-452
-363
-243
-229
-376
-346
78
433
1221
2073
2622
3059
3282
3529
3448
3379
3360
3164
2870
2340
2055
1700
1506
1672
1681
1607
1324
1130
785
313
80
-205
-388
-567
-591
-578
-590
-224
152
476
688
807
864
730
692
603
492
456
438
462
370
357
457
507
516
472
336
64
-160
-279
-397
-370
-222
-114
-24
13
24
55
66
57
22
-60
-236
-354
-389
-430
-300
-92
79
215
288
277
184
108
-24
-192
-373
-611
-786
-910
-978
-969
-903
-835
-801
-765
-775
-780
-749
-719
-669
-618
-593
-601
-593
-588
-588
-589
-638
-743
-902
-1045
-1183
-1294
-1352
-1357
-1305
-1280
-1201
-1076
-951
-795
-652
-534
-533
-531
-529
-597
-622
-641
-590
-549
-516
-420
-417
-399
-359
-326
-362
-466
-439
-489
-475
-331
-272
-173
-80
86
153
128
162
59
93
208
429
787
1118
1591
1935
2179
2328
2379
2432
2307
2279
2155
1919
1817
1711
1692
1678
1758
1813
1748
1703
1507
1270
954
620
374
70
-148
-273
-363
-389
-328
-194
-102
-4
117
146
101
66
22
0
32
114
201
256
356
427
461
461
399
333
178
4
-153
-342
-482
-555
-550
-511
-429
-302
-226
-181
-154
-196
-288
-376
-439
-493
-529
-516
-474
-388
-266
-146
-30
53
104
105
16
-115
-238
-344
-451
-544
-593
-619
-612
-560
-509
-497
-478
-454
-456
-453
-459
-445
-411
-368
-333
-269
-189
-156
-85
-39
-95
-162
-216
-277
-349
-412
-515
-564
-500
-507
-492
-395
-335
-188
-33
-27
-39
-23
-26
-23
-15
-55
-7
109
89
47
12
-2
48
22
6
-2
-42
-51
-65
-78
-73
-9
57
90
123
154
257
308
332
411
409
405
414
387
352
334
325
284
254
231
234
260
283
351
417
449
503
546
534
514
513
514
485
458
444
394
380
409
447
460
449
462
438
436
461
499
546
536
543
522
494
480
461
443
361
293
196
76
-5
-81
-109
-156
-202
-247
-314
-338
-352
-348
-346
-328
-325
-369
-386
-415
-434
-427
-410
-391
-387
-368
-337
-305
-282
-225
-192
-200
-199
-195
-189
-184
-163
-168
-169
-141
-118
-79
-92
-112
-131
-190
-245
-293
-315
-328
-304
-250
-206
-142
-89
-33
6
-16
-53
-94
-147
-207
-251
-294
-320
-295
-240
-172
-109
-47
21
76
108
140
178
183
188
178
152
156
179
222
252
259
257
242
221
187
149
103
58
9
-35
-58
-59
-26
43
107
145
190
202
196
218
230
250
251
248
241
220
215
200
196
162
123
97
34
-15
-44
-62
-63
-63
-50
-50
-40
-9
-6
-16
-52
-89
-107
-147
-161
-153
-144
-102
-61
-16
26
90
152
186
228
234
244
254
212
191
183
186
206
228
249
224
198
166
109
75
30
-7
-49
-99
-106
-116
-100
-74
-64
-63
-105
-125
-152
-191
-189
-230
-267
-291
-308
-308
-319
-293
-274
-260
-236
-225
-210
-214
-164
-82
-49
20
81
111
144
164
181
166
142
125
88
41
-7
-1
0
-5
24
12
-9
-28
-48
-74
-125
-156
-183
-198
-190
-171
-130
-81
-4
74
125
163
180
185
177
161
145
119
106
110
115
122
158
215
247
246
227
184
141
113
57
-5
-59
-88
-79
-69
-59
-27
19
52
73
90
91
105
139
161
175
179
207
216
194
175
137
98
49
-2
-71
-152
-208
-255
-293
-337
-341
-317
-313
-273
-257
-260
-247
-232
-218
-237
-234
-232
-204
-165
-134
-55
-12
47
123
153
169
179
222
218
198
206
176
164
143
138
135
116
127
116
104
67
49
34
-31
-51
-74
-91
-92
-110
-119
-119
-87
-69
-59
-61
-83
-83
-92
-87
-86
-94
-80
-81
-82
-97
-91
-58
-38
8
52
76
108
145
171
188
203
201
199
197
178
161
138
98
65
35
4
-25
-51
-71
-90
-96
-93
-83
-66
-52
-27
-10
-14
0
13
5
33
31
13
77
115
100
122
59
-104
-76
-40
-92
43
73
15
131
189
162
196
127
-40
-48
-103
-203
-145
-115
-85
-38
-32
-64
-156
-150
-81
-132
-130
12
59
90
197
183
107
103
92
35
-6
-39
-54
-85
-158
-172
-157
-160
-165
-164
-176
-200
-143
-80
-83
-103
-116
-150
-204
-202
-184
-154
-75
7
80
145
198
212
190
127
69
52
49
89
140
174
202
230
259
252
237
200
135
72
19
-7
-33
-47
-54
-48
-39
-46
-31
-45
-81
-128
-174
-190
-229
-217
-198
-185
-90
-21
-11
24
30
-91
-55
23
-107
-48
20
-42
19
38
74
228
250
214
275
51
-230
-89
-104
-189
72
212
239
306
302
250
94
-7
10
-77
-148
-31
57
90
218
260
237
279
206
149
118
-17
-58
-62
-114
-118
-62
-24
-17
66
100
80
89
47
-21
-88
-114
-116
-108
-52
-6
33
52
57
59
17
-20
-85
-174
-226
-262
-266
-206
-125
-47
52
107
112
90
5
-73
-154
-241
-259
-228
-181
-81
48
115
170
190
127
47
-62
-179
-255
-309
-323
-267
-188
-120
-29
48
61
70
48
-26
-68
-106
-123
-103
-67
22
123
219
280
313
329
304
275
221
147
87
64
65
48
70
99
114
139
132
87
5
-54
-118
-198
-246
-275
-263
-237
-182
-128
-95
-54
-23
7
-22
-37
-26
-37
-28
-18
7
2
24
64
49
61
58
38
-1
-49
-70
-94
-69
-41
-5
38
68
134
156
164
171
164
138
93
96
64
49
90
116
134
143
182
191
169
161
120
77
19
4
2
-28
-4
7
-1
-30
-66
-80
-124
-137
-141
-143
-133
-101
-42
-24
19
46
43
67
71
52
13
-7
-22
-47
-51
-53
-63
-64
-48
-40
-44
-67
-81
-87
-135
-160
-148
-160
-171
-162
-166
-170
-124
-93
-65
-19
-14
4
3
-26
-31
-40
-37
-37
-41
-39
-32
-13
-6
1
18
47
76
81
93
108
109
130
143
157
165
160
193
195
189
215
230
235
215
204
187
150
123
98
90
52
26
21
-19
-35
-53
-67
-89
-141
-167
-209
-242
-254
-254
-234
-222
-202
-192
-164
-129
-115
-62
-27
-7
16
8
14
17
29
39
33
21
-18
-34
-55
-79
-84
-84
-60
-51
-32
18
53
90
119
129
115
110
119
100
98
102
107
144
173
200
225
231
230
213
160
99
54
-6
-57
-88
-121
-131
-121
-108
-91
-87
-92
-83
-93
-103
-106
-107
-86
-62
-37
0
37
71
98
111
111
95
57
16
-37
-94
-111
-122
-113
-79
-36
11
30
34
22
-24
-65
-100
-150
-180
-174
-160
-118
-54
8
77
106
105
104
62
36
22
-21
-38
-41
-40
-15
13
46
81
91
97
96
72
63
52
22
25
40
50
106
145
167
209
207
185
148
100
56
12
0
-2
-6
-9
-4
3
4
17
7
-24
-76
-140
-177
-213
-246
-272
-233
-182
-218
-186
-143
-205
-157
-59
-95
-89
3
33
69
94
52
51
51
41
67
34
7
35
22
-6
-34
-56
-42
-47
-57
-34
-22
-3
57
70
71
123
158
177
197
205
198
194
202
176
151
155
152
125
104
79
14
-46
-99
-150
-183
-190
-171
-179
-184
-153
-137
-119
-96
-86
-96
-97
-88
-90
-58
-11
35
83
117
126
118
113
75
30
-6
-48
-54
-48
-30
13
44
65
76
77
51
28
17
-36
-85
-116
-131
-123
-91
-46
-20
20
59
77
82
59
37
10
-34
-51
-40
-24
1
30
29
19
30
36
40
22
-2
-2
-14
-22
5
26
49
88
116
125
124
114
102
75
33
19
3
-11
1
7
14
5
-17
-37
-66
-91
-111
-142
-183
-203
-206
-210
-196
-189
-181
-170
-155
-134
-125
-94
-65
-50
-23
2
26
49
65
66
64
61
54
43
19
12
16
15
32
33
32
54
75
91
109
122
128
136
128
125
126
122
131
129
124
136
134
129
119
96
65
37
9
-34
-66
-78
-101
-116
-107
-107
-104
-79
-75
-85
-78
-86
-88
-84
-87
-69
-51
-26
7
28
58
84
86
73
59
42
36
35
11
-9
-20
-30
-22
-12
-18
-16
-11
-21
-33
-38
-55
-55
-38
-46
-49
-29
-21
-11
17
21
16
33
52
67
82
88
92
97
95
91
74
56
45
27
16
-5
-31
-36
-46
-54
-51
-50
-46
-37
-18
-4
6
17
20
13
3
11
7
10
29
41
47
53
58
43
31
25
6
-14
-34
-48
-69
-89
-103
-119
-126
-131
-121
-112
-103
-87
-90
-92
-87
-79
-73
-67
-45
-24
0
35
62
73
77
95
94
72
63
52
31
24
40
44
40
56
64
58
61
55
49
42
33
34
41
39
46
75
88
91
95
73
46
28
4
-34
-72
-96
-121
-138
-148
-168
-169
-138
-115
-96
-70
-50
-32
-11
7
9
21
48
68
76
79
77
80
92
87
78
75
57
40
38
30
28
47
59
63
67
72
61
52
45
22
20
12
-7
-11
-22
-53
-72
-81
-103
-108
-94
-83
-63
-41
-15
18
27
43
67
66
59
52
36
9
-10
-18
-27
-28
-26
-3
9
6
19
24
15
3
-6
-25
-50
-58
-55
-58
-42
-8
14
27
48
52
36
25
1
-23
-42
-52
-43
-42
-32
-7
-4
-14
-17
-28
-53
-67
-80
-89
-91
-98
-88
-81
-81
-58
-40
-32
-16
4
23
36
41
43
47
50
58
60
62
78
81
79
79
61
54
54
50
42
26
25
34
38
37
47
53
44
43
34
23
13
13
8
-20
-52
-80
-108
-129
-143
-147
-135
-118
-102
-65
-26
7
40
62
63
42
30
22
3
-7
9
25
39
61
64
66
73
68
75
77
72
74
74
72
76
89
109
131
134
134
134
107
79
48
-6
-55
-93
-124
-147
-152
-133
-107
-86
-69
-57
-54
-39
-28
-28
-24
-27
-30
-18
-14
-11
7
19
18
5
-7
-28
-55
-68
-77
-94
-99
-78
-66
-53
-25
-2
23
53
72
80
78
75
67
65
72
82
102
116
113
107
97
74
49
22
-20
-57
-82
-103
-110
-108
-98
-87
-83
-79
-90
-111
-123
-136
-150
-138
-118
-104
-68
-31
-13
8
34
49
54
62
68
67
68
86
91
84
91
94
87
77
64
42
19
2
-13
-24
-31
-26
-13
-4
5
18
23
11
1
-11
-41
-56
-62
-73
-72
-58
-43
-23
3
34
56
66
66
52
34
25
17
7
2
6
7
14
24
26
26
25
23
11
5
7
7
15
24
34
51
67
80
89
90
76
66
54
23
5
-13
-40
-52
-63
-71
-72
-64
-60
-54
-40
-26
-5
9
19
30
37
47
54
53
43
39
31
17
5
-13
-29
-43
-63
-81
-93
-99
-97
-94
-89
-87
-77
-57
-42
-33
-23
-14
-7
-1
4
19
31
51
74
72
65
59
48
33
18
3
-13
-23
-34
-37
-36
-36
-26
-32
-42
-52
-70
-79
-89
-97
-88
-76
-63
-44
-26
-4
23
42
51
59
60
63
67
63
63
60
57
57
49
40
36
22
1
-14
-39
-62
-64
-59
-47
-22
4
23
40
53
54
55
46
32
21
11
4
6
17
25
37
55
65
67
71
67
52
32
19
-2
-23
-34
-44
-47
-43
-38
-33
-27
-25
-23
-25
-31
-40
-39
-33
-27
-12
11
33
55
77
89
89
85
74
46
13
-13
-37
-56
-61
-61
-65
-61
-46
-35
-28
-19
-9
-6
-11
-4
8
12
30
55
73
82
95
105
95
81
66
41
11
-6
-18
-29
-31
-24
-21
-24
-24
-25
-31
-32
-29
-27
-26
-17
3
19
37
60
76
71
67
56
28
7
-13
-41
-62
-73
-77
-73
-67
-61
-51
-53
-62
-75
-94
-113
-118
-117
-113
-95
-73
-47
-18
3
18
29
32
31
22
12
11
13
20
34
44
49
55
52
33
15
-3
-26
-42
-61
-77
-78
-71
-53
-26
3
29
60
75
78
81
79
75
69
61
55
51
51
62
68
69
75
73
56
38
22
7
-4
-13
-16
-17
-21
-16
-15
-24
-26
-30
-35
-38
-38
-35
-28
-24
-21
-20
-17
-9
-2
7
17
24
33
35
30
22
8
2
-6
-16
-22
-20
-23
-23
-25
-30
-29
-26
-21
-17
-10
-5
6
22
36
49
63
74
78
79
80
76
67
58
45
29
13
0
-11
-25
-31
-32
-36
-30
-25
-19
-10
2
12
20
27
33
37
35
36
27
14
4
-9
-28
-46
-58
-66
-72
-77
-80
-83
-87
-87
-85
-90
-91
-84
-76
-64
-48
-27
-8
11
28
43
50
51
58
57
54
56
57
59
61
67
72
75
71
70
62
42
17
-11
-44
-70
-80
-85
-83
-75
-62
-41
-24
-11
2
6
3
0
-5
-16
-19
-13
-8
2
13
23
37
48
48
41
33
18
5
-6
-18
-26
-22
-11
-1
11
18
22
15
0
-14
-37
-54
-64
-72
-72
-71
-61
-43
-19
1
20
32
28
23
20
9
3
3
2
0
6
6
7
11
12
14
14
14
11
16
21
27
37
48
62
75
83
88
87
85
89
86
79
74
64
53
41
30
15
1
-13
-31
-46
-57
-61
-53
-42
-27
-9
5
13
19
19
17
13
4
-7
-21
-34
-40
-36
-31
-24
-22
-27
-36
-45
-56
-62
-65
-71
-70
-70
-66
-57
-48
-36
-23
-15
-9
-5
-7
-10
-10
-11
-9
-1
5
9
18
23
29
35
34
27
14
-6
-24
-34
-42
-40
-35
-35
-31
-30
-26
-17
-15
-21
-26
-32
-41
-42
-37
-29
-16
-7
3
9
8
8
7
1
-8
-8
-8
-12
-8
-3
6
17
29
44
47
45
43
35
22
15
9
-1
-3
-6
0
9
9
14
13
4
1
-1
-2
2
12
23
38
53
61
74
72
64
57
36
22
5
-15
-22
-26
-24
-11
2
5
5
8
6
10
12
13
33
30
35
60
62
66
68
57
49
38
37
38
24
10
-2
-25
-61
-74
-82
-81
-75
-60
-31
-33
-27
-14
-26
-44
-42
-58
-64
-69
-79
-57
-64
-42
-22
-40
-48
-66
-76
-89
-80
-72
-86
-68
-52
-48
-7
9
-7
17
27
24
36
20
27
24
7
55
87
59
59
98
64
22
28
14
-2
-5
22
153
178
506
1332
1238
858
1101
681
73
-75
-473
-746
-720
-779
-560
-263
-135
130
113
-275
-416
-468
-725
-839
-707
-614
-463
-148
54
115
171
172
12
-158
-227
-243
-178
-96
-50
42
187
259
292
262
147
77
37
-62
-110
-97
-56
140
236
171
259
365
276
182
164
119
71
70
123
113
324
884
1068
921
972
793
355
14
-381
-681
-733
-752
-620
-204
72
311
589
286
-150
-266
-590
-899
-867
-809
-631
-246
56
217
339
308
116
-138
-412
-596
-544
-390
-303
-78
190
311
405
386
178
13
-43
-174
-245
-154
-46
92
250
289
257
261
225
89
-32
-124
-209
-161
-100
-112
11
164
161
167
149
6
-32
-22
-94
-105
-70
18
111
128
169
178
185
201
97
10
38
55
86
132
108
158
236
190
119
41
-33
-71
-110
-141
-132
-57
18
42
61
21
-61
-111
-174
-286
-332
-291
-249
-168
-120
-94
-16
-20
-101
-161
-195
-214
-169
-120
-115
-29
101
161
151
138
140
86
47
33
-8
-14
32
56
37
41
68
104
85
26
64
119
102
107
141
149
159
196
200
135
99
102
64
11
-17
-24
-28
-21
-31
-36
-12
3
27
-18
-107
-124
-142
-180
-178
-118
-56
4
91
139
140
136
105
37
-46
-130
-165
-129
-103
-55
36
107
149
119
38
-46
-170
-264
-309
-323
-256
-155
-72
22
62
53
69
39
-36
-58
-44
-23
1
50
109
138
176
195
156
125
92
47
21
-25
-20
32
17
51
116
77
54
43
-50
-104
-110
-124
-93
-55
-30
7
40
56
35
-13
-60
-91
-111
-103
-83
-49
-6
7
16
45
64
47
15
-34
-79
-80
-81
-93
-68
-59
-48
-23
-20
-15
-3
-7
-33
-38
-18
-15
-4
11
12
34
60
94
120
116
124
130
115
91
66
39
7
5
41
32
12
24
0
-26
-44
-63
-59
-58
-46
-30
-36
-10
16
-17
-33
-39
-50
-32
-2
34
57
52
62
55
17
-9
-41
-74
-81
-65
-42
-12
20
35
32
42
45
25
16
17
29
51
70
72
59
41
27
16
-11
-47
-71
-63
-57
-59
-53
-60
-57
-59
-78
-55
-15
-3
4
22
26
14
10
1
-13
-24
-18
-24
-40
-13
2
11
33
38
42
55
66
71
66
68
76
56
23
-11
-42
-42
-44
-28
-1
-16
0
-1
-39
-26
-50
-88
-87
-83
-70
-61
-19
17
3
18
47
39
21
-6
-35
-48
-47
-50
-58
-34
-1
9
15
-4
-1
25
16
20
26
32
55
47
55
70
71
88
77
79
92
83
119
135
130
143
142
128
82
61
53
6
-7
-17
-34
-27
-33
-23
-29
-67
-73
-85
-89
-90
-122
-99
-92
-85
-48
-60
-22
-16
-60
-21
-28
-46
-29
-48
-31
-32
-55
-51
-78
-82
-69
-64
-33
-31
-46
-33
-35
-12
4
-10
19
27
20
33
34
41
37
30
37
32
20
34
33
-5
-10
4
-18
-40
-31
-14
13
27
32
39
23
23
20
-11
-6
11
8
16
27
36
37
30
32
2
-16
-14
-26
2
32
54
80
81
65
36
-1
-18
-36
-58
-57
-56
-42
-4
10
-1
-18
1
128
308
463
590
655
609
532
495
381
247
260
242
95
52
45
-84
-127
-95
-241
-375
-352
-464
-631
-632
-654
-701
-615
-558
-561
-490
-432
-420
-362
-305
-239
-101
-3
27
118
200
195
264
359
349
404
508
458
405
450
390
295
308
231
78
68
52
-68
-94
-71
-137
-167
-161
-231
-277
-282
-317
-329
-316
-295
-240
-185
-161
-132
-77
-42
-22
25
23
7
68
82
66
139
172
152
196
227
197
207
231
167
126
152
103
73
96
42
14
37
19
-1
-32
-88
-113
-131
-173
-171
-127
-114
-131
-102
-82
-101
-42
2
-21
8
45
30
32
51
33
28
57
59
79
107
106
105
91
66
58
70
74
61
74
76
56
70
54
0
5
-3
-25
-1
0
-2
36
43
38
47
33
9
-19
-50
-72
-57
-37
-37
-8
30
31
36
49
25
-12
-17
-40
-86
-86
-80
-81
-38
-14
-29
-3
22
-3
-7
-2
-27
-32
-11
0
13
44
49
40
52
45
29
23
-4
-22
-13
-14
-26
3
7
-27
6
14
-42
-31
-26
-81
-73
-56
-92
-70
-27
-47
-30
12
-9
9
51
24
28
63
42
44
59
48
72
82
56
49
43
13
-22
-36
-73
-112
-77
-78
-110
-49
-8
-36
-24
-7
-29
-26
-14
-24
3
23
4
48
82
49
72
94
50
66
93
41
38
69
19
-4
37
20
5
47
26
-2
16
-13
-39
-27
-37
-44
-27
-36
-52
-30
-34
-61
-26
-8
-39
-11
14
-25
-20
6
-21
-11
40
35
33
70
46
18
26
-8
-25
-22
-58
-69
-39
-39
-37
-8
-10
-32
-7
0
-27
-5
2
-28
-4
6
-27
5
36
17
35
48
13
3
11
-12
-17
11
13
24
51
28
6
32
31
31
50
9
-30
-25
-50
-74
-53
-29
-32
-22
3
-15
-22
-8
-36
-38
-14
-35
-26
-4
-32
-20
24
-1
-13
14
-11
-26
-17
-26
-9
22
35
54
62
50
40
45
56
52
66
78
50
55
48
-5
9
33
13
39
58
19
18
42
14
6
37
34
30
47
39
37
58
43
15
30
13
-17
-4
-28
-61
-36
-36
-48
-14
-6
-29
-16
-7
-46
-57
-41
-64
-61
-29
-46
-49
-7
-15
-30
-5
-25
-56
-43
-75
-106
-73
-71
-77
-42
-31
-25
0
1
-4
17
15
-16
-9
4
-16
16
56
28
47
84
39
20
36
1
5
35
6
13
70
56
39
68
37
0
14
-22
-62
-49
-60
-64
-20
-9
-1
34
18
-6
9
-12
-49
-23
5
-19
-6
46
35
31
73
68
61
78
47
3
-18
-26
-25
-16
-3
-8
-5
-2
-29
-37
-31
-50
-55
-63
-79
-51
-42
-61
-36
-8
-17
3
16
-20
-19
1
-18
6
65
66
76
107
99
98
104
84
70
61
20
-4
1
-15
-6
36
31
20
37
15
-15
-6
-16
-35
-17
-25
-51
-29
-22
-30
4
12
-12
-10
-28
-73
-85
-90
-102
-85
-60
-56
-27
0
-12
4
26
2
2
12
-24
-49
-35
-27
-23
9
21
9
10
-4
-39
-34
-15
-29
-30
-15
-22
-21
20
30
26
43
35
28
43
35
24
49
46
19
25
30
29
42
51
39
38
50
32
3
2
-2
-11
13
19
10
26
17
-8
6
14
9
28
41
10
-7
4
-13
-34
-20
-19
-38
-23
-11
-36
-36
-34
-61
-54
-36
-49
-38
-25
-51
-42
-27
-43
-5
29
18
33
50
41
44
47
38
30
28
25
1
-16
-19
-37
-40
-30
-40
-35
-30
-53
-56
-35
-18
7
23
15
12
13
11
13
16
28
38
38
47
57
62
72
74
61
49
46
28
1
-8
-13
-11
9
27
37
30
11
-10
-38
-67
-73
-69
-62
-36
-13
11
46
50
40
31
-3
-38
-53
-72
-78
-61
-52
-38
-15
-17
-23
-14
-32
-51
-45
-45
-41
-24
-6
14
39
58
65
60
64
62
56
69
70
61
63
56
43
40
29
18
19
14
4
3
-4
-15
-12
-24
-29
-13
-16
-22
-18
-25
-41
-49
-58
-65
-60
-62
-51
-36
-28
-9
4
2
-3
-22
-38
-39
-44
-28
-3
4
18
20
2
2
0
-17
-31
-33
-18
-13
-1
37
55
66
85
80
57
53
60
49
50
67
70
68
60
44
36
16
5
3
-22
-23
-3
1
7
24
29
31
39
41
35
30
32
32
18
5
-10
-24
-30
-41
-29
-8
-2
10
11
-20
-36
-38
-63
-72
-62
-55
-41
-26
-18
-16
-6
5
-7
-21
-27
-28
-31
-44
-40
-10
7
18
33
44
41
40
35
0
-20
-13
-21
-42
-35
-27
-43
-40
-36
-52
-48
-42
-55
-54
-46
-33
-6
12
18
29
34
34
50
54
40
40
41
24
14
22
24
21
26
10
-17
-33
-50
-68
-72
-61
-47
-29
-12
6
24
34
44
44
39
33
26
23
13
9
6
-1
10
18
17
33
44
31
20
18
15
15
24
30
24
11
-1
-7
-10
-12
-9
-7
-8
-5
-1
10
16
13
0
-21
-40
-49
-50
-42
-20
2
20
39
45
45
54
57
42
31
18
-5
-16
-20
-20
-8
-2
3
10
7
3
4
1
-8
-18
-29
-39
-42
-45
-50
-59
-65
-67
-75
-73
-64
-56
-50
-46
-46
-38
-19
1
24
51
73
82
75
78
85
88
93
82
65
44
15
-11
-24
-37
-39
-31
-41
-43
-29
-24
-23
-11
-2
-2
-6
-13
-32
-43
-39
-50
-55
-48
-47
-45
-35
-28
-20
-6
-3
1
10
0
-7
-3
-13
-28
-30
-27
-30
-23
-22
-32
-38
-41
-42
-32
-11
7
19
24
30
41
56
69
68
61
56
41
34
37
33
38
38
19
9
7
4
9
21
26
25
25
23
27
28
30
35
30
20
5
-7
-10
-14
-11
-2
-4
1
16
28
44
50
50
49
26
0
-3
-10
-27
-34
-50
-65
-66
-64
-64
-48
-45
-52
-39
-35
-30
-4
11
13
27
26
22
42
53
53
55
45
22
9
0
-10
-16
-18
-27
-33
-26
-13
25
62
78
77
61
39
25
14
4
-2
-6
-19
-24
-4
17
39
67
60
41
40
37
41
66
74
71
83
84
76
90
106
106
102
80
54
47
34
22
23
10
1
0
-9
-9
-1
15
19
12
21
32
28
41
46
17
2
-3
-24
-28
-14
-16
-20
-27
-51
-64
-67
-71
-71
-80
-103
-110
-119
-128
-120
-119
-118
-110
-113
-115
-99
-81
-66
-66
-66
-55
-55
-47
-25
-15
1
31
43
47
54
50
36
24
5
-16
-19
-20
-12
2
3
5
6
-8
-14
-17
-22
-25
-28
-25
-22
-13
4
4
-2
0
-6
-15
-9
2
14
31
39
38
31
28
15
7
-3
-17
-17
-19
-17
-4
2
6
12
11
8
3
5
0
-10
-13
-12
-15
-11
1
4
12
23
28
29
34
40
45
54
64
72
75
73
67
57
40
31
29
23
23
23
18
13
5
-6
-15
-21
-34
-45
-47
-52
-50
-45
-48
-53
-43
-35
-31
-17
-16
-19
-10
-14
-22
-15
-13
-10
6
21
28
42
48
44
39
29
23
21
20
17
21
21
6
-3
-12
-23
-28
-25
-25
-30
-25
-18
-17
-6
3
8
13
3
-5
-18
-31
-22
-9
-4
8
9
3
5
-8
-17
-18
-26
-28
-21
-19
-16
-1
13
20
26
36
46
47
45
35
26
17
3
-7
-13
-17
-16
-8
-8
-14
-15
-22
-44
-61
-68
-75
-68
-52
-37
-16
4
7
1
-8
-19
-19
-16
-11
2
21
36
44
47
40
38
35
28
26
21
17
25
21
13
12
1
-10
-20
-26
-33
-37
-35
-38
-37
-30
-28
-29
-29
-34
-37
-33
-35
-37
-31
-21
-8
8
19
22
32
45
42
38
39
31
27
26
22
22
28
33
25
16
1
-14
-17
-26
-33
-31
-32
-34
-30
-31
-32
-33
-36
-45
-48
-39
-32
-17
-7
-6
7
14
12
9
8
10
15
18
24
34
48
68
81
84
80
77
72
58
52
48
44
44
40
38
38
31
28
19
0
-12
-26
-34
-41
-41
-35
-34
-34
-30
-30
-22
-13
-18
-19
-17
-15
-5
2
5
11
18
26
27
28
27
20
14
1
-7
-15
-17
-6
-6
-8
-9
-16
-25
-30
-34
-32
-37
-40
-34
-39
-35
-23
-23
-19
-15
-14
-15
-17
-14
-9
0
10
17
23
27
31
38
35
33
41
40
41
45
44
47
46
49
43
37
37
29
23
23
16
17
21
17
24
25
16
7
1
-6
-10
-8
-14
-21
-19
-29
-38
-32
-31
-29
-19
-19
-20
-15
-12
-8
-3
-3
-1
0
4
8
11
20
22
22
17
9
6
2
-3
-3
-7
-8
-6
-10
-11
-10
-5
-6
-10
-9
-10
-13
-13
-20
-27
-27
-30
-30
-29
-28
-23
-19
-21
-19
-12
-7
1
4
3
1
0
0
-3
-3
-5
-11
-14
-19
-21
-20
-23
-25
-32
-44
-53
-59
-63
-60
-51
-44
-34
-24
-20
-16
-5
-4
-9
-5
-10
-10
1
6
15
28
35
43
43
38
37
36
31
29
30
37
48
51
53
53
51
48
44
42
40
38
40
36
35
39
43
51
49
46
44
33
23
12
0
-5
-11
-10
-12
-16
-15
-15
-18
-24
-35
-46
-55
-68
-76
-77
-70
-58
-49
-40
-30
-23
-17
-17
-19
-20
-19
-19
-17
-11
-3
4
11
7
3
-4
-11
-14
-16
-13
-5
2
3
5
6
4
1
-5
-9
-10
-10
-1
9
13
20
26
25
24
21
18
20
20
21
25
31
34
37
34
26
17
9
-1
-6
-5
-9
-11
-10
-17
-16
-7
-7
-7
1
2
1
2
-1
-7
-9
-13
-23
-25
-31
-36
-35
-39
-40
-34
-26
-23
-8
1
7
18
20
17
19
22
17
16
22
22
23
27
22
21
17
6
-1
-10
-21
-23
-18
-19
-18
-7
-3
-1
8
8
7
14
14
12
21
25
26
30
31
24
25
23
13
15
10
5
9
8
4
10
10
3
-3
-5
-13
-16
-12
-16
-16
-12
-11
-10
-5
-7
-9
-11
-14
-15
-15
-10
-7
-3
3
0
4
6
1
7
6
1
3
-1
-3
-2
-2
2
1
2
3
0
8
10
10
17
16
20
26
29
35
35
37
41
34
40
38
36
38
29
28
27
25
28
28
28
27
20
18
10
2
2
-5
-8
-9
-13
-10
-9
-8
-7
-12
-15
-23
-31
-32
-40
-38
-36
-41
-36
-41
-42
-41
-47
-44
-49
-50
-43
-42
-35
-32
-30
-26
-29
-28
-29
-31
-24
-24
-22
-9
-6
5
14
11
15
14
12
11
8
14
10
11
15
11
21
28
29
37
33
29
27
22
23
20
21
22
16
17
21
20
25
22
17
17
10
14
15
14
17
16
16
13
12
18
15
18
17
10
10
6
2
-1
-4
-3
-6
-7
-2
0
4
5
0
-5
-10
-16
-22
-24
-26
-29
-31
-36
-40
-44
-47
-51
-54
-54
-55
-49
-44
-37
-26
-16
-7
1
10
13
17
21
22
25
28
29
32
33
30
27
21
14
6
-6
-14
-23
-31
-36
-39
-39
-41
-38
-35
-33
-27
-23
-19
-12
-7
2
13
23
34
39
45
46
48
50
45
46
45
44
43
43
38
35
35
22
13
2
-10
-17
-22
-26
-27
-24
-23
-21
-17
-18
-19
-18
-26
-31
-31
-34
-32
-28
-25
-19
-10
-5
-2
2
3
1
2
1
-3
-2
3
3
6
11
11
16
15
15
13
11
9
4
5
2
2
6
5
3
3
-3
-4
-4
-10
-8
-8
-6
-3
0
3
4
5
6
2
2
5
5
9
13
17
22
25
25
21
17
13
7
1
-6
-12
-15
-19
-21
-20
-23
-22
-21
-27
-27
-31
-33
-30
-30
-24
-19
-12
-5
0
5
6
4
2
-2
-3
-2
0
8
15
19
23
25
20
18
17
15
15
18
19
21
26
25
24
19
12
3
-3
-9
-9
-4
-1
5
11
10
8
8
2
-1
-2
-3
-1
4
10
15
20
21
18
15
11
8
8
11
13
17
22
24
24
23
19
15
11
4
1
0
-5
-3
-2
-6
-8
-10
-16
-20
-19
-23
-23
-21
-21
-18
-13
-9
-4
0
3
4
5
5
5
7
6
7
9
10
8
7
7
2
-3
-7
-14
-17
-18
-19
-19
-16
-15
-16
-15
-17
-21
-20
-22
-21
-14
-12
-4
5
10
15
17
16
11
10
8
8
11
14
18
23
27
27
25
22
15
13
8
4
4
6
5
10
11
9
12
11
8
5
1
0
-2
1
2
4
9
10
11
8
5
5
3
-1
-2
-3
-3
-1
-1
0
1
1
-1
-5
-7
-9
-10
-10
-11
-10
-10
-12
-11
-13
-14
-14
-15
-15
-17
-17
-17
-17
-17
-17
-17
-16
-16
-14
-11
-13
-10
-8
-9
-7
-6
-3
-2
1
0
2
3
2
0
0
0
1
2
4
6
8
9
10
10
6
5
4
4
5
9
14
19
23
24
24
23
21
16
11
5
0
-2
-6
-7
-8
-10
-13
-16
-22
-26
-27
-28
-27
-27
-22
-19
-14
-7
-1
2
7
9
10
11
14
15
15
18
14
14
11
7
3
-1
-7
-12
-15
-19
-20
-20
-22
-23
-25
-26
-26
-26
-21
-18
-12
-5
3
12
20
25
32
36
39
42
46
48
49
52
49
48
44
38
33
27
19
12
6
1
-5
-11
-14
-20
-22
-27
-33
-34
-36
-37
-36
-34
-31
-30
-27
-25
-25
-21
-22
-19
-16
-13
-8
-6
-1
2
5
8
8
8
4
2
2
-1
-2
-3
-6
-5
-7
-7
-7
-7
-5
-7
-6
-5
-6
-4
-2
0
3
4
7
9
11
15
16
16
16
15
16
14
17
15
15
18
16
17
16
14
13
8
4
2
0
-2
-2
-4
-7
-10
-14
-16
-20
-23
-23
-25
-26
-27
-28
-26
-25
-25
-23
-24
-23
-22
-20
-13
-11
-5
-2
0
3
4
6
9
10
11
13
15
17
19
20
19
15
14
10
9
8
7
7
7
9
8
8
6
6
6
3
4
3
4
6
9
13
14
15
14
14
13
12
12
10
6
6
4
4
3
2
1
-2
-3
-5
-6
-6
-6
-7
-7
-7
-6
-4
-4
-4
-3
-6
-6
-8
-8
-7
-8
-6
-8
-7
-8
-9
-8
-7
-5
-3
-3
0
1
3
7
9
12
14
15
17
19
21
22
22
22
20
18
15
13
11
6
6
2
-1
-3
-5
-9
-13
-15
-19
-22
-23
-24
-24
-23
-22
-22
-21
-19
-19
-19
-19
-19
-20
-20
-20
-19
-17
-15
-13
-12
-11
-10
-8
-7
-5
-2
0
3
7
12
15
19
25
28
30
32
34
34
34
34
33
34
32
31
29
25
22
16
15
11
7
6
4
4
4
4
8
8
11
12
14
15
17
18
17
18
18
19
19
18
16
13
8
2
-1
-6
-10
-15
-20
-22
-27
-27
-31
-35
-37
-40
-42
-43
-42
-40
-38
-34
-31
-30
-25
-23
-20
-19
-17
-14
-14
-11
-9
-6
-5
-2
0
0
1
2
3
3
3
4
5
4
6
5
5
7
7
7
8
6
6
5
3
3
3
2
2
2
0
0
-2
-6
-7
-8
-11
-11
-11
-12
-10
-10
-10
-10
-13
-13
-15
-15
-15
-16
-13
-14
-12
-10
-8
-6
-4
-3
-1
5
7
11
13
15
17
19
23
25
30
31
33
34
34
34
32
31
28
26
25
21
21
18
16
14
10
6
3
-1
-3
-3
-4
-4
-4
-2
-3
-3
-3
-5
-3
-3
-1
0
4
7
9
12
11
11
10
9
7
4
2
0
-4
-6
-9
-12
-16
-21
-24
-28
-32
-34
-36
-38
-39
-37
-36
-34
-31
-29
-27
-24
-21
-18
-15
-11
-7
-3
1
6
11
15
20
22
24
26
27
28
26
