SAMPLES:	18703
BITSPERSAMPLE:	16
CHANNELS:	1
SAMPLERATE:	16000
NORMALIZED:	FALSE
30
28
25
21
20
17
15
12
9
7
1
-3
-9
-14
-18
-21
-24
-25
-26
-27
-28
-32
-30
-32
-30
-29
-29
-27
-24
-22
-20
-19
-17
-16
-16
-11
-8
-4
-1
1
2
5
4
6
5
6
7
7
9
8
8
8
5
2
1
-2
-2
-2
-1
-2
-4
-4
-8
-9
-10
-11
-11
-11
-12
-9
-8
-8
-6
-6
-6
-4
-3
0
5
5
9
11
13
15
16
19
20
21
23
23
25
24
23
24
22
23
21
19
19
15
15
12
9
8
6
4
4
2
0
0
-2
-2
-3
-2
0
-1
0
-1
-2
0
-1
1
1
0
1
0
0
-1
-3
-2
-3
-2
-4
-5
-4
-5
-4
-6
-8
-10
-13
-14
-14
-15
-16
-15
-17
-17
-17
-16
-17
-16
-14
-15
-10
-10
-6
-3
0
3
6
9
13
18
20
27
29
33
35
39
40
43
44
45
45
45
44
41
40
38
35
33
29
26
23
19
16
13
10
7
3
0
-5
-7
-10
-13
-16
-17
-19
-21
-22
-22
-24
-25
-25
-28
-28
-28
-30
-30
-30
-32
-30
-32
-32
-33
-32
-32
-32
-29
-27
-24
-23
-21
-18
-18
-18
-15
-14
-13
-10
-9
-7
-6
-6
-6
-8
-10
-9
-12
-12
-14
-15
-15
-18
-18
-21
-22
-22
-23
-22
-22
-21
-19
-17
-16
-13
-12
-9
-8
-4
1
4
10
13
17
18
21
23
27
30
31
34
34
36
36
36
37
34
33
32
30
28
25
22
20
16
12
8
6
3
1
-2
-4
-5
-6
-6
-10
-8
-9
-9
-8
-9
-7
-7
-7
-7
-7
-7
-7
-8
-10
-9
-11
-12
-12
-13
-15
-14
-15
-18
-18
-20
-19
-19
-18
-17
-17
-16
-15
-14
-12
-11
-10
-8
-7
-4
-3
-2
-1
0
1
2
3
5
7
8
12
11
14
15
16
20
20
23
24
26
25
27
28
27
27
25
24
24
23
23
22
22
20
17
18
15
15
13
13
13
11
11
8
8
6
5
4
3
2
3
2
0
0
-4
-3
-5
-6
-7
-9
-8
-10
-10
-11
-12
-11
-15
-15
-17
-17
-17
-19
-17
-19
-19
-19
-19
-19
-19
-19
-18
-16
-15
-12
-10
-8
-6
-6
-4
-3
-1
0
1
2
3
5
7
7
7
7
7
6
7
6
7
8
7
8
6
6
5
3
4
2
1
3
1
2
-1
-3
-4
-5
-5
-6
-4
-4
-4
-3
-5
-4
-4
-4
-4
-4
-2
0
1
3
3
4
5
6
6
7
7
8
11
11
13
13
13
14
14
15
13
15
17
16
17
16
17
15
13
14
12
12
10
9
8
6
5
2
1
-2
-5
-8
-11
-10
-13
-12
-13
-13
-14
-16
-15
-17
-17
-17
-15
-16
-14
-14
-13
-11
-12
-11
-11
-8
-6
-5
-3
-2
1
1
4
4
5
5
5
7
7
9
9
10
11
10
9
8
6
7
6
6
5
4
3
2
-1
-3
-4
-6
-8
-9
-9
-11
-12
-14
-15
-16
-18
-21
-21
-20
-21
-18
-19
-17
-17
-15
-13
-12
-9
-7
-3
0
2
6
8
10
13
13
17
16
18
19
18
20
20
20
22
19
18
18
16
17
15
15
14
13
13
11
11
8
6
5
4
3
2
2
0
-2
-2
-6
-7
-9
-11
-10
-11
-10
-10
-10
-11
-11
-11
-12
-12
-12
-11
-10
-10
-9
-8
-10
-10
-10
-12
-11
-13
-13
-14
-13
-12
-12
-10
-11
-11
-11
-10
-9
-6
-3
-1
2
4
6
7
9
10
12
14
17
18
19
21
21
21
20
18
17
17
16
16
17
14
15
13
13
12
9
10
9
11
11
12
10
10
8
5
4
1
0
-2
-3
-5
-6
-8
-10
-13
-16
-19
-22
-23
-22
-22
-21
-21
-22
-22
-24
-25
-25
-26
-23
-23
-22
-20
-21
-21
-22
-25
-25
-26
-26
-26
-26
-25
-24
-22
-22
-21
-22
-21
-18
-18
-15
-10
-8
-4
-1
1
3
5
7
9
13
15
18
19
19
21
21
21
20
20
23
23
24
24
25
24
23
23
21
21
22
22
23
23
23
24
22
20
18
16
14
14
13
12
12
11
10
8
6
3
2
0
0
-1
-2
-2
-3
-4
-8
-7
-8
-12
-12
-13
-13
-13
-13
-13
-13
-13
-14
-12
-12
-12
-10
-9
-8
-7
-6
-3
-3
-1
0
0
1
1
3
3
3
2
1
2
0
1
-1
-2
-1
-2
-2
-3
-3
-4
-5
-6
-6
-7
-6
-6
-7
-6
-7
-5
-7
-8
-7
-10
-9
-10
-9
-9
-10
-10
-9
-10
-10
-10
-11
-10
-11
-9
-9
-8
-8
-6
-5
-4
-4
-2
-2
0
2
4
6
8
10
12
13
15
18
17
19
20
20
23
22
23
24
23
25
22
23
21
20
21
19
19
17
16
16
13
13
12
12
12
11
12
11
12
11
9
10
8
9
6
6
6
4
3
3
1
0
-2
-5
-5
-8
-8
-10
-9
-10
-10
-10
-10
-9
-9
-7
-6
-4
-2
0
1
3
4
3
4
3
3
4
3
4
3
2
0
-3
-4
-6
-7
-8
-9
-8
-9
-9
-10
-10
-10
-9
-7
-7
-6
-4
-3
-2
0
0
0
1
-1
1
-1
0
0
-1
0
-2
-3
-4
-5
-6
-6
-6
-4
-4
-4
-2
-2
0
3
3
6
9
11
13
15
17
18
19
20
20
20
21
19
19
19
18
17
15
14
12
10
9
9
6
7
6
4
3
1
1
-1
-2
-4
-6
-8
-8
-10
-11
-11
-14
-13
-15
-16
-15
-16
-15
-16
-14
-13
-13
-10
-10
-8
-7
-6
-6
-4
-4
-2
-3
-3
-4
-6
-5
-8
-8
-11
-11
-14
-15
-15
-16
-14
-18
-15
-16
-13
-13
-12
-9
-9
-6
-5
-3
-3
-1
1
2
0
4
3
3
4
2
4
2
2
1
-1
-1
-1
-1
-2
-1
-2
-1
-1
-2
-2
-2
-2
0
1
1
1
2
3
3
5
5
7
10
11
15
16
18
22
22
24
25
26
26
27
27
28
27
25
25
23
21
18
16
12
9
9
4
3
1
-1
-1
-4
-6
-7
-7
-7
-4
-5
-5
-3
-4
-2
-3
-3
-1
-1
0
1
-1
-2
-3
-5
-5
-7
-7
-9
-8
-11
-11
-11
-11
-11
-11
-10
-10
-9
-9
-8
-7
-7
-6
-5
-6
-4
-5
-4
-3
-3
0
-1
0
0
1
0
0
0
3
2
3
4
5
5
5
6
3
4
3
2
0
-2
-3
-6
-9
-12
-15
-18
-21
-22
-23
-25
-26
-26
-27
-25
-26
-25
-23
-23
-19
-17
-14
-12
-11
-9
-8
-7
-7
-7
-6
-7
-7
-7
-7
-9
-9
-10
-11
-10
-10
-8
-10
-8
-7
-6
-5
-3
0
2
4
6
6
6
8
8
8
8
7
6
5
3
3
1
-2
-4
-6
-7
-7
-8
-8
-8
-8
-7
-5
-5
-4
-3
-1
0
1
2
4
4
5
6
6
7
7
7
6
6
5
5
6
7
7
8
9
9
10
12
12
15
16
16
19
17
20
20
20
20
19
20
19
19
17
16
15
13
12
11
9
9
7
6
5
2
4
1
1
1
-2
-1
-3
-2
-2
-2
-2
-2
-2
-2
-3
-2
-2
-2
-1
0
1
0
-1
-1
-3
-1
-3
-3
-2
-4
-4
-5
-5
-7
-7
-7
-8
-7
-9
-9
-7
-9
-7
-7
-7
-6
-6
-7
-7
-7
-7
-7
-9
-8
-10
-12
-12
-13
-14
-16
-16
-18
-18
-19
-21
-19
-18
-18
-17
-18
-17
-17
-15
-14
-12
-11
-9
-9
-7
-4
-5
-2
0
2
3
4
4
5
8
10
11
12
14
13
15
16
16
17
18
18
19
18
19
21
20
22
22
23
23
22
22
22
21
23
23
22
21
19
20
19
19
20
18
17
16
14
13
10
11
9
8
7
5
4
2
0
-1
-3
-5
-6
-10
-10
-13
-15
-17
-20
-20
-23
-24
-26
-28
-27
-28
-26
-26
-26
-26
-25
-24
-22
-19
-18
-16
-14
-13
-10
-9
-5
-5
-4
0
-1
1
3
4
6
6
8
7
8
11
9
10
11
12
11
12
11
12
12
13
13
13
13
15
15
15
14
14
14
15
13
15
15
15
16
16
16
17
16
17
16
17
19
18
19
17
18
17
16
16
15
15
14
14
12
9
8
5
4
2
-1
-3
-7
-9
-13
-16
-19
-22
-25
-28
-29
-31
-33
-34
-36
-38
-38
-38
-38
-38
-37
-35
-34
-32
-30
-27
-25
-24
-23
-22
-21
-18
-17
-15
-13
-12
-10
-10
-10
-9
-8
-8
-5
-5
-4
-2
-3
1
1
3
4
3
4
5
7
7
9
10
11
12
11
12
11
11
11
10
11
11
9
10
9
7
8
7
6
8
7
6
6
6
6
5
6
7
8
8
9
10
10
12
12
14
13
13
14
14
16
16
16
17
17
15
16
15
15
14
14
14
12
11
8
8
5
4
2
-1
0
-3
-3
-4
-6
-7
-9
-12
-13
-14
-16
-16
-17
-15
-15
-14
-14
-14
-13
-13
-14
-14
-14
-12
-12
-10
-10
-12
-10
-13
-15
-16
-17
-19
-19
-20
-20
-19
-22
-20
-22
-22
-21
-19
-17
-13
-9
-7
-2
1
4
6
8
11
15
16
19
20
19
19
17
16
14
12
11
11
9
9
9
8
9
7
10
9
11
13
15
18
19
22
23
23
21
21
21
20
18
17
17
15
14
11
9
7
5
3
2
3
2
2
1
1
1
0
-3
-5
-7
-10
-11
-15
-16
-20
-23
-25
-29
-31
-34
-35
-36
-35
-33
-29
-26
-24
-20
-17
-14
-9
-4
0
6
10
13
18
20
21
21
20
21
20
19
19
17
16
13
10
8
5
1
0
-4
-4
-5
-7
-6
-9
-10
-12
-15
-14
-18
-17
-17
-19
-17
-18
-18
-18
-19
-16
-17
-13
-12
-10
-6
-5
0
1
4
8
9
12
13
14
15
15
17
16
18
18
15
17
13
12
13
10
11
7
7
4
3
2
-1
-2
-6
-8
-10
-15
-14
-17
-19
-19
-22
-21
-24
-25
-24
-23
-21
-21
-16
-14
-11
-6
-6
0
2
3
9
8
13
14
13
17
12
14
10
7
8
4
6
3
3
4
1
3
3
4
6
9
13
13
19
20
24
27
26
29
29
29
30
27
27
23
21
20
13
12
7
4
2
-4
-3
-6
-9
-8
-13
-12
-14
-14
-13
-14
-11
-12
-11
-10
-12
-11
-15
-13
-14
-15
-14
-17
-17
-18
-19
-19
-22
-22
-22
-23
-22
-22
-19
-20
-18
-16
-16
-15
-14
-12
-9
-10
-6
-5
-5
-2
-1
3
4
6
9
11
16
19
22
26
28
32
35
38
42
43
47
47
49
49
45
45
39
37
34
31
25
21
17
11
8
2
0
-5
-7
-10
-11
-12
-13
-14
-15
-14
-16
-15
-16
-15
-15
-14
-13
-13
-10
-12
-10
-8
-10
-7
-7
-7
-5
-5
-4
-5
-4
-4
-6
-5
-6
-6
-7
-7
-6
-8
-7
-8
-9
-9
-10
-10
-10
-11
-11
-13
-14
-17
-18
-19
-21
-21
-22
-22
-21
-21
-17
-17
-17
-17
-18
-15
-13
-11
-11
-10
-9
-9
-6
-6
-7
-5
-6
-4
-4
0
3
4
6
6
8
10
12
14
15
13
13
13
13
14
12
11
9
9
10
11
11
11
11
9
13
14
16
15
13
14
13
15
16
18
16
13
14
14
17
19
17
17
14
16
18
20
20
16
12
7
8
8
6
3
-5
-11
-14
-13
-13
-16
-18
-23
-23
-18
-14
-10
-13
-17
-15
-12
-5
0
1
-3
-6
-6
-4
3
3
0
-2
-6
-2
3
4
4
-1
-5
-3
3
10
11
7
1
0
6
12
15
11
2
-4
-6
-3
-2
-3
-14
-22
-26
-27
-22
-21
-25
-29
-29
-22
-10
-1
5
4
7
13
27
42
49
51
46
44
47
50
53
48
37
28
19
18
15
9
-2
-16
-20
-23
-20
-18
-23
-27
-33
-29
-23
-15
-12
-14
-16
-18
-16
-9
-7
-11
-17
-26
-28
-29
-30
-34
-42
-49
-53
-52
-50
-48
-51
-53
-55
-50
-42
-33
-29
-27
-26
-24
-16
-11
-5
-5
-7
-6
-6
-3
0
-3
-3
-6
-5
-1
3
8
9
10
15
24
34
42
48
48
55
61
70
76
76
75
73
72
72
69
64
54
44
37
35
35
28
16
7
1
5
11
11
10
1
-1
4
8
13
13
10
6
3
8
10
8
-4
-15
-23
-21
-16
-19
-28
-43
-53
-52
-47
-41
-42
-52
-61
-61
-51
-41
-37
-38
-43
-46
-37
-27
-18
-18
-26
-28
-24
-10
0
-1
-6
-13
-12
-5
4
10
12
9
3
7
15
21
26
20
15
14
18
25
26
23
17
14
9
7
8
8
6
0
-8
-14
-13
-13
-14
-19
-23
-23
-20
-17
-16
-14
-12
-10
-12
-8
3
14
20
17
14
17
23
32
38
43
47
44
39
35
41
51
58
53
44
41
45
50
49
45
38
34
36
41
49
47
33
15
3
11
28
36
27
5
-12
-14
-7
-2
-6
-13
-22
-27
-24
-22
-23
-32
-45
-51
-41
-23
-16
-26
-47
-61
-55
-40
-30
-27
-35
-42
-45
-49
-46
-39
-35
-35
-38
-36
-31
-29
-35
-44
-41
-32
-19
-12
-20
-23
-22
-23
-20
-15
-8
6
10
5
-1
1
8
16
23
27
30
32
33
30
28
32
37
34
37
36
35
38
33
22
25
35
38
46
44
33
29
32
31
40
47
41
37
26
16
23
35
31
23
11
6
12
16
15
11
0
-13
-7
2
2
3
-10
-29
-34
-30
-20
-9
-19
-43
-53
-52
-42
-26
-19
-28
-42
-48
-31
-11
-6
-5
-1
-3
-1
1
10
30
32
19
13
15
18
31
30
16
7
3
2
1
-6
-9
-12
-32
-59
-64
-50
-33
-41
-77
-97
-89
-77
-63
-59
-67
-64
-61
-63
-51
-35
-21
-8
-11
-23
-2
34
42
33
24
28
57
74
68
77
83
77
75
72
75
103
110
83
66
63
65
83
73
32
27
41
38
33
12
-1
7
-18
-34
-23
-26
-15
-20
-62
-51
-38
-45
-28
-51
-65
-22
-26
-37
-19
-33
-26
-19
-44
-19
11
-10
-16
-30
-53
-22
-4
-34
-37
-26
-35
-23
-21
-41
-25
-35
-59
-34
-11
-3
-3
-37
-58
-46
0
27
-28
-39
-3
-26
5
26
-47
-16
36
-6
6
28
17
45
24
-34
12
77
58
22
15
14
49
76
17
-13
23
46
62
21
-25
27
34
-8
-1
-2
20
27
-54
-59
3
18
34
-1
-86
-63
35
76
39
-29
-50
-2
57
70
20
-22
15
39
-13
-13
49
64
22
-74
-106
14
93
59
-5
-95
-58
79
46
-21
17
7
-6
-2
-20
44
64
-48
-92
-26
36
25
-33
-61
-71
-47
-23
-66
-40
15
-52
-60
-13
-51
0
4
-113
20
138
-44
-40
71
17
87
64
-103
71
213
27
-14
1
-18
142
88
-123
14
120
8
6
-43
-89
73
67
-121
-59
68
47
37
-52
-121
21
91
11
-33
-51
-18
37
-7
-32
-18
-38
31
1
-111
14
36
-61
5
-96
-93
146
28
-87
38
-64
-23
153
-79
-107
110
-30
-20
109
-64
-49
57
-62
-49
46
-11
-48
-27
-81
-59
68
-7
-122
17
65
-66
32
105
-67
19
111
-75
41
204
49
32
40
-105
62
238
-61
-132
51
-94
-29
121
-154
-136
105
-125
-216
94
8
-156
67
-84
-230
163
106
-105
158
11
-170
179
134
24
169
-81
-34
227
40
88
61
-108
154
71
-132
50
24
51
56
-240
-110
184
36
-57
-66
-146
49
83
-131
18
96
-111
-55
63
-14
23
83
1
-7
-41
-6
163
77
-8
-34
-67
143
130
48
72
-200
-46
344
32
-203
4
1
51
135
-209
-215
225
68
-247
-132
-32
108
81
-379
-236
338
-14
-274
5
-247
-35
355
-237
-287
137
-96
11
121
-253
52
224
-206
-8
161
-41
108
124
16
4
-26
179
119
23
175
-42
-7
185
-35
142
143
-258
122
185
-163
233
55
-307
134
67
-108
166
-27
-95
181
-129
-297
164
247
-18
-158
-227
30
270
-9
-247
-84
0
-88
78
-5
-231
59
-35
-305
-20
83
-51
-26
-140
-264
38
182
-70
-129
-101
-100
89
216
-42
-199
50
56
-54
107
76
-18
76
20
-78
92
125
-14
57
-135
31
401
-170
-149
192
-82
151
-40
-135
444
-153
-296
329
-214
28
464
-428
-138
267
-239
297
80
-589
295
205
-446
171
57
-219
304
-80
-370
135
72
164
119
-439
-31
317
50
72
-167
-132
332
69
-139
48
30
144
112
-154
-109
123
238
55
-224
-78
139
81
98
-47
-259
57
102
-83
166
-53
-210
103
-84
-45
165
-58
-77
-65
-31
20
46
54
-230
-81
136
-38
19
37
-76
-15
-97
-225
194
358
-211
-171
12
-203
349
323
-499
-67
206
-235
291
179
-443
197
110
-380
176
269
-10
-136
-138
-51
96
393
-135
-401
239
81
-2
183
-94
28
44
-135
33
204
302
-5
-429
-9
385
119
13
-27
-141
0
192
79
-181
52
108
-33
101
-130
-32
148
40
-158
-206
371
120
-423
-6
136
-16
-26
-39
-63
-169
-19
36
62
88
-401
-207
247
48
82
-144
-236
193
-11
-113
125
-42
3
48
-211
93
29
-203
322
-34
-333
27
-90
142
202
-175
-97
66
131
145
-158
-127
304
109
-47
-133
-125
430
100
-312
-82
-123
239
282
-369
-197
264
-98
-38
169
-327
118
371
-418
121
262
-546
361
293
-659
143
103
-395
405
27
-477
250
-81
-251
200
-94
115
209
-294
-52
112
115
156
-60
-126
44
114
-203
67
315
-275
-199
130
-86
92
218
-477
-127
680
-312
-234
492
-251
135
447
-295
134
304
-232
109
201
-36
297
-59
-488
398
211
-300
326
-373
-355
688
-225
-348
505
-216
-195
372
-288
-24
496
-320
-123
208
-86
335
-210
-358
385
-174
-32
205
-200
51
-134
-62
62
-82
206
56
-135
-80
-138
149
185
-107
-290
41
29
-196
459
-108
-405
318
-132
-212
125
-24
22
239
-128
-192
-55
-4
454
-78
-397
10
290
169
-321
-176
180
164
-77
-215
-371
172
622
-230
-505
-220
108
397
-69
-490
-65
263
49
-205
-299
-7
533
-38
-523
-124
171
599
72
-500
-239
251
509
77
-262
-104
47
400
89
-238
17
219
172
-357
-224
220
446
162
-531
-137
176
114
516
-287
-601
626
169
-553
343
91
-237
255
-428
-388
421
60
7
-18
-606
-51
679
-140
-494
308
130
-348
-53
314
88
-67
-216
-208
363
22
-7
34
-245
282
83
-475
143
372
24
133
-400
-109
550
-94
-70
132
-262
-158
205
113
-264
-299
232
85
-303
4
-117
-51
248
13
-253
-54
289
75
-188
9
-144
68
579
-346
-317
479
-164
45
182
-422
314
284
-444
245
183
-356
288
191
-331
52
290
10
-178
-16
203
-54
-213
-42
-75
130
128
-196
73
-50
-244
207
161
-245
20
268
62
118
-395
-190
447
87
-166
-37
24
-92
266
14
-302
268
-84
-273
200
-35
131
350
-191
-222
72
104
203
122
170
-111
-128
242
-160
-33
448
-43
-255
37
-268
198
446
-376
-267
121
4
-165
78
39
44
-173
-258
278
-92
-224
315
-93
-193
-108
-183
496
-123
-655
455
-108
-359
656
-331
-273
407
-508
89
642
-458
91
373
-405
269
-61
-397
410
47
-181
180
97
-213
63
123
-160
-4
-23
-100
251
199
-299
190
269
-250
103
-144
-10
610
-86
-105
149
-336
187
228
-504
91
78
-91
208
-244
-86
16
-227
-183
-238
-138
76
110
-24
-225
51
-45
6
195
-21
378
192
-396
206
273
52
151
-258
-213
5
290
-128
-425
108
-20
-379
-274
-50
147
220
-108
-656
-166
742
-236
-271
379
-263
287
268
-427
143
362
-68
27
185
-91
285
524
-376
-174
441
125
131
-128
-18
196
7
-69
-192
94
230
-117
-203
28
48
271
-91
-606
176
147
54
-54
-451
52
43
-78
-335
38
238
-74
-128
-354
124
525
4
-415
99
283
170
280
-212
-246
265
124
-191
93
310
143
-47
125
60
-113
285
79
-322
-14
103
-86
78
-169
-405
143
-236
-523
156
-228
-196
327
-165
-176
-28
-68
199
179
165
224
13
171
402
52
-39
410
161
-231
-154
-165
-9
-78
-210
-168
-22
-143
-281
29
-105
-252
144
-167
36
325
-276
186
359
-39
106
-110
-246
216
337
-44
-26
-83
-1
153
-266
-255
-53
-66
169
16
-180
254
24
-231
-72
-234
181
216
30
254
21
-147
236
204
-30
211
20
-103
229
24
104
248
-244
-229
-4
105
109
-142
-51
-12
-146
22
61
-2
53
-191
-123
137
18
-17
111
-125
-300
-46
-14
119
155
-180
-118
-200
-155
128
270
165
-133
-25
-5
62
402
180
-101
-69
-128
171
251
-65
67
-53
-331
-143
-72
89
218
-60
-294
-258
-209
-89
37
97
-98
-280
-227
-73
44
-94
-92
-171
-373
-56
233
175
151
46
112
154
-18
139
421
312
124
89
122
188
84
45
-53
-111
-49
-263
-135
72
-210
-193
-182
-242
-1
-119
-109
50
-83
11
156
-19
97
313
144
215
259
38
230
400
90
165
265
52
186
144
-123
-56
36
-65
-113
-137
-226
-134
-79
-139
-140
-112
-69
-154
-194
-99
-32
71
40
-87
75
254
72
78
71
-18
5
-13
122
210
91
41
-13
-102
-46
-12
-26
-25
-33
51
117
13
51
97
-126
-202
-173
-64
33
-63
-172
-257
-265
-210
-162
-100
-65
-75
-139
-127
-23
106
123
32
-40
-41
100
178
139
70
-44
-62
-67
-54
6
63
148
46
-130
-67
20
12
8
3
115
78
75
156
93
85
13
17
16
14
89
24
-4
-45
-68
-61
-152
-110
1
32
99
80
58
61
66
70
78
151
128
98
50
11
-12
-118
-170
-119
-68
-40
-59
-123
-101
-73
-95
-87
-43
-75
-41
-30
-79
-31
-19
-15
-89
-138
-113
-77
-96
-157
-167
-216
-202
-198
-163
-140
-170
-110
-73
-131
-171
-126
-123
-143
-106
-76
-71
-56
-137
-95
-67
-160
-116
-107
-100
-67
-136
-41
-5
-84
25
16
-59
-1
-2
6
64
41
49
112
40
-67
-51
24
36
76
129
109
177
157
164
251
240
233
249
202
222
351
343
309
285
282
300
322
379
392
372
332
291
288
332
340
304
255
213
196
167
143
151
122
96
112
92
137
152
97
73
77
131
119
81
116
74
55
-5
-70
-54
-119
-168
-170
-237
-216
-236
-298
-284
-355
-355
-395
-394
-333
-399
-448
-460
-538
-561
-506
-517
-560
-628
-637
-699
-740
-754
-820
-916
-957
-948
-950
-913
-879
-909
-982
-982
-949
-847
-706
-603
-568
-569
-547
-462
-357
-180
50
156
246
404
676
894
1072
1236
1270
1359
1520
1718
1913
2003
2035
2041
2001
1930
1980
1993
1879
1841
1725
1582
1502
1474
1313
1155
1034
860
827
814
771
699
585
527
464
409
391
416
410
354
342
389
364
368
373
323
230
145
172
146
82
16
-54
-207
-328
-427
-594
-751
-927
-1110
-1280
-1448
-1577
-1717
-1840
-1891
-1916
-1954
-2003
-1953
-1939
-1945
-1945
-2029
-2008
-1905
-1810
-1785
-1806
-1721
-1698
-1645
-1626
-1677
-1709
-1766
-1746
-1680
-1628
-1637
-1682
-1789
-1885
-1841
-1733
-1576
-1433
-1137
-535
266
1078
1710
2157
2369
2516
2810
3161
3666
4179
4418
4500
4457
4341
4134
3738
3208
2684
2161
1744
1456
1188
923
430
-219
-848
-1364
-1586
-1638
-1635
-1594
-1546
-1491
-1370
-1166
-1026
-791
-609
-463
-85
344
802
1168
1342
1380
1332
1314
1281
1258
1271
1159
1031
819
597
421
153
-203
-543
-857
-1070
-1118
-857
-240
82
-39
-208
-326
-396
-124
296
545
849
1229
1268
1161
1411
1534
1280
952
784
768
909
1089
1018
729
282
-144
-521
-824
-855
-756
-933
-1297
-1416
-1511
-1675
-1733
-1831
-1931
-1968
-1880
-1801
-1738
-1651
-1612
-1765
-2057
-2069
-2014
-2024
-2038
-2084
-2157
-2355
-2506
-2650
-2804
-2791
-2722
-2817
-2947
-2828
-2626
-2551
-2509
-2364
-2155
-1928
-1301
-449
364
1280
2147
2647
2910
3354
3772
4008
4278
4577
4706
4772
4814
4605
4187
3654
3070
2427
1739
1341
1123
697
286
-58
-498
-946
-1284
-1476
-1533
-1433
-1188
-1009
-771
-409
-145
72
288
502
784
1119
1432
1748
1965
2085
2090
1909
1678
1501
1284
954
686
412
81
-217
-505
-829
-1151
-1397
-1688
-1881
-1944
-1939
-1752
-1639
-1435
-1151
-901
-613
-382
-91
276
671
982
1275
1569
1807
2013
2178
2279
2260
2114
1876
1577
1387
1271
1124
989
775
482
169
-82
-265
-412
-518
-586
-645
-636
-529
-417
-382
-437
-522
-648
-700
-699
-687
-673
-771
-948
-1128
-1317
-1512
-1715
-1930
-2190
-2427
-2677
-2887
-2965
-3013
-3030
-3166
-3282
-3285
-3234
-3160
-3042
-2893
-2784
-2625
-2442
-2119
-1816
-1602
-1370
-1223
-1120
-942
-402
526
1547
2512
3243
3693
3859
3947
4033
3954
4101
4297
4241
4188
4132
3948
3542
2899
2036
1205
570
159
-17
-127
-122
-177
-506
-807
-984
-1012
-942
-780
-481
-133
279
719
1070
1234
1388
1390
1218
1169
1259
1386
1464
1388
1151
846
456
58
-334
-722
-1009
-1211
-1489
-1611
-1577
-1665
-1658
-1720
-1813
-1713
-1578
-1351
-1071
-756
-393
-100
152
348
608
804
909
1023
1084
1169
1225
1237
1201
1135
1057
1132
1160
1031
925
881
759
701
805
680
600
618
485
358
398
553
586
587
619
604
605
646
667
568
440
337
189
13
-130
-202
-444
-828
-1116
-1393
-1631
-1819
-1924
-2079
-2242
-2327
-2441
-2506
-2523
-2481
-2507
-2573
-2472
-2277
-2072
-1877
-1696
-1607
-1688
-1683
-1657
-1688
-1631
-1602
-1651
-1736
-1787
-1840
-1943
-2131
-2333
-2438
-2426
-1892
-766
517
1587
2365
2755
2809
2972
3233
3523
3903
4266
4476
4461
4501
4478
4094
3406
2488
1551
766
373
323
298
245
12
-424
-893
-1182
-1223
-1241
-1144
-954
-702
-299
171
625
940
1053
1013
933
888
1030
1262
1413
1474
1318
1048
761
453
151
-232
-586
-857
-1127
-1264
-1273
-1286
-1343
-1472
-1647
-1790
-1740
-1574
-1334
-1022
-744
-459
-239
-9
207
376
532
612
689
788
942
1089
1175
1171
1063
939
769
742
999
1276
1357
1329
1178
945
856
885
904
901
927
853
680
682
803
800
711
529
281
130
40
21
-13
-176
-343
-581
-867
-986
-998
-1127
-1355
-1595
-1801
-1864
-1860
-1762
-1659
-1670
-1662
-1679
-1758
-1734
-1696
-1780
-2008
-2225
-2305
-2339
-2389
-2475
-2587
-2744
-2766
-2711
-2682
-2532
-2391
-2478
-2667
-2781
-2792
-2595
-2287
-2043
-1853
-1677
-1333
-595
560
1959
3213
3982
4210
4282
4432
4611
4863
5033
5073
4936
4673
4416
4055
3657
2967
1873
854
43
-391
-408
-401
-479
-661
-936
-1268
-1418
-1265
-1036
-767
-544
-281
131
607
1048
1317
1419
1358
1219
1079
1028
1088
1119
1038
769
434
78
-260
-545
-901
-1256
-1519
-1741
-1843
-1828
-1718
-1562
-1515
-1524
-1496
-1358
-1084
-736
-341
46
387
679
927
1105
1242
1300
1236
1203
1178
1149
1149
1097
979
807
717
680
604
494
470
595
652
655
630
556
489
504
592
515
521
644
581
526
513
558
525
353
178
-93
-278
-354
-468
-623
-790
-908
-1132
-1413
-1599
-1684
-1805
-1980
-1994
-1967
-1929
-1852
-1849
-1929
-1978
-1945
-1946
-1996
-2000
-1948
-1964
-2058
-2094
-2079
-2036
-1950
-1924
-1933
-1890
-1746
-1624
-1563
-1529
-1571
-1633
-1727
-1737
-1563
-1341
-1177
-1073
-1023
-895
-348
661
1830
2915
3736
4164
4276
4327
4372
4417
4516
4511
4316
4018
3769
3475
3046
2439
1593
763
12
-533
-732
-789
-786
-832
-998
-1180
-1214
-1065
-909
-711
-467
-239
-34
228
574
828
1011
1021
849
666
479
390
309
156
-2
-200
-403
-612
-752
-870
-1054
-1228
-1450
-1578
-1523
-1355
-1077
-810
-564
-394
-296
-178
-24
188
389
589
768
922
1076
1128
1133
1062
916
757
599
477
396
424
459
556
790
999
1095
1063
943
743
638
682
743
901
1077
1112
983
822
698
532
403
259
80
-27
-142
-261
-404
-582
-743
-948
-1184
-1418
-1521
-1581
-1692
-1715
-1710
-1691
-1655
-1581
-1472
-1394
-1294
-1219
-1213
-1219
-1204
-1211
-1280
-1340
-1420
-1567
-1751
-1950
-2164
-2361
-2455
-2470
-2430
-2329
-2162
-1973
-1929
-1944
-1938
-1987
-1951
-1773
-1531
-1215
-822
-532
-379
-244
-191
-93
383
1366
2575
3545
4155
4475
4492
4384
4265
4025
3751
3523
3200
2750
2398
2241
2001
1435
686
-61
-743
-1177
-1327
-1310
-1193
-1008
-849
-835
-762
-492
-257
-155
-124
-7
206
436
721
981
1114
1124
942
613
354
189
58
-159
-414
-543
-644
-737
-805
-901
-1014
-1083
-1174
-1238
-1074
-781
-440
-116
111
338
564
748
947
1147
1302
1428
1492
1494
1511
1527
1460
1286
1036
796
629
545
468
377
332
343
312
200
114
27
-73
-48
9
18
152
380
416
332
332
331
366
419
376
402
368
177
91
-104
-383
-479
-685
-1006
-1217
-1434
-1631
-1790
-1919
-1928
-1958
-1964
-1902
-1892
-1852
-1783
-1722
-1706
-1675
-1599
-1551
-1463
-1431
-1440
-1406
-1431
-1485
-1519
-1468
-1362
-1240
-1159
-1154
-1101
-1160
-1318
-1426
-1424
-1334
-1261
-1056
-905
-896
-857
-908
-1006
-1112
-1096
-961
-635
198
1273
2287
3024
3407
3476
3292
3063
2854
2845
2935
2959
2914
2724
2576
2387
1988
1360
671
151
-380
-703
-695
-623
-504
-430
-409
-483
-504
-390
-339
-294
-263
-83
194
424
760
1015
1180
1179
987
795
567
430
304
173
148
97
57
-14
-129
-265
-474
-692
-896
-933
-792
-578
-324
-83
179
359
501
626
608
660
807
859
903
1066
1193
1222
1232
1100
950
776
457
335
358
303
217
94
-39
-176
-248
-310
-370
-322
-343
-387
-368
-308
-201
-124
-4
59
98
246
348
356
293
171
-22
-241
-430
-618
-699
-797
-975
-1113
-1293
-1456
-1549
-1619
-1678
-1691
-1631
-1613
-1582
-1527
-1527
-1518
-1560
-1569
-1503
-1431
-1378
-1416
-1492
-1598
-1613
-1529
-1468
-1359
-1286
-1268
-1237
-1212
-1253
-1312
-1254
-1237
-1286
-1324
-1377
-1411
-1434
-1394
-1328
-1244
-1038
-581
215
1161
2029
2749
3140
3211
3215
3180
3148
3240
3345
3284
3140
2973
2691
2385
2024
1510
967
437
19
-233
-353
-339
-341
-363
-431
-522
-507
-490
-429
-316
-222
-93
107
392
613
815
955
893
819
711
585
529
498
436
309
251
166
45
-66
-241
-386
-583
-732
-725
-655
-490
-344
-213
-124
-77
2
44
124
196
288
406
490
640
761
833
854
793
717
659
720
800
838
788
572
342
178
126
77
66
112
15
-65
-127
-183
-106
-26
9
21
77
158
229
307
265
167
8
-211
-393
-536
-564
-626
-726
-823
-1019
-1201
-1369
-1528
-1666
-1712
-1693
-1694
-1601
-1531
-1464
-1390
-1423
-1434
-1471
-1518
-1523
-1496
-1397
-1322
-1258
-1224
-1286
-1349
-1392
-1436
-1475
-1452
-1429
-1453
-1433
-1415
-1316
-1244
-1207
-1158
-1487
-1646
-1389
-1594
-1795
-1572
-1508
-1174
-434
314
1393
2451
2912
3187
3326
3140
3116
3039
2872
3172
3404
3373
3394
3245
3028
2669
1994
1379
896
367
-3
-117
-153
-37
61
-107
-231
-367
-574
-655
-743
-692
-488
-295
-34
226
495
715
802
777
672
599
508
432
423
435
491
491
425
314
158
18
-147
-309
-437
-474
-466
-495
-392
-274
-226
-155
-174
-228
-222
-221
-237
-210
-76
106
276
418
549
699
791
792
658
418
241
171
159
189
296
437
465
408
306
161
93
91
31
-17
47
145
261
381
453
481
411
205
-73
-303
-476
-559
-572
-660
-733
-781
-909
-1067
-1238
-1400
-1554
-1693
-1802
-1851
-1792
-1718
-1638
-1553
-1511
-1468
-1475
-1506
-1554
-1638
-1655
-1637
-1586
-1467
-1341
-1213
-1049
-890
-787
-666
-576
-652
-788
-856
-880
-840
-691
-512
-386
-257
-176
-210
-211
-148
-101
-62
-21
-21
4
156
410
832
1349
1740
1990
2056
2056
2115
2095
2020
2077
2242
2368
2438
2475
2515
2547
2402
2085
1706
1335
1044
745
497
409
403
352
164
-95
-348
-554
-719
-922
-1073
-1091
-1074
-1058
-996
-883
-741
-590
-547
-612
-615
-525
-365
-216
-130
0
171
289
341
381
427
422
357
250
150
94
60
39
-10
-65
-71
-96
-176
-248
-302
-349
-406
-488
-540
-488
-356
-263
-155
7
84
47
-72
-135
-57
79
219
288
412
568
509
368
345
332
222
153
155
114
21
-87
-84
-84
-220
-263
-155
-174
-330
-411
-563
-611
-349
-397
-621
-379
-149
-171
-217
-410
-386
-254
-741
-1060
-664
-511
-546
-560
-830
-786
-603
-789
-787
-638
-703
-662
-655
-735
-521
-301
-152
81
71
-108
-164
-93
26
23
24
217
336
285
226
173
208
218
127
97
62
206
610
842
802
575
170
-112
-140
-118
-1
183
196
81
-169
-416
-390
-289
-238
-183
-223
-294
-358
-467
-557
-580
-563
-505
-460
-527
-592
-610
-667
-672
-582
-460
-314
-163
-44
43
147
261
407
618
836
1010
1111
1187
1286
1394
1515
1624
1722
1780
1755
1703
1622
1484
1356
1249
1104
960
864
764
640
518
368
203
64
-88
-218
-302
-385
-454
-482
-501
-544
-529
-448
-400
-341
-287
-288
-228
-136
-63
39
91
114
147
124
94
92
64
21
-20
-91
-164
-218
-313
-414
-514
-643
-725
-782
-830
-886
-981
-1036
-1092
-1126
-1111
-1124
-1076
-952
-893
-846
-722
-668
-621
-538
-554
-433
-280
-300
-212
-136
-170
-132
-133
-151
-98
-129
-187
-130
-141
-219
-276
-384
-315
-219
-355
-410
-407
-396
-280
-238
-218
-127
-122
-211
-315
-378
-333
-305
-375
-424
-485
-520
-461
-472
-467
-397
-427
-425
-324
-253
-110
136
335
548
779
934
1137
1356
1449
1477
1461
1434
1477
1516
1481
1461
1450
1348
1186
1026
888
801
733
610
439
306
208
112
53
33
49
58
58
80
88
94
129
138
88
72
96
90
121
196
254
282
268
219
157
109
53
-44
-130
-207
-271
-300
-341
-342
-292
-267
-243
-204
-180
-176
-174
-174
-156
-125
-92
-31
23
83
169
214
249
326
361
337
295
206
126
101
77
77
87
51
15
-37
-128
-174
-197
-291
-380
-441
-525
-549
-532
-512
-457
-434
-451
-451
-452
-439
-404
-445
-514
-513
-540
-561
-496
-542
-669
-691
-729
-795
-762
-775
-810
-744
-779
-843
-827
-895
-901
-863
-938
-941
-878
-794
-656
-603
-638
-650
-666
-665
-604
-592
-581
-509
-468
-449
-440
-418
-407
-503
-644
-737
-780
-749
-601
-381
-138
142
386
600
848
1094
1287
1374
1399
1494
1617
1730
1899
2095
2231
2270
2197
2070
1999
1934
1801
1597
1322
1071
857
632
471
400
359
277
153
15
-114
-193
-282
-406
-497
-531
-498
-432
-367
-277
-171
-78
-55
-91
-99
-66
-61
-91
-101
-110
-117
-116
-133
-136
-148
-184
-220
-270
-276
-258
-275
-281
-248
-187
-102
-15
91
202
285
361
396
422
491
517
490
492
534
560
562
596
644
649
614
539
433
360
269
146
60
-16
-38
-11
-38
-63
-50
-79
-130
-155
-207
-268
-298
-365
-430
-433
-445
-479
-509
-556
-591
-635
-730
-850
-987
-1097
-1189
-1303
-1355
-1329
-1291
-1283
-1329
-1371
-1361
-1353
-1405
-1485
-1536
-1520
-1461
-1442
-1426
-1322
-1124
-917
-778
-721
-776
-843
-811
-744
-601
-465
-501
-577
-566
-479
-368
-307
-316
-370
-445
-436
-236
68
368
595
704
826
1089
1380
1558
1687
1845
1940
1931
1954
2116
2384
2580
2556
2415
2357
2402
2401
2242
2023
1866
1682
1401
1123
951
874
747
474
143
-95
-210
-309
-499
-702
-825
-941
-1078
-1177
-1197
-1126
-1041
-1038
-1073
-1014
-867
-756
-692
-626
-533
-437
-387
-359
-272
-112
15
96
171
242
322
377
384
376
414
457
445
474
566
648
696
671
611
615
658
665
624
563
534
548
524
523
599
633
600
520
413
341
319
293
214
130
67
24
15
26
48
27
-65
-184
-290
-368
-433
-473
-538
-648
-748
-842
-928
-1002
-1063
-1137
-1258
-1363
-1435
-1478
-1473
-1480
-1527
-1572
-1581
-1584
-1595
-1569
-1513
-1463
-1416
-1352
-1291
-1250
-1200
-1166
-1133
-1049
-964
-883
-787
-683
-586
-511
-449
-386
-334
-332
-364
-401
-393
-306
-228
-207
-196
-194
-198
-190
-148
19
276
452
514
574
733
1024
1320
1448
1504
1623
1772
1901
2011
2159
2370
2514
2496
2398
2336
2367
2397
2285
2058
1820
1591
1333
1053
813
617
405
151
-107
-310
-429
-531
-682
-849
-1001
-1141
-1220
-1249
-1247
-1182
-1082
-996
-923
-819
-669
-541
-485
-432
-322
-221
-130
2
144
283
399
461
519
592
655
701
707
694
699
695
669
693
726
695
620
522
458
458
445
370
277
225
198
171
155
175
224
231
173
100
76
116
134
94
24
-35
-55
-71
-83
-70
-49
-84
-184
-303
-405
-484
-544
-638
-781
-889
-934
-972
-1010
-1024
-1057
-1123
-1206
-1304
-1378
-1416
-1438
-1436
-1426
-1394
-1345
-1340
-1302
-1192
-1094
-1036
-1022
-1038
-1029
-1006
-983
-910
-809
-725
-632
-544
-458
-395
-386
-346
-286
-291
-339
-411
-445
-351
-244
-236
-267
-313
-363
-417
-520
-597
-542
-360
-94
154
299
459
744
1096
1421
1609
1658
1705
1816
1945
2039
2155
2356
2523
2518
2382
2267
2272
2320
2228
1933
1584
1309
1087
860
637
477
361
182
-80
-326
-467
-525
-597
-760
-965
-1106
-1171
-1193
-1163
-1074
-964
-878
-803
-703
-572
-406
-232
-108
-22
59
131
207
311
445
587
677
714
751
777
768
724
651
589
577
565
519
493
510
519
460
376
306
233
182
110
-25
-99
-60
-29
-33
-27
-30
-14
13
-6
-11
-1
-30
-84
-152
-195
-161
-97
-69
-67
-83
-141
-240
-348
-428
-484
-568
-684
-805
-892
-914
-905
-916
-946
-981
-1054
-1161
-1248
-1273
-1265
-1266
-1269
-1260
-1220
-1135
-1027
-912
-796
-727
-732
-779
-817
-784
-677
-594
-597
-617
-611
-565
-471
-395
-373
-386
-449
-552
-637
-679
-694
-736
-822
-906
-931
-878
-790
-741
-770
-823
-741
-436
-34
277
501
744
1084
1476
1730
1825
1943
2102
2200
2225
2244
2377
2611
2707
2579
2412
2333
2331
2286
2067
1764
1507
1222
882
561
346
251
151
-67
-343
-544
-660
-736
-832
-956
-1040
-1084
-1111
-1089
-974
-808
-659
-535
-429
-308
-141
6
113
222
312
360
392
434
482
541
577
565
546
514
456
409
350
262
180
79
-50
-124
-118
-88
-43
-5
-19
-33
-7
28
63
70
32
27
84
162
257
354
405
436
450
409
373
358
323
275
203
131
120
146
136
80
1
-110
-222
-311
-391
-470
-533
-612
-731
-823
-865
-888
-887
-893
-931
-969
-1016
-1052
-1065
-1109
-1150
-1172
-1214
-1213
-1145
-1068
-1007
-1006
-1071
-1113
-1143
-1190
-1191
-1173
-1166
-1146
-1131
-1114
-984
-806
-790
-860
-828
-736
-633
-571
-666
-760
-668
-592
-639
-623
-533
-422
-354
-459
-484
-127
383
703
792
838
1103
1597
1975
2079
2132
2274
2402
2414
2374
2455
2708
2864
2679
2366
2203
2195
2204
2026
1661
1333
1062
719
394
199
85
-18
-232
-556
-753
-771
-784
-843
-913
-997
-1036
-1036
-1044
-939
-697
-529
-448
-360
-264
-104
93
193
258
370
407
365
382
430
489
550
511
431
422
410
362
318
257
226
234
209
175
171
141
101
71
37
56
92
76
69
102
125
170
248
301
343
360
306
262
301
369
399
380
330
281
265
252
227
219
189
107
-7
-112
-179
-232
-302
-415
-548
-655
-728
-772
-797
-830
-881
-964
-1099
-1227
-1290
-1349
-1413
-1462
-1545
-1611
-1610
-1588
-1533
-1476
-1466
-1447
-1410
-1373
-1312
-1282
-1282
-1195
-1090
-1058
-1023
-958
-847
-669
-542
-541
-565
-535
-482
-457
-484
-537
-556
-532
-508
-515
-524
-516
-486
-355
-44
358
679
866
1046
1346
1728
1991
2070
2113
2220
2339
2391
2430
2587
2820
2894
2712
2472
2387
2409
2342
2073
1679
1330
1053
737
397
164
46
-80
-312
-602
-778
-812
-845
-950
-1089
-1184
-1208
-1198
-1162
-1028
-821
-651
-544
-440
-282
-74
127
260
346
426
470
484
519
590
661
688
657
603
580
557
485
383
293
219
144
42
-61
-91
-68
-57
-48
-56
-78
-59
-31
-25
6
59
127
221
313
388
485
582
656
689
653
609
604
589
537
477
415
365
326
267
166
45
-63
-183
-335
-482
-606
-724
-829
-935
-1052
-1117
-1142
-1179
-1228
-1295
-1358
-1391
-1429
-1465
-1467
-1462
-1443
-1404
-1384
-1361
-1291
-1215
-1168
-1166
-1199
-1208
-1173
-1146
-1165
-1192
-1187
-1152
-1124
-1093
-966
-741
-594
-644
-760
-761
-636
-510
-520
-639
-662
-530
-411
-400
-414
-354
-177
116
448
762
1086
1423
1730
2017
2270
2410
2483
2544
2559
2566
2602
2650
2737
2773
2637
2432
2300
2196
2049
1791
1398
1021
742
443
129
-95
-267
-443
-639
-854
-995
-982
-919
-929
-1002
-1082
-1112
-1045
-929
-790
-594
-394
-246
-97
90
293
528
720
786
797
801
783
779
794
771
718
656
569
487
429
353
275
216
133
22
-91
-172
-173
-135
-163
-242
-268
-222
-126
-58
-59
-27
81
172
203
223
293
407
473
445
401
401
432
452
421
374
361
360
320
247
169
77
-43
-158
-258
-359
-437
-512
-625
-737
-827
-925
-1016
-1088
-1164
-1243
-1335
-1418
-1451
-1470
-1510
-1551
-1584
-1587
-1544
-1499
-1471
-1412
-1304
-1210
-1155
-1114
-1057
-1001
-946
-888
-870
-866
-818
-751
-704
-658
-633
-635
-588
-475
-374
-307
-272
-291
-329
-326
-283
-240
-222
-256
-309
-307
-218
19
413
785
1036
1253
1502
1836
2233
2480
2496
2463
2443
2417
2451
2513
2560
2592
2493
2235
2021
1921
1824
1648
1313
857
492
235
0
-175
-320
-502
-667
-800
-908
-884
-731
-637
-642
-677
-725
-681
-506
-328
-189
-50
71
188
344
490
613
739
801
761
693
644
606
592
554
430
301
248
225
212
193
121
54
37
8
-33
-23
-13
-38
-71
-116
-122
-44
37
42
30
74
146
215
266
273
270
270
238
206
229
248
219
176
117
74
101
114
64
29
-23
-143
-266
-373
-467
-506
-553
-676
-807
-891
-956
-984
-1003
-1077
-1153
-1217
-1309
-1367
-1367
-1383
-1408
-1420
-1448
-1441
-1400
-1393
-1329
-1158
-1006
-920
-906
-990
-1010
-900
-862
-907
-909
-863
-737
-585
-594
-656
-580
-484
-479
-565
-733
-772
-619
-594
-746
-828
-803
-717
-625
-610
-445
91
666
957
1151
1475
1969
2478
2679
2599
2659
2875
2946
2867
2787
2813
2925
2860
2541
2306
2274
2184
1894
1431
946
640
442
149
-151
-321
-469
-653
-808
-895
-857
-726
-657
-679
-691
-666
-613
-506
-379
-260
-130
-13
95
267
456
577
671
754
797
818
808
740
684
647
552
424
335
280
259
229
130
20
-46
-115
-208
-278
-287
-224
-155
-171
-225
-190
-80
25
76
64
73
173
279
310
337
404
458
466
429
381
374
381
335
265
212
180
158
100
-24
-132
-193
-282
-392
-477
-576
-684
-767
-877
-1007
-1084
-1150
-1237
-1275
-1293
-1326
-1309
-1269
-1274
-1276
-1247
-1224
-1196
-1144
-1112
-1100
-1066
-1036
-1044
-1049
-1038
-1046
-1059
-1063
-1037
-952
-939
-1104
-1200
-1064
-938
-916
-900
-935
-917
-735
-685
-806
-701
-495
-508
-575
-567
-501
-306
-210
-258
48
650
1044
1276
1515
1812
2347
2795
2719
2606
2833
2965
2870
2756
2620
2638
2762
2555
2196
2130
2152
1994
1702
1253
836
668
440
23
-251
-372
-512
-604
-668
-746
-678
-547
-606
-687
-634
-595
-530
-393
-351
-324
-187
-93
-8
226
432
514
617
673
664
718
733
668
663
634
493
378
327
271
254
247
151
76
53
-22
-78
-47
-30
-62
-103
-141
-111
9
81
68
85
148
226
305
365
429
500
530
484
423
432
460
428
346
244
181
181
164
96
17
-70
-175
-278
-387
-510
-623
-746
-897
-1014
-1098
-1185
-1242
-1272
-1311
-1352
-1377
-1409
-1427
-1399
-1379
-1376
-1343
-1292
-1244
-1196
-1138
-1084
-1070
-1076
-1077
-1079
-1104
-1173
-1210
-1116
-961
-900
-947
-996
-967
-836
-773
-884
-911
-776
-723
-759
-765
-735
-621
-526
-610
-633
-406
-220
-238
-267
-108
383
1013
1329
1442
1777
2276
2680
2879
2893
2948
3165
3218
2967
2792
2853
2918
2817
2530
2247
2207
2217
1925
1425
1002
703
450
147
-237
-507
-575
-669
-839
-915
-880
-808
-730
-750
-841
-791
-638
-521
-398
-280
-223
-124
42
196
390
592
687
747
814
804
772
789
774
707
620
486
389
423
442
352
255
191
165
213
215
103
36
54
29
-14
-21
-25
43
152
161
145
226
320
379
390
310
256
310
307
213
163
117
54
45
7
-85
-106
-114
-212
-304
-378
-477
-539
-614
-768
-905
-988
-1070
-1103
-1119
-1203
-1298
-1361
-1426
-1470
-1482
-1503
-1497
-1440
-1405
-1391
-1350
-1301
-1262
-1213
-1182
-1183
-1149
-1076
-1028
-995
-978
-976
-895
-728
-610
-651
-781
-820
-705
-592
-642
-773
-817
-723
-618
-670
-795
-792
-677
-623
-668
-715
-657
-433
-86
285
655
1048
1480
1978
2462
2800
2987
3088
3159
3232
3223
3097
3029
3052
2959
2737
2540
2425
2408
2320
1951
1450
1032
698
388
49
-279
-481
-599
-777
-957
-1006
-922
-786
-732
-789
-794
-665
-504
-393
-355
-305
-147
37
192
372
571
740
854
842
813
990
1179
1189
1131
913
630
493
343
194
213
257
234
227
163
61
46
27
-16
-14
-42
-29
80
183
237
213
210
311
393
425
416
335
261
204
95
-8
3
36
-1
-50
-109
-132
-101
-134
-230
-339
-422
-488
-562
-620
-707
-793
-873
-989
-1082
-1129
-1165
-1251
-1371
-1479
-1591
-1653
-1689
-1739
-1748
-1696
-1622
-1573
-1499
-1394
-1280
-1159
-1184
-1336
-1442
-1435
-1304
-1154
-1045
-991
-860
-604
-444
-393
-480
-676
-750
-772
-926
-1157
-1247
-1222
-1215
-1189
-1304
-1311
-1021
-899
-960
-895
-406
535
1481
2116
2559
3202
3891
4229
4301
4178
4130
4147
3809
3276
2905
2806
2646
2234
1815
1464
1288
1098
623
80
-375
-708
-969
-1151
-1187
-1136
-980
-835
-655
-311
14
300
532
641
650
657
747
833
918
937
870
882
951
972
894
759
604
418
214
-56
-263
-351
-442
-546
-647
-624
-463
-220
2
103
238
376
467
585
740
990
1224
1324
1293
1227
1280
1301
1215
1023
737
546
379
214
55
-120
-262
-453
-594
-645
-641
-583
-594
-634
-660
-607
-442
-306
-194
-157
-168
-167
-191
-181
-247
-362
-489
-684
-864
-1027
-1153
-1277
-1444
-1625
-1824
-1945
-2019
-2086
-2124
-2199
-2183
-2082
-1973
-1805
-1583
-1344
-1228
-1181
-1128
-1081
-1012
-1047
-1182
-1254
-1163
-958
-848
-882
-953
-974
-929
-938
-991
-1104
-1251
-1334
-1435
-1540
-1574
-1502
-1396
-1357
-1187
-613
469
1810
2895
3605
4133
4681
5156
5197
4860
4415
4065
3625
2974
2450
2186
2139
1963
1448
960
728
641
336
-285
-879
-1274
-1418
-1467
-1410
-1070
-617
-150
215
538
946
1335
1563
1480
1272
1106
1002
994
994
942
845
732
637
548
443
274
28
-263
-583
-839
-962
-961
-862
-736
-625
-476
-198
156
469
700
884
1014
1133
1253
1414
1608
1716
1710
1554
1409
1307
1199
1016
662
352
72
-144
-256
-351
-361
-417
-471
-524
-551
-497
-491
-478
-523
-562
-491
-362
-215
-101
-68
-108
-170
-245
-344
-491
-638
-819
-1012
-1199
-1361
-1405
-1415
-1443
-1493
-1551
-1588
-1633
-1655
-1720
-1818
-1838
-1810
-1717
-1564
-1401
-1222
-1097
-1039
-1073
-1197
-1293
-1432
-1580
-1781
-2018
-1947
-1731
-1401
-1256
-1285
-1230
-1192
-949
-949
-995
-1013
-1070
-1013
-1118
-1107
-1104
-1094
-1047
-611
537
2060
3362
4136
4658
5108
5587
5476
4885
4194
3567
3032
2220
1559
1248
1310
1274
804
408
265
287
153
-362
-939
-1239
-1246
-1097
-876
-434
143
698
1151
1434
1676
1904
1964
1724
1279
794
534
459
396
241
97
116
105
93
-46
-268
-403
-581
-820
-1010
-982
-773
-517
-287
-66
218
603
917
1079
1185
1206
1282
1320
1325
1416
1564
1761
1734
1601
1398
1186
1062
753
380
-9
-265
-324
-361
-297
-255
-166
-102
-172
-206
-338
-442
-547
-729
-806
-801
-626
-441
-327
-242
-282
-286
-381
-538
-697
-943
-1155
-1383
-1560
-1608
-1560
-1436
-1374
-1354
-1346
-1406
-1429
-1554
-1740
-1872
-1915
-1799
-1700
-1559
-1355
-1141
-951
-973
-1092
-1230
-1404
-1671
-2037
-2216
-2115
-1825
-1563
-1494
-1337
-1068
-832
-626
-689
-769
-868
-908
-880
-961
-810
-830
-840
-860
-873
-147
935
2291
3233
3704
4276
4728
5331
5223
4649
4083
3331
2760
1961
1373
1112
929
739
243
11
56
95
87
-306
-733
-892
-895
-649
-407
-79
334
730
1201
1396
1630
1835
1813
1642
1123
701
502
418
268
-31
-176
-249
-210
-199
-329
-339
-403
-531
-713
-828
-755
-567
-304
-173
28
303
654
1031
1253
1363
1356
1390
1366
1515
1753
1890
1925
1697
1488
1287
1264
1071
644
280
-153
-327
-409
-432
-388
-344
-332
-426
-415
-423
-419
-435
-671
-927
-983
-894
-727
-585
-556
-589
-581
-545
-633
-736
-924
-1165
-1401
-1665
-1789
-1815
-1727
-1702
-1701
-1633
-1621
-1517
-1484
-1542
-1552
-1604
-1638
-1688
-1679
-1619
-1643
-1597
-1566
-1434
-1266
-1334
-1521
-1726
-1713
-1536
-1284
-1079
-890
-725
-516
-464
-604
-609
-774
-674
-819
-1064
-1089
-1186
-966
-1180
-1322
-1469
-1086
252
1469
2763
3598
4428
5224
5699
5935
5522
5031
4333
3400
2389
1467
1018
845
539
76
-235
-244
-105
-70
-263
-712
-962
-999
-968
-775
-388
219
726
1151
1464
1772
2112
2212
2012
1415
833
473
211
-25
-371
-566
-653
-701
-625
-583
-535
-496
-556
-765
-949
-865
-667
-488
-333
-161
111
564
1012
1347
1557
1635
1878
2116
2223
2176
2034
1825
1444
1269
1039
789
723
534
267
-45
-157
-171
-216
-305
-498
-549
-588
-593
-482
-526
-647
-682
-689
-737
-686
-528
-569
-721
-836
-932
-1000
-1051
-1085
-1203
-1376
-1474
-1510
-1575
-1658
-1723
-1755
-1884
-2023
-1952
-1872
-1761
-1719
-1748
-1783
-1815
-1626
-1585
-1628
-1624
-1652
-1581
-1536
-1407
-1309
-1278
-1329
-1521
-1512
-1292
-1105
-1064
-1179
-1376
-1299
-976
-712
-564
-668
-617
-520
-470
-300
-340
-373
-748
-762
-17
1002
2461
3408
4211
4741
5181
5897
5703
5295
4563
3552
2529
1426
924
497
281
67
-306
-324
-307
35
254
-97
-442
-726
-810
-737
-450
-42
160
541
904
1225
1607
1831
1838
1409
869
407
96
-94
-364
-589
-813
-926
-810
-601
-475
-436
-447
-606
-794
-778
-628
-509
-358
-228
-71
266
730
1168
1428
1513
1570
1702
1887
1992
1997
1884
1541
1292
1143
993
926
789
611
315
178
200
224
285
147
-38
-214
-285
-266
-280
-391
-640
-821
-916
-934
-886
-823
-896
-1029
-1131
-1193
-1162
-1157
-1200
-1389
-1559
-1649
-1711
-1708
-1784
-1859
-1966
-2089
-2147
-2130
-2032
-2011
-1961
-1882
-1813
-1581
-1330
-1229
-1290
-1391
-1452
-1566
-1682
-1776
-1799
-1788
-1748
-1688
-1697
-1558
-1317
-1145
-1149
-1179
-1177
-1118
-915
-912
-896
-985
-1018
-819
-782
-731
-806
-435
452
1675
2967
3719
4589
5239
5781
6067
5697
5277
4550
3765
2724
1663
1055
630
435
-75
-490
-520
-445
-193
-257
-520
-712
-721
-576
-522
-286
100
521
913
1134
1430
1723
1860
1731
1250
765
410
168
-118
-503
-782
-892
-842
-775
-714
-648
-586
-557
-673
-798
-793
-652
-560
-470
-334
-143
281
686
977
1107
1203
1348
1508
1770
1894
1931
1861
1676
1491
1376
1288
1100
930
647
379
309
344
330
277
223
50
12
-12
-64
-72
-194
-415
-644
-716
-791
-781
-775
-973
-1158
-1250
-1265
-1323
-1387
-1480
-1613
-1709
-1792
-1869
-1898
-1911
-1997
-2125
-2213
-2203
-2143
-2072
-2147
-2226
-2139
-2006
-1805
-1624
-1502
-1594
-1732
-1792
-1828
-1761
-1767
-1649
-1431
-1144
-1042
-1133
-1091
-1101
-1084
-1141
-1285
-1594
-1591
-1359
-1340
-1213
-1093
-898
-958
-1010
-1241
-1158
-162
1073
2577
3445
4344
5263
6050
6732
6454
6197
5363
4369
3396
2130
1347
719
549
-101
-674
-538
-557
-190
-133
-394
-695
-865
-682
-712
-511
-244
154
640
851
1237
1613
1837
1812
1487
955
428
196
-54
-532
-896
-972
-981
-880
-735
-699
-616
-541
-586
-736
-811
-763
-698
-615
-643
-470
-77
274
612
780
919
1017
1133
1155
1113
1384
1628
1767
1862
1893
1866
1910
1861
1447
1113
907
695
503
333
205
204
226
114
98
64
6
16
-116
-410
-560
-526
-653
-822
-938
-1062
-1152
-1194
-1256
-1432
-1536
-1579
-1688
-1890
-2072
-2107
-2076
-2076
-2107
-2097
-2104
-2107
-2055
-2078
-2162
-2115
-1983
-1964
-2023
-1937
-1773
-1585
-1398
-1429
-1456
-1469
-1442
-1472
-1580
-1723
-1949
-1787
-1612
-1460
-1418
-1571
-1502
-1410
-1240
-1115
-1081
-1190
-1292
-1270
-1426
-1536
-874
566
2169
3465
4387
5364
6091
6834
7018
6214
5395
4447
3541
2350
1307
804
529
400
-151
-305
-272
-225
144
-160
-798
-1106
-999
-870
-839
-525
-142
483
1100
1422
1760
1936
2067
1926
1319
660
228
25
-331
-703
-869
-834
-622
-407
-330
-404
-398
-442
-672
-955
-1091
-1086
-1017
-904
-838
-522
-73
347
658
722
803
849
878
717
581
788
1018
1331
1563
1791
2004
2172
2319
2043
1741
1450
1080
736
339
89
-47
-34
-75
-58
95
147
316
366
195
34
-62
-311
-667
-860
-1047
-1127
-1156
-1239
-1333
-1359
-1341
-1483
-1666
-1917
-2066
-2120
-2263
-2352
-2385
-2259
-2166
-2105
-1980
-1929
-1689
-1481
-1462
-1534
-1680
-1687
-1676
-1544
-1472
-1523
-1485
-1601
-1666
-1732
-1840
-1875
-1838
-1790
-1851
-1873
-1749
-1548
-1352
-1132
-1163
-1028
-898
-1010
-1079
-1356
-1423
-1671
-1572
-779
598
2459
3586
4825
5695
6294
7021
6846
6338
5268
4337
3235
1919
1200
583
592
288
-39
-64
-317
-65
-43
-350
-914
-1269
-1162
-1193
-924
-551
27
696
1199
1741
2006
2208
2345
2118
1555
936
505
182
-147
-478
-671
-722
-638
-555
-600
-730
-840
-868
-1073
-1295
-1378
-1386
-1240
-1079
-832
-463
-27
407
679
833
900
976
1079
1102
1169
1299
1442
1652
1772
1855
1943
1866
1709
1459
1132
838
625
425
165
13
-101
-102
4
-8
25
43
-24
-44
-49
-138
-222
-295
-484
-638
-718
-799
-854
-931
-1109
-1278
-1467
-1685
-1802
-1930
-2063
-2176
-2220
-2234
-2215
-2129
-2094
-1989
-1861
-1770
-1741
-1742
-1652
-1607
-1640
-1733
-1728
-1475
-1168
-1092
-1182
-1298
-1409
-1466
-1530
-1636
-1804
-1835
-1793
-1753
-1695
-1614
-1432
-1378
-1398
-1389
-1295
-1244
-1203
-1241
-1588
-2038
-2088
-1053
623
2438
3835
4846
5737
6462
7246
7192
6605
5713
4524
3203
1739
972
621
570
296
-211
-389
-485
-120
33
-331
-833
-1185
-1220
-1302
-1100
-642
2
757
1270
1690
2074
2474
2724
2503
1857
1165
705
293
-169
-557
-785
-874
-820
-807
-873
-834
-768
-770
-997
-1290
-1431
-1411
-1264
-1169
-902
-485
-42
452
761
962
1113
1319
1455
1417
1475
1492
1579
1614
1537
1588
1553
1477
1302
1076
751
519
449
181
3
-112
-207
-175
-146
-139
-135
-117
-107
15
112
107
124
33
-210
-377
-447
-611
-780
-971
-1217
-1401
-1551
-1676
-1804
-1900
-1958
-2055
-2069
-2125
-2119
-2017
-1976
-1894
-1842
-1730
-1627
-1506
-1384
-1420
-1413
-1290
-1152
-1127
-1155
-1342
-1569
-1786
-1961
-2120
-2265
-2203
-2137
-1877
-1869
-1677
-1202
-1059
-799
-620
-450
-606
-607
-594
-901
-898
-1147
-1309
-1514
-993
457
1949
3229
4065
5014
5472
5897
6039
5473
4785
3852
3076
1882
1059
928
972
989
621
536
233
171
271
-82
-507
-996
-1073
-1211
-1268
-898
-262
531
1012
1474
1747
1919
2201
2162
1776
1219
842
490
67
-225
-397
-403
-411
-485
-655
-859
-921
-961
-1136
-1454
-1628
-1628
-1538
-1286
-953
-540
-54
411
711
897
1119
1299
1479
1620
1657
1708
1762
1816
1815
1787
1759
1630
1409
1033
630
331
78
-78
-207
-366
-454
-356
-280
-267
-159
-88
-75
-28
39
-19
-72
-101
-203
-314
-482
-562
-649
-798
-913
-1036
-1197
-1404
-1483
-1575
-1751
-1796
-1806
-1852
-1892
-1903
-1869
-1853
-1765
-1655
-1641
-1658
-1658
-1613
-1642
-1633
-1439
-1282
-1213
-1167
-1196
-1281
-1387
-1512
-1585
-1705
-1718
-1629
-1674
-1678
-1626
-1382
-1319
-1288
-982
-962
-814
-903
-1022
-1130
-1390
-1204
-1549
-1415
-467
957
2566
3553
4807
5366
5932
6310
5784
5358
4385
3740
2687
1496
990
785
1103
872
863
636
222
429
158
-278
-811
-1053
-1201
-1443
-1197
-788
57
886
1440
1843
1945
2180
2338
2105
1560
1054
702
242
-148
-344
-441
-388
-272
-394
-690
-922
-1011
-1167
-1450
-1650
-1765
-1631
-1422
-1159
-749
-320
287
766
1016
1133
1310
1489
1504
1642
1647
1642
1746
1757
1684
1629
1634
1423
1086
641
184
-110
-299
-403
-512
-600
-651
-538
-459
-427
-240
-114
-53
-20
28
-23
-26
74
-7
-72
-166
-292
-428
-620
-767
-962
-1135
-1370
-1579
-1704
-1864
-1829
-1821
-1889
-1925
-1943
-1861
-1858
-1813
-1827
-1842
-1701
-1603
-1480
-1448
-1300
-1042
-904
-813
-875
-853
-867
-967
-1059
-1327
-1527
-1658
-1722
-1732
-1668
-1449
-1330
-1189
-1080
-1070
-935
-932
-1014
-1196
-1447
-1676
-1865
-1407
-408
978
2354
3486
4486
5055
5657
5869
5646
5230
4514
3719
2593
1799
1390
1273
1340
1225
1151
728
431
278
-173
-586
-979
-1239
-1577
-1743
-1487
-1021
-220
551
1185
1567
1721
1963
1958
1748
1474
1183
795
333
76
-111
-120
1
28
-160
-483
-754
-1040
-1319
-1607
-1749
-1811
-1808
-1640
-1354
-946
-441
169
562
770
931
1041
1101
1125
1209
1274
1484
1709
1893
2010
2100
2116
1934
1665
1071
587
192
-198
-435
-622
-637
-688
-536
-495
-457
-286
-286
-81
-60
-103
-100
-115
-125
-199
-57
-108
-131
-108
-298
-426
-663
-858
-1064
-1265
-1403
-1531
-1544
-1658
-1658
-1607
-1653
-1599
-1539
-1551
-1645
-1650
-1674
-1711
-1617
-1463
-1241
-1039
-882
-831
-792
-819
-855
-861
-1038
-1167
-1240
-1196
-1153
-1038
-804
-692
-559
-567
-597
-723
-863
-904
-1175
-1390
-1588
-1668
-1687
-1706
-1286
-524
557
1608
2558
3345
3728
4171
4305
4094
3861
3582
3290
2763
2372
2149
2084
2133
2029
1907
1465
988
623
37
-553
-936
-1089
-1247
-1288
-1151
-917
-454
101
560
835
997
1120
1112
878
650
576
543
512
478
421
310
329
339
165
-52
-280
-507
-830
-1122
-1296
-1326
-1183
-1007
-814
-650
-430
-124
115
261
361
462
493
476
519
639
913
1243
1503
1709
1827
1828
1710
1460
1071
709
428
126
-163
-397
-554
-586
-535
-499
-451
-442
-450
-403
-423
-483
-493
-462
-493
-501
-459
-465
-379
-278
-229
-269
-375
-470
-625
-767
-926
-1023
-1076
-1162
-1203
-1252
-1280
-1248
-1178
-1154
-1158
-1117
-1077
-1051
-991
-923
-818
-681
-590
-516
-502
-481
-436
-392
-350
-364
-346
-333
-327
-354
-358
-328
-353
-310
-290
-324
-310
-293
-336
-413
-444
-472
-481
-445
-397
-302
-211
-102
43
135
279
546
795
994
1238
1470
1603
1710
1761
1747
1725
1697
1671
1608
1548
1527
1531
1457
1334
1252
1113
985
884
740
570
448
394
303
258
238
201
170
88
-26
-147
-244
-338
-439
-589
-737
-805
-851
-857
-801
-699
-612
-466
-343
-299
-204
-109
-36
-9
29
91
139
213
290
363
419
496
558
505
439
377
258
121
-3
-106
-213
-284
-305
-363
-402
-392
-371
-372
-371
-345
-348
-339
-311
-275
-239
-224
-187
-163
-175
-159
-133
-127
-148
-139
-122
-142
-110
-105
-122
-110
-78
-29
-20
27
45
57
28
-62
-101
-158
-175
-188
-201
-207
-180
-86
-47
-1
28
22
48
64
69
72
87
120
148
147
147
183
210
202
180
146
118
108
88
60
22
-22
-89
-177
-234
-253
-242
-222
-210
-193
-189
-156
-97
-72
-42
-29
-19
-54
-111
-147
-197
-183
-178
-144
-132
-134
-51
-21
33
76
126
164
164
217
188
214
282
330
405
405
452
488
493
484
425
370
248
169
60
-73
-134
-243
-325
-391
-426
-439
-452
-429
-427
-416
-400
-342
-263
-198
-101
-9
89
201
327
415
509
630
717
784
803
805
763
678
581
470
369
248
141
8
-152
-268
-366
-437
-485
-531
-566
-585
-559
-522
-477
-404
-348
-278
-226
-194
-135
-94
-54
-47
-69
-91
-109
-81
-72
-40
9
38
87
129
175
210
216
202
152
104
50
9
-15
-49
-36
-18
-15
25
80
142
186
220
247
256
276
290
311
322
351
390
397
407
417
428
407
355
298
227
136
56
-1
-73
-134
-175
-227
-279
-307
-339
-351
-349
-351
-356
-393
-404
-387
-356
-319
-291
-260
-253
-200
-166
-158
-119
-119
-107
-121
-128
-99
-99
-78
-75
-67
-67
-46
13
14
43
59
58
80
86
96
70
68
83
85
91
74
71
39
-24
-83
-156
-191
-217
-238
-272
-302
-280
-259
-216
-187
-163
-129
-101
-52
12
85
160
245
330
411
510
615
673
697
696
666
634
571
495
390
257
135
8
-91
-195
-254
-283
-332
-355
-378
-362
-335
-318
-309
-325
-304
-284
-269
-280
-295
-273
-264
-233
-204
-168
-110
-55
-2
43
108
165
225
272
282
300
307
305
281
253
219
194
184
132
96
65
41
23
7
7
-4
9
-6
-18
0
18
82
120
165
212
242
276
282
314
304
281
239
146
101
45
25
-6
-78
-121
-177
-190
-198
-210
-237
-297
-325
-390
-449
-467
-485
-461
-449
-416
-360
-297
-193
-116
-47
-12
16
51
49
73
75
73
91
105
141
182
225
231
219
187
145
98
31
-35
-105
-154
-183
-168
-153
-130
-104
-127
-143
-179
-216
-246
-272
-294
-321
-315
-301
-240
-160
-99
-33
18
52
75
89
96
120
155
205
274
357
462
560
627
639
628
580
506
440
347
257
150
49
-36
-111
-133
-148
-154
-166
-174
-178
-214
-223
-244
-273
-290
-316
-337
-375
-372
-349
-323
-297
-276
-239
-200
-122
-46
27
100
167
225
257
289
312
334
323
292
248
215
215
206
192
173
162
142
135
131
106
102
109
116
83
79
98
112
155
192
237
252
274
288
274
255
210
173
105
54
33
-18
-76
-128
-166
-216
-255
-286
-324
-332
-352
-374
-394
-423
-426
-425
-415
-400
-366
-303
-236
-146
-90
-21
46
82
117
111
105
88
93
101
108
149
177
216
233
212
179
110
24
-60
-128
-178
-224
-254
-272
-269
-243
-232
-219
-231
-247
-244
-270
-289
-313
-323
-307
-279
-214
-157
-96
-32
23
56
42
32
26
25
59
98
155
233
315
386
419
452
478
477
440
382
344
295
256
223
171
131
113
115
104
91
74
47
22
-18
-70
-139
-203
-254
-290
-306
-294
-253
-222
-205
-193
-174
-143
-117
-99
-88
-64
-31
3
41
90
142
173
226
259
248
214
190
183
186
199
171
146
135
154
168
143
108
64
37
-15
-32
-32
-22
14
32
72
88
130
158
160
150
89
65
22
7
-3
-46
-78
-129
-139
-156
-163
-169
-197
-199
-235
-273
-289
-299
-303
-314
-296
-262
-223
-153
-75
9
66
88
88
61
54
60
63
71
92
132
147
153
165
164
130
70
19
-31
-71
-99
-121
-139
-150
-153
-161
-178
-195
-209
-228
-252
-258
-255
-246
-230
-218
-184
-148
-118
-90
-74
-51
-53
-43
-48
-51
-23
13
87
136
179
209
228
263
284
309
289
269
264
246
245
239
247
239
220
213
196
191
188
185
163
114
68
14
-46
-95
-136
-187
-241
-270
-281
-287
-276
-238
-206
-166
-108
-58
-24
-6
11
11
4
9
1
-2
7
36
57
57
62
63
65
66
73
68
54
54
42
13
-2
9
15
27
49
77
103
135
160
167
180
181
186
175
158
161
158
158
139
124
96
54
28
-18
-54
-73
-87
-92
-110
-114
-115
-103
-94
-103
-114
-137
-154
-166
-170
-168
-135
-87
-48
-4
34
72
94
128
139
141
151
126
111
74
53
41
33
23
-24
-46
-109
-163
-204
-265
-292
-315
-306
-305
-290
-260
-246
-221
-217
-199
-191
-190
-173
-162
-154
-141
-113
-89
-69
-46
-35
-42
-40
-32
-27
-22
-13
5
16
42
64
85
122
172
229
262
285
301
322
348
360
369
356
351
355
343
330
311
287
250
200
135
57
-11
-74
-135
-184
-211
-219
-204
-173
-126
-79
-41
-5
10
16
22
22
16
6
12
11
12
22
32
51
68
88
89
79
63
32
4
-46
-93
-112
-116
-88
-61
-48
-45
-32
-16
-2
20
21
13
14
6
3
14
20
26
29
30
26
28
18
-11
-34
-84
-112
-118
-121
-107
-90
-51
-23
16
38
43
40
8
-20
-50
-58
-46
-13
31
70
122
166
209
242
251
237
193
144
98
61
14
-32
-63
-96
-120
-136
-149
-173
-205
-242
-294
-334
-362
-358
-343
-333
-298
-270
-235
-203
-166
-141
-139
-121
-123
-111
-101
-87
-60
-53
-17
15
50
83
108
132
123
113
85
61
52
46
73
93
119
157
188
219
233
247
243
236
234
217
216
213
214
210
185
171
150
123
79
29
-14
-73
-105
-142
-158
-139
-111
-67
-50
-27
-9
0
4
-4
2
-2
-4
-7
-14
-11
4
23
31
30
18
12
5
-4
-13
-16
-29
-39
-37
-47
-36
-13
21
56
76
98
110
123
129
123
111
88
71
55
24
1
-20
-33
-42
-54
-70
-98
-119
-132
-141
-131
-107
-70
-26
20
72
125
163
181
179
162
153
152
142
128
128
141
158
191
215
226
236
236
214
170
124
70
13
-51
-118
-168
-214
-245
-266
-292
-309
-312
-307
-308
-303
-295
-299
-297
-288
-284
-275
-261
-240
-219
-206
-195
-188
-180
-166
-150
-135
-122
-93
-62
-32
3
26
48
64
89
102
103
102
85
94
106
131
150
158
184
190
209
217
230
235
219
207
170
140
113
83
49
7
-18
-48
-74
-92
-101
-101
-103
-86
-69
-47
-12
35
77
107
136
150
152
149
141
135
131
133
125
102
76
58
47
21
-6
-26
-45
-53
-66
-84
-97
-100
-89
-82
-62
-29
14
55
72
86
88
99
117
120
128
118
105
78
39
15
-9
-25
-57
-100
-137
-171
-191
-221
-246
-259
-259
-228
-186
-135
-72
-15
33
57
77
97
122
149
160
178
195
221
246
254
264
268
270
246
207
162
111
62
-6
-76
-143
-188
-212
-234
-246
-252
-248
-235
-222
-210
-201
-181
-155
-127
-107
-98
-81
-74
-71
-71
-84
-100
-116
-115
-121
-117
-109
-105
-95
-97
-94
-97
-96
-91
-83
-71
-74
-64
-51
-44
-22
5
45
90
144
197
238
278
304
332
345
344
338
306
251
188
124
58
4
-36
-81
-114
-140
-158
-165
-167
-164
-154
-139
-120
-86
-50
-15
28
64
88
106
123
136
141
147
144
138
125
109
99
86
69
50
25
-1
-28
-50
-75
-95
-94
-82
-64
-33
8
57
103
138
157
167
170
163
150
122
96
80
66
51
37
29
9
-17
-48
-91
-135
-182
-223
-258
-285
-286
-271
-238
-200
-148
-92
-51
-14
5
20
33
47
67
87
133
186
241
282
306
333
335
320
279
219
158
88
22
-50
-107
-133
-145
-146
-158
-161
-154
-148
-138
-141
-146
-148
-148
-147
-150
-142
-126
-106
-93
-98
-100
-101
-98
-97
-107
-119
-123
-121
-115
-109
-91
-71
-57
-43
-40
-30
-28
-32
-44
-58
-56
-47
-23
3
37
79
119
162
196
228
246
242
216
175
142
115
94
71
43
19
-1
-13
-25
-32
-46
-71
-92
-111
-112
-99
-71
-35
-3
30
59
89
117
142
165
172
173
171
159
150
139
130
117
100
82
48
16
-12
-36
-56
-76
-75
-61
-36
2
34
55
68
75
71
60
50
45
35
11
-9
-19
-23
-24
-32
-53
-83
-110
-134
-164
-193
-210
-219
-220
-216
-190
-146
-97
-48
-13
4
7
12
17
17
29
53
84
116
159
204
239
266
272
263
240
211
178
131
81
41
10
-18
-38
-43
-43
-39
-34
-33
-39
-47
-61
-77
-90
-91
-78
-58
-41
-22
-2
12
16
7
-16
-45
-76
-98
-114
-120
-121
-117
-111
-107
-92
-78
-72
-75
-89
-106
-123
-128
-126
-116
-97
-64
-16
35
89
134
159
163
150
130
99
67
41
12
-13
-26
-29
-26
-21
-9
-5
-8
-16
-30
-46
-66
-77
-83
-79
-62
-31
1
30
57
79
94
108
122
135
147
155
166
174
182
185
176
151
113
74
28
-17
-59
-91
-114
-123
-120
-105
-79
-51
-22
-1
13
22
31
28
24
21
21
28
33
41
45
44
32
2
-41
-89
-137
-181
-218
-243
-245
-229
-200
-162
-117
-77
-41
-14
1
20
41
67
94
124
161
200
240
274
300
308
298
264
211
152
93
40
-11
-52
-84
-101
-105
-102
-89
-76
-65
-67
-78
-87
-89
-80
-65
-44
-22
4
29
48
56
55
44
19
-19
-58
-88
-113
-128
-135
-139
-137
-133
-128
-131
-135
-136
-146
-162
-176
-180
-170
-153
-124
-87
-41
10
60
99
123
146
155
145
124
100
76
53
38
25
17
18
21
21
17
5
-4
-22
-44
-66
-79
-78
-66
-43
-13
18
54
85
113
138
158
179
190
201
212
222
230
228
225
214
200
174
140
105
63
26
-11
-43
-62
-67
-62
-57
-47
-41
-31
-22
-22
-20
-23
-25
-23
-26
-24
-18
-5
7
10
8
-7
-27
-53
-89
-129
-168
-199
-222
-236
-241
-235
-217
-197
-172
-148
-124
-98
-73
-47
-17
26
75
131
183
229
270
297
308
300
271
227
175
116
61
15
-18
-38
-50
-54
-54
-51
-45
-40
-42
-45
-47
-49
-42
-32
-13
10
34
53
64
70
63
47
16
-22
-59
-88
-106
-118
-119
-112
-100
-88
-85
-83
-88
-93
-105
-120
-128
-129
-118
-102
-81
-60
-36
-11
9
25
33
40
40
36
27
17
11
9
3
-5
-13
-21
-32
-47
-62
-77
-91
-103
-112
-116
-110
-96
-78
-57
-31
1
32
61
85
107
129
150
167
182
196
212
220
220
214
197
179
153
121
86
52
28
9
-2
-3
4
17
29
41
49
55
58
59
53
46
48
50
57
61
64
66
64
60
44
24
-3
-36
-72
-111
-145
-169
-183
-190
-191
-186
-170
-147
-121
-90
-57
-24
7
35
64
94
125
154
174
190
201
209
207
194
168
130
85
35
-14
-56
-89
-116
-137
-145
-142
-127
-106
-86
-67
-53
-45
-35
-28
-18
-6
8
18
25
32
38
41
33
14
-10
-36
-62
-81
-94
-98
-96
-90
-85
-82
-69
-58
-48
-46
-48
-48
-45
-37
-25
-10
9
26
45
56
68
78
79
73
57
39
21
6
-9
-24
-38
-50
-62
-74
-86
-99
-102
-105
-111
-116
-118
-115
-107
-97
-83
-66
-45
-23
-3
18
42
68
91
114
134
152
171
182
189
187
177
160
139
116
92
68
44
26
11
3
-1
-2
2
7
13
16
20
29
34
40
42
45
56
69
86
98
106
108
100
84
60
28
-11
-57
-107
-151
-188
-211
-219
-219
-210
-192
-166
-131
-96
-57
-24
7
34
61
88
112
137
155
165
164
154
136
107
72
32
-10
-51
-86
-112
-126
-128
-121
-104
-84
-56
-30
-4
20
37
49
58
64
69
76
85
91
95
93
84
71
52
27
-2
-32
-58
-84
-102
-113
-116
-112
-107
-97
-91
-80
-68
-57
-49
-39
-32
-23
-10
6
29
52
73
91
101
108
111
108
97
81
59
33
9
-12
-30
-49
-68
-90
-114
-138
-155
-169
-179
-187
-193
-193
-184
-170
-146
-125
-100
-80
-58
-38
-18
7
31
52
73
95
119
146
170
187
197
196
189
176
160
141
119
101
79
66
53
46
37
28
21
12
6
1
2
7
11
27
43
61
84
101
109
111
106
90
63
33
-1
-35
-65
-89
-111
-126
-130
-130
-118
-103
-81
-59
-35
-6
17
41
67
88
97
102
104
103
94
83
64
34
6
-33
-71
-101
-124
-138
-141
-137
-129
-111
-90
-68
-49
-36
-21
-13
-13
-4
6
7
8
13
7
-1
-5
-16
-26
-40
-54
-68
-82
-96
-102
-105
-103
-92
-90
-84
-74
-66
-54
-37
-17
-5
1
5
18
35
46
59
65
73
75
78
81
78
74
63
46
29
26
24
25
29
15
1
-14
-41
-65
-77
-94
-112
-115
-117
-108
-90
-72
-58
-46
-33
-22
-13
-7
1
6
16
33
48
82
113
137
155
160
166
168
162
139
117
97
77
74
62
55
55
51
50
53
51
41
31
17
6
0
8
15
19
35
54
68
114
131
87
71
57
-5
-55
-76
-104
-128
-134
-137
-114
-81
-44
-2
-8
-21
-3
-13
-30
-18
-12
7
26
38
62
65
47
45
15
-24
-32
-74
-115
-133
-163
-151
-112
-109
-97
-77
-78
-33
-8
4
53
18
29
142
148
517
1205
1180
892
865
356
-287
-489
-767
-996
-882
-765
-538
-136
176
396
378
38
-281
-489
-695
-785
-707
-530
-331
-88
161
273
353
448
292
187
439
453
349
516
406
130
122
11
-152
-111
-189
-284
-173
-123
-108
-22
-23
-88
-118
-192
-269
-265
-236
-218
-176
-88
-19
33
98
79
-7
-24
-19
-56
-28
12
9
71
108
92
133
187
161
116
90
40
-9
-21
-18
-37
-22
80
148
144
189
247
234
220
183
86
-18
-79
-116
-131
-90
1
102
114
81
88
45
-36
-65
-91
-158
-161
-86
-59
-56
-13
-1
-48
-45
-44
-76
-12
94
138
179
197
181
156
81
0
-53
-87
-87
-61
-52
-40
15
35
-16
-57
-62
-92
-142
-162
-159
-133
-73
-20
12
36
73
106
98
87
104
104
73
60
72
65
51
58
45
23
28
33
10
-21
-29
-41
-57
-75
-103
-114
-112
-107
-94
-74
-51
-19
14
42
59
70
90
100
83
89
96
76
61
43
36
37
18
5
-4
-47
-81
-91
-134
-167
-176
-203
-213
-191
-172
-145
-107
-76
-53
-40
-29
-31
-38
-33
-8
14
32
52
54
52
68
80
78
65
51
32
9
-15
-19
-23
-44
-43
-19
-11
1
31
40
48
83
81
75
114
132
129
152
171
173
188
200
176
153
140
112
86
51
-3
-21
-42
-89
-77
-68
-98
-95
-88
-110
-100
-67
-54
-50
-36
-29
-20
12
17
7
29
42
34
46
43
19
24
10
-34
-29
-14
-41
-51
-51
-87
-97
-82
-88
-96
-85
-58
-31
-23
-14
-2
-5
-15
-27
-36
-36
-29
-14
-16
-18
14
33
8
1
-1
-26
-21
0
-13
-8
29
30
22
43
53
47
36
21
19
24
30
49
72
87
109
131
127
118
97
68
59
46
19
5
-1
-10
-15
-18
-38
-58
-67
-86
-99
-100
-98
-100
-111
-112
-105
-101
-104
-98
-78
-70
-52
-15
-7
-11
-19
-34
-41
-42
-45
-42
-21
-10
1
23
38
41
39
26
-7
-36
-41
-46
-47
-37
-30
-20
4
27
38
50
62
57
49
39
31
35
48
48
47
68
73
71
75
53
39
31
1
-21
-21
-28
-23
-11
-25
-24
-4
-11
-21
9
45
54
79
108
87
79
101
98
96
112
110
94
89
75
53
39
21
1
-21
-32
-36
-33
-43
-67
-75
-76
-98
-114
-115
-112
-100
-91
-85
-68
-46
-33
-18
-21
-33
-33
-42
-56
-57
-60
-62
-33
-9
0
24
40
34
29
34
34
26
7
-7
-11
-10
-7
5
31
46
65
92
100
108
118
103
73
50
21
-10
-19
-19
-28
-36
-35
-38
-39
-43
-61
-83
-93
-98
-110
-118
-102
-81
-71
-57
-34
-24
-22
-13
-16
-23
-25
-30
-34
-35
-42
-48
-42
-40
-28
-2
12
12
20
26
20
20
13
-5
-15
-17
-20
-19
-17
-2
23
31
38
51
62
71
72
67
50
34
35
25
9
12
19
22
27
28
39
54
53
47
46
31
14
18
19
21
28
24
34
60
61
60
79
81
69
70
73
74
63
48
42
29
14
-3
-18
-16
-20
-22
-19
-32
-31
-24
-39
-41
-32
-42
-40
-40
-61
-72
-85
-91
-82
-78
-69
-61
-58
-37
-7
2
13
16
1
2
3
-3
16
28
22
23
20
28
32
15
11
7
-8
0
18
35
59
74
87
99
92
79
57
25
19
5
-13
-7
-14
-28
-20
-26
-41
-32
-41
-65
-52
-34
-32
-25
-21
-21
-20
-23
-25
-17
-4
-3
3
17
13
11
11
-9
-27
-33
-49
-56
-43
-33
-14
1
6
15
5
-19
-41
-64
-78
-70
-65
-61
-40
-22
-7
4
14
26
24
33
55
47
48
79
76
71
85
79
61
38
11
-10
-29
-41
-44
-63
-76
-57
-47
-48
-30
-11
12
26
26
40
50
49
57
59
55
75
83
75
88
88
78
87
75
62
64
54
42
40
31
24
21
12
2
-1
-12
-36
-51
-65
-81
-89
-105
-117
-113
-119
-129
-118
-102
-83
-65
-59
-56
-45
-36
-28
-19
-20
-21
-24
-20
-14
-12
7
14
-5
-13
-9
-12
-11
-8
-2
18
37
50
63
74
87
94
90
78
69
56
43
29
18
24
24
11
0
-14
-27
-43
-61
-65
-58
-61
-52
-40
-40
-37
-30
-30
-33
-26
-26
-45
-49
-26
-19
-18
-3
5
8
20
24
24
38
45
32
22
12
-6
-31
-58
-68
-70
-64
-53
-46
-41
-29
-17
-11
-2
12
31
40
41
54
64
68
74
75
66
64
66
59
46
46
42
18
0
-9
-32
-45
-38
-35
-29
-9
10
22
35
53
65
59
57
76
86
84
93
106
108
107
98
76
62
55
35
13
10
21
16
3
-3
-15
-38
-57
-74
-96
-104
-110
-122
-121
-103
-93
-87
-83
-89
-87
-87
-96
-88
-63
-49
-45
-28
-12
-5
-3
1
1
-16
-31
-35
-33
-24
-12
-8
-10
-2
9
5
-6
2
13
11
24
45
51
55
62
51
32
22
10
-13
-34
-43
-45
-47
-45
-36
-22
-19
-36
-37
-40
-50
-48
-38
-33
-29
-20
-18
-11
-3
-3
-2
-2
-1
7
10
13
33
48
46
47
49
41
39
39
23
15
19
18
2
-7
7
15
2
-3
9
12
21
34
45
48
53
59
60
63
72
79
68
54
42
34
27
20
16
22
17
4
4
0
-9
-8
-4
0
8
16
31
41
44
53
55
49
45
43
40
35
41
41
24
18
21
12
7
9
1
-3
0
-10
-21
-29
-45
-54
-60
-64
-62
-68
-77
-90
-107
-114
-128
-139
-128
-104
-85
-67
-41
-26
-29
-49
-68
-76
-84
-83
-68
-51
-30
-14
-4
6
-5
-9
-4
-14
-16
1
17
36
53
68
89
90
75
71
70
68
73
75
60
45
26
11
-3
-25
-41
-51
-57
-51
-40
-36
-32
-32
-35
-31
-31
-18
-7
-17
-15
7
26
37
56
66
68
63
64
70
64
60
69
60
44
51
56
45
28
15
-3
-26
-45
-57
-72
-85
-81
-68
-63
-56
-42
-39
-35
-23
-14
-9
2
17
15
9
14
17
7
-1
-4
-9
-11
-14
-22
-25
-11
2
6
8
5
9
-1
-14
-5
-3
-24
-36
-34
-36
-14
15
22
22
31
42
54
61
62
56
32
15
20
24
27
34
31
15
7
13
15
12
5
-7
-23
-28
-26
-33
-33
-31
-33
-22
-12
-13
-5
9
3
-3
4
-1
-5
-8
-16
-20
-21
-28
-27
-28
-36
-33
-21
-15
-9
8
19
26
37
43
51
60
67
68
68
62
51
46
38
29
22
17
6
-6
-12
-24
-34
-49
-70
-86
-98
-105
-100
-100
-105
-92
-83
-81
-67
-51
-41
-29
-17
-4
13
27
35
40
39
40
43
49
58
69
69
60
51
45
23
4
-6
-26
-40
-40
-41
-42
-29
-14
-5
5
12
18
19
11
11
11
3
10
23
29
39
50
47
41
43
31
16
3
-6
-20
-26
-23
-28
-22
-10
3
17
35
49
61
62
58
59
51
47
51
56
62
72
79
80
74
66
53
31
10
3
-5
-6
9
25
31
37
40
29
15
-1
-9
-21
-38
-50
-59
-62
-56
-50
-52
-49
-48
-52
-59
-61
-64
-68
-68
-63
-62
-61
-40
-38
-52
-51
-54
-67
-68
-60
-59
-57
-46
-40
-36
-32
-24
-17
-20
-16
-11
-7
0
5
4
4
2
-8
-16
-26
-28
-24
-24
-19
-8
0
5
7
7
10
7
3
-4
-11
-4
9
17
31
50
63
68
75
78
76
69
67
68
68
72
78
79
75
73
69
61
47
34
23
4
-9
-15
-23
-32
-37
-43
-48
-44
-34
-29
-20
-8
-1
4
10
9
-3
-19
-35
-49
-56
-62
-67
-65
-70
-73
-70
-68
-69
-68
-68
-72
-74
-70
-62
-51
-46
-40
-27
-18
-15
-10
-6
-3
1
6
10
12
18
21
22
30
36
36
37
39
36
41
48
44
41
41
37
34
34
36
40
38
32
24
20
17
10
4
0
-3
-4
5
16
22
27
27
20
19
15
5
1
-7
-11
-8
-12
-10
3
6
9
22
31
36
47
49
42
40
40
34
28
23
18
12
7
6
-1
-9
-18
-33
-48
-59
-64
-64
-68
-67
-61
-61
-63
-58
-63
-68
-66
-70
-71
-62
-51
-38
-21
-7
-1
7
15
12
12
12
13
20
28
32
37
36
29
25
11
-6
-17
-29
-43
-44
-35
-26
-13
6
15
22
33
39
34
35
40
42
43
41
43
46
43
41
40
35
29
21
14
9
8
7
6
7
4
0
2
4
2
2
9
17
23
37
53
61
69
76
76
70
67
64
54
45
39
33
27
22
14
9
4
3
1
-1
3
4
3
-4
-8
-17
-21
-24
-29
-25
-22
-19
-17
-15
-15
-16
-19
-20
-24
-28
-28
-24
-23
-19
-14
-13
-16
-21
-26
-32
-39
-41
-38
-37
-34
-30
-23
-21
-16
-10
-4
0
0
-1
-5
-13
-20
-25
-31
-33
-32
-32
-28
-23
-19
-18
-19
-21
-27
-30
-32
-38
-40
-39
-38
-36
-31
-24
-22
-16
-7
-2
8
17
22
28
27
26
34
37
39
50
58
60
65
72
69
61
54
44
32
22
23
22
19
21
19
20
23
22
27
27
23
30
31
27
24
23
12
-5
-14
-27
-39
-43
-47
-54
-59
-62
-63
-70
-75
-81
-84
-81
-80
-66
-52
-38
-21
-12
-4
0
0
-4
-13
-14
-13
-10
-2
6
10
12
13
6
-2
-6
-11
-12
-12
-12
-3
-1
-2
-4
-10
-15
-21
-21
-19
-16
-9
1
10
20
27
36
41
40
41
45
46
45
47
48
45
46
48
48
48
49
50
47
42
35
25
16
5
1
1
3
11
15
12
10
10
2
-5
-8
-12
-18
-16
-14
-12
-5
-7
-12
-17
-28
-39
-42
-49
-54
-55
-62
-66
-66
-66
-71
-70
-67
-62
-50
-39
-25
-14
-4
2
7
12
13
14
15
13
14
18
24
26
27
25
18
12
5
-6
-11
-14
-22
-19
-15
-9
1
6
10
15
11
8
8
6
6
5
3
1
-3
-5
-11
-18
-22
-26
-29
-31
-33
-32
-27
-25
-22
-17
-13
-9
-6
-1
5
12
18
22
31
43
53
64
70
77
79
75
70
63
54
47
38
30
26
23
26
26
27
29
28
26
25
26
26
29
33
37
42
48
52
56
58
54
50
43
33
25
16
5
-5
-10
-15
-23
-24
-25
-26
-28
-28
-33
-37
-40
-48
-52
-57
-62
-59
-60
-58
-53
-51
-50
-46
-41
-39
-31
-22
-15
-5
4
15
19
22
21
16
8
-3
-14
-26
-37
-47
-52
-60
-67
-70
-74
-76
-77
-74
-69
-56
-46
-32
-13
3
19
33
47
55
64
71
73
75
73
69
60
49
35
18
1
-14
-25
-33
-34
-29
-19
-9
1
10
15
20
22
20
18
19
20
21
23
27
28
28
27
25
21
17
11
9
7
10
14
16
17
17
17
14
16
19
23
24
27
29
28
27
26
24
20
18
13
9
5
1
-3
-9
-13
-18
-21
-24
-23
-21
-16
-13
-15
-15
-22
-30
-38
-50
-54
-56
-55
-49
-38
-28
-19
-6
4
13
24
30
33
36
38
36
31
29
21
10
-2
-16
-27
-36
-40
-45
-42
-42
-37
-30
-26
-21
-16
-11
-8
-4
0
0
1
5
5
11
18
23
26
25
21
14
8
-1
-12
-22
-36
-44
-51
-55
-53
-52
-47
-44
-43
-41
-45
-45
-46
-48
-47
-42
-36
-32
-25
-14
0
14
31
43
50
57
59
58
57
54
51
45
37
34
30
26
24
20
14
10
5
2
0
4
12
20
32
45
51
54
50
41
30
20
16
11
8
6
-2
-5
-9
-14
-15
-20
-19
-12
4
36
77
122
161
185
196
199
206
213
223
235
245
253
259
265
261
247
221
182
138
95
63
42
29
17
1
-13
-33
-51
-70
-85
-101
-112
-119
-127
-129
-130
-135
-142
-156
-180
-201
-220
-239
-251
-259
-265
-270
-276
-284
-292
-299
-303
-307
-307
-305
-296
-282
-264
-245
-222
-198
-174
-148
-125
-103
-81
-56
-28
2
34
64
91
115
132
149
165
176
181
182
176
174
177
179
181
183
181
176
169
162
159
158
158
154
153
153
154
155
153
147
139
128
115
103
90
75
59
40
18
-3
-22
-42
-63
-80
-97
-107
-113
-116
-115
-118
-119
-122
-124
-122
-118
-113
-108
-104
-96
-88
-79
-69
-61
-57
-57
-55
-53
-44
-35
-20
-5
10
25
38
53
68
85
100
111
119
124
126
130
136
146
158
164
169
170
170
173
176
177
171
155
133
111
94
85
78
70
51
25
-5
-35
-56
-76
-93
-112
-133
-146
-151
-144
-129
-117
-108
-105
-107
-109
-109
-101
-95
-83
-71
-62
-54
-47
-42
-39
-38
-39
-44
-54
-64
-69
-66
-53
-34
-15
-4
-3
-5
-6
0
14
27
36
38
39
42
53
67
76
74
60
42
30
30
41
54
62
59
47
36
30
24
20
13
1
-7
-11
-4
4
9
3
-10
-26
-39
-44
-40
-32
-21
-9
2
15
25
30
24
10
-4
-16
-19
-18
-19
-22
-27
-27
-26
-21
-20
-27
-39
-51
-53
-41
-22
-2
11
17
22
31
45
57
59
47
30
16
17
28
43
50
45
28
4
-13
-30
-49
-69
-87
-99
-96
-74
-45
-18
-7
-10
-25
-42
-50
-49
-39
-32
-20
-11
0
13
24
31
19
0
-21
-36
-35
-16
11
33
50
54
57
61
64
68
62
53
42
33
34
39
50
57
60
56
43
36
29
24
18
8
-11
-25
-32
-30
-12
4
18
14
0
-17
-35
-44
-49
-47
-47
-39
-32
-23
-12
-10
-12
-26
-44
-63
-68
-59
-42
-18
-2
7
8
4
2
-1
-2
-5
-5
-5
-1
1
0
-3
-4
4
14
25
35
39
47
58
73
77
66
46
21
8
6
14
16
11
1
-11
-9
-10
-13
-26
-45
-57
-60
-45
-26
-8
8
20
33
41
44
39
35
33
39
47
47
44
36
36
43
59
66
57
36
10
-2
4
25
44
49
36
11
-8
-18
-18
-22
-39
-58
-74
-69
-43
-16
-4
-24
-57
-84
-83
-56
-19
4
5
-3
-8
5
16
13
-10
-45
-67
-61
-36
-16
-12
-24
-34
-26
-12
1
-11
-35
-50
-40
0
48
83
90
79
62
49
44
37
34
26
15
-6
-36
-59
-68
-55
-33
-23
-40
-76
-102
-98
-65
-28
-12
-20
-32
-24
13
49
63
37
-3
-28
-23
6
27
30
14
2
2
12
13
-4
-32
-54
-56
-47
-37
-41
-53
-62
-63
-58
-55
-57
-58
-49
-27
-4
5
-10
-37
-56
-44
-3
51
95
117
123
119
123
127
125
111
87
69
65
81
103
114
106
79
48
22
9
6
14
34
57
85
103
110
100
79
52
22
-6
-33
-49
-50
-39
-22
-16
-27
-52
-83
-105
-121
-134
-151
-165
-164
-135
-88
-34
6
27
33
30
26
11
-9
-27
-26
0
35
57
46
9
-37
-71
-90
-103
-114
-124
-119
-90
-40
4
24
13
-12
-31
-42
-42
-50
-64
-75
-69
-38
3
35
42
27
2
-15
-16
-11
2
19
40
75
106
131
138
133
131
132
135
129
107
81
67
71
91
110
114
105
91
76
57
28
-5
-26
-19
12
48
61
46
12
-21
-36
-44
-52
-59
-61
-45
-19
-3
-13
-51
-93
-125
-136
-133
-134
-131
-113
-69
-16
19
14
-36
-97
-142
-155
-146
-132
-115
-97
-65
-28
3
13
3
-7
-9
6
24
38
50
72
99
122
121
92
51
24
27
50
72
77
64
49
39
32
17
-10
-36
-50
-38
-9
22
42
54
61
62
51
23
-12
-34
-37
-28
-25
-44
-75
-92
-72
-19
31
43
11
-39
-66
-48
-1
38
40
14
-14
-17
3
17
8
-22
-47
-46
-24
4
11
2
-9
-9
-6
-12
-25
-35
-14
35
84
102
78
42
25
43
67
68
38
5
8
54
112
133
102
45
3
0
13
15
-5
-21
-10
29
64
55
9
-41
-53
-19
23
35
6
-31
-47
-35
-26
-52
-107
-151
-144
-82
-2
44
34
-8
-45
-52
-34
-17
-16
-32
-48
-47
-29
0
30
47
45
23
-17
-48
-55
-25
26
70
83
61
21
-13
-20
-3
27
54
70
76
74
67
51
21
-15
-47
-58
-39
1
41
61
56
34
14
12
17
13
-11
-47
-77
-82
-61
-33
-13
-13
-24
-32
-31
-29
-41
-77
-131
-183
-214
-206
-166
-112
-63
-34
-22
-19
-11
-2
3
-2
-13
-19
-6
24
57
73
62
38
12
5
20
52
94
132
165
179
173
148
114
86
67
59
55
52
55
66
84
105
118
116
101
69
32
3
-10
-2
20
36
40
34
23
17
8
-14
-55
-102
-128
-120
-87
-56
-43
-58
-84
-107
-123
-135
-144
-145
-126
-84
-36
-2
7
0
-8
-9
0
9
16
21
32
45
51
40
11
-24
-54
-71
-67
-37
14
74
123
145
137
108
78
55
36
17
-1
-15
-14
-1
14
20
17
11
15
24
27
13
-20
-59
-89
-102
-99
-87
-66
-36
-4
19
23
4
-27
-52
-68
-75
-77
-76
-68
-44
-9
18
22
-1
-34
-50
-33
16
70
109
116
92
50
2
-42
-76
-91
-86
-58
-17
23
48
50
33
-2
-39
-64
-70
-50
-8
39
76
91
77
46
7
-26
-48
-53
-39
-9
30
64
81
69
39
-2
-36
-49
-40
-14
17
45
64
64
48
30
26
47
87
127
149
142
112
74
39
12
-12
-25
-28
-13
13
31
28
2
-26
-41
-29
-2
19
17
-9
-39
-64
-77
-83
-90
-91
-75
-38
15
63
84
75
40
2
-26
-41
-46
-41
-31
-15
6
21
24
11
-13
-35
-45
-39
-24
-6
3
5
-3
-14
-30
-49
-68
-79
-72
-45
-1
41
71
78
66
43
14
-10
-23
-25
-15
0
11
10
1
-3
2
19
31
25
6
-20
-35
-32
-27
-28
-39
-50
-51
-41
-32
-36
-53
-74
-79
-73
-60
-54
-57
-54
-40
-13
11
22
15
9
10
17
16
3
-12
-14
7
43
74
85
84
78
74
73
64
46
28
25
48
81
106
107
88
62
47
45
55
64
69
73
70
66
53
36
10
-20
-45
-57
-50
-27
1
16
13
-10
-40
-67
-81
-86
-82
-69
-48
-25
-7
-4
-16
-42
-68
-87
-94
-84
-64
-37
-19
-16
-27
-47
-60
-63
-54
-39
-24
-7
8
21
28
25
17
10
9
13
19
25
30
36
37
29
13
-3
-6
5
26
39
32
11
-14
-35
-46
-47
-42
-27
-3
28
49
53
37
4
-26
-46
-46
-30
-2
31
52
57
35
2
-26
-39
-33
-24
-21
-34
-51
-59
-52
-38
-29
-36
-54
-65
-61
-41
-20
-12
-21
-39
-52
-52
-37
-18
4
26
45
67
79
82
73
60
52
56
69
88
101
109
110
103
102
107
116
125
121
106
85
68
60
58
49
27
-2
-21
-19
5
34
52
52
41
29
19
9
-5
-23
-40
-48
-51
-48
-48
-46
-40
-35
-29
-33
-43
-57
-71
-79
-85
-85
-81
-75
-64
-53
-44
-33
-27
-28
-40
-60
-70
-61
-34
1
16
4
-22
-42
-42
-26
-12
-7
-5
2
20
37
42
37
28
27
30
27
14
-3
-10
-4
4
2
-16
-28
-24
-1
18
11
-21
-57
-68
-50
-19
-5
-21
-46
-57
-43
-17
0
-6
-26
-36
-32
-18
-10
-15
-21
-18
-1
15
17
0
-26
-46
-50
-38
-18
4
24
36
38
20
-8
-28
-31
-9
21
41
46
37
26
20
23
26
28
29
33
43
52
52
40
22
7
2
5
11
9
0
-11
-17
-12
-3
11
16
15
12
13
22
29
34
34
34
40
51
67
75
79
78
71
60
40
22
11
13
24
36
40
33
21
6
-12
-32
-55
-68
-66
-51
-31
-28
-36
-56
-72
-76
-76
-71
-67
-62
-54
-46
-34
-27
-24
-21
-20
-18
-18
-17
-13
-9
-2
5
13
19
22
16
8
-4
-13
-13
-8
2
12
26
42
55
58
44
20
1
-1
18
41
48
32
4
-13
-5
23
47
42
10
-30
-49
-37
-7
21
27
17
5
6
16
22
19
4
-11
-12
-2
9
13
-1
-18
-30
-35
-29
-23
-26
-36
-47
-53
-51
-47
-46
-53
-63
-67
-66
-58
-51
-47
-42
-33
-16
4
18
21
14
3
-4
-11
-17
-28
-32
-27
-7
19
37
40
26
11
-3
-7
-13
-17
-18
-18
-8
3
10
12
12
9
5
-2
-8
-9
-4
9
22
26
23
17
15
15
11
2
-3
7
36
65
78
59
20
-13
-22
-9
-1
-6
-24
-33
-19
8
29
25
10
4
19
44
54
39
12
-7
-5
6
10
5
-2
5
16
22
8
-10
-16
-3
19
21
-1
-31
-40
-18
21
46
40
15
-5
-6
4
7
-4
-23
-31
-24
-10
-4
-17
-41
-62
-63
-39
-3
24
28
11
-15
-31
-30
-17
-8
-11
-16
-18
-4
10
15
11
3
5
19
34
43
39
29
27
29
33
30
20
17
20
31
36
32
27
24
29
28
22
14
9
20
35
37
21
2
-5
7
30
35
26
11
7
22
38
39
17
-6
-12
-4
2
-12
-46
-86
-105
-96
-70
-46
-38
-39
-38
-32
-25
-24
-29
-26
-11
3
5
-19
-53
-70
-60
-25
7
21
16
6
4
6
-2
-25
-49
-54
-35
-2
16
7
-17
-37
-35
-21
-8
-9
-13
-10
4
19
21
5
-16
-23
-14
0
8
8
5
13
31
51
60
53
39
24
16
9
3
-1
-5
-7
-6
-9
-13
-15
-7
10
25
31
19
3
-6
-2
11
23
32
42
57
71
75
69
55
48
57
76
89
84
70
60
55
54
39
7
-28
-42
-29
-1
21
23
9
-8
-15
-19
-26
-44
-63
-67
-54
-28
-9
-9
-23
-38
-40
-28
-12
-6
-7
-12
-11
-2
9
12
8
1
1
12
27
38
34
22
3
-6
-11
-11
-7
-7
-7
-13
-28
-45
-57
-58
-50
-42
-42
-52
-59
-58
-48
-41
-45
-65
-89
-99
-89
-64
-38
-25
-26
-34
-43
-51
-59
-64
-62
-48
-22
5
21
18
1
-16
-24
-16
0
17
22
22
23
28
35
34
20
-1
-11
-1
30
64
74
57
27
13
33
68
90
84
55
31
35
57
73
63
29
3
0
18
33
22
-6
-32
-34
-19
-6
-3
-8
-4
9
20
14
-7
-22
-12
18
43
48
33
20
28
53
71
62
34
10
10
30
45
38
9
-16
-21
-3
14
12
-11
-36
-48
-41
-25
-18
-22
-31
-38
-38
-35
-31
-27
-21
-9
4
13
11
5
3
7
15
19
8
-15
-32
-34
-21
-8
-11
-27
-44
-48
-39
-29
-37
-59
-84
-87
-67
-42
-31
-46
-66
-72
-51
-17
1
-6
-30
-45
-33
1
36
53
45
31
26
31
36
34
25
21
33
55
74
71
49
26
13
20
31
36
29
15
10
18
31
37
34
32
35
46
60
66
60
48
43
44
51
57
62
59
49
36
26
25
26
24
18
0
-13
-12
-1
10
4
-16
-37
-49
-44
-29
-23
-27
-34
-37
-30
-27
-28
-33
-39
-40
-38
-35
-34
-28
-16
-2
2
-10
-27
-37
-30
-15
-6
-13
-27
-31
-21
1
9
-7
-30
-43
-31
7
42
52
37
11
-4
2
15
26
29
21
17
19
22
25
21
9
1
-4
-6
1
1
-11
-22
-38
-47
-37
-29
-21
-21
-40
-51
-46
-38
-15
-3
-13
-25
-45
-57
-49
-48
-53
-52
-61
-54
-25
-5
18
27
9
3
-3
0
28
49
55
59
52
52
69
70
64
54
31
31
50
58
66
51
15
-2
-12
-18
-7
-6
-14
-6
-15
-23
-26
-40
-38
-18
-6
15
28
14
6
-2
-15
-6
2
4
18
9
-3
2
-6
-3
1
-18
-25
-19
-12
8
12
-11
-24
-38
-40
-23
-24
-37
-41
-44
-22
16
31
36
27
3
-2
5
12
25
26
15
19
21
23
34
25
8
1
-7
5
29
32
27
6
-23
-22
-10
-6
-5
-22
-35
-23
-13
-6
-7
-34
-43
-24
-12
0
-9
-39
-41
-27
-3
21
6
-18
-19
-11
16
42
33
20
12
11
33
50
47
47
44
39
48
44
30
23
3
-8
-8
-18
-11
5
6
4
-7
-31
-33
-28
-26
-10
-14
-22
-8
-6
-5
0
-21
-31
-25
-27
-6
8
-4
-1
-6
-11
12
17
13
16
-6
-11
7
13
30
33
2
-9
-10
-2
37
47
26
4
-31
-30
9
33
49
38
-3
-15
-11
-3
15
1
-28
-36
-34
-12
25
32
23
5
-30
-39
-36
-35
-20
-17
-25
-22
-23
-23
-14
-20
-27
-27
-33
-21
-4
-1
3
-5
-21
-26
-29
-28
-17
-14
-10
2
6
17
30
29
33
32
32
44
50
50
47
38
36
51
63
72
68
53
44
42
43
39
22
-2
-13
-12
2
14
9
-6
-23
-32
-29
-28
-29
-35
-44
-42
-35
-24
-19
-23
-33
-41
-47
-41
-27
-18
-10
-17
-34
-49
-58
-57
-50
-49
-52
-53
-57
-50
-35
-28
-20
-17
-15
-4
6
15
26
32
37
51
60
67
77
82
92
109
112
110
100
74
65
65
69
80
71
54
46
26
20
20
-4
-12
-18
-25
-7
-4
-10
-6
-24
-28
-18
-31
-28
-24
-38
-26
-24
-35
-21
-34
-43
-35
-48
-43
-30
-37
-26
-30
-47
-37
-43
-49
-34
-44
-46
-35
-39
-22
-14
-30
-27
-34
-37
-10
-4
0
3
-16
-16
-6
-6
8
13
2
9
12
15
31
25
15
12
-1
3
15
13
14
6
-13
-13
-12
-6
11
1
-13
-21
-30
-18
3
3
1
-11
-27
-7
7
10
11
-19
-37
-28
-15
12
18
-3
-9
-11
1
33
30
19
4
-11
9
27
24
21
0
-9
9
14
23
20
0
10
22
32
52
46
42
48
37
41
44
33
53
63
57
67
51
43
59
49
53
52
28
35
35
23
25
1
-21
-16
-31
-32
-30
-60
-60
-58
-68
-53
-67
-84
-65
-61
-41
-21
-47
-54
-55
-62
-28
-12
-18
-5
-19
-19
9
5
14
15
-14
-12
-11
-19
-1
-13
-33
-25
-37
-27
-7
-23
-26
-31
-41
-14
5
5
19
11
11
36
34
38
41
23
34
45
40
52
42
31
39
35
33
33
14
13
15
3
6
-2
-12
-1
-7
-10
-8
-22
-15
-2
-2
13
17
19
38
40
44
46
34
39
43
37
42
31
23
33
32
43
49
26
15
3
-9
4
2
-9
-17
-39
-45
-37
-40
-38
-45
-63
-58
-55
-55
-45
-54
-60
-42
-39
-28
-27
-54
-62
-61
-56
-28
-22
-28
-19
-23
-12
8
4
5
9
5
29
47
50
62
54
44
48
40
44
56
51
62
67
57
56
44
29
32
34
38
46
26
8
3
2
21
31
13
-5
-23
-22
8
21
14
-8
-38
-40
-23
-15
-14
-36
-58
-56
-53
-48
-55
-75
-78
-67
-55
-47
-52
-62
-52
-35
-21
-15
-27
-30
-10
19
42
47
27
15
22
37
61
69
58
52
50
52
58
46
29
20
9
7
8
0
0
4
8
15
9
-9
-15
-16
-10
5
-1
-13
-14
-17
-1
14
8
3
-11
-22
-12
-5
1
4
-11
-25
-34
-42
-33
-20
-19
-24
-48
-68
-64
-53
-30
-23
-38
-51
-57
-43
-13
-5
-5
-9
-15
5
26
39
52
51
49
55
52
54
66
65
73
75
58
58
62
65
83
69
39
26
10
20
37
22
6
-12
-33
-24
-20
-36
-42
-54
-58
-37
-39
-43
-41
-56
-45
-31
-38
-29
-27
-31
-13
-8
-14
-4
-10
-1
24
26
31
31
16
21
26
15
15
-2
-12
0
-3
-9
-16
-43
-50
-42
-42
-34
-45
-65
-61
-60
-51
-33
-42
-53
-58
-63
-42
-20
-12
-1
-11
-18
0
15
30
35
17
9
19
30
56
58
34
20
7
13
33
36
33
22
8
18
30
27
23
12
11
22
30
36
31
25
25
27
24
14
10
14
23
31
28
13
2
-1
1
4
1
-6
-6
-8
-7
-2
-4
-4
-2
-5
-1
0
3
22
30
31
28
11
4
14
21
31
31
17
20
22
20
25
13
2
8
4
11
9
-10
-8
-11
-22
-26
-48
-60
-45
-36
-20
-17
-44
-50
-45
-37
-14
-20
-35
-33
-37
-17
0
-16
-23
-26
-28
-1
7
-2
2
-5
8
31
17
2
-10
-25
1
24
21
17
-13
-31
-16
-10
1
3
-21
-24
-14
-6
15
