SAMPLES:	20546
BITSPERSAMPLE:	16
CHANNELS:	1
SAMPLERATE:	16000
NORMALIZED:	FALSE
-4
-3
-3
-3
-2
-2
-2
-3
-3
-2
-3
-3
-3
-4
-4
-4
-3
-3
-4
-5
-4
-3
-4
-4
-4
-3
-5
-5
-4
-5
-4
-4
-3
-4
-3
-4
-4
-4
-3
-4
-3
-2
-3
-2
-1
-1
0
-1
0
0
1
1
1
1
1
1
1
0
1
1
0
1
0
-1
1
-1
-1
-1
-2
-1
-2
-3
-3
-3
-4
-3
-4
-4
-4
-3
-3
-2
-2
-3
-4
-2
-2
-1
-1
-1
0
0
1
0
0
1
1
2
2
2
3
4
4
4
4
3
3
4
3
4
4
4
4
4
4
4
4
3
3
4
4
3
4
3
4
5
3
4
4
4
5
5
4
4
4
4
5
4
4
4
4
4
3
3
3
2
3
3
2
2
2
1
0
0
0
0
-1
-1
-1
-1
-1
-1
0
-1
-1
0
-1
0
-1
-1
-1
-1
0
0
0
1
0
1
1
0
0
0
0
-1
0
-1
-1
-1
-3
-1
-2
0
-1
-1
0
-1
0
0
0
0
0
0
1
0
2
2
1
1
1
1
0
0
0
0
0
0
0
0
0
-1
-1
-1
-2
-2
-2
-3
-2
-3
-1
-1
-2
-1
-2
-2
-3
-2
-3
-2
-1
-1
-1
-2
-2
-2
-2
-3
-3
-3
-3
-3
-3
-2
-3
-3
-3
-3
-3
-3
-3
-2
-2
-2
-4
-3
-4
-3
-4
-4
-4
-3
-3
-4
-2
-3
-3
-4
-4
-3
-3
-3
-2
-1
-1
-1
-2
-1
-2
0
0
-1
-1
-1
0
-1
-2
-1
-2
-1
0
1
0
-1
0
0
-1
-1
-1
-1
-1
1
0
0
1
1
1
0
0
1
1
1
1
2
0
0
0
0
1
1
2
2
1
2
3
2
2
2
2
2
2
3
2
3
4
3
4
4
3
2
4
2
2
2
1
2
2
3
2
2
2
2
1
1
2
1
1
1
1
1
1
1
1
0
1
1
0
1
2
1
1
1
0
0
0
-1
-1
1
0
-1
-1
-2
-1
0
-1
-3
-2
-3
-3
-3
-3
-3
-4
-5
-5
-6
-6
-6
-6
-5
-5
-5
-6
-6
-6
-7
-6
-4
-6
-5
-4
-4
-5
-5
-4
-4
-4
-4
-4
-4
-4
-4
-2
-4
-4
-4
-2
-2
-4
-3
-3
-2
-3
-3
-3
-3
-3
-3
-4
-4
-4
-4
-4
-3
-3
-3
-2
-3
-3
-3
-3
-2
-2
-1
0
0
1
1
2
3
3
3
3
3
4
5
5
5
6
6
5
5
5
5
4
5
4
4
5
4
6
5
4
6
6
6
6
5
5
5
6
7
6
7
7
7
7
6
6
6
7
7
8
7
7
8
8
8
7
7
7
7
6
6
6
7
7
7
6
6
5
4
4
4
3
3
3
4
3
3
3
3
3
2
2
2
2
2
2
3
2
3
2
2
2
2
2
1
1
1
1
1
1
1
0
0
0
-1
-2
-2
-2
-2
-2
-3
-3
-3
-5
-4
-5
-6
-5
-5
-6
-6
-7
-5
-6
-6
-6
-6
-6
-6
-6
-5
-5
-6
-6
-6
-6
-6
-5
-4
-4
-4
-4
-3
-3
-3
-3
-4
-4
-3
-4
-3
-4
-3
-3
-4
-3
-3
-3
-4
-4
-3
-3
-1
-2
-2
-2
-2
-2
-3
-1
-1
0
0
0
0
0
1
2
2
2
3
3
3
3
3
3
3
3
2
2
3
2
1
1
1
0
0
1
2
1
1
0
0
1
0
1
-1
0
0
0
0
1
1
1
1
2
3
4
2
3
3
3
2
3
3
2
2
2
2
1
2
2
2
2
0
2
2
2
2
1
1
0
1
1
1
1
2
2
2
3
3
4
4
4
4
3
4
3
3
3
2
3
3
3
2
2
1
2
2
0
2
1
0
2
1
1
1
0
0
0
0
0
0
-1
-2
-2
-2
-2
-2
-2
-2
-2
-2
-3
-4
-3
-3
-4
-3
-2
-3
-3
-3
-3
-3
-3
-4
-3
-2
-4
-3
-3
-5
-2
-4
-4
-4
-4
-3
-4
-4
-4
-4
-3
-3
-2
-3
-2
-2
-3
-2
-3
-2
-2
-1
0
-2
-1
-2
-1
-1
-2
-1
-1
-1
-1
0
0
0
0
1
1
1
1
1
1
1
1
1
1
1
1
1
1
1
1
1
3
2
1
1
1
2
3
3
1
3
3
3
4
3
4
3
4
3
4
3
2
3
3
3
2
2
2
2
2
2
1
1
2
2
2
2
2
2
2
2
2
2
1
1
1
2
3
1
1
0
-1
0
0
-1
0
1
0
0
0
0
0
0
0
0
0
0
0
0
-1
-1
-1
-2
-2
-2
-1
-1
-1
-1
-2
-2
-1
-1
-1
-1
-1
-1
-1
0
0
0
0
0
0
-1
-1
0
-1
0
0
0
1
0
-1
0
0
-1
-1
0
0
0
1
1
0
0
-1
-1
0
0
0
0
0
1
-1
0
0
0
0
0
0
0
0
0
1
0
-1
0
-1
-1
0
0
0
-1
-2
-1
0
0
0
0
-2
-1
-1
-1
0
0
0
0
0
-1
0
0
-1
-1
-1
-1
-1
-2
-1
0
-2
0
-1
-1
-2
-2
-2
-2
-2
-2
-3
-4
-3
-4
-5
-4
-4
-4
-3
-4
-4
-4
-3
-5
-5
-5
-5
-4
-4
-4
-4
-4
-4
-4
-4
-4
-4
-4
-4
-4
-5
-5
-5
-5
-3
-4
-5
-5
-5
-5
-5
-5
-6
-6
-5
-4
-4
-4
-4
-3
-4
-3
-2
-3
-3
-1
-2
-2
-2
-1
-1
-1
-1
-1
-1
-1
-1
0
0
0
-1
0
0
0
0
0
0
0
0
-1
0
0
2
1
1
1
1
1
1
1
1
1
1
1
1
1
1
1
1
2
3
2
2
2
3
3
3
4
4
4
4
4
5
3
4
4
3
3
3
3
3
4
4
3
3
3
3
2
2
3
5
5
4
4
2
2
2
1
1
1
0
2
1
2
2
1
2
3
1
2
1
1
2
0
1
1
1
-1
0
3
4
3
4
5
6
6
5
4
4
3
1
-1
-1
-2
-2
-2
-2
-1
-1
-1
-2
-3
-4
-6
-10
-12
-11
-13
-11
-10
-7
-5
-5
-4
-5
-5
-7
-10
-10
-11
-10
-9
-8
-6
-4
-5
-6
-6
-6
-7
-9
-8
-9
-9
-10
-10
-10
-10
-9
-9
-8
-6
-5
-4
-4
-3
-3
-4
-5
-6
-6
-8
-9
-9
-9
-10
-11
-12
-13
-11
-10
-10
-9
-7
-6
-7
-6
-6
-9
-11
-11
-11
-10
-9
-6
-3
-3
-3
-4
-5
-6
-6
-4
-1
6
12
17
20
20
17
10
3
-2
-5
-1
8
26
51
75
94
106
110
101
85
60
39
21
8
7
23
48
72
94
108
114
107
86
56
23
-8
-34
-47
-49
-38
-21
-2
15
26
26
12
-10
-37
-66
-95
-117
-126
-125
-116
-100
-83
-70
-61
-64
-74
-90
-111
-131
-147
-152
-145
-129
-108
-81
-53
-32
-20
-15
-19
-30
-43
-55
-62
-60
-50
-34
-9
17
40
59
70
72
67
55
40
29
21
22
31
44
64
84
101
112
117
113
100
85
68
52
43
38
41
48
59
70
78
79
76
65
48
31
15
2
-5
-5
0
9
19
26
29
25
16
3
-12
-25
-35
-40
-39
-31
-19
-5
7
16
21
19
14
7
-1
-9
-12
-11
-5
4
15
26
34
39
38
34
23
11
-2
-14
-23
-28
-28
-27
-20
-16
-12
-10
-11
-16
-25
-34
-44
-51
-57
-60
-60
-58
-52
-45
-41
-37
-35
-37
-41
-47
-55
-61
-66
-69
-68
-67
-62
-56
-48
-40
-32
-25
-19
-14
-10
-5
-1
4
6
10
13
15
17
19
21
23
25
26
27
28
28
28
27
27
28
29
32
36
42
47
52
56
58
57
54
48
41
33
25
17
9
1
-8
-14
-20
-25
-31
-35
-38
-39
-37
-33
-26
-15
-2
9
22
35
46
53
56
55
48
38
25
11
-2
-13
-21
-22
-18
-10
0
12
22
30
35
36
34
28
24
20
17
20
23
28
33
35
35
32
25
16
6
-2
-7
-11
-10
-8
-5
-5
-9
-18
-30
-45
-59
-69
-75
-70
-57
-38
-13
13
35
50
54
50
36
16
-7
-25
-38
-44
-41
-32
-20
-9
-4
-4
-12
-25
-39
-52
-56
-52
-36
-10
23
55
82
97
97
81
49
7
-40
-83
-119
-141
-146
-136
-114
-83
-52
-24
-4
5
5
-4
-18
-33
-45
-53
-53
-49
-43
-33
-24
-18
-14
-13
-13
-13
-10
-3
8
23
39
55
67
72
71
61
45
25
7
-10
-18
-18
-8
10
35
60
82
97
103
100
86
68
44
20
0
-14
-21
-21
-15
-4
9
22
32
38
38
33
27
19
11
5
4
7
13
23
32
39
43
41
34
20
2
-20
-42
-61
-75
-84
-86
-79
-69
-55
-39
-25
-17
-14
-17
-28
-42
-59
-75
-89
-98
-100
-95
-82
-67
-50
-33
-20
-14
-15
-21
-34
-48
-62
-68
-67
-58
-41
-20
4
25
43
51
53
49
41
32
26
24
29
43
58
76
92
102
105
101
90
75
58
42
31
27
30
40
54
69
81
89
86
78
64
45
26
8
-2
-6
-4
4
13
22
26
21
9
-12
-36
-62
-84
-99
-103
-98
-84
-63
-42
-25
-15
-14
-21
-33
-49
-63
-70
-71
-64
-49
-28
-8
11
23
27
21
9
-6
-21
-32
-36
-32
-21
-4
16
35
51
61
62
57
49
40
33
31
36
47
62
79
93
101
102
90
68
40
9
-21
-45
-59
-61
-50
-30
-1
27
53
71
78
72
53
25
-7
-40
-69
-88
-96
-92
-79
-57
-33
-11
6
14
12
1
-13
-32
-47
-59
-63
-59
-49
-34
-21
-7
2
5
1
-9
-20
-28
-32
-29
-16
4
31
59
84
102
106
97
75
43
3
-37
-69
-90
-96
-86
-59
-24
17
55
86
103
107
94
71
39
6
-20
-40
-49
-44
-31
-12
7
19
22
15
0
-22
-44
-62
-70
-66
-51
-25
5
35
58
69
67
48
19
-16
-52
-82
-100
-105
-95
-72
-39
-4
27
50
62
60
46
25
-1
-27
-45
-54
-54
-45
-28
-9
9
24
32
32
25
15
6
-3
-7
-4
4
14
26
37
41
38
30
17
0
-16
-27
-34
-31
-19
-2
18
39
56
66
68
61
48
28
7
-12
-26
-33
-32
-24
-10
8
23
36
43
43
39
27
14
-2
-16
-27
-35
-37
-35
-29
-21
-11
-2
3
4
-1
-9
-21
-36
-51
-61
-67
-65
-59
-45
-28
-9
11
24
34
36
29
16
-1
-21
-38
-52
-58
-56
-45
-27
-6
14
33
46
50
49
42
32
21
14
11
15
26
40
59
74
84
85
77
59
33
2
-31
-60
-81
-90
-86
-70
-43
-8
30
63
91
105
106
94
68
34
-5
-40
-71
-89
-96
-92
-76
-52
-26
-3
15
23
22
13
-2
-23
-40
-55
-63
-64
-60
-51
-40
-32
-27
-24
-28
-35
-41
-46
-47
-39
-26
-7
18
42
63
79
86
83
70
50
25
1
-18
-30
-32
-24
-7
17
43
67
85
95
97
92
77
57
34
13
-3
-16
-22
-26
-26
-25
-25
-24
-26
-29
-35
-36
-37
-33
-26
-15
-2
9
18
21
17
6
-10
-30
-50
-67
-77
-77
-65
-44
-14
18
48
72
85
88
80
58
31
3
-24
-42
-50
-46
-29
-3
26
56
80
94
93
79
53
22
-11
-38
-55
-60
-53
-38
-14
9
27
37
39
28
11
-11
-33
-48
-54
-50
-35
-12
13
38
54
59
53
37
10
-18
-42
-57
-56
-45
-21
11
41
65
78
76
63
39
10
-19
-40
-49
-48
-35
-13
12
35
49
53
44
22
-8
-41
-71
-92
-101
-96
-80
-56
-27
-2
15
22
17
3
-16
-35
-47
-50
-42
-26
-2
22
44
57
61
51
34
9
-18
-40
-53
-54
-42
-17
14
45
74
92
98
90
68
39
6
-23
-42
-49
-44
-27
-3
24
45
58
62
52
32
4
-29
-62
-89
-105
-112
-106
-90
-67
-43
-23
-9
-1
-1
-8
-15
-21
-24
-23
-16
-7
4
11
13
9
0
-13
-30
-43
-51
-50
-41
-23
5
36
66
90
100
97
80
49
14
-20
-48
-63
-64
-51
-21
11
44
75
95
104
103
93
73
52
31
12
0
-4
-3
4
11
16
19
17
8
-5
-18
-28
-32
-28
-19
-7
7
17
24
23
19
9
-5
-21
-37
-54
-70
-86
-103
-112
-117
-117
-109
-94
-75
-49
-25
0
23
40
51
55
52
39
22
0
-22
-41
-52
-56
-49
-33
-13
10
28
41
47
50
45
39
36
34
33
35
36
36
37
35
35
38
41
44
49
48
47
47
42
38
35
29
20
12
1
-15
-29
-42
-52
-54
-49
-38
-21
-2
17
34
50
62
68
71
63
48
27
-2
-32
-59
-82
-96
-95
-84
-65
-40
-17
-2
7
6
-5
-19
-35
-52
-66
-74
-76
-69
-56
-41
-25
-11
-2
1
-1
-13
-30
-45
-60
-70
-70
-66
-58
-45
-30
-18
-4
7
17
27
36
41
47
52
51
46
44
37
33
33
33
37
44
49
54
59
59
53
46
34
19
9
0
-5
-2
5
14
29
42
52
57
57
50
40
27
13
1
-5
-10
-8
-2
1
3
2
-5
-18
-34
-50
-64
-69
-70
-65
-53
-35
-17
1
13
17
19
19
15
14
18
20
27
38
49
59
65
58
43
21
-13
-51
-83
-111
-125
-120
-98
-60
-9
41
82
114
130
123
107
77
39
4
-28
-54
-67
-68
-63
-47
-26
-5
17
35
40
37
26
4
-21
-37
-51
-58
-58
-59
-53
-42
-34
-23
-5
18
39
62
77
75
64
30
-20
-69
-112
-144
-158
-156
-142
-113
-81
-55
-25
1
14
23
22
13
2
-11
-25
-22
1
34
76
122
152
164
152
109
53
-6
-63
-103
-115
-108
-78
-32
11
57
103
130
142
144
125
94
55
9
-31
-46
-50
-38
0
43
84
120
131
120
102
68
23
-10
-41
-74
-96
-119
-143
-149
-154
-160
-150
-129
-104
-66
-25
8
51
90
113
136
152
142
115
71
4
-61
-116
-170
-197
-191
-167
-116
-44
25
90
147
172
173
165
130
76
22
-40
-95
-122
-135
-132
-101
-61
-23
22
57
72
81
69
41
19
-2
-32
-48
-56
-64
-61
-55
-55
-43
-30
-30
-27
-17
-16
-9
2
3
11
20
15
13
19
13
6
8
5
14
37
47
54
72
77
74
80
72
57
49
30
7
8
6
-6
-1
8
19
53
75
76
87
93
78
64
45
10
-15
-36
-71
-80
-70
-77
-72
-47
-27
0
22
13
2
2
-20
-48
-56
-71
-76
-57
-48
-37
-9
3
-1
9
8
-6
-15
-43
-76
-79
-81
-91
-79
-54
-28
8
38
48
57
58
39
24
19
8
-3
-4
-1
16
41
52
53
61
63
49
19
-25
-71
-106
-136
-156
-151
-125
-95
-62
-21
18
48
58
47
34
29
12
-20
-50
-68
-63
-41
-16
17
64
105
125
125
108
69
15
-52
-107
-130
-130
-119
-96
-51
6
63
96
102
99
85
55
19
-21
-47
-47
-42
-25
11
49
76
90
82
60
40
4
-40
-61
-61
-41
-3
33
71
126
168
182
173
143
97
53
8
-37
-58
-60
-56
-29
15
52
86
98
80
54
19
-44
-118
-184
-235
-242
-201
-138
-52
50
139
211
256
249
199
124
30
-67
-145
-207
-252
-267
-261
-228
-163
-88
-23
30
62
69
55
5
-76
-156
-217
-257
-267
-245
-194
-111
-17
73
165
245
290
299
279
239
198
152
98
65
65
79
98
107
102
85
50
-22
-101
-161
-206
-231
-229
-196
-121
-23
55
120
177
200
184
132
55
-8
-55
-107
-142
-140
-112
-73
-35
-17
8
37
39
26
14
1
-16
-33
-55
-56
-32
-25
-33
-35
-40
-42
-49
-74
-82
-55
-17
31
94
152
201
237
242
236
232
203
151
101
46
-2
-41
-98
-150
-169
-171
-159
-118
-74
-23
45
92
128
172
193
184
170
134
82
41
-16
-83
-117
-135
-135
-97
-53
-13
39
72
72
66
39
-12
-49
-92
-142
-159
-166
-178
-174
-167
-168
-143
-106
-77
-24
34
73
119
155
163
165
144
82
10
-57
-132
-192
-241
-297
-319
-302
-277
-228
-158
-91
-10
80
151
209
250
235
179
109
22
-54
-108
-157
-172
-137
-80
-12
60
109
139
156
142
111
83
38
-17
-59
-92
-91
-47
9
72
151
222
274
313
312
285
248
190
121
68
17
-36
-83
-141
-187
-197
-184
-158
-111
-58
-3
64
112
145
173
181
169
159
147
128
111
67
4
-40
-70
-91
-86
-78
-67
-33
-5
6
15
7
-32
-67
-99
-125
-116
-108
-114
-100
-77
-53
-19
7
13
30
46
42
43
42
11
-19
-49
-84
-87
-75
-79
-81
-69
-67
-58
-55
-82
-105
-117
-142
-152
-140
-134
-124
-100
-83
-51
8
48
77
113
135
149
170
169
155
156
146
134
146
152
143
140
120
87
70
50
10
-16
-42
-79
-91
-97
-109
-97
-75
-55
-8
52
94
129
151
140
127
109
72
45
29
5
-8
-5
-10
-20
-27
-54
-81
-86
-100
-117
-121
-134
-146
-139
-133
-122
-86
-48
-25
9
33
35
33
9
-35
-60
-68
-65
-39
7
50
107
174
211
240
250
213
153
81
-13
-101
-167
-228
-260
-231
-177
-102
-9
53
87
110
97
47
-9
-81
-154
-184
-188
-178
-124
-58
-3
62
112
123
111
66
-31
-127
-203
-283
-327
-332
-319
-253
-148
-58
20
93
123
119
99
32
-44
-95
-150
-181
-153
-103
-27
77
169
242
321
356
326
279
203
105
27
-54
-137
-164
-153
-133
-73
8
77
166
240
269
295
305
268
223
181
134
113
116
101
103
135
149
157
157
124
88
60
7
-53
-92
-132
-165
-174
-183
-183
-151
-131
-125
-105
-89
-83
-69
-61
-64
-38
-7
2
12
22
16
13
0
-34
-55
-55
-71
-91
-105
-125
-137
-142
-171
-201
-208
-223
-251
-273
-302
-325
-324
-331
-330
-294
-244
-203
-168
-152
-153
-152
-184
-253
-322
-376
-420
-445
-452
-443
-390
-308
-240
-166
-94
-45
-21
-29
-64
-96
-112
-139
-157
-143
-100
-30
47
104
165
238
300
339
358
359
357
352
323
288
269
254
243
235
238
262
305
339
360
390
430
478
513
525
538
562
583
593
595
591
597
601
581
559
542
518
479
429
373
334
309
268
219
189
171
165
158
132
115
116
108
85
65
40
17
-5
-50
-97
-119
-142
-171
-192
-209
-207
-189
-192
-215
-234
-258
-304
-363
-442
-518
-570
-618
-675
-709
-720
-720
-708
-698
-693
-666
-632
-627
-625
-620
-616
-607
-614
-641
-654
-654
-667
-694
-713
-729
-720
-694
-677
-646
-587
-522
-467
-419
-378
-335
-286
-257
-239
-193
-135
-74
-15
39
101
178
247
283
317
355
386
412
426
437
472
517
555
599
677
775
886
1003
1114
1254
1414
1552
1660
1755
1834
1894
1928
1907
1864
1825
1768
1689
1604
1521
1448
1386
1306
1208
1133
1062
966
859
746
640
561
485
394
327
294
267
251
237
217
208
199
155
92
29
-61
-172
-294
-434
-564
-670
-787
-910
-1013
-1114
-1215
-1302
-1397
-1495
-1560
-1614
-1661
-1671
-1657
-1644
-1617
-1585
-1570
-1541
-1515
-1521
-1520
-1503
-1494
-1467
-1418
-1378
-1327
-1262
-1227
-1187
-1125
-1087
-1065
-1031
-993
-940
-852
-786
-734
-639
-547
-475
-404
-355
-315
-249
-199
-192
-157
-103
-83
-66
-79
-104
-79
-42
-34
14
177
415
713
1035
1322
1662
2029
2301
2466
2550
2564
2524
2441
2260
2040
1884
1706
1507
1339
1191
1101
1042
931
757
640
569
451
326
154
-6
-50
-60
-88
-89
-16
91
251
448
595
797
1025
1168
1283
1369
1405
1397
1345
1185
984
844
654
435
237
5
-169
-277
-391
-523
-597
-636
-679
-657
-657
-676
-616
-569
-533
-465
-397
-356
-310
-270
-301
-302
-316
-409
-493
-599
-729
-835
-946
-1102
-1264
-1375
-1507
-1613
-1691
-1812
-1900
-1951
-2002
-2022
-2017
-2014
-2016
-1973
-1921
-1852
-1737
-1665
-1599
-1509
-1406
-1268
-1124
-1016
-951
-877
-797
-730
-666
-662
-684
-688
-679
-628
-553
-475
-405
-344
-285
-222
-136
-84
-78
-74
-43
105
360
651
960
1285
1652
2059
2455
2750
2928
3026
3027
2967
2858
2676
2455
2201
1920
1669
1497
1372
1246
1117
963
842
790
718
596
444
283
160
92
39
-10
-12
32
110
248
402
545
677
756
798
843
883
889
879
877
893
945
987
964
916
837
715
555
340
91
-153
-373
-580
-742
-837
-885
-867
-802
-699
-539
-365
-223
-132
-68
-28
-9
-36
-149
-287
-420
-542
-643
-762
-883
-983
-1030
-1060
-1091
-1122
-1198
-1281
-1388
-1534
-1676
-1830
-1984
-2137
-2252
-2329
-2347
-2294
-2257
-2200
-2111
-2001
-1856
-1726
-1633
-1570
-1473
-1369
-1286
-1179
-1108
-1017
-895
-800
-711
-624
-531
-481
-426
-375
-336
-233
-178
-167
-137
-91
-19
48
110
171
356
662
959
1301
1643
2004
2407
2749
2980
3119
3234
3242
3167
3050
2843
2665
2472
2194
1913
1694
1538
1379
1217
987
784
718
629
503
355
200
108
85
70
8
21
68
112
225
331
450
610
725
756
771
813
795
760
663
487
399
389
385
373
364
327
316
360
302
194
83
-103
-285
-436
-590
-726
-770
-801
-824
-711
-557
-390
-186
-62
-3
77
136
74
-32
-185
-408
-546
-659
-811
-903
-948
-996
-1005
-964
-982
-1000
-1008
-1136
-1272
-1376
-1526
-1683
-1821
-1974
-2094
-2087
-2068
-2056
-1973
-1909
-1838
-1713
-1619
-1573
-1517
-1478
-1476
-1415
-1338
-1300
-1223
-1136
-1043
-886
-716
-598
-485
-366
-285
-200
-117
-80
-45
-15
-25
-21
29
75
110
157
235
422
727
1050
1346
1659
1999
2368
2713
2930
3043
3099
3110
3059
2932
2747
2525
2302
2055
1799
1601
1448
1331
1184
1013
878
797
745
627
442
240
79
-12
-117
-229
-334
-380
-328
-235
-101
51
226
408
557
682
752
806
798
701
573
427
345
309
289
254
222
260
309
370
362
255
144
10
-126
-282
-444
-589
-691
-704
-698
-610
-445
-279
-94
48
162
259
328
307
167
1
-209
-397
-566
-777
-958
-1092
-1159
-1181
-1176
-1173
-1196
-1199
-1249
-1328
-1405
-1533
-1666
-1811
-1952
-2060
-2116
-2132
-2132
-2080
-2019
-1929
-1795
-1690
-1590
-1516
-1476
-1426
-1355
-1286
-1240
-1182
-1146
-1087
-963
-880
-814
-741
-686
-620
-519
-425
-342
-208
-88
-6
103
189
264
342
351
327
379
549
768
1038
1292
1536
1903
2312
2647
2890
3042
3122
3185
3211
3105
2927
2737
2496
2253
2022
1807
1636
1486
1302
1093
957
870
787
655
434
219
80
-14
-135
-285
-415
-487
-446
-357
-272
-148
14
191
357
523
658
755
820
791
714
652
606
552
488
426
372
381
413
414
418
393
343
295
237
144
44
-54
-196
-297
-336
-378
-377
-352
-330
-277
-177
-114
-92
-55
-77
-135
-199
-335
-497
-647
-819
-1013
-1167
-1300
-1434
-1509
-1603
-1711
-1747
-1784
-1849
-1910
-1973
-2043
-2069
-2072
-2131
-2167
-2162
-2159
-2103
-2039
-1996
-1957
-1902
-1844
-1783
-1692
-1636
-1602
-1554
-1503
-1403
-1280
-1181
-1122
-1066
-954
-824
-682
-575
-520
-450
-348
-212
-92
23
125
176
245
307
352
384
353
264
192
268
449
673
923
1150
1495
1981
2469
2859
3122
3303
3438
3568
3571
3402
3189
2911
2608
2328
2046
1793
1579
1383
1149
983
924
867
797
624
405
264
180
76
-114
-320
-475
-501
-415
-347
-241
-80
138
401
642
861
1034
1170
1220
1181
1147
1121
1118
1064
957
889
882
953
984
921
813
714
653
545
369
124
-123
-304
-480
-627
-741
-810
-813
-787
-741
-671
-541
-434
-407
-416
-475
-510
-538
-650
-833
-1014
-1136
-1224
-1290
-1397
-1526
-1569
-1582
-1592
-1607
-1652
-1696
-1722
-1763
-1848
-1900
-1932
-1990
-2024
-2070
-2102
-2062
-2011
-2004
-1990
-1922
-1817
-1647
-1468
-1345
-1186
-991
-819
-666
-557
-514
-477
-431
-436
-437
-404
-392
-355
-293
-244
-144
16
154
261
350
401
457
533
526
442
360
302
360
550
764
1002
1325
1733
2216
2720
3115
3378
3596
3732
3777
3741
3559
3293
3001
2673
2325
2022
1769
1526
1325
1118
932
855
794
684
521
323
153
40
-72
-262
-448
-585
-665
-651
-623
-577
-457
-283
-83
127
349
547
735
871
909
942
969
976
958
884
796
746
747
736
696
636
550
491
404
258
86
-129
-346
-553
-748
-918
-1036
-1102
-1149
-1134
-1078
-996
-872
-789
-742
-714
-707
-726
-782
-885
-1040
-1164
-1265
-1368
-1432
-1502
-1553
-1543
-1515
-1489
-1462
-1440
-1458
-1476
-1515
-1601
-1663
-1740
-1841
-1918
-1985
-2014
-1987
-1928
-1893
-1826
-1714
-1591
-1412
-1250
-1131
-994
-850
-711
-566
-433
-354
-283
-198
-142
-52
28
53
77
93
109
137
172
169
170
199
183
169
155
112
72
1
-104
-160
-67
123
351
613
888
1303
1853
2370
2779
3081
3348
3610
3829
3872
3735
3552
3326
3069
2769
2404
2051
1753
1480
1179
918
724
559
406
186
-71
-263
-405
-559
-760
-974
-1144
-1194
-1157
-1127
-1057
-913
-683
-364
-33
262
547
841
1087
1265
1384
1434
1477
1517
1481
1407
1344
1289
1253
1186
1043
876
750
604
404
168
-123
-375
-558
-765
-979
-1143
-1247
-1285
-1258
-1239
-1222
-1112
-995
-901
-796
-734
-675
-602
-581
-627
-662
-677
-728
-756
-826
-924
-927
-908
-916
-942
-991
-1065
-1101
-1124
-1257
-1398
-1529
-1677
-1739
-1791
-1877
-1936
-1921
-1879
-1795
-1639
-1529
-1367
-1134
-936
-699
-456
-266
-108
53
154
197
279
284
251
262
221
187
199
203
171
166
165
125
167
167
61
-34
-151
-245
-297
-379
-531
-599
-454
-224
102
433
729
1201
1796
2352
2784
3112
3361
3581
3784
3768
3606
3417
3146
2857
2531
2168
1842
1594
1345
1034
803
622
484
370
128
-151
-359
-512
-668
-867
-1093
-1304
-1359
-1335
-1313
-1211
-1073
-848
-539
-230
81
406
723
950
1118
1235
1317
1446
1491
1429
1353
1293
1291
1299
1218
1030
856
733
582
410
138
-196
-449
-671
-888
-1083
-1255
-1385
-1424
-1400
-1384
-1287
-1146
-1048
-936
-857
-799
-700
-625
-642
-703
-729
-749
-717
-686
-756
-800
-791
-774
-743
-749
-827
-921
-979
-1073
-1186
-1279
-1432
-1570
-1663
-1749
-1784
-1770
-1758
-1754
-1695
-1605
-1483
-1296
-1146
-1007
-837
-658
-461
-270
-111
-8
82
161
211
272
286
252
202
142
112
87
50
-21
-86
-102
-105
-112
-176
-259
-307
-346
-379
-453
-509
-451
-275
-31
223
523
912
1423
1968
2407
2770
3096
3400
3660
3772
3716
3573
3421
3215
2935
2608
2246
1947
1697
1413
1131
893
710
550
372
132
-117
-290
-467
-680
-916
-1159
-1316
-1380
-1412
-1433
-1377
-1226
-995
-703
-435
-159
174
497
765
954
1082
1205
1345
1420
1392
1338
1297
1300
1316
1241
1107
985
880
766
601
360
85
-146
-377
-624
-841
-1038
-1174
-1241
-1294
-1314
-1255
-1142
-1028
-911
-816
-723
-576
-470
-441
-444
-471
-487
-484
-517
-595
-635
-636
-639
-631
-661
-719
-748
-800
-908
-1039
-1172
-1307
-1421
-1548
-1722
-1839
-1897
-1934
-1932
-1927
-1896
-1768
-1564
-1362
-1170
-979
-816
-624
-444
-358
-303
-281
-295
-300
-306
-344
-378
-376
-403
-417
-381
-350
-279
-209
-213
-239
-234
-214
-209
-231
-336
-429
-360
-184
53
318
575
927
1438
2008
2491
2880
3183
3432
3685
3822
3784
3648
3438
3177
2888
2566
2220
1913
1648
1344
1065
847
671
541
365
105
-158
-353
-515
-712
-939
-1203
-1392
-1446
-1464
-1449
-1401
-1290
-1079
-795
-487
-203
108
399
641
867
1011
1121
1205
1227
1212
1182
1175
1150
1128
1087
1001
964
903
807
684
514
338
148
-32
-256
-475
-647
-820
-919
-984
-1020
-995
-940
-856
-777
-664
-563
-493
-422
-427
-442
-448
-478
-528
-609
-691
-779
-814
-836
-909
-959
-1026
-1097
-1143
-1206
-1294
-1395
-1472
-1576
-1656
-1687
-1753
-1792
-1821
-1865
-1853
-1784
-1712
-1648
-1539
-1422
-1273
-1061
-915
-801
-657
-549
-458
-370
-334
-350
-331
-332
-384
-375
-378
-409
-372
-333
-297
-205
-134
-141
-122
-75
-83
-72
-99
-170
-86
114
317
558
834
1166
1633
2158
2541
2857
3179
3436
3678
3811
3743
3618
3488
3280
2988
2668
2294
1961
1709
1373
1045
803
583
409
221
-36
-283
-432
-586
-798
-991
-1213
-1351
-1376
-1433
-1473
-1447
-1341
-1164
-921
-689
-469
-146
149
395
630
778
919
1044
1084
1047
1035
1061
1050
1064
1005
931
978
992
944
836
676
527
424
292
25
-206
-402
-577
-649
-769
-893
-927
-895
-853
-804
-720
-681
-584
-500
-532
-530
-541
-580
-639
-746
-884
-988
-1000
-1074
-1161
-1218
-1294
-1277
-1253
-1289
-1335
-1351
-1335
-1339
-1347
-1426
-1512
-1535
-1601
-1679
-1770
-1849
-1851
-1802
-1734
-1675
-1567
-1424
-1263
-1084
-962
-842
-724
-627
-542
-490
-448
-422
-406
-426
-462
-470
-483
-469
-461
-472
-454
-435
-414
-391
-364
-358
-354
-325
-269
-96
159
420
709
1029
1436
1932
2424
2804
3091
3365
3607
3824
3921
3838
3685
3503
3289
3025
2707
2341
1983
1669
1323
991
710
446
206
-47
-327
-574
-741
-888
-1068
-1251
-1427
-1521
-1507
-1477
-1454
-1389
-1256
-1040
-759
-472
-202
96
406
683
919
1101
1218
1298
1313
1238
1130
1035
957
875
786
686
618
633
648
629
588
521
473
432
357
218
74
-47
-184
-288
-401
-513
-557
-574
-579
-576
-542
-509
-477
-453
-510
-569
-625
-733
-862
-1027
-1197
-1336
-1432
-1537
-1653
-1715
-1754
-1741
-1689
-1668
-1639
-1579
-1510
-1451
-1403
-1395
-1419
-1429
-1461
-1495
-1513
-1536
-1540
-1504
-1440
-1364
-1262
-1166
-1075
-964
-866
-784
-718
-675
-648
-617
-606
-641
-675
-719
-767
-789
-810
-813
-792
-766
-743
-694
-609
-527
-440
-368
-287
-84
215
543
869
1199
1598
2099
2619
3036
3351
3625
3877
4113
4236
4187
4048
3866
3641
3355
2991
2585
2193
1831
1442
1048
709
418
177
-79
-382
-655
-847
-977
-1122
-1312
-1502
-1610
-1598
-1552
-1507
-1448
-1332
-1101
-807
-505
-209
88
411
724
981
1163
1313
1425
1458
1415
1294
1159
1067
961
808
643
509
443
451
432
352
304
296
306
309
246
132
61
13
-86
-191
-308
-421
-456
-481
-538
-564
-533
-503
-467
-445
-492
-508
-515
-607
-726
-866
-1018
-1148
-1268
-1452
-1649
-1754
-1845
-1892
-1915
-1977
-1976
-1893
-1780
-1690
-1619
-1576
-1551
-1458
-1407
-1412
-1403
-1423
-1409
-1366
-1321
-1288
-1229
-1132
-1076
-985
-897
-825
-696
-607
-569
-557
-543
-522
-529
-559
-670
-755
-768
-795
-817
-869
-891
-828
-711
-597
-519
-341
-40
355
785
1136
1519
2014
2577
3088
3444
3705
3932
4197
4394
4400
4282
4095
3910
3697
3382
2986
2569
2204
1825
1413
1003
613
306
10
-332
-681
-967
-1153
-1314
-1482
-1678
-1821
-1822
-1755
-1676
-1602
-1494
-1291
-999
-683
-417
-150
136
419
686
872
993
1097
1171
1169
1097
1005
901
816
697
509
341
252
225
194
130
45
34
132
211
222
183
148
183
243
235
146
79
55
52
57
5
-46
-45
-41
-71
-122
-169
-224
-278
-393
-575
-716
-834
-966
-1134
-1350
-1543
-1659
-1717
-1812
-1914
-1972
-1975
-1870
-1760
-1689
-1607
-1493
-1351
-1223
-1131
-1106
-1074
-1007
-988
-975
-981
-988
-950
-922
-923
-949
-930
-890
-850
-809
-837
-830
-785
-764
-768
-840
-929
-1009
-1052
-1097
-1167
-1187
-1207
-1175
-1094
-1010
-867
-722
-559
-373
-98
288
708
1175
1598
2068
2645
3212
3727
4078
4319
4522
4696
4789
4678
4447
4125
3792
3481
3069
2622
2142
1685
1275
874
506
126
-202
-534
-879
-1155
-1413
-1601
-1773
-1969
-2128
-2215
-2177
-2096
-1975
-1842
-1674
-1355
-988
-588
-209
118
461
802
1128
1353
1509
1598
1606
1611
1524
1382
1218
1006
781
533
312
107
-29
-119
-239
-285
-295
-243
-132
-62
-21
10
86
160
220
242
179
169
179
179
188
152
123
111
127
108
68
33
-65
-162
-300
-492
-667
-866
-1093
-1349
-1590
-1802
-1961
-2051
-2157
-2204
-2177
-2101
-1950
-1792
-1638
-1479
-1302
-1145
-1026
-909
-841
-778
-729
-739
-754
-772
-796
-839
-893
-956
-1004
-993
-986
-974
-952
-947
-921
-903
-916
-968
-1036
-1105
-1168
-1191
-1226
-1260
-1260
-1218
-1102
-941
-776
-610
-375
-9
447
944
1395
1826
2334
2902
3449
3862
4125
4322
4516
4686
4714
4578
4332
4050
3773
3431
3005
2532
2067
1634
1199
766
344
-24
-354
-706
-1067
-1394
-1647
-1834
-2015
-2210
-2371
-2415
-2346
-2218
-2070
-1899
-1641
-1275
-859
-445
-55
325
705
1062
1354
1565
1716
1807
1827
1774
1653
1492
1312
1097
845
585
346
154
0
-134
-251
-324
-347
-338
-295
-253
-211
-152
-91
-21
53
122
177
227
279
328
390
439
458
465
448
420
373
291
163
0
-183
-400
-614
-836
-1076
-1303
-1525
-1721
-1866
-1962
-2036
-2086
-2099
-2087
-2017
-1910
-1810
-1695
-1581
-1464
-1328
-1180
-1045
-922
-809
-741
-674
-595
-536
-491
-493
-540
-584
-596
-605
-656
-750
-891
-1003
-1062
-1134
-1235
-1365
-1466
-1485
-1429
-1376
-1362
-1328
-1243
-1082
-898
-771
-656
-459
-129
287
715
1121
1568
2140
2773
3364
3840
4207
4548
4869
5091
5134
5019
4808
4540
4216
3779
3259
2729
2211
1701
1183
673
223
-145
-492
-864
-1224
-1536
-1766
-1945
-2151
-2379
-2539
-2590
-2556
-2473
-2375
-2225
-1952
-1576
-1163
-735
-295
161
635
1067
1409
1694
1929
2085
2149
2114
1999
1861
1702
1460
1165
863
588
365
154
-82
-297
-416
-465
-489
-511
-554
-541
-449
-352
-286
-240
-177
-71
71
175
229
304
389
480
554
569
561
559
546
469
348
201
33
-129
-345
-609
-863
-1090
-1285
-1483
-1691
-1891
-2018
-2069
-2109
-2126
-2132
-2095
-1982
-1835
-1687
-1540
-1374
-1195
-1005
-816
-660
-507
-372
-285
-228
-201
-189
-198
-245
-345
-461
-542
-617
-696
-803
-942
-1045
-1104
-1154
-1218
-1287
-1328
-1318
-1277
-1252
-1236
-1180
-1079
-945
-816
-683
-471
-133
290
723
1148
1614
2176
2798
3358
3789
4123
4423
4705
4897
4905
4747
4514
4247
3928
3519
3019
2494
2004
1531
1046
570
130
-254
-599
-955
-1307
-1599
-1818
-2000
-2184
-2377
-2517
-2542
-2486
-2410
-2324
-2194
-1961
-1620
-1234
-861
-488
-83
355
796
1179
1478
1724
1927
2060
2106
2068
1963
1820
1631
1374
1087
821
591
376
149
-93
-284
-370
-394
-424
-475
-518
-483
-364
-242
-173
-140
-91
1
117
196
225
249
287
332
371
393
405
411
391
329
256
194
126
20
-151
-361
-548
-701
-864
-1070
-1307
-1521
-1657
-1727
-1778
-1818
-1824
-1769
-1647
-1497
-1350
-1206
-1055
-906
-769
-656
-563
-477
-406
-375
-378
-400
-423
-444
-489
-570
-663
-737
-782
-810
-847
-895
-933
-937
-916
-885
-856
-832
-788
-714
-617
-505
-396
-298
-205
-104
7
125
233
319
417
559
753
983
1204
1416
1648
1919
2207
2462
2656
2792
2908
3008
3053
3020
2910
2744
2540
2299
2015
1700
1375
1050
718
393
94
-157
-367
-571
-771
-949
-1067
-1124
-1156
-1192
-1231
-1228
-1164
-1058
-940
-836
-720
-569
-379
-169
29
213
379
537
678
791
872
908
902
852
773
683
579
461
311
139
-21
-152
-248
-332
-410
-470
-478
-414
-310
-191
-75
43
186
345
489
589
645
670
676
666
625
556
467
365
266
172
87
7
-74
-171
-280
-379
-471
-563
-672
-803
-927
-1016
-1064
-1090
-1109
-1112
-1080
-995
-881
-766
-661
-565
-468
-374
-301
-263
-251
-264
-291
-326
-380
-445
-510
-583
-660
-732
-795
-845
-877
-900
-910
-897
-865
-813
-744
-668
-587
-496
-391
-274
-138
5
143
280
418
560
694
800
866
904
930
946
941
898
817
722
633
545
440
315
183
77
7
-39
-71
-93
-96
-61
3
72
139
205
271
347
427
488
543
589
628
661
683
700
719
748
776
804
844
889
948
1007
1042
1060
1066
1055
1021
959
864
748
630
492
347
197
46
-88
-206
-314
-415
-498
-556
-594
-610
-624
-633
-626
-608
-575
-536
-498
-461
-411
-351
-282
-204
-126
-50
30
105
182
254
312
356
384
403
416
421
409
375
331
277
218
149
64
-30
-125
-211
-291
-359
-417
-457
-474
-475
-460
-429
-389
-334
-274
-217
-167
-117
-77
-52
-37
-42
-62
-90
-129
-174
-219
-266
-309
-342
-364
-377
-373
-366
-358
-343
-324
-305
-289
-284
-287
-283
-275
-269
-259
-247
-222
-174
-112
-50
23
110
203
300
383
446
499
544
565
561
531
486
438
382
308
221
137
61
-6
-72
-145
-207
-251
-285
-315
-346
-374
-392
-395
-400
-408
-407
-392
-365
-333
-303
-264
-207
-137
-69
-8
51
119
204
285
356
412
463
519
574
612
626
623
608
590
567
528
471
405
338
272
207
142
76
18
-25
-58
-81
-92
-91
-74
-49
-25
0
36
80
123
158
174
185
201
218
226
216
198
185
193
210
223
235
251
275
306
330
335
328
311
278
235
178
111
47
-20
-91
-154
-204
-240
-261
-274
-283
-281
-262
-237
-215
-200
-191
-182
-173
-176
-193
-216
-238
-255
-266
-282
-295
-294
-275
-243
-209
-172
-125
-60
16
92
162
230
301
373
434
480
513
537
552
556
549
534
518
497
465
422
375
332
290
239
177
117
67
27
-8
-50
-96
-137
-173
-209
-249
-296
-344
-386
-422
-448
-464
-470
-466
-451
-421
-382
-329
-273
-219
-164
-106
-47
10
57
90
115
136
152
161
162
157
151
143
136
133
128
119
107
91
76
66
57
38
11
-19
-47
-69
-99
-137
-179
-216
-237
-246
-245
-237
-214
-177
-129
-77
-22
33
85
122
146
162
172
178
171
147
115
88
65
47
26
-2
-19
-24
-17
-6
2
10
19
31
41
47
48
43
34
21
8
-6
-16
-30
-52
-73
-93
-108
-120
-136
-161
-186
-206
-220
-230
-249
-276
-302
-322
-336
-349
-365
-385
-399
-403
-402
-396
-385
-371
-345
-307
-259
-200
-130
-54
25
104
179
259
329
382
411
418
410
394
365
309
232
148
65
-11
-89
-176
-264
-342
-403
-451
-490
-527
-557
-573
-581
-580
-574
-564
-549
-530
-506
-471
-419
-359
-296
-231
-162
-84
-1
76
136
183
221
255
281
288
275
252
223
194
162
124
85
51
27
11
2
-5
-11
-11
-11
-11
-11
-17
-24
-33
-43
-52
-59
-66
-75
-81
-86
-88
-84
-80
-74
-66
-58
-44
-25
-7
8
18
28
41
58
76
89
101
118
142
174
205
231
253
279
306
334
356
369
380
394
412
430
448
463
479
499
518
535
550
558
561
557
544
526
508
486
464
440
417
401
396
396
394
391
382
378
375
367
351
331
314
306
307
314
324
343
372
414
463
511
555
596
634
663
683
687
676
651
611
556
489
412
322
222
117
10
-92
-192
-291
-386
-471
-547
-610
-662
-713
-753
-780
-793
-795
-788
-776
-751
-712
-660
-602
-539
-471
-392
-304
-218
-135
-58
17
84
141
181
203
213
212
200
170
127
74
18
-37
-99
-169
-236
-294
-339
-379
-417
-450
-468
-470
-466
-462
-463
-459
-443
-422
-405
-398
-392
-379
-358
-338
-328
-323
-317
-307
-298
-296
-302
-310
-316
-326
-341
-356
-369
-380
-389
-395
-394
-384
-363
-339
-311
-277
-238
-193
-151
-112
-77
-41
-5
25
50
69
88
105
115
121
122
120
114
101
83
65
49
30
5
-21
-46
-65
-77
-91
-108
-122
-126
-124
-118
-116
-113
-104
-85
-56
-21
21
72
133
207
292
387
485
582
678
772
863
945
1014
1063
1099
1122
1131
1125
1101
1061
1011
951
880
798
707
614
516
418
318
219
129
51
-19
-82
-137
-179
-207
-221
-228
-226
-216
-198
-170
-136
-97
-49
-1
50
101
152
205
256
300
330
349
360
364
358
334
296
247
196
143
88
26
-44
-112
-175
-232
-287
-342
-396
-444
-480
-506
-522
-533
-537
-531
-516
-492
-462
-431
-402
-374
-346
-320
-296
-277
-265
-259
-256
-250
-247
-248
-257
-271
-285
-298
-313
-331
-351
-369
-384
-394
-397
-394
-384
-365
-340
-308
-267
-214
-158
-102
-47
7
64
120
170
206
234
259
280
294
296
288
273
256
236
210
179
147
111
78
46
15
-13
-39
-59
-72
-79
-74
-60
-38
-10
24
68
118
172
223
270
317
365
409
445
467
481
490
493
488
470
442
407
371
329
279
223
163
99
32
-39
-111
-178
-242
-302
-358
-404
-436
-450
-454
-451
-440
-412
-366
-310
-251
-197
-140
-74
0
71
131
182
231
282
331
367
394
409
420
424
419
404
379
344
299
246
190
132
77
18
-42
-97
-142
-172
-194
-215
-232
-241
-239
-229
-216
-206
-199
-189
-175
-154
-138
-125
-114
-106
-95
-85
-75
-71
-74
-84
-94
-102
-111
-126
-147
-169
-185
-195
-200
-205
-207
-205
-194
-177
-155
-133
-108
-80
-51
-23
8
37
66
92
112
128
145
162
171
173
169
165
158
149
131
102
71
36
-3
-44
-91
-141
-188
-233
-273
-309
-339
-359
-368
-367
-356
-334
-300
-255
-201
-141
-75
-3
72
143
209
269
321
367
401
422
433
436
429
412
386
352
315
270
219
162
98
33
-35
-109
-185
-260
-329
-389
-441
-487
-522
-540
-539
-522
-493
-453
-400
-335
-256
-173
-86
0
88
177
264
344
413
475
528
571
603
622
628
621
600
567
525
472
412
345
271
195
118
44
-27
-96
-158
-211
-254
-286
-307
-317
-317
-306
-285
-257
-222
-183
-140
-96
-54
-16
20
51
73
88
94
93
85
73
52
26
-6
-38
-69
-101
-134
-166
-193
-215
-233
-246
-256
-260
-257
-246
-232
-214
-189
-158
-122
-82
-37
8
58
109
160
206
252
294
328
351
365
370
364
348
317
275
227
177
123
65
5
-54
-107
-153
-195
-233
-263
-285
-299
-301
-302
-295
-281
-258
-227
-192
-153
-109
-59
-7
46
98
149
198
245
282
308
326
334
336
326
304
270
232
189
139
84
22
-38
-95
-152
-206
-259
-305
-342
-370
-391
-407
-412
-405
-388
-361
-327
-290
-242
-187
-129
-69
-9
51
112
169
221
266
305
338
362
378
382
379
370
351
324
288
244
200
155
106
53
-1
-50
-90
-125
-160
-189
-213
-224
-225
-221
-213
-200
-180
-154
-126
-96
-67
-40
-17
1
15
25
30
29
22
11
-3
-16
-28
-44
-62
-81
-95
-104
-115
-129
-141
-152
-159
-163
-168
-172
-173
-169
-160
-147
-128
-102
-71
-37
-2
37
80
124
164
199
228
254
279
297
305
306
302
295
285
269
246
220
192
162
132
100
69
42
12
-13
-34
-50
-60
-65
-69
-71
-67
-56
-42
-31
-21
-14
-6
-1
1
-1
-10
-19
-28
-37
-47
-57
-67
-77
-86
-95
-104
-111
-119
-128
-137
-145
-150
-155
-158
-163
-164
-165
-159
-152
-144
-131
-117
-100
-79
-55
-33
-7
18
42
67
90
112
130
146
158
165
168
167
162
152
140
126
109
91
75
58
40
24
9
-2
-14
-24
-33
-39
-40
-37
-33
-28
-20
-9
2
12
20
24
27
26
21
12
0
-13
-26
-39
-55
-70
-83
-89
-93
-99
-103
-104
-101
-95
-92
-91
-89
-89
-85
-81
-79
-75
-67
-54
-40
-24
-6
16
42
66
88
109
129
146
161
169
173
172
171
166
159
149
136
126
117
107
96
86
76
69
61
52
42
34
29
25
21
18
20
25
34
40
46
54
62
69
70
65
56
45
32
14
-9
-35
-61
-85
-110
-136
-161
-183
-203
-220
-235
-249
-259
-266
-268
-269
-268
-259
-246
-229
-208
-182
-151
-116
-78
-38
2
43
86
125
162
193
219
241
259
269
274
274
268
260
248
230
208
182
154
123
85
44
1
-42
-85
-130
-172
-210
-242
-263
-277
-283
-280
-264
-239
-209
-172
-131
-88
-44
-4
31
60
84
100
110
114
112
109
99
90
77
63
52
36
23
7
-9
-23
-37
-52
-66
-79
-89
-96
-99
-101
-97
-89
-76
-58
-37
-14
13
41
69
94
118
139
155
169
177
181
181
177
166
151
132
114
93
71
47
24
5
-11
-25
-37
-45
-51
-51
-49
-44
-38
-31
-21
-10
-1
9
17
24
32
38
41
44
46
48
49
48
44
43
40
36
28
16
3
-13
-31
-53
-80
-107
-133
-160
-186
-211
-233
-250
-261
-267
-268
-261
-249
-231
-208
-182
-150
-116
-78
-39
1
42
83
122
160
196
229
258
284
305
319
328
329
324
310
291
263
232
194
153
105
56
4
-48
-98
-147
-189
-226
-253
-274
-286
-288
-284
-273
-253
-227
-196
-165
-134
-102
-69
-41
-19
-3
14
28
39
47
51
56
59
61
63
62
60
56
51
43
30
15
-1
-13
-25
-38
-45
-48
-46
-45
-41
-33
-19
-2
14
32
52
72
90
103
114
121
127
132
135
136
133
127
123
117
106
92
80
68
53
35
14
-3
-15
-30
-45
-53
-51
-43
-37
-33
-22
-7
10
29
45
58
68
76
83
84
71
46
30
20
2
-15
-31
-44
-56
-74
-93
-105
-116
-127
-144
-164
-176
-187
-199
-213
-224
-231
-230
-223
-210
-198
-181
-156
-127
-94
-60
-27
11
50
83
111
136
161
183
201
213
225
237
245
247
244
238
227
212
191
166
135
105
71
34
-7
-44
-78
-107
-128
-144
-153
-154
-149
-143
-136
-124
-110
-93
-80
-71
-60
-49
-42
-41
-39
-34
-26
-16
-11
-7
-1
6
8
4
-1
-5
-7
-15
-29
-43
-54
-63
-72
-81
-86
-82
-73
-64
-57
-47
-32
-11
6
18
32
51
69
85
94
103
116
134
146
150
155
161
163
155
143
131
120
108
90
66
41
22
5
-13
-28
-41
-43
-43
-44
-44
-45
-44
-40
-36
-37
-36
-32
-32
-38
-43
-45
-45
-48
-50
-46
-43
-40
-37
-39
-48
-53
-54
-65
-76
-88
-101
-118
-136
-150
-159
-167
-179
-188
-187
-174
-154
-133
-117
-98
-70
-35
-7
16
45
84
127
161
188
211
231
252
267
270
277
295
308
300
275
245
221
196
160
116
75
49
33
6
-38
-79
-103
-107
-111
-120
-121
-108
-91
-86
-89
-93
-87
-71
-57
-48
-41
-27
-7
8
6
-1
5
26
49
51
34
29
39
39
17
-20
-41
-38
-39
-51
-65
-85
-91
-86
-84
-77
-69
-67
-53
-33
-22
-4
16
30
44
40
34
57
86
106
123
119
104
104
101
82
55
38
57
84
61
2
-50
-86
-100
-96
-86
-58
-38
-58
-103
-150
-164
-111
-29
10
-1
-41
-82
-101
-109
-91
-37
10
4
-49
-110
-127
-87
-42
-27
-34
-51
-66
-79
-100
-102
-79
-59
-57
-84
-131
-154
-135
-90
-47
-36
-40
-28
-11
-1
19
57
107
153
159
146
145
156
179
207
225
246
276
283
264
231
206
217
244
249
232
196
128
61
17
-10
-17
-21
-31
-37
-72
-142
-194
-202
-159
-77
-30
-57
-115
-162
-165
-131
-87
-39
1
2
-24
-41
-20
42
93
81
33
31
99
180
182
92
-11
-54
-42
-14
-3
0
3
-34
-120
-187
-179
-115
-53
-38
-62
-83
-70
-38
-23
-37
-38
3
46
64
73
91
131
163
134
60
19
64
159
207
162
66
-12
-36
-32
-29
-21
-9
-23
-66
-116
-152
-141
-97
-86
-129
-166
-136
-72
-47
-75
-107
-113
-80
-21
23
34
25
14
28
61
91
111
116
95
61
57
97
142
135
79
34
21
9
11
49
74
26
-49
-53
19
70
43
-21
-45
20
122
161
131
120
143
152
147
173
242
312
320
261
205
217
276
304
258
183
158
191
225
195
106
25
-2
15
24
-11
-59
-75
-83
-138
-217
-232
-182
-150
-178
-232
-262
-252
-215
-172
-164
-211
-263
-243
-168
-125
-163
-229
-260
-262
-258
-268
-286
-307
-341
-378
-394
-405
-442
-488
-522
-557
-606
-635
-633
-642
-685
-730
-747
-713
-645
-600
-581
-525
-408
-290
-194
-113
-23
116
302
457
548
639
771
938
1084
1163
1237
1388
1527
1536
1476
1492
1612
1682
1593
1489
1517
1574
1503
1318
1165
1133
1119
978
786
673
588
471
358
250
138
23
-92
-169
-242
-389
-509
-487
-459
-564
-710
-749
-653
-562
-633
-780
-820
-738
-641
-625
-653
-651
-650
-614
-486
-444
-575
-657
-596
-498
-459
-549
-682
-662
-566
-602
-690
-713
-691
-662
-734
-881
-888
-802
-860
-1009
-1115
-1164
-1118
-1055
-1132
-1351
-1537
-1508
-1338
-1310
-1485
-1625
-1539
-1288
-1103
-1053
-942
-729
-587
-442
-133
180
292
317
513
930
1294
1425
1556
1878
2184
2290
2299
2363
2494
2550
2463
2419
2504
2506
2319
2104
1982
1913
1766
1485
1187
956
758
575
416
228
12
-178
-337
-487
-649
-814
-952
-1062
-1175
-1268
-1283
-1248
-1255
-1299
-1287
-1233
-1220
-1223
-1174
-1085
-993
-901
-785
-625
-465
-350
-239
-94
40
144
250
372
504
638
764
873
966
1037
1099
1186
1288
1347
1342
1318
1321
1356
1373
1313
1228
1163
1073
978
900
767
616
536
439
284
149
41
-71
-182
-314
-439
-520
-603
-724
-877
-990
-975
-934
-1031
-1179
-1218
-1148
-1089
-1158
-1253
-1209
-1103
-1049
-1060
-1138
-1140
-1024
-992
-1018
-980
-1062
-1199
-1078
-905
-985
-1191
-1279
-1183
-1112
-1292
-1485
-1464
-1482
-1620
-1694
-1760
-1917
-2051
-1892
-1333
-883
-1044
-1318
-962
-203
172
-82
-336
36
753
1217
1419
1679
2154
2642
2765
2678
2827
3053
3010
2890
2983
3231
3321
3082
2842
2901
2964
2718
2235
1735
1470
1417
1207
815
584
506
344
74
-215
-447
-654
-920
-1182
-1312
-1328
-1344
-1434
-1510
-1425
-1283
-1332
-1522
-1597
-1508
-1392
-1332
-1274
-1126
-894
-680
-530
-405
-258
-111
-53
-55
52
269
414
470
578
753
899
942
889
864
950
1014
933
824
882
1078
1138
994
912
991
1018
903
726
592
571
568
471
369
362
373
265
70
-8
18
-96
-311
-404
-412
-439
-473
-547
-636
-665
-692
-777
-909
-1020
-987
-911
-972
-1016
-968
-1018
-1098
-1041
-967
-1018
-1176
-1298
-1247
-1149
-1155
-1231
-1323
-1349
-1290
-1291
-1380
-1480
-1557
-1556
-1543
-1605
-1649
-1659
-1663
-1657
-1756
-1895
-1943
-2051
-2122
-1765
-1124
-774
-882
-939
-420
373
706
469
268
636
1407
1947
2068
2282
2882
3435
3510
3389
3514
3681
3553
3395
3514
3679
3599
3337
3142
3147
3124
2718
2021
1486
1291
1155
782
320
106
52
-145
-460
-740
-994
-1251
-1515
-1768
-1910
-1937
-2000
-2104
-2061
-1859
-1749
-1860
-2004
-1970
-1804
-1682
-1630
-1524
-1290
-1001
-755
-575
-392
-183
-23
50
140
324
510
606
726
983
1237
1320
1282
1255
1282
1313
1261
1184
1190
1201
1151
1134
1143
1101
994
794
596
539
517
394
256
247
345
331
156
32
-11
-82
-137
-198
-303
-317
-259
-270
-270
-214
-217
-296
-404
-476
-489
-563
-696
-693
-626
-703
-821
-856
-901
-982
-1062
-1199
-1351
-1404
-1419
-1493
-1559
-1539
-1513
-1589
-1721
-1767
-1743
-1784
-1855
-1864
-1846
-1832
-1800
-1747
-1695
-1669
-1652
-1646
-1702
-1764
-1760
-1755
-1773
-1789
-1746
-1349
-579
-119
-301
-416
171
1008
1244
886
741
1221
1972
2504
2654
2790
3326
3856
3796
3529
3599
3704
3509
3318
3414
3568
3425
3062
2875
2911
2776
2250
1536
1026
916
865
475
14
-94
-92
-341
-700
-974
-1231
-1500
-1722
-1874
-1937
-1930
-1953
-2008
-1922
-1693
-1619
-1826
-2004
-1884
-1620
-1501
-1492
-1338
-997
-656
-423
-279
-151
41
201
243
332
549
740
838
970
1196
1387
1397
1283
1213
1229
1276
1273
1139
1002
1033
1104
1039
902
769
636
514
399
293
182
105
125
131
46
5
-41
-203
-284
-252
-325
-438
-471
-477
-417
-336
-352
-403
-465
-557
-581
-603
-741
-832
-829
-854
-864
-883
-1026
-1149
-1135
-1165
-1332
-1485
-1553
-1623
-1693
-1674
-1612
-1606
-1648
-1710
-1730
-1670
-1671
-1771
-1819
-1773
-1642
-1509
-1533
-1549
-1360
-1195
-1207
-1273
-1340
-1311
-1161
-1104
-1162
-1204
-1162
-781
-62
351
181
77
595
1394
1672
1303
1098
1529
2183
2580
2611
2643
3127
3650
3563
3287
3369
3433
3193
2990
3040
3134
2986
2636
2446
2479
2381
1951
1320
822
687
617
218
-253
-387
-388
-590
-876
-1081
-1297
-1545
-1738
-1880
-1943
-1909
-1930
-2025
-1944
-1683
-1576
-1721
-1860
-1762
-1506
-1334
-1289
-1166
-888
-584
-338
-176
-76
90
323
436
479
650
839
911
1024
1237
1386
1397
1331
1322
1393
1387
1263
1175
1175
1222
1247
1114
908
857
868
710
467
338
298
184
36
-12
-63
-185
-261
-371
-562
-624
-633
-782
-904
-885
-859
-870
-910
-956
-938
-925
-1015
-1080
-1069
-1124
-1177
-1106
-1061
-1085
-1071
-1115
-1218
-1239
-1230
-1265
-1317
-1393
-1425
-1365
-1304
-1306
-1318
-1308
-1326
-1376
-1408
-1458
-1449
-1333
-1323
-1380
-1245
-1092
-1103
-1080
-1050
-1145
-1119
-1004
-1282
-1678
-1544
-1285
-1255
-790
103
487
230
174
807
1487
1396
997
1216
1966
2760
3278
3250
3152
3699
4268
4017
3607
3631
3515
3165
3041
2974
2783
2577
2206
1709
1320
903
321
-284
-653
-627
-614
-1043
-1444
-1370
-1266
-1406
-1587
-1817
-2011
-1926
-1758
-1722
-1571
-1247
-1025
-944
-829
-647
-536
-563
-531
-287
5
179
278
403
644
957
1069
865
629
616
715
735
725
763
795
757
646
508
366
226
171
220
242
251
358
504
660
837
851
655
496
492
550
585
659
825
892
759
642
517
257
64
-64
-327
-517
-516
-586
-735
-815
-936
-1172
-1487
-1772
-1867
-1862
-1871
-1736
-1568
-1613
-1658
-1619
-1720
-1793
-1679
-1630
-1634
-1456
-1210
-1098
-1110
-1179
-1196
-1163
-1195
-1235
-1200
-1181
-1157
-1076
-1115
-1262
-1263
-1191
-1265
-1379
-1388
-1370
-1360
-1327
-1308
-1347
-1376
-1373
-1427
-1507
-1593
-1823
-2072
-1862
-904
596
1901
2427
2602
2852
2763
2336
2292
2842
3770
4787
5223
4962
4889
5057
4556
3452
2567
2010
1583
1401
1460
1501
1232
521
-506
-1633
-2502
-2763
-2688
-2655
-2370
-1819
-1665
-1856
-1743
-1440
-1294
-1131
-891
-626
-30
912
1678
2063
2249
2220
1887
1476
1357
1567
1761
1727
1566
1331
954
527
130
-330
-787
-1084
-1358
-1621
-1522
-1133
-926
-940
-1009
-1143
-1161
-906
-529
-70
478
937
1335
1762
2094
2336
2486
2388
2201
2163
2099
1935
1856
1727
1294
636
-19
-562
-959
-1188
-1364
-1638
-1909
-2061
-2237
-2459
-2512
-2410
-2329
-2260
-2088
-1779
-1467
-1237
-1029
-914
-938
-869
-642
-474
-303
-67
-53
-241
-357
-501
-797
-1038
-1125
-1244
-1503
-1813
-2028
-2133
-2243
-2288
-2256
-2324
-2352
-2188
-2124
-2226
-2077
-1731
-1585
-1469
-1166
-951
-969
-939
-719
-540
-560
-706
-829
-1013
-1268
-934
465
2277
3493
3820
3479
2820
2380
2393
2708
3383
4441
5233
4967
4150
3833
3628
2709
1583
957
603
567
994
1153
701
55
-856
-2184
-3147
-2956
-2045
-1297
-885
-610
-618
-900
-924
-651
-371
126
731
999
1254
1960
2598
2577
2120
1592
1175
951
969
1186
1354
1287
852
-39
-1021
-1475
-1445
-1429
-1442
-1344
-1276
-1286
-1296
-1243
-1104
-951
-872
-754
-355
320
1029
1478
1571
1507
1418
1339
1392
1710
2202
2521
2451
2032
1475
945
479
68
-314
-603
-772
-924
-1100
-1275
-1441
-1675
-1978
-2183
-2120
-1760
-1293
-923
-752
-761
-833
-916
-932
-766
-433
-142
-72
-173
-312
-408
-491
-664
-880
-1042
-1149
-1280
-1459
-1616
-1767
-1974
-2216
-2437
-2588
-2656
-2613
-2552
-2508
-2323
-2063
-1902
-1818
-1670
-1594
-1625
-1444
-1149
-931
-683
-475
-526
-622
-408
-208
-277
-429
-606
-922
-1288
-954
564
2589
3922
4138
3692
2940
2379
2400
2821
3583
4699
5497
5085
4073
3585
3196
2220
1136
578
362
424
828
930
448
-325
-1373
-2684
-3508
-3013
-1783
-913
-532
-306
-339
-686
-782
-504
-58
686
1418
1685
1771
2190
2567
2346
1773
1233
923
783
786
983
1091
838
159
-803
-1692
-2011
-1742
-1491
-1356
-1140
-992
-1047
-1168
-1118
-881
-535
-202
104
535
1065
1583
1863
1752
1504
1392
1441
1622
1965
2233
2071
1522
772
41
-440
-654
-758
-908
-1090
-1339
-1650
-1875
-1998
-1984
-1912
-1849
-1689
-1324
-829
-456
-219
-163
-264
-288
-208
-33
207
401
354
71
-224
-468
-563
-615
-764
-965
-1290
-1718
-2122
-2317
-2381
-2455
-2451
-2433
-2467
-2542
-2488
-2373
-2420
-2350
-2054
-1775
-1558
-1212
-914
-941
-900
-628
-425
-351
-262
-195
-314
-419
-335
-282
-386
-528
-681
-1152
-1662
-1056
773
2536
3328
3470
3221
2528
2123
2298
2785
3698
4926
5412
4637
3963
3835
3249
2094
1247
950
661
626
871
790
295
-425
-1480
-2847
-3363
-2556
-1599
-1121
-744
-418
-583
-879
-778
-455
110
848
1339
1491
1713
2170
2316
1955
1512
1307
1129
821
808
1023
1012
679
-7
-946
-1666
-1768
-1603
-1483
-1241
-989
-920
-1030
-1128
-977
-648
-344
-112
228
689
1135
1572
1784
1734
1613
1513
1532
1703
2053
2267
2078
1489
732
152
-354
-720
-820
-880
-1112
-1407
-1578
-1825
-1961
-1874
-1841
-1802
-1537
-1062
-697
-438
-223
-164
-235
-349
-313
-147
25
136
73
-163
-445
-663
-911
-1170
-1313
-1408
-1548
-1762
-1967
-2089
-2236
-2499
-2722
-2779
-2734
-2549
-2296
-2163
-2061
-1812
-1596
-1535
-1398
-1133
-838
-569
-389
-286
-176
-103
-213
-340
-321
-242
-163
-123
-195
-382
-653
-1083
-1508
-1124
408
2185
3152
3320
3214
2827
2327
2177
2517
3306
4353
5028
4730
4138
3908
3426
2364
1371
983
863
798
854
819
505
-178
-1147
-2206
-2761
-2355
-1581
-1109
-825
-470
-363
-621
-745
-528
-37
552
973
1214
1504
1895
2014
1719
1306
1049
912
731
666
841
995
786
158
-609
-1162
-1369
-1371
-1306
-1114
-832
-715
-831
-958
-840
-565
-333
-143
156
673
1262
1759
2108
2315
2319
2057
1710
1504
1492
1522
1397
1058
586
76
-460
-973
-1319
-1483
-1605
-1792
-1969
-1979
-1843
-1687
-1602
-1584
-1544
-1394
-1151
-915
-644
-333
-157
-188
-312
-419
-469
-458
-462
-506
-537
-661
-939
-1251
-1484
-1666
-1872
-2099
-2226
-2202
-2256
-2417
-2445
-2378
-2348
-2276
-2147
-2113
-2037
-1800
-1573
-1307
-937
-606
-427
-272
-101
-36
-29
-58
-49
0
26
65
30
-135
-436
-597
-126
1061
2327
2958
3101
2979
2567
2169
2059
2368
3168
4171
4572
4227
3837
3464
2762
1830
1204
1138
1298
1414
1450
1312
808
2
-920
-1804
-2098
-1660
-1194
-988
-713
-458
-597
-920
-1030
-875
-510
-129
190
579
1032
1399
1448
1165
857
766
732
655
815
1116
1154
893
463
27
-278
-452
-619
-727
-623
-462
-417
-489
-544
-485
-488
-564
-482
-138
313
685
1025
1344
1591
1668
1562
1443
1384
1436
1454
1294
1152
1083
837
274
-289
-680
-1009
-1239
-1366
-1366
-1317
-1379
-1574
-1829
-1975
-1931
-1762
-1631
-1458
-1117
-905
-912
-899
-841
-814
-772
-707
-659
-562
-471
-510
-601
-739
-933
-1098
-1281
-1432
-1445
-1452
-1648
-1907
-2079
-2254
-2350
-2315
-2211
-2052
-1923
-1859
-1802
-1674
-1538
-1416
-1219
-959
-608
-242
21
165
239
247
146
47
79
215
296
174
46
367
1253
2229
2817
3058
3051
2788
2452
2307
2525
3082
3713
3983
3835
3637
3436
2980
2242
1608
1330
1233
1175
1201
1263
1056
453
-371
-1154
-1537
-1444
-1211
-1080
-947
-805
-856
-1029
-1039
-782
-429
-209
-94
96
394
679
829
867
893
914
839
735
802
992
1089
975
710
478
347
215
53
-18
-16
-76
-182
-244
-205
-110
-88
-131
-148
-77
73
232
340
477
757
1016
1131
1220
1270
1144
867
616
446
361
360
307
116
-192
-548
-967
-1408
-1648
-1637
-1594
-1642
-1654
-1625
-1688
-1774
-1826
-1869
-1847
-1722
-1566
-1381
-1088
-776
-610
-603
-658
-691
-727
-739
-617
-412
-291
-316
-445
-650
-894
-1153
-1456
-1708
-1809
-1803
-1776
-1774
-1755
-1718
-1754
-1897
-2012
-1992
-1861
-1624
-1358
-1119
-807
-441
-182
-35
106
238
323
377
448
579
718
765
743
798
1174
1890
2538
2890
3109
3180
2971
2734
2727
2843
3027
3265
3357
3247
3116
2955
2556
1990
1573
1333
1071
860
871
871
594
179
-258
-720
-1012
-1010
-943
-930
-834
-749
-816
-854
-698
-462
-284
-121
40
162
235
289
390
507
570
570
557
566
616
678
651
555
505
494
462
445
495
531
483
410
384
407
440
470
493
509
519
510
479
447
423
383
302
220
208
243
245
180
53
-130
-333
-504
-644
-732
-771
-837
-977
-1147
-1309
-1456
-1559
-1645
-1742
-1789
-1780
-1749
-1659
-1469
-1277
-1192
-1201
-1256
-1258
-1148
-985
-830
-681
-579
-567
-570
-548
-529
-507
-525
-627
-741
-797
-842
-891
-928
-1001
-1113
-1242
-1352
-1348
-1217
-1079
-1011
-964
-955
-997
-991
-867
-640
-366
-102
110
289
476
609
664
699
751
806
873
994
1141
1247
1265
1165
1006
849
715
657
791
1121
1480
1756
1910
1909
1781
1626
1529
1495
1569
1754
1932
2056
2162
2215
2105
1842
1550
1282
1076
994
1034
1073
1008
838
548
192
-101
-275
-364
-391
-366
-349
-366
-399
-476
-589
-703
-771
-772
-711
-586
-407
-188
3
141
264
387
532
696
852
1003
1194
1405
1510
1492
1407
1261
1038
798
616
489
426
372
227
12
-200
-417
-653
-834
-934
-965
-941
-941
-972
-993
-1050
-1169
-1264
-1310
-1333
-1309
-1274
-1263
-1196
-1116
-1112
-1096
-1034
-985
-913
-835
-801
-728
-637
-649
-692
-685
-722
-778
-782
-755
-658
-535
-556
-604
-551
-624
-808
-802
-706
-668
-524
-343
-307
-291
-282
-451
-645
-665
-580
-426
-243
-153
-115
-109
-242
-399
-380
-272
-127
156
473
733
928
944
839
841
925
984
1091
1250
1349
1363
1269
1113
1019
963
836
700
672
657
598
547
454
303
198
78
-88
-132
-92
-103
-121
-121
-108
-22
60
73
124
214
270
382
568
740
921
1092
1150
1156
1186
1168
1154
1240
1334
1366
1363
1281
1132
988
821
617
445
315
221
180
149
144
125
68
-10
-120
-173
-196
-178
-61
127
230
239
247
119
27
110
117
68
85
114
90
-10
-117
-188
-305
-464
-554
-685
-768
-752
-915
-1067
-1057
-1162
-1271
-1264
-1317
-1325
-1182
-1151
-1226
-1092
-967
-807
-620
-640
-604
-506
-479
-470
-296
-259
-251
-48
-156
-296
-153
-139
-230
-100
-105
-225
-75
-171
-290
-140
-306
-325
-119
-189
-155
59
52
-124
-115
-132
-259
-99
78
9
84
186
7
22
179
127
260
260
203
392
391
470
579
533
600
697
654
744
849
695
792
842
594
661
753
569
550
464
248
318
281
175
377
305
101
249
115
-94
84
-14
-168
49
127
112
230
162
28
53
-50
-79
106
138
69
75
67
-2
-37
-86
-8
93
81
99
47
-115
-174
-130
-185
-171
-95
-19
20
-37
128
203
-3
75
247
134
323
540
434
625
572
343
392
206
257
284
-25
79
185
-56
-126
-137
-389
-555
-488
-566
-574
-398
-537
-664
-476
-441
-442
-428
-525
-395
-283
-360
-110
-106
-316
172
249
-98
158
231
78
76
41
-44
2
83
2
-56
75
-26
-265
-23
-61
-184
17
-156
-95
68
-189
-187
-16
-135
-66
189
159
165
305
256
17
124
366
95
180
568
130
46
506
113
5
347
183
180
247
126
236
229
-23
91
52
-88
13
235
330
-174
48
287
-472
-154
201
-514
-249
134
-295
-71
53
-252
-105
-253
-412
17
-81
-251
44
67
-23
-147
-58
43
-117
-114
107
236
71
336
288
77
373
29
-39
193
-121
-68
276
-163
-250
286
-234
-496
-147
-268
-407
-306
-60
-56
-279
185
329
-146
328
400
139
520
372
344
718
363
325
799
132
205
528
-198
139
91
-319
-124
-488
-350
-110
-549
-470
-443
-643
-597
-820
-806
-511
-581
-455
25
-458
-364
104
-350
-94
-21
78
393
44
427
591
76
330
289
77
503
225
-186
566
402
-209
366
93
66
443
-115
156
116
-128
17
-299
115
-33
-7
282
-60
212
145
5
-9
-140
246
78
-52
506
209
35
481
-84
-54
664
-126
-294
354
76
-75
100
184
54
-126
53
2
-80
-299
20
-33
-591
301
89
-409
195
146
-256
-269
81
-297
-296
-81
-406
-23
-58
-512
140
-170
-544
110
-502
-400
163
-546
26
221
-497
453
-40
-697
531
-75
-773
406
-30
-389
490
157
-107
225
125
-97
27
27
43
266
69
405
444
63
171
296
174
202
463
142
188
364
282
212
59
350
332
-29
114
464
159
-295
220
-24
-429
92
-414
-354
57
-530
-405
-27
-601
-864
-216
-453
-615
-211
-85
-317
-523
57
-236
-620
29
-94
-603
43
82
-199
126
62
133
110
73
300
123
101
747
136
-56
868
173
178
928
291
91
715
465
-76
177
483
147
23
61
163
118
-192
115
-59
-398
94
374
-274
-179
249
-353
-463
-65
-252
-476
-212
65
-356
-177
310
-313
-255
107
98
-15
59
318
276
-100
-12
164
-336
113
479
-229
28
330
19
86
-64
161
-82
-290
1
-60
-204
-87
166
-455
-199
-94
-517
98
-112
-334
179
69
23
-25
212
7
-336
420
-264
-345
904
143
-392
786
108
-813
496
-159
-702
463
-232
-352
197
-41
151
81
-164
60
-128
-214
272
-95
76
602
-110
334
610
-303
212
293
-207
16
417
-40
-265
848
-41
-654
46
-83
-794
-383
452
-859
-388
446
-772
-411
222
-645
-421
314
-588
-115
240
-369
330
-83
-328
502
-80
-226
513
185
66
465
366
188
193
433
528
-83
498
577
-292
678
527
-29
461
175
-34
247
124
-70
354
1
-220
-51
-280
-396
-305
-148
-280
-443
-59
-132
-415
25
-152
-471
-122
-137
-314
35
114
-59
228
28
65
241
-55
114
281
-138
-145
494
-92
-318
568
-163
-381
326
-396
-306
229
-138
119
50
-232
229
-1
-393
479
74
-525
426
108
-605
78
350
-138
62
253
-31
-47
12
-208
-179
-66
-80
-18
32
161
8
-181
-93
-322
-309
-75
-254
160
318
118
82
145
-62
-152
168
-4
65
372
307
228
401
195
247
254
-72
46
307
-50
13
514
-428
-276
431
-579
-539
441
-434
-502
-12
-505
-555
-374
-208
-331
-203
-120
40
-191
-74
38
-334
-4
84
-201
54
382
162
232
150
123
340
-196
39
579
-68
37
872
184
-211
726
233
-418
277
493
-138
79
392
-247
61
347
-376
87
307
-283
-105
-13
-238
-376
-166
-128
-480
47
-134
-339
116
-156
-319
-179
-67
-244
-191
2
50
100
-56
249
180
-100
469
85
-295
516
359
-76
254
303
-89
315
79
-241
254
-113
-171
212
-70
237
308
-4
216
-198
-184
100
-308
-275
364
-410
-237
704
-492
-152
545
-560
-307
378
-411
-294
624
-164
-332
302
-292
-504
117
-267
-637
216
-8
-358
237
43
37
217
-250
-105
405
-255
-71
631
348
247
222
519
138
-16
499
147
106
521
439
20
215
429
-272
-389
66
-193
-510
-23
-129
-564
-19
-475
-684
-278
-750
-337
-208
-563
-259
-178
-170
-286
-120
223
-289
214
419
-310
474
622
-331
519
705
-283
796
424
-145
934
108
-23
623
-91
-107
422
-95
-171
439
-500
-305
240
-687
-509
-1
-244
-303
-8
-133
-364
-244
-311
-300
-364
-122
168
-198
-15
375
-184
-81
169
-197
-4
205
151
309
495
295
283
14
190
408
-55
229
407
97
209
381
-3
-29
313
-529
-82
203
-420
274
185
-195
-17
130
-175
-522
92
149
-508
-69
489
-231
-329
326
-60
-380
70
204
-463
-79
255
-277
-132
94
-124
-124
-22
-358
-167
20
-444
114
-184
-273
547
-337
-192
455
-265
-156
278
8
126
289
286
233
5
250
362
-252
171
559
-118
297
712
53
194
347
-90
-210
-72
89
-297
-133
275
-9
-177
-329
-145
-373
-736
-200
-76
-326
-213
91
-131
-371
68
-173
-466
-144
63
-333
-3
305
69
267
205
222
146
522
128
25
624
113
52
562
451
143
383
190
-139
-166
-124
-382
-409
69
-106
-530
-59
52
-879
-164
451
-642
-301
268
-841
-254
486
-761
269
430
-592
707
51
-258
586
-164
-310
546
205
144
310
247
698
1
-138
428
-111
-198
580
-27
-256
338
112
-220
102
107
-424
-134
266
-392
-253
333
-179
-206
42
-171
-260
-36
61
-219
-4
-299
-50
52
-546
338
-78
-428
328
-66
-282
90
183
-265
-40
186
-318
-59
186
-49
11
255
104
-97
135
132
-70
199
31
107
318
-190
246
372
-52
339
134
-118
259
119
90
221
-56
168
115
-301
269
113
-184
385
-36
-439
-58
-181
-415
80
34
-328
153
48
-152
47
-114
-165
-191
-267
-6
-77
-316
173
93
-334
182
257
-390
5
278
-323
-17
284
-162
126
342
-82
23
348
-95
-316
279
-19
-158
276
188
-109
206
203
-397
-123
28
-450
-20
26
-430
147
-19
-344
-11
-197
45
-48
-251
-78
-118
-271
-23
403
-104
109
533
-231
-5
497
-158
4
340
-180
285
640
32
449
352
-179
118
125
-271
98
370
-166
341
214
-444
41
-247
-521
30
-82
-458
131
57
-259
75
-254
-257
-10
-419
-162
81
-168
-24
323
-239
-235
298
77
-190
86
168
-256
48
3
48
334
36
154
118
-89
104
179
12
136
165
67
133
176
299
151
-48
53
23
44
8
353
152
-227
386
-48
-222
287
-199
-606
382
219
-504
442
50
-577
338
-5
-575
250
98
-350
278
15
-171
135
-292
-370
-82
-122
-348
-110
90
-262
11
-291
-282
82
-357
79
13
-52
260
80
22
-167
276
-13
-77
128
152
296
-25
395
223
49
55
-17
73
-209
162
71
-246
106
92
-422
-207
123
-313
-121
-66
-292
152
-219
-283
309
-292
-35
421
-443
83
433
-580
94
315
-402
318
191
-118
297
260
-42
-34
246
-1
89
46
-45
211
158
235
-166
159
398
-642
-9
257
-480
-30
221
-229
2
393
-95
-246
-56
-425
-198
-103
-236
280
-109
-55
291
-98
-146
98
88
-509
123
288
-188
362
413
204
-31
123
-154
-265
250
38
247
311
-171
285
180
-175
185
-8
-190
296
-103
-60
436
-184
12
421
-185
-216
-39
-161
61
-114
-55
216
-229
-256
47
-203
-352
109
-78
-271
441
13
-444
125
-167
-406
-117
-145
-187
-34
279
-207
-3
83
-275
-44
-20
12
125
243
-64
134
242
-248
118
276
-163
60
598
172
-259
336
44
-507
283
243
-472
86
172
-283
63
46
-344
-167
202
-166
-262
225
20
50
-25
-232
97
47
-57
99
119
-11
86
-166
-225
136
43
34
263
95
-151
-91
5
-189
-64
81
-186
-178
300
24
-196
152
-22
-298
-237
-54
-39
238
348
43
-148
100
108
-64
204
29
-72
12
11
-12
3
268
-79
-286
316
-69
-224
473
-164
-124
234
-242
-58
155
-141
230
82
-46
294
-229
267
191
-259
296
-50
-170
300
271
-85
198
51
29
0
-244
329
-230
12
463
-424
75
110
-544
82
-55
-91
207
-392
-84
107
-493
-80
31
-393
100
172
-295
1
87
-418
103
-212
-161
258
-296
327
-4
-290
291
-185
-250
359
-99
-402
474
1
-293
429
-117
283
229
-415
575
55
-150
586
12
86
455
77
-243
40
-8
-256
-20
169
-61
-258
40
-42
-189
29
-259
-236
-127
-211
-68
-124
-92
-2
-20
-32
112
-289
-37
301
-218
-5
209
48
381
383
-39
103
-66
-231
30
-66
-46
24
-99
191
181
-289
112
98
-434
-70
56
-47
-6
84
155
-62
225
250
-212
-38
135
-207
-171
269
186
-54
101
83
-178
-53
8
-133
-117
-71
60
100
218
31
142
65
-273
220
140
-163
171
303
-85
69
248
-75
309
266
-183
266
73
-308
335
172
-204
42
-103
-154
3
-130
-309
-261
-93
-8
-147
-170
83
-270
-168
-83
-291
-117
-29
86
-8
-153
145
303
-228
-150
356
-280
-226
334
27
95
-19
-79
99
-113
-18
266
-319
-186
381
-323
-258
425
-104
-140
292
54
-166
45
293
-8
20
462
126
-110
268
95
-119
408
101
-182
154
-181
33
74
-235
-33
9
-251
-307
-144
9
-309
-64
378
-533
-69
206
-458
12
140
-221
-6
227
57
303
198
-113
277
-201
-64
52
-130
263
26
250
-7
-50
106
-298
-126
-161
-109
-55
-61
214
105
55
84
-314
46
214
-327
145
425
-212
24
609
-94
-157
111
-247
-250
-132
366
3
-400
522
93
-837
156
-52
-546
510
-63
-304
281
108
92
68
147
3
-207
394
14
-319
835
128
-597
826
-61
-619
627
-254
-296
368
-268
-45
67
-361
129
-114
-323
67
-346
-172
76
-99
-163
-92
112
-228
-9
239
-308
225
348
-247
-15
182
-12
235
99
-28
359
-35
-18
235
67
70
30
129
-167
61
401
-273
-60
261
-144
-347
345
237
-375
231
102
-253
377
-187
-372
212
-35
-279
-29
103
-190
-130
100
54
-368
108
107
-581
182
168
-432
12
23
-109
-46
-133
294
-29
-95
330
-79
207
356
-95
225
195
-105
294
38
-178
550
9
-358
277
-87
-52
150
-364
-258
146
-136
-30
118
-314
37
141
-479
-89
187
-213
175
3
-40
361
-31
80
271
-9
-218
-65
12
-27
132
172
107
-56
65
-122
-352
-19
-74
-230
251
136
-207
70
-11
-383
163
-166
-368
391
-112
-88
149
2
-98
116
-67
-170
4
100
207
-215
226
162
-269
174
44
-334
417
97
-483
493
3
-304
207
-95
-98
-25
25
34
-30
185
54
-69
-20
58
-67
132
16
-60
299
-136
108
139
-17
209
-150
86
256
-273
-89
306
-57
13
400
-221
-307
493
-17
-365
298
-32
-319
-131
15
-112
-118
-111
-276
-331
-48
39
-403
-182
30
-172
-106
75
-29
-28
69
-112
-16
70
-19
13
165
102
269
52
-197
401
-8
27
400
-153
12
746
87
0
527
-394
-96
263
147
211
-242
-113
144
-174
-229
111
-108
-141
17
-136
-123
169
-15
-368
-174
232
-39
-23
288
-67
-24
249
-166
-184
433
-118
-637
502
310
-588
155
186
-330
-11
65
-191
-134
-8
10
34
-149
-51
58
-298
177
425
-104
-206
20
81
-329
39
237
-253
127
105
182
192
-11
-29
-154
-86
-290
68
142
24
192
127
254
81
-30
73
139
168
-413
105
495
-302
-113
543
-61
-507
632
-346
-596
546
-305
-397
329
120
-224
166
247
-137
-175
-310
2
173
-202
528
147
-260
145
-5
-1
-46
-105
-90
82
-268
133
195
-609
371
30
-742
308
-86
-614
243
-83
-220
391
-261
-265
472
-246
-315
456
-142
-276
394
-86
-199
336
75
172
321
-68
386
125
-372
659
187
-543
610
55
-468
981
0
-509
857
-501
-520
479
-679
-73
615
-680
105
268
-814
52
149
-312
-96
-151
-29
203
20
148
91
-395
128
181
-126
317
204
-47
27
-218
-37
236
-150
170
40
-232
18
-150
-465
-25
118
-619
296
77
-348
615
-318
-520
394
-301
-517
395
150
-38
427
263
-148
135
166
-164
319
204
-190
67
181
234
-16
45
55
-193
117
-129
-132
140
-110
-14
293
-58
106
386
-160
-162
126
-228
-207
290
98
-321
665
103
-624
442
-139
-536
156
-151
-114
259
-147
-10
126
-286
7
219
-382
37
162
-397
288
114
-220
-116
-4
-27
-179
131
-139
44
159
-216
-86
-265
66
33
-167
67
-230
215
92
-123
142
102
-51
41
61
-114
349
2
-234
565
50
-141
300
258
-172
-112
548
-427
-167
502
-30
59
72
-87
57
-175
-318
222
-218
-292
336
51
-200
-90
127
-241
-458
-42
-41
29
13
66
204
-1
74
-67
-44
267
-134
-32
178
-104
-11
262
-93
-15
71
-100
37
-295
-79
131
-28
-26
-254
69
210
-233
54
91
-436
267
295
-409
364
208
-415
364
408
-343
182
557
-116
90
186
-124
-110
169
138
-316
137
177
-180
153
-213
-288
138
-424
-343
472
-215
-477
611
-199
-441
464
-307
-400
319
215
-173
102
276
-223
68
84
-310
384
-83
-303
581
-112
-53
290
-364
-65
92
-128
18
103
-183
-45
10
-301
-103
-248
-63
224
-131
-84
34
48
45
118
118
120
26
-157
307
-43
-213
541
22
-228
441
-67
-134
485
146
2
85
-72
-59
-63
-173
144
87
-67
25
154
176
-71
131
-39
-258
37
113
-99
-38
199
-111
-376
123
-296
-381
358
-455
-314
476
-280
-81
175
-5
-148
-202
218
-102
-252
212
270
-279
178
104
-212
391
10
-126
172
-66
-34
72
138
-63
87
210
-403
-130
374
-434
-317
286
48
4
190
136
-147
-85
196
-34
-40
241
-15
119
233
157
209
-59
-121
150
-56
-258
206
90
-6
68
-310
-81
-17
-507
123
49
-503
334
-80
-443
438
-87
-547
246
192
-292
132
228
-66
171
-143
-196
235
213
5
-44
84
-189
-103
56
-245
96
84
-250
0
129
-226
52
162
-403
32
321
-294
-114
562
-214
-459
297
172
-153
141
329
-392
-199
314
-70
37
311
285
-40
-103
210
69
-391
104
340
-319
226
405
-35
144
125
-40
-128
-57
98
-61
-1
466
-174
-178
385
-416
-42
333
-572
-95
266
-302
-137
104
24
5
-369
-122
323
-578
-121
223
-481
74
266
-121
104
134
8
-201
-250
321
-57
-274
301
6
-1
123
211
-39
-59
271
-206
-149
169
-89
-274
-1
343
-73
-90
298
-25
-230
51
226
-386
157
98
-155
248
25
380
-129
-207
281
129
-40
-159
390
112
-343
313
-105
-360
254
153
-474
56
410
-683
-119
207
-424
-7
320
-273
-22
319
-176
45
-77
-198
216
-14
-134
252
91
37
178
-72
-195
68
189
-280
181
239
-292
121
78
-208
24
-61
-12
96
-387
44
49
-287
300
19
-311
299
-173
-361
377
-404
-151
357
-189
282
73
-179
107
-40
-54
229
85
-165
495
211
-336
179
93
-27
233
20
-40
181
81
25
161
-251
-84
226
-122
145
114
-239
-18
-104
-177
49
-98
24
-12
-131
-84
-296
-162
273
-5
-375
346
-238
-306
492
-116
-153
333
23
-231
420
78
-322
314
-148
-183
315
-2
86
22
-17
-13
-159
-12
-48
-72
-136
-16
7
-186
86
146
-31
-181
-39
101
-27
64
-10
-95
228
213
-118
139
54
-291
341
-22
-258
105
284
-216
-15
619
-376
-219
281
-142
-452
137
130
-362
294
-4
-209
154
-67
-40
-130
-282
44
145
-11
244
34
-81
186
-16
13
-81
75
232
-398
22
199
-360
56
456
-499
-35
435
-483
174
343
-509
69
158
-294
308
127
-292
140
364
-333
-15
5
-324
189
-43
-176
178
34
-176
197
-185
-144
241
-158
-60
37
40
-97
-4
334
-138
-15
243
1
260
96
-251
193
8
-290
443
171
-406
473
-102
-599
647
-297
-731
332
-89
-445
255
-137
-283
311
197
-94
-21
-125
-54
52
-65
236
70
24
412
161
-30
130
18
23
-39
87
208
-273
86
326
-468
87
407
-331
-188
233
-18
-326
-85
44
-35
-136
114
198
-352
-24
266
-388
-278
67
-45
116
357
24
-67
274
-318
88
179
-475
302
135
-191
94
-165
-10
-41
-321
158
-32
-502
286
189
-468
75
214
-83
-173
190
287
-397
59
313
-469
93
634
-351
-221
302
-107
-58
-27
49
-77
-50
105
65
-60
79
50
41
-134
-118
204
7
179
294
-100
-112
174
-24
-112
206
-97
-154
203
-68
-125
322
49
-168
177
-83
-141
134
4
-60
298
-164
-167
181
-88
54
92
-119
-66
170
-156
-106
409
-67
-117
140
4
-75
-123
103
129
38
2
49
-91
-96
162
-238
-336
145
-106
280
158
-233
244
-257
-192
231
-177
-257
385
329
-206
335
187
-550
40
316
-359
-21
173
-157
36
270
3
157
-145
-669
248
62
-291
394
-102
-353
525
-237
-491
487
-161
-413
267
218
-145
83
365
-282
-88
259
-185
-209
153
103
-146
94
81
-320
184
189
-275
-27
-82
-13
-96
-127
20
-119
-146
-22
257
-149
-380
493
-165
-448
415
183
-444
149
599
-317
-64
353
-352
10
351
-224
189
154
-298
391
-23
-474
448
-192
-345
657
-125
-263
493
-103
-65
157
-192
7
-38
-110
342
-207
-23
435
-466
-149
250
-193
-83
186
-144
-187
156
-7
-159
-14
68
156
-219
-34
386
-192
29
320
-185
-20
124
96
79
5
8
-84
22
18
124
-91
163
105
-313
171
-334
-199
97
-365
69
89
160
87
-57
-12
-24
-67
-99
78
47
0
91
237
-68
-238
224
-94
-186
421
-109
-328
218
91
-381
63
145
-264
324
-115
-290
189
-312
-172
-30
14
275
4
172
234
-114
-54
99
-297
92
391
-283
363
509
-125
18
114
13
-4
86
-136
-64
236
54
3
-37
-170
-28
23
-283
-151
228
-209
-221
367
-105
-240
267
-215
-134
33
-337
143
-43
11
162
-280
195
210
-446
-90
228
-435
109
199
-465
473
-20
-209
507
-43
-29
77
-71
-107
111
136
-170
120
208
121
55
15
-254
-91
195
-539
-75
291
-314
40
228
-276
23
310
-276
-136
173
-292
-102
349
18
-106
475
99
-168
300
-55
-163
327
38
-107
339
191
-120
173
166
-289
84
101
-305
31
77
-421
131
290
-376
-29
110
-425
-50
160
-301
-20
56
-18
74
-48
66
6
-63
81
184
124
-313
219
381
-515
129
338
-446
-97
268
-223
-325
298
-167
-254
154
-111
-96
22
78
-173
31
8
83
123
36
137
-57
55
233
8
-41
35
157
12
-144
336
-131
-243
275
-63
-87
253
100
-129
180
-32
-68
104
-147
85
-86
71
103
-114
98
17
-224
1
118
-221
93
112
-358
55
75
-67
-55
-7
-1
-288
93
129
-231
-78
236
-29
-160
283
104
-124
-138
56
-55
-359
307
-15
-400
433
15
-436
332
64
-262
111
-176
-153
229
-51
-16
-6
-96
88
-2
-102
-10
132
-109
73
145
-225
159
136
-46
94
112
-63
16
327
-186
-146
489
-334
-54
515
-349
114
389
-622
69
459
-641
188
328
-561
213
377
-640
164
276
-526
103
82
-222
135
207
15
93
32
-137
71
145
-263
141
365
-213
-85
261
-225
-118
331
-389
55
185
-350
212
36
-435
232
150
-584
431
401
-646
181
225
-506
14
132
-106
136
67
-68
287
-69
-192
166
-256
18
209
-180
142
24
-88
355
-119
-327
276
-27
-444
275
103
-350
183
181
-85
194
99
-31
213
-268
-121
177
-129
-32
289
-4
-214
273
61
-326
164
-68
-136
271
-277
-159
428
-258
-510
616
-100
-479
671
-75
-518
311
27
-413
224
107
-244
274
-9
-214
229
-194
-196
215
-137
38
287
-171
67
395
-208
-21
94
-191
56
-231
34
183
-377
281
302
-460
216
287
-413
48
257
-421
16
530
-162
-197
364
-121
-163
119
-45
-136
78
108
21
74
-169
56
31
-60
78
-120
121
117
-79
151
60
-144
-64
281
73
-145
252
46
-162
140
111
-186
-5
225
-42
41
14
-122
6
36
-113
-61
-72
-68
94
42
-36
8
66
-162
-205
-94
79
-30
-155
144
140
-183
-4
47
-195
-32
11
-67
-123
-26
4
56
107
-165
-53
118
-92
0
82
-98
-72
11
77
132
-4
-33
231
-40
-61
99
-270
-35
-48
-65
187
-3
46
28
-66
-39
-6
-94
12
19
-126
167
113
-56
37
-122
25
-9
-218
173
-18
-199
182
120
-86
-75
158
-69
-30
182
-123
-73
-16
109
89
-44
59
134
-77
5
117
-126
-236
63
162
-277
64
246
-333
-31
384
-362
-275
410
-174
-237
223
-39
1
242
43
20
46
-93
-41
-7
-149
-53
112
-93
47
173
-112
-100
264
-155
-372
319
-208
-287
390
-21
-97
275
29
-223
110
-53
-135
72
-60
116
198
49
241
217
-120
-39
3
-80
-243
136
226
-131
299
149
-251
30
65
-253
-112
100
-155
89
96
-53
69
-15
-76
65
50
-270
27
224
-224
67
262
-203
21
179
-90
37
-94
-173
57
-10
-72
185
82
-151
111
-37
-96
27
-42
-71
-107
-72
122
-68
-77
124
-42
-157
35
-9
-280
40
-42
-103
214
-97
-113
212
-100
-266
153
151
-206
88
224
-45
-12
2
-9
197
62
-132
199
224
-99
-23
173
-73
-79
130
56
-207
280
269
-220
93
-44
-130
19
-41
13
130
-101
-80
144
8
-161
-121
2
9
75
-35
-92
76
116
-62
-63
67
14
3
-32
29
-65
-113
-69
-85
38
-77
-173
76
-35
-99
79
-130
-153
-49
32
-91
-172
258
95
-239
189
212
-217
-88
122
-18
-84
116
100
-54
18
167
-91
-109
195
-101
-160
66
-42
-46
-55
-117
-42
82
52
14
-52
4
-50
-138
104
44
-109
46
225
56
112
174
-79
60
81
-85
53
80
43
56
133
22
-28
28
6
-7
-50
8
-66
-20
195
133
-106
23
42
-21
-115
-169
254
-58
-147
167
-75
1
94
-64
-104
168
-82
-182
329
-39
-194
264
-153
-155
328
-31
-306
336
155
-429
252
53
-388
141
10
-174
-70
101
9
-219
53
81
-287
4
161
-310
69
294
-344
90
308
-371
101
264
-371
-1
243
-170
161
291
-97
75
70
-144
-67
9
56
136
107
-16
212
97
-167
79
-19
-152
-24
-65
28
65
-34
43
26
-165
-69
-71
-29
28
-176
134
78
-197
157
27
-181
50
65
-4
-88
75
168
21
-95
120
104
-83
117
28
-141
50
20
-62
33
-61
69
-6
-70
44
-164
-217
84
25
-246
74
97
-127
64
-26
-155
21
105
-74
33
71
-190
180
146
-117
372
24
-255
268
98
-124
-1
55
4
39
-10
-35
103
-42
18
-19
-20
107
-109
-3
55
-166
96
48
-236
231
148
-358
120
171
-338
105
185
-255
85
197
-229
-43
210
-200
-111
66
-197
44
-39
-121
119
-66
-30
66
-168
-98
140
-149
-192
118
-132
3
56
-104
87
-100
-99
31
-46
-96
74
28
-24
177
56
-25
116
4
-68
64
96
99
151
113
117
108
98
23
-86
84
99
-38
-56
106
51
-156
-43
77
-140
-101
121
-36
-236
67
27
-189
41
10
-31
19
105
69
-57
-31
57
89
-43
49
207
24
4
90
35
-53
-100
61
-11
-120
24
43
-117
-96
38
-210
-25
40
-194
-13
-28
-152
-132
30
-11
-116
-1
97
12
-33
126
-11
-89
125
-21
-6
180
33
-44
186
146
-108
-22
68
-26
-37
100
11
-75
134
78
-83
2
90
-104
-133
148
-144
-9
216
-109
17
190
-35
-154
82
-2
30
80
-153
175
74
-176
130
45
-139
136
-21
-174
166
23
-59
134
-45
-172
-35
-65
-149
178
9
-289
58
31
-75
41
-49
-138
-36
-43
-84
101
-58
-84
-64
-82
203
-108
-83
205
-71
11
229
-155
2
296
-74
83
174
-124
71
76
-104
153
53
-76
108
-10
-143
112
-87
-256
154
-53
-167
116
-80
-80
71
-50
-93
0
13
147
150
-58
133
154
-45
75
85
-54
90
174
-165
4
241
-126
65
123
-206
29
55
-163
-33
68
-174
-8
95
-109
-2
-72
-223
-54
-51
-66
4
-36
-13
-19
-11
20
-148
-43
117
-116
-56
141
-46
50
137
-14
5
59
83
41
60
76
94
-10
-46
63
-10
-83
15
23
-54
-60
5
72
-52
14
73
-207
45
136
-224
21
187
2
-73
85
-7
13
136
-44
8
66
-24
-10
83
-36
-134
33
-115
-55
154
-105
-163
36
-26
-97
-1
-53
43
120
-190
8
249
-253
23
271
-152
-58
246
-50
-85
263
-66
-173
177
111
-16
23
54
0
52
57
-48
76
-30
-8
93
-126
6
173
-33
-38
122
-108
-179
46
-116
-109
10
-79
14
-23
-15
19
-200
-101
-44
-89
-30
20
132
-32
-58
198
-39
-212
218
-6
-113
298
-39
-56
213
-20
84
81
-91
85
7
-87
89
39
-130
-5
-2
-56
56
-39
-14
-56
-55
23
-98
-68
138
28
-104
135
2
-116
164
21
-19
49
-123
-26
88
-15
5
152
-56
26
145
-212
-60
46
-99
-19
143
85
-6
63
-36
16
-76
-153
98
-72
-72
149
-32
23
57
-72
-125
-67
13
0
-104
17
96
-116
5
121
22
8
70
-2
-87
5
4
-49
-37
90
111
-110
49
141
-131
-151
-17
-100
-179
62
138
-33
74
170
-59
-163
62
42
-123
-13
67
96
81
105
146
3
-90
4
29
-153
-10
194
-3
-69
141
83
-75
-13
-14
-7
-157
-11
138
-104
-19
154
-26
-190
78
27
-134
20
-38
-98
-41
52
-32
-65
94
-94
-17
67
-73
15
-17
-126
-5
135
-31
102
108
-140
44
18
-106
3
4
-13
54
22
-5
79
-41
-28
63
-52
-11
19
-11
115
2
-30
89
72
-8
-15
72
23
-36
33
25
2
56
55
26
57
-40
-25
138
-95
-32
131
-101
62
171
-73
-9
74
-95
-51
22
-7
99
-24
-115
119
28
-184
47
82
-193
-59
118
-40
2
95
-40
-76
-10
-30
-51
4
21
-37
-40
18
0
-48
25
-45
-94
-13
-46
-70
40
45
-86
-42
23
-71
-37
69
-49
-17
-78
-57
76
-89
13
94
-77
-43
110
44
-47
44
17
-102
-46
125
28
-4
156
-36
-66
85
-12
-97
40
77
-23
84
103
-28
78
22
-123
-19
72
-9
18
104
0
10
17
-50
-48
-30
-28
-29
21
-16
-41
-30
-52
-44
-36
15
-41
-71
48
-30
-97
6
-31
-16
24
38
8
-43
45
-20
-76
-10
-36
43
-1
-6
80
29
-28
-23
-9
-69
-15
27
-30
-4
8
26
60
-25
3
81
-73
-75
41
44
-29
40
87
31
34
2
37
-11
25
76
6
59
49
40
100
22
-8
70
-7
2
131
-14
-11
52
-102
55
45
-79
83
65
-80
29
69
-150
-66
42
-36
-31
-4
99
15
-114
-8
-76
-118
50
14
-28
78
-83
-145
129
-111
-124
122
-159
-131
103
-8
-107
53
-6
-126
-73
-10
2
-3
3
-97
-8
35
-47
87
90
-59
-49
49
23
-79
34
149
-11
-22
121
-32
-85
99
49
-69
1
38
31
46
40
47
-4
-65
24
58
-6
8
60
29
-30
19
2
-12
81
8
-40
28
-94
-27
117
-103
-28
154
-105
-78
54
-74
-44
-54
-50
78
-6
-28
56
-64
-23
-39
-111
71
-30
-43
119
-8
-41
36
-56
-75
33
-58
29
100
-75
-3
107
-47
-88
43
8
1
82
2
8
86
8
-7
52
25
-44
43
48
-28
47
19
-55
5
42
-83
-49
15
-19
46
-65
-82
66
-1
-35
37
27
-6
45
-7
-2
94
10
17
97
16
-10
100
-11
-87
76
-21
-94
72
23
-73
-28
-42
-22
-94
-159
-15
3
-139
-8
106
-118
-36
20
-154
33
-6
-101
99
127
-26
-18
143
-34
-48
76
-66
-25
66
53
75
33
-40
-15
-28
-109
40
104
-108
16
76
-100
11
52
-19
35
0
-81
32
83
-57
11
75
-59
21
109
-30
5
46
-86
25
14
-87
76
3
-93
121
64
-142
65
64
-166
16
31
-137
50
75
-75
109
37
-173
80
15
-222
82
16
-194
164
86
-117
130
33
-145
29
-47
-163
106
38
-126
146
103
-111
102
16
-179
6
-50
-140
43
63
-37
37
45
-35
-69
-64
-82
-97
-19
-24
-48
74
108
28
51
58
-12
23
47
-2
113
136
61
190
180
98
179
168
78
73
64
67
117
76
77
112
79
61
80
-6
-71
-55
-88
-75
-37
-55
-63
-25
-38
-55
-99
-162
-157
-146
-147
-156
-123
-88
-105
-74
-106
-148
-68
-110
-194
-94
-113
-188
3
10
-134
44
20
-119
7
39
-51
-46
21
8
3
84
86
28
113
123
-6
33
106
-19
17
142
55
62
193
158
69
132
57
-23
46
44
57
43
39
122
82
-46
66
72
-126
-27
44
-148
-70
75
-28
21
70
3
22
-35
-8
28
-107
-27
78
31
34
114
87
-32
-19
-3
-75
-145
-47
38
-101
-45
44
-111
-67
-5
-109
-118
-106
-82
-52
-20
-11
30
35
-27
72
60
-44
26
64
-27
-35
75
69
4
71
58
-26
-23
-32
-32
-67
-96
-26
-39
-71
-4
13
-69
-62
-21
-58
-97
-89
-12
-39
-91
43
83
-32
20
68
-20
-61
-56
-1
42
0
54
115
45
34
65
7
-75
-32
17
41
40
5
65
60
-23
-2
16
-85
-40
82
35
2
76
72
30
110
154
142
90
51
163
183
98
137
171
106
105
195
141
42
58
-18
-98
-31
-33
-103
-36
-60
-134
-109
-184
-202
-177
-241
-199
-115
-156
-118
-51
-136
-128
-71
-137
-138
-46
-55
-65
-7
-24
-32
-22
-33
-12
-2
-24
-7
-9
4
21
-12
19
67
68
63
90
118
98
83
106
86
84
147
149
150
174
126
113
132
77
54
69
42
49
75
41
11
17
-9
-38
-43
-32
-54
-77
-48
-37
-61
-76
-25
-23
-61
-43
-35
-76
-55
-31
-82
-50
-22
-41
-16
-23
-45
-57
-53
-52
-57
-29
-49
-47
-40
-36
3
-36
-43
-21
-44
-28
-2
3
-14
-21
0
-2
-3
0
6
8
-15
16
13
10
25
-14
4
10
9
19
46
53
10
42
39
17
50
23
16
53
66
49
70
71
18
53
55
19
16
14
12
0
12
24
7
-17
-31
-23
-37
-52
-40
-48
-54
-52
-44
-10
-18
-42
-8
-6
-26
-15
15
7
-5
44
37
6
51
57
27
50
47
15
10
16
17
9
9
18
20
40
31
-2
29
4
-44
8
6
-32
33
81
42
42
51
-3
-17
17
4
0
22
8
27
38
10
28
3
-44
-17
-27
-36
8
-9
-30
3
-14
-31
-13
-27
-29
-43
-60
-44
-31
-42
-22
-9
-40
-17
-10
-41
-28
-12
-40
-32
10
2
15
46
33
24
28
31
24
18
43
40
34
56
50
33
31
41
21
2
4
-4
-23
-10
12
-10
-10
2
-15
-17
-12
-26
-25
-25
-27
-18
1
13
7
3
-13
-24
-13
-16
-22
-14
-10
-15
-8
-17
-43
-16
-25
-37
1
-29
-31
-10
-19
-2
-7
-13
12
23
-2
26
43
3
9
21
11
39
40
21
57
40
18
46
12
8
60
21
0
48
29
12
42
26
7
13
1
11
5
-22
-17
-29
-36
-6
-19
-48
-20
-30
-68
-51
-52
-68
-42
-26
-19
-26
-24
-16
-30
-12
-23
-12
17
3
31
38
15
23
29
23
26
19
10
28
17
14
26
9
2
6
2
-6
-1
-5
-20
9
10
-12
11
7
-11
-2
11
-19
-2
35
2
13
22
2
5
4
1
2
3
-6
-6
2
3
-12
-18
-4
-19
-28
1
-5
-26
3
8
-17
11
8
-11
1
-4
12
6
8
16
10
24
-3
12
18
-10
7
7
10
10
3
16
1
-1
0
4
16
6
15
7
6
10
-4
-2
-9
2
0
-10
14
4
-27
-31
-11
-25
-36
-3
-15
-19
7
-7
-10
4
-19
-21
4
-11
-1
28
17
25
25
13
25
7
4
16
-11
-1
25
10
15
20
-8
-7
-6
-24
-17
-20
-25
-8
3
-12
-9
18
-25
-29
-3
-28
-13
-3
-7
-5
-4
2
7
13
-9
9
7
-13
12
3
-5
2
17
12
7
28
3
-4
6
-13
-36
-16
11
-27
-3
24
-18
-12
-14
-32
-35
-34
-23
-10
-5
-4
9
2
-1
1
-11
-9
-8
13
19
7
38
44
18
30
35
15
19
23
21
24
20
41
42
17
33
24
-6
12
19
4
6
19
18
13
13
20
18
-8
18
14
-9
19
6
9
18
0
16
13
-9
-2
-2
-34
-26
-17
-39
-27
-27
-36
-25
-42
-60
-43
-56
-59
-29
-51
-49
-12
-34
-37
-5
-22
-21
3
-11
-6
14
9
15
18
25
30
18
26
33
11
0
23
17
0
26
33
13
24
25
-2
6
14
2
10
12
20
31
13
23
29
0
5
14
-5
2
8
0
5
4
-3
-8
-17
-12
-23
-36
-21
-28
-27
-11
-19
-11
-13
-29
-9
-22
-37
-8
-24
-24
10
-8
-12
10
-11
-18
-9
-13
-13
-12
1
-5
-4
10
2
4
12
-6
-1
18
0
8
18
13
23
15
23
25
5
13
18
-3
-11
11
4
-6
12
2
-20
-14
2
-20
-19
-4
-24
-14
1
-15
-8
12
-6
-7
12
0
-1
2
4
7
0
14
8
3
17
-2
-10
3
-13
-28
-5
-12
-24
4
-10
-16
-4
-17
-18
-10
-1
0
-4
1
19
15
7
32
22
1
26
26
8
25
21
4
15
14
8
11
-2
0
-3
-18
-11
-13
-19
1
-2
-10
6
-4
-3
7
-2
9
16
5
26
37
14
35
37
12
30
27
9
24
21
6
15
3
-6
5
-15
-18
-4
-29
-21
-8
-32
-25
-25
-36
-23
-26
-27
-20
-18
-16
-20
-15
-18
-20
-13
-17
-17
-15
-13
-12
-8
-6
-19
-16
-14
-29
-21
-7
-17
-22
3
-10
-16
13
-3
-10
9
6
0
14
18
15
19
20
31
31
17
32
35
10
10
19
6
6
24
12
6
18
9
-4
-3
-2
-4
-6
4
16
11
8
19
20
14
19
15
16
23
14
20
25
11
22
24
0
7
8
-12
-7
-7
-22
-14
-15
-20
-12
-23
-21
-17
-26
-24
-19
-17
-19
-4
2
-4
3
4
0
1
0
0
-2
-1
1
-1
-3
1
-12
-19
-15
-31
-26
-16
-33
-27
-15
-32
-23
-5
-29
-25
-8
-22
-11
-4
-6
8
1
4
18
-2
-1
14
-10
-11
11
-5
-8
8
1
-6
-6
-5
-12
-19
-13
-7
-1
1
7
15
16
13
22
21
15
26
32
29
40
45
46
47
38
44
38
22
35
33
16
28
23
17
29
11
4
13
-8
-4
7
-11
-6
4
-12
-9
3
-17
-10
0
-19
-18
-16
-26
-26
-19
-21
-29
-22
-23
-26
-29
-38
-37
-44
-44
-36
-36
-33
-26
-29
-30
-28
-30
-29
-25
-25
-16
-6
-5
-5
3
4
0
8
9
2
6
13
6
13
20
4
14
19
0
12
7
-6
11
6
-3
15
13
5
21
20
14
23
19
23
31
23
33
33
27
43
36
30
43
25
19
30
12
9
20
1
1
9
-7
-6
-8
-21
-19
-24
-31
-21
-23
-33
-13
-16
-33
-10
-10
-34
-15
-6
-32
-15
-1
-20
-9
2
-9
-7
-6
-8
-11
-12
-7
-1
-2
-1
11
7
3
16
9
3
21
16
12
35
27
21
39
28
21
37
26
21
37
22
18
36
24
17
31
17
8
18
8
4
17
10
3
12
7
2
5
1
-10
-5
-5
-14
-2
1
-17
-9
-4
-24
-20
-13
-33
-27
-16
-33
-29
-19
-27
-26
-21
-27
-32
-34
-33
-27
-30
-27
-13
-18
-16
-9
-13
-15
-18
-18
-9
-11
-14
10
5
-10
16
8
-13
10
7
-12
7
10
-7
17
11
-1
23
5
-6
21
1
-13
17
7
-5
24
20
8
28
19
7
16
10
7
16
15
20
21
18
25
15
5
10
-2
-5
2
0
-2
0
2
-5
-10
-10
-11
-23
-24
-13
-21
-24
-11
-14
-20
-14
-10
-19
-18
-13
-16
-16
-10
-11
-6
0
-7
0
11
-5
-2
15
4
4
21
15
15
29
23
22
27
22
26
30
23
31
31
18
26
29
17
21
22
11
12
11
6
8
0
1
1
-9
-1
3
-15
-4
-1
-22
-10
-2
-17
-6
0
-9
-3
-4
-4
-1
-6
-3
2
-2
7
13
4
11
13
1
6
15
7
7
17
9
6
15
7
1
9
4
-3
6
4
0
5
1
-3
1
-2
-7
-2
1
-5
-6
1
-4
-7
1
-2
-8
0
-5
-9
0
-5
-10
-4
-9
-9
-5
-12
-9
-6
-11
-8
-5
-4
-2
2
3
1
3
4
4
6
11
10
10
14
13
11
12
10
6
4
0
3
4
-2
3
4
-7
-3
-1
-13
-9
-5
-15
-8
-1
-5
-1
0
0
-5
-6
-2
-6
-8
-1
0
-2
1
0
-2
-1
-7
-9
-7
-8
-5
-1
-1
-1
0
2
1
-2
4
2
-3
7
5
1
11
8
3
11
7
-2
2
2
-4
-3
-3
-4
-4
-6
-6
-6
-7
-7
-5
-5
-4
0
3
2
5
11
6
8
13
14
13
15
16
14
17
18
16
15
14
12
13
11
9
9
7
7
6
0
0
5
-4
-3
3
-3
-3
1
-3
-4
-4
-8
-7
-8
-9
-8
-10
-11
-13
-15
-15
-21
-19
-14
-22
-21
-15
-24
-23
-17
-22
-21
-14
-21
-18
-12
-16
-10
-12
-11
-6
-9
-7
-4
-8
-1
0
-9
-2
1
-9
0
2
-8
3
3
-4
3
6
-1
3
5
4
8
9
9
11
8
12
13
10
14
17
12
14
19
14
13
18
14
12
17
15
14
18
15
13
18
16
15
20
17
15
20
14
15
17
9
11
11
7
8
7
5
3
-1
-2
-2
-3
-2
-4
-3
-2
-3
-2
1
0
0
3
3
1
2
7
4
4
6
4
1
2
1
-1
-3
-3
-3
-7
-8
-5
-10
-9
-7
-12
-10
-5
-11
-9
-4
-7
-5
3
-1
0
7
4
5
11
8
10
15
12
13
14
10
8
10
9
8
9
8
6
3
3
1
-1
-1
-2
-2
-3
-2
-2
-4
-5
-3
-4
-7
-4
-4
-6
-2
-6
-6
0
-4
-5
-3
-4
-6
-5
-4
-5
-4
-5
-4
-4
-6
-5
-5
-6
-6
-4
-5
-6
-3
-3
-6
-6
-4
-5
-5
-3
-1
-2
-3
1
0
-1
4
2
-2
4
3
-1
7
8
4
9
12
10
12
15
12
13
15
12
13
18
15
17
19
14
17
16
12
15
15
11
12
12
9
9
8
6
8
2
1
7
-1
-2
2
-1
-5
-3
-5
-7
-8
-9
-9
-12
-10
-11
-14
-13
-12
-14
-13
-11
-11
-11
-9
-6
-8
-7
-4
-5
-6
1
0
-1
2
3
3
6
6
6
8
8
9
10
10
10
13
11
11
15
13
10
15
13
10
14
12
10
14
9
6
8
7
4
2
3
1
-2
-2
-2
-6
-6
-7
-11
-10
-11
-13
-8
-12
-15
-8
-13
-15
-11
-14
-18
-14
-16
-17
-14
-16
-15
-14
-18
-17
-17
-20
-20
-18
-18
-19
-17
-14
-16
-16
-12
-14
-15
-9
-9
-9
-4
-3
-1
1
2
4
5
1
5
6
2
6
6
4
6
6
4
4
5
2
-1
3
1
-2
5
5
0
6
7
2
8
9
5
12
12
9
15
15
15
19
18
15
19
19
16
18
18
16
16
15
14
12
11
9
6
5
5
2
2
1
0
0
0
-3
-3
-3
-6
-5
-5
-6
-5
-4
-5
-4
-2
-2
-2
-2
-2
-2
-1
-1
-1
0
0
0
1
2
1
3
2
0
0
3
1
3
5
3
6
7
5
8
7
4
8
7
4
7
10
6
7
8
6
4
6
7
4
4
4
3
3
2
0
-1
-2
-3
-3
-5
-7
-6
-8
-9
-8
-8
-9
-9
-9
-10
-10
-9
-9
-9
-8
-8
-8
-5
-6
-7
-4
-5
-8
-2
-3
-6
-4
-5
-8
-5
-5
-8
-8
-7
-8
-8
-8
-8
-7
-7
-7
-6
-6
-6
-5
-4
-4
-3
-2
-2
0
0
0
3
3
4
6
6
6
8
8
8
7
10
11
10
12
12
11
12
12
10
14
14
11
13
13
8
10
11
7
7
10
6
5
6
3
1
2
0
-1
-1
-1
-2
-1
-2
-2
-2
-3
-2
-3
-3
-2
-3
-4
-3
-3
-5
-5
-3
-7
-7
-6
-9
-9
-8
-10
-11
-9
-11
-12
-9
-11
-10
-6
-8
-6
-3
-5
-2
1
-2
1
4
2
4
7
6
7
9
8
9
9
6
8
7
6
7
6
5
5
3
3
2
1
1
0
-1
2
1
1
2
2
2
0
1
1
1
2
2
1
1
0
0
0
-2
-3
-4
-6
-6
-7
-8
-8
-8
-9
-9
-9
-11
-9
-11
-12
-9
-8
-8
-6
-4
-5
-3
-2
-3
-3
-4
-2
-3
-2
1
0
-1
0
-1
-3
-2
-2
-4
-2
-3
-4
-2
-3
-1
-1
-2
-2
-1
-2
-1
1
1
0
3
3
2
4
3
3
3
3
3
3
4
3
2
3
1
1
1
0
0
0
0
0
1
2
2
2
2
2
2
3
3
3
5
6
6
7
7
7
7
7
6
6
5
6
6
5
7
6
5
5
5
4
3
3
2
2
2
0
0
-1
-2
-2
-3
-5
-6
-5
-7
-7
-6
-8
-8
-9
-9
-10
-10
-10
-11
-11
-11
-12
-13
-12
-12
-12
-12
-11
-11
-10
-11
-11
-9
-9
-8
-6
-7
-5
-3
-3
-1
0
0
1
2
2
2
4
5
3
5
4
4
6
6
6
6
6
6
5
4
6
4
4
5
5
6
6
7
7
7
6
7
7
8
7
8
7
7
6
5
5
5
3
3
3
3
3
2
2
1
-1
-1
-1
-3
-3
-2
-1
-3
-3
-2
-3
-4
-3
-4
-3
-4
-5
-2
-3
-4
-2
-3
-5
-2
-2
-3
-3
-4
-3
-2
-3
-2
-1
-2
-1
-1
-1
-1
-1
-1
1
0
0
2
0
-1
0
0
-1
-1
-1
-2
-1
-2
-4
-4
-4
-5
-5
-6
-7
-6
-7
-7
-6
-7
-7
-6
-6
-6
-6
-5
-5
-4
-4
-3
-2
-1
-1
0
0
1
1
2
2
3
2
3
3
2
4
4
5
5
5
6
6
7
8
6
9
10
10
10
10
11
10
11
10
11
10
11
10
11
11
10
9
9
8
6
6
5
4
4
3
3
1
-1
-1
-3
-3
-4
-3
-4
-5
-5
-7
-7
-8
-8
-9
-9
-9
-12
-11
-11
-13
-13
-15
-15
-14
-15
-15
-15
-15
-17
-14
-14
-16
-14
-15
-15
-14
-15
-13
-11
-12
-11
-11
-10
-9
-7
-7
-8
-6
-5
-5
-3
-2
-2
0
2
2
3
5
6
7
9
9
10
10
9
12
12
12
12
13
14
14
14
14
14
15
15
14
12
13
13
12
12
12
13
12
11
10
10
9
9
8
7
8
6
6
3
3
2
0
1
-1
-1
-1
-4
-5
-4
-6
-6
-5
-6
-6
-6
-6
-6
-6
-6
-8
-7
-6
-7
-6
-6
-6
-6
-7
-4
-5
-5
-5
-5
-5
-6
-5
-6
-5
-5
-6
-4
-5
-6
-5
-5
-4
-4
-4
-3
-3
-3
-3
-3
-3
-2
-3
-3
-1
-2
-1
0
-1
-1
0
0
-2
-1
-1
-2
-1
-2
-2
0
-1
-1
-1
0
0
0
1
0
0
0
0
1
1
1
1
1
1
1
0
0
0
0
0
0
2
1
1
1
1
1
1
3
2
2
3
4
4
3
5
4
5
3
3
3
4
4
4
4
4
4
4
4
4
3
3
3
3
3
3
3
3
3
4
4
4
4
5
5
5
4
3
5
5
5
5
6
4
5
5
4
4
4
4
3
2
3
2
1
1
1
1
1
0
0
0
0
1
0
-1
0
-1
-1
-1
-1
-1
1
1
1
1
0
0
1
0
-1
0
-1
-2
-1
-2
-2
-2
-2
-2
-2
-2
-2
-3
-3
-3
-3
-3
-3
-3
-3
-3
-3
-3
-3
-2
-2
-2
-1
-3
-2
-2
-2
-2
-2
-2
-3
-2
-2
-4
-4
-4
-5
-3
-3
-3
-3
-3
-2
-3
-3
-2
-1
-2
-2
-2
-2
-3
-2
-2
-2
-1
-1
-1
-1
-2
-1
-1
-1
0
0
0
0
-1
0
0
1
2
1
1
1
1
1
1
2
3
3
3
3
3
3
3
3
2
2
4
3
3
3
3
3
3
3
2
3
2
2
2
3
2
2
3
2
3
1
2
2
2
2
2
1
1
1
1
2
3
1
1
1
1
2
2
2
2
1
1
1
1
2
2
1
0
1
2
2
2
3
0
1
1
1
2
2
1
1
1
1
0
-1
0
-1
-2
-1
-1
-2
-2
-2
-2
-2
-2
-3
-3
-4
-4
-4
-4
-4
-4
-4
-4
-3
-3
-3
-4
-4
-4
-4
-4
-3
-3
-3
-3
-3
-3
-4
-4
-4
-4
-4
-5
-5
-4
-4
-4
-4
-4
-3
-3
-3
-3
-3
-2
-3
-3
-2
-2
-1
0
-1
1
1
1
1
1
2
3
3
3
3
3
3
4
3
3
4
4
4
5
4
5
6
6
5
4
6
5
5
4
4
4
4
5
4
5
4
5
4
4
2
2
4
0
1
1
-1
-1
-1
-3
-3
-3
-5
-4
-4
-4
-4
-5
-5
-6
-5
-5
-5
-5
-3
-4
-5
-5
-4
-3
-3
-2
-1
-1
0
1
1
1
1
2
2
4
3
3
3
3
4
5
4
4
6
5
6
6
6
6
7
7
7
7
6
7
8
7
7
7
6
6
6
6
6
6
5
6
5
6
6
5
5
6
5
5
4
4
4
5
4
3
2
1
1
-1
-1
-1
-1
-1
-1
-2
-2
-3
-4
-4
-4
-5
-5
-5
-6
-7
-5
-5
-6
-5
-5
-6
-5
-6
-5
-6
-6
-6
-6
-7
-6
-5
-7
-4
-5
-5
-6
-5
-5
-5
-4
-4
-5
-5
-5
-5
-5
-4
-3
-4
-3
-3
-2
-2
-1
-2
-1
-1
-3
-1
-1
-1
-1
0
0
0
1
0
0
0
1
0
0
-1
-1
-1
-1
-1
-2
-2
-1
-1
-2
-1
0
-2
-1
-1
-1
-1
-1
-3
-1
0
-2
-1
-1
-2
-2
-2
-2
-1
-1
-1
-1
-1
-1
-2
-1
0
-1
-1
0
-2
0
0
-1
0
-1
0
-1
0
0
0
0
0
1
1
1
2
2
1
2
2
2
2
2
2
2
2
2
2
2
2
2
3
2
2
1
2
2
3
3
1
2
2
2
2
2
0
2
2
2
3
2
2
2
2
1
1
1
1
1
1
1
1
0
1
0
1
1
0
1
1
1
1
1
0
1
0
1
1
1
1
-1
0
-1
0
-2
-1
-1
-1
-1
-1
-1
0
-1
-1
-1
-1
-2
-2
-2
-2
-1
-1
-3
-1
-2
-1
0
-1
-1
0
-1
0
0
0
-1
0
-1
0
0
0
0
0
0
0
-2
0
1
0
1
1
1
0
1
0
-1
0
0
1
1
1
1
1
2
2
2
2
3
4
4
4
4
4
5
4
5
5
5
6
4
5
5
6
6
5
6
5
5
5
4
4
4
4
4
3
4
4
3
2
2
1
1
1
-1
0
0
-1
-1
-1
-2
-1
-3
-3
-3
-4
-4
-4
-4
-4
-4
-5
-5
-5
-5
-5
-5
-6
-5
-6
-5
-6
-6
-6
-6
-5
-6
-6
-6
-6
-5
-5
-5
-5
-5
-4
-4
-4
-3
-3
-3
-2
-2
-2
-2
1
1
1
2
2
2
2
3
3
3
2
2
4
3
5
4
3
2
3
3
2
2
2
1
0
2
1
1
1
2
1
1
0
0
-1
-1
-1
-1
1
0
-1
-1
-1
-2
-2
-2
-2
-3
-2
-3
-3
-3
-2
-3
-3
-3
