SAMPLES:	12840
BITSPERSAMPLE:	16
CHANNELS:	1
SAMPLERATE:	16000
NORMALIZED:	FALSE
-23
-12
-3
3
4
-2
-12
-26
-38
-47
-50
-47
-37
-26
-18
-12
-10
-10
-9
-8
-7
-4
-2
-3
-7
-15
-25
-31
-35
-33
-26
-18
-10
-1
6
12
14
9
3
-8
-17
-21
-19
-11
-3
5
6
7
6
6
9
15
20
26
30
28
25
16
7
0
-4
-2
5
11
19
29
38
40
40
39
33
27
23
18
15
16
17
21
28
34
38
38
35
34
34
32
35
36
30
24
15
3
-2
-5
-7
-3
2
10
14
16
13
7
-3
-14
-23
-30
-31
-29
-26
-24
-22
-25
-30
-33
-37
-38
-35
-32
-30
-30
-36
-46
-55
-64
-71
-71
-68
-61
-50
-43
-39
-37
-40
-41
-45
-48
-48
-49
-50
-50
-46
-43
-37
-29
-23
-16
-10
-10
-8
-7
-6
-2
1
-2
-3
-7
-12
-11
-7
2
14
27
38
45
49
44
39
30
22
20
23
26
35
42
46
48
47
44
42
42
43
46
48
48
44
39
32
25
21
18
21
27
30
36
41
43
44
44
40
37
32
24
18
12
9
10
13
20
30
37
40
38
33
25
21
16
12
10
5
2
0
-2
-2
0
2
6
13
16
18
16
9
3
-2
-4
-1
3
4
4
0
-4
-6
-6
-5
-1
5
9
12
9
0
-11
-23
-31
-35
-33
-27
-22
-17
-16
-14
-17
-22
-26
-29
-30
-31
-27
-25
-27
-29
-33
-34
-28
-21
-15
-12
-14
-18
-20
-23
-23
-24
-25
-24
-23
-20
-18
-15
-14
-13
-10
-7
-4
-2
-3
-5
-8
-9
-5
-2
1
4
7
9
12
16
18
23
29
32
35
35
30
22
13
6
5
11
19
28
35
40
41
38
32
25
17
12
9
10
12
13
11
7
2
1
3
9
12
14
11
10
6
5
5
2
0
-3
-7
-7
-5
-5
-3
0
4
10
14
15
13
7
-1
-5
-8
-7
-6
-9
-9
-7
-5
-3
-1
0
-3
-3
-4
-5
-5
-8
-15
-17
-17
-13
-5
-3
-5
-9
-14
-16
-18
-20
-21
-22
-18
-10
-3
-1
-9
-21
-31
-35
-32
-29
-29
-28
-31
-32
-27
-27
-30
-32
-38
-42
-40
-38
-37
-36
-39
-40
-31
-26
-22
-23
-32
-38
-36
-28
-19
-11
-10
-8
-5
-2
1
-1
-7
-10
-8
-2
9
17
18
17
14
12
15
15
11
9
6
6
14
19
21
18
16
17
24
32
34
31
23
16
16
18
21
26
28
31
36
38
39
37
34
32
32
34
37
37
33
29
25
23
24
24
24
21
20
20
21
23
26
26
26
24
18
12
4
-3
-6
-6
-2
6
12
17
20
16
8
0
-8
-13
-14
-16
-12
-9
-8
-4
-3
-6
-9
-14
-17
-15
-11
-10
-12
-14
-18
-20
-19
-18
-17
-18
-21
-21
-20
-17
-15
-16
-17
-14
-13
-13
-16
-24
-33
-35
-32
-25
-17
-14
-14
-15
-14
-13
-10
-11
-12
-10
-4
3
8
8
2
-1
1
4
11
16
17
14
8
6
6
7
5
6
11
18
25
26
17
5
-3
-4
1
6
7
8
8
12
15
16
14
9
7
11
18
25
32
36
40
44
50
53
52
44
34
27
26
30
39
47
55
61
66
69
67
57
49
41
38
39
39
35
26
14
1
-9
-15
-17
-13
-6
3
11
15
11
3
-8
-21
-32
-42
-50
-57
-64
-66
-65
-62
-53
-43
-31
-21
-15
-12
-16
-23
-33
-41
-47
-53
-58
-63
-66
-66
-63
-59
-53
-47
-42
-33
-30
-27
-26
-30
-33
-36
-41
-47
-54
-63
-70
-72
-72
-65
-54
-42
-28
-17
-8
-2
-2
-7
-14
-17
-18
-14
-8
-7
-7
-8
-12
-15
-14
-13
-5
8
21
37
49
51
48
40
30
21
15
10
8
8
6
9
13
16
19
23
25
31
37
38
39
37
33
29
24
15
8
3
0
5
12
20
27
31
31
33
32
29
27
25
21
21
21
18
16
11
6
5
5
7
14
21
27
34
36
33
25
13
0
-9
-10
-7
2
10
16
21
21
20
19
17
15
17
17
18
18
10
1
-8
-19
-27
-27
-26
-22
-14
-8
-1
6
8
4
-1
-14
-23
-31
-38
-42
-43
-43
-42
-37
-34
-33
-31
-29
-24
-17
-13
-11
-9
-12
-19
-25
-32
-38
-39
-41
-38
-33
-30
-25
-23
-22
-23
-23
-20
-14
-5
2
9
14
15
14
8
0
-6
-10
-9
-6
-1
4
11
14
19
27
37
48
61
71
76
78
73
62
47
30
12
-1
-8
-8
0
11
30
51
73
92
103
104
98
85
68
49
28
8
-8
-18
-22
-17
-6
8
27
47
65
78
84
76
60
37
12
-11
-30
-42
-49
-51
-46
-38
-30
-25
-20
-17
-9
0
9
14
14
9
0
-8
-18
-25
-30
-31
-28
-20
-13
-8
-9
-16
-23
-30
-35
-39
-41
-40
-36
-28
-17
-6
1
-1
-10
-23
-40
-58
-77
-95
-108
-111
-106
-91
-70
-48
-25
-3
17
30
33
25
10
-14
-39
-60
-74
-75
-68
-49
-23
4
31
48
55
50
34
16
-4
-21
-31
-36
-31
-21
-4
16
34
50
57
57
49
34
13
-8
-30
-45
-51
-46
-33
-12
12
33
48
54
54
46
33
15
-2
-14
-19
-13
2
24
46
65
80
88
87
78
63
41
22
10
4
6
15
24
37
51
67
79
85
79
67
49
29
8
-12
-29
-40
-41
-33
-16
3
19
28
32
27
17
-1
-26
-53
-76
-89
-94
-90
-81
-69
-53
-35
-15
0
7
4
-6
-19
-36
-52
-68
-86
-100
-107
-101
-90
-74
-58
-43
-30
-18
-9
-9
-16
-30
-48
-64
-78
-90
-99
-107
-108
-102
-88
-69
-51
-34
-21
-8
4
9
7
-2
-14
-22
-22
-20
-12
-4
4
13
26
37
44
48
47
51
61
74
87
96
101
103
102
98
88
74
55
39
28
25
29
35
40
45
50
53
53
49
39
28
18
12
11
12
12
18
25
35
44
48
44
31
15
1
-12
-21
-24
-18
-4
18
46
71
88
94
87
73
56
34
14
-2
-11
-10
-2
10
21
30
34
36
34
28
20
10
2
-3
-4
-2
3
3
3
-2
-8
-18
-32
-46
-61
-73
-77
-71
-57
-37
-14
12
37
57
67
61
41
12
-22
-53
-79
-93
-96
-88
-67
-40
-15
4
15
14
7
-8
-24
-43
-57
-66
-69
-62
-54
-46
-39
-38
-39
-46
-56
-71
-83
-89
-88
-73
-49
-20
12
42
65
78
80
66
38
2
-35
-65
-81
-85
-74
-47
-7
40
86
123
142
140
121
93
59
23
-10
-33
-43
-35
-16
6
29
47
61
71
75
70
55
34
14
0
-3
-2
7
18
33
49
60
66
61
45
23
4
-7
-12
-9
-2
9
23
41
54
58
52
34
12
-8
-24
-39
-51
-57
-55
-43
-24
-9
2
3
-2
-10
-20
-33
-47
-64
-78
-83
-82
-74
-64
-55
-45
-33
-17
-6
1
3
-5
-14
-21
-24
-27
-31
-33
-33
-31
-24
-18
-14
-9
-2
10
22
31
33
28
18
5
-7
-15
-24
-29
-28
-19
-6
11
26
37
44
48
45
38
23
3
-21
-39
-52
-57
-54
-46
-34
-19
-1
13
20
21
13
1
-11
-21
-29
-33
-31
-25
-12
0
12
20
20
18
12
8
2
-4
-8
-9
-4
6
19
31
40
44
45
43
39
31
19
8
1
1
8
21
36
54
71
88
99
105
102
94
83
71
62
52
39
27
14
4
-3
-6
-3
2
14
33
55
75
85
86
79
64
45
21
-1
-23
-39
-42
-36
-23
-11
0
5
7
8
3
-7
-22
-33
-39
-42
-40
-40
-44
-51
-59
-67
-77
-88
-104
-118
-124
-120
-107
-87
-65
-46
-26
-4
13
21
19
6
-14
-33
-51
-75
-98
-122
-144
-154
-149
-134
-109
-79
-43
-4
38
73
94
100
92
78
60
38
9
-24
-55
-81
-93
-89
-75
-51
-19
21
66
110
143
158
148
127
99
67
37
8
-17
-28
-23
-2
29
55
74
82
85
80
68
49
25
1
-10
-5
11
34
53
62
64
61
50
27
-1
-28
-47
-50
-32
-2
29
55
76
84
83
71
44
7
-32
-65
-85
-90
-87
-76
-59
-34
-3
32
62
82
88
85
75
53
23
-7
-41
-68
-77
-69
-48
-18
15
45
68
81
80
65
38
2
-33
-65
-88
-100
-103
-95
-76
-50
-18
10
33
46
46
33
9
-20
-50
-79
-99
-110
-110
-101
-87
-71
-59
-52
-55
-66
-82
-99
-111
-117
-115
-104
-82
-54
-22
10
35
46
45
33
11
-15
-43
-65
-76
-73
-50
-14
27
70
103
120
121
106
73
29
-18
-57
-78
-74
-45
2
59
117
167
204
219
208
170
113
48
-15
-64
-97
-109
-103
-81
-44
6
58
103
135
149
145
128
101
62
16
-34
-77
-103
-113
-103
-83
-58
-31
-2
27
50
62
59
48
32
15
1
-12
-27
-44
-59
-64
-61
-54
-50
-50
-51
-52
-48
-42
-39
-37
-34
-25
-6
18
40
51
51
42
26
7
-19
-50
-84
-112
-126
-125
-112
-92
-69
-45
-15
15
47
71
85
88
88
84
74
59
34
2
-33
-62
-83
-96
-100
-95
-80
-51
-15
20
47
60
58
48
30
5
-23
-46
-60
-60
-44
-11
26
67
109
143
167
179
174
153
119
76
29
-19
-62
-98
-125
-137
-134
-121
-99
-73
-42
-12
18
40
49
48
40
30
24
26
29
36
50
70
93
114
120
110
88
56
20
-14
-44
-69
-83
-80
-61
-32
3
31
52
68
79
83
77
60
37
12
2
0
5
13
20
31
45
61
71
62
38
2
-36
-65
-84
-99
-111
-113
-102
-79
-48
-24
-15
-21
-36
-54
-69
-81
-95
-104
-101
-77
-36
15
60
94
111
119
114
90
46
-13
-74
-123
-148
-147
-125
-90
-47
5
62
111
138
130
93
40
-16
-65
-105
-136
-151
-145
-113
-64
-11
34
59
66
56
38
10
-27
-67
-102
-118
-110
-83
-45
-8
24
51
70
75
64
38
2
-30
-47
-46
-28
5
44
86
129
164
182
175
145
97
42
-14
-60
-94
-110
-103
-78
-37
15
70
115
145
155
145
116
75
27
-26
-74
-113
-140
-151
-140
-115
-80
-40
-5
25
53
73
81
77
64
44
25
11
1
-5
-10
-13
-8
6
22
40
46
45
40
35
36
35
27
17
9
9
19
32
34
26
7
-16
-37
-52
-71
-95
-113
-123
-114
-91
-64
-43
-31
-20
-9
7
20
28
30
33
48
70
96
114
116
107
94
82
64
44
18
-8
-17
-15
-1
18
28
29
24
17
4
-15
-44
-79
-106
-120
-112
-92
-63
-33
-2
30
56
73
69
50
18
-15
-36
-46
-50
-47
-31
-9
20
51
70
77
69
51
25
-4
-33
-67
-95
-113
-115
-104
-84
-58
-31
-4
25
48
61
61
48
23
-2
-30
-57
-81
-99
-106
-100
-78
-53
-23
4
22
35
38
30
13
-13
-39
-62
-74
-77
-68
-55
-32
-1
28
57
78
90
88
83
72
53
35
15
-3
-15
-18
-14
-2
13
29
44
56
64
70
68
61
51
37
28
27
27
30
38
41
47
54
57
51
44
26
5
-11
-24
-34
-41
-43
-40
-34
-21
-6
6
8
5
-2
-8
-10
-14
-20
-18
-10
6
32
56
70
81
82
79
72
56
27
-8
-43
-76
-100
-120
-134
-146
-151
-146
-135
-122
-112
-106
-106
-110
-117
-129
-145
-164
-179
-188
-189
-185
-177
-163
-148
-131
-118
-112
-115
-124
-136
-150
-169
-188
-209
-227
-233
-230
-220
-204
-188
-169
-146
-117
-91
-74
-69
-69
-74
-74
-72
-78
-86
-96
-98
-93
-78
-63
-56
-48
-37
-18
6
32
51
65
81
106
140
176
208
233
256
283
314
344
367
380
387
395
412
429
441
447
446
444
448
451
447
435
411
384
362
346
332
316
299
283
274
273
274
269
256
238
215
195
176
158
139
120
106
95
94
92
85
70
46
17
-15
-48
-87
-132
-180
-227
-272
-308
-343
-378
-416
-457
-494
-524
-546
-564
-582
-598
-607
-603
-592
-576
-564
-560
-561
-567
-570
-578
-591
-610
-630
-640
-638
-620
-599
-582
-573
-570
-576
-586
-610
-652
-705
-758
-796
-814
-810
-794
-758
-699
-619
-518
-409
-304
-210
-125
-39
47
142
243
360
499
678
899
1146
1403
1647
1863
2036
2160
2215
2194
2102
1951
1761
1560
1369
1190
1029
890
773
680
599
518
421
306
175
37
-97
-216
-317
-394
-434
-431
-380
-285
-159
-23
110
236
342
425
478
498
482
444
394
344
304
269
237
200
168
137
102
58
-8
-93
-190
-285
-370
-433
-472
-493
-486
-449
-380
-286
-179
-82
-11
43
70
73
43
-15
-104
-211
-317
-421
-508
-584
-650
-713
-769
-813
-853
-893
-946
-1007
-1072
-1124
-1156
-1171
-1160
-1132
-1080
-1005
-901
-784
-670
-568
-496
-441
-411
-403
-432
-492
-560
-638
-697
-753
-790
-828
-871
-907
-954
-975
-997
-1006
-998
-933
-757
-484
-101
313
767
1242
1714
2151
2474
2703
2785
2771
2666
2503
2343
2150
1959
1725
1528
1377
1247
1127
931
710
434
153
-140
-462
-755
-1068
-1324
-1520
-1592
-1531
-1388
-1162
-922
-610
-264
93
422
668
863
970
1044
1079
1084
1077
1020
957
886
856
838
790
720
590
443
262
68
-146
-382
-602
-810
-933
-966
-909
-789
-629
-411
-167
115
367
557
691
758
780
749
701
637
564
493
414
369
344
334
288
198
88
-52
-195
-362
-534
-705
-856
-956
-1011
-984
-903
-783
-636
-471
-282
-106
55
159
212
235
220
189
136
86
21
-47
-116
-191
-257
-348
-472
-643
-829
-1021
-1226
-1430
-1629
-1787
-1910
-1993
-2040
-2037
-1969
-1886
-1802
-1732
-1636
-1521
-1397
-1281
-1198
-1107
-1032
-966
-926
-863
-773
-697
-613
-510
-247
174
682
1172
1616
2099
2575
3007
3261
3358
3331
3169
2932
2632
2409
2223
2021
1772
1537
1448
1418
1384
1214
956
692
386
67
-314
-670
-1018
-1347
-1611
-1771
-1712
-1554
-1341
-1122
-845
-457
-59
309
568
790
946
1025
1062
1067
1098
1071
995
898
860
887
895
862
742
619
477
336
199
26
-177
-429
-622
-754
-784
-782
-806
-787
-732
-577
-402
-209
-33
99
223
295
413
517
604
634
594
596
605
637
608
540
444
313
201
54
-60
-180
-322
-460
-573
-596
-596
-573
-569
-572
-543
-520
-487
-480
-485
-504
-543
-570
-585
-569
-558
-565
-585
-609
-614
-636
-695
-782
-886
-1000
-1118
-1229
-1328
-1395
-1448
-1500
-1534
-1520
-1488
-1466
-1471
-1488
-1463
-1416
-1341
-1274
-1207
-1112
-1037
-973
-943
-864
-769
-714
-681
-622
-307
187
723
1170
1582
2125
2667
3141
3355
3437
3441
3275
3030
2693
2500
2316
2053
1715
1410
1363
1340
1304
1099
849
675
420
162
-201
-507
-822
-1168
-1443
-1633
-1536
-1390
-1210
-1021
-748
-294
126
518
782
1030
1223
1280
1298
1255
1255
1171
996
829
740
772
761
719
634
571
528
426
326
192
29
-201
-428
-587
-652
-661
-723
-746
-689
-524
-312
-119
47
193
342
421
488
525
533
500
378
282
211
195
143
44
-56
-159
-207
-301
-388
-486
-599
-704
-826
-864
-871
-835
-814
-815
-758
-684
-586
-535
-510
-498
-500
-492
-518
-519
-527
-548
-575
-617
-628
-637
-662
-719
-787
-848
-919
-991
-1094
-1196
-1277
-1359
-1400
-1412
-1387
-1343
-1296
-1249
-1203
-1128
-1055
-969
-912
-865
-808
-756
-699
-676
-620
-554
-498
-477
-423
-157
281
802
1222
1624
2124
2678
3188
3442
3569
3574
3470
3245
2930
2717
2487
2222
1814
1458
1307
1233
1168
916
663
435
206
-49
-397
-691
-1029
-1357
-1690
-1912
-1883
-1782
-1623
-1497
-1245
-825
-356
109
456
804
1094
1296
1403
1430
1481
1419
1280
1085
933
917
895
865
768
694
662
591
547
421
269
30
-228
-424
-598
-664
-800
-888
-906
-827
-622
-437
-199
-35
130
253
338
443
454
463
344
228
164
90
57
-54
-148
-271
-336
-389
-477
-513
-600
-665
-749
-796
-800
-794
-765
-778
-756
-698
-608
-533
-485
-428
-379
-315
-252
-191
-135
-95
-81
-99
-130
-166
-235
-351
-477
-616
-737
-830
-922
-1016
-1103
-1175
-1253
-1291
-1314
-1338
-1350
-1368
-1371
-1367
-1345
-1299
-1239
-1161
-1075
-984
-878
-770
-684
-626
-540
-450
-398
-353
-236
91
559
1034
1443
1873
2427
2982
3403
3598
3672
3659
3516
3267
2931
2653
2358
1989
1575
1250
1108
992
849
604
380
198
-18
-267
-594
-880
-1197
-1518
-1788
-1938
-1897
-1799
-1641
-1441
-1087
-598
-104
363
756
1134
1424
1582
1649
1661
1646
1529
1313
1107
995
969
920
849
823
816
811
711
577
437
225
-52
-427
-722
-942
-1104
-1238
-1356
-1306
-1185
-970
-772
-560
-296
-118
31
64
116
160
135
71
-58
-88
-99
-90
-117
-159
-113
-90
-54
-73
-87
-82
-140
-215
-317
-349
-353
-384
-428
-471
-419
-340
-265
-200
-135
-34
37
75
95
105
99
17
-99
-216
-303
-389
-505
-618
-721
-784
-850
-928
-976
-1012
-1063
-1153
-1266
-1347
-1402
-1471
-1560
-1637
-1652
-1623
-1564
-1487
-1382
-1234
-1105
-965
-829
-685
-566
-524
-465
-422
-353
-322
-230
70
497
999
1403
1857
2381
2921
3361
3542
3659
3644
3543
3285
2941
2670
2337
1983
1493
1115
905
760
636
369
195
28
-108
-295
-568
-781
-1066
-1311
-1603
-1768
-1748
-1667
-1502
-1354
-1009
-540
-15
472
837
1212
1484
1677
1733
1719
1691
1545
1332
1064
893
820
747
648
527
478
434
337
188
-12
-220
-491
-812
-1097
-1307
-1413
-1514
-1595
-1574
-1424
-1166
-932
-685
-437
-176
60
185
289
360
428
413
334
280
253
270
220
161
127
132
147
95
55
14
-16
-83
-183
-257
-315
-340
-393
-433
-434
-382
-306
-247
-174
-107
-33
23
50
51
27
-22
-120
-231
-337
-434
-544
-668
-770
-852
-916
-992
-1070
-1126
-1180
-1267
-1368
-1448
-1501
-1561
-1625
-1672
-1695
-1668
-1626
-1543
-1431
-1293
-1134
-994
-821
-689
-566
-453
-376
-315
-300
-116
227
683
1106
1446
1921
2453
3028
3396
3578
3687
3636
3515
3213
2938
2654
2288
1866
1363
1092
910
800
625
373
222
19
-116
-350
-590
-825
-1131
-1386
-1672
-1755
-1738
-1648
-1508
-1340
-967
-535
-31
403
797
1173
1430
1614
1673
1732
1711
1586
1372
1134
1004
903
809
658
530
433
332
206
30
-135
-359
-612
-902
-1141
-1286
-1396
-1472
-1545
-1491
-1348
-1135
-900
-674
-393
-142
91
255
406
551
627
647
588
552
514
461
379
275
225
178
136
74
23
-14
-88
-194
-326
-419
-486
-567
-661
-732
-729
-678
-620
-562
-485
-376
-265
-191
-139
-93
-65
-95
-173
-255
-328
-390
-495
-606
-686
-737
-786
-878
-964
-1040
-1103
-1205
-1339
-1455
-1561
-1645
-1746
-1818
-1839
-1803
-1708
-1580
-1386
-1165
-912
-667
-448
-250
-100
20
70
86
102
225
496
827
1168
1511
1955
2462
2930
3249
3411
3492
3434
3250
2934
2593
2254
1850
1402
957
665
480
343
198
49
-22
-100
-184
-328
-492
-664
-892
-1123
-1353
-1460
-1469
-1412
-1304
-1140
-827
-440
-9
389
761
1109
1352
1500
1545
1570
1527
1377
1154
921
776
649
523
386
293
253
185
97
-26
-129
-261
-456
-673
-884
-1030
-1165
-1269
-1328
-1304
-1181
-1036
-847
-644
-407
-178
-5
141
246
348
388
369
331
277
239
161
83
28
1
-5
-44
-64
-76
-66
-86
-161
-235
-313
-369
-455
-539
-599
-625
-608
-603
-561
-492
-387
-292
-223
-146
-85
-30
-45
-95
-155
-227
-308
-442
-562
-661
-736
-811
-893
-941
-978
-1002
-1067
-1146
-1219
-1287
-1358
-1449
-1516
-1564
-1566
-1550
-1489
-1374
-1216
-1020
-846
-635
-437
-245
-114
-48
19
12
0
-64
-17
204
510
876
1173
1610
2104
2605
2991
3152
3279
3239
3127
2853
2526
2262
1904
1557
1114
824
671
546
455
257
181
86
-15
-165
-395
-556
-821
-1067
-1337
-1498
-1495
-1484
-1381
-1252
-938
-522
-105
312
656
1038
1319
1505
1590
1604
1608
1484
1305
1081
921
820
703
602
480
415
338
238
120
-24
-166
-394
-635
-878
-1050
-1167
-1296
-1385
-1434
-1357
-1222
-1048
-838
-614
-348
-138
53
214
357
465
470
445
402
378
325
226
133
66
32
-17
-78
-124
-157
-216
-325
-453
-552
-630
-723
-819
-899
-906
-884
-842
-771
-672
-515
-389
-267
-156
-52
44
51
31
-41
-108
-175
-281
-360
-467
-543
-636
-737
-807
-912
-999
-1149
-1296
-1417
-1522
-1574
-1652
-1674
-1662
-1585
-1464
-1337
-1148
-954
-735
-560
-396
-230
-101
-15
-1
21
27
40
59
179
453
799
1173
1498
1896
2305
2676
2907
2968
2978
2846
2659
2352
2057
1799
1480
1182
830
656
558
496
420
253
189
68
-18
-186
-389
-559
-812
-994
-1198
-1237
-1194
-1127
-989
-844
-516
-174
199
520
798
1085
1253
1386
1407
1423
1371
1225
1048
848
747
634
539
426
334
282
191
107
-32
-159
-343
-576
-809
-1035
-1175
-1325
-1431
-1501
-1480
-1358
-1209
-989
-768
-505
-271
-89
82
222
364
422
430
407
390
396
368
331
273
221
173
102
29
-54
-153
-283
-442
-588
-703
-786
-865
-946
-990
-977
-909
-813
-698
-567
-441
-337
-260
-187
-129
-107
-143
-209
-257
-278
-282
-315
-367
-442
-525
-612
-716
-820
-951
-1095
-1249
-1388
-1494
-1576
-1624
-1659
-1654
-1610
-1523
-1396
-1238
-1052
-861
-691
-549
-416
-294
-180
-117
-75
-42
-24
5
48
228
512
858
1188
1496
1900
2307
2680
2866
2912
2897
2773
2606
2320
2065
1822
1548
1276
985
857
784
731
630
484
416
310
205
20
-178
-362
-602
-822
-1022
-1083
-1057
-1002
-914
-776
-506
-189
131
410
658
882
1034
1113
1132
1141
1104
1004
849
709
632
577
518
417
336
262
180
70
-90
-247
-458
-689
-929
-1131
-1254
-1368
-1433
-1466
-1394
-1235
-1053
-834
-622
-375
-154
33
196
326
446
492
489
454
432
418
374
316
250
208
158
98
18
-72
-170
-300
-435
-570
-667
-754
-836
-897
-923
-884
-826
-746
-648
-531
-397
-288
-184
-98
-14
31
13
-43
-115
-175
-253
-363
-491
-616
-727
-838
-951
-1063
-1171
-1293
-1430
-1559
-1646
-1676
-1686
-1675
-1644
-1560
-1425
-1286
-1132
-990
-823
-651
-505
-355
-238
-107
-17
47
118
162
229
261
356
562
841
1169
1420
1706
2012
2321
2579
2668
2714
2662
2565
2389
2148
1964
1735
1508
1221
982
867
773
703
560
460
389
287
158
-42
-207
-397
-608
-823
-987
-1034
-1034
-997
-927
-761
-517
-249
12
268
538
763
929
1013
1086
1126
1100
1003
852
753
652
559
441
321
253
155
60
-80
-213
-349
-546
-748
-965
-1110
-1224
-1319
-1371
-1374
-1275
-1143
-978
-783
-552
-308
-110
51
202
355
468
509
487
461
433
381
295
186
100
2
-97
-198
-275
-314
-385
-469
-571
-640
-680
-736
-786
-840
-839
-799
-737
-640
-526
-383
-255
-143
-39
46
112
117
69
-10
-105
-204
-331
-483
-640
-791
-925
-1053
-1164
-1249
-1320
-1382
-1444
-1480
-1484
-1470
-1450
-1440
-1404
-1335
-1239
-1125
-1009
-859
-701
-534
-378
-217
-35
115
233
293
352
397
402
389
370
454
595
778
974
1205
1527
1840
2127
2307
2437
2511
2474
2369
2176
2010
1808
1560
1296
1050
919
798
699
590
516
489
416
335
207
96
-56
-282
-529
-763
-898
-1011
-1092
-1120
-1046
-856
-629
-364
-87
224
510
728
884
994
1084
1088
1009
871
741
633
507
378
244
153
70
-18
-110
-214
-316
-473
-655
-836
-985
-1094
-1209
-1296
-1340
-1307
-1209
-1080
-902
-693
-454
-220
-4
217
415
576
654
663
649
611
559
459
348
248
161
85
1
-62
-113
-167
-243
-335
-410
-470
-530
-602
-676
-727
-744
-742
-716
-666
-592
-501
-417
-324
-242
-164
-124
-127
-152
-204
-252
-329
-418
-515
-622
-708
-803
-877
-954
-1027
-1091
-1167
-1207
-1233
-1237
-1235
-1233
-1190
-1115
-998
-880
-772
-651
-521
-377
-240
-111
16
120
197
239
267
306
325
317
280
275
359
509
697
882
1093
1339
1590
1816
1975
2087
2131
2099
1997
1848
1708
1560
1394
1204
1040
949
908
890
860
833
800
744
641
495
323
121
-119
-387
-626
-807
-922
-990
-1020
-978
-872
-702
-502
-282
-46
163
341
460
543
593
594
553
457
358
266
185
130
74
43
1
-42
-88
-150
-204
-299
-413
-548
-681
-790
-899
-966
-1010
-1004
-954
-875
-735
-572
-380
-211
-63
81
195
290
320
333
332
322
307
263
246
237
247
245
228
221
205
186
130
62
-24
-124
-236
-370
-484
-581
-644
-695
-719
-701
-649
-569
-497
-428
-379
-340
-321
-330
-350
-394
-443
-508
-559
-591
-609
-618
-639
-646
-656
-659
-672
-701
-741
-799
-856
-913
-939
-942
-930
-906
-863
-781
-686
-587
-489
-384
-274
-175
-97
-37
14
52
64
47
24
10
7
17
68
185
364
575
787
1016
1263
1513
1726
1870
1959
2001
1999
1942
1849
1754
1658
1542
1407
1291
1220
1168
1106
1021
926
823
692
516
314
116
-87
-315
-558
-768
-914
-1016
-1093
-1139
-1122
-1046
-926
-788
-634
-457
-282
-130
-18
85
179
242
265
262
269
276
267
237
192
164
137
102
60
11
-28
-88
-164
-236
-292
-344
-423
-505
-573
-602
-599
-587
-565
-533
-474
-396
-312
-219
-114
-7
80
156
235
324
406
464
497
508
511
500
474
429
373
299
200
95
-9
-96
-197
-311
-415
-506
-568
-623
-666
-699
-721
-725
-736
-729
-709
-681
-657
-644
-612
-567
-508
-452
-412
-373
-338
-304
-280
-280
-291
-324
-365
-407
-448
-477
-515
-534
-544
-539
-516
-500
-469
-453
-432
-414
-404
-379
-369
-348
-334
-301
-239
-175
-98
-38
39
112
176
237
273
313
331
344
359
392
461
531
611
700
827
981
1134
1280
1407
1525
1609
1655
1658
1629
1574
1474
1334
1180
1045
923
799
673
563
476
391
295
189
84
-21
-144
-286
-431
-554
-655
-750
-823
-867
-869
-844
-799
-719
-618
-499
-391
-296
-198
-101
-11
39
67
86
103
117
108
100
83
63
35
-3
-25
-57
-94
-151
-202
-229
-247
-263
-293
-307
-305
-287
-257
-217
-154
-89
-22
40
105
174
227
253
248
240
230
212
181
137
97
54
3
-51
-98
-134
-174
-221
-273
-314
-342
-372
-404
-447
-481
-504
-514
-505
-485
-447
-410
-369
-318
-263
-210
-184
-170
-167
-163
-151
-154
-149
-153
-153
-152
-160
-152
-155
-157
-178
-204
-219
-240
-254
-289
-318
-344
-364
-367
-373
-357
-338
-306
-269
-229
-170
-120
-74
-47
-22
-1
9
12
2
-6
-13
-17
-16
-2
33
71
113
157
217
284
343
381
406
426
436
439
427
425
430
440
454
471
506
548
586
606
614
616
610
589
551
505
456
406
352
302
268
243
229
215
211
210
210
200
175
146
105
57
8
-37
-73
-106
-126
-141
-142
-142
-148
-156
-168
-173
-189
-207
-229
-251
-269
-297
-319
-337
-339
-335
-324
-296
-253
-193
-134
-79
-33
4
33
46
51
44
38
27
13
5
1
10
9
14
13
14
17
8
1
-28
-50
-82
-118
-150
-192
-221
-257
-281
-301
-317
-328
-351
-359
-374
-373
-371
-370
-361
-354
-332
-309
-276
-240
-211
-181
-149
-101
-44
13
58
95
129
154
169
170
167
155
141
125
114
117
125
133
126
114
99
79
52
11
-36
-91
-146
-206
-264
-312
-353
-383
-405
-406
-382
-342
-292
-236
-171
-102
-39
11
53
88
111
125
128
136
147
162
176
190
211
232
256
269
271
260
234
200
156
112
70
22
-22
-60
-82
-89
-90
-85
-77
-62
-39
-8
30
64
96
118
131
144
155
167
172
173
179
194
216
241
263
278
281
279
268
250
228
195
164
128
98
75
55
49
44
53
64
82
106
118
134
130
118
97
59
28
-12
-40
-59
-68
-62
-53
-28
-4
20
42
56
69
73
81
84
85
78
59
39
13
-11
-43
-84
-133
-184
-230
-278
-319
-363
-408
-453
-494
-523
-542
-548
-549
-542
-524
-495
-452
-403
-348
-292
-241
-193
-148
-103
-61
-27
-2
22
53
83
119
160
208
258
299
332
361
386
400
393
367
327
280
225
164
103
44
-3
-47
-80
-95
-86
-62
-32
-4
23
55
79
94
96
88
72
43
13
-14
-29
-34
-37
-33
-24
-2
21
40
55
57
49
24
-10
-48
-92
-137
-185
-226
-258
-271
-271
-261
-240
-209
-173
-142
-110
-88
-75
-73
-76
-83
-93
-101
-107
-101
-87
-60
-27
7
47
81
115
143
168
182
179
169
151
139
126
111
102
99
110
123
143
168
194
219
228
231
229
223
206
175
143
115
87
57
33
23
30
47
62
84
114
151
176
187
184
172
148
104
58
13
-27
-75
-129
-179
-220
-247
-281
-318
-351
-378
-398
-419
-433
-439
-441
-445
-449
-442
-420
-389
-357
-324
-289
-246
-201
-157
-116
-79
-45
-18
12
47
87
126
160
192
217
245
268
288
300
299
295
283
271
252
226
194
155
121
89
64
47
42
46
57
75
97
123
145
161
169
173
173
165
154
135
121
107
95
90
88
96
102
112
121
126
126
111
90
55
15
-31
-80
-121
-162
-191
-214
-221
-214
-201
-179
-156
-130
-109
-95
-89
-94
-106
-127
-151
-175
-190
-196
-194
-183
-165
-134
-103
-75
-51
-33
-20
-17
-21
-34
-45
-53
-59
-55
-43
-17
16
60
110
166
221
263
298
317
324
318
296
267
233
201
170
146
134
132
140
150
167
186
203
216
221
221
210
190
159
117
73
24
-25
-78
-127
-171
-205
-229
-244
-250
-253
-252
-253
-250
-244
-241
-241
-249
-257
-264
-267
-264
-264
-254
-246
-231
-214
-193
-168
-147
-128
-119
-108
-96
-85
-71
-61
-49
-36
-20
-1
22
47
63
76
78
80
78
76
69
56
47
41
47
57
75
97
119
141
162
185
205
218
222
217
212
205
199
193
186
181
175
177
180
188
196
199
199
192
184
168
149
120
86
51
14
-14
-37
-49
-57
-58
-58
-53
-45
-43
-44
-60
-85
-119
-161
-202
-245
-283
-317
-340
-348
-345
-323
-296
-259
-224
-193
-164
-143
-127
-124
-129
-137
-145
-148
-145
-130
-104
-70
-31
13
60
104
139
163
174
177
170
155
134
111
91
75
67
66
76
93
116
145
175
209
238
259
268
268
259
242
219
184
146
107
72
44
20
4
-6
-14
-16
-14
-10
-9
-12
-23
-39
-58
-77
-94
-116
-129
-135
-135
-127
-118
-102
-83
-64
-50
-42
-37
-34
-33
-36
-36
-31
-24
-14
-6
10
32
54
71
82
93
102
104
100
97
91
86
78
74
80
91
102
110
119
130
142
148
149
148
150
147
137
128
125
126
124
119
119
124
130
135
137
143
148
147
138
127
119
108
92
71
54
42
28
15
2
-4
-10
-28
-51
-74
-100
-133
-178
-227
-273
-315
-355
-391
-413
-423
-425
-424
-416
-399
-378
-365
-362
-360
-356
-352
-354
-358
-356
-348
-331
-316
-293
-265
-233
-206
-185
-166
-148
-135
-137
-147
-161
-175
-193
-217
-240
-258
-268
-275
-274
-266
-248
-219
-192
-163
-133
-105
-81
-70
-64
-67
-74
-89
-106
-125
-144
-154
-166
-173
-175
-175
-169
-165
-159
-155
-156
-158
-164
-172
-188
-204
-222
-239
-249
-252
-245
-229
-205
-174
-135
-89
-38
13
63
111
152
191
229
265
300
332
362
395
434
476
525
573
624
678
734
796
860
927
997
1070
1147
1232
1326
1422
1523
1623
1725
1827
1930
2029
2120
2205
2285
2357
2423
2481
2530
2572
2606
2628
2642
2646
2639
2617
2575
2518
2444
2352
2242
2113
1969
1812
1645
1469
1285
1097
905
713
518
321
124
-75
-274
-476
-681
-883
-1083
-1277
-1463
-1638
-1797
-1938
-2060
-2164
-2250
-2316
-2366
-2403
-2431
-2449
-2464
-2473
-2476
-2477
-2472
-2461
-2444
-2418
-2387
-2349
-2303
-2249
-2195
-2137
-2075
-2012
-1951
-1893
-1838
-1786
-1734
-1685
-1637
-1587
-1534
-1477
-1419
-1357
-1289
-1216
-1141
-1066
-988
-909
-832
-757
-688
-623
-561
-501
-448
-394
-343
-293
-243
-194
-142
-93
-42
3
46
89
127
163
191
219
243
266
291
313
341
373
412
456
507
563
622
683
742
802
859
911
959
1002
1041
1073
1103
1127
1145
1159
1167
1172
1170
1165
1154
1136
1115
1087
1059
1028
992
957
921
889
861
836
812
790
769
747
727
705
682
654
624
593
563
538
515
489
467
446
431
418
404
389
369
347
320
292
260
226
189
145
101
62
24
-11
-44
-77
-104
-127
-147
-163
-178
-192
-208
-225
-242
-256
-268
-281
-291
-295
-291
-283
-267
-246
-222
-193
-164
-136
-107
-77
-49
-24
0
27
60
92
123
154
189
221
252
277
298
314
321
319
310
297
282
264
242
220
204
191
181
177
177
182
190
197
204
211
216
218
212
207
200
189
179
168
158
150
140
129
118
106
96
79
58
34
4
-30
-70
-112
-159
-208
-262
-314
-362
-407
-446
-481
-508
-528
-539
-542
-538
-527
-512
-494
-475
-455
-429
-403
-376
-351
-325
-299
-272
-248
-224
-204
-187
-173
-163
-153
-147
-141
-135
-132
-127
-120
-112
-103
-93
-78
-64
-51
-39
-25
-11
1
12
23
33
42
54
66
81
100
118
138
159
182
207
230
252
272
292
310
327
342
353
362
367
371
372
372
371
371
369
370
374
379
384
388
394
399
405
408
409
409
406
405
404
404
405
406
412
419
429
444
461
477
497
515
533
554
570
585
597
604
611
615
617
617
613
607
596
580
561
537
507
470
426
375
320
263
203
143
85
30
-19
-64
-103
-137
-167
-196
-225
-250
-275
-301
-329
-360
-391
-420
-447
-472
-494
-513
-526
-539
-550
-558
-566
-576
-591
-609
-631
-652
-677
-705
-732
-755
-771
-784
-788
-784
-771
-749
-721
-684
-641
-593
-545
-500
-454
-410
-370
-334
-304
-276
-250
-225
-200
-174
-147
-118
-89
-59
-29
3
32
56
76
93
107
115
119
119
118
116
115
114
116
120
127
135
147
161
174
184
192
196
198
198
193
185
174
165
155
147
139
131
125
116
109
101
93
83
73
65
57
50
46
42
42
40
42
42
44
45
44
42
36
29
20
12
1
-8
-16
-22
-26
-27
-25
-17
-11
-2
7
18
29
38
45
50
55
62
66
71
76
81
88
93
98
101
103
99
92
83
70
57
38
19
-1
-19
-34
-45
-51
-56
-57
-56
-51
-43
-34
-25
-19
-12
-7
0
5
9
12
15
18
18
18
15
10
1
-13
-31
-50
-72
-97
-123
-148
-169
-188
-204
-217
-225
-226
-222
-216
-205
-193
-176
-156
-135
-112
-89
-64
-38
-10
19
49
80
108
137
164
188
209
226
235
241
242
240
235
226
218
206
197
187
178
170
163
156
150
145
141
135
130
123
117
111
104
97
92
86
83
81
80
82
85
87
92
94
97
97
92
89
83
75
67
58
51
46
43
45
50
58
69
83
98
114
129
143
152
157
160
158
155
146
136
126
116
107
101
98
95
98
102
110
119
131
141
150
158
163
168
172
171
170
167
164
159
157
153
152
150
149
149
148
146
141
133
122
108
92
72
51
30
9
-13
-35
-52
-69
-83
-94
-104
-114
-120
-128
-137
-146
-160
-174
-192
-210
-232
-257
-281
-308
-334
-357
-381
-400
-419
-434
-447
-455
-463
-469
-471
-473
-470
-468
-462
-454
-443
-429
-413
-393
-370
-344
-317
-290
-259
-228
-198
-170
-143
-117
-91
-66
-44
-22
-3
17
35
53
69
83
96
106
115
122
126
128
127
127
127
131
136
145
158
173
190
208
229
247
263
274
281
283
280
271
258
244
227
210
194
180
172
165
159
154
153
152
150
149
141
137
130
123
118
114
113
111
114
120
131
145
158
173
187
202
212
220
225
226
226
220
213
206
199
191
188
182
178
177
174
174
171
167
160
150
137
121
104
86
64
43
24
9
-5
-13
-19
-22
-21
-18
-13
-9
-4
-2
-3
-7
-14
-19
-28
-36
-45
-50
-53
-51
-47
-42
-33
-26
-21
-16
-16
-20
-29
-44
-61
-80
-100
-120
-140
-160
-174
-186
-198
-209
-219
-226
-235
-246
-254
-264
-273
-281
-288
-290
-288
-284
-275
-264
-250
-231
-210
-190
-170
-149
-130
-113
-95
-80
-63
-48
-36
-24
-11
-1
8
14
17
18
19
15
7
1
-6
-13
-20
-23
-24
-22
-17
-11
-1
10
22
34
44
54
64
71
73
75
76
76
72
67
63
62
64
64
69
74
80
88
95
101
109
112
110
107
106
109
106
101
101
102
107
120
135
148
169
193
209
216
226
251
260
246
254
271
268
262
263
268
281
295
293
285
286
311
317
273
254
270
251
203
168
158
146
113
89
85
70
63
58
28
19
41
41
9
-27
-39
-31
-37
-41
-30
-38
-59
-70
-78
-72
-54
-60
-86
-110
-114
-93
-86
-97
-103
-118
-141
-162
-172
-160
-142
-147
-158
-167
-172
-163
-157
-165
-176
-201
-230
-241
-240
-230
-222
-225
-223
-209
-205
-196
-181
-175
-176
-178
-169
-151
-140
-135
-128
-124
-113
-103
-109
-116
-115
-110
-95
-75
-55
-46
-44
-33
-15
-8
-1
11
10
7
21
46
67
80
90
96
95
96
92
82
71
60
46
34
29
29
24
12
9
6
-10
-27
-26
-16
-10
-16
-24
-19
-7
6
14
10
-3
-12
-9
10
27
33
32
23
27
44
60
74
69
43
33
58
97
107
84
74
106
123
114
113
116
102
86
87
95
89
70
46
24
30
45
18
-33
-56
-38
-17
-36
-77
-91
-81
-68
-65
-97
-123
-114
-103
-111
-98
-71
-75
-100
-88
-39
-16
-35
-63
-69
-46
-28
-35
-56
-73
-66
-47
-58
-76
-72
-65
-69
-68
-57
-48
-46
-48
-36
-7
14
3
-20
-13
20
42
37
15
7
30
52
57
50
32
32
57
67
64
58
49
60
83
87
79
69
57
60
80
88
73
63
77
90
101
123
145
152
152
158
184
212
207
198
208
211
210
208
191
189
197
177
144
132
139
140
118
90
75
78
79
62
32
11
9
8
-18
-46
-47
-47
-70
-75
-55
-60
-75
-66
-41
-32
-52
-69
-58
-47
-52
-57
-69
-82
-73
-62
-84
-109
-99
-86
-113
-160
-172
-147
-133
-167
-215
-227
-216
-225
-263
-311
-345
-346
-337
-360
-409
-437
-406
-361
-386
-465
-499
-471
-452
-480
-529
-560
-553
-525
-501
-505
-543
-557
-509
-457
-463
-492
-471
-390
-313
-286
-271
-203
-96
-13
40
103
198
314
435
551
664
777
889
1006
1116
1196
1257
1319
1380
1439
1491
1532
1564
1589
1602
1591
1547
1483
1420
1349
1245
1114
1005
926
837
718
590
480
370
251
137
34
-69
-173
-248
-289
-331
-391
-441
-467
-481
-503
-527
-527
-501
-464
-428
-400
-371
-329
-286
-259
-252
-261
-271
-272
-266
-266
-291
-333
-372
-404
-449
-516
-585
-633
-686
-758
-820
-852
-871
-899
-938
-968
-994
-1022
-1044
-1048
-1037
-1023
-1021
-1022
-985
-918
-875
-863
-848
-816
-782
-761
-735
-698
-671
-645
-594
-541
-522
-535
-541
-517
-482
-444
-404
-354
-264
-77
197
433
509
539
749
1062
1180
1056
1003
1258
1619
1738
1650
1700
1995
2232
2156
1923
1844
1897
1824
1613
1478
1453
1366
1194
1070
977
762
443
207
110
-13
-273
-531
-596
-532
-567
-752
-906
-894
-817
-849
-942
-932
-821
-724
-662
-594
-506
-417
-339
-250
-146
-64
-15
58
200
357
441
458
504
626
725
723
681
682
713
714
670
612
572
534
479
406
326
248
172
109
62
3
-80
-157
-207
-240
-304
-397
-461
-469
-464
-470
-484
-490
-465
-424
-397
-397
-410
-405
-370
-346
-344
-342
-333
-329
-313
-291
-298
-337
-356
-350
-377
-438
-482
-506
-544
-595
-635
-682
-738
-774
-807
-888
-976
-1002
-1028
-1116
-1189
-1194
-1198
-1234
-1240
-1235
-1295
-1387
-1428
-1473
-1561
-1595
-1565
-1571
-1487
-1086
-568
-394
-458
-198
406
757
588
376
654
1299
1744
1760
1774
2251
2931
3134
2840
2721
2973
3083
2859
2714
2813
2814
2613
2500
2489
2262
1772
1345
1151
1004
668
212
-53
-31
-37
-353
-759
-880
-849
-1030
-1338
-1438
-1355
-1323
-1336
-1267
-1157
-1111
-1097
-1024
-890
-766
-694
-631
-449
-140
99
156
214
425
640
697
680
731
836
924
974
984
955
917
895
850
743
600
460
350
285
210
58
-122
-223
-270
-388
-580
-728
-773
-778
-794
-821
-831
-797
-729
-670
-645
-624
-560
-459
-362
-263
-155
-63
28
139
238
279
271
277
315
323
270
212
180
145
77
-24
-127
-217
-320
-446
-581
-702
-802
-911
-1037
-1141
-1217
-1298
-1387
-1450
-1472
-1515
-1597
-1640
-1608
-1574
-1579
-1583
-1553
-1509
-1477
-1465
-1474
-1459
-1391
-1353
-1372
-1196
-655
-129
-49
-116
277
968
1231
933
744
1148
1809
2124
2060
2154
2700
3250
3254
2919
2851
3033
2986
2741
2692
2781
2664
2430
2381
2354
1983
1388
1002
882
709
302
-114
-224
-101
-148
-507
-840
-892
-892
-1116
-1371
-1394
-1312
-1293
-1227
-1058
-933
-936
-938
-817
-668
-607
-581
-472
-247
9
149
154
227
484
714
678
552
667
933
1032
983
973
998
1007
1027
1018
890
721
652
626
525
421
347
195
29
-14
-95
-369
-624
-646
-619
-751
-904
-908
-859
-870
-900
-941
-994
-992
-911
-837
-803
-715
-572
-480
-408
-284
-211
-234
-190
-49
13
-39
-53
18
59
16
-43
-91
-152
-201
-239
-324
-448
-524
-553
-616
-725
-830
-934
-1042
-1107
-1144
-1217
-1312
-1356
-1336
-1319
-1356
-1395
-1386
-1358
-1326
-1293
-1302
-1316
-1263
-1191
-1164
-1146
-1126
-1080
-815
-267
150
113
75
585
1300
1452
1076
976
1534
2213
2414
2276
2398
2977
3475
3365
2988
2982
3198
3116
2830
2743
2755
2570
2329
2257
2120
1639
1043
722
623
398
-53
-460
-548
-441
-558
-1003
-1337
-1323
-1322
-1565
-1755
-1694
-1565
-1490
-1372
-1183
-1058
-1045
-1001
-839
-658
-566
-527
-407
-128
201
362
365
437
632
788
813
781
788
875
1007
1092
1092
1025
956
944
918
771
557
430
404
370
259
92
-58
-163
-274
-441
-664
-867
-966
-978
-994
-1043
-1075
-1081
-1062
-1026
-1038
-1088
-1069
-937
-804
-721
-623
-466
-282
-140
-54
5
71
168
280
355
381
402
435
441
416
365
290
202
116
33
-63
-162
-269
-377
-470
-575
-713
-858
-992
-1101
-1168
-1219
-1310
-1391
-1396
-1378
-1396
-1442
-1463
-1435
-1378
-1314
-1264
-1225
-1160
-1058
-983
-964
-947
-945
-900
-570
2
308
205
313
966
1555
1485
1090
1135
1716
2221
2254
2140
2394
2964
3267
3022
2718
2774
2834
2589
2376
2412
2358
2075
1911
1947
1787
1255
699
459
388
151
-273
-580
-570
-466
-620
-987
-1178
-1126
-1189
-1406
-1467
-1385
-1343
-1272
-1092
-914
-848
-865
-810
-629
-475
-446
-455
-343
-72
145
160
154
333
534
502
415
504
621
613
590
641
695
678
598
534
516
473
365
230
162
192
157
-29
-159
-136
-167
-340
-502
-543
-535
-586
-635
-597
-533
-526
-571
-433
-117
-113
-317
-265
-93
38
168
212
250
312
330
423
467
349
291
287
271
319
335
259
167
58
-85
-220
-362
-538
-667
-716
-803
-957
-1055
-1105
-1182
-1286
-1421
-1548
-1610
-1622
-1611
-1617
-1638
-1640
-1631
-1641
-1645
-1573
-1460
-1382
-1327
-1255
-1150
-1037
-956
-914
-877
-821
-730
-434
255
1043
1435
1559
1844
2172
2186
1949
1882
2214
2664
2852
2815
2915
3268
3487
3156
2495
2105
1993
1770
1546
1590
1640
1398
990
587
193
-221
-626
-909
-1012
-1050
-1128
-1187
-1107
-926
-881
-1127
-1368
-1269
-1046
-913
-672
-300
1
196
290
308
371
476
553
601
631
694
780
811
828
807
571
226
110
190
210
164
131
84
-16
-191
-391
-515
-568
-593
-605
-609
-538
-373
-242
-211
-226
-254
-285
-256
-121
53
132
135
156
216
284
337
374
396
390
363
338
340
415
522
522
412
310
259
246
251
226
157
74
-21
-99
-128
-166
-263
-412
-606
-793
-912
-973
-983
-974
-1034
-1182
-1326
-1397
-1419
-1455
-1504
-1528
-1564
-1630
-1641
-1576
-1513
-1490
-1504
-1535
-1516
-1421
-1328
-1261
-1149
-983
-885
-900
-885
-757
-593
-511
-566
-634
-603
-547
-353
318
1337
2087
2299
2295
2380
2455
2378
2300
2462
2849
3158
3150
3045
3204
3394
2986
2035
1302
1050
906
760
759
805
596
7
-702
-1187
-1394
-1494
-1583
-1585
-1395
-1136
-1000
-881
-620
-440
-568
-715
-488
41
559
945
1232
1403
1396
1227
1020
949
1039
1091
969
810
771
700
423
75
-244
-597
-849
-846
-717
-574
-441
-449
-624
-747
-739
-708
-619
-386
-109
112
338
588
726
706
665
621
536
575
773
881
829
704
477
172
-59
-137
-145
-170
-214
-269
-354
-431
-432
-403
-415
-415
-367
-308
-214
-38
116
119
32
-17
-20
-6
56
118
69
-97
-340
-636
-902
-1047
-1102
-1198
-1376
-1545
-1655
-1737
-1816
-1930
-2092
-2228
-2256
-2189
-2091
-1962
-1791
-1644
-1590
-1560
-1479
-1355
-1188
-982
-811
-665
-475
-290
-163
-96
-89
-120
-190
-259
-287
-331
-167
652
1892
2733
2848
2592
2350
2228
2189
2249
2519
2984
3342
3306
3053
2983
2950
2383
1354
624
492
601
739
871
808
355
-450
-1309
-1799
-1752
-1453
-1225
-1057
-807
-557
-493
-528
-417
-240
-203
-121
290
928
1507
1830
1802
1531
1228
969
790
821
1019
1104
904
563
279
7
-383
-759
-965
-1099
-1170
-1053
-838
-688
-636
-725
-929
-1013
-826
-504
-208
78
333
430
418
446
501
489
431
396
403
465
583
624
469
200
-96
-374
-498
-410
-242
-127
-142
-273
-374
-376
-335
-234
-68
64
142
225
327
426
485
417
248
116
104
143
124
10
-225
-590
-1003
-1319
-1476
-1520
-1539
-1626
-1775
-1912
-2044
-2176
-2236
-2243
-2275
-2273
-2180
-2058
-1871
-1593
-1392
-1342
-1319
-1251
-1163
-1018
-779
-549
-452
-430
-344
-234
-178
-111
-68
-154
-310
-436
-516
-501
-239
503
1644
2562
2792
2558
2285
2165
2210
2338
2559
2969
3374
3410
3148
2984
2858
2309
1357
605
434
602
763
835
729
269
-497
-1279
-1734
-1650
-1252
-944
-734
-443
-170
-95
-145
-92
104
261
393
750
1338
1870
2097
1941
1551
1175
897
686
595
668
710
493
72
-320
-596
-866
-1220
-1522
-1610
-1543
-1418
-1241
-1072
-1000
-1012
-1073
-1091
-893
-478
-109
88
255
441
552
576
607
650
642
590
571
630
726
736
529
156
-175
-360
-424
-384
-274
-189
-201
-302
-395
-367
-252
-150
-50
86
223
332
420
466
433
322
147
-23
-80
-23
-9
-191
-530
-884
-1196
-1454
-1598
-1612
-1616
-1718
-1867
-1956
-1982
-2022
-2138
-2294
-2383
-2353
-2183
-1887
-1561
-1306
-1145
-1081
-1087
-1037
-858
-661
-527
-395
-276
-236
-182
-28
122
134
46
-41
-124
-206
-244
-236
-199
-157
-70
344
1275
2295
2748
2561
2224
2090
2144
2287
2525
2887
3221
3221
2885
2620
2556
2294
1614
902
585
599
676
720
689
437
-144
-906
-1420
-1360
-911
-523
-339
-195
-22
58
-1
9
193
376
487
697
1095
1540
1759
1548
1041
569
257
62
22
191
388
262
-224
-704
-965
-1160
-1372
-1515
-1527
-1372
-1136
-983
-876
-721
-652
-771
-869
-677
-216
240
504
639
694
612
455
359
393
528
588
464
329
323
281
50
-280
-551
-684
-714
-695
-580
-385
-304
-431
-603
-626
-468
-248
-60
110
257
295
224
139
109
114
54
-71
-155
-192
-276
-454
-708
-968
-1195
-1411
-1591
-1654
-1627
-1649
-1773
-1942
-2092
-2181
-2187
-2125
-2015
-1841
-1636
-1450
-1283
-1095
-911
-810
-763
-665
-482
-273
-108
3
78
97
72
65
54
-5
-65
-105
-178
-255
-247
-186
-183
-159
243
1151
2067
2483
2445
2255
2118
2154
2313
2511
2831
3194
3243
2939
2721
2687
2382
1662
986
683
602
601
662
643
379
-152
-847
-1391
-1456
-1167
-906
-738
-493
-217
-112
-142
-67
137
260
296
463
829
1239
1466
1374
1044
683
379
170
156
297
346
138
-222
-551
-797
-1049
-1308
-1457
-1457
-1380
-1288
-1161
-993
-872
-882
-932
-854
-602
-241
94
316
465
545
527
507
583
679
693
626
522
448
415
317
108
-119
-318
-520
-676
-685
-553
-432
-444
-541
-597
-554
-445
-317
-180
-49
10
-1
7
68
124
126
59
-46
-140
-243
-397
-548
-675
-880
-1167
-1403
-1519
-1582
-1654
-1735
-1808
-1878
-1964
-2054
-2071
-1979
-1854
-1744
-1599
-1375
-1120
-881
-697
-582
-500
-429
-374
-242
38
324
456
469
440
351
206
59
-28
-33
6
18
46
131
146
72
270
935
1630
1945
2027
2106
2151
2145
2163
2257
2458
2655
2620
2434
2424
2531
2308
1713
1191
922
686
440
364
408
296
-89
-597
-969
-1066
-1010
-980
-930
-730
-492
-395
-362
-204
14
92
73
188
473
758
929
946
833
702
565
343
156
146
159
-7
-238
-381
-528
-762
-959
-1056
-1115
-1130
-1091
-1073
-1027
-853
-688
-649
-570
-363
-193
-98
65
301
478
551
591
647
688
699
681
641
608
575
457
245
68
-43
-198
-399
-507
-477
-434
-465
-492
-452
-422
-449
-463
-417
-326
-220
-150
-123
-81
-45
-108
-244
-349
-420
-533
-684
-793
-847
-939
-1117
-1312
-1446
-1533
-1639
-1758
-1808
-1769
-1754
-1793
-1765
-1659
-1595
-1555
-1463
-1324
-1106
-824
-638
-574
-469
-348
-338
-320
-138
81
165
213
327
369
274
185
112
-17
-108
-95
-59
18
166
257
378
803
1381
1688
1725
1809
1960
2017
2056
2215
2417
2548
2566
2447
2310
2286
2194
1832
1410
1169
976
694
464
381
271
-34
-427
-709
-843
-896
-927
-960
-924
-781
-641
-565
-444
-242
-104
-86
-26
185
414
533
587
604
555
510
492
415
313
242
93
-139
-280
-336
-451
-600
-704
-808
-925
-984
-964
-906
-817
-716
-651
-568
-378
-143
12
120
251
375
466
569
690
792
836
797
717
661
614
526
384
212
33
-139
-269
-327
-339
-368
-434
-513
-567
-588
-595
-589
-558
-512
-465
-424
-383
-339
-325
-386
-486
-547
-568
-605
-657
-697
-761
-879
-1018
-1118
-1176
-1230
-1305
-1383
-1431
-1456
-1513
-1607
-1665
-1657
-1632
-1589
-1463
-1243
-1014
-854
-767
-720
-675
-595
-501
-405
-248
-51
74
142
241
323
298
208
136
124
185
285
367
429
476
453
401
537
940
1367
1633
1815
1970
2035
2025
2025
2044
2075
2106
2092
2088
2192
2278
2119
1754
1377
1034
690
443
398
435
361
136
-156
-424
-640
-833
-1005
-1069
-988
-848
-722
-564
-373
-269
-306
-366
-318
-171
7
207
390
467
478
511
480
343
233
148
4
-93
-59
-61
-169
-254
-320
-471
-623
-653
-649
-672
-620
-497
-412
-321
-152
-15
21
51
129
205
285
415
559
652
680
675
642
571
471
356
224
98
10
-51
-108
-149
-187
-255
-364
-455
-482
-496
-524
-525
-501
-497
-497
-481
-486
-541
-614
-671
-711
-738
-754
-781
-830
-896
-983
-1094
-1188
-1242
-1286
-1330
-1355
-1371
-1378
-1391
-1440
-1508
-1533
-1499
-1441
-1332
-1157
-990
-886
-806
-739
-716
-683
-582
-455
-315
-123
66
162
213
254
208
79
10
54
138
262
440
556
544
505
494
479
533
761
1099
1421
1689
1894
2007
2020
1975
1903
1833
1824
1890
1965
2023
2091
2077
1845
1467
1114
823
581
440
385
313
172
-2
-193
-414
-630
-796
-922
-984
-927
-791
-653
-521
-398
-357
-394
-410
-347
-243
-142
-30
73
113
177
364
498
420
313
285
184
42
31
70
32
-6
-31
-145
-254
-238
-250
-388
-462
-398
-337
-259
-65
118
158
122
88
68
107
211
307
365
395
395
347
271
191
98
-24
-159
-240
-225
-166
-155
-185
-215
-303
-463
-585
-610
-603
-612
-613
-601
-595
-612
-653
-711
-769
-811
-865
-928
-934
-866
-823
-836
-853
-863
-901
-954
-985
-995
-1024
-1096
-1157
-1154
-1120
-1078
-1015
-952
-925
-907
-889
-892
-868
-779
-701
-673
-617
-500
-382
-269
-124
-20
-13
-23
16
65
139
283
422
483
512
541
552
581
672
761
801
839
895
956
1087
1316
1501
1545
1543
1584
1615
1627
1681
1726
1670
1551
1454
1392
1370
1386
1343
1171
943
734
524
344
250
173
18
-164
-280
-337
-376
-409
-467
-560
-632
-634
-576
-473
-345
-253
-217
-181
-123
-71
-13
63
113
124
166
247
326
376
364
272
150
52
-26
-86
-104
-108
-168
-277
-355
-373
-366
-358
-360
-366
-359
-321
-263
-181
-97
-58
-58
-53
-21
34
105
154
153
119
65
19
38
97
114
74
6
-87
-191
-268
-306
-347
-415
-504
-587
-645
-679
-723
-795
-868
-922
-969
-999
-988
-952
-942
-964
-977
-963
-931
-883
-813
-750
-705
-680
-686
-703
-673
-614
-586
-577
-546
-521
-524
-529
-529
-545
-575
-597
-583
-498
-352
-199
-69
36
79
52
16
19
57
102
147
206
296
398
453
458
456
460
458
478
543
621
679
717
725
697
654
618
591
592
645
716
780
875
1002
1076
1070
1056
1053
1038
1034
1049
1044
1019
995
944
857
783
730
653
549
452
362
272
208
179
151
101
31
-52
-126
-164
-195
-260
-322
-349
-373
-399
-376
-305
-242
-217
-213
-209
-199
-177
-150
-130
-115
-97
-90
-94
-80
-61
-80
-136
-182
-199
-204
-209
-207
-187
-161
-152
-171
-197
-203
-184
-180
-210
-235
-223
-196
-183
-187
-192
-190
-171
-152
-160
-188
-211
-235
-248
-234
-245
-291
-327
-369
-461
-551
-584
-611
-656
-672
-681
-722
-744
-738
-765
-803
-795
-768
-771
-742
-649
-575
-553
-520
-476
-451
-390
-292
-232
-179
-107
-100
-134
-140
-143
-128
-103
-113
-103
-48
28
85
143
207
206
180
205
224
206
229
274
290
309
344
360
382
451
469
428
438
452
447
485
541
539
500
478
477
457
414
401
371
329
324
309
285
302
335
329
297
257
223
202
171
116
63
38
25
43
85
123
156
145
107
91
83
68
54
34
24
46
83
120
154
166
131
69
26
25
63
124
175
186
168
144
121
102
95
69
36
4
-11
26
55
55
60
34
-34
-88
-113
-120
-103
-82
-71
-114
-147
-84
-58
-119
-142
-145
-209
-240
-192
-121
-77
-58
-23
-27
-51
-67
-53
-27
-95
-158
-146
-146
-174
-153
-158
-269
-427
-512
-493
-577
-680
-685
-736
-784
-754
-726
-759
-756
-797
-872
-825
-741
-654
-555
-458
-350
-230
-208
-248
-170
-82
-94
-106
44
164
138
236
340
288
243
301
283
249
340
328
269
327
432
428
370
404
382
320
307
319
341
346
314
301
341
332
274
227
250
261
189
231
244
211
339
296
118
160
163
-11
56
178
66
77
142
62
-11
44
0
-193
-181
-42
-63
-135
-30
11
-88
-100
-87
-143
-214
-216
-236
-260
-196
-197
-293
-274
-238
-347
-347
-294
-326
-233
-176
-194
-52
-1
-77
-12
31
35
152
149
116
216
226
229
273
265
230
192
222
254
212
229
232
108
131
232
169
118
150
101
38
32
40
98
95
95
127
69
81
206
157
31
139
110
-50
68
167
41
-45
-83
-189
-196
-191
-265
-277
-354
-406
-431
-584
-576
-494
-573
-555
-478
-578
-503
-305
-435
-450
-328
-418
-360
-187
-152
-65
-14
-60
21
3
-53
108
127
-4
52
127
108
181
168
176
295
93
87
316
221
137
247
389
237
269
426
360
366
224
289
276
90
280
302
190
371
377
181
227
249
158
104
43
60
37
-50
146
207
-8
6
34
-161
-152
-6
-178
-100
-1
-87
-37
-124
-156
-185
-167
-302
-393
-147
-226
-333
-170
-209
-372
-302
-406
-521
-319
-443
-397
-289
-377
-187
-215
-273
-135
-74
-119
17
130
14
140
106
4
184
75
-2
296
406
287
311
424
232
131
311
214
233
436
267
118
364
299
155
201
85
102
157
237
295
349
315
162
160
203
257
142
68
130
82
122
240
18
-123
63
-151
-330
-122
-128
-402
-366
-159
-404
-495
-296
-312
-468
-430
-203
-463
-431
-42
-220
-228
-117
-142
-192
-125
-8
-85
87
-53
-238
114
-12
-257
31
92
-127
43
230
-25
-53
90
-23
-96
5
158
137
90
183
216
206
293
185
73
217
179
138
238
326
174
79
254
219
0
61
143
-17
95
113
6
56
51
51
-29
-64
-12
-9
-51
-40
2
79
30
-104
42
-25
-172
-4
-110
-88
-65
-135
-23
-203
-135
-112
-354
-309
-225
-414
-434
-196
-353
-265
-89
-260
-272
-303
-115
22
-252
-56
215
-119
106
433
11
33
299
25
-16
377
136
32
397
48
43
232
42
142
97
86
70
-55
135
184
-26
142
179
-10
389
304
43
438
259
-12
400
262
-50
443
200
-53
272
83
50
-21
-40
-26
-188
-102
-109
-214
-226
-228
-241
-307
-345
-291
-318
-460
-368
-105
-266
-214
71
-138
-82
93
-116
-138
86
125
94
75
88
91
-20
15
-57
-147
-8
74
-178
-30
130
-139
180
31
-280
41
40
-175
-20
210
-143
-2
253
80
228
151
109
149
142
170
100
42
86
190
-70
14
59
-23
12
-189
-173
-113
-75
-175
-56
-41
-57
-13
-117
242
-4
-82
190
-70
94
202
-49
109
220
18
-91
-78
12
28
-230
-198
-55
-220
-272
-175
-111
-238
-415
-431
-282
-372
-410
-344
-313
-67
-192
-61
79
-9
212
214
104
153
349
279
174
351
376
355
282
330
300
157
356
194
167
153
37
77
142
154
-136
217
51
-295
132
56
-137
197
266
-159
189
242
-96
132
162
53
-14
133
203
82
133
182
-2
-187
-54
-127
-241
-29
-136
-284
-74
-86
-364
-314
-147
-351
-387
-133
-191
-284
23
141
-257
-191
182
-46
-22
274
-18
-52
124
-9
23
43
64
121
10
-46
77
41
-82
50
-79
-135
-22
54
-38
-64
103
-65
83
-31
-45
288
29
105
233
133
3
135
177
-49
184
-22
13
202
55
216
53
8
-123
-85
35
-206
-104
-111
109
-95
-324
184
-139
-224
187
-137
-313
287
72
-338
206
20
-300
143
78
-349
67
86
-393
116
-8
-458
-108
0
-279
-323
-124
-111
-146
-66
-125
-110
29
77
-37
125
372
42
45
386
248
120
280
236
130
296
247
70
366
230
-175
60
247
-177
-209
179
-112
-205
117
-84
-262
140
19
-314
53
38
-91
-6
120
122
131
290
212
152
36
32
113
-158
-55
143
-286
-172
263
-194
-339
23
-249
-365
-192
-265
-347
-291
-223
-289
-252
-70
-139
-226
-71
-129
-150
162
103
-130
333
132
-248
434
428
-27
358
498
24
110
240
-57
19
103
40
10
63
177
-108
-222
89
-16
-87
40
182
73
-70
160
89
-13
122
-26
97
179
81
63
37
24
-181
37
47
-166
128
-4
-61
-120
-166
17
-256
-311
18
-244
-345
122
-214
-190
134
-116
-54
-64
-58
-78
25
6
2
27
-255
16
-6
-302
-154
-17
-125
-142
39
-181
-180
51
-89
-30
-127
102
154
-209
316
226
-55
404
268
5
396
305
-55
447
362
-73
363
246
-43
250
25
40
30
-131
137
-88
-93
137
-145
-265
54
56
-298
-26
-13
-258
147
-103
28
322
-138
117
231
-153
-81
339
-133
-268
335
-117
-232
103
90
-169
-329
-77
-188
-342
-101
-163
-353
-158
-147
-349
-292
-87
-154
-141
-63
-187
50
104
-32
275
155
-59
230
286
45
24
337
158
-49
331
102
-15
228
134
74
79
231
67
19
184
-96
79
216
2
152
259
113
-19
290
45
-131
364
-2
4
247
-122
177
221
-247
34
74
-326
-102
-57
-237
-157
-71
-136
-140
-82
-207
-160
16
-260
-251
72
-218
-102
107
-203
-88
66
-62
-134
-14
-42
-146
26
92
50
-27
1
99
-176
-189
17
-242
-220
45
-38
-1
116
-84
57
141
-127
65
135
58
203
162
143
308
351
29
54
283
-30
56
195
2
214
69
-71
101
34
-119
-40
-118
-24
147
-177
-2
97
-37
57
-63
-21
-62
-14
208
50
-54
247
-5
-189
274
140
-225
0
65
-40
-25
-135
-237
-95
23
-199
-114
119
-172
-173
-102
-198
-148
-221
-197
-145
-22
99
-151
-185
30
-2
-30
56
127
-5
83
124
-47
143
-9
-60
28
23
227
47
62
258
137
-81
6
137
1
-39
22
173
150
12
157
66
-52
279
232
36
143
199
48
-97
164
21
-260
81
51
-301
-127
3
-240
-143
48
-295
-234
47
-253
-159
-67
-249
-97
-38
-201
39
87
-185
56
-75
-178
71
-156
-13
192
-195
74
51
-354
149
-83
-343
111
-75
-235
-61
-64
57
-47
-158
78
-112
-18
255
-193
-7
344
-249
95
414
-26
210
176
49
73
-22
107
71
-59
60
60
-107
132
149
-74
14
-15
-41
-69
-56
114
41
-21
53
209
3
-3
275
-42
41
229
-35
-9
211
187
31
80
78
-32
-86
102
-118
-196
89
-255
-142
52
-241
-159
-157
-201
-229
-251
-166
35
2
-223
-34
-125
-229
75
-100
-142
181
30
-1
388
115
86
343
52
111
157
-35
145
133
51
273
93
-57
290
47
-134
131
-30
-1
177
100
153
38
-9
171
17
-14
204
28
50
143
-5
89
61
-85
10
19
-148
-51
51
-130
-120
-16
-183
-139
-46
-256
-83
-25
-226
105
26
-304
171
-39
-320
277
-57
-313
117
11
-154
10
66
37
-46
-99
48
-85
-149
41
-159
-203
18
-76
-111
52
-36
-107
55
109
-73
-6
244
31
-17
324
127
-16
218
179
-41
86
160
16
101
34
67
-16
-212
160
10
-305
137
-21
-232
158
-46
-120
64
-54
44
95
-184
69
280
-77
112
274
-27
95
185
-5
22
9
60
52
-112
-113
-49
-98
-277
-90
-72
-337
-54
-3
-393
-92
-17
-232
75
-165
-196
139
-147
-173
161
-107
-107
310
60
148
192
-105
263
81
-164
283
85
-169
304
155
-111
279
143
-83
142
-60
-67
160
-44
135
216
-112
150
179
-238
113
216
-168
181
-53
-222
327
-35
-254
228
-99
-320
149
-111
-215
35
-193
-192
-96
-211
-100
-59
-221
-29
-80
-225
7
-81
-192
35
-57
-68
218
-23
-79
303
12
-100
134
-84
50
181
-101
37
162
-90
53
90
-48
192
25
-173
137
52
-227
153
10
-121
218
-102
-3
320
-83
-159
109
-152
-100
36
-117
-37
-91
-91
50
-48
-106
91
-216
-184
90
-47
49
-6
17
74
70
34
103
98
-124
84
239
83
64
221
62
17
93
-88
7
6
-51
19
-8
-36
65
32
-203
-91
0
-196
-83
-43
-204
75
-59
-185
252
-59
-248
142
-105
-107
228
-142
-24
263
-276
140
492
-321
207
341
-441
360
270
-291
259
123
-83
403
96
-227
243
-21
-142
180
-71
-91
56
-7
-3
67
-39
16
1
-62
88
-115
-66
204
-179
-88
326
-189
-231
240
-185
-28
334
-255
-97
118
-232
-1
41
-108
-28
3
-178
63
52
-292
129
-91
-156
212
-83
-45
237
10
-95
191
-110
-123
143
-89
0
209
-69
-84
219
-92
-11
203
-42
87
151
-15
62
190
26
50
73
-73
129
-76
-130
228
-130
-101
250
-113
-67
170
-198
-170
112
-216
-82
108
-251
67
133
-275
146
131
-384
102
200
-296
147
206
-149
190
134
-115
199
162
-22
117
7
18
182
29
29
154
112
9
-57
-115
-16
-74
-291
21
94
-142
108
124
-83
-65
-16
-56
-229
-131
-17
-138
42
110
-3
-14
7
-27
-163
-105
-14
7
-61
-128
2
62
-52
-100
-89
-54
2
-85
41
106
-51
-31
103
97
-66
75
68
-46
94
179
109
27
141
0
-40
80
-151
24
10
-206
114
-50
-195
91
-132
-165
73
-158
-95
246
-193
-186
147
-116
69
192
-106
-12
111
-105
-47
71
-152
37
133
-57
57
153
-30
65
-1
-283
-13
0
-132
81
139
-164
-68
65
-257
-120
-131
-235
21
7
-120
143
45
-172
175
-157
-273
164
-148
-158
215
49
-82
107
81
-11
119
-124
-88
293
-29
-45
131
-92
9
49
-12
51
-18
47
62
-29
44
80
24
111
130
-21
105
55
-59
29
-16
48
75
21
-9
80
60
-49
-49
-174
-59
49
-175
-59
155
12
40
176
29
-52
67
-70
-118
62
-34
-86
131
129
-70
134
70
-63
121
-36
-119
24
40
-18
-56
-26
38
-73
-6
22
-139
44
-40
-67
164
-20
-62
183
78
14
146
54
-114
50
81
-85
64
96
9
-18
43
108
53
-9
-110
-12
-25
-100
5
-85
30
119
-91
97
4
-212
84
-71
-202
106
-69
-105
255
61
-172
144
93
-187
3
-81
-176
-8
-5
-12
-57
33
33
-117
-92
40
-95
-240
92
-95
-268
179
19
-56
211
-51
-121
175
0
-129
117
19
14
130
132
167
68
88
46
-89
-51
44
23
-135
10
106
-106
67
128
-164
17
-16
-160
142
49
-39
102
100
60
36
118
45
-55
-27
62
36
-30
74
61
8
56
-115
-22
60
-179
17
-44
-164
83
-32
-108
-33
72
-75
-153
143
-10
-184
66
32
-77
60
134
5
99
75
-85
-20
-38
92
-27
-128
168
52
-45
145
30
-78
94
-67
-68
81
-95
-103
166
130
-226
-4
163
-177
-91
150
-73
-97
240
7
-107
128
7
-132
-17
82
-100
-91
47
-31
-120
30
30
-205
67
-13
-296
112
166
-206
-41
195
-67
-69
52
-121
-101
66
35
-43
7
92
-45
-46
164
-39
-184
88
37
-280
39
81
-275
41
120
-186
-25
74
-152
47
9
-207
-77
-57
-2
93
45
-7
108
-31
-96
132
-90
-93
83
-51
122
208
-12
106
-35
-76
186
-158
-132
170
-26
60
163
-34
75
152
-135
-34
80
-5
70
29
91
91
-43
44
70
-48
-20
-59
-97
-10
7
-27
-7
83
59
-15
-15
49
29
-108
-6
56
-60
83
129
9
55
112
-27
-54
161
141
-53
-60
61
58
-59
73
33
-169
-34
62
-48
-53
47
-135
-81
181
-147
-43
150
-68
26
30
-100
53
21
-60
60
-119
-112
55
4
-16
-7
-21
4
13
49
122
-106
-69
-16
-133
33
-4
-106
-1
25
-94
89
87
-142
67
-39
-32
83
-101
32
73
-117
-78
116
19
-88
146
11
-37
204
73
-60
16
10
-43
39
85
-95
-27
100
16
-46
22
-77
-117
19
-39
-48
29
-1
68
130
17
29
65
-79
-24
19
21
89
49
40
63
123
137
57
-36
18
-4
-63
119
-60
-24
222
53
24
67
100
-43
-53
96
-29
29
192
110
12
107
9
-25
42
-139
-42
8
-111
6
-8
3
-31
-100
-73
-153
-148
-81
3
61
-30
93
71
-52
116
-75
-201
0
-59
52
38
23
106
-104
-111
-4
-98
-154
-117
-124
-104
-64
3
78
-61
-109
65
-21
-132
113
-8
-180
100
69
-57
74
30
-42
32
-38
14
35
-187
-19
87
-83
68
78
-69
23
21
-129
-54
14
-152
40
146
35
42
34
82
54
34
16
42
82
139
159
61
27
29
12
44
107
-38
11
68
0
54
-50
-136
-83
-104
-201
24
-136
-229
48
-155
-115
-31
-149
-14
-17
-30
48
51
49
19
33
95
27
36
48
89
196
56
3
135
-51
-37
20
-10
125
-27
39
80
-122
36
68
-189
-81
57
-136
-22
89
-70
-15
96
-78
-91
59
-120
-103
9
-52
17
-17
-112
-3
-58
-166
2
-74
-185
86
-94
-185
145
-44
-157
68
31
-60
75
51
-22
13
1
86
-64
-3
77
-86
88
65
-144
-2
38
-84
50
-50
-150
102
-70
-192
-2
17
-93
-128
89
-9
-70
185
9
-56
169
23
-63
141
136
69
35
149
162
9
82
134
10
46
128
12
43
114
-27
-27
18
-47
50
66
-79
18
45
-115
-3
80
-3
42
11
17
94
54
-30
47
71
0
22
43
95
-32
-87
12
72
-64
-94
-4
-68
-36
-3
-41
-71
-123
-81
-75
-42
62
-135
-65
104
-68
2
49
-18
-20
82
64
-15
120
135
-91
-35
81
-26
41
98
3
-31
20
-33
-22
48
-79
-55
8
-1
33
41
36
-53
-103
77
-9
-103
60
102
16
19
190
30
-73
141
-32
-143
139
114
-107
51
2
-87
46
-95
-66
-3
-125
-97
8
-4
6
-69
-108
44
-83
-170
83
-13
-101
62
-82
-94
99
-137
-150
139
-10
-71
75
43
-14
48
80
-80
22
127
-14
-19
101
48
-70
59
54
38
68
-16
114
136
14
86
47
87
22
-53
93
79
57
30
36
120
73
-53
0
87
52
32
-10
59
158
-39
-117
110
8
-142
34
-31
-79
72
-56
-34
54
-90
-39
44
6
17
-14
-43
81
40
-67
-26
-22
-3
-30
-143
-91
-14
-119
-67
-35
-106
-57
-21
-122
-2
-51
-165
-13
-49
-98
-55
-57
-23
86
62
-64
46
60
-70
-11
-2
33
89
-72
73
129
-105
-21
-2
-158
-23
-29
-237
36
97
-182
78
129
-131
24
21
-68
-7
-23
77
123
-6
66
125
-118
44
208
-160
-122
130
-36
-90
74
40
28
36
-59
60
-11
-126
4
6
-16
-26
-113
-14
88
-105
39
133
-62
66
62
8
164
40
-96
143
13
-72
194
-59
-66
143
-36
-29
122
26
2
50
-9
111
128
-39
92
90
-24
70
31
-20
140
66
-59
200
162
-5
119
81
64
84
40
-59
43
89
-139
74
72
-138
-2
-100
-86
-33
-183
-24
29
-120
22
44
-125
9
33
-101
-48
-24
-50
-42
-30
115
98
-85
-10
19
-74
-62
-83
-119
-79
-67
-36
3
-70
-41
-34
-211
-67
